Airfoil_rR0.442893.txt
1.000000     0.001012
0.990000     0.004946
0.980000     0.008845
0.970000     0.012446
0.960000     0.015925
0.950000     0.019061
0.940000     0.022071
0.930000     0.024875
0.920000     0.027679
0.910000     0.030387
0.900000     0.033058
0.890000     0.035536
0.880000     0.037888
0.870000     0.040248
0.860000     0.042607
0.850000     0.044887
0.840000     0.047120
0.830000     0.049379
0.820000     0.051633
0.810000     0.053775
0.800000     0.055917
0.790000     0.057829
0.780000     0.059741
0.770000     0.061564
0.760000     0.063387
0.750000     0.065210
0.740000     0.067042
0.730000     0.068786
0.720000     0.070527
0.710000     0.072267
0.700000     0.074008
0.690000     0.075478
0.680000     0.076924
0.670000     0.078371
0.660000     0.079817
0.650000     0.081264
0.640000     0.082617
0.630000     0.083978
0.620000     0.085346
0.610000     0.086714
0.600000     0.088061
0.590000     0.089079
0.580000     0.090097
0.570000     0.091131
0.560000     0.092167
0.550000     0.093166
0.540000     0.094107
0.530000     0.095047
0.520000     0.095989
0.510000     0.096946
0.500000     0.097856
0.490000     0.098429
0.480000     0.099003
0.470000     0.099577
0.460000     0.100155
0.450000     0.100681
0.440000     0.101170
0.430000     0.101659
0.420000     0.102148
0.410000     0.102636
0.400000     0.103054
0.390000     0.103036
0.380000     0.103018
0.370000     0.103000
0.360000     0.102977
0.350000     0.102849
0.340000     0.102735
0.330000     0.102621
0.320000     0.102507
0.310000     0.102343
0.300000     0.102115
0.290000     0.101461
0.280000     0.100811
0.270000     0.100158
0.260000     0.099380
0.250000     0.098601
0.240000     0.097485
0.230000     0.096374
0.220000     0.095145
0.210000     0.093895
0.200000     0.092644
0.190000     0.090980
0.180000     0.089170
0.170000     0.087346
0.160000     0.085522
0.150000     0.083645
0.140000     0.081091
0.130000     0.078537
0.120000     0.075978
0.110000     0.073202
0.100000     0.070428
0.090000     0.067098
0.080000     0.063524
0.070000     0.059653
0.060000     0.055290
0.050000     0.050770
0.040000     0.045088
0.030000     0.039132
0.020000     0.031810
0.010000     0.020727
0.000000     0.001361
0.010000     -0.012745
0.020000     -0.018519
0.030000     -0.021520
0.040000     -0.023496
0.050000     -0.025358
0.060000     -0.026234
0.070000     -0.027039
0.080000     -0.027590
0.090000     -0.027908
0.100000     -0.028175
0.110000     -0.028060
0.120000     -0.027951
0.130000     -0.027811
0.140000     -0.027671
0.150000     -0.027530
0.160000     -0.027081
0.170000     -0.026639
0.180000     -0.026198
0.190000     -0.025754
0.200000     -0.025293
0.210000     -0.024668
0.220000     -0.024042
0.230000     -0.023413
0.240000     -0.022763
0.250000     -0.022143
0.260000     -0.021492
0.270000     -0.020842
0.280000     -0.020168
0.290000     -0.019495
0.300000     -0.018849
0.310000     -0.018176
0.320000     -0.017491
0.330000     -0.016798
0.340000     -0.016104
0.350000     -0.015415
0.360000     -0.014798
0.370000     -0.014163
0.380000     -0.013526
0.390000     -0.012889
0.400000     -0.012253
0.410000     -0.011613
0.420000     -0.010999
0.430000     -0.010386
0.440000     -0.009773
0.450000     -0.009159
0.460000     -0.008539
0.470000     -0.007974
0.480000     -0.007431
0.490000     -0.006887
0.500000     -0.006344
0.510000     -0.005741
0.520000     -0.005128
0.530000     -0.004602
0.540000     -0.004080
0.550000     -0.003558
0.560000     -0.003026
0.570000     -0.002487
0.580000     -0.001962
0.590000     -0.001523
0.600000     -0.001085
0.610000     -0.000619
0.620000     -0.000149
0.630000     0.000321
0.640000     0.000747
0.650000     0.001116
0.660000     0.001501
0.670000     0.001886
0.680000     0.002272
0.690000     0.002657
0.700000     0.002952
0.710000     0.003226
0.720000     0.003499
0.730000     0.003772
0.740000     0.004046
0.750000     0.004271
0.760000     0.004446
0.770000     0.004620
0.780000     0.004795
0.790000     0.004986
0.800000     0.005101
0.810000     0.005147
0.820000     0.005193
0.830000     0.005259
0.840000     0.005326
0.850000     0.005250
0.860000     0.005181
0.870000     0.005127
0.880000     0.005072
0.890000     0.004871
0.900000     0.004670
0.910000     0.004471
0.920000     0.004223
0.930000     0.003837
0.940000     0.003451
0.950000     0.003028
0.960000     0.002364
0.970000     0.001762
0.980000     0.000909
0.990000     0.000025
1.000000     -0.001012
