Airfoil_rR0.362827.txt
1.000000     0.000931
0.990000     0.005442
0.980000     0.009928
0.970000     0.013967
0.960000     0.017867
0.950000     0.021234
0.940000     0.024542
0.930000     0.027542
0.920000     0.030542
0.910000     0.033424
0.900000     0.036256
0.890000     0.038930
0.880000     0.041414
0.870000     0.043935
0.860000     0.046456
0.850000     0.048855
0.840000     0.051180
0.830000     0.053571
0.820000     0.055956
0.810000     0.058165
0.800000     0.060375
0.790000     0.062415
0.780000     0.064469
0.770000     0.066385
0.760000     0.068301
0.750000     0.070217
0.740000     0.072157
0.730000     0.073971
0.720000     0.075780
0.710000     0.077589
0.700000     0.079398
0.690000     0.080953
0.680000     0.082489
0.670000     0.084025
0.660000     0.085562
0.650000     0.087098
0.640000     0.088488
0.630000     0.089901
0.620000     0.091334
0.610000     0.092767
0.600000     0.094167
0.590000     0.095244
0.580000     0.096321
0.570000     0.097438
0.560000     0.098562
0.550000     0.099627
0.540000     0.100602
0.530000     0.101576
0.520000     0.102554
0.510000     0.103570
0.500000     0.104513
0.490000     0.105143
0.480000     0.105772
0.470000     0.106401
0.460000     0.107041
0.450000     0.107613
0.440000     0.108126
0.430000     0.108639
0.420000     0.109153
0.410000     0.109666
0.400000     0.110076
0.390000     0.110123
0.380000     0.110169
0.370000     0.110215
0.360000     0.110254
0.350000     0.110130
0.340000     0.110039
0.330000     0.109951
0.320000     0.109863
0.310000     0.109696
0.300000     0.109429
0.290000     0.108819
0.280000     0.108222
0.270000     0.107620
0.260000     0.106822
0.250000     0.106024
0.240000     0.104953
0.230000     0.103897
0.220000     0.102657
0.210000     0.101383
0.200000     0.100109
0.190000     0.098488
0.180000     0.096640
0.170000     0.094772
0.160000     0.092904
0.150000     0.090958
0.140000     0.088337
0.130000     0.085716
0.120000     0.083088
0.110000     0.080125
0.100000     0.077164
0.090000     0.073690
0.080000     0.069835
0.070000     0.065710
0.060000     0.061016
0.050000     0.056070
0.040000     0.049920
0.030000     0.043335
0.020000     0.035148
0.010000     0.023062
0.000000     0.002262
0.010000     -0.015112
0.020000     -0.021653
0.030000     -0.025184
0.040000     -0.027530
0.050000     -0.029651
0.060000     -0.030779
0.070000     -0.031770
0.080000     -0.032460
0.090000     -0.032920
0.100000     -0.033256
0.110000     -0.033219
0.120000     -0.033188
0.130000     -0.033072
0.140000     -0.032953
0.150000     -0.032834
0.160000     -0.032379
0.170000     -0.031927
0.180000     -0.031474
0.190000     -0.031015
0.200000     -0.030503
0.210000     -0.029843
0.220000     -0.029182
0.230000     -0.028512
0.240000     -0.027787
0.250000     -0.027109
0.260000     -0.026394
0.270000     -0.025680
0.280000     -0.024907
0.290000     -0.024133
0.300000     -0.023403
0.310000     -0.022634
0.320000     -0.021836
0.330000     -0.021014
0.340000     -0.020192
0.350000     -0.019379
0.360000     -0.018677
0.370000     -0.017926
0.380000     -0.017173
0.390000     -0.016420
0.400000     -0.015668
0.410000     -0.014891
0.420000     -0.014142
0.430000     -0.013392
0.440000     -0.012642
0.450000     -0.011893
0.460000     -0.011126
0.470000     -0.010433
0.480000     -0.009774
0.490000     -0.009115
0.500000     -0.008457
0.510000     -0.007705
0.520000     -0.006931
0.530000     -0.006290
0.540000     -0.005657
0.550000     -0.005024
0.560000     -0.004364
0.570000     -0.003687
0.580000     -0.003032
0.590000     -0.002511
0.600000     -0.001989
0.610000     -0.001397
0.620000     -0.000796
0.630000     -0.000194
0.640000     0.000340
0.650000     0.000785
0.660000     0.001273
0.670000     0.001761
0.680000     0.002249
0.690000     0.002737
0.700000     0.003092
0.710000     0.003458
0.720000     0.003824
0.730000     0.004190
0.740000     0.004557
0.750000     0.004867
0.760000     0.005099
0.770000     0.005331
0.780000     0.005562
0.790000     0.005835
0.800000     0.005993
0.810000     0.006078
0.820000     0.006162
0.830000     0.006299
0.840000     0.006437
0.850000     0.006353
0.860000     0.006290
0.870000     0.006262
0.880000     0.006235
0.890000     0.005983
0.900000     0.005755
0.910000     0.005548
0.920000     0.005274
0.930000     0.004807
0.940000     0.004340
0.950000     0.003856
0.960000     0.003029
0.970000     0.002361
0.980000     0.001333
0.990000     0.000314
1.000000     -0.000931
