Airfoil_rR0.980307.txt
1.000000     0.001077
0.990000     0.003522
0.980000     0.005968
0.970000     0.008413
0.960000     0.010858
0.950000     0.013303
0.940000     0.015560
0.930000     0.017818
0.920000     0.020075
0.910000     0.022332
0.900000     0.024589
0.890000     0.026568
0.880000     0.028547
0.870000     0.030525
0.860000     0.032504
0.850000     0.034482
0.840000     0.036461
0.830000     0.038440
0.820000     0.040418
0.810000     0.042397
0.800000     0.044376
0.790000     0.045999
0.780000     0.047622
0.770000     0.049246
0.760000     0.050869
0.750000     0.052493
0.740000     0.054116
0.730000     0.055740
0.720000     0.057363
0.710000     0.058987
0.700000     0.060610
0.690000     0.061906
0.680000     0.063202
0.670000     0.064498
0.660000     0.065793
0.650000     0.067089
0.640000     0.068385
0.630000     0.069681
0.620000     0.070976
0.610000     0.072272
0.600000     0.073568
0.590000     0.074494
0.580000     0.075419
0.570000     0.076345
0.560000     0.077271
0.550000     0.078197
0.540000     0.079122
0.530000     0.080048
0.520000     0.080974
0.510000     0.081900
0.500000     0.082825
0.490000     0.083349
0.480000     0.083872
0.470000     0.084396
0.460000     0.084919
0.450000     0.085443
0.440000     0.085966
0.430000     0.086490
0.420000     0.087013
0.410000     0.087536
0.400000     0.088060
0.390000     0.087984
0.380000     0.087908
0.370000     0.087832
0.360000     0.087756
0.350000     0.087680
0.340000     0.087604
0.330000     0.087528
0.320000     0.087452
0.310000     0.087376
0.300000     0.087300
0.290000     0.086619
0.280000     0.085938
0.270000     0.085257
0.260000     0.084575
0.250000     0.083894
0.240000     0.082738
0.230000     0.081581
0.220000     0.080424
0.210000     0.079268
0.200000     0.078111
0.190000     0.076423
0.180000     0.074735
0.170000     0.073047
0.160000     0.071359
0.150000     0.069671
0.140000     0.067297
0.130000     0.064924
0.120000     0.062550
0.110000     0.060176
0.100000     0.057802
0.090000     0.054808
0.080000     0.051813
0.070000     0.048476
0.060000     0.044794
0.050000     0.041113
0.040000     0.036398
0.030000     0.031682
0.020000     0.026028
0.010000     0.016867
0.000000     0.000000
0.010000     -0.008787
0.020000     -0.013348
0.030000     -0.015682
0.040000     -0.017198
0.050000     -0.018713
0.060000     -0.019274
0.070000     -0.019836
0.080000     -0.020193
0.090000     -0.020348
0.100000     -0.020502
0.110000     -0.020316
0.120000     -0.020130
0.130000     -0.019944
0.140000     -0.019757
0.150000     -0.019571
0.160000     -0.019159
0.170000     -0.018747
0.180000     -0.018335
0.190000     -0.017923
0.200000     -0.017511
0.210000     -0.016968
0.220000     -0.016424
0.230000     -0.015881
0.240000     -0.015338
0.250000     -0.014794
0.260000     -0.014295
0.270000     -0.013797
0.280000     -0.013298
0.290000     -0.012799
0.300000     -0.012300
0.310000     -0.011876
0.320000     -0.011452
0.330000     -0.011028
0.340000     -0.010604
0.350000     -0.010180
0.360000     -0.009756
0.370000     -0.009332
0.380000     -0.008908
0.390000     -0.008484
0.400000     -0.008060
0.410000     -0.007746
0.420000     -0.007433
0.430000     -0.007120
0.440000     -0.006806
0.450000     -0.006493
0.460000     -0.006179
0.470000     -0.005866
0.480000     -0.005552
0.490000     -0.005239
0.500000     -0.004925
0.510000     -0.004650
0.520000     -0.004374
0.530000     -0.004098
0.540000     -0.003822
0.550000     -0.003547
0.560000     -0.003271
0.570000     -0.002995
0.580000     -0.002719
0.590000     -0.002444
0.600000     -0.002168
0.610000     -0.001972
0.620000     -0.001776
0.630000     -0.001581
0.640000     -0.001385
0.650000     -0.001189
0.660000     -0.000993
0.670000     -0.000798
0.680000     -0.000602
0.690000     -0.000406
0.700000     -0.000210
0.710000     -0.000127
0.720000     -0.000043
0.730000     0.000040
0.740000     0.000124
0.750000     0.000207
0.760000     0.000291
0.770000     0.000374
0.780000     0.000458
0.790000     0.000541
0.800000     0.000624
0.810000     0.000593
0.820000     0.000562
0.830000     0.000530
0.840000     0.000499
0.850000     0.000468
0.860000     0.000436
0.870000     0.000405
0.880000     0.000373
0.890000     0.000342
0.900000     0.000311
0.910000     0.000208
0.920000     0.000105
0.930000     0.000002
0.940000     -0.000100
0.950000     -0.000203
0.960000     -0.000378
0.970000     -0.000553
0.980000     -0.000728
0.990000     -0.000902
1.000000     -0.001077
