Airfoil_rR0.496280.txt
1.000000     0.001053
0.990000     0.004647
0.980000     0.008207
0.970000     0.011548
0.960000     0.014789
0.950000     0.017783
0.940000     0.020624
0.930000     0.023314
0.920000     0.026004
0.910000     0.028617
0.900000     0.031200
0.890000     0.033569
0.880000     0.035847
0.870000     0.038122
0.860000     0.040398
0.850000     0.042616
0.840000     0.044801
0.830000     0.046997
0.820000     0.049190
0.810000     0.051302
0.800000     0.053415
0.790000     0.055263
0.780000     0.057107
0.770000     0.058887
0.760000     0.060668
0.750000     0.062448
0.740000     0.064233
0.730000     0.065951
0.720000     0.067667
0.710000     0.069382
0.700000     0.071098
0.690000     0.072530
0.680000     0.073940
0.670000     0.075351
0.660000     0.076761
0.650000     0.078172
0.640000     0.079515
0.630000     0.080860
0.620000     0.082209
0.610000     0.083559
0.600000     0.084893
0.590000     0.085889
0.580000     0.086886
0.570000     0.087889
0.560000     0.088894
0.550000     0.089872
0.540000     0.090808
0.530000     0.091744
0.520000     0.092680
0.510000     0.093623
0.500000     0.094533
0.490000     0.095090
0.480000     0.095646
0.470000     0.096203
0.460000     0.096762
0.450000     0.097281
0.440000     0.097772
0.430000     0.098264
0.420000     0.098755
0.410000     0.099246
0.400000     0.099685
0.390000     0.099644
0.380000     0.099603
0.370000     0.099562
0.360000     0.099518
0.350000     0.099398
0.340000     0.099285
0.330000     0.099171
0.320000     0.099058
0.310000     0.098909
0.300000     0.098713
0.290000     0.098042
0.280000     0.097374
0.270000     0.096703
0.260000     0.095942
0.250000     0.095181
0.240000     0.094044
0.230000     0.092910
0.220000     0.091691
0.210000     0.090456
0.200000     0.089221
0.190000     0.087537
0.180000     0.085746
0.170000     0.083945
0.160000     0.082145
0.150000     0.080306
0.140000     0.077782
0.130000     0.075259
0.120000     0.072731
0.110000     0.070048
0.100000     0.067365
0.090000     0.064102
0.080000     0.060664
0.070000     0.056912
0.060000     0.052706
0.050000     0.048390
0.040000     0.042928
0.030000     0.037272
0.020000     0.030360
0.010000     0.019729
0.000000     0.000943
0.010000     -0.011725
0.020000     -0.017205
0.030000     -0.020019
0.040000     -0.021868
0.050000     -0.023648
0.060000     -0.024438
0.070000     -0.025184
0.080000     -0.025691
0.090000     -0.025965
0.100000     -0.026215
0.110000     -0.026082
0.120000     -0.025953
0.130000     -0.025812
0.140000     -0.025671
0.150000     -0.025530
0.160000     -0.025093
0.170000     -0.024665
0.180000     -0.024237
0.190000     -0.023808
0.200000     -0.023373
0.210000     -0.022771
0.220000     -0.022170
0.230000     -0.021566
0.240000     -0.020952
0.250000     -0.020361
0.260000     -0.019748
0.270000     -0.019136
0.280000     -0.018513
0.290000     -0.017890
0.300000     -0.017287
0.310000     -0.016671
0.320000     -0.016049
0.330000     -0.015424
0.340000     -0.014798
0.350000     -0.014176
0.360000     -0.013606
0.370000     -0.013027
0.380000     -0.012447
0.390000     -0.011868
0.400000     -0.011288
0.410000     -0.010724
0.420000     -0.010183
0.430000     -0.009641
0.440000     -0.009099
0.450000     -0.008558
0.460000     -0.008013
0.470000     -0.007511
0.480000     -0.007025
0.490000     -0.006538
0.500000     -0.006052
0.510000     -0.005525
0.520000     -0.004995
0.530000     -0.004525
0.540000     -0.004060
0.550000     -0.003594
0.560000     -0.003124
0.570000     -0.002650
0.580000     -0.002187
0.590000     -0.001786
0.600000     -0.001385
0.610000     -0.000980
0.620000     -0.000575
0.630000     -0.000169
0.640000     0.000206
0.650000     0.000539
0.660000     0.000880
0.670000     0.001220
0.680000     0.001561
0.690000     0.001901
0.700000     0.002175
0.710000     0.002407
0.720000     0.002639
0.730000     0.002871
0.740000     0.003104
0.750000     0.003296
0.760000     0.003452
0.770000     0.003609
0.780000     0.003765
0.790000     0.003929
0.800000     0.004037
0.810000     0.004073
0.820000     0.004108
0.830000     0.004153
0.840000     0.004197
0.850000     0.004139
0.860000     0.004084
0.870000     0.004036
0.880000     0.003988
0.890000     0.003832
0.900000     0.003671
0.910000     0.003499
0.920000     0.003288
0.930000     0.002973
0.940000     0.002657
0.950000     0.002305
0.960000     0.001761
0.970000     0.001246
0.980000     0.000542
0.990000     -0.000199
1.000000     -0.001053
