Airfoil_rR0.256067.txt
1.000000     0.000732
0.990000     0.006349
0.980000     0.012020
0.970000     0.016895
0.960000     0.021681
0.950000     0.025452
0.940000     0.029383
0.930000     0.032777
0.920000     0.036171
0.910000     0.039439
0.900000     0.042649
0.890000     0.045756
0.880000     0.048515
0.870000     0.051438
0.860000     0.054362
0.850000     0.057052
0.840000     0.059603
0.830000     0.062369
0.820000     0.065122
0.810000     0.067543
0.800000     0.069963
0.790000     0.072341
0.780000     0.074794
0.770000     0.076985
0.760000     0.079176
0.750000     0.081368
0.740000     0.083634
0.730000     0.085704
0.720000     0.087764
0.710000     0.089824
0.700000     0.091884
0.690000     0.093696
0.680000     0.095532
0.670000     0.097368
0.660000     0.099204
0.650000     0.101040
0.640000     0.102599
0.630000     0.104237
0.620000     0.105940
0.610000     0.107643
0.600000     0.109283
0.590000     0.110574
0.580000     0.111864
0.570000     0.113284
0.560000     0.114726
0.550000     0.116056
0.540000     0.117214
0.530000     0.118372
0.520000     0.119538
0.510000     0.120832
0.500000     0.121986
0.490000     0.122841
0.480000     0.123696
0.470000     0.124551
0.460000     0.125439
0.450000     0.126240
0.440000     0.126929
0.430000     0.127618
0.420000     0.128307
0.410000     0.128996
0.400000     0.129515
0.390000     0.129797
0.380000     0.130079
0.370000     0.130360
0.360000     0.130628
0.350000     0.130587
0.340000     0.130653
0.330000     0.130726
0.320000     0.130800
0.310000     0.130724
0.300000     0.130459
0.290000     0.130007
0.280000     0.129598
0.270000     0.129180
0.260000     0.128388
0.250000     0.127596
0.240000     0.126657
0.230000     0.125764
0.220000     0.124522
0.210000     0.123214
0.200000     0.121906
0.190000     0.120395
0.180000     0.118456
0.170000     0.116479
0.160000     0.114502
0.150000     0.112387
0.140000     0.109567
0.130000     0.106747
0.120000     0.103912
0.110000     0.100446
0.100000     0.096987
0.090000     0.093093
0.080000     0.088469
0.070000     0.083625
0.060000     0.078001
0.050000     0.071867
0.040000     0.064403
0.030000     0.056066
0.020000     0.045471
0.010000     0.030386
0.000000     0.004800
0.010000     -0.022480
0.020000     -0.031705
0.030000     -0.037198
0.040000     -0.040948
0.050000     -0.044107
0.060000     -0.046189
0.070000     -0.047915
0.080000     -0.049174
0.090000     -0.050218
0.100000     -0.050875
0.110000     -0.051189
0.120000     -0.051517
0.130000     -0.051545
0.140000     -0.051565
0.150000     -0.051585
0.160000     -0.051199
0.170000     -0.050781
0.180000     -0.050364
0.190000     -0.049927
0.200000     -0.049294
0.210000     -0.048589
0.220000     -0.047884
0.230000     -0.047146
0.240000     -0.046230
0.250000     -0.045404
0.260000     -0.044573
0.270000     -0.043741
0.280000     -0.042720
0.290000     -0.041694
0.300000     -0.040751
0.310000     -0.039803
0.320000     -0.038759
0.330000     -0.037638
0.340000     -0.036518
0.350000     -0.035413
0.360000     -0.034520
0.370000     -0.033469
0.380000     -0.032412
0.390000     -0.031354
0.400000     -0.030296
0.410000     -0.029220
0.420000     -0.028145
0.430000     -0.027071
0.440000     -0.025997
0.450000     -0.024922
0.460000     -0.023791
0.470000     -0.022762
0.480000     -0.021798
0.490000     -0.020833
0.500000     -0.019869
0.510000     -0.018753
0.520000     -0.017566
0.530000     -0.016631
0.540000     -0.015712
0.550000     -0.014793
0.560000     -0.013786
0.570000     -0.012723
0.580000     -0.011702
0.590000     -0.010936
0.600000     -0.010170
0.610000     -0.009240
0.620000     -0.008279
0.630000     -0.007318
0.640000     -0.006484
0.650000     -0.005820
0.660000     -0.005015
0.670000     -0.004210
0.680000     -0.003404
0.690000     -0.002599
0.700000     -0.002021
0.710000     -0.001372
0.720000     -0.000722
0.730000     -0.000073
0.740000     0.000581
0.750000     0.001189
0.760000     0.001647
0.770000     0.002106
0.780000     0.002564
0.790000     0.003155
0.800000     0.003537
0.810000     0.003794
0.820000     0.004051
0.830000     0.004477
0.840000     0.004910
0.850000     0.004918
0.860000     0.004995
0.870000     0.005191
0.880000     0.005387
0.890000     0.005166
0.900000     0.005073
0.910000     0.005018
0.920000     0.004865
0.930000     0.004421
0.940000     0.003978
0.950000     0.003641
0.960000     0.002692
0.970000     0.002259
0.980000     0.001250
0.990000     0.000455
1.000000     -0.000732
