WING y=1.0200 chord=0.2871 t/c=0.1195 (re-sliced from STL, loop order from TE)
    1.00000000  -0.00000000
    0.99903522   0.00169402
    0.99884953   0.00201907
    0.99818316   0.00215282
    0.99674614   0.00208875
    0.98238694   0.00198147
    0.96958134   0.00246038
    0.93568652   0.00382679
    0.92379204   0.00473162
    0.90461426   0.00635516
    0.88363801   0.00840676
    0.86098404   0.01115240
    0.81645418   0.01742061
    0.79375223   0.02077731
    0.76384543   0.02556352
    0.66251551   0.04201458
    0.63257237   0.04723526
    0.60354445   0.05207874
    0.58222606   0.05529513
    0.54928624   0.06040805
    0.51690346   0.06476706
    0.47289097   0.06991137
    0.45128597   0.07228823
    0.43021348   0.07450797
    0.37815609   0.07771639
    0.36212707   0.07877212
    0.33193713   0.07979653
    0.31940650   0.08023895
    0.30963576   0.08025376
    0.27301552   0.08024138
    0.26468016   0.07997200
    0.22861684   0.07838133
    0.20751715   0.07671780
    0.19568030   0.07586049
    0.15933118   0.07130698
    0.15272124   0.07052527
    0.14597709   0.06942222
    0.11911156   0.06391913
    0.11227591   0.06254619
    0.10661685   0.06103536
    0.08924864   0.05634624
    0.07264793   0.05072281
    0.06735845   0.04897783
    0.05794842   0.04505323
    0.05033557   0.04177795
    0.03301872   0.03237782
    0.02969794   0.03045544
    0.02826995   0.02942773
    0.01974025   0.02475947
    0.01683967   0.02303813
    0.00905619   0.01622877
    0.00742739   0.01472936
    0.00660690   0.01372352
    0.00159697   0.00643341
    0.00086075   0.00514378
    0.00051419   0.00413205
    0.00000000   0.00000000
    0.00038206  -0.00186420
    0.00225763  -0.00506249
    0.00390115  -0.00723515
    0.00542964  -0.00853977
    0.00769191  -0.01049100
    0.01251322  -0.01290684
    0.01670283  -0.01491775
    0.02079314  -0.01591336
    0.04483032  -0.02145445
    0.05321499  -0.02351949
    0.06059913  -0.02486778
    0.07528311  -0.02689959
    0.10500059  -0.03071750
    0.11792051  -0.03211157
    0.12130865  -0.03236169
    0.13450853  -0.03331271
    0.19179870  -0.03681370
    0.22574428  -0.03798816
    0.29054555  -0.03904241
    0.31387574  -0.03925585
    0.37707667  -0.03904821
    0.42061806  -0.03860692
    0.45801055  -0.03793247
    0.49006604  -0.03778671
    0.57756138  -0.03688067
    0.61749820  -0.03595339
    0.65017592  -0.03542540
    0.67951893  -0.03424148
    0.73964934  -0.03136978
    0.76192331  -0.03011993
    0.80701369  -0.02671427
    0.82875135  -0.02506160
    0.84613873  -0.02335807
    0.90469708  -0.01671106
    0.92184806  -0.01450937
    0.93742093  -0.01214967
    0.97673704  -0.00567901
    0.99814006  -0.00180025
    0.99876988  -0.00175385
    0.99894830  -0.00148831
    0.99998441  -0.00027771
