WING y=0.9600 chord=0.2962 t/c=0.1199 (re-sliced from STL, loop order from TE)
    1.00000000  -0.00000000
    0.99979283   0.00035527
    0.99964300   0.00061144
    0.99880517   0.00129987
    0.99760729   0.00161139
    0.99728535   0.00167260
    0.99308145   0.00144213
    0.99150420   0.00141424
    0.95401095   0.00243318
    0.94780362   0.00261996
    0.91296425   0.00491269
    0.90843983   0.00524923
    0.87077555   0.00923203
    0.86285991   0.01010948
    0.85007253   0.01177652
    0.79082111   0.02065254
    0.75471661   0.02613639
    0.66692225   0.04052151
    0.65891391   0.04177384
    0.58163177   0.05449045
    0.52984979   0.06202025
    0.51099482   0.06463741
    0.47651772   0.06848914
    0.44536340   0.07177274
    0.41153066   0.07457888
    0.40574900   0.07512828
    0.39781811   0.07553584
    0.35087344   0.07814667
    0.34259640   0.07834295
    0.30590900   0.07926334
    0.27731194   0.07901467
    0.26268486   0.07886037
    0.23829730   0.07782283
    0.22618826   0.07716479
    0.21910610   0.07653360
    0.18448807   0.07367071
    0.17271943   0.07207422
    0.15339707   0.06958880
    0.13369153   0.06615886
    0.12939346   0.06523263
    0.10942816   0.06101008
    0.09291059   0.05641912
    0.08867088   0.05522789
    0.08462138   0.05380988
    0.06919248   0.04854466
    0.06702932   0.04761644
    0.04484622   0.03780294
    0.03885049   0.03446856
    0.02918882   0.02874298
    0.02504014   0.02569244
    0.02357628   0.02487174
    0.01513844   0.01974710
    0.01205740   0.01699563
    0.00733510   0.01255854
    0.00496378   0.00959016
    0.00309259   0.00680687
    0.00162251   0.00416954
    0.00086426   0.00277357
    0.00003152   0.00018260
    0.00000000   0.00000000
    0.00043588  -0.00354971
    0.00096663  -0.00528356
    0.00335119  -0.00827327
    0.00553054  -0.01026157
    0.00706320  -0.01157833
    0.01294630  -0.01455741
    0.01700222  -0.01656763
    0.02531890  -0.01828624
    0.02713087  -0.01872794
    0.02795690  -0.01886899
    0.02966725  -0.01926660
    0.05079958  -0.02427011
    0.07012832  -0.02753645
    0.07159188  -0.02777864
    0.10104396  -0.03164407
    0.11382626  -0.03285923
    0.13627213  -0.03504954
    0.14619587  -0.03568031
    0.17945154  -0.03773522
    0.18759743  -0.03814899
    0.22975678  -0.03969688
    0.27451621  -0.04069042
    0.28537986  -0.04076394
    0.33538830  -0.04071082
    0.35115926  -0.04073417
    0.35943194  -0.04080191
    0.43247606  -0.04063183
    0.46895679  -0.04042663
    0.47740653  -0.04046751
    0.49018712  -0.04056939
    0.54264642  -0.04001182
    0.55708864  -0.04004627
    0.58659869  -0.04002780
    0.61597723  -0.03978607
    0.64481638  -0.03891948
    0.66380961  -0.03870422
    0.68975276  -0.03756856
    0.73278458  -0.03545473
    0.76399226  -0.03337870
    0.78361693  -0.03194757
    0.81438166  -0.02928011
    0.82442289  -0.02838371
    0.86398727  -0.02393738
    0.86878230  -0.02339198
    0.90445623  -0.01864346
    0.91606244  -0.01704833
    0.94158581  -0.01289917
    0.95118398  -0.01130926
    0.96433020  -0.00870051
    0.99600977  -0.00293502
    0.99803377  -0.00245686
    0.99922143  -0.00175211
    0.99932460  -0.00174345
    0.99983887  -0.00096095
    0.99996268  -0.00081326
