WING y=0.6600 chord=0.3659 t/c=0.1185 (re-sliced from STL, loop order from TE)
    1.00000157  -0.00052663
    0.99998490  -0.00006901
    1.00000000   0.00000000
    0.99985486   0.00014314
    0.99972173   0.00047118
    0.99942580   0.00063480
    0.99845000   0.00106030
    0.99332613   0.00111444
    0.97776672   0.00119874
    0.93920605   0.00379596
    0.92725444   0.00456649
    0.88246229   0.00886718
    0.87977381   0.00915364
    0.87737880   0.00950129
    0.84052879   0.01440749
    0.81648537   0.01816314
    0.77870131   0.02399410
    0.77255382   0.02493260
    0.67970082   0.03870176
    0.67866490   0.03885697
    0.67803515   0.03894359
    0.66828304   0.04037126
    0.60130368   0.05033592
    0.58945156   0.05207485
    0.56075784   0.05622700
    0.50690997   0.06329745
    0.50205957   0.06392125
    0.49484872   0.06472679
    0.45455950   0.06950202
    0.44927789   0.07005141
    0.44088403   0.07085937
    0.42745658   0.07228076
    0.39554740   0.07487608
    0.38140593   0.07590703
    0.36019288   0.07702968
    0.34508642   0.07777021
    0.31234427   0.07919170
    0.30122114   0.07946457
    0.26837099   0.07979403
    0.25031775   0.07976877
    0.24004128   0.07941440
    0.21938533   0.07880467
    0.20788649   0.07806481
    0.19236178   0.07677028
    0.18261921   0.07591198
    0.17209864   0.07467651
    0.15485090   0.07239310
    0.13955403   0.07006348
    0.12005468   0.06606449
    0.11652404   0.06541504
    0.11134015   0.06411706
    0.09230737   0.05898835
    0.08508600   0.05691226
    0.07454659   0.05306984
    0.06385022   0.04915925
    0.05784648   0.04639702
    0.05189655   0.04383906
    0.04798928   0.04185450
    0.03542388   0.03472125
    0.03286164   0.03309933
    0.02784588   0.02940877
    0.01913469   0.02277746
    0.01650691   0.02091363
    0.01290764   0.01839665
    0.00995259   0.01621226
    0.00683631   0.01264675
    0.00449245   0.00993156
    0.00142186   0.00405341
    0.00062055   0.00241978
   -0.00000372   0.00009420
   -0.00000580   0.00007888
    0.00000000   0.00000000
    0.00063392  -0.00301274
    0.00087232  -0.00359173
    0.00235056  -0.00587056
    0.00337746  -0.00729851
    0.00401972  -0.00789955
    0.00745422  -0.01115938
    0.00949051  -0.01235854
    0.01170247  -0.01362950
    0.01782658  -0.01613153
    0.01837067  -0.01633309
    0.01877409  -0.01646485
    0.02705125  -0.01767311
    0.02710955  -0.01767806
    0.02714411  -0.01768593
    0.04637153  -0.02166425
    0.05468441  -0.02278541
    0.08800089  -0.02688116
    0.10596296  -0.02855023
    0.10751536  -0.02870217
    0.14137739  -0.03141566
    0.14415802  -0.03162415
    0.14964406  -0.03200390
    0.19634104  -0.03488976
    0.26643605  -0.03802404
    0.32030382  -0.03957890
    0.33358077  -0.03995116
    0.35498790  -0.04033790
    0.46729362  -0.04289141
    0.53490666  -0.04494060
    0.54871719  -0.04527661
    0.57925511  -0.04614998
    0.60962046  -0.04680899
    0.62612086  -0.04677096
    0.64632736  -0.04683891
    0.66588133  -0.04605129
    0.67332347  -0.04587940
    0.70711525  -0.04426146
    0.72669300  -0.04292464
    0.76173096  -0.04028653
    0.78487604  -0.03816093
    0.83149212  -0.03297609
    0.84185910  -0.03177467
    0.85108901  -0.03048382
    0.87714603  -0.02668133
    0.89168101  -0.02425106
    0.90825352  -0.02132033
    0.92401540  -0.01821360
    0.93577978  -0.01583992
    0.95392658  -0.01181086
    0.96347009  -0.00960864
    0.98422143  -0.00460905
    0.99336780  -0.00226715
    0.99747060  -0.00145969
    0.99864759  -0.00122365
    0.99925600  -0.00101103
