WING y=0.8400 chord=0.3153 t/c=0.1199 (re-sliced from STL, loop order from TE)
    1.00001620  -0.00121399
    1.00000000   0.00000000
    0.99985834   0.00023604
    0.99953656   0.00036758
    0.99808856   0.00078716
    0.99575472   0.00063938
    0.99158859   0.00048916
    0.98450532   0.00052554
    0.96964343   0.00106423
    0.94909179   0.00199685
    0.93502851   0.00288414
    0.92357948   0.00379189
    0.89215237   0.00685744
    0.88064252   0.00806827
    0.84695246   0.01289876
    0.83690191   0.01441665
    0.78845524   0.02259723
    0.69485251   0.03841627
    0.68398873   0.04029163
    0.66832741   0.04299571
    0.61029093   0.05244463
    0.58481322   0.05632876
    0.54854127   0.06186445
    0.49660485   0.06821931
    0.47771427   0.07040694
    0.46627190   0.07144026
    0.42084360   0.07532600
    0.39665786   0.07702738
    0.36653434   0.07883265
    0.32628971   0.08074292
    0.31496009   0.08117304
    0.30664059   0.08133775
    0.28034174   0.08163047
    0.26235814   0.08156633
    0.24278324   0.08099991
    0.23450937   0.08073329
    0.22100553   0.08010596
    0.20687629   0.07922730
    0.18191766   0.07696766
    0.17346875   0.07615685
    0.17242977   0.07604464
    0.16912885   0.07556383
    0.15582872   0.07365530
    0.13755526   0.07069810
    0.13211126   0.06960897
    0.10715781   0.06409957
    0.10498465   0.06352045
    0.08139210   0.05640496
    0.07968086   0.05589091
    0.07938976   0.05578771
    0.07708669   0.05490560
    0.06030046   0.04840303
    0.04919935   0.04320130
    0.04882925   0.04304317
    0.04155120   0.03896488
    0.04086061   0.03860974
    0.03113695   0.03233813
    0.02955281   0.03121970
    0.02513865   0.02801848
    0.01263228   0.01934834
    0.00971754   0.01708410
    0.00757033   0.01448284
    0.00414191   0.00988565
    0.00342940   0.00854487
    0.00087013   0.00295883
    0.00005330   0.00031477
    0.00000000   0.00000000
    0.00043342  -0.00284168
    0.00048093  -0.00317653
    0.00187423  -0.00573082
    0.00202788  -0.00607635
    0.00477231  -0.00923334
    0.00522348  -0.00969715
    0.00645640  -0.01077891
    0.00866613  -0.01215473
    0.01127769  -0.01347347
    0.01422467  -0.01459963
    0.02148363  -0.01715230
    0.02450111  -0.01743641
    0.02948241  -0.01803350
    0.03928867  -0.01991228
    0.04289984  -0.02072192
    0.05429531  -0.02239646
    0.07686995  -0.02536279
    0.09718756  -0.02743746
    0.10770916  -0.02848942
    0.12507224  -0.03003937
    0.15310080  -0.03227655
    0.20729167  -0.03564398
    0.22405632  -0.03635636
    0.27918197  -0.03822574
    0.30731303  -0.03853197
    0.32869374  -0.03883979
    0.38714498  -0.03905555
    0.40344173  -0.03919694
    0.41771325  -0.03903107
    0.47437771  -0.03995366
    0.50288438  -0.04066816
    0.52560254  -0.04109602
    0.59384736  -0.04276133
    0.62270903  -0.04323538
    0.63235928  -0.04330335
    0.64845431  -0.04335883
    0.65354318  -0.04337563
    0.66187402  -0.04335348
    0.69784396  -0.04225071
    0.70743257  -0.04202372
    0.71491456  -0.04169664
    0.74131306  -0.04011645
    0.75842241  -0.03894414
    0.78709059  -0.03649594
    0.81239501  -0.03388497
    0.83608396  -0.03137624
    0.85755493  -0.02859109
    0.86889743  -0.02713013
    0.88069469  -0.02531538
    0.91404831  -0.01990448
    0.93297188  -0.01629537
    0.95127969  -0.01267426
    0.96550572  -0.00955309
    0.97869196  -0.00654693
    0.99753997  -0.00253313
    0.99903936  -0.00209753
    0.99971169  -0.00180190
