WING y=0.8700 chord=0.3104 t/c=0.1198 (re-sliced from STL, loop order from TE)
    1.00000795  -0.00087492
    1.00000000   0.00000000
    0.99969842   0.00050739
    0.99900969   0.00079235
    0.99815799   0.00104308
    0.99416544   0.00080732
    0.99382245   0.00079642
    0.98129943   0.00091405
    0.95502754   0.00197830
    0.94795748   0.00232930
    0.92388210   0.00395119
    0.92022879   0.00425651
    0.91020139   0.00527774
    0.86595604   0.01012281
    0.85681800   0.01147275
    0.84264241   0.01367539
    0.83408057   0.01498917
    0.82744673   0.01592418
    0.80667082   0.01930870
    0.68542156   0.03978775
    0.64304889   0.04696782
    0.61797592   0.05115958
    0.56246739   0.05986391
    0.55306530   0.06133981
    0.52865516   0.06443211
    0.48223439   0.07017106
    0.46635076   0.07167384
    0.41978231   0.07589168
    0.41120923   0.07648526
    0.37625820   0.07885273
    0.36805331   0.07923919
    0.32449057   0.08107876
    0.29671333   0.08174699
    0.28824717   0.08187552
    0.27835965   0.08169161
    0.26136792   0.08168503
    0.24265361   0.08125905
    0.23602515   0.08092987
    0.20688305   0.07937603
    0.20539580   0.07928990
    0.20449533   0.07921224
    0.20338637   0.07909851
    0.16597242   0.07526586
    0.16135115   0.07463739
    0.13960342   0.07111819
    0.13507394   0.07030375
    0.11199314   0.06517306
    0.10673287   0.06400601
    0.10160933   0.06252714
    0.08913746   0.05909723
    0.08585222   0.05793970
    0.07656092   0.05469024
    0.06247933   0.04936538
    0.05428088   0.04558371
    0.04650033   0.04194976
    0.04115443   0.03904339
    0.03316983   0.03404221
    0.02970951   0.03194502
    0.02873348   0.03121234
    0.01482802   0.02179110
    0.01316433   0.02070600
    0.01020462   0.01835648
    0.00825899   0.01648475
    0.00443233   0.01211332
    0.00415314   0.01177058
    0.00384613   0.01114268
    0.00038292   0.00396796
    0.00023766   0.00143805
    0.00000000   0.00000000
    0.00012892  -0.00116738
    0.00152864  -0.00430130
    0.00217290  -0.00547470
    0.00334946  -0.00682400
    0.00652784  -0.00950256
    0.00899735  -0.01108147
    0.01530237  -0.01375441
    0.02030797  -0.01553692
    0.02584301  -0.01640537
    0.02780761  -0.01659879
    0.02937161  -0.01679301
    0.03649907  -0.01819005
    0.04886856  -0.02086636
    0.06025026  -0.02246033
    0.07882160  -0.02534489
    0.09290665  -0.02708040
    0.10567044  -0.02843933
    0.14432918  -0.03176309
    0.17444872  -0.03391137
    0.21382506  -0.03590806
    0.22936869  -0.03658569
    0.23998129  -0.03681387
    0.27320933  -0.03780471
    0.28599689  -0.03796975
    0.32843593  -0.03841280
    0.34298020  -0.03864918
    0.40058578  -0.03907279
    0.43767762  -0.03938830
    0.48913994  -0.04044933
    0.50806163  -0.04057334
    0.58923581  -0.04225228
    0.62914815  -0.04270329
    0.63675034  -0.04276185
    0.65853051  -0.04225768
    0.69236399  -0.04141281
    0.71850898  -0.04005255
    0.74268874  -0.03871036
    0.77544955  -0.03611993
    0.78111356  -0.03565202
    0.78852888  -0.03485778
    0.83057531  -0.03058585
    0.83981340  -0.02942748
    0.87015954  -0.02565004
    0.90172574  -0.02093171
    0.91405474  -0.01898543
    0.94487018  -0.01324412
    0.95260838  -0.01188346
    0.95698264  -0.01097031
    0.99601200  -0.00283229
    0.99840042  -0.00214942
    0.99940755  -0.00195541
    0.99954154  -0.00186465
    0.99959925  -0.00177738
    0.99960478  -0.00164527
