WING y=0.6900 chord=0.3537 t/c=0.1193 (re-sliced from STL, loop order from TE)
    1.00000000   0.00000000
    0.99981467   0.00028235
    0.99966634   0.00064758
    0.99844576   0.00132202
    0.99819113   0.00139575
    0.99770121   0.00137928
    0.99576825   0.00142712
    0.97269211   0.00171985
    0.97145858   0.00177991
    0.97029736   0.00186477
    0.92738193   0.00462101
    0.89734116   0.00749793
    0.87936128   0.00940927
    0.86334399   0.01173024
    0.83935221   0.01491852
    0.78814170   0.02290488
    0.74252064   0.03045745
    0.68083460   0.03971676
    0.66108873   0.04300642
    0.61628192   0.04966121
    0.59202717   0.05321375
    0.57287406   0.05631626
    0.56159159   0.05799942
    0.51263539   0.06466241
    0.49370455   0.06707718
    0.46366608   0.07062999
    0.44308964   0.07276524
    0.42558338   0.07444600
    0.37690169   0.07835271
    0.37311931   0.07865941
    0.37250130   0.07870432
    0.37157426   0.07875315
    0.30731180   0.08188756
    0.30388234   0.08203561
    0.30271730   0.08206390
    0.25271284   0.08255315
    0.25145391   0.08255108
    0.25073729   0.08252620
    0.22127494   0.08164929
    0.20487385   0.08058998
    0.19476046   0.07974418
    0.18093028   0.07852236
    0.16599580   0.07676484
    0.15542640   0.07536294
    0.13397814   0.07209112
    0.12773892   0.07080997
    0.11252036   0.06751712
    0.10815770   0.06631814
    0.08342185   0.05965095
    0.08198216   0.05913977
    0.06167808   0.05172147
    0.06120726   0.05152257
    0.04961488   0.04617264
    0.04891096   0.04580898
    0.03393692   0.03726577
    0.03207474   0.03602326
    0.02006227   0.02687424
    0.01503133   0.02330404
    0.00978001   0.01962986
    0.00937663   0.01916053
    0.00457132   0.01371991
    0.00442989   0.01349069
    0.00431232   0.01321225
    0.00036919   0.00516853
   -0.00012009   0.00334403
   -0.00020223   0.00273880
    0.00000000   0.00000000
    0.00000986  -0.00006445
    0.00007313  -0.00017002
    0.00244341  -0.00378897
    0.00280773  -0.00416197
    0.00702201  -0.00815996
    0.00992333  -0.00986759
    0.01145090  -0.01074481
    0.01568000  -0.01247141
    0.01887470  -0.01365403
    0.02117686  -0.01440527
    0.02122800  -0.01441419
    0.02678878  -0.01488492
    0.03018783  -0.01565798
    0.04538565  -0.01879866
    0.06316597  -0.02119226
    0.08884826  -0.02434313
    0.10269437  -0.02562631
    0.11543215  -0.02686988
    0.13862299  -0.02872253
    0.14922104  -0.02951454
    0.17013041  -0.03095678
    0.25847849  -0.03589736
    0.26423487  -0.03619402
    0.27558197  -0.03655403
    0.32183677  -0.03783959
    0.41823274  -0.03955748
    0.43043694  -0.03982024
    0.43616609  -0.03992710
    0.56914573  -0.04391002
    0.57011008  -0.04394672
    0.57096433  -0.04398731
    0.62157148  -0.04542551
    0.64750132  -0.04540024
    0.65011158  -0.04541318
    0.65291633  -0.04535932
    0.66070089  -0.04512030
    0.69348868  -0.04435500
    0.70502166  -0.04379997
    0.75092127  -0.04065454
    0.75250669  -0.04055260
    0.79833659  -0.03632790
    0.79845011  -0.03631763
    0.79858522  -0.03630304
    0.80285468  -0.03580509
    0.84027837  -0.03145879
    0.87442465  -0.02667471
    0.87749384  -0.02624685
    0.87756096  -0.02623738
    0.87760958  -0.02622917
    0.91010433  -0.02060118
    0.93809621  -0.01502168
    0.94016302  -0.01461693
    0.96541531  -0.00895540
    0.96635448  -0.00873942
    0.99362608  -0.00237112
    0.99841887  -0.00138754
    0.99858922  -0.00129347
    0.99860093  -0.00124878
    0.99981644  -0.00058857
    0.99978794  -0.00041137
