WING y=0.9300 chord=0.3009 t/c=0.1203 (re-sliced from STL, loop order from TE)
    1.00000031  -0.00016385
    1.00000000   0.00000000
    0.99976677   0.00039893
    0.99926848   0.00059401
    0.99848456   0.00123463
    0.99777588   0.00141690
    0.99629203   0.00126547
    0.99305002   0.00107229
    0.98467882   0.00133518
    0.96190949   0.00196336
    0.94967173   0.00243248
    0.92292821   0.00405862
    0.91362763   0.00474603
    0.87679832   0.00862062
    0.86267310   0.01025587
    0.85749228   0.01108919
    0.79123450   0.02091659
    0.76190542   0.02591222
    0.67946000   0.03921350
    0.65139458   0.04413721
    0.62838314   0.04790083
    0.57117853   0.05715638
    0.53937047   0.06169471
    0.49984825   0.06707271
    0.49007225   0.06813836
    0.43956331   0.07332511
    0.43004279   0.07408908
    0.40377930   0.07609821
    0.39517491   0.07674351
    0.34887872   0.07925942
    0.34458541   0.07947180
    0.34184748   0.07955746
    0.29972166   0.08050136
    0.26214906   0.08007398
    0.25801679   0.08001931
    0.22597780   0.07857026
    0.22529101   0.07853109
    0.22488938   0.07849421
    0.17941507   0.07461082
    0.17935285   0.07460222
    0.17890671   0.07454361
    0.15471065   0.07143091
    0.15195021   0.07100465
    0.13219870   0.06760023
    0.12666971   0.06641303
    0.10831614   0.06247995
    0.09043102   0.05745723
    0.08863323   0.05697676
    0.07238964   0.05138503
    0.07087384   0.05086717
    0.06857607   0.05001720
    0.04890974   0.04111751
    0.04244845   0.03823840
    0.04180986   0.03788102
    0.02913562   0.03032421
    0.02527496   0.02746949
    0.02209220   0.02534648
    0.01845169   0.02300937
    0.01450875   0.02060018
    0.01364055   0.01982065
    0.00745157   0.01397417
    0.00434636   0.01006569
    0.00393900   0.00945625
    0.00361923   0.00887895
    0.00074754   0.00355808
    0.00044059   0.00259419
    0.00000000   0.00000000
    0.00009874  -0.00078671
    0.00123527  -0.00446427
    0.00205555  -0.00548708
    0.00502728  -0.00818374
    0.00609528  -0.00936109
    0.00686428  -0.00999821
    0.01561456  -0.01442068
    0.01752269  -0.01525758
    0.02383410  -0.01677820
    0.02829653  -0.01752790
    0.03753790  -0.01965020
    0.05060564  -0.02270730
    0.06255592  -0.02469384
    0.07381585  -0.02652616
    0.10142995  -0.03009619
    0.13117551  -0.03284357
    0.14506707  -0.03416157
    0.15810803  -0.03495540
    0.16805442  -0.03554325
    0.22814412  -0.03843417
    0.22924932  -0.03849072
    0.22934329  -0.03849342
    0.22947530  -0.03849831
    0.28457503  -0.03960756
    0.30196119  -0.03991468
    0.35108087  -0.03985579
    0.42215806  -0.04024736
    0.43246024  -0.04019577
    0.43760545  -0.04015304
    0.47156625  -0.04022634
    0.51520723  -0.04045731
    0.52286066  -0.04058282
    0.55263855  -0.04057406
    0.60603792  -0.04039758
    0.62003291  -0.04052501
    0.62782676  -0.04041588
    0.66030932  -0.03996069
    0.72462787  -0.03697250
    0.73844453  -0.03625668
    0.74846423  -0.03556317
    0.79231849  -0.03224695
    0.80185760  -0.03139411
    0.82530533  -0.02923755
    0.84705987  -0.02673369
    0.86978011  -0.02408773
    0.88969184  -0.02138299
    0.91522011  -0.01780473
    0.92999528  -0.01536218
    0.95168208  -0.01171012
    0.98138298  -0.00573349
    0.99491235  -0.00323376
    0.99588303  -0.00300169
    0.99849551  -0.00251799
    0.99945961  -0.00187508
    0.99987732  -0.00125319
    0.99992377  -0.00030756
