WING y=0.9000 chord=0.3056 t/c=0.1201 (re-sliced from STL, loop order from TE)
    1.00000271  -0.00052506
    1.00000000  -0.00000000
    0.99953549   0.00078853
    0.99846935   0.00123455
    0.99823128   0.00130565
    0.99699466   0.00123750
    0.99508689   0.00103643
    0.99356482   0.00094069
    0.98104483   0.00129248
    0.97799484   0.00133309
    0.96630063   0.00185274
    0.94810172   0.00249018
    0.93946929   0.00298646
    0.91690728   0.00457912
    0.90416291   0.00587733
    0.86130578   0.01069543
    0.84558440   0.01317093
    0.80958297   0.01838921
    0.69684315   0.03720924
    0.69013216   0.03836980
    0.68380644   0.03946723
    0.63190372   0.04839628
    0.58339087   0.05616630
    0.56104716   0.05970576
    0.54862394   0.06143644
    0.52383053   0.06472684
    0.49038246   0.06899519
    0.45110170   0.07286704
    0.42990524   0.07487068
    0.40746202   0.07651301
    0.38547777   0.07808876
    0.35851603   0.07946466
    0.33427973   0.08058332
    0.31882466   0.08101575
    0.29378528   0.08149406
    0.26453825   0.08106476
    0.25808170   0.08108757
    0.25096998   0.08095359
    0.23042813   0.08001416
    0.21522752   0.07926343
    0.19256770   0.07726529
    0.17245712   0.07528482
    0.15794635   0.07336934
    0.14553515   0.07141087
    0.13351506   0.06929815
    0.11906189   0.06614473
    0.10735897   0.06359640
    0.09595725   0.06035376
    0.08873155   0.05839704
    0.07907320   0.05503651
    0.07360219   0.05314716
    0.06530958   0.05004847
    0.04777670   0.04204437
    0.04407369   0.04033251
    0.04152864   0.03896176
    0.03772615   0.03660076
    0.02924665   0.03150695
    0.02685354   0.02972514
    0.01820864   0.02391735
    0.01374667   0.02103203
    0.01261842   0.02014357
    0.00769243   0.01544171
    0.00627360   0.01383368
    0.00403589   0.01110849
    0.00156731   0.00610956
    0.00056575   0.00405524
    0.00046063   0.00234166
    0.00000000   0.00000000
    0.00082032  -0.00235181
    0.00184509  -0.00458862
    0.00364056  -0.00655484
    0.00739000  -0.00964040
    0.01023894  -0.01106849
    0.01868121  -0.01473803
    0.02083320  -0.01524900
    0.02882372  -0.01656430
    0.04537485  -0.02030780
    0.05061238  -0.02151484
    0.05540096  -0.02229463
    0.07616521  -0.02560321
    0.10199147  -0.02887717
    0.14818463  -0.03298985
    0.15377603  -0.03350173
    0.16162197  -0.03395331
    0.19096744  -0.03557102
    0.22252323  -0.03708125
    0.23458116  -0.03738781
    0.25152112  -0.03795943
    0.28514249  -0.03852519
    0.33189958  -0.03919665
    0.35114063  -0.03911003
    0.38668362  -0.03918844
    0.45301605  -0.04006155
    0.46601429  -0.04004667
    0.47912217  -0.04007275
    0.52595733  -0.04068613
    0.54326866  -0.04086746
    0.55472915  -0.04114946
    0.56399535  -0.04129050
    0.62479238  -0.04164323
    0.64832404  -0.04123600
    0.65815212  -0.04104705
    0.66674006  -0.04086628
    0.73326830  -0.03766645
    0.74163040  -0.03723516
    0.75296113  -0.03638391
    0.79081079  -0.03340647
    0.81654888  -0.03075171
    0.82618062  -0.02983376
    0.83067436  -0.02930150
    0.87075159  -0.02449994
    0.87538839  -0.02385449
    0.91439233  -0.01825594
    0.91875266  -0.01752031
    0.95213825  -0.01178471
    0.98692754  -0.00466451
    0.99443446  -0.00312993
    0.99489399  -0.00300049
    0.99895864  -0.00223402
    0.99950045  -0.00187012
    0.99973456  -0.00151909
    0.99975896  -0.00098640
