WING y=0.7800 chord=0.3242 t/c=0.1202 (re-sliced from STL, loop order from TE)
    1.00000000   0.00000000
    0.99980576   0.00106734
    0.99961878   0.00141602
    0.99809349   0.00219173
    0.99804546   0.00221016
    0.99781522   0.00220152
    0.98244010   0.00199407
    0.95062085   0.00326046
    0.94922558   0.00331222
    0.93181928   0.00449634
    0.92939451   0.00467104
    0.92791540   0.00480458
    0.89918901   0.00787049
    0.89802498   0.00802710
    0.89410719   0.00859310
    0.86305804   0.01284648
    0.83990084   0.01670477
    0.76043987   0.02992230
    0.69984440   0.03882074
    0.67474981   0.04236192
    0.66504422   0.04394619
    0.63894984   0.04819983
    0.60614432   0.05381820
    0.58388358   0.05719790
    0.57626254   0.05833580
    0.50046066   0.06825234
    0.48501363   0.07023628
    0.43258196   0.07570277
    0.42946467   0.07602575
    0.42929108   0.07604429
    0.42914524   0.07605721
    0.40107628   0.07810868
    0.39429709   0.07850652
    0.34511689   0.08101805
    0.34258447   0.08111200
    0.29319344   0.08254456
    0.25945365   0.08291038
    0.25775274   0.08291707
    0.25694085   0.08290833
    0.25605728   0.08287640
    0.21660234   0.08132069
    0.20994061   0.08096316
    0.18882624   0.07924841
    0.17983577   0.07832029
    0.16446383   0.07654804
    0.15222747   0.07467569
    0.13772945   0.07246209
    0.12158234   0.06908812
    0.11659299   0.06815099
    0.11156736   0.06699203
    0.09753768   0.06293720
    0.08765454   0.06022716
    0.08423915   0.05917021
    0.06709843   0.05307821
    0.06460142   0.05209021
    0.06315760   0.05140096
    0.05085798   0.04604060
    0.04880875   0.04487286
    0.03860784   0.03953386
    0.03582764   0.03771221
    0.02368976   0.02901105
    0.02087711   0.02694023
    0.01050333   0.01937031
    0.01031312   0.01914290
    0.00877359   0.01729506
    0.00614121   0.01419214
    0.00603179   0.01406663
    0.00302401   0.00912085
    0.00053587   0.00312092
    0.00035224   0.00274015
    0.00032971   0.00265391
   -0.00000502   0.00006250
    0.00000000   0.00000000
    0.00036177  -0.00226748
    0.00044584  -0.00240571
    0.00151639  -0.00476722
    0.00223441  -0.00558127
    0.00575133  -0.00914507
    0.00639141  -0.00969858
    0.00826750  -0.01080776
    0.01126736  -0.01259423
    0.01519112  -0.01406234
    0.02018905  -0.01587457
    0.02408243  -0.01643038
    0.02681682  -0.01669812
    0.02991892  -0.01740469
    0.04078693  -0.01982065
    0.04199547  -0.02006230
    0.07854187  -0.02474303
    0.08942273  -0.02612623
    0.09135161  -0.02630507
    0.09384906  -0.02650991
    0.14084237  -0.03015725
    0.15812744  -0.03143392
    0.17883417  -0.03223399
    0.18322752  -0.03249256
    0.24306946  -0.03541560
    0.25971558  -0.03615999
    0.31541050  -0.03832466
    0.37224968  -0.03956368
    0.37281393  -0.03957735
    0.37407485  -0.03958944
    0.46348260  -0.04020171
    0.50870807  -0.04097249
    0.51930135  -0.04126446
    0.53768235  -0.04143163
    0.55143240  -0.04173629
    0.60780273  -0.04364940
    0.61235309  -0.04386752
    0.61545240  -0.04397077
    0.65213352  -0.04425420
    0.66132246  -0.04434133
    0.66200391  -0.04433637
    0.66263463  -0.04431348
    0.69925883  -0.04267723
    0.69990939  -0.04264079
    0.72247182  -0.04084846
    0.77845384  -0.03655930
    0.78154951  -0.03630252
    0.83167988  -0.03124785
    0.83736432  -0.03061238
    0.86647755  -0.02675154
    0.90015922  -0.02151950
    0.90168042  -0.02128446
    0.91689792  -0.01845648
    0.94644642  -0.01305597
    0.94759714  -0.01281975
    0.97931046  -0.00562232
    0.99249955  -0.00265723
    0.99355071  -0.00241212
    0.99886501  -0.00129899
    0.99887685  -0.00129155
    0.99892555  -0.00124726
