#  r/R     chord/R  Twist [deg] Sweep/R   airfoil
0.160000  0.123120  50.609800  0.060947  Airfoil_rR0.160000.txt
0.176560  0.128680  48.888400  0.062893  Airfoil_rR0.176560.txt
0.202693  0.136800  45.985500  0.065547  Airfoil_rR0.202693.txt
0.229373  0.144293  42.773000  0.067747  Airfoil_rR0.229373.txt
0.256067  0.151013  39.648800  0.069453  Airfoil_rR0.256067.txt
0.282760  0.156493  36.887700  0.070667  Airfoil_rR0.282760.txt
0.309453  0.160707  34.440700  0.071440  Airfoil_rR0.309453.txt
0.336133  0.163693  32.264500  0.071773  Airfoil_rR0.336133.txt
0.362827  0.165547  30.322000  0.071693  Airfoil_rR0.362827.txt
0.389520  0.166333  28.581300  0.071227  Airfoil_rR0.389520.txt
0.416213  0.166120  27.015100  0.070400  Airfoil_rR0.416213.txt
0.442893  0.164973  25.600600  0.069227  Airfoil_rR0.442893.txt
0.469587  0.162987  24.318300  0.067733  Airfoil_rR0.469587.txt
0.496280  0.160200  23.151500  0.065947  Airfoil_rR0.496280.txt
0.522960  0.156693  22.086100  0.063867  Airfoil_rR0.522960.txt
0.549653  0.152560  21.110200  0.061547  Airfoil_rR0.549653.txt
0.576347  0.147840  20.213400  0.059000  Airfoil_rR0.576347.txt
0.603040  0.142613  19.386900  0.056227  Airfoil_rR0.603040.txt
0.629720  0.136973  18.623000  0.053280  Airfoil_rR0.629720.txt
0.656413  0.130960  17.915100  0.050160  Airfoil_rR0.656413.txt
0.683107  0.124653  17.257400  0.046907  Airfoil_rR0.683107.txt
0.709787  0.118133  16.645100  0.043520  Airfoil_rR0.709787.txt
0.736480  0.111467  16.073600  0.040053  Airfoil_rR0.736480.txt
0.763173  0.104733  15.539000  0.036493  Airfoil_rR0.763173.txt
0.789867  0.097973  15.038100  0.032893  Airfoil_rR0.789867.txt
0.816547  0.091293  14.567900  0.029253  Airfoil_rR0.816547.txt
0.843240  0.084747  14.125500  0.025613  Airfoil_rR0.843240.txt
0.869933  0.078400  13.708700  0.021987  Airfoil_rR0.869933.txt
0.896627  0.072333  13.315400  0.018387  Airfoil_rR0.896627.txt
0.923307  0.066627  12.943600  0.014853  Airfoil_rR0.923307.txt
0.948867  0.061547  12.606200  0.011533  Airfoil_rR0.948867.txt
0.955053  0.060373  12.527300  0.010747  Airfoil_rR0.955053.txt
0.960107  0.059427  12.463400  0.010080  Airfoil_rR0.960107.txt
0.965147  0.057987  12.400200  0.008947  Airfoil_rR0.965147.txt
0.970200  0.055867  12.337700  0.007107  Airfoil_rR0.970200.txt
0.975253  0.052920  12.275700  0.004467  Airfoil_rR0.975253.txt
0.980307  0.048973  12.214400  0.000813  Airfoil_rR0.980307.txt
0.985360  0.043600  12.153600  -0.004240  Airfoil_rR0.985360.txt
0.990400  0.035680  12.093500  -0.011813  Airfoil_rR0.990400.txt
0.995453  0.020107  12.033900  -0.026867  Airfoil_rR0.995453.txt
1.000000  0.002640  11.986700  -0.043840  Airfoil_rR1.000000.txt