!T	AOACL
!U	deg
-90	
-88	
-86	
-84	
-82	
-80	
-78	
-76	
-74	
-72	
-70	
-68	
-66	
-64	
-62	
-60	
-58	
-56	
-54	
-52	
-50	
-48	
-46	
-44	
-42	
-40	
-38	
-36	
-34	
-32	
-30	
-28	
-26	
-24	
-22	
-20	
-18	
-16	
-14	
-12	
-10	
-8	
-6	
-4	
-2	
0	
2	
4	
6	
8	
10	
12	
14	
16	
18	
20	
22	
24	
26	
28	
30	
32	
34	
36	
38	
40	
42	
44	
46	
48	
50	
52	
54	
56	
58	
60	
62	
64	
66	
68	
70	
72	
74	
76	
78	
80	
82	
84	
86	
88	
90	
!T	AOACD
!U	deg
-90	
-88	
-86	
-84	
-82	
-80	
-78	
-76	
-74	
-72	
-70	
-68	
-66	
-64	
-62	
-60	
-58	
-56	
-54	
-52	
-50	
-48	
-46	
-44	
-42	
-40	
-38	
-36	
-34	
-32	
-30	
-28	
-26	
-24	
-22	
-20	
-18	
-16	
-14	
-12	
-10	
-8	
-6	
-4	
-2	
0	
2	
4	
6	
8	
10	
12	
14	
16	
18	
20	
22	
24	
26	
28	
30	
32	
34	
36	
38	
40	
42	
44	
46	
48	
50	
52	
54	
56	
58	
60	
62	
64	
66	
68	
70	
72	
74	
76	
78	
80	
82	
84	
86	
88	
90	
!T	AOACM
!U	deg
-90	
-88	
-86	
-84	
-82	
-80	
-78	
-76	
-74	
-72	
-70	
-68	
-66	
-64	
-62	
-60	
-58	
-56	
-54	
-52	
-50	
-48	
-46	
-44	
-42	
-40	
-38	
-36	
-34	
-32	
-30	
-28	
-26	
-24	
-22	
-20	
-18	
-16	
-14	
-12	
-10	
-8	
-6	
-4	
-2	
0	
2	
4	
6	
8	
10	
12	
14	
16	
18	
20	
22	
24	
26	
28	
30	
32	
34	
36	
38	
40	
42	
44	
46	
48	
50	
52	
54	
56	
58	
60	
62	
64	
66	
68	
70	
72	
74	
76	
78	
80	
82	
84	
86	
88	
90	
!T	RECL
!U	nd
50000	
100000	
150000	
200000	
250000	
!T	RECD
!U	nd
50000	
100000	
150000	
200000	
250000	
!T	RECM
!U	nd
50000	
100000	
150000	
200000	
250000	
!M	CLTAB
!U	nd
-0.0000E+00	-0.0000E+00	-0.0000E+00	-0.0000E+00	-0.0000E+00
-4.2638E-02	-4.2637E-02	-4.2653E-02	-4.2650E-02	-4.2631E-02
-8.5127E-02	-8.5120E-02	-8.5186E-02	-8.5174E-02	-8.5098E-02
-1.2726E-01	-1.2724E-01	-1.2739E-01	-1.2737E-01	-1.2719E-01
-1.6883E-01	-1.6880E-01	-1.6907E-01	-1.6902E-01	-1.6871E-01
-2.0964E-01	-2.0960E-01	-2.1001E-01	-2.0994E-01	-2.0946E-01
-2.4949E-01	-2.4943E-01	-2.5003E-01	-2.4992E-01	-2.4923E-01
-2.8819E-01	-2.8811E-01	-2.8893E-01	-2.8878E-01	-2.8783E-01
-3.2556E-01	-3.2545E-01	-3.2652E-01	-3.2632E-01	-3.2509E-01
-3.6141E-01	-3.6127E-01	-3.6263E-01	-3.6238E-01	-3.6081E-01
-3.9557E-01	-3.9540E-01	-3.9709E-01	-3.9678E-01	-3.9484E-01
-4.2789E-01	-4.2768E-01	-4.2974E-01	-4.2936E-01	-4.2700E-01
-4.5821E-01	-4.5796E-01	-4.6042E-01	-4.5996E-01	-4.5714E-01
-4.8639E-01	-4.8609E-01	-4.8900E-01	-4.8846E-01	-4.8512E-01
-5.1230E-01	-5.1194E-01	-5.1535E-01	-5.1471E-01	-5.1082E-01
-5.3581E-01	-5.3540E-01	-5.3934E-01	-5.3860E-01	-5.3410E-01
-5.5683E-01	-5.5636E-01	-5.6088E-01	-5.6003E-01	-5.5487E-01
-5.7526E-01	-5.7473E-01	-5.7987E-01	-5.7891E-01	-5.7302E-01
-5.9102E-01	-5.9042E-01	-5.9623E-01	-5.9515E-01	-5.8848E-01
-6.0404E-01	-6.0336E-01	-6.0992E-01	-6.0869E-01	-6.0119E-01
-6.1428E-01	-6.1352E-01	-6.2087E-01	-6.1950E-01	-6.1108E-01
-6.2171E-01	-6.2086E-01	-6.2907E-01	-6.2754E-01	-6.1813E-01
-6.2630E-01	-6.2535E-01	-6.3449E-01	-6.3279E-01	-6.2232E-01
-6.2804E-01	-6.2699E-01	-6.3715E-01	-6.3525E-01	-6.2363E-01
-6.2697E-01	-6.2580E-01	-6.3706E-01	-6.3495E-01	-6.2207E-01
-6.2311E-01	-6.2182E-01	-6.3426E-01	-6.3193E-01	-6.1769E-01
-6.1650E-01	-6.1508E-01	-6.2882E-01	-6.2625E-01	-6.1052E-01
-6.0722E-01	-6.0565E-01	-6.2083E-01	-6.1799E-01	-6.0062E-01
-5.9537E-01	-5.9364E-01	-6.1039E-01	-6.0726E-01	-5.8808E-01
-5.8105E-01	-5.7914E-01	-5.9763E-01	-5.9418E-01	-5.7300E-01
-5.6441E-01	-5.6229E-01	-5.8274E-01	-5.7891E-01	-5.5551E-01
-5.4561E-01	-5.4326E-01	-5.6590E-01	-5.6167E-01	-5.3575E-01
-5.2485E-01	-5.2224E-01	-5.4736E-01	-5.4267E-01	-5.1391E-01
-5.0238E-01	-4.9948E-01	-5.2745E-01	-5.2222E-01	-4.9020E-01
-4.7850E-01	-4.7526E-01	-5.0654E-01	-5.0069E-01	-4.6488E-01
-4.5359E-01	-4.4994E-01	-4.8513E-01	-4.7856E-01	-4.3827E-01
-4.2814E-01	-4.2401E-01	-4.6390E-01	-4.5645E-01	-4.1077E-01
-4.0283E-01	-3.9810E-01	-4.4379E-01	-4.3618E-01	-3.8294E-01
-3.7864E-01	-3.7315E-01	-4.2946E-01	-4.2712E-01	-3.5555E-01
-3.5709E-01	-3.5059E-01	-4.1256E-01	-3.7882E-01	-3.2978E-01
-3.4077E-01	-3.3288E-01	-3.1948E-01	-2.6699E-01	-3.0795E-01
-3.3436E-01	-3.2591E-01	-2.7982E-01	-2.3850E-01	-2.9471E-01
-3.5754E-01	-3.3931E-01	-2.5146E-01	-2.1001E-01	-2.5635E-01
-2.7511E-01	-2.4481E-01	-1.8045E-01	-1.1255E-01	-3.3200E-02
3.0700E-02	7.7900E-02	1.9160E-01	2.4290E-01	2.6640E-01
2.0080E-01	4.0080E-01	4.6670E-01	4.8000E-01	4.8220E-01
4.8300E-01	6.7550E-01	6.8780E-01	6.8720E-01	6.8450E-01
7.5000E-01	9.0160E-01	8.9717E-01	8.8767E-01	8.9551E-01
9.7930E-01	1.0778E+00	1.0805E+00	1.0936E+00	1.1066E+00
1.1410E+00	1.1528E+00	1.1818E+00	9.7693E-01	9.9189E-01
1.1634E+00	9.9727E-01	1.0503E+00	8.4098E-01	8.5514E-01
1.0495E+00	8.9138E-01	9.2806E-01	7.6924E-01	7.8090E-01
9.6550E-01	8.3048E-01	8.6150E-01	7.2718E-01	7.3705E-01
9.0837E-01	7.9205E-01	8.1877E-01	7.0307E-01	7.1157E-01
8.6954E-01	7.6798E-01	7.9131E-01	6.9029E-01	6.9771E-01
8.4292E-01	7.5334E-01	7.7392E-01	6.8481E-01	6.9136E-01
8.2456E-01	7.4494E-01	7.6323E-01	6.8403E-01	6.8984E-01
8.1180E-01	7.4061E-01	7.5696E-01	6.8615E-01	6.9134E-01
8.0274E-01	7.3881E-01	7.5349E-01	6.8989E-01	6.9456E-01
7.9602E-01	7.3841E-01	7.5164E-01	6.9433E-01	6.9854E-01
7.9061E-01	7.3857E-01	7.5052E-01	6.9875E-01	7.0255E-01
7.8571E-01	7.3862E-01	7.4944E-01	7.0260E-01	7.0604E-01
7.8072E-01	7.3807E-01	7.4787E-01	7.0545E-01	7.0857E-01
7.7514E-01	7.3651E-01	7.4538E-01	7.0695E-01	7.0977E-01
7.6860E-01	7.3360E-01	7.4164E-01	7.0683E-01	7.0939E-01
7.6078E-01	7.2910E-01	7.3638E-01	7.0487E-01	7.0718E-01
7.5143E-01	7.2280E-01	7.2938E-01	7.0089E-01	7.0298E-01
7.4038E-01	7.1453E-01	7.2047E-01	6.9476E-01	6.9665E-01
7.2746E-01	7.0418E-01	7.0953E-01	6.8638E-01	6.8808E-01
7.1257E-01	6.9166E-01	6.9646E-01	6.7567E-01	6.7720E-01
6.9562E-01	6.7691E-01	6.8121E-01	6.6259E-01	6.6396E-01
6.7658E-01	6.5989E-01	6.6373E-01	6.4712E-01	6.4834E-01
6.5542E-01	6.4060E-01	6.4400E-01	6.2926E-01	6.3035E-01
6.3214E-01	6.1905E-01	6.2206E-01	6.0904E-01	6.0999E-01
6.0676E-01	5.9527E-01	5.9791E-01	5.8649E-01	5.8732E-01
5.7934E-01	5.6933E-01	5.7163E-01	5.6166E-01	5.6240E-01
5.4994E-01	5.4128E-01	5.4327E-01	5.3465E-01	5.3529E-01
5.1863E-01	5.1121E-01	5.1292E-01	5.0554E-01	5.0608E-01
4.8552E-01	4.7924E-01	4.8068E-01	4.7443E-01	4.7489E-01
4.5072E-01	4.4546E-01	4.4667E-01	4.4145E-01	4.4183E-01
4.1435E-01	4.1003E-01	4.1102E-01	4.0672E-01	4.0704E-01
3.7655E-01	3.7307E-01	3.7387E-01	3.7040E-01	3.7066E-01
3.3748E-01	3.3473E-01	3.3536E-01	3.3264E-01	3.3284E-01
2.9729E-01	2.9519E-01	2.9568E-01	2.9359E-01	2.9375E-01
2.5616E-01	2.5462E-01	2.5497E-01	2.5345E-01	2.5356E-01
2.1426E-01	2.1319E-01	2.1344E-01	2.1238E-01	2.1246E-01
1.7178E-01	1.7110E-01	1.7126E-01	1.7058E-01	1.7063E-01
1.2892E-01	1.2853E-01	1.2862E-01	1.2824E-01	1.2827E-01
8.5862E-02	8.5693E-02	8.5732E-02	8.5563E-02	8.5576E-02
4.2822E-02	4.2780E-02	4.2789E-02	4.2747E-02	4.2751E-02
0.0000E+00	0.0000E+00	0.0000E+00	0.0000E+00	0.0000E+00
!M	CDTAB
!U	nd
1.2217E+00	1.2217E+00	1.2217E+00	1.2217E+00	1.2217E+00
1.2227E+00	1.2229E+00	1.2239E+00	1.2238E+00	1.2227E+00
1.2207E+00	1.2211E+00	1.2231E+00	1.2229E+00	1.2208E+00
1.2158E+00	1.2164E+00	1.2194E+00	1.2191E+00	1.2160E+00
1.2079E+00	1.2088E+00	1.2127E+00	1.2124E+00	1.2082E+00
1.1972E+00	1.1983E+00	1.2032E+00	1.2028E+00	1.1975E+00
1.1837E+00	1.1850E+00	1.1909E+00	1.1904E+00	1.1841E+00
1.1675E+00	1.1690E+00	1.1758E+00	1.1752E+00	1.1679E+00
1.1485E+00	1.1503E+00	1.1580E+00	1.1573E+00	1.1490E+00
1.1271E+00	1.1290E+00	1.1377E+00	1.1370E+00	1.1276E+00
1.1032E+00	1.1053E+00	1.1149E+00	1.1141E+00	1.1038E+00
1.0770E+00	1.0793E+00	1.0899E+00	1.0890E+00	1.0776E+00
1.0486E+00	1.0512E+00	1.0626E+00	1.0616E+00	1.0493E+00
1.0182E+00	1.0210E+00	1.0333E+00	1.0322E+00	1.0190E+00
9.8595E-01	9.8889E-01	1.0021E+00	1.0009E+00	9.8675E-01
9.5198E-01	9.5511E-01	9.6915E-01	9.6794E-01	9.5282E-01
9.1647E-01	9.1979E-01	9.3467E-01	9.3339E-01	9.1737E-01
8.7961E-01	8.8311E-01	8.9881E-01	8.9747E-01	8.8056E-01
8.4159E-01	8.4527E-01	8.6177E-01	8.6036E-01	8.4259E-01
8.0260E-01	8.0645E-01	8.2374E-01	8.2226E-01	8.0364E-01
7.6283E-01	7.6686E-01	7.8490E-01	7.8336E-01	7.6392E-01
7.2249E-01	7.2669E-01	7.4547E-01	7.4386E-01	7.2363E-01
6.8179E-01	6.8614E-01	7.0564E-01	7.0397E-01	6.8297E-01
6.4092E-01	6.4542E-01	6.6562E-01	6.6389E-01	6.4214E-01
6.0008E-01	6.0474E-01	6.2560E-01	6.2382E-01	6.0135E-01
5.5950E-01	5.6430E-01	5.8581E-01	5.8396E-01	5.6080E-01
5.1937E-01	5.2430E-01	5.4643E-01	5.4453E-01	5.2070E-01
4.7988E-01	4.8495E-01	5.0766E-01	5.0572E-01	4.8126E-01
4.4125E-01	4.4644E-01	4.6972E-01	4.6773E-01	4.4266E-01
4.0366E-01	4.0897E-01	4.3278E-01	4.3074E-01	4.0510E-01
3.6730E-01	3.7272E-01	3.9704E-01	3.9495E-01	3.6877E-01
3.3235E-01	3.3788E-01	3.6267E-01	3.6055E-01	3.3385E-01
2.9899E-01	3.0462E-01	3.2985E-01	3.2769E-01	3.0051E-01
2.6738E-01	2.7310E-01	2.9875E-01	2.9656E-01	2.6893E-01
2.3769E-01	2.4350E-01	2.6953E-01	2.6730E-01	2.3926E-01
2.1005E-01	2.1594E-01	2.4232E-01	2.4006E-01	2.1165E-01
1.8462E-01	1.9057E-01	2.1727E-01	2.1499E-01	1.8623E-01
1.6151E-01	1.6753E-01	1.9451E-01	1.9239E-01	1.6314E-01
1.4083E-01	1.4691E-01	1.7476E-01	1.7316E-01	1.4248E-01
1.2270E-01	1.2883E-01	1.5420E-01	1.5539E-01	1.2436E-01
1.0721E-01	1.1338E-01	1.0414E-01	9.6877E-02	1.0894E-01
9.4729E-02	1.0079E-01	8.9603E-02	8.6985E-02	9.6477E-02
8.6105E-02	9.0900E-02	7.9721E-02	7.7093E-02	7.8467E-02
5.8435E-02	4.9287E-02	5.7685E-02	4.8350E-02	2.2590E-02
2.4910E-02	1.8870E-02	1.4980E-02	1.2400E-02	1.0750E-02
2.2960E-02	1.6820E-02	1.1740E-02	9.2000E-03	7.8700E-03
3.0620E-02	1.6340E-02	1.1390E-02	9.3900E-03	8.4200E-03
3.7400E-02	1.5205E-02	1.2280E-02	1.0838E-02	9.4970E-03
3.2020E-02	1.9417E-02	1.7586E-02	1.4096E-02	6.9720E-03
4.0421E-02	2.9250E-02	3.0302E-02	3.1889E-02	1.4849E-02
7.2997E-02	4.6434E-02	4.3837E-02	3.4582E-02	1.5581E-02
7.9875E-02	5.8328E-02	6.1058E-02	5.0569E-02	3.1697E-02
9.7236E-02	7.6974E-02	7.9682E-02	6.9277E-02	5.0556E-02
1.1831E-01	9.8241E-02	1.0092E-01	9.0616E-02	7.2069E-02
1.4189E-01	1.2202E-01	1.2468E-01	1.1448E-01	9.6131E-02
1.6783E-01	1.4821E-01	1.5083E-01	1.4075E-01	1.2262E-01
1.9603E-01	1.7667E-01	1.7925E-01	1.6931E-01	1.5142E-01
2.2634E-01	2.0726E-01	2.0981E-01	2.0001E-01	1.8239E-01
2.5861E-01	2.3984E-01	2.4235E-01	2.3271E-01	2.1537E-01
2.9268E-01	2.7424E-01	2.7670E-01	2.6724E-01	2.5020E-01
3.2839E-01	3.1030E-01	3.1272E-01	3.0343E-01	2.8672E-01
3.6556E-01	3.4785E-01	3.5021E-01	3.4112E-01	3.2476E-01
4.0400E-01	3.8669E-01	3.8900E-01	3.8011E-01	3.6412E-01
4.4353E-01	4.2664E-01	4.2890E-01	4.2022E-01	4.0461E-01
4.8396E-01	4.6751E-01	4.6970E-01	4.6125E-01	4.4605E-01
5.2508E-01	5.0909E-01	5.1122E-01	5.0301E-01	4.8823E-01
5.6669E-01	5.5118E-01	5.5325E-01	5.4528E-01	5.3094E-01
6.0859E-01	5.9357E-01	5.9558E-01	5.8787E-01	5.7399E-01
6.5058E-01	6.3607E-01	6.3801E-01	6.3056E-01	6.1716E-01
6.9243E-01	6.7846E-01	6.8032E-01	6.7315E-01	6.6024E-01
7.3395E-01	7.2053E-01	7.2232E-01	7.1543E-01	7.0303E-01
7.7494E-01	7.6208E-01	7.6380E-01	7.5720E-01	7.4532E-01
8.1518E-01	8.0291E-01	8.0455E-01	7.9824E-01	7.8690E-01
8.5449E-01	8.4281E-01	8.4437E-01	8.3837E-01	8.2758E-01
8.9266E-01	8.8159E-01	8.8307E-01	8.7739E-01	8.6716E-01
9.2951E-01	9.1907E-01	9.2046E-01	9.1510E-01	9.0546E-01
9.6486E-01	9.5505E-01	9.5636E-01	9.5133E-01	9.4227E-01
9.9853E-01	9.8937E-01	9.9060E-01	9.8589E-01	9.7744E-01
1.0303E+00	1.0219E+00	1.0230E+00	1.0186E+00	1.0108E+00
1.0602E+00	1.0523E+00	1.0534E+00	1.0494E+00	1.0421E+00
1.0878E+00	1.0807E+00	1.0816E+00	1.0780E+00	1.0714E+00
1.1132E+00	1.1067E+00	1.1076E+00	1.1043E+00	1.0983E+00
1.1362E+00	1.1304E+00	1.1312E+00	1.1282E+00	1.1229E+00
1.1566E+00	1.1515E+00	1.1522E+00	1.1496E+00	1.1449E+00
1.1744E+00	1.1700E+00	1.1706E+00	1.1684E+00	1.1644E+00
1.1894E+00	1.1858E+00	1.1863E+00	1.1844E+00	1.1811E+00
1.2017E+00	1.1988E+00	1.1992E+00	1.1977E+00	1.1950E+00
1.2111E+00	1.2089E+00	1.2092E+00	1.2081E+00	1.2061E+00
1.2176E+00	1.2161E+00	1.2163E+00	1.2156E+00	1.2142E+00
1.2211E+00	1.2204E+00	1.2205E+00	1.2201E+00	1.2194E+00
1.2217E+00	1.2217E+00	1.2217E+00	1.2217E+00	1.2217E+00
!M	CMTAB
!U	nd
3.0542E-01	3.0542E-01	3.0542E-01	3.0542E-01	3.0542E-01
3.0488E-01	3.0486E-01	3.0480E-01	3.0478E-01	3.0482E-01
3.0332E-01	3.0323E-01	3.0301E-01	3.0292E-01	3.0306E-01
3.0079E-01	3.0057E-01	3.0010E-01	2.9991E-01	3.0020E-01
2.9732E-01	2.9695E-01	2.9613E-01	2.9580E-01	2.9630E-01
2.9298E-01	2.9242E-01	2.9118E-01	2.9068E-01	2.9141E-01
2.8781E-01	2.8702E-01	2.8530E-01	2.8459E-01	2.8561E-01
2.8187E-01	2.8081E-01	2.7855E-01	2.7763E-01	2.7894E-01
2.7521E-01	2.7385E-01	2.7101E-01	2.6984E-01	2.7146E-01
2.6787E-01	2.6619E-01	2.6273E-01	2.6130E-01	2.6324E-01
2.5992E-01	2.5788E-01	2.5378E-01	2.5208E-01	2.5433E-01
2.5140E-01	2.4898E-01	2.4421E-01	2.4224E-01	2.4479E-01
2.4236E-01	2.3954E-01	2.3411E-01	2.3186E-01	2.3469E-01
2.3285E-01	2.2962E-01	2.2352E-01	2.2099E-01	2.2407E-01
2.2293E-01	2.1926E-01	2.1252E-01	2.0971E-01	2.1301E-01
2.1264E-01	2.0852E-01	2.0116E-01	1.9808E-01	2.0155E-01
2.0204E-01	1.9746E-01	1.8951E-01	1.8617E-01	1.8976E-01
1.9118E-01	1.8613E-01	1.7763E-01	1.7405E-01	1.7770E-01
1.8011E-01	1.7458E-01	1.6559E-01	1.6179E-01	1.6542E-01
1.6887E-01	1.6286E-01	1.5346E-01	1.4945E-01	1.5299E-01
1.5753E-01	1.5103E-01	1.4128E-01	1.3711E-01	1.4046E-01
1.4613E-01	1.3915E-01	1.2913E-01	1.2482E-01	1.2790E-01
1.3473E-01	1.2726E-01	1.1708E-01	1.1266E-01	1.1535E-01
1.2337E-01	1.1543E-01	1.0518E-01	1.0069E-01	1.0289E-01
1.1210E-01	1.0370E-01	9.3500E-02	8.8989E-02	9.0570E-02
1.0099E-01	9.2122E-02	8.2101E-02	7.7614E-02	7.8448E-02
9.0066E-02	8.0758E-02	7.1048E-02	6.6636E-02	6.6585E-02
7.9395E-02	6.9660E-02	6.0405E-02	5.6122E-02	5.5039E-02
6.9026E-02	5.8879E-02	5.0236E-02	4.6140E-02	4.3870E-02
5.9007E-02	4.8471E-02	4.0603E-02	3.6758E-02	3.3137E-02
4.9392E-02	3.8488E-02	3.1571E-02	2.8043E-02	2.2899E-02
4.0230E-02	2.8984E-02	2.3203E-02	2.0062E-02	1.3215E-02
3.1573E-02	2.0013E-02	1.5563E-02	1.2883E-02	4.1430E-03
2.3473E-02	1.1629E-02	8.7150E-03	6.5750E-03	-4.2560E-03
1.5980E-02	3.8850E-03	2.7220E-03	1.2030E-03	-1.1924E-02
9.1450E-03	-3.1660E-03	-2.3530E-03	-3.1640E-03	-1.8802E-02
3.0200E-03	-9.4690E-03	-6.4450E-03	-6.4580E-03	-2.4830E-02
-2.3450E-03	-1.4971E-02	-9.4910E-03	-8.3400E-03	-2.9950E-02
-6.8970E-03	-1.9619E-02	-1.0696E-02	-7.7690E-03	-3.4102E-02
-1.0587E-02	-2.3358E-02	-1.2413E-02	-1.2806E-02	-3.7227E-02
-1.3362E-02	-2.6136E-02	-3.1602E-02	-4.1085E-02	-3.9083E-02
-1.5366E-02	-2.7795E-02	-3.8724E-02	-4.6500E-02	-3.9401E-02
-1.5302E-02	-2.8444E-02	-4.3396E-02	-5.1915E-02	-4.9481E-02
-3.5280E-02	-4.6091E-02	-5.4500E-02	-6.8425E-02	-9.2900E-02
-6.6100E-02	-7.2900E-02	-9.3400E-02	-1.0180E-01	-1.0500E-01
-6.4100E-02	-9.8800E-02	-1.0660E-01	-1.0630E-01	-1.0520E-01
-9.1400E-02	-1.0950E-01	-1.0660E-01	-1.0410E-01	-1.0250E-01
-1.0780E-01	-1.0380E-01	-9.9700E-02	-9.9112E-02	-9.9180E-02
-1.0240E-01	-8.8412E-02	-8.8748E-02	-9.0871E-02	-9.0695E-02
-6.2159E-02	-6.9400E-02	-7.3012E-02	-8.8437E-02	-8.8096E-02
-5.1314E-02	-7.0516E-02	-7.2281E-02	-8.9611E-02	-8.9313E-02
-5.1544E-02	-7.1030E-02	-7.3428E-02	-9.1199E-02	-9.0903E-02
-5.2900E-02	-7.3006E-02	-7.5302E-02	-9.3436E-02	-9.3142E-02
-5.5316E-02	-7.5701E-02	-7.7896E-02	-9.6284E-02	-9.5995E-02
-5.8523E-02	-7.9074E-02	-8.1169E-02	-9.9710E-02	-9.9426E-02
-6.2475E-02	-8.3084E-02	-8.5080E-02	-1.0368E-01	-1.0340E-01
-6.7124E-02	-8.7690E-02	-8.9589E-02	-1.0815E-01	-1.0788E-01
-7.2424E-02	-9.2851E-02	-9.4653E-02	-1.1309E-01	-1.1282E-01
-7.8328E-02	-9.8525E-02	-1.0023E-01	-1.1847E-01	-1.1821E-01
-8.4788E-02	-1.0467E-01	-1.0629E-01	-1.2424E-01	-1.2399E-01
-9.1759E-02	-1.1125E-01	-1.1278E-01	-1.3037E-01	-1.3013E-01
-9.9192E-02	-1.1822E-01	-1.1965E-01	-1.3683E-01	-1.3660E-01
-1.0704E-01	-1.2554E-01	-1.2689E-01	-1.4359E-01	-1.4336E-01
-1.1526E-01	-1.3316E-01	-1.3443E-01	-1.5059E-01	-1.5038E-01
-1.2380E-01	-1.4106E-01	-1.4224E-01	-1.5782E-01	-1.5762E-01
-1.3262E-01	-1.4918E-01	-1.5028E-01	-1.6523E-01	-1.6503E-01
-1.4167E-01	-1.5748E-01	-1.5850E-01	-1.7279E-01	-1.7260E-01
-1.5089E-01	-1.6593E-01	-1.6687E-01	-1.8045E-01	-1.8028E-01
-1.6025E-01	-1.7448E-01	-1.7535E-01	-1.8820E-01	-1.8804E-01
-1.6970E-01	-1.8309E-01	-1.8389E-01	-1.9598E-01	-1.9583E-01
-1.7919E-01	-1.9173E-01	-1.9245E-01	-2.0377E-01	-2.0363E-01
-1.8868E-01	-2.0034E-01	-2.0100E-01	-2.1153E-01	-2.1140E-01
-1.9811E-01	-2.0889E-01	-2.0949E-01	-2.1922E-01	-2.1910E-01
-2.0744E-01	-2.1734E-01	-2.1788E-01	-2.2681E-01	-2.2670E-01
-2.1663E-01	-2.2564E-01	-2.2612E-01	-2.3426E-01	-2.3416E-01
-2.2562E-01	-2.3376E-01	-2.3419E-01	-2.4153E-01	-2.4145E-01
-2.3438E-01	-2.4165E-01	-2.4203E-01	-2.4860E-01	-2.4852E-01
-2.4284E-01	-2.4928E-01	-2.4960E-01	-2.5542E-01	-2.5535E-01
-2.5097E-01	-2.5660E-01	-2.5688E-01	-2.6196E-01	-2.6190E-01
-2.5872E-01	-2.6357E-01	-2.6380E-01	-2.6818E-01	-2.6813E-01
-2.6604E-01	-2.7014E-01	-2.7034E-01	-2.7404E-01	-2.7400E-01
-2.7289E-01	-2.7629E-01	-2.7645E-01	-2.7952E-01	-2.7949E-01
-2.7922E-01	-2.8197E-01	-2.8209E-01	-2.8458E-01	-2.8455E-01
-2.8498E-01	-2.8713E-01	-2.8722E-01	-2.8917E-01	-2.8914E-01
-2.9012E-01	-2.9173E-01	-2.9180E-01	-2.9326E-01	-2.9325E-01
-2.9460E-01	-2.9574E-01	-2.9579E-01	-2.9683E-01	-2.9682E-01
-2.9837E-01	-2.9912E-01	-2.9915E-01	-2.9982E-01	-2.9982E-01
-3.0138E-01	-3.0181E-01	-3.0183E-01	-3.0222E-01	-3.0221E-01
-3.0359E-01	-3.0379E-01	-3.0379E-01	-3.0397E-01	-3.0397E-01
-3.0495E-01	-3.0500E-01	-3.0500E-01	-3.0505E-01	-3.0505E-01
-3.0542E-01	-3.0542E-01	-3.0542E-01	-3.0542E-01	-3.0542E-01
