!T	AOACL
!U	deg
-90	
-88	
-86	
-84	
-82	
-80	
-78	
-76	
-74	
-72	
-70	
-68	
-66	
-64	
-62	
-60	
-58	
-56	
-54	
-52	
-50	
-48	
-46	
-44	
-42	
-40	
-38	
-36	
-34	
-32	
-30	
-28	
-26	
-24	
-22	
-20	
-18	
-16	
-14	
-12	
-10	
-8	
-6	
-4	
-2	
0	
2	
4	
6	
8	
10	
12	
14	
16	
18	
20	
22	
24	
26	
28	
30	
32	
34	
36	
38	
40	
42	
44	
46	
48	
50	
52	
54	
56	
58	
60	
62	
64	
66	
68	
70	
72	
74	
76	
78	
80	
82	
84	
86	
88	
90	
!T	AOACD
!U	deg
-90	
-88	
-86	
-84	
-82	
-80	
-78	
-76	
-74	
-72	
-70	
-68	
-66	
-64	
-62	
-60	
-58	
-56	
-54	
-52	
-50	
-48	
-46	
-44	
-42	
-40	
-38	
-36	
-34	
-32	
-30	
-28	
-26	
-24	
-22	
-20	
-18	
-16	
-14	
-12	
-10	
-8	
-6	
-4	
-2	
0	
2	
4	
6	
8	
10	
12	
14	
16	
18	
20	
22	
24	
26	
28	
30	
32	
34	
36	
38	
40	
42	
44	
46	
48	
50	
52	
54	
56	
58	
60	
62	
64	
66	
68	
70	
72	
74	
76	
78	
80	
82	
84	
86	
88	
90	
!T	AOACM
!U	deg
-90	
-88	
-86	
-84	
-82	
-80	
-78	
-76	
-74	
-72	
-70	
-68	
-66	
-64	
-62	
-60	
-58	
-56	
-54	
-52	
-50	
-48	
-46	
-44	
-42	
-40	
-38	
-36	
-34	
-32	
-30	
-28	
-26	
-24	
-22	
-20	
-18	
-16	
-14	
-12	
-10	
-8	
-6	
-4	
-2	
0	
2	
4	
6	
8	
10	
12	
14	
16	
18	
20	
22	
24	
26	
28	
30	
32	
34	
36	
38	
40	
42	
44	
46	
48	
50	
52	
54	
56	
58	
60	
62	
64	
66	
68	
70	
72	
74	
76	
78	
80	
82	
84	
86	
88	
90	
!T	RECL
!U	nd
50000	
100000	
150000	
200000	
250000	
!T	RECD
!U	nd
50000	
100000	
150000	
200000	
250000	
!T	RECM
!U	nd
50000	
100000	
150000	
200000	
250000	
!M	CLTAB
!U	nd
-0.0000E+00	-0.0000E+00	-0.0000E+00	-0.0000E+00	-0.0000E+00
-4.3716E-02	-4.3715E-02	-4.3714E-02	-4.3710E-02	-4.3713E-02
-8.7281E-02	-8.7277E-02	-8.7275E-02	-8.7257E-02	-8.7270E-02
-1.3048E-01	-1.3048E-01	-1.3047E-01	-1.3043E-01	-1.3046E-01
-1.7312E-01	-1.7310E-01	-1.7309E-01	-1.7302E-01	-1.7307E-01
-2.1497E-01	-2.1494E-01	-2.1493E-01	-2.1482E-01	-2.1490E-01
-2.5584E-01	-2.5581E-01	-2.5579E-01	-2.5563E-01	-2.5575E-01
-2.9554E-01	-2.9549E-01	-2.9547E-01	-2.9525E-01	-2.9541E-01
-3.3387E-01	-3.3381E-01	-3.3378E-01	-3.3349E-01	-3.3370E-01
-3.7066E-01	-3.7057E-01	-3.7054E-01	-3.7017E-01	-3.7044E-01
-4.0572E-01	-4.0561E-01	-4.0557E-01	-4.0511E-01	-4.0544E-01
-4.3889E-01	-4.3875E-01	-4.3870E-01	-4.3814E-01	-4.3855E-01
-4.7001E-01	-4.6985E-01	-4.6979E-01	-4.6912E-01	-4.6961E-01
-4.9894E-01	-4.9875E-01	-4.9868E-01	-4.9789E-01	-4.9847E-01
-5.2555E-01	-5.2532E-01	-5.2524E-01	-5.2432E-01	-5.2500E-01
-5.4970E-01	-5.4945E-01	-5.4936E-01	-5.4829E-01	-5.4907E-01
-5.7131E-01	-5.7101E-01	-5.7091E-01	-5.6968E-01	-5.7058E-01
-5.9026E-01	-5.8992E-01	-5.8981E-01	-5.8841E-01	-5.8943E-01
-6.0648E-01	-6.0610E-01	-6.0597E-01	-6.0439E-01	-6.0554E-01
-6.1991E-01	-6.1948E-01	-6.1933E-01	-6.1755E-01	-6.1885E-01
-6.3048E-01	-6.3000E-01	-6.2983E-01	-6.2784E-01	-6.2930E-01
-6.3817E-01	-6.3764E-01	-6.3745E-01	-6.3522E-01	-6.3685E-01
-6.4296E-01	-6.4237E-01	-6.4216E-01	-6.3967E-01	-6.4149E-01
-6.4485E-01	-6.4419E-01	-6.4396E-01	-6.4120E-01	-6.4321E-01
-6.4385E-01	-6.4312E-01	-6.4286E-01	-6.3981E-01	-6.4204E-01
-6.4000E-01	-6.3919E-01	-6.3890E-01	-6.3553E-01	-6.3799E-01
-6.3335E-01	-6.3245E-01	-6.3214E-01	-6.2841E-01	-6.3114E-01
-6.2398E-01	-6.2299E-01	-6.2264E-01	-6.1852E-01	-6.2153E-01
-6.1197E-01	-6.1088E-01	-6.1050E-01	-6.0595E-01	-6.0927E-01
-5.9746E-01	-5.9625E-01	-5.9583E-01	-5.9080E-01	-5.9447E-01
-5.8058E-01	-5.7924E-01	-5.7878E-01	-5.7322E-01	-5.7728E-01
-5.6151E-01	-5.6003E-01	-5.5951E-01	-5.5336E-01	-5.5786E-01
-5.4046E-01	-5.3882E-01	-5.3824E-01	-5.3142E-01	-5.3641E-01
-5.1769E-01	-5.1586E-01	-5.1522E-01	-5.0763E-01	-5.1318E-01
-4.9352E-01	-4.9147E-01	-4.9076E-01	-4.8226E-01	-4.8847E-01
-4.6835E-01	-4.6605E-01	-4.6524E-01	-4.5569E-01	-4.6267E-01
-4.4270E-01	-4.4010E-01	-4.3918E-01	-4.2835E-01	-4.3627E-01
-4.1730E-01	-4.1432E-01	-4.1327E-01	-4.0086E-01	-4.0993E-01
-3.9320E-01	-3.8973E-01	-3.8852E-01	-3.7411E-01	-3.8464E-01
-3.7201E-01	-3.6791E-01	-3.6648E-01	-3.4944E-01	-3.6189E-01
-3.5654E-01	-3.5166E-01	-3.4983E-01	-3.2915E-01	-3.4434E-01
-3.5104E-01	-3.4352E-01	-3.4204E-01	-3.2663E-01	-3.4146E-01
-3.7530E-01	-3.4544E-01	-3.6000E-01	-3.0313E-01	-2.8643E-01
-2.7713E-01	-2.1320E-01	-9.9434E-02	-8.8930E-03	3.0300E-02
-4.7000E-02	1.2910E-01	2.2510E-01	2.5890E-01	2.6700E-01
1.6790E-01	4.2190E-01	4.7560E-01	4.7800E-01	4.7040E-01
4.7720E-01	6.7460E-01	6.9040E-01	6.9040E-01	6.8750E-01
7.0610E-01	8.8930E-01	8.8790E-01	8.8580E-01	8.8450E-01
9.9047E-01	1.0990E+00	1.1309E+00	1.0902E+00	1.0788E+00
1.2041E+00	1.2048E+00	1.1273E+00	1.1908E+00	1.2249E+00
1.0316E+00	1.0608E+00	9.8338E-01	1.0338E+00	1.0845E+00
9.2795E-01	9.3907E-01	8.8737E-01	9.1969E-01	9.5767E-01
8.6334E-01	8.7274E-01	8.2902E-01	8.5636E-01	8.8848E-01
8.2229E-01	8.3039E-01	7.9273E-01	8.1628E-01	8.4395E-01
7.9631E-01	8.0339E-01	7.7050E-01	7.9107E-01	8.1522E-01
7.8025E-01	7.8649E-01	7.5748E-01	7.7562E-01	7.9693E-01
7.7076E-01	7.7630E-01	7.5052E-01	7.6664E-01	7.8558E-01
7.6557E-01	7.7053E-01	7.4748E-01	7.6189E-01	7.7883E-01
7.6308E-01	7.6754E-01	7.4684E-01	7.5978E-01	7.7499E-01
7.6212E-01	7.6613E-01	7.4748E-01	7.5914E-01	7.7285E-01
7.6179E-01	7.6541E-01	7.4856E-01	7.5910E-01	7.7148E-01
7.6141E-01	7.6469E-01	7.4945E-01	7.5898E-01	7.7018E-01
7.6046E-01	7.6343E-01	7.4962E-01	7.5826E-01	7.6840E-01
7.5850E-01	7.6119E-01	7.4868E-01	7.5650E-01	7.6569E-01
7.5520E-01	7.5764E-01	7.4631E-01	7.5339E-01	7.6172E-01
7.5029E-01	7.5250E-01	7.4224E-01	7.4865E-01	7.5619E-01
7.4356E-01	7.4556E-01	7.3628E-01	7.4208E-01	7.4889E-01
7.3484E-01	7.3664E-01	7.2827E-01	7.3351E-01	7.3965E-01
7.2401E-01	7.2563E-01	7.1809E-01	7.2280E-01	7.2834E-01
7.1096E-01	7.1242E-01	7.0565E-01	7.0988E-01	7.1485E-01
6.9564E-01	6.9694E-01	6.9088E-01	6.9467E-01	6.9912E-01
6.7802E-01	6.7918E-01	6.7377E-01	6.7715E-01	6.8112E-01
6.5807E-01	6.5911E-01	6.5431E-01	6.5731E-01	6.6083E-01
6.3583E-01	6.3674E-01	6.3250E-01	6.3515E-01	6.3826E-01
6.1131E-01	6.1211E-01	6.0839E-01	6.1072E-01	6.1345E-01
5.8458E-01	5.8528E-01	5.8203E-01	5.8406E-01	5.8644E-01
5.5570E-01	5.5631E-01	5.5350E-01	5.5525E-01	5.5731E-01
5.2477E-01	5.2529E-01	5.2288E-01	5.2439E-01	5.2615E-01
4.9189E-01	4.9232E-01	4.9029E-01	4.9156E-01	4.9306E-01
4.5717E-01	4.5754E-01	4.5584E-01	4.5690E-01	4.5815E-01
4.2076E-01	4.2106E-01	4.1966E-01	4.2053E-01	4.2156E-01
3.8279E-01	3.8303E-01	3.8190E-01	3.8261E-01	3.8344E-01
3.4342E-01	3.4362E-01	3.4273E-01	3.4328E-01	3.4393E-01
3.0283E-01	3.0298E-01	3.0230E-01	3.0272E-01	3.0322E-01
2.6118E-01	2.6129E-01	2.6079E-01	2.6110E-01	2.6147E-01
2.1867E-01	2.1874E-01	2.1840E-01	2.1861E-01	2.1887E-01
1.7548E-01	1.7553E-01	1.7531E-01	1.7544E-01	1.7561E-01
1.3181E-01	1.3184E-01	1.3171E-01	1.3179E-01	1.3188E-01
8.7870E-02	8.7882E-02	8.7827E-02	8.7862E-02	8.7902E-02
4.3863E-02	4.3866E-02	4.3852E-02	4.3861E-02	4.3871E-02
0.0000E+00	0.0000E+00	0.0000E+00	0.0000E+00	0.0000E+00
!M	CDTAB
!U	nd
1.2525E+00	1.2525E+00	1.2525E+00	1.2525E+00	1.2525E+00
1.2532E+00	1.2530E+00	1.2526E+00	1.2523E+00	1.2530E+00
1.2508E+00	1.2505E+00	1.2497E+00	1.2490E+00	1.2505E+00
1.2455E+00	1.2449E+00	1.2437E+00	1.2427E+00	1.2450E+00
1.2371E+00	1.2363E+00	1.2348E+00	1.2334E+00	1.2365E+00
1.2258E+00	1.2248E+00	1.2229E+00	1.2212E+00	1.2250E+00
1.2116E+00	1.2105E+00	1.2081E+00	1.2061E+00	1.2107E+00
1.1946E+00	1.1933E+00	1.1906E+00	1.1882E+00	1.1935E+00
1.1749E+00	1.1734E+00	1.1703E+00	1.1676E+00	1.1737E+00
1.1526E+00	1.1509E+00	1.1474E+00	1.1444E+00	1.1512E+00
1.1278E+00	1.1259E+00	1.1221E+00	1.1188E+00	1.1262E+00
1.1006E+00	1.0985E+00	1.0944E+00	1.0907E+00	1.0989E+00
1.0712E+00	1.0690E+00	1.0644E+00	1.0605E+00	1.0694E+00
1.0397E+00	1.0373E+00	1.0325E+00	1.0282E+00	1.0378E+00
1.0063E+00	1.0038E+00	9.9855E-01	9.9400E-01	1.0043E+00
9.7121E-01	9.6847E-01	9.6292E-01	9.5807E-01	9.6900E-01
9.3452E-01	9.3162E-01	9.2574E-01	9.2059E-01	9.3218E-01
8.9645E-01	8.9339E-01	8.8718E-01	8.8176E-01	8.9398E-01
8.5720E-01	8.5398E-01	8.4746E-01	8.4175E-01	8.5460E-01
8.1695E-01	8.1358E-01	8.0675E-01	8.0077E-01	8.1423E-01
7.7593E-01	7.7240E-01	7.6527E-01	7.5903E-01	7.7308E-01
7.3432E-01	7.3065E-01	7.2323E-01	7.1673E-01	7.3136E-01
6.9234E-01	6.8853E-01	6.8082E-01	6.7408E-01	6.8927E-01
6.5020E-01	6.4626E-01	6.3828E-01	6.3129E-01	6.4702E-01
6.0811E-01	6.0404E-01	5.9579E-01	5.8858E-01	6.0482E-01
5.6628E-01	5.6208E-01	5.5358E-01	5.4615E-01	5.6289E-01
5.2492E-01	5.2060E-01	5.1186E-01	5.0421E-01	5.2144E-01
4.8424E-01	4.7981E-01	4.7083E-01	4.6298E-01	4.8067E-01
4.4444E-01	4.3990E-01	4.3070E-01	4.2265E-01	4.4078E-01
4.0572E-01	4.0107E-01	3.9166E-01	3.8343E-01	4.0197E-01
3.6827E-01	3.6352E-01	3.5392E-01	3.4551E-01	3.6444E-01
3.3228E-01	3.2744E-01	3.1764E-01	3.0907E-01	3.2837E-01
2.9792E-01	2.9300E-01	2.8303E-01	2.7430E-01	2.9395E-01
2.6538E-01	2.6037E-01	2.5024E-01	2.4137E-01	2.6134E-01
2.3480E-01	2.2972E-01	2.1944E-01	2.1044E-01	2.3070E-01
2.0635E-01	2.0120E-01	1.9078E-01	1.8166E-01	2.0220E-01
1.8016E-01	1.7495E-01	1.6440E-01	1.5517E-01	1.7596E-01
1.5637E-01	1.5110E-01	1.4044E-01	1.3111E-01	1.5212E-01
1.3509E-01	1.2977E-01	1.1901E-01	1.0959E-01	1.3080E-01
1.1643E-01	1.1107E-01	1.0022E-01	9.0721E-02	1.1210E-01
1.0048E-01	9.5292E-02	8.4155E-02	7.4595E-02	9.6259E-02
8.8121E-02	8.3830E-02	7.2813E-02	6.9169E-02	8.7650E-02
7.8627E-02	6.7798E-02	6.0530E-02	4.7386E-02	4.5109E-02
4.2646E-02	2.1720E-02	2.1886E-02	1.6149E-02	1.3750E-02
2.8930E-02	2.0870E-02	1.5230E-02	1.2320E-02	1.0740E-02
2.7600E-02	1.7450E-02	1.1830E-02	9.4200E-03	8.2200E-03
3.4910E-02	1.6780E-02	1.1960E-02	1.0060E-02	9.0700E-03
4.1510E-02	1.6940E-02	1.2950E-02	1.1540E-02	1.0750E-02
4.1315E-02	1.8537E-02	1.2516E-02	1.3926E-02	1.4411E-02
2.1449E-02	2.9874E-02	2.6922E-02	1.9850E-02	2.0026E-02
3.2585E-02	5.3483E-02	2.4105E-02	3.2380E-02	3.1656E-02
4.6544E-02	6.8919E-02	3.9482E-02	4.9786E-02	4.9409E-02
6.5767E-02	8.7962E-02	5.8762E-02	6.8983E-02	6.8608E-02
8.7693E-02	1.0968E-01	8.0753E-02	9.0879E-02	9.0508E-02
1.1222E-01	1.3397E-01	1.0535E-01	1.1537E-01	1.1500E-01
1.3922E-01	1.6071E-01	1.3243E-01	1.4233E-01	1.4197E-01
1.6856E-01	1.8977E-01	1.6187E-01	1.7163E-01	1.7128E-01
2.0011E-01	2.2101E-01	1.9351E-01	2.0314E-01	2.0279E-01
2.3371E-01	2.5427E-01	2.2722E-01	2.3669E-01	2.3634E-01
2.6920E-01	2.8939E-01	2.6282E-01	2.7212E-01	2.7178E-01
3.0640E-01	3.2621E-01	3.0014E-01	3.0927E-01	3.0893E-01
3.4513E-01	3.6453E-01	3.3901E-01	3.4794E-01	3.4762E-01
3.8521E-01	4.0418E-01	3.7923E-01	3.8796E-01	3.8764E-01
4.2644E-01	4.4495E-01	4.2060E-01	4.2912E-01	4.2881E-01
4.6862E-01	4.8665E-01	4.6293E-01	4.7124E-01	4.7093E-01
5.1155E-01	5.2907E-01	5.0602E-01	5.1409E-01	5.1379E-01
5.5502E-01	5.7201E-01	5.4965E-01	5.5748E-01	5.5719E-01
5.9881E-01	6.1526E-01	5.9361E-01	6.0119E-01	6.0091E-01
6.4271E-01	6.5860E-01	6.3769E-01	6.4501E-01	6.4474E-01
6.8651E-01	7.0182E-01	6.8168E-01	6.8873E-01	6.8847E-01
7.3000E-01	7.4471E-01	7.2536E-01	7.3213E-01	7.3188E-01
7.7297E-01	7.8705E-01	7.6852E-01	7.7501E-01	7.7477E-01
8.1520E-01	8.2865E-01	8.1096E-01	8.1715E-01	8.1693E-01
8.5650E-01	8.6929E-01	8.5246E-01	8.5835E-01	8.5814E-01
8.9666E-01	9.0878E-01	8.9284E-01	8.9842E-01	8.9821E-01
9.3549E-01	9.4693E-01	9.3188E-01	9.3715E-01	9.3695E-01
9.7279E-01	9.8353E-01	9.6940E-01	9.7435E-01	9.7417E-01
1.0084E+00	1.0184E+00	1.0052E+00	1.0099E+00	1.0097E+00
1.0421E+00	1.0514E+00	1.0392E+00	1.0435E+00	1.0433E+00
1.0738E+00	1.0824E+00	1.0711E+00	1.0751E+00	1.0749E+00
1.1033E+00	1.1111E+00	1.1009E+00	1.1045E+00	1.1043E+00
1.1305E+00	1.1376E+00	1.1283E+00	1.1315E+00	1.1314E+00
1.1552E+00	1.1615E+00	1.1532E+00	1.1561E+00	1.1560E+00
1.1773E+00	1.1828E+00	1.1756E+00	1.1781E+00	1.1780E+00
1.1967E+00	1.2015E+00	1.1952E+00	1.1974E+00	1.1973E+00
1.2134E+00	1.2174E+00	1.2121E+00	1.2140E+00	1.2139E+00
1.2272E+00	1.2303E+00	1.2262E+00	1.2276E+00	1.2276E+00
1.2380E+00	1.2404E+00	1.2372E+00	1.2383E+00	1.2383E+00
1.2459E+00	1.2475E+00	1.2454E+00	1.2461E+00	1.2461E+00
1.2507E+00	1.2515E+00	1.2504E+00	1.2508E+00	1.2508E+00
1.2525E+00	1.2525E+00	1.2525E+00	1.2525E+00	1.2525E+00
!M	CMTAB
!U	nd
3.1312E-01	3.1312E-01	3.1312E-01	3.1312E-01	3.1312E-01
3.1256E-01	3.1252E-01	3.1253E-01	3.1250E-01	3.1251E-01
3.1088E-01	3.1076E-01	3.1078E-01	3.1069E-01	3.1072E-01
3.0817E-01	3.0789E-01	3.0794E-01	3.0773E-01	3.0780E-01
3.0446E-01	3.0397E-01	3.0406E-01	3.0370E-01	3.0383E-01
2.9981E-01	2.9907E-01	2.9920E-01	2.9865E-01	2.9885E-01
2.9428E-01	2.9323E-01	2.9342E-01	2.9264E-01	2.9293E-01
2.8793E-01	2.8653E-01	2.8678E-01	2.8574E-01	2.8612E-01
2.8080E-01	2.7903E-01	2.7933E-01	2.7800E-01	2.7850E-01
2.7296E-01	2.7076E-01	2.7113E-01	2.6949E-01	2.7011E-01
2.6445E-01	2.6182E-01	2.6224E-01	2.6026E-01	2.6102E-01
2.5534E-01	2.5223E-01	2.5272E-01	2.5038E-01	2.5129E-01
2.4567E-01	2.4208E-01	2.4262E-01	2.3991E-01	2.4098E-01
2.3551E-01	2.3141E-01	2.3200E-01	2.2890E-01	2.3014E-01
2.2490E-01	2.2028E-01	2.2093E-01	2.1742E-01	2.1885E-01
2.1391E-01	2.0877E-01	2.0944E-01	2.0553E-01	2.0715E-01
2.0258E-01	1.9691E-01	1.9762E-01	1.9328E-01	1.9511E-01
1.9098E-01	1.8478E-01	1.8550E-01	1.8075E-01	1.8279E-01
1.7915E-01	1.7243E-01	1.7316E-01	1.6798E-01	1.7025E-01
1.6715E-01	1.5992E-01	1.6064E-01	1.5505E-01	1.5755E-01
1.5504E-01	1.4731E-01	1.4800E-01	1.4200E-01	1.4474E-01
1.4287E-01	1.3466E-01	1.3531E-01	1.2891E-01	1.3190E-01
1.3070E-01	1.2203E-01	1.2262E-01	1.1582E-01	1.1907E-01
1.1858E-01	1.0947E-01	1.0999E-01	1.0281E-01	1.0632E-01
1.0657E-01	9.7056E-02	9.7469E-02	8.9932E-02	9.3713E-02
9.4716E-02	8.4834E-02	8.5123E-02	7.7246E-02	8.1302E-02
8.3080E-02	7.2868E-02	7.3008E-02	6.4813E-02	6.9151E-02
7.1715E-02	6.1216E-02	6.1180E-02	5.2694E-02	5.7319E-02
6.0676E-02	4.9937E-02	4.9699E-02	4.0949E-02	4.5865E-02
5.0018E-02	3.9091E-02	3.8620E-02	2.9639E-02	3.4851E-02
3.9796E-02	2.8736E-02	2.8003E-02	1.8824E-02	2.4336E-02
3.0065E-02	1.8932E-02	1.7903E-02	8.5650E-03	1.4380E-02
2.0879E-02	9.7370E-03	8.3800E-03	-1.0780E-03	5.0440E-03
1.2294E-02	1.2120E-03	-5.0900E-04	-1.0045E-02	-3.6140E-03
4.3640E-03	-6.5850E-03	-8.7080E-03	-1.8274E-02	-1.1532E-02
-2.8560E-03	-1.3596E-02	-1.6157E-02	-2.5705E-02	-1.8651E-02
-9.3100E-03	-1.9760E-02	-2.2801E-02	-3.2279E-02	-2.4910E-02
-1.4944E-02	-2.5018E-02	-2.8580E-02	-3.7933E-02	-3.0250E-02
-1.9703E-02	-2.9312E-02	-3.3438E-02	-4.2609E-02	-3.4610E-02
-2.3533E-02	-3.2582E-02	-3.7316E-02	-4.6245E-02	-3.7931E-02
-2.6377E-02	-3.4718E-02	-4.0158E-02	-4.8781E-02	-4.0071E-02
-2.8161E-02	-3.5082E-02	-4.0964E-02	-4.5499E-02	-3.8488E-02
-2.7516E-02	-3.8780E-02	-4.2500E-02	-5.5681E-02	-6.3041E-02
-4.9676E-02	-6.2400E-02	-8.0185E-02	-9.4078E-02	-1.0050E-01
-5.8500E-02	-8.8000E-02	-1.0200E-01	-1.0560E-01	-1.0520E-01
-6.5900E-02	-1.0300E-01	-1.0640E-01	-1.0520E-01	-1.0380E-01
-9.3000E-02	-1.0680E-01	-1.0470E-01	-1.0270E-01	-1.0140E-01
-1.0060E-01	-1.0270E-01	-9.8900E-02	-9.8000E-02	-9.7800E-02
-9.7286E-02	-9.3485E-02	-9.1903E-02	-9.1300E-02	-9.0523E-02
-8.2809E-02	-7.2185E-02	-7.9762E-02	-7.8800E-02	-8.0547E-02
-8.5003E-02	-6.2851E-02	-8.5125E-02	-7.9181E-02	-8.0181E-02
-8.7062E-02	-6.5723E-02	-8.6863E-02	-8.0418E-02	-8.1327E-02
-8.9047E-02	-6.7721E-02	-8.8927E-02	-8.2380E-02	-8.3199E-02
-9.1717E-02	-7.0487E-02	-9.1669E-02	-8.5056E-02	-8.5791E-02
-9.5033E-02	-7.3978E-02	-9.5050E-02	-8.8405E-02	-8.9061E-02
-9.8955E-02	-7.8149E-02	-9.9030E-02	-9.2386E-02	-9.2969E-02
-1.0345E-01	-8.2957E-02	-1.0357E-01	-9.6959E-02	-9.7474E-02
-1.0846E-01	-8.8359E-02	-1.0863E-01	-1.0208E-01	-1.0254E-01
-1.1397E-01	-9.4309E-02	-1.1418E-01	-1.0772E-01	-1.0811E-01
-1.1993E-01	-1.0077E-01	-1.2017E-01	-1.1382E-01	-1.1416E-01
-1.2630E-01	-1.0769E-01	-1.2657E-01	-1.2035E-01	-1.2064E-01
-1.3303E-01	-1.1502E-01	-1.3333E-01	-1.2727E-01	-1.2752E-01
-1.4010E-01	-1.2273E-01	-1.4042E-01	-1.3453E-01	-1.3474E-01
-1.4747E-01	-1.3078E-01	-1.4779E-01	-1.4211E-01	-1.4228E-01
-1.5508E-01	-1.3910E-01	-1.5541E-01	-1.4994E-01	-1.5008E-01
-1.6291E-01	-1.4768E-01	-1.6325E-01	-1.5800E-01	-1.5811E-01
-1.7091E-01	-1.5645E-01	-1.7125E-01	-1.6625E-01	-1.6633E-01
-1.7905E-01	-1.6538E-01	-1.7939E-01	-1.7464E-01	-1.7469E-01
-1.8729E-01	-1.7442E-01	-1.8762E-01	-1.8313E-01	-1.8316E-01
-1.9558E-01	-1.8352E-01	-1.9590E-01	-1.9168E-01	-1.9170E-01
-2.0389E-01	-1.9266E-01	-2.0420E-01	-2.0025E-01	-2.0026E-01
-2.1217E-01	-2.0177E-01	-2.1247E-01	-2.0880E-01	-2.0880E-01
-2.2040E-01	-2.1082E-01	-2.2068E-01	-2.1729E-01	-2.1727E-01
-2.2852E-01	-2.1977E-01	-2.2879E-01	-2.2567E-01	-2.2565E-01
-2.3650E-01	-2.2856E-01	-2.3675E-01	-2.3392E-01	-2.3389E-01
-2.4431E-01	-2.3716E-01	-2.4454E-01	-2.4198E-01	-2.4195E-01
-2.5189E-01	-2.4552E-01	-2.5210E-01	-2.4982E-01	-2.4979E-01
-2.5922E-01	-2.5360E-01	-2.5941E-01	-2.5739E-01	-2.5736E-01
-2.6625E-01	-2.6136E-01	-2.6642E-01	-2.6465E-01	-2.6462E-01
-2.7294E-01	-2.6874E-01	-2.7309E-01	-2.7157E-01	-2.7154E-01
-2.7926E-01	-2.7572E-01	-2.7939E-01	-2.7810E-01	-2.7808E-01
-2.8517E-01	-2.8223E-01	-2.8527E-01	-2.8421E-01	-2.8418E-01
-2.9062E-01	-2.8825E-01	-2.9070E-01	-2.8984E-01	-2.8982E-01
-2.9557E-01	-2.9372E-01	-2.9564E-01	-2.9496E-01	-2.9495E-01
-2.9999E-01	-2.9861E-01	-3.0004E-01	-2.9954E-01	-2.9952E-01
-3.0384E-01	-3.0286E-01	-3.0388E-01	-3.0352E-01	-3.0351E-01
-3.0708E-01	-3.0644E-01	-3.0710E-01	-3.0687E-01	-3.0686E-01
-3.0966E-01	-3.0930E-01	-3.0968E-01	-3.0954E-01	-3.0954E-01
-3.1156E-01	-3.1139E-01	-3.1157E-01	-3.1151E-01	-3.1150E-01
-3.1273E-01	-3.1268E-01	-3.1273E-01	-3.1271E-01	-3.1271E-01
-3.1312E-01	-3.1312E-01	-3.1312E-01	-3.1312E-01	-3.1312E-01
