!T	AOACL
!U	deg
-90	
-88	
-86	
-84	
-82	
-80	
-78	
-76	
-74	
-72	
-70	
-68	
-66	
-64	
-62	
-60	
-58	
-56	
-54	
-52	
-50	
-48	
-46	
-44	
-42	
-40	
-38	
-36	
-34	
-32	
-30	
-28	
-26	
-24	
-22	
-20	
-18	
-16	
-14	
-12	
-10	
-8	
-6	
-4	
-2	
0	
2	
4	
6	
8	
10	
12	
14	
16	
18	
20	
22	
24	
26	
28	
30	
32	
34	
36	
38	
40	
42	
44	
46	
48	
50	
52	
54	
56	
58	
60	
62	
64	
66	
68	
70	
72	
74	
76	
78	
80	
82	
84	
86	
88	
90	
!T	AOACD
!U	deg
-90	
-88	
-86	
-84	
-82	
-80	
-78	
-76	
-74	
-72	
-70	
-68	
-66	
-64	
-62	
-60	
-58	
-56	
-54	
-52	
-50	
-48	
-46	
-44	
-42	
-40	
-38	
-36	
-34	
-32	
-30	
-28	
-26	
-24	
-22	
-20	
-18	
-16	
-14	
-12	
-10	
-8	
-6	
-4	
-2	
0	
2	
4	
6	
8	
10	
12	
14	
16	
18	
20	
22	
24	
26	
28	
30	
32	
34	
36	
38	
40	
42	
44	
46	
48	
50	
52	
54	
56	
58	
60	
62	
64	
66	
68	
70	
72	
74	
76	
78	
80	
82	
84	
86	
88	
90	
!T	AOACM
!U	deg
-90	
-88	
-86	
-84	
-82	
-80	
-78	
-76	
-74	
-72	
-70	
-68	
-66	
-64	
-62	
-60	
-58	
-56	
-54	
-52	
-50	
-48	
-46	
-44	
-42	
-40	
-38	
-36	
-34	
-32	
-30	
-28	
-26	
-24	
-22	
-20	
-18	
-16	
-14	
-12	
-10	
-8	
-6	
-4	
-2	
0	
2	
4	
6	
8	
10	
12	
14	
16	
18	
20	
22	
24	
26	
28	
30	
32	
34	
36	
38	
40	
42	
44	
46	
48	
50	
52	
54	
56	
58	
60	
62	
64	
66	
68	
70	
72	
74	
76	
78	
80	
82	
84	
86	
88	
90	
!T	RECL
!U	nd
50000	
100000	
150000	
200000	
250000	
!T	RECD
!U	nd
50000	
100000	
150000	
200000	
250000	
!T	RECM
!U	nd
50000	
100000	
150000	
200000	
250000	
!M	CLTAB
!U	nd
-0.0000E+00	-0.0000E+00	-0.0000E+00	-0.0000E+00	-0.0000E+00
-4.2634E-02	-4.2635E-02	-4.2635E-02	-4.2641E-02	-4.2646E-02
-8.5109E-02	-8.5112E-02	-8.5115E-02	-8.5136E-02	-8.5156E-02
-1.2722E-01	-1.2723E-01	-1.2723E-01	-1.2728E-01	-1.2732E-01
-1.6876E-01	-1.6877E-01	-1.6878E-01	-1.6887E-01	-1.6895E-01
-2.0953E-01	-2.0955E-01	-2.0957E-01	-2.0970E-01	-2.0982E-01
-2.4933E-01	-2.4935E-01	-2.4938E-01	-2.4958E-01	-2.4976E-01
-2.8798E-01	-2.8801E-01	-2.8805E-01	-2.8831E-01	-2.8855E-01
-3.2528E-01	-3.2532E-01	-3.2537E-01	-3.2571E-01	-3.2603E-01
-3.6105E-01	-3.6110E-01	-3.6117E-01	-3.6161E-01	-3.6201E-01
-3.9513E-01	-3.9519E-01	-3.9527E-01	-3.9582E-01	-3.9632E-01
-4.2736E-01	-4.2743E-01	-4.2753E-01	-4.2819E-01	-4.2880E-01
-4.5757E-01	-4.5765E-01	-4.5777E-01	-4.5857E-01	-4.5930E-01
-4.8563E-01	-4.8573E-01	-4.8587E-01	-4.8681E-01	-4.8767E-01
-5.1141E-01	-5.1153E-01	-5.1169E-01	-5.1279E-01	-5.1379E-01
-5.3479E-01	-5.3492E-01	-5.3511E-01	-5.3639E-01	-5.3754E-01
-5.5566E-01	-5.5581E-01	-5.5603E-01	-5.5749E-01	-5.5881E-01
-5.7392E-01	-5.7410E-01	-5.7435E-01	-5.7601E-01	-5.7752E-01
-5.8950E-01	-5.8971E-01	-5.8999E-01	-5.9187E-01	-5.9357E-01
-6.0234E-01	-6.0257E-01	-6.0288E-01	-6.0500E-01	-6.0692E-01
-6.1237E-01	-6.1263E-01	-6.1298E-01	-6.1536E-01	-6.1751E-01
-6.1957E-01	-6.1986E-01	-6.2026E-01	-6.2291E-01	-6.2531E-01
-6.2392E-01	-6.2424E-01	-6.2468E-01	-6.2763E-01	-6.3031E-01
-6.2540E-01	-6.2576E-01	-6.2625E-01	-6.2953E-01	-6.3250E-01
-6.2404E-01	-6.2443E-01	-6.2498E-01	-6.2861E-01	-6.3191E-01
-6.1987E-01	-6.2030E-01	-6.2090E-01	-6.2492E-01	-6.2857E-01
-6.1292E-01	-6.1340E-01	-6.1406E-01	-6.1850E-01	-6.2254E-01
-6.0327E-01	-6.0380E-01	-6.0454E-01	-6.0944E-01	-6.1389E-01
-5.9101E-01	-5.9159E-01	-5.9240E-01	-5.9781E-01	-6.0273E-01
-5.7624E-01	-5.7688E-01	-5.7778E-01	-5.8375E-01	-5.8918E-01
-5.5909E-01	-5.5980E-01	-5.6079E-01	-5.6739E-01	-5.7339E-01
-5.3972E-01	-5.4050E-01	-5.4160E-01	-5.4891E-01	-5.5554E-01
-5.1831E-01	-5.1918E-01	-5.2040E-01	-5.2851E-01	-5.3588E-01
-4.9510E-01	-4.9607E-01	-4.9742E-01	-5.0646E-01	-5.1466E-01
-4.7036E-01	-4.7145E-01	-4.7296E-01	-4.8306E-01	-4.9223E-01
-4.4443E-01	-4.4565E-01	-4.4735E-01	-4.5872E-01	-4.6904E-01
-4.1776E-01	-4.1914E-01	-4.2107E-01	-4.3396E-01	-4.4566E-01
-3.9094E-01	-3.9253E-01	-3.9474E-01	-4.0950E-01	-4.2290E-01
-3.6484E-01	-3.6668E-01	-3.6925E-01	-3.8638E-01	-4.0193E-01
-3.4077E-01	-3.4295E-01	-3.4598E-01	-3.6624E-01	-3.8463E-01
-3.2096E-01	-3.2361E-01	-3.2729E-01	-3.5188E-01	-3.7275E-01
-3.0972E-01	-3.1306E-01	-3.1794E-01	-3.5031E-01	-3.7630E-01
-3.2183E-01	-3.3169E-01	-3.3634E-01	-3.6920E-01	-3.2110E-01
-3.4618E-01	-2.4961E-01	-2.6267E-01	7.2280E-03	-1.3000E-02
-6.2804E-02	-3.5560E-03	1.7800E-01	1.7518E-01	2.5770E-01
3.7110E-01	4.7600E-01	5.8440E-01	6.5190E-01	6.9610E-01
5.6490E-01	8.1840E-01	8.9640E-01	9.3300E-01	9.5870E-01
9.3640E-01	1.1109E+00	1.1495E+00	1.1499E+00	1.1468E+00
1.2712E+00	1.2861E+00	1.2968E+00	1.3164E+00	1.3375E+00
1.2920E+00	1.3557E+00	1.3580E+00	1.3135E+00	1.2849E+00
1.1351E+00	1.1868E+00	1.1671E+00	1.1018E+00	1.0703E+00
1.0082E+00	1.0378E+00	1.0254E+00	9.7996E-01	9.5695E-01
9.2924E-01	9.5432E-01	9.4381E-01	9.0539E-01	8.8593E-01
8.7712E-01	8.9873E-01	8.8968E-01	8.5658E-01	8.3982E-01
8.4226E-01	8.6113E-01	8.5323E-01	8.2433E-01	8.0969E-01
8.1886E-01	8.3550E-01	8.2853E-01	8.0304E-01	7.9013E-01
8.0317E-01	8.1797E-01	8.1177E-01	7.8912E-01	7.7764E-01
7.9268E-01	8.0590E-01	8.0036E-01	7.8010E-01	7.6984E-01
7.8557E-01	7.9745E-01	7.9247E-01	7.7428E-01	7.6506E-01
7.8055E-01	7.9125E-01	7.8677E-01	7.7037E-01	7.6207E-01
7.7663E-01	7.8630E-01	7.8225E-01	7.6744E-01	7.5994E-01
7.7306E-01	7.8181E-01	7.7815E-01	7.6475E-01	7.5796E-01
7.6926E-01	7.7719E-01	7.7387E-01	7.6173E-01	7.5559E-01
7.6477E-01	7.7194E-01	7.6894E-01	7.5794E-01	7.5237E-01
7.5920E-01	7.6570E-01	7.6298E-01	7.5302E-01	7.4797E-01
7.5227E-01	7.5815E-01	7.5569E-01	7.4667E-01	7.4211E-01
7.4374E-01	7.4906E-01	7.4683E-01	7.3868E-01	7.3456E-01
7.3343E-01	7.3824E-01	7.3623E-01	7.2887E-01	7.2515E-01
7.2121E-01	7.2553E-01	7.2372E-01	7.1710E-01	7.1374E-01
7.0695E-01	7.1083E-01	7.0921E-01	7.0326E-01	7.0025E-01
6.9059E-01	6.9407E-01	6.9262E-01	6.8729E-01	6.8459E-01
6.7210E-01	6.7520E-01	6.7390E-01	6.6915E-01	6.6674E-01
6.5144E-01	6.5419E-01	6.5304E-01	6.4882E-01	6.4668E-01
6.2862E-01	6.3105E-01	6.3004E-01	6.2631E-01	6.2443E-01
6.0368E-01	6.0581E-01	6.0492E-01	6.0165E-01	5.9999E-01
5.7665E-01	5.7851E-01	5.7773E-01	5.7488E-01	5.7344E-01
5.4761E-01	5.4922E-01	5.4855E-01	5.4608E-01	5.4483E-01
5.1664E-01	5.1802E-01	5.1744E-01	5.1533E-01	5.1426E-01
4.8383E-01	4.8500E-01	4.8451E-01	4.8272E-01	4.8182E-01
4.4931E-01	4.5028E-01	4.4987E-01	4.4838E-01	4.4762E-01
4.1319E-01	4.1399E-01	4.1365E-01	4.1242E-01	4.1180E-01
3.7561E-01	3.7626E-01	3.7599E-01	3.7500E-01	3.7450E-01
3.3674E-01	3.3725E-01	3.3704E-01	3.3626E-01	3.3586E-01
2.9673E-01	2.9712E-01	2.9695E-01	2.9636E-01	2.9606E-01
2.5574E-01	2.5603E-01	2.5591E-01	2.5547E-01	2.5525E-01
2.1397E-01	2.1417E-01	2.1409E-01	2.1378E-01	2.1363E-01
1.7160E-01	1.7172E-01	1.7167E-01	1.7148E-01	1.7138E-01
1.2881E-01	1.2888E-01	1.2885E-01	1.2875E-01	1.2869E-01
8.5817E-02	8.5848E-02	8.5835E-02	8.5787E-02	8.5762E-02
4.2811E-02	4.2819E-02	4.2815E-02	4.2803E-02	4.2797E-02
0.0000E+00	0.0000E+00	0.0000E+00	0.0000E+00	0.0000E+00
!M	CDTAB
!U	nd
1.2217E+00	1.2217E+00	1.2217E+00	1.2217E+00	1.2217E+00
1.2228E+00	1.2227E+00	1.2226E+00	1.2231E+00	1.2229E+00
1.2210E+00	1.2207E+00	1.2207E+00	1.2215E+00	1.2211E+00
1.2163E+00	1.2158E+00	1.2157E+00	1.2169E+00	1.2163E+00
1.2086E+00	1.2080E+00	1.2078E+00	1.2095E+00	1.2087E+00
1.1981E+00	1.1973E+00	1.1971E+00	1.1992E+00	1.1981E+00
1.1847E+00	1.1837E+00	1.1836E+00	1.1860E+00	1.1848E+00
1.1686E+00	1.1675E+00	1.1673E+00	1.1701E+00	1.1687E+00
1.1499E+00	1.1486E+00	1.1483E+00	1.1516E+00	1.1500E+00
1.1286E+00	1.1271E+00	1.1269E+00	1.1305E+00	1.1287E+00
1.1048E+00	1.1032E+00	1.1030E+00	1.1070E+00	1.1050E+00
1.0788E+00	1.0771E+00	1.0767E+00	1.0812E+00	1.0789E+00
1.0506E+00	1.0487E+00	1.0483E+00	1.0531E+00	1.0507E+00
1.0203E+00	1.0183E+00	1.0179E+00	1.0231E+00	1.0205E+00
9.8821E-01	9.8602E-01	9.8562E-01	9.9116E-01	9.8839E-01
9.5438E-01	9.5205E-01	9.5162E-01	9.5752E-01	9.5457E-01
9.1902E-01	9.1655E-01	9.1609E-01	9.2234E-01	9.1922E-01
8.8230E-01	8.7970E-01	8.7921E-01	8.8581E-01	8.8252E-01
8.4441E-01	8.4168E-01	8.4117E-01	8.4811E-01	8.4464E-01
8.0556E-01	8.0269E-01	8.0216E-01	8.0942E-01	8.0580E-01
7.6592E-01	7.6293E-01	7.6237E-01	7.6996E-01	7.6617E-01
7.2571E-01	7.2260E-01	7.2201E-01	7.2991E-01	7.2597E-01
6.8512E-01	6.8189E-01	6.8129E-01	6.8949E-01	6.8539E-01
6.4437E-01	6.4102E-01	6.4040E-01	6.4889E-01	6.4465E-01
6.0366E-01	6.0020E-01	5.9955E-01	6.0833E-01	6.0394E-01
5.6318E-01	5.5962E-01	5.5895E-01	5.6800E-01	5.6348E-01
5.2315E-01	5.1949E-01	5.1880E-01	5.2810E-01	5.2346E-01
4.8377E-01	4.8001E-01	4.7930E-01	4.8885E-01	4.8408E-01
4.4523E-01	4.4138E-01	4.4066E-01	4.5044E-01	4.4555E-01
4.0773E-01	4.0379E-01	4.0305E-01	4.1306E-01	4.0806E-01
3.7146E-01	3.6743E-01	3.6668E-01	3.7690E-01	3.7179E-01
3.3659E-01	3.3249E-01	3.3172E-01	3.4214E-01	3.3693E-01
3.0331E-01	2.9913E-01	2.9835E-01	3.0896E-01	3.0366E-01
2.7177E-01	2.6752E-01	2.6673E-01	2.7751E-01	2.7213E-01
2.4214E-01	2.3783E-01	2.3702E-01	2.4797E-01	2.4250E-01
2.1457E-01	2.1020E-01	2.0938E-01	2.2047E-01	2.1493E-01
1.8919E-01	1.8476E-01	1.8393E-01	1.9516E-01	1.8956E-01
1.6612E-01	1.6165E-01	1.6082E-01	1.7216E-01	1.6650E-01
1.4549E-01	1.4098E-01	1.4014E-01	1.5159E-01	1.4587E-01
1.2740E-01	1.2285E-01	1.2200E-01	1.3355E-01	1.2778E-01
1.1194E-01	1.0736E-01	1.0650E-01	1.1813E-01	1.1606E-01
9.9181E-02	9.4574E-02	9.3794E-02	1.0531E-01	1.0179E-01
9.0020E-02	8.6196E-02	8.4335E-02	9.5440E-02	7.7980E-02
7.9652E-02	6.6189E-02	6.5738E-02	4.6818E-02	4.4430E-02
5.1948E-02	4.4973E-02	3.3100E-02	3.4460E-02	2.7660E-02
2.9990E-02	2.5360E-02	1.9540E-02	1.5800E-02	1.2910E-02
3.5570E-02	2.1760E-02	1.2990E-02	1.0610E-02	8.9400E-03
3.8120E-02	1.6810E-02	1.2970E-02	1.2080E-02	1.1750E-02
2.6243E-02	2.1100E-02	2.1053E-02	1.9715E-02	1.9572E-02
3.5338E-02	3.5251E-02	3.4230E-02	3.0142E-02	2.8078E-02
5.2290E-02	4.7611E-02	4.6375E-02	4.4029E-02	4.2462E-02
6.1839E-02	6.4804E-02	6.3247E-02	6.0264E-02	5.8482E-02
8.0456E-02	8.3398E-02	8.1854E-02	7.8895E-02	7.7127E-02
1.0169E-01	1.0461E-01	1.0307E-01	1.0014E-01	9.8392E-02
1.2544E-01	1.2832E-01	1.2681E-01	1.2391E-01	1.2218E-01
1.5158E-01	1.5443E-01	1.5293E-01	1.5007E-01	1.4836E-01
1.7999E-01	1.8281E-01	1.8133E-01	1.7850E-01	1.7681E-01
2.1054E-01	2.1331E-01	2.1185E-01	2.0907E-01	2.0740E-01
2.4306E-01	2.4579E-01	2.4436E-01	2.4162E-01	2.3998E-01
2.7741E-01	2.8009E-01	2.7868E-01	2.7599E-01	2.7438E-01
3.1341E-01	3.1604E-01	3.1466E-01	3.1202E-01	3.1044E-01
3.5089E-01	3.5346E-01	3.5211E-01	3.4952E-01	3.4798E-01
3.8966E-01	3.9218E-01	3.9086E-01	3.8833E-01	3.8682E-01
4.2954E-01	4.3200E-01	4.3071E-01	4.2824E-01	4.2677E-01
4.7033E-01	4.7272E-01	4.7147E-01	4.6906E-01	4.6763E-01
5.1183E-01	5.1416E-01	5.1294E-01	5.1060E-01	5.0921E-01
5.5384E-01	5.5610E-01	5.5491E-01	5.5265E-01	5.5129E-01
5.9615E-01	5.9833E-01	5.9719E-01	5.9500E-01	5.9369E-01
6.3856E-01	6.4067E-01	6.3956E-01	6.3744E-01	6.3618E-01
6.8086E-01	6.8289E-01	6.8182E-01	6.7978E-01	6.7856E-01
7.2284E-01	7.2478E-01	7.2376E-01	7.2180E-01	7.2063E-01
7.6429E-01	7.6616E-01	7.6518E-01	7.6330E-01	7.6218E-01
8.0502E-01	8.0680E-01	8.0586E-01	8.0407E-01	8.0300E-01
8.4482E-01	8.4651E-01	8.4562E-01	8.4392E-01	8.4290E-01
8.8350E-01	8.8510E-01	8.8426E-01	8.8264E-01	8.8168E-01
9.2086E-01	9.2238E-01	9.2158E-01	9.2006E-01	9.1915E-01
9.5674E-01	9.5816E-01	9.5742E-01	9.5598E-01	9.5513E-01
9.9094E-01	9.9227E-01	9.9158E-01	9.9024E-01	9.8944E-01
1.0233E+00	1.0245E+00	1.0239E+00	1.0227E+00	1.0219E+00
1.0537E+00	1.0548E+00	1.0542E+00	1.0531E+00	1.0524E+00
1.0819E+00	1.0830E+00	1.0824E+00	1.0814E+00	1.0807E+00
1.1079E+00	1.1088E+00	1.1083E+00	1.1074E+00	1.1068E+00
1.1314E+00	1.1322E+00	1.1318E+00	1.1309E+00	1.1304E+00
1.1524E+00	1.1531E+00	1.1527E+00	1.1520E+00	1.1516E+00
1.1708E+00	1.1714E+00	1.1711E+00	1.1704E+00	1.1701E+00
1.1864E+00	1.1870E+00	1.1867E+00	1.1862E+00	1.1858E+00
1.1993E+00	1.1997E+00	1.1995E+00	1.1991E+00	1.1988E+00
1.2093E+00	1.2096E+00	1.2094E+00	1.2091E+00	1.2089E+00
1.2164E+00	1.2166E+00	1.2165E+00	1.2163E+00	1.2161E+00
1.2205E+00	1.2206E+00	1.2205E+00	1.2204E+00	1.2204E+00
1.2217E+00	1.2217E+00	1.2217E+00	1.2217E+00	1.2217E+00
!M	CMTAB
!U	nd
3.0542E-01	3.0542E-01	3.0542E-01	3.0542E-01	3.0542E-01
3.0491E-01	3.0488E-01	3.0488E-01	3.0487E-01	3.0484E-01
3.0344E-01	3.0332E-01	3.0330E-01	3.0328E-01	3.0313E-01
3.0103E-01	3.0078E-01	3.0073E-01	3.0068E-01	3.0037E-01
2.9775E-01	2.9731E-01	2.9722E-01	2.9713E-01	2.9659E-01
2.9364E-01	2.9297E-01	2.9283E-01	2.9269E-01	2.9187E-01
2.8874E-01	2.8780E-01	2.8760E-01	2.8741E-01	2.8627E-01
2.8311E-01	2.8185E-01	2.8159E-01	2.8134E-01	2.7983E-01
2.7679E-01	2.7517E-01	2.7484E-01	2.7453E-01	2.7261E-01
2.6983E-01	2.6782E-01	2.6742E-01	2.6704E-01	2.6469E-01
2.6228E-01	2.5985E-01	2.5936E-01	2.5892E-01	2.5611E-01
2.5418E-01	2.5131E-01	2.5073E-01	2.5021E-01	2.4693E-01
2.4558E-01	2.4224E-01	2.4158E-01	2.4098E-01	2.3721E-01
2.3654E-01	2.3270E-01	2.3195E-01	2.3128E-01	2.2701E-01
2.2709E-01	2.2273E-01	2.2189E-01	2.2115E-01	2.1639E-01
2.1729E-01	2.1240E-01	2.1147E-01	2.1066E-01	2.0540E-01
2.0718E-01	2.0175E-01	2.0073E-01	1.9985E-01	1.9411E-01
1.9681E-01	1.9082E-01	1.8971E-01	1.8878E-01	1.8257E-01
1.8623E-01	1.7968E-01	1.7849E-01	1.7749E-01	1.7084E-01
1.7549E-01	1.6837E-01	1.6710E-01	1.6605E-01	1.5898E-01
1.6463E-01	1.5695E-01	1.5559E-01	1.5451E-01	1.4705E-01
1.5370E-01	1.4546E-01	1.4403E-01	1.4291E-01	1.3510E-01
1.4275E-01	1.3395E-01	1.3245E-01	1.3131E-01	1.2319E-01
1.3183E-01	1.2247E-01	1.2092E-01	1.1976E-01	1.1139E-01
1.2098E-01	1.1109E-01	1.0948E-01	1.0832E-01	9.9749E-02
1.1025E-01	9.9833E-02	9.8188E-02	9.7039E-02	8.8325E-02
9.9698E-02	8.8768E-02	8.7091E-02	8.5966E-02	7.7179E-02
8.9360E-02	7.7941E-02	7.6242E-02	7.5157E-02	6.6367E-02
7.9287E-02	6.7402E-02	6.5692E-02	6.4663E-02	5.5949E-02
6.9527E-02	5.7202E-02	5.5494E-02	5.4538E-02	4.5983E-02
6.0126E-02	4.7392E-02	4.5700E-02	4.4835E-02	3.6527E-02
5.1135E-02	3.8021E-02	3.6359E-02	3.5605E-02	2.7639E-02
4.2598E-02	2.9142E-02	2.7525E-02	2.6901E-02	1.9378E-02
3.4565E-02	2.0805E-02	1.9249E-02	1.8777E-02	1.1802E-02
2.7084E-02	1.3060E-02	1.1582E-02	1.1284E-02	4.9700E-03
2.0201E-02	5.9580E-03	4.5760E-03	4.4750E-03	-1.0620E-03
1.3964E-02	-4.5000E-04	-1.7170E-03	-1.5960E-03	-6.2330E-03
8.4210E-03	-6.1140E-03	-7.2460E-03	-6.8780E-03	-1.0486E-02
3.6200E-03	-1.0982E-02	-1.1959E-02	-1.1318E-02	-1.3763E-02
-3.9200E-04	-1.5005E-02	-1.5805E-02	-1.4862E-02	-1.6005E-02
-3.5660E-03	-1.8131E-02	-1.8732E-02	-1.7459E-02	-1.8306E-02
-5.8560E-03	-2.0310E-02	-2.0672E-02	-1.9074E-02	-1.7211E-02
-7.6720E-03	-2.0732E-02	-2.0262E-02	-1.9600E-02	-3.6800E-02
-1.0749E-02	-4.4054E-02	-4.6804E-02	-9.4757E-02	-1.0240E-01
-6.7861E-02	-8.6669E-02	-1.2020E-01	-1.2053E-01	-1.3730E-01
-1.2060E-01	-1.4180E-01	-1.5920E-01	-1.6830E-01	-1.7310E-01
-1.2990E-01	-1.6370E-01	-1.7180E-01	-1.7800E-01	-1.8240E-01
-1.5860E-01	-1.7067E-01	-1.7570E-01	-1.7520E-01	-1.7460E-01
-1.5193E-01	-1.5254E-01	-1.5294E-01	-1.5230E-01	-1.5546E-01
-1.1452E-01	-1.2461E-01	-1.2970E-01	-1.3881E-01	-1.4453E-01
-1.0955E-01	-1.2252E-01	-1.2999E-01	-1.3924E-01	-1.4502E-01
-1.1149E-01	-1.2342E-01	-1.3091E-01	-1.4023E-01	-1.4603E-01
-1.1306E-01	-1.2489E-01	-1.3239E-01	-1.4174E-01	-1.4754E-01
-1.1523E-01	-1.2693E-01	-1.3439E-01	-1.4374E-01	-1.4952E-01
-1.1796E-01	-1.2949E-01	-1.3690E-01	-1.4621E-01	-1.5194E-01
-1.2123E-01	-1.3256E-01	-1.3989E-01	-1.4912E-01	-1.5478E-01
-1.2500E-01	-1.3610E-01	-1.4332E-01	-1.5243E-01	-1.5801E-01
-1.2924E-01	-1.4007E-01	-1.4716E-01	-1.5613E-01	-1.6161E-01
-1.3390E-01	-1.4445E-01	-1.5138E-01	-1.6018E-01	-1.6554E-01
-1.3896E-01	-1.4920E-01	-1.5596E-01	-1.6455E-01	-1.6978E-01
-1.4439E-01	-1.5429E-01	-1.6086E-01	-1.6922E-01	-1.7430E-01
-1.5014E-01	-1.5969E-01	-1.6605E-01	-1.7416E-01	-1.7907E-01
-1.5618E-01	-1.6536E-01	-1.7149E-01	-1.7933E-01	-1.8407E-01
-1.6248E-01	-1.7128E-01	-1.7717E-01	-1.8471E-01	-1.8927E-01
-1.6901E-01	-1.7740E-01	-1.8305E-01	-1.9028E-01	-1.9465E-01
-1.7573E-01	-1.8371E-01	-1.8909E-01	-1.9600E-01	-2.0016E-01
-1.8261E-01	-1.9016E-01	-1.9528E-01	-2.0184E-01	-2.0580E-01
-1.8961E-01	-1.9673E-01	-2.0157E-01	-2.0778E-01	-2.1152E-01
-1.9669E-01	-2.0338E-01	-2.0793E-01	-2.1379E-01	-2.1731E-01
-2.0383E-01	-2.1008E-01	-2.1434E-01	-2.1984E-01	-2.2314E-01
-2.1099E-01	-2.1680E-01	-2.2077E-01	-2.2589E-01	-2.2897E-01
-2.1813E-01	-2.2350E-01	-2.2718E-01	-2.3193E-01	-2.3478E-01
-2.2523E-01	-2.3016E-01	-2.3355E-01	-2.3793E-01	-2.4055E-01
-2.3224E-01	-2.3674E-01	-2.3984E-01	-2.4385E-01	-2.4624E-01
-2.3913E-01	-2.4321E-01	-2.4602E-01	-2.4966E-01	-2.5184E-01
-2.4587E-01	-2.4954E-01	-2.5207E-01	-2.5534E-01	-2.5730E-01
-2.5243E-01	-2.5569E-01	-2.5794E-01	-2.6087E-01	-2.6261E-01
-2.5876E-01	-2.6163E-01	-2.6362E-01	-2.6620E-01	-2.6774E-01
-2.6484E-01	-2.6734E-01	-2.6907E-01	-2.7132E-01	-2.7266E-01
-2.7063E-01	-2.7277E-01	-2.7426E-01	-2.7619E-01	-2.7734E-01
-2.7609E-01	-2.7790E-01	-2.7916E-01	-2.8079E-01	-2.8176E-01
-2.8120E-01	-2.8269E-01	-2.8373E-01	-2.8508E-01	-2.8589E-01
-2.8592E-01	-2.8712E-01	-2.8796E-01	-2.8905E-01	-2.8969E-01
-2.9021E-01	-2.9114E-01	-2.9180E-01	-2.9265E-01	-2.9316E-01
-2.9404E-01	-2.9474E-01	-2.9523E-01	-2.9587E-01	-2.9625E-01
-2.9737E-01	-2.9787E-01	-2.9821E-01	-2.9867E-01	-2.9893E-01
-3.0018E-01	-3.0050E-01	-3.0073E-01	-3.0102E-01	-3.0119E-01
-3.0242E-01	-3.0260E-01	-3.0273E-01	-3.0290E-01	-3.0300E-01
-3.0406E-01	-3.0414E-01	-3.0420E-01	-3.0428E-01	-3.0432E-01
-3.0507E-01	-3.0509E-01	-3.0511E-01	-3.0513E-01	-3.0514E-01
-3.0542E-01	-3.0542E-01	-3.0542E-01	-3.0542E-01	-3.0542E-01
