!T	AOACL
!U	deg
-90	
-88	
-86	
-84	
-82	
-80	
-78	
-76	
-74	
-72	
-70	
-68	
-66	
-64	
-62	
-60	
-58	
-56	
-54	
-52	
-50	
-48	
-46	
-44	
-42	
-40	
-38	
-36	
-34	
-32	
-30	
-28	
-26	
-24	
-22	
-20	
-18	
-16	
-14	
-12	
-10	
-8	
-6	
-4	
-2	
0	
2	
4	
6	
8	
10	
12	
14	
16	
18	
20	
22	
24	
26	
28	
30	
32	
34	
36	
38	
40	
42	
44	
46	
48	
50	
52	
54	
56	
58	
60	
62	
64	
66	
68	
70	
72	
74	
76	
78	
80	
82	
84	
86	
88	
90	
!T	AOACD
!U	deg
-90	
-88	
-86	
-84	
-82	
-80	
-78	
-76	
-74	
-72	
-70	
-68	
-66	
-64	
-62	
-60	
-58	
-56	
-54	
-52	
-50	
-48	
-46	
-44	
-42	
-40	
-38	
-36	
-34	
-32	
-30	
-28	
-26	
-24	
-22	
-20	
-18	
-16	
-14	
-12	
-10	
-8	
-6	
-4	
-2	
0	
2	
4	
6	
8	
10	
12	
14	
16	
18	
20	
22	
24	
26	
28	
30	
32	
34	
36	
38	
40	
42	
44	
46	
48	
50	
52	
54	
56	
58	
60	
62	
64	
66	
68	
70	
72	
74	
76	
78	
80	
82	
84	
86	
88	
90	
!T	AOACM
!U	deg
-90	
-88	
-86	
-84	
-82	
-80	
-78	
-76	
-74	
-72	
-70	
-68	
-66	
-64	
-62	
-60	
-58	
-56	
-54	
-52	
-50	
-48	
-46	
-44	
-42	
-40	
-38	
-36	
-34	
-32	
-30	
-28	
-26	
-24	
-22	
-20	
-18	
-16	
-14	
-12	
-10	
-8	
-6	
-4	
-2	
0	
2	
4	
6	
8	
10	
12	
14	
16	
18	
20	
22	
24	
26	
28	
30	
32	
34	
36	
38	
40	
42	
44	
46	
48	
50	
52	
54	
56	
58	
60	
62	
64	
66	
68	
70	
72	
74	
76	
78	
80	
82	
84	
86	
88	
90	
!T	RECL
!U	nd
50000	
100000	
150000	
200000	
250000	
!T	RECD
!U	nd
50000	
100000	
150000	
200000	
250000	
!T	RECM
!U	nd
50000	
100000	
150000	
200000	
250000	
!M	CLTAB
!U	nd
-0.0000E+00	-0.0000E+00	-0.0000E+00	-0.0000E+00	-0.0000E+00
-4.2638E-02	-4.2646E-02	-4.2640E-02	-4.2650E-02	-4.2643E-02
-8.5125E-02	-8.5158E-02	-8.5132E-02	-8.5172E-02	-8.5145E-02
-1.2726E-01	-1.2733E-01	-1.2727E-01	-1.2736E-01	-1.2730E-01
-1.6883E-01	-1.6895E-01	-1.6885E-01	-1.6901E-01	-1.6890E-01
-2.0963E-01	-2.0984E-01	-2.0967E-01	-2.0993E-01	-2.0976E-01
-2.4948E-01	-2.4977E-01	-2.4954E-01	-2.4990E-01	-2.4966E-01
-2.8818E-01	-2.8858E-01	-2.8825E-01	-2.8875E-01	-2.8842E-01
-3.2554E-01	-3.2606E-01	-3.2564E-01	-3.2629E-01	-3.2586E-01
-3.6138E-01	-3.6205E-01	-3.6151E-01	-3.6234E-01	-3.6179E-01
-3.9554E-01	-3.9637E-01	-3.9570E-01	-3.9673E-01	-3.9605E-01
-4.2786E-01	-4.2886E-01	-4.2805E-01	-4.2930E-01	-4.2847E-01
-4.5817E-01	-4.5937E-01	-4.5840E-01	-4.5990E-01	-4.5890E-01
-4.8634E-01	-4.8776E-01	-4.8661E-01	-4.8838E-01	-4.8721E-01
-5.1223E-01	-5.1390E-01	-5.1255E-01	-5.1462E-01	-5.1325E-01
-5.3574E-01	-5.3766E-01	-5.3611E-01	-5.3850E-01	-5.3691E-01
-5.5675E-01	-5.5895E-01	-5.5717E-01	-5.5992E-01	-5.5809E-01
-5.7517E-01	-5.7768E-01	-5.7564E-01	-5.7877E-01	-5.7670E-01
-5.9091E-01	-5.9376E-01	-5.9145E-01	-5.9500E-01	-5.9265E-01
-6.0393E-01	-6.0713E-01	-6.0454E-01	-6.0853E-01	-6.0588E-01
-6.1416E-01	-6.1775E-01	-6.1484E-01	-6.1931E-01	-6.1634E-01
-6.2156E-01	-6.2557E-01	-6.2233E-01	-6.2732E-01	-6.2401E-01
-6.2613E-01	-6.3060E-01	-6.2698E-01	-6.3255E-01	-6.2886E-01
-6.2787E-01	-6.3282E-01	-6.2881E-01	-6.3499E-01	-6.3089E-01
-6.2677E-01	-6.3227E-01	-6.2782E-01	-6.3466E-01	-6.3012E-01
-6.2288E-01	-6.2896E-01	-6.2404E-01	-6.3161E-01	-6.2659E-01
-6.1625E-01	-6.2297E-01	-6.1753E-01	-6.2590E-01	-6.2035E-01
-6.0695E-01	-6.1437E-01	-6.0837E-01	-6.1760E-01	-6.1147E-01
-5.9507E-01	-6.0325E-01	-5.9663E-01	-6.0682E-01	-6.0006E-01
-5.8072E-01	-5.8976E-01	-5.8244E-01	-5.9370E-01	-5.8623E-01
-5.6405E-01	-5.7403E-01	-5.6595E-01	-5.7839E-01	-5.7013E-01
-5.4520E-01	-5.5626E-01	-5.4731E-01	-5.6108E-01	-5.5195E-01
-5.2440E-01	-5.3667E-01	-5.2673E-01	-5.4202E-01	-5.3188E-01
-5.0188E-01	-5.1554E-01	-5.0448E-01	-5.2150E-01	-5.1021E-01
-4.7794E-01	-4.9322E-01	-4.8085E-01	-4.9988E-01	-4.8726E-01
-4.5296E-01	-4.7015E-01	-4.5623E-01	-4.7764E-01	-4.6344E-01
-4.2743E-01	-4.4692E-01	-4.3114E-01	-4.5542E-01	-4.3931E-01
-4.0202E-01	-4.2434E-01	-4.0627E-01	-4.3407E-01	-4.1563E-01
-3.7770E-01	-4.0361E-01	-3.8263E-01	-4.1491E-01	-3.9350E-01
-3.5597E-01	-3.8903E-01	-3.6180E-01	-3.9344E-01	-3.7387E-01
-3.3942E-01	-3.6766E-01	-3.4577E-01	-3.0495E-01	-3.6183E-01
-3.3303E-01	-3.4604E-01	-3.0392E-01	-2.4144E-01	-3.4140E-01
-3.5430E-01	-3.2834E-01	-2.5527E-01	-2.0867E-01	-2.4390E-01
-2.9681E-01	-2.3417E-01	-1.8730E-01	-1.1897E-01	-6.6300E-02
3.5100E-02	7.8900E-02	1.9650E-01	2.4330E-01	2.7050E-01
2.0680E-01	3.9970E-01	4.6930E-01	4.8740E-01	4.8280E-01
4.8260E-01	6.7630E-01	6.9350E-01	6.9310E-01	6.9080E-01
7.4950E-01	8.8870E-01	8.8590E-01	8.9781E-01	8.8570E-01
1.0330E+00	1.0971E+00	1.0731E+00	1.1028E+00	1.1139E+00
1.1575E+00	1.1324E+00	1.1616E+00	9.7798E-01	1.0535E+00
1.0785E+00	9.7673E-01	1.0085E+00	8.4521E-01	9.0628E-01
9.7125E-01	8.7820E-01	8.9713E-01	7.7272E-01	8.2303E-01
8.9803E-01	8.1934E-01	8.3534E-01	7.3013E-01	7.7268E-01
8.5024E-01	7.8245E-01	7.9624E-01	7.0561E-01	7.4226E-01
8.1879E-01	7.5960E-01	7.7164E-01	6.9251E-01	7.2451E-01
7.9815E-01	7.4595E-01	7.5657E-01	6.8677E-01	7.1500E-01
7.8477E-01	7.3837E-01	7.4781E-01	6.8576E-01	7.1086E-01
7.7622E-01	7.3473E-01	7.4317E-01	6.8770E-01	7.1013E-01
7.7079E-01	7.3353E-01	7.4111E-01	6.9129E-01	7.1144E-01
7.6723E-01	7.3365E-01	7.4048E-01	6.9559E-01	7.1374E-01
7.6460E-01	7.3427E-01	7.4044E-01	6.9989E-01	7.1629E-01
7.6218E-01	7.3474E-01	7.4032E-01	7.0363E-01	7.1847E-01
7.5941E-01	7.3455E-01	7.3961E-01	7.0638E-01	7.1982E-01
7.5584E-01	7.3332E-01	7.3790E-01	7.0779E-01	7.1997E-01
7.5111E-01	7.3072E-01	7.3486E-01	7.0759E-01	7.1862E-01
7.4495E-01	7.2649E-01	7.3024E-01	7.0556E-01	7.1554E-01
7.3712E-01	7.2043E-01	7.2383E-01	7.0151E-01	7.1054E-01
7.2746E-01	7.1240E-01	7.1546E-01	6.9532E-01	7.0347E-01
7.1583E-01	7.0226E-01	7.0502E-01	6.8688E-01	6.9422E-01
7.0212E-01	6.8994E-01	6.9241E-01	6.7612E-01	6.8271E-01
6.8627E-01	6.7536E-01	6.7758E-01	6.6300E-01	6.6890E-01
6.6824E-01	6.5851E-01	6.6049E-01	6.4749E-01	6.5275E-01
6.4801E-01	6.3938E-01	6.4113E-01	6.2959E-01	6.3426E-01
6.2560E-01	6.1797E-01	6.1952E-01	6.0933E-01	6.1345E-01
6.0102E-01	5.9433E-01	5.9569E-01	5.8674E-01	5.9036E-01
5.7434E-01	5.6850E-01	5.6969E-01	5.6188E-01	5.6504E-01
5.4561E-01	5.4056E-01	5.4159E-01	5.3484E-01	5.3757E-01
5.1492E-01	5.1060E-01	5.1148E-01	5.0570E-01	5.0804E-01
4.8238E-01	4.7872E-01	4.7946E-01	4.7457E-01	4.7655E-01
4.4809E-01	4.4503E-01	4.4565E-01	4.4156E-01	4.4322E-01
4.1219E-01	4.0967E-01	4.1018E-01	4.0682E-01	4.0818E-01
3.7481E-01	3.7278E-01	3.7319E-01	3.7048E-01	3.7157E-01
3.3611E-01	3.3451E-01	3.3483E-01	3.3270E-01	3.3356E-01
2.9624E-01	2.9502E-01	2.9527E-01	2.9364E-01	2.9430E-01
2.5539E-01	2.5450E-01	2.5468E-01	2.5348E-01	2.5397E-01
2.1373E-01	2.1311E-01	2.1323E-01	2.1241E-01	2.1274E-01
1.7144E-01	1.7105E-01	1.7112E-01	1.7060E-01	1.7081E-01
1.2873E-01	1.2850E-01	1.2855E-01	1.2825E-01	1.2837E-01
8.5778E-02	8.5679E-02	8.5699E-02	8.5567E-02	8.5620E-02
4.2801E-02	4.2776E-02	4.2781E-02	4.2748E-02	4.2762E-02
0.0000E+00	0.0000E+00	0.0000E+00	0.0000E+00	0.0000E+00
!M	CDTAB
!U	nd
1.2217E+00	1.2217E+00	1.2217E+00	1.2217E+00	1.2217E+00
1.2226E+00	1.2232E+00	1.2231E+00	1.2236E+00	1.2226E+00
1.2206E+00	1.2218E+00	1.2216E+00	1.2225E+00	1.2205E+00
1.2157E+00	1.2174E+00	1.2172E+00	1.2185E+00	1.2155E+00
1.2078E+00	1.2101E+00	1.2098E+00	1.2115E+00	1.2076E+00
1.1971E+00	1.2000E+00	1.1995E+00	1.2017E+00	1.1968E+00
1.1835E+00	1.1870E+00	1.1864E+00	1.1890E+00	1.1832E+00
1.1672E+00	1.1713E+00	1.1706E+00	1.1737E+00	1.1668E+00
1.1483E+00	1.1529E+00	1.1521E+00	1.1556E+00	1.1478E+00
1.1268E+00	1.1320E+00	1.1311E+00	1.1350E+00	1.1263E+00
1.1029E+00	1.1086E+00	1.1077E+00	1.1120E+00	1.1023E+00
1.0767E+00	1.0829E+00	1.0819E+00	1.0866E+00	1.0760E+00
1.0483E+00	1.0550E+00	1.0539E+00	1.0591E+00	1.0475E+00
1.0178E+00	1.0251E+00	1.0240E+00	1.0295E+00	1.0171E+00
9.8554E-01	9.9336E-01	9.9209E-01	9.9800E-01	9.8470E-01
9.5154E-01	9.5986E-01	9.5852E-01	9.6481E-01	9.5065E-01
9.1601E-01	9.2483E-01	9.2340E-01	9.3007E-01	9.1506E-01
8.7912E-01	8.8843E-01	8.8693E-01	8.9397E-01	8.7813E-01
8.4108E-01	8.5086E-01	8.4928E-01	8.5668E-01	8.4003E-01
8.0206E-01	8.1231E-01	8.1065E-01	8.1840E-01	8.0096E-01
7.6227E-01	7.7297E-01	7.7124E-01	7.7933E-01	7.6112E-01
7.2191E-01	7.3305E-01	7.3125E-01	7.3967E-01	7.2072E-01
6.8118E-01	6.9275E-01	6.9088E-01	6.9962E-01	6.7994E-01
6.4029E-01	6.5226E-01	6.5033E-01	6.5938E-01	6.3900E-01
5.9944E-01	6.1181E-01	6.0981E-01	6.1916E-01	5.9811E-01
5.5883E-01	5.7158E-01	5.6952E-01	5.7917E-01	5.5746E-01
5.1868E-01	5.3180E-01	5.2968E-01	5.3960E-01	5.1727E-01
4.7918E-01	4.9264E-01	4.9047E-01	5.0065E-01	4.7773E-01
4.4053E-01	4.5433E-01	4.5210E-01	4.6253E-01	4.3905E-01
4.0292E-01	4.1704E-01	4.1475E-01	4.2543E-01	4.0140E-01
3.6654E-01	3.8096E-01	3.7863E-01	3.8953E-01	3.6500E-01
3.3158E-01	3.4628E-01	3.4390E-01	3.5502E-01	3.3000E-01
2.9820E-01	3.1317E-01	3.1075E-01	3.2206E-01	2.9660E-01
2.6659E-01	2.8179E-01	2.7933E-01	2.9084E-01	2.6495E-01
2.3688E-01	2.5231E-01	2.4982E-01	2.6149E-01	2.3522E-01
2.0923E-01	2.2488E-01	2.2235E-01	2.3418E-01	2.0756E-01
1.8379E-01	1.9962E-01	1.9706E-01	2.0903E-01	1.8209E-01
1.6067E-01	1.7667E-01	1.7408E-01	1.8618E-01	1.5895E-01
1.3998E-01	1.5614E-01	1.5353E-01	1.6574E-01	1.3825E-01
1.2185E-01	1.3992E-01	1.3550E-01	1.4849E-01	1.2144E-01
1.0635E-01	1.1365E-01	1.2037E-01	1.0199E-01	1.1055E-01
9.3961E-02	9.8586E-02	9.1309E-02	8.1361E-02	9.3015E-02
8.5690E-02	8.9574E-02	7.2021E-02	7.1412E-02	6.4860E-02
6.1653E-02	5.3845E-02	5.1010E-02	4.6857E-02	2.5310E-02
2.5000E-02	1.8950E-02	1.4930E-02	1.2490E-02	1.0810E-02
2.2920E-02	1.6920E-02	1.1830E-02	9.1800E-03	7.7800E-03
3.0620E-02	1.6370E-02	1.1410E-02	9.3900E-03	8.4100E-03
3.6770E-02	1.5540E-02	1.1855E-02	1.0227E-02	9.9600E-03
3.0306E-02	1.9742E-02	1.6782E-02	7.3910E-03	1.1701E-02
4.1937E-02	3.6620E-02	2.9430E-02	1.5322E-02	2.5014E-02
7.0994E-02	4.2696E-02	4.1600E-02	1.5601E-02	2.1742E-02
7.6382E-02	5.6229E-02	5.8506E-02	3.1716E-02	3.7816E-02
9.4883E-02	7.4892E-02	7.7150E-02	5.0576E-02	5.6626E-02
1.1598E-01	9.6178E-02	9.8416E-02	7.2088E-02	7.8082E-02
1.3958E-01	1.1998E-01	1.2220E-01	9.6150E-02	1.0208E-01
1.6555E-01	1.4619E-01	1.4838E-01	1.2264E-01	1.2850E-01
1.9378E-01	1.7468E-01	1.7684E-01	1.5144E-01	1.5722E-01
2.2412E-01	2.0530E-01	2.0743E-01	1.8241E-01	1.8810E-01
2.5643E-01	2.3791E-01	2.4000E-01	2.1538E-01	2.2099E-01
2.9054E-01	2.7235E-01	2.7440E-01	2.5022E-01	2.5572E-01
3.2629E-01	3.0844E-01	3.1046E-01	2.8674E-01	2.9214E-01
3.6350E-01	3.4603E-01	3.4800E-01	3.2477E-01	3.3006E-01
4.0199E-01	3.8491E-01	3.8684E-01	3.6413E-01	3.6930E-01
4.4157E-01	4.2490E-01	4.2679E-01	4.0463E-01	4.0967E-01
4.8205E-01	4.6581E-01	4.6765E-01	4.4607E-01	4.5098E-01
5.2322E-01	5.0744E-01	5.0922E-01	4.8824E-01	4.9302E-01
5.6489E-01	5.4958E-01	5.5131E-01	5.3096E-01	5.3559E-01
6.0685E-01	5.9203E-01	5.9370E-01	5.7400E-01	5.7849E-01
6.4889E-01	6.3458E-01	6.3620E-01	6.1717E-01	6.2150E-01
6.9081E-01	6.7702E-01	6.7858E-01	6.6025E-01	6.6443E-01
7.3239E-01	7.1915E-01	7.2065E-01	7.0304E-01	7.0705E-01
7.7344E-01	7.6076E-01	7.6219E-01	7.4533E-01	7.4917E-01
8.1376E-01	8.0165E-01	8.0301E-01	7.8692E-01	7.9058E-01
8.5313E-01	8.4161E-01	8.4291E-01	8.2759E-01	8.3108E-01
8.9137E-01	8.8046E-01	8.8169E-01	8.6718E-01	8.7048E-01
9.2830E-01	9.1800E-01	9.1916E-01	9.0547E-01	9.0858E-01
9.6372E-01	9.5405E-01	9.5514E-01	9.4228E-01	9.4521E-01
9.9746E-01	9.8843E-01	9.8945E-01	9.7745E-01	9.8018E-01
1.0294E+00	1.0210E+00	1.0219E+00	1.0108E+00	1.0133E+00
1.0593E+00	1.0515E+00	1.0524E+00	1.0421E+00	1.0445E+00
1.0870E+00	1.0800E+00	1.0807E+00	1.0714E+00	1.0735E+00
1.1125E+00	1.1061E+00	1.1068E+00	1.0983E+00	1.1003E+00
1.1355E+00	1.1298E+00	1.1305E+00	1.1229E+00	1.1246E+00
1.1560E+00	1.1510E+00	1.1516E+00	1.1449E+00	1.1465E+00
1.1739E+00	1.1696E+00	1.1701E+00	1.1644E+00	1.1657E+00
1.1890E+00	1.1854E+00	1.1858E+00	1.1811E+00	1.1822E+00
1.2014E+00	1.1985E+00	1.1988E+00	1.1950E+00	1.1959E+00
1.2108E+00	1.2087E+00	1.2089E+00	1.2061E+00	1.2067E+00
1.2174E+00	1.2160E+00	1.2161E+00	1.2142E+00	1.2147E+00
1.2210E+00	1.2203E+00	1.2204E+00	1.2194E+00	1.2196E+00
1.2217E+00	1.2217E+00	1.2217E+00	1.2217E+00	1.2217E+00
!M	CMTAB
!U	nd
3.0542E-01	3.0542E-01	3.0542E-01	3.0542E-01	3.0542E-01
3.0488E-01	3.0481E-01	3.0483E-01	3.0482E-01	3.0481E-01
3.0331E-01	3.0303E-01	3.0310E-01	3.0305E-01	3.0304E-01
3.0076E-01	3.0014E-01	3.0030E-01	3.0019E-01	3.0017E-01
2.9728E-01	2.9620E-01	2.9647E-01	2.9629E-01	2.9625E-01
2.9292E-01	2.9128E-01	2.9168E-01	2.9142E-01	2.9135E-01
2.8773E-01	2.8543E-01	2.8599E-01	2.8563E-01	2.8552E-01
2.8176E-01	2.7871E-01	2.7946E-01	2.7899E-01	2.7884E-01
2.7507E-01	2.7120E-01	2.7214E-01	2.7157E-01	2.7135E-01
2.6770E-01	2.6295E-01	2.6410E-01	2.6341E-01	2.6313E-01
2.5971E-01	2.5401E-01	2.5538E-01	2.5459E-01	2.5423E-01
2.5115E-01	2.4447E-01	2.4606E-01	2.4516E-01	2.4472E-01
2.4207E-01	2.3437E-01	2.3619E-01	2.3520E-01	2.3465E-01
2.3251E-01	2.2378E-01	2.2582E-01	2.2475E-01	2.2409E-01
2.2254E-01	2.1276E-01	2.1502E-01	2.1389E-01	2.1309E-01
2.1221E-01	2.0137E-01	2.0385E-01	2.0267E-01	2.0173E-01
2.0156E-01	1.8968E-01	1.9236E-01	1.9115E-01	1.9005E-01
1.9065E-01	1.7774E-01	1.8062E-01	1.7940E-01	1.7813E-01
1.7952E-01	1.6562E-01	1.6867E-01	1.6749E-01	1.6602E-01
1.6824E-01	1.5339E-01	1.5659E-01	1.5546E-01	1.5378E-01
1.5684E-01	1.4109E-01	1.4443E-01	1.4339E-01	1.4148E-01
1.4539E-01	1.2880E-01	1.3224E-01	1.3133E-01	1.2917E-01
1.3393E-01	1.1657E-01	1.2009E-01	1.1935E-01	1.1692E-01
1.2252E-01	1.0447E-01	1.0804E-01	1.0751E-01	1.0479E-01
1.1120E-01	9.2560E-02	9.6142E-02	9.5875E-02	9.2842E-02
1.0003E-01	8.0901E-02	8.4455E-02	8.4499E-02	8.1132E-02
8.9061E-02	6.9556E-02	7.3041E-02	7.3449E-02	6.9725E-02
7.8341E-02	5.8587E-02	6.1956E-02	6.2786E-02	5.8681E-02
6.7922E-02	4.8055E-02	5.1261E-02	5.2571E-02	4.8061E-02
5.7857E-02	3.8021E-02	4.1013E-02	4.2868E-02	3.7927E-02
4.8197E-02	2.8549E-02	3.1272E-02	3.3737E-02	2.8340E-02
3.8992E-02	1.9700E-02	2.2096E-02	2.5241E-02	1.9361E-02
3.0295E-02	1.1536E-02	1.3543E-02	1.7441E-02	1.1051E-02
2.2157E-02	4.1190E-03	5.6740E-03	1.0400E-02	3.4720E-03
1.4629E-02	-2.4900E-03	-1.4540E-03	4.1800E-03	-3.3160E-03
7.7620E-03	-8.2280E-03	-7.7830E-03	-1.1580E-03	-9.2510E-03
1.6080E-03	-1.3033E-02	-1.3252E-02	-5.5520E-03	-1.4271E-02
-3.7810E-03	-1.6844E-02	-1.7804E-02	-8.9400E-03	-1.8317E-02
-8.3550E-03	-1.9598E-02	-2.1380E-02	-1.1259E-02	-2.1326E-02
-1.2062E-02	-2.0502E-02	-2.3920E-02	-1.3214E-02	-2.2960E-02
-1.4850E-02	-2.3837E-02	-2.5779E-02	-3.3711E-02	-2.2419E-02
-1.6803E-02	-2.7842E-02	-3.3748E-02	-4.7282E-02	-2.9327E-02
-1.6839E-02	-3.0736E-02	-4.4172E-02	-5.3464E-02	-5.1800E-02
-3.1422E-02	-4.4750E-02	-5.7267E-02	-6.9100E-02	-8.5200E-02
-6.7400E-02	-7.3500E-02	-9.4200E-02	-1.0290E-01	-1.0640E-01
-6.5500E-02	-9.9200E-02	-1.0770E-01	-1.0790E-01	-1.0660E-01
-9.1800E-02	-1.1110E-01	-1.0840E-01	-1.0590E-01	-1.0440E-01
-1.0830E-01	-1.0610E-01	-1.0250E-01	-1.0122E-01	-1.0120E-01
-1.0237E-01	-8.8861E-02	-9.2278E-02	-9.1734E-02	-9.2311E-02
-6.3400E-02	-7.4260E-02	-7.4500E-02	-8.9845E-02	-8.7338E-02
-5.9289E-02	-7.4994E-02	-7.4875E-02	-9.0905E-02	-9.0027E-02
-5.9156E-02	-7.6087E-02	-7.6095E-02	-9.2483E-02	-9.1459E-02
-6.0966E-02	-7.8101E-02	-7.8028E-02	-9.4706E-02	-9.3554E-02
-6.3558E-02	-8.0809E-02	-8.0665E-02	-9.7538E-02	-9.6275E-02
-6.6890E-02	-8.4173E-02	-8.3965E-02	-1.0094E-01	-9.9586E-02
-7.0917E-02	-8.8153E-02	-8.7888E-02	-1.0489E-01	-1.0345E-01
-7.5593E-02	-9.2708E-02	-9.2395E-02	-1.0933E-01	-1.0783E-01
-8.0876E-02	-9.7799E-02	-9.7444E-02	-1.1424E-01	-1.1270E-01
-8.6721E-02	-1.0339E-01	-1.0300E-01	-1.1958E-01	-1.1800E-01
-9.3083E-02	-1.0943E-01	-1.0901E-01	-1.2532E-01	-1.2372E-01
-9.9919E-02	-1.1589E-01	-1.1545E-01	-1.3142E-01	-1.2981E-01
-1.0718E-01	-1.2272E-01	-1.2226E-01	-1.3784E-01	-1.3623E-01
-1.1483E-01	-1.2990E-01	-1.2942E-01	-1.4456E-01	-1.4295E-01
-1.2282E-01	-1.3736E-01	-1.3689E-01	-1.5152E-01	-1.4994E-01
-1.3111E-01	-1.4509E-01	-1.4461E-01	-1.5870E-01	-1.5715E-01
-1.3965E-01	-1.5303E-01	-1.5255E-01	-1.6607E-01	-1.6456E-01
-1.4839E-01	-1.6115E-01	-1.6068E-01	-1.7358E-01	-1.7212E-01
-1.5730E-01	-1.6941E-01	-1.6894E-01	-1.8120E-01	-1.7979E-01
-1.6633E-01	-1.7776E-01	-1.7731E-01	-1.8890E-01	-1.8755E-01
-1.7543E-01	-1.8617E-01	-1.8574E-01	-1.9664E-01	-1.9535E-01
-1.8456E-01	-1.9460E-01	-1.9418E-01	-2.0438E-01	-2.0317E-01
-1.9368E-01	-2.0300E-01	-2.0261E-01	-2.1209E-01	-2.1095E-01
-2.0274E-01	-2.1135E-01	-2.1097E-01	-2.1974E-01	-2.1867E-01
-2.1170E-01	-2.1959E-01	-2.1924E-01	-2.2728E-01	-2.2629E-01
-2.2051E-01	-2.2769E-01	-2.2736E-01	-2.3469E-01	-2.3378E-01
-2.2913E-01	-2.3561E-01	-2.3531E-01	-2.4192E-01	-2.4109E-01
-2.3752E-01	-2.4330E-01	-2.4303E-01	-2.4894E-01	-2.4820E-01
-2.4563E-01	-2.5073E-01	-2.5049E-01	-2.5572E-01	-2.5506E-01
-2.5341E-01	-2.5787E-01	-2.5765E-01	-2.6222E-01	-2.6164E-01
-2.6082E-01	-2.6466E-01	-2.6447E-01	-2.6840E-01	-2.6790E-01
-2.6782E-01	-2.7107E-01	-2.7091E-01	-2.7423E-01	-2.7380E-01
-2.7437E-01	-2.7705E-01	-2.7692E-01	-2.7968E-01	-2.7932E-01
-2.8041E-01	-2.8258E-01	-2.8247E-01	-2.8470E-01	-2.8441E-01
-2.8591E-01	-2.8761E-01	-2.8752E-01	-2.8926E-01	-2.8904E-01
-2.9082E-01	-2.9209E-01	-2.9203E-01	-2.9334E-01	-2.9316E-01
-2.9509E-01	-2.9600E-01	-2.9595E-01	-2.9688E-01	-2.9676E-01
-2.9869E-01	-2.9928E-01	-2.9925E-01	-2.9986E-01	-2.9978E-01
-3.0157E-01	-3.0191E-01	-3.0189E-01	-3.0224E-01	-3.0219E-01
-3.0368E-01	-3.0383E-01	-3.0382E-01	-3.0398E-01	-3.0396E-01
-3.0497E-01	-3.0501E-01	-3.0501E-01	-3.0505E-01	-3.0505E-01
-3.0542E-01	-3.0542E-01	-3.0542E-01	-3.0542E-01	-3.0542E-01
