!T	AOACL
!U	deg
-90	
-88	
-86	
-84	
-82	
-80	
-78	
-76	
-74	
-72	
-70	
-68	
-66	
-64	
-62	
-60	
-58	
-56	
-54	
-52	
-50	
-48	
-46	
-44	
-42	
-40	
-38	
-36	
-34	
-32	
-30	
-28	
-26	
-24	
-22	
-20	
-18	
-16	
-14	
-12	
-10	
-8	
-6	
-4	
-2	
0	
2	
4	
6	
8	
10	
12	
14	
16	
18	
20	
22	
24	
26	
28	
30	
32	
34	
36	
38	
40	
42	
44	
46	
48	
50	
52	
54	
56	
58	
60	
62	
64	
66	
68	
70	
72	
74	
76	
78	
80	
82	
84	
86	
88	
90	
!T	AOACD
!U	deg
-90	
-88	
-86	
-84	
-82	
-80	
-78	
-76	
-74	
-72	
-70	
-68	
-66	
-64	
-62	
-60	
-58	
-56	
-54	
-52	
-50	
-48	
-46	
-44	
-42	
-40	
-38	
-36	
-34	
-32	
-30	
-28	
-26	
-24	
-22	
-20	
-18	
-16	
-14	
-12	
-10	
-8	
-6	
-4	
-2	
0	
2	
4	
6	
8	
10	
12	
14	
16	
18	
20	
22	
24	
26	
28	
30	
32	
34	
36	
38	
40	
42	
44	
46	
48	
50	
52	
54	
56	
58	
60	
62	
64	
66	
68	
70	
72	
74	
76	
78	
80	
82	
84	
86	
88	
90	
!T	AOACM
!U	deg
-90	
-88	
-86	
-84	
-82	
-80	
-78	
-76	
-74	
-72	
-70	
-68	
-66	
-64	
-62	
-60	
-58	
-56	
-54	
-52	
-50	
-48	
-46	
-44	
-42	
-40	
-38	
-36	
-34	
-32	
-30	
-28	
-26	
-24	
-22	
-20	
-18	
-16	
-14	
-12	
-10	
-8	
-6	
-4	
-2	
0	
2	
4	
6	
8	
10	
12	
14	
16	
18	
20	
22	
24	
26	
28	
30	
32	
34	
36	
38	
40	
42	
44	
46	
48	
50	
52	
54	
56	
58	
60	
62	
64	
66	
68	
70	
72	
74	
76	
78	
80	
82	
84	
86	
88	
90	
!T	RECL
!U	nd
50000	
100000	
150000	
200000	
250000	
!T	RECD
!U	nd
50000	
100000	
150000	
200000	
250000	
!T	RECM
!U	nd
50000	
100000	
150000	
200000	
250000	
!M	CLTAB
!U	nd
-0.0000E+00	-0.0000E+00	-0.0000E+00	-0.0000E+00	-0.0000E+00
-4.3702E-02	-4.3705E-02	-4.3727E-02	-4.3767E-02	-4.3755E-02
-8.7227E-02	-8.7237E-02	-8.7324E-02	-8.7485E-02	-8.7436E-02
-1.3036E-01	-1.3039E-01	-1.3058E-01	-1.3094E-01	-1.3083E-01
-1.7290E-01	-1.7294E-01	-1.7329E-01	-1.7393E-01	-1.7374E-01
-2.1463E-01	-2.1469E-01	-2.1524E-01	-2.1625E-01	-2.1594E-01
-2.5535E-01	-2.5544E-01	-2.5624E-01	-2.5769E-01	-2.5725E-01
-2.9487E-01	-2.9500E-01	-2.9608E-01	-2.9807E-01	-2.9746E-01
-3.3300E-01	-3.3316E-01	-3.3458E-01	-3.3718E-01	-3.3638E-01
-3.6955E-01	-3.6975E-01	-3.7155E-01	-3.7486E-01	-3.7384E-01
-4.0434E-01	-4.0459E-01	-4.0682E-01	-4.1093E-01	-4.0966E-01
-4.3721E-01	-4.3752E-01	-4.4023E-01	-4.4522E-01	-4.4368E-01
-4.6800E-01	-4.6837E-01	-4.7161E-01	-4.7758E-01	-4.7575E-01
-4.9657E-01	-4.9700E-01	-5.0083E-01	-5.0789E-01	-5.0572E-01
-5.2278E-01	-5.2329E-01	-5.2775E-01	-5.3599E-01	-5.3346E-01
-5.4651E-01	-5.4709E-01	-5.5226E-01	-5.6178E-01	-5.5885E-01
-5.6764E-01	-5.6831E-01	-5.7424E-01	-5.8516E-01	-5.8180E-01
-5.8608E-01	-5.8684E-01	-5.9360E-01	-6.0604E-01	-6.0221E-01
-6.0175E-01	-6.0262E-01	-6.1026E-01	-6.2435E-01	-6.2002E-01
-6.1458E-01	-6.1555E-01	-6.2416E-01	-6.4003E-01	-6.3515E-01
-6.2450E-01	-6.2560E-01	-6.3526E-01	-6.5305E-01	-6.4758E-01
-6.3150E-01	-6.3272E-01	-6.4351E-01	-6.6338E-01	-6.5727E-01
-6.3553E-01	-6.3689E-01	-6.4890E-01	-6.7103E-01	-6.6422E-01
-6.3660E-01	-6.3811E-01	-6.5145E-01	-6.7602E-01	-6.6846E-01
-6.3471E-01	-6.3638E-01	-6.5116E-01	-6.7839E-01	-6.7001E-01
-6.2989E-01	-6.3174E-01	-6.4809E-01	-6.7820E-01	-6.6894E-01
-6.2218E-01	-6.2422E-01	-6.4228E-01	-6.7555E-01	-6.6532E-01
-6.1164E-01	-6.1390E-01	-6.3384E-01	-6.7057E-01	-6.5927E-01
-5.9836E-01	-6.0084E-01	-6.2286E-01	-6.6340E-01	-6.5093E-01
-5.8242E-01	-5.8517E-01	-6.0947E-01	-6.5424E-01	-6.4047E-01
-5.6396E-01	-5.6700E-01	-5.9386E-01	-6.4334E-01	-6.2812E-01
-5.4311E-01	-5.4647E-01	-5.7621E-01	-6.3099E-01	-6.1414E-01
-5.2004E-01	-5.2377E-01	-5.5677E-01	-6.1756E-01	-5.9886E-01
-4.9496E-01	-4.9911E-01	-5.3586E-01	-6.0354E-01	-5.8272E-01
-4.6809E-01	-4.7274E-01	-5.1384E-01	-5.8954E-01	-5.6625E-01
-4.3974E-01	-4.4497E-01	-4.9121E-01	-5.7637E-01	-5.5017E-01
-4.1027E-01	-4.1620E-01	-4.6862E-01	-5.6517E-01	-5.3547E-01
-3.8016E-01	-3.8695E-01	-4.4698E-01	-5.5756E-01	-5.2355E-01
-3.5008E-01	-3.5796E-01	-4.2765E-01	-5.5602E-01	-5.1653E-01
-3.2102E-01	-3.3034E-01	-4.1275E-01	-5.6003E-01	-5.1902E-01
-2.9466E-01	-3.0597E-01	-4.0332E-01	-6.0718E-01	-5.2924E-01
-2.7414E-01	-2.8487E-01	-4.0192E-01	-4.5986E-01	-3.9578E-01
-2.7105E-01	-2.8570E-01	-2.3675E-01	-1.2490E-01	-7.7400E-02
-2.9270E-01	-4.1970E-02	1.0150E-01	1.8170E-01	2.2940E-01
-8.9891E-02	2.8640E-01	4.3850E-01	4.7550E-01	4.8170E-01
2.2350E-01	6.3130E-01	6.8310E-01	6.8730E-01	6.8170E-01
4.3560E-01	8.6240E-01	8.8100E-01	8.7360E-01	8.6030E-01
5.7160E-01	1.0463E+00	1.0393E+00	1.0286E+00	1.0306E+00
6.1570E-01	1.2401E+00	1.2228E+00	1.2023E+00	1.1927E+00
6.1520E-01	1.4093E+00	1.3788E+00	1.3538E+00	1.3459E+00
6.5740E-01	1.5393E+00	1.5025E+00	1.4777E+00	1.4714E+00
7.2610E-01	1.6328E+00	1.6372E+00	1.5749E+00	1.5617E+00
8.1670E-01	1.6796E+00	1.6261E+00	1.6144E+00	1.6145E+00
8.7745E-01	1.5372E+00	1.4696E+00	1.6457E+00	1.6569E+00
9.8875E-01	1.4529E+00	1.3588E+00	1.5661E+00	1.5765E+00
9.8384E-01	1.3594E+00	1.2763E+00	1.4451E+00	1.4546E+00
9.6356E-01	1.2855E+00	1.2117E+00	1.3618E+00	1.3701E+00
9.3796E-01	1.2258E+00	1.1598E+00	1.2940E+00	1.3015E+00
9.1790E-01	1.1764E+00	1.1172E+00	1.2377E+00	1.2444E+00
9.0163E-01	1.1346E+00	1.0812E+00	1.1898E+00	1.1958E+00
8.8781E-01	1.0983E+00	1.0500E+00	1.1481E+00	1.1536E+00
8.7543E-01	1.0658E+00	1.0222E+00	1.1109E+00	1.1159E+00
8.6372E-01	1.0362E+00	9.9663E-01	1.0770E+00	1.0815E+00
8.5205E-01	1.0083E+00	9.7247E-01	1.0453E+00	1.0493E+00
8.3994E-01	9.8144E-01	9.4901E-01	1.0150E+00	1.0186E+00
8.2699E-01	9.5508E-01	9.2572E-01	9.8540E-01	9.8873E-01
8.1290E-01	9.2870E-01	9.0216E-01	9.5612E-01	9.5913E-01
7.9742E-01	9.0193E-01	8.7798E-01	9.2668E-01	9.2939E-01
7.8036E-01	8.7448E-01	8.5291E-01	8.9677E-01	8.9921E-01
7.6158E-01	8.4610E-01	8.2673E-01	8.6612E-01	8.6832E-01
7.4095E-01	8.1663E-01	7.9928E-01	8.3454E-01	8.3651E-01
7.1843E-01	7.8591E-01	7.7044E-01	8.0189E-01	8.0365E-01
6.9395E-01	7.5387E-01	7.4013E-01	7.6805E-01	7.6961E-01
6.6751E-01	7.2043E-01	7.0830E-01	7.3296E-01	7.3434E-01
6.3913E-01	6.8559E-01	6.7494E-01	6.9659E-01	6.9780E-01
6.0883E-01	6.4933E-01	6.4005E-01	6.5892E-01	6.5997E-01
5.7667E-01	6.1169E-01	6.0367E-01	6.1999E-01	6.2090E-01
5.4273E-01	5.7273E-01	5.6585E-01	5.7983E-01	5.8061E-01
5.0710E-01	5.3251E-01	5.2668E-01	5.3852E-01	5.3918E-01
4.6989E-01	4.9112E-01	4.8625E-01	4.9615E-01	4.9670E-01
4.3122E-01	4.4868E-01	4.4468E-01	4.5282E-01	4.5327E-01
3.9122E-01	4.0531E-01	4.0208E-01	4.0865E-01	4.0901E-01
3.5006E-01	3.6115E-01	3.5861E-01	3.6378E-01	3.6407E-01
3.0790E-01	3.1636E-01	3.1442E-01	3.1836E-01	3.1858E-01
2.6490E-01	2.7110E-01	2.6967E-01	2.7256E-01	2.7273E-01
2.2124E-01	2.2554E-01	2.2455E-01	2.2655E-01	2.2667E-01
1.7712E-01	1.7987E-01	1.7924E-01	1.8052E-01	1.8059E-01
1.3273E-01	1.3428E-01	1.3392E-01	1.3464E-01	1.3468E-01
8.8280E-02	8.8965E-02	8.8808E-02	8.9127E-02	8.9144E-02
4.3966E-02	4.4137E-02	4.4097E-02	4.4177E-02	4.4181E-02
0.0000E+00	0.0000E+00	0.0000E+00	0.0000E+00	0.0000E+00
!M	CDTAB
!U	nd
1.2525E+00	1.2525E+00	1.2525E+00	1.2525E+00	1.2525E+00
1.2544E+00	1.2526E+00	1.2514E+00	1.2511E+00	1.2510E+00
1.2533E+00	1.2496E+00	1.2473E+00	1.2467E+00	1.2464E+00
1.2492E+00	1.2437E+00	1.2401E+00	1.2392E+00	1.2388E+00
1.2421E+00	1.2347E+00	1.2300E+00	1.2288E+00	1.2283E+00
1.2320E+00	1.2228E+00	1.2169E+00	1.2154E+00	1.2148E+00
1.2190E+00	1.2080E+00	1.2010E+00	1.1992E+00	1.1984E+00
1.2033E+00	1.1904E+00	1.1822E+00	1.1801E+00	1.1793E+00
1.1848E+00	1.1701E+00	1.1608E+00	1.1584E+00	1.1574E+00
1.1636E+00	1.1473E+00	1.1368E+00	1.1341E+00	1.1330E+00
1.1400E+00	1.1219E+00	1.1103E+00	1.1073E+00	1.1061E+00
1.1140E+00	1.0941E+00	1.0815E+00	1.0782E+00	1.0769E+00
1.0857E+00	1.0642E+00	1.0504E+00	1.0469E+00	1.0454E+00
1.0554E+00	1.0322E+00	1.0173E+00	1.0135E+00	1.0119E+00
1.0231E+00	9.9826E-01	9.8237E-01	9.7827E-01	9.7659E-01
9.8911E-01	9.6261E-01	9.4568E-01	9.4131E-01	9.3954E-01
9.5349E-01	9.2541E-01	9.0746E-01	9.0284E-01	9.0095E-01
9.1647E-01	8.8684E-01	8.6790E-01	8.6302E-01	8.6103E-01
8.7823E-01	8.4709E-01	8.2719E-01	8.2205E-01	8.1996E-01
8.3899E-01	8.0637E-01	7.8552E-01	7.8014E-01	7.7795E-01
7.9893E-01	7.6487E-01	7.4311E-01	7.3749E-01	7.3520E-01
7.5827E-01	7.2281E-01	7.0015E-01	6.9431E-01	6.9193E-01
7.1720E-01	6.8039E-01	6.5687E-01	6.5080E-01	6.4833E-01
6.7594E-01	6.3783E-01	6.1347E-01	6.0719E-01	6.0463E-01
6.3471E-01	5.9533E-01	5.7017E-01	5.6367E-01	5.6103E-01
5.9370E-01	5.5311E-01	5.2717E-01	5.2048E-01	5.1775E-01
5.5313E-01	5.1137E-01	4.8469E-01	4.7781E-01	4.7500E-01
5.1320E-01	4.7033E-01	4.4294E-01	4.3587E-01	4.3299E-01
4.7411E-01	4.3018E-01	4.0211E-01	3.9487E-01	3.9192E-01
4.3607E-01	3.9114E-01	3.6242E-01	3.5501E-01	3.5200E-01
3.9927E-01	3.5338E-01	3.2405E-01	3.1649E-01	3.1341E-01
3.6388E-01	3.1709E-01	2.8720E-01	2.7948E-01	2.7634E-01
3.3009E-01	2.8247E-01	2.5203E-01	2.4418E-01	2.4098E-01
2.9807E-01	2.4967E-01	2.1873E-01	2.1075E-01	2.0750E-01
2.6799E-01	2.1886E-01	1.8746E-01	1.7936E-01	1.7606E-01
2.3998E-01	1.9019E-01	1.5837E-01	1.5016E-01	1.4682E-01
2.1420E-01	1.6381E-01	1.3160E-01	1.2330E-01	1.1991E-01
1.9077E-01	1.3984E-01	1.0729E-01	9.8893E-02	9.5473E-02
1.6982E-01	1.1840E-01	8.5548E-02	7.7073E-02	7.3620E-02
1.5144E-01	9.9606E-02	6.6485E-02	5.9561E-02	5.5149E-02
1.3572E-01	8.3541E-02	5.1850E-02	4.2965E-02	4.3370E-02
1.2276E-01	7.4217E-02	4.4649E-02	2.8886E-02	2.3956E-02
1.1350E-01	5.9910E-02	2.8720E-02	2.2620E-02	1.8665E-02
1.0532E-01	3.6451E-02	2.3000E-02	1.7390E-02	1.4640E-02
6.1106E-02	2.8170E-02	1.7980E-02	1.4820E-02	1.3280E-02
5.6290E-02	2.2250E-02	1.6780E-02	1.4650E-02	1.3410E-02
5.8770E-02	2.1560E-02	1.7280E-02	1.5410E-02	1.4250E-02
6.5640E-02	2.2430E-02	1.8150E-02	1.6340E-02	1.5400E-02
9.1180E-02	2.6030E-02	2.1210E-02	1.9040E-02	1.7840E-02
1.2365E-01	3.0650E-02	2.5070E-02	2.2860E-02	2.1500E-02
1.4930E-01	3.6440E-02	3.0050E-02	2.7940E-02	2.6760E-02
1.6961E-01	4.4103E-02	3.5926E-02	3.5440E-02	3.5020E-02
1.8888E-01	5.2857E-02	4.8976E-02	4.8402E-02	4.8470E-02
2.0764E-01	7.7069E-02	7.1269E-02	6.7438E-02	6.7188E-02
2.2685E-01	9.1558E-02	9.6044E-02	9.1565E-02	9.1448E-02
2.4956E-01	1.1880E-01	1.2324E-01	1.1888E-01	1.1874E-01
2.7985E-01	1.4842E-01	1.5279E-01	1.4850E-01	1.4836E-01
3.0977E-01	1.8027E-01	1.8458E-01	1.8034E-01	1.8021E-01
3.4159E-01	2.1419E-01	2.1843E-01	2.1426E-01	2.1413E-01
3.7518E-01	2.5002E-01	2.5418E-01	2.5009E-01	2.4996E-01
4.1035E-01	2.8759E-01	2.9167E-01	2.8766E-01	2.8753E-01
4.4693E-01	3.2671E-01	3.3071E-01	3.2678E-01	3.2666E-01
4.8472E-01	3.6720E-01	3.7111E-01	3.6727E-01	3.6715E-01
5.2355E-01	4.0887E-01	4.1269E-01	4.0894E-01	4.0882E-01
5.6321E-01	4.5151E-01	4.5522E-01	4.5157E-01	4.5146E-01
6.0350E-01	4.9491E-01	4.9852E-01	4.9497E-01	4.9486E-01
6.4422E-01	5.3887E-01	5.4238E-01	5.3893E-01	5.3882E-01
6.8515E-01	5.8318E-01	5.8657E-01	5.8324E-01	5.8313E-01
7.2609E-01	6.2762E-01	6.3090E-01	6.2768E-01	6.2757E-01
7.6683E-01	6.7198E-01	6.7513E-01	6.7203E-01	6.7193E-01
8.0716E-01	7.1604E-01	7.1907E-01	7.1609E-01	7.1600E-01
8.4687E-01	7.5960E-01	7.6250E-01	7.5965E-01	7.5956E-01
8.8576E-01	8.0244E-01	8.0521E-01	8.0249E-01	8.0240E-01
9.2362E-01	8.4435E-01	8.4699E-01	8.4440E-01	8.4432E-01
9.6027E-01	8.8515E-01	8.8765E-01	8.8519E-01	8.8512E-01
9.9550E-01	9.2463E-01	9.2699E-01	9.2467E-01	9.2460E-01
1.0291E+00	9.6260E-01	9.6481E-01	9.6264E-01	9.6257E-01
1.0610E+00	9.9888E-01	1.0009E+00	9.9891E-01	9.9885E-01
1.0910E+00	1.0333E+00	1.0352E+00	1.0333E+00	1.0333E+00
1.1188E+00	1.0657E+00	1.0675E+00	1.0657E+00	1.0657E+00
1.1444E+00	1.0959E+00	1.0975E+00	1.0959E+00	1.0959E+00
1.1676E+00	1.1238E+00	1.1252E+00	1.1238E+00	1.1238E+00
1.1883E+00	1.1492E+00	1.1505E+00	1.1492E+00	1.1492E+00
1.2064E+00	1.1721E+00	1.1732E+00	1.1721E+00	1.1720E+00
1.2217E+00	1.1922E+00	1.1932E+00	1.1922E+00	1.1922E+00
1.2342E+00	1.2096E+00	1.2104E+00	1.2096E+00	1.2096E+00
1.2439E+00	1.2241E+00	1.2248E+00	1.2241E+00	1.2241E+00
1.2505E+00	1.2357E+00	1.2362E+00	1.2357E+00	1.2357E+00
1.2542E+00	1.2443E+00	1.2447E+00	1.2444E+00	1.2443E+00
1.2549E+00	1.2499E+00	1.2501E+00	1.2499E+00	1.2499E+00
1.2525E+00	1.2525E+00	1.2525E+00	1.2525E+00	1.2525E+00
!M	CMTAB
!U	nd
3.1312E-01	3.1312E-01	3.1312E-01	3.1312E-01	3.1312E-01
3.1261E-01	3.1245E-01	3.1238E-01	3.1236E-01	3.1234E-01
3.1110E-01	3.1049E-01	3.1021E-01	3.1010E-01	3.1004E-01
3.0863E-01	3.0729E-01	3.0667E-01	3.0645E-01	3.0631E-01
3.0527E-01	3.0292E-01	3.0184E-01	3.0146E-01	3.0122E-01
3.0106E-01	2.9745E-01	2.9579E-01	2.9522E-01	2.9486E-01
2.9604E-01	2.9095E-01	2.8861E-01	2.8780E-01	2.8730E-01
2.9026E-01	2.8347E-01	2.8035E-01	2.7930E-01	2.7862E-01
2.8379E-01	2.7508E-01	2.7110E-01	2.6977E-01	2.6890E-01
2.7665E-01	2.6586E-01	2.6093E-01	2.5930E-01	2.5822E-01
2.6891E-01	2.5585E-01	2.4990E-01	2.4796E-01	2.4667E-01
2.6060E-01	2.4513E-01	2.3810E-01	2.3585E-01	2.3431E-01
2.5179E-01	2.3376E-01	2.2559E-01	2.2302E-01	2.2123E-01
2.4251E-01	2.2181E-01	2.1246E-01	2.0956E-01	2.0750E-01
2.3282E-01	2.0934E-01	1.9876E-01	1.9555E-01	1.9321E-01
2.2276E-01	1.9641E-01	1.8458E-01	1.8107E-01	1.7844E-01
2.1239E-01	1.8310E-01	1.6999E-01	1.6618E-01	1.6326E-01
2.0175E-01	1.6946E-01	1.5506E-01	1.5098E-01	1.4775E-01
1.9089E-01	1.5556E-01	1.3987E-01	1.3553E-01	1.3200E-01
1.7986E-01	1.4147E-01	1.2448E-01	1.1993E-01	1.1608E-01
1.6871E-01	1.2725E-01	1.0898E-01	1.0423E-01	1.0007E-01
1.5749E-01	1.1296E-01	9.3430E-02	8.8519E-02	8.4045E-02
1.4624E-01	9.8676E-02	7.7907E-02	7.2879E-02	6.8094E-02
1.3501E-01	8.4454E-02	6.2485E-02	5.7385E-02	5.2291E-02
1.2386E-01	7.0362E-02	4.7237E-02	4.2113E-02	3.6715E-02
1.1283E-01	5.6464E-02	3.2236E-02	2.7143E-02	2.1447E-02
1.0197E-01	4.2826E-02	1.7554E-02	1.2551E-02	6.5640E-03
9.1332E-02	2.9513E-02	3.2650E-03	-1.5850E-03	-7.8540E-03
8.0960E-02	1.6588E-02	-1.0557E-02	-1.5188E-02	-2.1727E-02
7.0903E-02	4.1170E-03	-2.3840E-02	-2.8179E-02	-3.4977E-02
6.1212E-02	-7.8350E-03	-3.6511E-02	-4.0482E-02	-4.7525E-02
5.1935E-02	-1.9204E-02	-4.8496E-02	-5.2018E-02	-5.9291E-02
4.3120E-02	-2.9924E-02	-5.9722E-02	-6.2710E-02	-7.0196E-02
3.4816E-02	-3.9931E-02	-7.0117E-02	-7.2481E-02	-8.0162E-02
2.7072E-02	-4.9160E-02	-7.9606E-02	-8.1252E-02	-8.9108E-02
1.9937E-02	-5.7546E-02	-8.8118E-02	-8.8947E-02	-9.6956E-02
1.3459E-02	-6.5025E-02	-9.5578E-02	-9.5487E-02	-1.0363E-01
7.6860E-03	-7.1530E-02	-1.0191E-01	-1.0079E-01	-1.0904E-01
2.6680E-03	-7.6998E-02	-1.0705E-01	-1.0479E-01	-1.1312E-01
-1.5470E-03	-8.1364E-02	-1.1092E-01	-1.0600E-01	-1.1490E-01
-4.9090E-03	-8.4563E-02	-1.1175E-01	-1.0526E-01	-1.1167E-01
-7.3720E-03	-8.2417E-02	-1.0633E-01	-1.1982E-01	-1.2898E-01
-7.9750E-03	-8.7200E-02	-1.2371E-01	-1.3590E-01	-1.4315E-01
-9.4000E-03	-1.1998E-01	-1.3900E-01	-1.5070E-01	-1.5830E-01
-8.8381E-02	-1.3600E-01	-1.5630E-01	-1.6160E-01	-1.6250E-01
-1.0960E-01	-1.5180E-01	-1.5840E-01	-1.5810E-01	-1.5640E-01
-1.0990E-01	-1.4930E-01	-1.5160E-01	-1.4960E-01	-1.4740E-01
-1.0250E-01	-1.3890E-01	-1.3630E-01	-1.3520E-01	-1.3520E-01
-1.0370E-01	-1.3430E-01	-1.2990E-01	-1.2580E-01	-1.2410E-01
-1.0818E-01	-1.2580E-01	-1.1910E-01	-1.1480E-01	-1.1360E-01
-1.1350E-01	-1.1220E-01	-1.0510E-01	-1.0160E-01	-1.0110E-01
-1.1660E-01	-9.4533E-02	-8.9444E-02	-8.8400E-02	-8.8200E-02
-1.2530E-01	-7.2850E-02	-7.8751E-02	-7.6171E-02	-7.8374E-02
-1.3101E-01	-7.1215E-02	-8.0957E-02	-7.0742E-02	-7.3505E-02
-1.4651E-01	-6.7842E-02	-8.2820E-02	-7.0813E-02	-7.3650E-02
-1.5037E-01	-7.0039E-02	-8.5253E-02	-7.1791E-02	-7.4674E-02
-1.5377E-01	-7.3123E-02	-8.8478E-02	-7.3962E-02	-7.6819E-02
-1.5528E-01	-7.7040E-02	-9.2444E-02	-7.7063E-02	-7.9883E-02
-1.5744E-01	-8.1735E-02	-9.7103E-02	-8.1034E-02	-8.3807E-02
-1.6020E-01	-8.7152E-02	-1.0240E-01	-8.5817E-02	-8.8533E-02
-1.6353E-01	-9.3237E-02	-1.0830E-01	-9.1353E-02	-9.4002E-02
-1.6737E-01	-9.9935E-02	-1.1473E-01	-9.7581E-02	-1.0016E-01
-1.7169E-01	-1.0719E-01	-1.2166E-01	-1.0444E-01	-1.0694E-01
-1.7644E-01	-1.1495E-01	-1.2903E-01	-1.1188E-01	-1.1428E-01
-1.8158E-01	-1.2315E-01	-1.3680E-01	-1.1983E-01	-1.2214E-01
-1.8708E-01	-1.3175E-01	-1.4490E-01	-1.2824E-01	-1.3045E-01
-1.9287E-01	-1.4068E-01	-1.5330E-01	-1.3704E-01	-1.3914E-01
-1.9893E-01	-1.4990E-01	-1.6195E-01	-1.4618E-01	-1.4818E-01
-2.0522E-01	-1.5934E-01	-1.7078E-01	-1.5560E-01	-1.5748E-01
-2.1168E-01	-1.6896E-01	-1.7976E-01	-1.6524E-01	-1.6700E-01
-2.1827E-01	-1.7869E-01	-1.8884E-01	-1.7503E-01	-1.7668E-01
-2.2496E-01	-1.8849E-01	-1.9795E-01	-1.8493E-01	-1.8646E-01
-2.3170E-01	-1.9829E-01	-2.0706E-01	-1.9487E-01	-1.9628E-01
-2.3844E-01	-2.0804E-01	-2.1612E-01	-2.0479E-01	-2.0608E-01
-2.4516E-01	-2.1769E-01	-2.2507E-01	-2.1463E-01	-2.1580E-01
-2.5179E-01	-2.2718E-01	-2.3386E-01	-2.2433E-01	-2.2539E-01
-2.5831E-01	-2.3646E-01	-2.4245E-01	-2.3384E-01	-2.3479E-01
-2.6466E-01	-2.4547E-01	-2.5078E-01	-2.4309E-01	-2.4393E-01
-2.7081E-01	-2.5416E-01	-2.5880E-01	-2.5203E-01	-2.5276E-01
-2.7671E-01	-2.6247E-01	-2.6647E-01	-2.6059E-01	-2.6122E-01
-2.8232E-01	-2.7034E-01	-2.7374E-01	-2.6872E-01	-2.6925E-01
-2.8760E-01	-2.7772E-01	-2.8055E-01	-2.7636E-01	-2.7680E-01
-2.9250E-01	-2.8457E-01	-2.8685E-01	-2.8344E-01	-2.8380E-01
-2.9699E-01	-2.9081E-01	-2.9260E-01	-2.8991E-01	-2.9019E-01
-3.0101E-01	-2.9640E-01	-2.9775E-01	-2.9572E-01	-2.9592E-01
-3.0454E-01	-3.0128E-01	-3.0224E-01	-3.0079E-01	-3.0094E-01
-3.0751E-01	-3.0540E-01	-3.0602E-01	-3.0507E-01	-3.0517E-01
-3.0990E-01	-3.0869E-01	-3.0906E-01	-3.0850E-01	-3.0856E-01
-3.1167E-01	-3.1112E-01	-3.1128E-01	-3.1103E-01	-3.1106E-01
-3.1275E-01	-3.1261E-01	-3.1266E-01	-3.1259E-01	-3.1260E-01
-3.1312E-01	-3.1312E-01	-3.1312E-01	-3.1312E-01	-3.1312E-01
