!T	AOACL
!U	deg
-90	
-88	
-86	
-84	
-82	
-80	
-78	
-76	
-74	
-72	
-70	
-68	
-66	
-64	
-62	
-60	
-58	
-56	
-54	
-52	
-50	
-48	
-46	
-44	
-42	
-40	
-38	
-36	
-34	
-32	
-30	
-28	
-26	
-24	
-22	
-20	
-18	
-16	
-14	
-12	
-10	
-8	
-6	
-4	
-2	
0	
2	
4	
6	
8	
10	
12	
14	
16	
18	
20	
22	
24	
26	
28	
30	
32	
34	
36	
38	
40	
42	
44	
46	
48	
50	
52	
54	
56	
58	
60	
62	
64	
66	
68	
70	
72	
74	
76	
78	
80	
82	
84	
86	
88	
90	
!T	AOACD
!U	deg
-90	
-88	
-86	
-84	
-82	
-80	
-78	
-76	
-74	
-72	
-70	
-68	
-66	
-64	
-62	
-60	
-58	
-56	
-54	
-52	
-50	
-48	
-46	
-44	
-42	
-40	
-38	
-36	
-34	
-32	
-30	
-28	
-26	
-24	
-22	
-20	
-18	
-16	
-14	
-12	
-10	
-8	
-6	
-4	
-2	
0	
2	
4	
6	
8	
10	
12	
14	
16	
18	
20	
22	
24	
26	
28	
30	
32	
34	
36	
38	
40	
42	
44	
46	
48	
50	
52	
54	
56	
58	
60	
62	
64	
66	
68	
70	
72	
74	
76	
78	
80	
82	
84	
86	
88	
90	
!T	AOACM
!U	deg
-90	
-88	
-86	
-84	
-82	
-80	
-78	
-76	
-74	
-72	
-70	
-68	
-66	
-64	
-62	
-60	
-58	
-56	
-54	
-52	
-50	
-48	
-46	
-44	
-42	
-40	
-38	
-36	
-34	
-32	
-30	
-28	
-26	
-24	
-22	
-20	
-18	
-16	
-14	
-12	
-10	
-8	
-6	
-4	
-2	
0	
2	
4	
6	
8	
10	
12	
14	
16	
18	
20	
22	
24	
26	
28	
30	
32	
34	
36	
38	
40	
42	
44	
46	
48	
50	
52	
54	
56	
58	
60	
62	
64	
66	
68	
70	
72	
74	
76	
78	
80	
82	
84	
86	
88	
90	
!T	RECL
!U	nd
50000	
100000	
150000	
200000	
250000	
!T	RECD
!U	nd
50000	
100000	
150000	
200000	
250000	
!T	RECM
!U	nd
50000	
100000	
150000	
200000	
250000	
!M	CLTAB
!U	nd
-0.0000E+00	-0.0000E+00	-0.0000E+00	-0.0000E+00	-0.0000E+00
-4.3717E-02	-4.3717E-02	-4.3715E-02	-4.3711E-02	-4.3713E-02
-8.7287E-02	-8.7286E-02	-8.7276E-02	-8.7263E-02	-8.7268E-02
-1.3050E-01	-1.3049E-01	-1.3047E-01	-1.3044E-01	-1.3045E-01
-1.7314E-01	-1.7314E-01	-1.7309E-01	-1.7304E-01	-1.7306E-01
-2.1501E-01	-2.1500E-01	-2.1493E-01	-2.1485E-01	-2.1489E-01
-2.5590E-01	-2.5589E-01	-2.5579E-01	-2.5568E-01	-2.5572E-01
-2.9561E-01	-2.9560E-01	-2.9547E-01	-2.9531E-01	-2.9538E-01
-3.3397E-01	-3.3396E-01	-3.3379E-01	-3.3358E-01	-3.3366E-01
-3.7078E-01	-3.7076E-01	-3.7055E-01	-3.7028E-01	-3.7039E-01
-4.0586E-01	-4.0584E-01	-4.0558E-01	-4.0525E-01	-4.0538E-01
-4.3906E-01	-4.3904E-01	-4.3872E-01	-4.3832E-01	-4.3848E-01
-4.7022E-01	-4.7019E-01	-4.6980E-01	-4.6933E-01	-4.6952E-01
-4.9919E-01	-4.9915E-01	-4.9870E-01	-4.9813E-01	-4.9836E-01
-5.2584E-01	-5.2580E-01	-5.2526E-01	-5.2460E-01	-5.2487E-01
-5.5005E-01	-5.4999E-01	-5.4938E-01	-5.4862E-01	-5.4892E-01
-5.7170E-01	-5.7164E-01	-5.7094E-01	-5.7006E-01	-5.7041E-01
-5.9071E-01	-5.9064E-01	-5.8984E-01	-5.8884E-01	-5.8924E-01
-6.0699E-01	-6.0691E-01	-6.0600E-01	-6.0487E-01	-6.0533E-01
-6.2047E-01	-6.2039E-01	-6.1937E-01	-6.1809E-01	-6.1861E-01
-6.3112E-01	-6.3102E-01	-6.2988E-01	-6.2845E-01	-6.2902E-01
-6.3888E-01	-6.3878E-01	-6.3750E-01	-6.3590E-01	-6.3655E-01
-6.4376E-01	-6.4364E-01	-6.4221E-01	-6.4043E-01	-6.4115E-01
-6.4573E-01	-6.4560E-01	-6.4402E-01	-6.4204E-01	-6.4284E-01
-6.4483E-01	-6.4468E-01	-6.4293E-01	-6.4074E-01	-6.4163E-01
-6.4108E-01	-6.4092E-01	-6.3898E-01	-6.3656E-01	-6.3754E-01
-6.3454E-01	-6.3436E-01	-6.3222E-01	-6.2955E-01	-6.3063E-01
-6.2529E-01	-6.2509E-01	-6.2273E-01	-6.1978E-01	-6.2097E-01
-6.1342E-01	-6.1321E-01	-6.1059E-01	-6.0734E-01	-6.0866E-01
-5.9906E-01	-5.9882E-01	-5.9594E-01	-5.9234E-01	-5.9380E-01
-5.8235E-01	-5.8208E-01	-5.7890E-01	-5.7492E-01	-5.7653E-01
-5.6347E-01	-5.6317E-01	-5.5964E-01	-5.5524E-01	-5.5702E-01
-5.4263E-01	-5.4231E-01	-5.3839E-01	-5.3351E-01	-5.3548E-01
-5.2011E-01	-5.1975E-01	-5.1539E-01	-5.0995E-01	-5.1215E-01
-4.9623E-01	-4.9582E-01	-4.9094E-01	-4.8486E-01	-4.8733E-01
-4.7140E-01	-4.7093E-01	-4.6545E-01	-4.5861E-01	-4.6138E-01
-4.4616E-01	-4.4564E-01	-4.3942E-01	-4.3166E-01	-4.3480E-01
-4.2126E-01	-4.2066E-01	-4.1354E-01	-4.0466E-01	-4.0825E-01
-3.9779E-01	-3.9709E-01	-3.8883E-01	-3.7852E-01	-3.8269E-01
-3.7744E-01	-3.7662E-01	-3.6684E-01	-3.5465E-01	-3.5959E-01
-3.6313E-01	-3.6214E-01	-3.5027E-01	-3.3548E-01	-3.4147E-01
-3.5635E-01	-3.5854E-01	-3.4534E-01	-3.2915E-01	-3.3784E-01
-3.7813E-01	-3.8462E-01	-3.5319E-01	-3.1235E-01	-3.0497E-01
-2.6404E-01	-2.2919E-01	-8.8544E-02	-5.9900E-03	3.0200E-02
-4.6800E-02	1.2880E-01	2.2490E-01	2.5890E-01	2.6700E-01
1.6780E-01	4.2650E-01	4.7230E-01	4.8260E-01	4.7650E-01
4.7710E-01	6.7470E-01	6.9110E-01	6.9040E-01	6.8750E-01
7.0620E-01	8.8930E-01	8.8790E-01	8.8580E-01	8.8450E-01
9.9252E-01	1.0793E+00	1.0861E+00	1.0972E+00	1.1200E+00
1.2072E+00	1.2154E+00	1.2473E+00	1.1387E+00	1.1324E+00
1.0350E+00	1.2584E+00	1.1130E+00	9.7860E-01	1.0011E+00
9.3142E-01	1.1418E+00	9.8195E-01	8.7808E-01	9.0270E-01
8.6628E-01	1.0445E+00	9.0901E-01	8.2116E-01	8.4199E-01
8.2482E-01	9.7834E-01	8.6164E-01	7.8596E-01	8.0390E-01
7.9853E-01	9.3256E-01	8.3067E-01	7.6460E-01	7.8026E-01
7.8220E-01	9.0043E-01	8.1055E-01	7.5227E-01	7.6609E-01
7.7249E-01	8.7758E-01	7.9769E-01	7.4589E-01	7.5817E-01
7.6712E-01	8.6108E-01	7.8965E-01	7.4333E-01	7.5432E-01
7.6448E-01	8.4886E-01	7.8471E-01	7.4311E-01	7.5298E-01
7.6337E-01	8.3942E-01	7.8161E-01	7.4412E-01	7.5301E-01
7.6292E-01	8.3161E-01	7.7939E-01	7.4553E-01	7.5356E-01
7.6244E-01	8.2459E-01	7.7734E-01	7.4671E-01	7.5397E-01
7.6139E-01	8.1767E-01	7.7488E-01	7.4714E-01	7.5372E-01
7.5934E-01	8.1033E-01	7.7157E-01	7.4643E-01	7.5239E-01
7.5596E-01	8.0215E-01	7.6704E-01	7.4427E-01	7.4967E-01
7.5098E-01	7.9279E-01	7.6101E-01	7.4040E-01	7.4528E-01
7.4418E-01	7.8198E-01	7.5325E-01	7.3462E-01	7.3903E-01
7.3540E-01	7.6952E-01	7.4358E-01	7.2677E-01	7.3076E-01
7.2451E-01	7.5523E-01	7.3188E-01	7.1674E-01	7.2033E-01
7.1141E-01	7.3900E-01	7.1803E-01	7.0443E-01	7.0765E-01
6.9605E-01	7.2075E-01	7.0197E-01	6.8980E-01	6.9268E-01
6.7838E-01	7.0041E-01	6.8366E-01	6.7280E-01	6.7538E-01
6.5840E-01	6.7795E-01	6.6309E-01	6.5345E-01	6.5573E-01
6.3611E-01	6.5338E-01	6.4025E-01	6.3174E-01	6.3376E-01
6.1156E-01	6.2672E-01	6.1520E-01	6.0772E-01	6.0950E-01
5.8480E-01	5.9802E-01	5.8797E-01	5.8145E-01	5.8300E-01
5.5589E-01	5.6732E-01	5.5863E-01	5.5300E-01	5.5433E-01
5.2493E-01	5.3472E-01	5.2728E-01	5.2245E-01	5.2360E-01
4.9202E-01	5.0031E-01	4.9401E-01	4.8992E-01	4.9089E-01
4.5728E-01	4.6422E-01	4.5895E-01	4.5553E-01	4.5634E-01
4.2085E-01	4.2655E-01	4.2222E-01	4.1941E-01	4.2007E-01
3.8286E-01	3.8746E-01	3.8397E-01	3.8170E-01	3.8224E-01
3.4348E-01	3.4710E-01	3.4435E-01	3.4257E-01	3.4299E-01
3.0288E-01	3.0564E-01	3.0354E-01	3.0218E-01	3.0250E-01
2.6122E-01	2.6324E-01	2.6170E-01	2.6070E-01	2.6094E-01
2.1869E-01	2.2009E-01	2.1903E-01	2.1834E-01	2.1850E-01
1.7549E-01	1.7639E-01	1.7571E-01	1.7527E-01	1.7537E-01
1.3182E-01	1.3232E-01	1.3194E-01	1.3169E-01	1.3175E-01
8.7874E-02	8.8098E-02	8.7928E-02	8.7818E-02	8.7844E-02
4.3864E-02	4.3920E-02	4.3877E-02	4.3850E-02	4.3856E-02
0.0000E+00	0.0000E+00	0.0000E+00	0.0000E+00	0.0000E+00
!M	CDTAB
!U	nd
1.2525E+00	1.2525E+00	1.2525E+00	1.2525E+00	1.2525E+00
1.2533E+00	1.2529E+00	1.2526E+00	1.2526E+00	1.2525E+00
1.2511E+00	1.2502E+00	1.2497E+00	1.2496E+00	1.2495E+00
1.2459E+00	1.2445E+00	1.2437E+00	1.2435E+00	1.2434E+00
1.2376E+00	1.2358E+00	1.2347E+00	1.2345E+00	1.2344E+00
1.2264E+00	1.2241E+00	1.2228E+00	1.2226E+00	1.2224E+00
1.2124E+00	1.2096E+00	1.2080E+00	1.2078E+00	1.2076E+00
1.1955E+00	1.1923E+00	1.1905E+00	1.1902E+00	1.1899E+00
1.1759E+00	1.1723E+00	1.1702E+00	1.1698E+00	1.1695E+00
1.1537E+00	1.1497E+00	1.1473E+00	1.1469E+00	1.1466E+00
1.1291E+00	1.1245E+00	1.1219E+00	1.1215E+00	1.1211E+00
1.1020E+00	1.0970E+00	1.0942E+00	1.0937E+00	1.0933E+00
1.0727E+00	1.0673E+00	1.0643E+00	1.0637E+00	1.0633E+00
1.0414E+00	1.0356E+00	1.0322E+00	1.0317E+00	1.0312E+00
1.0081E+00	1.0019E+00	9.9833E-01	9.9771E-01	9.9723E-01
9.7310E-01	9.6649E-01	9.6268E-01	9.6202E-01	9.6152E-01
9.3652E-01	9.2951E-01	9.2548E-01	9.2478E-01	9.2424E-01
8.9856E-01	8.9117E-01	8.8692E-01	8.8618E-01	8.8561E-01
8.5941E-01	8.5164E-01	8.4717E-01	8.4640E-01	8.4580E-01
8.1927E-01	8.1114E-01	8.0646E-01	8.0564E-01	8.0502E-01
7.7835E-01	7.6985E-01	7.6496E-01	7.6411E-01	7.6346E-01
7.3684E-01	7.2800E-01	7.2291E-01	7.2202E-01	7.2134E-01
6.9496E-01	6.8578E-01	6.8049E-01	6.7957E-01	6.7887E-01
6.5291E-01	6.4340E-01	6.3793E-01	6.3698E-01	6.3625E-01
6.1091E-01	6.0109E-01	5.9544E-01	5.9445E-01	5.9370E-01
5.6917E-01	5.5904E-01	5.5322E-01	5.5220E-01	5.5143E-01
5.2789E-01	5.1748E-01	5.1148E-01	5.1044E-01	5.0964E-01
4.8729E-01	4.7660E-01	4.7045E-01	4.6938E-01	4.6855E-01
4.4757E-01	4.3661E-01	4.3030E-01	4.2921E-01	4.2837E-01
4.0892E-01	3.9771E-01	3.9126E-01	3.9014E-01	3.8928E-01
3.7153E-01	3.6009E-01	3.5350E-01	3.5236E-01	3.5148E-01
3.3561E-01	3.2394E-01	3.1722E-01	3.1605E-01	3.1516E-01
3.0131E-01	2.8943E-01	2.8259E-01	2.8141E-01	2.8050E-01
2.6882E-01	2.5675E-01	2.4980E-01	2.4859E-01	2.4766E-01
2.3830E-01	2.2604E-01	2.1899E-01	2.1776E-01	2.1682E-01
2.0989E-01	1.9747E-01	1.9032E-01	1.8908E-01	1.8813E-01
1.8375E-01	1.7118E-01	1.6394E-01	1.6269E-01	1.6172E-01
1.5999E-01	1.4729E-01	1.3998E-01	1.3870E-01	1.3773E-01
1.3875E-01	1.2592E-01	1.1854E-01	1.1726E-01	1.1628E-01
1.2011E-01	1.0719E-01	9.9746E-02	9.8453E-02	9.7461E-02
1.0419E-01	9.1174E-02	8.3682E-02	8.2380E-02	8.1483E-02
9.2636E-02	7.8680E-02	7.3633E-02	7.1702E-02	7.5836E-02
7.9830E-02	6.9217E-02	5.7644E-02	5.1579E-02	4.7077E-02
4.0640E-02	2.8174E-02	2.0788E-02	1.6069E-02	1.3740E-02
2.8910E-02	2.0870E-02	1.5230E-02	1.2330E-02	1.0740E-02
2.7570E-02	1.7470E-02	1.1800E-02	9.4100E-03	8.2200E-03
3.4890E-02	1.6770E-02	1.1960E-02	1.0050E-02	9.0700E-03
4.1490E-02	1.6930E-02	1.2940E-02	1.1530E-02	1.0750E-02
4.0938E-02	1.8080E-02	1.5167E-02	1.3513E-02	1.0835E-02
2.0013E-02	3.3154E-02	2.5441E-02	1.7156E-02	2.6818E-02
3.0683E-02	5.7555E-02	4.6089E-02	3.0705E-02	1.5987E-02
4.4323E-02	8.4303E-02	6.0863E-02	4.7768E-02	3.0968E-02
6.3564E-02	1.0176E-01	7.9971E-02	6.6982E-02	5.0316E-02
8.5510E-02	1.2335E-01	1.0176E-01	8.8896E-02	7.2386E-02
1.1006E-01	1.4749E-01	1.2614E-01	1.1341E-01	9.7071E-02
1.3708E-01	1.7407E-01	1.5297E-01	1.4039E-01	1.2425E-01
1.6646E-01	2.0295E-01	1.8213E-01	1.6972E-01	1.5380E-01
1.9804E-01	2.3400E-01	2.1348E-01	2.0125E-01	1.8556E-01
2.3167E-01	2.6705E-01	2.4687E-01	2.3483E-01	2.1940E-01
2.6719E-01	3.0195E-01	2.8212E-01	2.7030E-01	2.5514E-01
3.0443E-01	3.3852E-01	3.1907E-01	3.0748E-01	2.9261E-01
3.4321E-01	3.7659E-01	3.5755E-01	3.4619E-01	3.3163E-01
3.8333E-01	4.1596E-01	3.9735E-01	3.8625E-01	3.7201E-01
4.2461E-01	4.5645E-01	4.3829E-01	4.2745E-01	4.1356E-01
4.6683E-01	4.9785E-01	4.8016E-01	4.6961E-01	4.5608E-01
5.0981E-01	5.3997E-01	5.2277E-01	5.1251E-01	4.9935E-01
5.5333E-01	5.8258E-01	5.6589E-01	5.5595E-01	5.4318E-01
5.9717E-01	6.2549E-01	6.0933E-01	5.9971E-01	5.8735E-01
6.4113E-01	6.6848E-01	6.5288E-01	6.4358E-01	6.3165E-01
6.8499E-01	7.1133E-01	6.9631E-01	6.8735E-01	6.7586E-01
7.2854E-01	7.5384E-01	7.3941E-01	7.3081E-01	7.1977E-01
7.7157E-01	7.9581E-01	7.8198E-01	7.7374E-01	7.6316E-01
8.1387E-01	8.3701E-01	8.2381E-01	8.1594E-01	8.0584E-01
8.5523E-01	8.7724E-01	8.6469E-01	8.5720E-01	8.4760E-01
8.9546E-01	9.1632E-01	9.0442E-01	8.9732E-01	8.8822E-01
9.3435E-01	9.5403E-01	9.4281E-01	9.3611E-01	9.2753E-01
9.7173E-01	9.9021E-01	9.7967E-01	9.7338E-01	9.6532E-01
1.0074E+00	1.0247E+00	1.0148E+00	1.0089E+00	1.0014E+00
1.0412E+00	1.0572E+00	1.0481E+00	1.0426E+00	1.0357E+00
1.0730E+00	1.0877E+00	1.0793E+00	1.0743E+00	1.0679E+00
1.1025E+00	1.1160E+00	1.1083E+00	1.1038E+00	1.0979E+00
1.1298E+00	1.1420E+00	1.1350E+00	1.1309E+00	1.1256E+00
1.1546E+00	1.1654E+00	1.1592E+00	1.1555E+00	1.1508E+00
1.1768E+00	1.1863E+00	1.1809E+00	1.1776E+00	1.1735E+00
1.1963E+00	1.2045E+00	1.1998E+00	1.1970E+00	1.1934E+00
1.2130E+00	1.2198E+00	1.2159E+00	1.2136E+00	1.2106E+00
1.2268E+00	1.2323E+00	1.2292E+00	1.2273E+00	1.2249E+00
1.2378E+00	1.2419E+00	1.2395E+00	1.2381E+00	1.2363E+00
1.2457E+00	1.2484E+00	1.2469E+00	1.2459E+00	1.2447E+00
1.2506E+00	1.2520E+00	1.2512E+00	1.2507E+00	1.2501E+00
1.2525E+00	1.2525E+00	1.2525E+00	1.2525E+00	1.2525E+00
!M	CMTAB
!U	nd
3.1312E-01	3.1312E-01	3.1312E-01	3.1312E-01	3.1312E-01
3.1256E-01	3.1254E-01	3.1253E-01	3.1251E-01	3.1250E-01
3.1090E-01	3.1084E-01	3.1077E-01	3.1070E-01	3.1068E-01
3.0821E-01	3.0807E-01	3.0792E-01	3.0776E-01	3.0773E-01
3.0453E-01	3.0429E-01	3.0402E-01	3.0374E-01	3.0369E-01
2.9992E-01	2.9956E-01	2.9914E-01	2.9872E-01	2.9864E-01
2.9444E-01	2.9392E-01	2.9334E-01	2.9274E-01	2.9263E-01
2.8814E-01	2.8744E-01	2.8666E-01	2.8587E-01	2.8573E-01
2.8108E-01	2.8018E-01	2.7918E-01	2.7817E-01	2.7799E-01
2.7330E-01	2.7218E-01	2.7095E-01	2.6969E-01	2.6948E-01
2.6487E-01	2.6351E-01	2.6203E-01	2.6051E-01	2.6026E-01
2.5585E-01	2.5422E-01	2.5247E-01	2.5067E-01	2.5038E-01
2.4627E-01	2.4437E-01	2.4233E-01	2.4025E-01	2.3992E-01
2.3621E-01	2.3401E-01	2.3167E-01	2.2929E-01	2.2893E-01
2.2572E-01	2.2320E-01	2.2056E-01	2.1787E-01	2.1746E-01
2.1484E-01	2.1199E-01	2.0904E-01	2.0603E-01	2.0560E-01
2.0364E-01	2.0045E-01	1.9717E-01	1.9384E-01	1.9338E-01
1.9216E-01	1.8862E-01	1.8502E-01	1.8137E-01	1.8088E-01
1.8047E-01	1.7656E-01	1.7264E-01	1.6866E-01	1.6815E-01
1.6862E-01	1.6433E-01	1.6009E-01	1.5579E-01	1.5526E-01
1.5667E-01	1.5199E-01	1.4743E-01	1.4280E-01	1.4227E-01
1.4466E-01	1.3959E-01	1.3472E-01	1.2977E-01	1.2924E-01
1.3266E-01	1.2718E-01	1.2200E-01	1.1675E-01	1.1622E-01
1.2071E-01	1.1483E-01	1.0935E-01	1.0379E-01	1.0329E-01
1.0888E-01	1.0258E-01	9.6821E-02	9.0976E-02	9.0494E-02
9.7213E-02	9.0502E-02	8.4468E-02	7.8349E-02	7.7901E-02
8.5770E-02	7.8641E-02	7.2350E-02	6.5974E-02	6.5572E-02
7.4606E-02	6.7057E-02	6.0526E-02	5.3912E-02	5.3566E-02
6.3773E-02	5.5805E-02	4.9054E-02	4.2222E-02	4.1944E-02
5.3328E-02	4.4941E-02	3.7992E-02	3.0965E-02	3.0768E-02
4.3324E-02	3.4522E-02	2.7398E-02	2.0200E-02	2.0099E-02
3.3818E-02	2.4603E-02	1.7330E-02	9.9890E-03	9.9970E-03
2.4863E-02	1.5239E-02	7.8470E-03	3.9100E-04	5.2300E-04
1.6514E-02	6.4880E-03	-9.9500E-04	-8.5330E-03	-8.2610E-03
8.8260E-03	-1.5940E-03	-9.1360E-03	-1.6724E-02	-1.6295E-02
1.8550E-03	-8.9530E-03	-1.6519E-02	-2.4121E-02	-2.3518E-02
-4.3450E-03	-1.5532E-02	-2.3086E-02	-3.0663E-02	-2.9869E-02
-9.7200E-03	-2.1275E-02	-2.8778E-02	-3.6292E-02	-3.5287E-02
-1.4215E-02	-2.6126E-02	-3.3537E-02	-4.0946E-02	-3.9712E-02
-1.7774E-02	-3.0029E-02	-3.7307E-02	-4.4565E-02	-4.3081E-02
-2.0343E-02	-3.2928E-02	-4.0027E-02	-4.7089E-02	-4.5228E-02
-2.2397E-02	-3.4691E-02	-4.0280E-02	-4.6287E-02	-4.0776E-02
-2.3368E-02	-3.4649E-02	-4.4162E-02	-5.5211E-02	-5.8972E-02
-5.1202E-02	-5.8141E-02	-8.1338E-02	-9.4069E-02	-1.0050E-01
-5.8500E-02	-8.7900E-02	-1.0190E-01	-1.0560E-01	-1.0520E-01
-6.5800E-02	-1.0320E-01	-1.0650E-01	-1.0510E-01	-1.0380E-01
-9.3000E-02	-1.0680E-01	-1.0470E-01	-1.0270E-01	-1.0140E-01
-1.0060E-01	-1.0270E-01	-9.8900E-02	-9.8000E-02	-9.7800E-02
-9.7274E-02	-9.4800E-02	-9.2820E-02	-9.0663E-02	-8.9953E-02
-8.2215E-02	-7.1816E-02	-7.4577E-02	-7.7704E-02	-8.2811E-02
-8.4296E-02	-5.2448E-02	-6.6951E-02	-7.8197E-02	-8.4808E-02
-8.6169E-02	-4.3139E-02	-7.0213E-02	-7.9521E-02	-8.6268E-02
-8.8161E-02	-4.5917E-02	-7.2087E-02	-8.1572E-02	-8.8337E-02
-9.0842E-02	-4.8081E-02	-7.4724E-02	-8.4331E-02	-9.1087E-02
-9.4171E-02	-5.1124E-02	-7.8081E-02	-8.7757E-02	-9.4476E-02
-9.8109E-02	-5.4995E-02	-8.2116E-02	-9.1811E-02	-9.8467E-02
-1.0262E-01	-5.9642E-02	-8.6783E-02	-9.6451E-02	-1.0302E-01
-1.0766E-01	-6.5015E-02	-9.2041E-02	-1.0164E-01	-1.0810E-01
-1.1318E-01	-7.1062E-02	-9.7845E-02	-1.0733E-01	-1.1366E-01
-1.1916E-01	-7.7731E-02	-1.0415E-01	-1.1348E-01	-1.1966E-01
-1.2556E-01	-8.4971E-02	-1.1092E-01	-1.2006E-01	-1.2608E-01
-1.3232E-01	-9.2731E-02	-1.1811E-01	-1.2703E-01	-1.3286E-01
-1.3942E-01	-1.0096E-01	-1.2566E-01	-1.3433E-01	-1.3996E-01
-1.4681E-01	-1.0961E-01	-1.3355E-01	-1.4194E-01	-1.4736E-01
-1.5446E-01	-1.1862E-01	-1.4173E-01	-1.4981E-01	-1.5500E-01
-1.6232E-01	-1.2794E-01	-1.5015E-01	-1.5790E-01	-1.6285E-01
-1.7035E-01	-1.3753E-01	-1.5877E-01	-1.6617E-01	-1.7088E-01
-1.7852E-01	-1.4733E-01	-1.6754E-01	-1.7458E-01	-1.7904E-01
-1.8679E-01	-1.5729E-01	-1.7643E-01	-1.8309E-01	-1.8729E-01
-1.9511E-01	-1.6737E-01	-1.8540E-01	-1.9166E-01	-1.9559E-01
-2.0345E-01	-1.7749E-01	-1.9438E-01	-2.0024E-01	-2.0391E-01
-2.1177E-01	-1.8763E-01	-2.0335E-01	-2.0880E-01	-2.1221E-01
-2.2003E-01	-1.9772E-01	-2.1227E-01	-2.1730E-01	-2.2044E-01
-2.2818E-01	-2.0771E-01	-2.2107E-01	-2.2570E-01	-2.2856E-01
-2.3620E-01	-2.1756E-01	-2.2974E-01	-2.3395E-01	-2.3655E-01
-2.4404E-01	-2.2721E-01	-2.3821E-01	-2.4201E-01	-2.4436E-01
-2.5165E-01	-2.3660E-01	-2.4645E-01	-2.4985E-01	-2.5194E-01
-2.5901E-01	-2.4570E-01	-2.5442E-01	-2.5742E-01	-2.5927E-01
-2.6607E-01	-2.5444E-01	-2.6206E-01	-2.6469E-01	-2.6630E-01
-2.7279E-01	-2.6278E-01	-2.6934E-01	-2.7160E-01	-2.7299E-01
-2.7913E-01	-2.7066E-01	-2.7622E-01	-2.7813E-01	-2.7930E-01
-2.8506E-01	-2.7803E-01	-2.8265E-01	-2.8423E-01	-2.8520E-01
-2.9053E-01	-2.8485E-01	-2.8858E-01	-2.8986E-01	-2.9064E-01
-2.9550E-01	-2.9106E-01	-2.9398E-01	-2.9498E-01	-2.9559E-01
-2.9994E-01	-2.9661E-01	-2.9880E-01	-2.9955E-01	-3.0001E-01
-3.0380E-01	-3.0144E-01	-3.0300E-01	-3.0353E-01	-3.0385E-01
-3.0705E-01	-3.0551E-01	-3.0653E-01	-3.0688E-01	-3.0709E-01
-3.0965E-01	-3.0876E-01	-3.0935E-01	-3.0955E-01	-3.0967E-01
-3.1155E-01	-3.1115E-01	-3.1142E-01	-3.1151E-01	-3.1156E-01
-3.1272E-01	-3.1262E-01	-3.1269E-01	-3.1271E-01	-3.1273E-01
-3.1312E-01	-3.1312E-01	-3.1312E-01	-3.1312E-01	-3.1312E-01
