!T	AOACL
!U	deg
-90	
-88	
-86	
-84	
-82	
-80	
-78	
-76	
-74	
-72	
-70	
-68	
-66	
-64	
-62	
-60	
-58	
-56	
-54	
-52	
-50	
-48	
-46	
-44	
-42	
-40	
-38	
-36	
-34	
-32	
-30	
-28	
-26	
-24	
-22	
-20	
-18	
-16	
-14	
-12	
-10	
-8	
-6	
-4	
-2	
0	
2	
4	
6	
8	
10	
12	
14	
16	
18	
20	
22	
24	
26	
28	
30	
32	
34	
36	
38	
40	
42	
44	
46	
48	
50	
52	
54	
56	
58	
60	
62	
64	
66	
68	
70	
72	
74	
76	
78	
80	
82	
84	
86	
88	
90	
!T	AOACD
!U	deg
-90	
-88	
-86	
-84	
-82	
-80	
-78	
-76	
-74	
-72	
-70	
-68	
-66	
-64	
-62	
-60	
-58	
-56	
-54	
-52	
-50	
-48	
-46	
-44	
-42	
-40	
-38	
-36	
-34	
-32	
-30	
-28	
-26	
-24	
-22	
-20	
-18	
-16	
-14	
-12	
-10	
-8	
-6	
-4	
-2	
0	
2	
4	
6	
8	
10	
12	
14	
16	
18	
20	
22	
24	
26	
28	
30	
32	
34	
36	
38	
40	
42	
44	
46	
48	
50	
52	
54	
56	
58	
60	
62	
64	
66	
68	
70	
72	
74	
76	
78	
80	
82	
84	
86	
88	
90	
!T	AOACM
!U	deg
-90	
-88	
-86	
-84	
-82	
-80	
-78	
-76	
-74	
-72	
-70	
-68	
-66	
-64	
-62	
-60	
-58	
-56	
-54	
-52	
-50	
-48	
-46	
-44	
-42	
-40	
-38	
-36	
-34	
-32	
-30	
-28	
-26	
-24	
-22	
-20	
-18	
-16	
-14	
-12	
-10	
-8	
-6	
-4	
-2	
0	
2	
4	
6	
8	
10	
12	
14	
16	
18	
20	
22	
24	
26	
28	
30	
32	
34	
36	
38	
40	
42	
44	
46	
48	
50	
52	
54	
56	
58	
60	
62	
64	
66	
68	
70	
72	
74	
76	
78	
80	
82	
84	
86	
88	
90	
!T	RECL
!U	nd
50000	
100000	
150000	
200000	
250000	
!T	RECD
!U	nd
50000	
100000	
150000	
200000	
250000	
!T	RECM
!U	nd
50000	
100000	
150000	
200000	
250000	
!M	CLTAB
!U	nd
-0.0000E+00	-0.0000E+00	-0.0000E+00	-0.0000E+00	-0.0000E+00
-4.2638E-02	-4.2640E-02	-4.2640E-02	-4.2643E-02	-4.2636E-02
-8.5126E-02	-8.5135E-02	-8.5132E-02	-8.5144E-02	-8.5117E-02
-1.2726E-01	-1.2728E-01	-1.2727E-01	-1.2730E-01	-1.2724E-01
-1.6883E-01	-1.6886E-01	-1.6885E-01	-1.6890E-01	-1.6879E-01
-2.0964E-01	-2.0969E-01	-2.0968E-01	-2.0975E-01	-2.0958E-01
-2.4949E-01	-2.4957E-01	-2.4954E-01	-2.4965E-01	-2.4940E-01
-2.8819E-01	-2.8830E-01	-2.8826E-01	-2.8840E-01	-2.8807E-01
-3.2555E-01	-3.2570E-01	-3.2565E-01	-3.2583E-01	-3.2539E-01
-3.6140E-01	-3.6159E-01	-3.6152E-01	-3.6176E-01	-3.6120E-01
-3.9557E-01	-3.9579E-01	-3.9572E-01	-3.9601E-01	-3.9532E-01
-4.2789E-01	-4.2816E-01	-4.2806E-01	-4.2842E-01	-4.2758E-01
-4.5820E-01	-4.5853E-01	-4.5842E-01	-4.5885E-01	-4.5784E-01
-4.8638E-01	-4.8677E-01	-4.8663E-01	-4.8714E-01	-4.8595E-01
-5.1228E-01	-5.1274E-01	-5.1258E-01	-5.1317E-01	-5.1178E-01
-5.3580E-01	-5.3632E-01	-5.3614E-01	-5.3682E-01	-5.3522E-01
-5.5681E-01	-5.5741E-01	-5.5721E-01	-5.5799E-01	-5.5615E-01
-5.7524E-01	-5.7592E-01	-5.7569E-01	-5.7658E-01	-5.7448E-01
-5.9100E-01	-5.9177E-01	-5.9150E-01	-5.9251E-01	-5.9014E-01
-6.0402E-01	-6.0489E-01	-6.0459E-01	-6.0572E-01	-6.0305E-01
-6.1426E-01	-6.1524E-01	-6.1490E-01	-6.1617E-01	-6.1317E-01
-6.2168E-01	-6.2277E-01	-6.2240E-01	-6.2381E-01	-6.2047E-01
-6.2626E-01	-6.2748E-01	-6.2706E-01	-6.2864E-01	-6.2491E-01
-6.2801E-01	-6.2936E-01	-6.2890E-01	-6.3065E-01	-6.2651E-01
-6.2693E-01	-6.2843E-01	-6.2791E-01	-6.2985E-01	-6.2527E-01
-6.2306E-01	-6.2472E-01	-6.2415E-01	-6.2629E-01	-6.2122E-01
-6.1645E-01	-6.1828E-01	-6.1765E-01	-6.2002E-01	-6.1442E-01
-6.0717E-01	-6.0919E-01	-6.0850E-01	-6.1111E-01	-6.0493E-01
-5.9531E-01	-5.9754E-01	-5.9677E-01	-5.9966E-01	-5.9284E-01
-5.8098E-01	-5.8345E-01	-5.8260E-01	-5.8579E-01	-5.7825E-01
-5.6433E-01	-5.6706E-01	-5.6612E-01	-5.6965E-01	-5.6132E-01
-5.4552E-01	-5.4854E-01	-5.4750E-01	-5.5141E-01	-5.4218E-01
-5.2475E-01	-5.2810E-01	-5.2695E-01	-5.3129E-01	-5.2105E-01
-5.0227E-01	-5.0600E-01	-5.0472E-01	-5.0955E-01	-4.9815E-01
-4.7838E-01	-4.8255E-01	-4.8112E-01	-4.8651E-01	-4.7376E-01
-4.5345E-01	-4.5815E-01	-4.5653E-01	-4.6261E-01	-4.4826E-01
-4.2799E-01	-4.3331E-01	-4.3148E-01	-4.3837E-01	-4.2211E-01
-4.0266E-01	-4.0875E-01	-4.0666E-01	-4.1454E-01	-3.9592E-01
-3.7844E-01	-3.8551E-01	-3.8308E-01	-3.9224E-01	-3.7062E-01
-3.5685E-01	-3.6521E-01	-3.6234E-01	-3.7316E-01	-3.4760E-01
-3.4048E-01	-3.5063E-01	-3.4714E-01	-3.6028E-01	-3.2926E-01
-3.3435E-01	-3.4629E-01	-3.4285E-01	-3.5782E-01	-3.2328E-01
-3.5117E-01	-3.6898E-01	-3.6363E-01	-3.8212E-01	-3.1014E-01
-2.4840E-01	-2.3187E-01	-1.9138E-01	-1.0982E-02	1.0955E-02
1.2940E-01	1.2900E-01	2.4700E-01	3.1360E-01	3.5250E-01
3.1430E-01	4.4790E-01	5.3990E-01	5.9170E-01	6.1440E-01
5.1670E-01	7.5460E-01	8.3373E-01	8.5030E-01	8.6490E-01
8.4080E-01	1.0372E+00	1.0486E+00	1.0552E+00	1.0587E+00
1.1686E+00	1.2123E+00	1.2256E+00	1.2490E+00	1.2454E+00
1.2201E+00	1.2988E+00	1.2384E+00	1.1607E+00	1.1251E+00
1.3491E+00	1.1550E+00	1.0556E+00	9.7067E-01	9.4267E-01
1.1831E+00	1.0122E+00	9.3869E-01	8.7609E-01	8.5302E-01
1.0812E+00	9.3266E-01	8.7049E-01	8.1755E-01	7.9804E-01
1.0081E+00	8.8007E-01	8.2652E-01	7.8091E-01	7.6411E-01
9.5659E-01	8.4483E-01	7.9808E-01	7.5826E-01	7.4359E-01
9.1970E-01	8.2113E-01	7.7989E-01	7.4476E-01	7.3182E-01
8.9281E-01	8.0519E-01	7.6853E-01	7.3732E-01	7.2581E-01
8.7282E-01	7.9448E-01	7.6170E-01	7.3379E-01	7.2350E-01
8.5754E-01	7.8719E-01	7.5775E-01	7.3268E-01	7.2344E-01
8.4540E-01	7.8201E-01	7.5548E-01	7.3289E-01	7.2457E-01
8.3522E-01	7.7795E-01	7.5399E-01	7.3358E-01	7.2606E-01
8.2607E-01	7.7426E-01	7.5258E-01	7.3411E-01	7.2731E-01
8.1727E-01	7.7034E-01	7.5071E-01	7.3399E-01	7.2783E-01
8.0826E-01	7.6574E-01	7.4796E-01	7.3281E-01	7.2723E-01
7.9859E-01	7.6008E-01	7.4397E-01	7.3025E-01	7.2520E-01
7.8792E-01	7.5307E-01	7.3849E-01	7.2607E-01	7.2149E-01
7.7598E-01	7.4447E-01	7.3128E-01	7.2006E-01	7.1592E-01
7.6253E-01	7.3409E-01	7.2219E-01	7.1206E-01	7.0832E-01
7.4741E-01	7.2179E-01	7.1108E-01	7.0195E-01	6.9859E-01
7.3048E-01	7.0748E-01	6.9786E-01	6.8966E-01	6.8664E-01
7.1166E-01	6.9107E-01	6.8245E-01	6.7512E-01	6.7241E-01
6.9088E-01	6.7252E-01	6.6484E-01	6.5829E-01	6.5588E-01
6.6812E-01	6.5181E-01	6.4499E-01	6.3918E-01	6.3704E-01
6.4335E-01	6.2895E-01	6.2293E-01	6.1780E-01	6.1591E-01
6.1661E-01	6.0397E-01	5.9868E-01	5.9418E-01	5.9252E-01
5.8793E-01	5.7691E-01	5.7229E-01	5.6837E-01	5.6692E-01
5.5736E-01	5.4783E-01	5.4384E-01	5.4045E-01	5.3920E-01
5.2499E-01	5.1683E-01	5.1341E-01	5.1050E-01	5.0943E-01
4.9091E-01	4.8399E-01	4.8110E-01	4.7864E-01	4.7773E-01
4.5522E-01	4.4944E-01	4.4702E-01	4.4496E-01	4.4420E-01
4.1805E-01	4.1330E-01	4.1131E-01	4.0961E-01	4.0899E-01
3.7954E-01	3.7570E-01	3.7410E-01	3.7273E-01	3.7223E-01
3.3983E-01	3.3681E-01	3.3555E-01	3.3447E-01	3.3408E-01
2.9908E-01	2.9678E-01	2.9582E-01	2.9500E-01	2.9469E-01
2.5747E-01	2.5578E-01	2.5508E-01	2.5448E-01	2.5425E-01
2.1517E-01	2.1400E-01	2.1351E-01	2.1309E-01	2.1294E-01
1.7236E-01	1.7161E-01	1.7130E-01	1.7104E-01	1.7094E-01
1.2924E-01	1.2882E-01	1.2865E-01	1.2850E-01	1.2844E-01
8.6007E-02	8.5821E-02	8.5743E-02	8.5677E-02	8.5652E-02
4.2858E-02	4.2812E-02	4.2792E-02	4.2776E-02	4.2770E-02
0.0000E+00	0.0000E+00	0.0000E+00	0.0000E+00	0.0000E+00
!M	CDTAB
!U	nd
1.2217E+00	1.2217E+00	1.2217E+00	1.2217E+00	1.2217E+00
1.2228E+00	1.2228E+00	1.2226E+00	1.2228E+00	1.2230E+00
1.2210E+00	1.2210E+00	1.2205E+00	1.2209E+00	1.2214E+00
1.2162E+00	1.2163E+00	1.2155E+00	1.2161E+00	1.2169E+00
1.2085E+00	1.2086E+00	1.2075E+00	1.2084E+00	1.2094E+00
1.1979E+00	1.1981E+00	1.1967E+00	1.1978E+00	1.1990E+00
1.1845E+00	1.1847E+00	1.1831E+00	1.1844E+00	1.1858E+00
1.1683E+00	1.1686E+00	1.1667E+00	1.1682E+00	1.1699E+00
1.1496E+00	1.1499E+00	1.1477E+00	1.1494E+00	1.1514E+00
1.1282E+00	1.1286E+00	1.1262E+00	1.1281E+00	1.1303E+00
1.1044E+00	1.1048E+00	1.1022E+00	1.1043E+00	1.1067E+00
1.0784E+00	1.0788E+00	1.0759E+00	1.0782E+00	1.0808E+00
1.0501E+00	1.0506E+00	1.0474E+00	1.0499E+00	1.0528E+00
1.0198E+00	1.0203E+00	1.0169E+00	1.0196E+00	1.0227E+00
9.8767E-01	9.8821E-01	9.8456E-01	9.8744E-01	9.9077E-01
9.5381E-01	9.5438E-01	9.5049E-01	9.5356E-01	9.5711E-01
9.1841E-01	9.1902E-01	9.1490E-01	9.1815E-01	9.2191E-01
8.8166E-01	8.8230E-01	8.7796E-01	8.8139E-01	8.8536E-01
8.4374E-01	8.4442E-01	8.3985E-01	8.4346E-01	8.4763E-01
8.0485E-01	8.0556E-01	8.0077E-01	8.0456E-01	8.0892E-01
7.6519E-01	7.6592E-01	7.6093E-01	7.6488E-01	7.6944E-01
7.2494E-01	7.2571E-01	7.2051E-01	7.2462E-01	7.2937E-01
6.8433E-01	6.8512E-01	6.7973E-01	6.8400E-01	6.8892E-01
6.4355E-01	6.4437E-01	6.3878E-01	6.4320E-01	6.4831E-01
6.0281E-01	6.0366E-01	5.9788E-01	6.0245E-01	6.0772E-01
5.6230E-01	5.6318E-01	5.5723E-01	5.6194E-01	5.6737E-01
5.2225E-01	5.2315E-01	5.1703E-01	5.2187E-01	5.2746E-01
4.8285E-01	4.8377E-01	4.7749E-01	4.8246E-01	4.8819E-01
4.4428E-01	4.4523E-01	4.3879E-01	4.4388E-01	4.4977E-01
4.0676E-01	4.0773E-01	4.0115E-01	4.0636E-01	4.1237E-01
3.7047E-01	3.7146E-01	3.6473E-01	3.7005E-01	3.7620E-01
3.3558E-01	3.3659E-01	3.2974E-01	3.3516E-01	3.4142E-01
3.0228E-01	3.0331E-01	2.9633E-01	3.0185E-01	3.0823E-01
2.7073E-01	2.7177E-01	2.6468E-01	2.7029E-01	2.7677E-01
2.4108E-01	2.4214E-01	2.3494E-01	2.4064E-01	2.4721E-01
2.1349E-01	2.1457E-01	2.0727E-01	2.1304E-01	2.1971E-01
1.8810E-01	1.8919E-01	1.8180E-01	1.8764E-01	1.9439E-01
1.6502E-01	1.6612E-01	1.5866E-01	1.6456E-01	1.7138E-01
1.4438E-01	1.4550E-01	1.3796E-01	1.4392E-01	1.5080E-01
1.2628E-01	1.2740E-01	1.1980E-01	1.2581E-01	1.3275E-01
1.1081E-01	1.1194E-01	1.0429E-01	1.1034E-01	1.1733E-01
9.8048E-02	9.9620E-02	9.1953E-02	1.0024E-01	1.0511E-01
8.9690E-02	8.9525E-02	8.3273E-02	8.6863E-02	8.7055E-02
6.3060E-02	5.4114E-02	4.6941E-02	2.5993E-02	2.6504E-02
2.6690E-02	2.3390E-02	1.8990E-02	1.5700E-02	1.3460E-02
2.4620E-02	2.0040E-02	1.4860E-02	1.1420E-02	1.0000E-02
3.3370E-02	1.9610E-02	1.2693E-02	9.8500E-03	8.8900E-03
3.8930E-02	1.6430E-02	1.2380E-02	1.1070E-02	1.0577E-02
2.8900E-02	1.9173E-02	1.8751E-02	1.8866E-02	1.7939E-02
4.1703E-02	3.7664E-02	3.0231E-02	2.7519E-02	2.6321E-02
6.3770E-02	5.0847E-02	4.3372E-02	4.2092E-02	4.0867E-02
8.4916E-02	6.8016E-02	5.9921E-02	5.8028E-02	5.6811E-02
9.8035E-02	8.6584E-02	7.8554E-02	7.6676E-02	7.5469E-02
1.1911E-01	1.0776E-01	9.9806E-02	9.7946E-02	9.6750E-02
1.4267E-01	1.3144E-01	1.2357E-01	1.2173E-01	1.2055E-01
1.6861E-01	1.5752E-01	1.4974E-01	1.4792E-01	1.4675E-01
1.9679E-01	1.8585E-01	1.7818E-01	1.7638E-01	1.7523E-01
2.2709E-01	2.1631E-01	2.0875E-01	2.0698E-01	2.0584E-01
2.5935E-01	2.4874E-01	2.4130E-01	2.3956E-01	2.3844E-01
2.9341E-01	2.8299E-01	2.7568E-01	2.7397E-01	2.7287E-01
3.2910E-01	3.1888E-01	3.1171E-01	3.1004E-01	3.0896E-01
3.6625E-01	3.5624E-01	3.4923E-01	3.4759E-01	3.4653E-01
4.0468E-01	3.9490E-01	3.8804E-01	3.8643E-01	3.8540E-01
4.4420E-01	4.3465E-01	4.2796E-01	4.2639E-01	4.2538E-01
4.8461E-01	4.7531E-01	4.6879E-01	4.6726E-01	4.6628E-01
5.2571E-01	5.1667E-01	5.1033E-01	5.0885E-01	5.0790E-01
5.6731E-01	5.5854E-01	5.5239E-01	5.5095E-01	5.5002E-01
6.0919E-01	6.0070E-01	5.9474E-01	5.9335E-01	5.9246E-01
6.5115E-01	6.4295E-01	6.3720E-01	6.3586E-01	6.3499E-01
6.9298E-01	6.8508E-01	6.7955E-01	6.7825E-01	6.7742E-01
7.3448E-01	7.2689E-01	7.2158E-01	7.2033E-01	7.1953E-01
7.7544E-01	7.6818E-01	7.6308E-01	7.6189E-01	7.6113E-01
8.1566E-01	8.0873E-01	8.0386E-01	8.0273E-01	8.0199E-01
8.5495E-01	8.4835E-01	8.4372E-01	8.4264E-01	8.4194E-01
8.9309E-01	8.8684E-01	8.8246E-01	8.8143E-01	8.8077E-01
9.2992E-01	9.2402E-01	9.1988E-01	9.1892E-01	9.1829E-01
9.6524E-01	9.5970E-01	9.5582E-01	9.5491E-01	9.5433E-01
9.9889E-01	9.9371E-01	9.9008E-01	9.8924E-01	9.8869E-01
1.0307E+00	1.0259E+00	1.0225E+00	1.0217E+00	1.0212E+00
1.0605E+00	1.0561E+00	1.0530E+00	1.0522E+00	1.0518E+00
1.0881E+00	1.0841E+00	1.0812E+00	1.0806E+00	1.0802E+00
1.1135E+00	1.1098E+00	1.1073E+00	1.1067E+00	1.1063E+00
1.1364E+00	1.1331E+00	1.1309E+00	1.1303E+00	1.1300E+00
1.1568E+00	1.1539E+00	1.1519E+00	1.1515E+00	1.1512E+00
1.1745E+00	1.1721E+00	1.1704E+00	1.1700E+00	1.1697E+00
1.1896E+00	1.1875E+00	1.1861E+00	1.1858E+00	1.1855E+00
1.2018E+00	1.2002E+00	1.1990E+00	1.1987E+00	1.1986E+00
1.2112E+00	1.2099E+00	1.2091E+00	1.2089E+00	1.2087E+00
1.2176E+00	1.2168E+00	1.2162E+00	1.2161E+00	1.2160E+00
1.2211E+00	1.2207E+00	1.2204E+00	1.2204E+00	1.2203E+00
1.2217E+00	1.2217E+00	1.2217E+00	1.2217E+00	1.2217E+00
!M	CMTAB
!U	nd
3.0542E-01	3.0542E-01	3.0542E-01	3.0542E-01	3.0542E-01
3.0489E-01	3.0487E-01	3.0487E-01	3.0487E-01	3.0485E-01
3.0336E-01	3.0327E-01	3.0327E-01	3.0327E-01	3.0318E-01
3.0086E-01	3.0066E-01	3.0067E-01	3.0066E-01	3.0046E-01
2.9745E-01	2.9709E-01	2.9711E-01	2.9709E-01	2.9676E-01
2.9318E-01	2.9263E-01	2.9266E-01	2.9263E-01	2.9212E-01
2.8809E-01	2.8733E-01	2.8736E-01	2.8733E-01	2.8660E-01
2.8225E-01	2.8122E-01	2.8127E-01	2.8123E-01	2.8026E-01
2.7569E-01	2.7438E-01	2.7444E-01	2.7439E-01	2.7315E-01
2.6847E-01	2.6685E-01	2.6692E-01	2.6687E-01	2.6533E-01
2.6063E-01	2.5868E-01	2.5876E-01	2.5871E-01	2.5685E-01
2.5223E-01	2.4993E-01	2.5002E-01	2.4997E-01	2.4777E-01
2.4332E-01	2.4065E-01	2.4075E-01	2.4070E-01	2.3814E-01
2.3395E-01	2.3089E-01	2.3100E-01	2.3096E-01	2.2801E-01
2.2417E-01	2.2070E-01	2.2083E-01	2.2080E-01	2.1746E-01
2.1402E-01	2.1015E-01	2.1028E-01	2.1027E-01	2.0652E-01
2.0356E-01	1.9927E-01	1.9941E-01	1.9942E-01	1.9526E-01
1.9284E-01	1.8813E-01	1.8827E-01	1.8832E-01	1.8372E-01
1.8191E-01	1.7677E-01	1.7691E-01	1.7700E-01	1.7198E-01
1.7081E-01	1.6525E-01	1.6539E-01	1.6553E-01	1.6007E-01
1.5960E-01	1.5362E-01	1.5376E-01	1.5396E-01	1.4806E-01
1.4833E-01	1.4194E-01	1.4207E-01	1.4233E-01	1.3600E-01
1.3705E-01	1.3025E-01	1.3037E-01	1.3071E-01	1.2395E-01
1.2580E-01	1.1861E-01	1.1872E-01	1.1915E-01	1.1196E-01
1.1464E-01	1.0708E-01	1.0717E-01	1.0769E-01	1.0009E-01
1.0362E-01	9.5698E-02	9.5770E-02	9.6398E-02	8.8387E-02
9.2785E-02	8.4525E-02	8.4572E-02	8.5320E-02	7.6916E-02
8.2188E-02	7.3612E-02	7.3629E-02	7.4512E-02	6.5729E-02
7.1879E-02	6.3012E-02	6.2995E-02	6.4025E-02	5.4881E-02
6.1907E-02	5.2778E-02	5.2721E-02	5.3913E-02	4.4428E-02
5.2323E-02	4.2963E-02	4.2860E-02	4.4229E-02	3.4425E-02
4.3177E-02	3.3619E-02	3.3465E-02	3.5026E-02	2.4927E-02
3.4517E-02	2.4798E-02	2.4587E-02	2.6357E-02	1.5990E-02
2.6395E-02	1.6555E-02	1.6280E-02	1.8275E-02	7.6680E-03
1.8861E-02	8.9400E-03	8.5960E-03	1.0833E-02	1.9000E-05
1.1964E-02	2.0080E-03	1.5860E-03	4.0840E-03	-6.9040E-03
5.7540E-03	-4.1900E-03	-4.6950E-03	-1.9190E-03	-1.3045E-02
2.8200E-04	-9.6000E-03	-1.0196E-02	-7.1220E-03	-1.8349E-02
-4.4030E-03	-1.4169E-02	-1.4865E-02	-1.1473E-02	-2.2759E-02
-8.2500E-03	-1.7846E-02	-1.8649E-02	-1.4918E-02	-2.6221E-02
-1.1210E-02	-2.0577E-02	-2.1495E-02	-1.7405E-02	-2.8679E-02
-1.3233E-02	-2.2440E-02	-2.3388E-02	-1.9331E-02	-2.9327E-02
-1.5262E-02	-2.2878E-02	-2.3990E-02	-2.2393E-02	-3.6555E-02
-4.1610E-02	-5.6917E-02	-6.7906E-02	-1.0390E-01	-1.1128E-01
-1.0190E-01	-9.8900E-02	-1.1980E-01	-1.3150E-01	-1.3810E-01
-9.9000E-02	-1.2410E-01	-1.3840E-01	-1.4560E-01	-1.5130E-01
-1.1180E-01	-1.4295E-01	-1.5127E-01	-1.5390E-01	-1.5500E-01
-1.3790E-01	-1.5010E-01	-1.5010E-01	-1.4930E-01	-1.4840E-01
-1.3690E-01	-1.3117E-01	-1.2983E-01	-1.2987E-01	-1.3233E-01
-9.3656E-02	-1.0545E-01	-1.0950E-01	-1.2326E-01	-1.2839E-01
-7.8100E-02	-1.0614E-01	-1.0991E-01	-1.2390E-01	-1.2909E-01
-7.9833E-02	-1.0712E-01	-1.1102E-01	-1.2510E-01	-1.3032E-01
-7.9748E-02	-1.0872E-01	-1.1272E-01	-1.2687E-01	-1.3210E-01
-8.1744E-02	-1.1094E-01	-1.1502E-01	-1.2916E-01	-1.3437E-01
-8.4465E-02	-1.1374E-01	-1.1787E-01	-1.3195E-01	-1.3713E-01
-8.7867E-02	-1.1708E-01	-1.2124E-01	-1.3521E-01	-1.4033E-01
-9.1909E-02	-1.2093E-01	-1.2510E-01	-1.3890E-01	-1.4395E-01
-9.6548E-02	-1.2526E-01	-1.2942E-01	-1.4300E-01	-1.4796E-01
-1.0174E-01	-1.3003E-01	-1.3416E-01	-1.4747E-01	-1.5233E-01
-1.0744E-01	-1.3521E-01	-1.3928E-01	-1.5229E-01	-1.5703E-01
-1.1362E-01	-1.4075E-01	-1.4475E-01	-1.5742E-01	-1.6203E-01
-1.2022E-01	-1.4663E-01	-1.5055E-01	-1.6284E-01	-1.6730E-01
-1.2720E-01	-1.5282E-01	-1.5663E-01	-1.6850E-01	-1.7281E-01
-1.3452E-01	-1.5926E-01	-1.6296E-01	-1.7439E-01	-1.7853E-01
-1.4215E-01	-1.6594E-01	-1.6951E-01	-1.8047E-01	-1.8443E-01
-1.5002E-01	-1.7281E-01	-1.7624E-01	-1.8671E-01	-1.9049E-01
-1.5812E-01	-1.7984E-01	-1.8312E-01	-1.9308E-01	-1.9667E-01
-1.6638E-01	-1.8699E-01	-1.9012E-01	-1.9955E-01	-2.0295E-01
-1.7477E-01	-1.9424E-01	-1.9720E-01	-2.0608E-01	-2.0929E-01
-1.8324E-01	-2.0154E-01	-2.0433E-01	-2.1266E-01	-2.1566E-01
-1.9176E-01	-2.0886E-01	-2.1148E-01	-2.1924E-01	-2.2204E-01
-2.0028E-01	-2.1617E-01	-2.1860E-01	-2.2581E-01	-2.2840E-01
-2.0875E-01	-2.2342E-01	-2.2567E-01	-2.3231E-01	-2.3470E-01
-2.1714E-01	-2.3059E-01	-2.3266E-01	-2.3874E-01	-2.4092E-01
-2.2540E-01	-2.3764E-01	-2.3953E-01	-2.4505E-01	-2.4703E-01
-2.3349E-01	-2.4453E-01	-2.4624E-01	-2.5121E-01	-2.5299E-01
-2.4137E-01	-2.5123E-01	-2.5276E-01	-2.5720E-01	-2.5879E-01
-2.4899E-01	-2.5771E-01	-2.5906E-01	-2.6298E-01	-2.6438E-01
-2.5632E-01	-2.6393E-01	-2.6511E-01	-2.6852E-01	-2.6974E-01
-2.6330E-01	-2.6985E-01	-2.7086E-01	-2.7380E-01	-2.7485E-01
-2.6990E-01	-2.7543E-01	-2.7630E-01	-2.7877E-01	-2.7966E-01
-2.7607E-01	-2.8066E-01	-2.8137E-01	-2.8342E-01	-2.8416E-01
-2.8177E-01	-2.8548E-01	-2.8606E-01	-2.8771E-01	-2.8830E-01
-2.8697E-01	-2.8987E-01	-2.9032E-01	-2.9161E-01	-2.9207E-01
-2.9161E-01	-2.9378E-01	-2.9412E-01	-2.9509E-01	-2.9544E-01
-2.9565E-01	-2.9719E-01	-2.9743E-01	-2.9812E-01	-2.9836E-01
-2.9905E-01	-3.0006E-01	-3.0022E-01	-3.0066E-01	-3.0082E-01
-3.0177E-01	-3.0235E-01	-3.0244E-01	-3.0270E-01	-3.0279E-01
-3.0377E-01	-3.0403E-01	-3.0407E-01	-3.0419E-01	-3.0423E-01
-3.0500E-01	-3.0506E-01	-3.0507E-01	-3.0510E-01	-3.0511E-01
-3.0542E-01	-3.0542E-01	-3.0542E-01	-3.0542E-01	-3.0542E-01
