!T	AOACL
!U	deg
-90	
-88	
-86	
-84	
-82	
-80	
-78	
-76	
-74	
-72	
-70	
-68	
-66	
-64	
-62	
-60	
-58	
-56	
-54	
-52	
-50	
-48	
-46	
-44	
-42	
-40	
-38	
-36	
-34	
-32	
-30	
-28	
-26	
-24	
-22	
-20	
-18	
-16	
-14	
-12	
-10	
-8	
-6	
-4	
-2	
0	
2	
4	
6	
8	
10	
12	
14	
16	
18	
20	
22	
24	
26	
28	
30	
32	
34	
36	
38	
40	
42	
44	
46	
48	
50	
52	
54	
56	
58	
60	
62	
64	
66	
68	
70	
72	
74	
76	
78	
80	
82	
84	
86	
88	
90	
!T	AOACD
!U	deg
-90	
-88	
-86	
-84	
-82	
-80	
-78	
-76	
-74	
-72	
-70	
-68	
-66	
-64	
-62	
-60	
-58	
-56	
-54	
-52	
-50	
-48	
-46	
-44	
-42	
-40	
-38	
-36	
-34	
-32	
-30	
-28	
-26	
-24	
-22	
-20	
-18	
-16	
-14	
-12	
-10	
-8	
-6	
-4	
-2	
0	
2	
4	
6	
8	
10	
12	
14	
16	
18	
20	
22	
24	
26	
28	
30	
32	
34	
36	
38	
40	
42	
44	
46	
48	
50	
52	
54	
56	
58	
60	
62	
64	
66	
68	
70	
72	
74	
76	
78	
80	
82	
84	
86	
88	
90	
!T	AOACM
!U	deg
-90	
-88	
-86	
-84	
-82	
-80	
-78	
-76	
-74	
-72	
-70	
-68	
-66	
-64	
-62	
-60	
-58	
-56	
-54	
-52	
-50	
-48	
-46	
-44	
-42	
-40	
-38	
-36	
-34	
-32	
-30	
-28	
-26	
-24	
-22	
-20	
-18	
-16	
-14	
-12	
-10	
-8	
-6	
-4	
-2	
0	
2	
4	
6	
8	
10	
12	
14	
16	
18	
20	
22	
24	
26	
28	
30	
32	
34	
36	
38	
40	
42	
44	
46	
48	
50	
52	
54	
56	
58	
60	
62	
64	
66	
68	
70	
72	
74	
76	
78	
80	
82	
84	
86	
88	
90	
!T	RECL
!U	nd
50000	
100000	
150000	
200000	
250000	
!T	RECD
!U	nd
50000	
100000	
150000	
200000	
250000	
!T	RECM
!U	nd
50000	
100000	
150000	
200000	
250000	
!M	CLTAB
!U	nd
-0.0000E+00	-0.0000E+00	-0.0000E+00	-0.0000E+00	-0.0000E+00
-4.2634E-02	-4.2639E-02	-4.2637E-02	-4.2632E-02	-4.2638E-02
-8.5110E-02	-8.5128E-02	-8.5123E-02	-8.5101E-02	-8.5124E-02
-1.2722E-01	-1.2726E-01	-1.2725E-01	-1.2720E-01	-1.2725E-01
-1.6876E-01	-1.6884E-01	-1.6882E-01	-1.6873E-01	-1.6882E-01
-2.0953E-01	-2.0965E-01	-2.0962E-01	-2.0948E-01	-2.0962E-01
-2.4934E-01	-2.4951E-01	-2.4946E-01	-2.4926E-01	-2.4947E-01
-2.8798E-01	-2.8821E-01	-2.8815E-01	-2.8788E-01	-2.8816E-01
-3.2529E-01	-3.2559E-01	-3.2550E-01	-3.2515E-01	-3.2552E-01
-3.6106E-01	-3.6144E-01	-3.6134E-01	-3.6089E-01	-3.6136E-01
-3.9515E-01	-3.9562E-01	-3.9549E-01	-3.9493E-01	-3.9551E-01
-4.2737E-01	-4.2795E-01	-4.2779E-01	-4.2711E-01	-4.2782E-01
-4.5759E-01	-4.5827E-01	-4.5809E-01	-4.5728E-01	-4.5812E-01
-4.8565E-01	-4.8646E-01	-4.8625E-01	-4.8529E-01	-4.8628E-01
-5.1144E-01	-5.1238E-01	-5.1213E-01	-5.1101E-01	-5.1217E-01
-5.3482E-01	-5.3591E-01	-5.3562E-01	-5.3432E-01	-5.3566E-01
-5.5569E-01	-5.5694E-01	-5.5661E-01	-5.5512E-01	-5.5666E-01
-5.7396E-01	-5.7539E-01	-5.7500E-01	-5.7331E-01	-5.7507E-01
-5.8955E-01	-5.9117E-01	-5.9073E-01	-5.8881E-01	-5.9080E-01
-6.0239E-01	-6.0421E-01	-6.0372E-01	-6.0156E-01	-6.0380E-01
-6.1243E-01	-6.1447E-01	-6.1392E-01	-6.1150E-01	-6.1401E-01
-6.1964E-01	-6.2192E-01	-6.2130E-01	-6.1860E-01	-6.2140E-01
-6.2399E-01	-6.2653E-01	-6.2584E-01	-6.2283E-01	-6.2595E-01
-6.2548E-01	-6.2830E-01	-6.2754E-01	-6.2420E-01	-6.2767E-01
-6.2413E-01	-6.2726E-01	-6.2641E-01	-6.2270E-01	-6.2655E-01
-6.1996E-01	-6.2342E-01	-6.2249E-01	-6.1838E-01	-6.2264E-01
-6.1303E-01	-6.1685E-01	-6.1582E-01	-6.1128E-01	-6.1598E-01
-6.0339E-01	-6.0761E-01	-6.0647E-01	-6.0147E-01	-6.0666E-01
-5.9114E-01	-5.9579E-01	-5.9454E-01	-5.8902E-01	-5.9474E-01
-5.7638E-01	-5.8152E-01	-5.8014E-01	-5.7404E-01	-5.8036E-01
-5.5925E-01	-5.6492E-01	-5.6340E-01	-5.5665E-01	-5.6364E-01
-5.3989E-01	-5.4618E-01	-5.4449E-01	-5.3702E-01	-5.4476E-01
-5.1850E-01	-5.2548E-01	-5.2360E-01	-5.1532E-01	-5.2391E-01
-4.9532E-01	-5.0308E-01	-5.0099E-01	-4.9177E-01	-5.0133E-01
-4.7060E-01	-4.7929E-01	-4.7695E-01	-4.6663E-01	-4.7732E-01
-4.4470E-01	-4.5447E-01	-4.5184E-01	-4.4024E-01	-4.5227E-01
-4.1807E-01	-4.2915E-01	-4.2617E-01	-4.1301E-01	-4.2664E-01
-3.9130E-01	-4.0399E-01	-4.0057E-01	-3.8550E-01	-4.0112E-01
-3.6525E-01	-3.7998E-01	-3.7602E-01	-3.5852E-01	-3.7666E-01
-3.4125E-01	-3.5867E-01	-3.5398E-01	-3.3330E-01	-3.5474E-01
-3.2155E-01	-3.4269E-01	-3.3700E-01	-3.1190E-01	-3.3516E-01
-3.1046E-01	-3.3714E-01	-3.2932E-01	-2.9964E-01	-3.1846E-01
-3.1662E-01	-3.4929E-01	-3.2208E-01	-2.6167E-01	-1.2456E-01
-3.7270E-01	-3.3811E-01	-1.7163E-01	-5.8872E-02	-5.2300E-02
-1.7424E-01	1.3030E-01	2.5820E-01	3.2190E-01	3.6550E-01
1.3900E-01	4.5630E-01	5.7010E-01	6.3080E-01	6.7350E-01
4.9890E-01	7.9350E-01	8.8710E-01	9.1070E-01	9.1485E-01
8.6370E-01	1.0929E+00	1.0939E+00	1.0875E+00	1.0805E+00
1.2369E+00	1.2651E+00	1.2508E+00	1.2378E+00	1.2324E+00
1.3993E+00	1.3553E+00	1.3537E+00	1.3562E+00	1.3587E+00
1.4882E+00	1.4729E+00	1.4470E+00	1.4385E+00	1.4474E+00
1.5133E+00	1.4779E+00	1.5060E+00	1.5236E+00	1.5372E+00
1.3612E+00	1.3232E+00	1.3917E+00	1.4049E+00	1.4168E+00
1.2451E+00	1.2124E+00	1.2633E+00	1.2760E+00	1.2859E+00
1.1636E+00	1.1350E+00	1.1795E+00	1.1906E+00	1.1992E+00
1.1023E+00	1.0771E+00	1.1163E+00	1.1261E+00	1.1337E+00
1.0551E+00	1.0327E+00	1.0676E+00	1.0763E+00	1.0830E+00
1.0179E+00	9.9789E-01	1.0291E+00	1.0368E+00	1.0429E+00
9.8785E-01	9.6988E-01	9.9787E-01	1.0049E+00	1.0103E+00
9.6283E-01	9.4663E-01	9.7185E-01	9.7815E-01	9.8305E-01
9.4129E-01	9.2665E-01	9.4944E-01	9.5512E-01	9.5955E-01
9.2204E-01	9.0880E-01	9.2941E-01	9.3456E-01	9.3857E-01
9.0418E-01	8.9219E-01	9.1086E-01	9.1552E-01	9.1915E-01
8.8700E-01	8.7613E-01	8.9305E-01	8.9727E-01	9.0056E-01
8.6991E-01	8.6007E-01	8.7539E-01	8.7922E-01	8.8220E-01
8.5248E-01	8.4358E-01	8.5744E-01	8.6090E-01	8.6360E-01
8.3434E-01	8.2629E-01	8.3883E-01	8.4196E-01	8.4439E-01
8.1520E-01	8.0794E-01	8.1925E-01	8.2208E-01	8.2427E-01
7.9484E-01	7.8830E-01	7.9849E-01	8.0103E-01	8.0301E-01
7.7309E-01	7.6721E-01	7.7636E-01	7.7864E-01	7.8042E-01
7.4980E-01	7.4454E-01	7.5273E-01	7.5478E-01	7.5637E-01
7.2490E-01	7.2020E-01	7.2751E-01	7.2933E-01	7.3076E-01
6.9832E-01	6.9415E-01	7.0064E-01	7.0225E-01	7.0352E-01
6.7002E-01	6.6635E-01	6.7207E-01	6.7351E-01	6.7462E-01
6.4003E-01	6.3680E-01	6.4183E-01	6.4308E-01	6.4406E-01
6.0834E-01	6.0552E-01	6.0991E-01	6.1101E-01	6.1186E-01
5.7501E-01	5.7258E-01	5.7637E-01	5.7732E-01	5.7805E-01
5.4011E-01	5.3802E-01	5.4127E-01	5.4208E-01	5.4271E-01
5.0371E-01	5.0194E-01	5.0470E-01	5.0538E-01	5.0592E-01
4.6592E-01	4.6444E-01	4.6674E-01	4.6732E-01	4.6776E-01
4.2685E-01	4.2564E-01	4.2753E-01	4.2800E-01	4.2837E-01
3.8664E-01	3.8566E-01	3.8718E-01	3.8756E-01	3.8786E-01
3.4542E-01	3.4464E-01	3.4585E-01	3.4614E-01	3.4638E-01
3.0335E-01	3.0276E-01	3.0367E-01	3.0390E-01	3.0408E-01
2.6060E-01	2.6016E-01	2.6083E-01	2.6100E-01	2.6113E-01
2.1733E-01	2.1703E-01	2.1750E-01	2.1762E-01	2.1771E-01
1.7374E-01	1.7355E-01	1.7385E-01	1.7392E-01	1.7398E-01
1.3002E-01	1.2991E-01	1.3008E-01	1.3012E-01	1.3015E-01
8.6352E-02	8.6305E-02	8.6379E-02	8.6397E-02	8.6412E-02
4.2944E-02	4.2933E-02	4.2951E-02	4.2956E-02	4.2959E-02
0.0000E+00	0.0000E+00	0.0000E+00	0.0000E+00	0.0000E+00
!M	CDTAB
!U	nd
1.2217E+00	1.2217E+00	1.2217E+00	1.2217E+00	1.2217E+00
1.2234E+00	1.2232E+00	1.2233E+00	1.2232E+00	1.2236E+00
1.2222E+00	1.2218E+00	1.2220E+00	1.2218E+00	1.2225E+00
1.2180E+00	1.2174E+00	1.2177E+00	1.2175E+00	1.2185E+00
1.2109E+00	1.2101E+00	1.2106E+00	1.2102E+00	1.2116E+00
1.2010E+00	1.2000E+00	1.2005E+00	1.2000E+00	1.2018E+00
1.1882E+00	1.1870E+00	1.1876E+00	1.1871E+00	1.1892E+00
1.1727E+00	1.1713E+00	1.1720E+00	1.1714E+00	1.1738E+00
1.1545E+00	1.1529E+00	1.1537E+00	1.1530E+00	1.1558E+00
1.1337E+00	1.1320E+00	1.1329E+00	1.1321E+00	1.1352E+00
1.1106E+00	1.1086E+00	1.1096E+00	1.1087E+00	1.1122E+00
1.0851E+00	1.0829E+00	1.0840E+00	1.0830E+00	1.0869E+00
1.0574E+00	1.0551E+00	1.0562E+00	1.0552E+00	1.0593E+00
1.0277E+00	1.0252E+00	1.0264E+00	1.0253E+00	1.0298E+00
9.9607E-01	9.9338E-01	9.9474E-01	9.9352E-01	9.9831E-01
9.6275E-01	9.5988E-01	9.6134E-01	9.6004E-01	9.6514E-01
9.2789E-01	9.2485E-01	9.2639E-01	9.2501E-01	9.3042E-01
8.9166E-01	8.8846E-01	8.9008E-01	8.8863E-01	8.9434E-01
8.5425E-01	8.5089E-01	8.5259E-01	8.5107E-01	8.5707E-01
8.1586E-01	8.1234E-01	8.1412E-01	8.1253E-01	8.1881E-01
7.7668E-01	7.7300E-01	7.7487E-01	7.7320E-01	7.7976E-01
7.3691E-01	7.3308E-01	7.3502E-01	7.3328E-01	7.4011E-01
6.9675E-01	6.9277E-01	6.9479E-01	6.9299E-01	7.0008E-01
6.5641E-01	6.5229E-01	6.5438E-01	6.5251E-01	6.5986E-01
6.1610E-01	6.1184E-01	6.1399E-01	6.1207E-01	6.1965E-01
5.7601E-01	5.7162E-01	5.7384E-01	5.7185E-01	5.7967E-01
5.3634E-01	5.3183E-01	5.3412E-01	5.3207E-01	5.4012E-01
4.9732E-01	4.9268E-01	4.9503E-01	4.9293E-01	5.0119E-01
4.5911E-01	4.5436E-01	4.5677E-01	4.5462E-01	4.6308E-01
4.2193E-01	4.1707E-01	4.1953E-01	4.1733E-01	4.2599E-01
3.8596E-01	3.8100E-01	3.8351E-01	3.8126E-01	3.9010E-01
3.5137E-01	3.4632E-01	3.4888E-01	3.4659E-01	3.5560E-01
3.1836E-01	3.1321E-01	3.1581E-01	3.1348E-01	3.2266E-01
2.8707E-01	2.8183E-01	2.8448E-01	2.8211E-01	2.9144E-01
2.5767E-01	2.5235E-01	2.5504E-01	2.5264E-01	2.6210E-01
2.3030E-01	2.2492E-01	2.2764E-01	2.2521E-01	2.3480E-01
2.0511E-01	1.9966E-01	2.0242E-01	1.9995E-01	2.0966E-01
1.8222E-01	1.7671E-01	1.7950E-01	1.7700E-01	1.8682E-01
1.6174E-01	1.5618E-01	1.5899E-01	1.5648E-01	1.6638E-01
1.4378E-01	1.3817E-01	1.4101E-01	1.3847E-01	1.4846E-01
1.2843E-01	1.2278E-01	1.2564E-01	1.2309E-01	1.3322E-01
1.1576E-01	1.1009E-01	1.1361E-01	1.1120E-01	1.1599E-01
1.0621E-01	1.0165E-01	9.8138E-02	9.1101E-02	6.7519E-02
9.8720E-02	8.6897E-02	6.0314E-02	4.4697E-02	5.2120E-02
5.5319E-02	2.8440E-02	1.9870E-02	1.7180E-02	1.4350E-02
3.9820E-02	2.5310E-02	1.6870E-02	1.2770E-02	1.0630E-02
3.9800E-02	1.7850E-02	1.2360E-02	1.0720E-02	1.0060E-02
3.6860E-02	1.7390E-02	1.4590E-02	1.3250E-02	1.2420E-02
3.2390E-02	2.1300E-02	1.8100E-02	1.6440E-02	1.5520E-02
3.7130E-02	2.5150E-02	2.2230E-02	2.0930E-02	2.0320E-02
4.1721E-02	3.1044E-02	3.0154E-02	2.9526E-02	2.8902E-02
5.2330E-02	4.3959E-02	4.3031E-02	4.0536E-02	3.8759E-02
7.1519E-02	6.3089E-02	6.2609E-02	6.0406E-02	5.8492E-02
9.2346E-02	8.4027E-02	8.3079E-02	8.0618E-02	7.8845E-02
1.1619E-01	1.0796E-01	1.0702E-01	1.0459E-01	1.0283E-01
1.4245E-01	1.3431E-01	1.3339E-01	1.3098E-01	1.2925E-01
1.7098E-01	1.6296E-01	1.6204E-01	1.5967E-01	1.5796E-01
2.0166E-01	1.9375E-01	1.9285E-01	1.9051E-01	1.8883E-01
2.3433E-01	2.2655E-01	2.2566E-01	2.2336E-01	2.2170E-01
2.6883E-01	2.6119E-01	2.6032E-01	2.5805E-01	2.5643E-01
3.0499E-01	2.9750E-01	2.9664E-01	2.9442E-01	2.9283E-01
3.4264E-01	3.3531E-01	3.3447E-01	3.3230E-01	3.3074E-01
3.8160E-01	3.7443E-01	3.7361E-01	3.7149E-01	3.6996E-01
4.2168E-01	4.1468E-01	4.1388E-01	4.1181E-01	4.1032E-01
4.6267E-01	4.5585E-01	4.5508E-01	4.5306E-01	4.5160E-01
5.0439E-01	4.9776E-01	4.9700E-01	4.9504E-01	4.9363E-01
5.4662E-01	5.4019E-01	5.3946E-01	5.3755E-01	5.3618E-01
5.8916E-01	5.8294E-01	5.8223E-01	5.8039E-01	5.7906E-01
6.3181E-01	6.2580E-01	6.2511E-01	6.2333E-01	6.2205E-01
6.7435E-01	6.6856E-01	6.6790E-01	6.6619E-01	6.6496E-01
7.1659E-01	7.1102E-01	7.1039E-01	7.0874E-01	7.0756E-01
7.5830E-01	7.5298E-01	7.5237E-01	7.5079E-01	7.4966E-01
7.9930E-01	7.9422E-01	7.9363E-01	7.9213E-01	7.9105E-01
8.3938E-01	8.3454E-01	8.3399E-01	8.3256E-01	8.3153E-01
8.7834E-01	8.7376E-01	8.7323E-01	8.7188E-01	8.7090E-01
9.1600E-01	9.1168E-01	9.1118E-01	9.0990E-01	9.0898E-01
9.5217E-01	9.4811E-01	9.4765E-01	9.4645E-01	9.4558E-01
9.8668E-01	9.8289E-01	9.8246E-01	9.8133E-01	9.8053E-01
1.0194E+00	1.0158E+00	1.0154E+00	1.0144E+00	1.0136E+00
1.0500E+00	1.0468E+00	1.0464E+00	1.0455E+00	1.0448E+00
1.0786E+00	1.0756E+00	1.0753E+00	1.0744E+00	1.0738E+00
1.1049E+00	1.1022E+00	1.1019E+00	1.1011E+00	1.1005E+00
1.1287E+00	1.1263E+00	1.1261E+00	1.1253E+00	1.1248E+00
1.1500E+00	1.1480E+00	1.1477E+00	1.1471E+00	1.1466E+00
1.1688E+00	1.1670E+00	1.1667E+00	1.1662E+00	1.1658E+00
1.1847E+00	1.1832E+00	1.1831E+00	1.1826E+00	1.1823E+00
1.1979E+00	1.1967E+00	1.1966E+00	1.1962E+00	1.1960E+00
1.2083E+00	1.2074E+00	1.2073E+00	1.2070E+00	1.2068E+00
1.2157E+00	1.2151E+00	1.2150E+00	1.2148E+00	1.2147E+00
1.2202E+00	1.2199E+00	1.2198E+00	1.2197E+00	1.2197E+00
1.2217E+00	1.2217E+00	1.2217E+00	1.2217E+00	1.2217E+00
!M	CMTAB
!U	nd
3.0542E-01	3.0542E-01	3.0542E-01	3.0542E-01	3.0542E-01
3.0494E-01	3.0490E-01	3.0487E-01	3.0486E-01	3.0485E-01
3.0354E-01	3.0340E-01	3.0328E-01	3.0323E-01	3.0319E-01
3.0126E-01	3.0096E-01	3.0068E-01	3.0059E-01	3.0048E-01
2.9814E-01	2.9762E-01	2.9715E-01	2.9698E-01	2.9680E-01
2.9424E-01	2.9344E-01	2.9271E-01	2.9245E-01	2.9219E-01
2.8959E-01	2.8846E-01	2.8744E-01	2.8708E-01	2.8671E-01
2.8425E-01	2.8274E-01	2.8138E-01	2.8090E-01	2.8042E-01
2.7825E-01	2.7632E-01	2.7459E-01	2.7397E-01	2.7337E-01
2.7164E-01	2.6925E-01	2.6712E-01	2.6634E-01	2.6562E-01
2.6446E-01	2.6158E-01	2.5902E-01	2.5808E-01	2.5723E-01
2.5677E-01	2.5336E-01	2.5034E-01	2.4923E-01	2.4826E-01
2.4861E-01	2.4464E-01	2.4114E-01	2.3985E-01	2.3875E-01
2.4002E-01	2.3547E-01	2.3147E-01	2.3000E-01	2.2878E-01
2.3104E-01	2.2590E-01	2.2139E-01	2.1972E-01	2.1839E-01
2.2173E-01	2.1596E-01	2.1094E-01	2.0907E-01	2.0764E-01
2.1212E-01	2.0573E-01	2.0018E-01	1.9810E-01	1.9659E-01
2.0227E-01	1.9523E-01	1.8916E-01	1.8688E-01	1.8530E-01
1.9221E-01	1.8453E-01	1.7794E-01	1.7545E-01	1.7382E-01
1.8199E-01	1.7367E-01	1.6656E-01	1.6387E-01	1.6220E-01
1.7166E-01	1.6270E-01	1.5509E-01	1.5218E-01	1.5052E-01
1.6127E-01	1.5167E-01	1.4357E-01	1.4046E-01	1.3881E-01
1.5085E-01	1.4063E-01	1.3205E-01	1.2874E-01	1.2715E-01
1.4045E-01	1.2962E-01	1.2060E-01	1.1709E-01	1.1557E-01
1.3012E-01	1.1870E-01	1.0926E-01	1.0556E-01	1.0416E-01
1.1991E-01	1.0791E-01	9.8081E-02	9.4200E-02	9.2947E-02
1.0985E-01	9.7306E-02	8.7122E-02	8.3067E-02	8.2004E-02
9.9996E-02	8.6935E-02	7.6435E-02	7.2215E-02	7.1384E-02
9.0389E-02	7.6845E-02	6.6072E-02	6.1698E-02	6.1143E-02
8.1076E-02	6.7085E-02	5.6086E-02	5.1571E-02	5.1339E-02
7.2100E-02	5.7705E-02	4.6529E-02	4.1886E-02	4.2028E-02
6.3507E-02	4.8752E-02	3.7456E-02	3.2700E-02	3.3267E-02
5.5343E-02	4.0277E-02	2.8918E-02	2.4065E-02	2.5112E-02
4.7652E-02	3.2328E-02	2.0968E-02	1.6036E-02	1.7621E-02
4.0480E-02	2.4954E-02	1.3660E-02	8.6670E-03	1.0850E-02
3.3871E-02	1.8203E-02	7.0460E-03	2.0130E-03	4.8550E-03
2.7871E-02	1.2126E-02	1.1800E-03	-3.8730E-03	-3.0500E-04
2.2525E-02	6.7700E-03	-3.8870E-03	-8.9370E-03	-4.5760E-03
1.7877E-02	2.1850E-03	-8.1000E-03	-1.3124E-02	-7.8990E-03
1.3974E-02	-1.5810E-03	-1.1408E-02	-1.6380E-02	-1.0218E-02
1.0859E-02	-4.4780E-03	-1.3756E-02	-1.8650E-02	-1.3403E-02
8.5790E-03	-6.4580E-03	-1.5355E-02	-2.0096E-02	-1.6622E-02
6.0230E-03	-8.3990E-03	-2.1181E-02	-3.4524E-02	-7.4149E-02
6.7000E-03	-2.0267E-02	-7.3239E-02	-9.9595E-02	-9.4200E-02
-5.8578E-02	-1.1590E-01	-1.3440E-01	-1.4280E-01	-1.4920E-01
-9.4300E-02	-1.3470E-01	-1.4860E-01	-1.5740E-01	-1.6460E-01
-1.1860E-01	-1.4790E-01	-1.6180E-01	-1.6550E-01	-1.6605E-01
-1.3470E-01	-1.5800E-01	-1.5690E-01	-1.5530E-01	-1.5380E-01
-1.4740E-01	-1.4710E-01	-1.4390E-01	-1.4130E-01	-1.4040E-01
-1.3350E-01	-1.2460E-01	-1.2290E-01	-1.2390E-01	-1.2470E-01
-1.0712E-01	-1.0246E-01	-1.0409E-01	-1.0421E-01	-1.0442E-01
-8.8600E-02	-8.7785E-02	-8.5596E-02	-8.6683E-02	-8.7733E-02
-8.8211E-02	-8.8844E-02	-8.3151E-02	-8.3988E-02	-8.4631E-02
-9.0252E-02	-9.0548E-02	-8.4916E-02	-8.5811E-02	-8.6606E-02
-9.2251E-02	-9.2627E-02	-8.6793E-02	-8.7680E-02	-8.8468E-02
-9.4974E-02	-9.5419E-02	-8.9430E-02	-9.0306E-02	-9.1085E-02
-9.8377E-02	-9.8881E-02	-9.2782E-02	-9.3645E-02	-9.4412E-02
-1.0242E-01	-1.0297E-01	-9.6803E-02	-9.7649E-02	-9.8402E-02
-1.0705E-01	-1.0764E-01	-1.0145E-01	-1.0228E-01	-1.0301E-01
-1.1223E-01	-1.1286E-01	-1.0667E-01	-1.0748E-01	-1.0819E-01
-1.1791E-01	-1.1857E-01	-1.1242E-01	-1.1321E-01	-1.1390E-01
-1.2405E-01	-1.2473E-01	-1.1866E-01	-1.1942E-01	-1.2009E-01
-1.3062E-01	-1.3130E-01	-1.2534E-01	-1.2607E-01	-1.2672E-01
-1.3755E-01	-1.3824E-01	-1.3242E-01	-1.3312E-01	-1.3374E-01
-1.4481E-01	-1.4550E-01	-1.3984E-01	-1.4051E-01	-1.4111E-01
-1.5236E-01	-1.5304E-01	-1.4757E-01	-1.4821E-01	-1.4878E-01
-1.6015E-01	-1.6082E-01	-1.5555E-01	-1.5616E-01	-1.5670E-01
-1.6814E-01	-1.6879E-01	-1.6375E-01	-1.6432E-01	-1.6483E-01
-1.7627E-01	-1.7691E-01	-1.7211E-01	-1.7265E-01	-1.7313E-01
-1.8452E-01	-1.8514E-01	-1.8059E-01	-1.8109E-01	-1.8154E-01
-1.9284E-01	-1.9342E-01	-1.8914E-01	-1.8962E-01	-1.9003E-01
-2.0118E-01	-2.0173E-01	-1.9773E-01	-1.9816E-01	-1.9855E-01
-2.0949E-01	-2.1001E-01	-2.0630E-01	-2.0670E-01	-2.0705E-01
-2.1774E-01	-2.1823E-01	-2.1480E-01	-2.1517E-01	-2.1549E-01
-2.2588E-01	-2.2633E-01	-2.2319E-01	-2.2353E-01	-2.2382E-01
-2.3387E-01	-2.3428E-01	-2.3144E-01	-2.3173E-01	-2.3200E-01
-2.4166E-01	-2.4203E-01	-2.3948E-01	-2.3974E-01	-2.3998E-01
-2.4921E-01	-2.4954E-01	-2.4727E-01	-2.4751E-01	-2.4772E-01
-2.5647E-01	-2.5676E-01	-2.5477E-01	-2.5498E-01	-2.5516E-01
-2.6340E-01	-2.6366E-01	-2.6194E-01	-2.6212E-01	-2.6227E-01
-2.6996E-01	-2.7018E-01	-2.6872E-01	-2.6887E-01	-2.6900E-01
-2.7611E-01	-2.7629E-01	-2.7508E-01	-2.7520E-01	-2.7531E-01
-2.8179E-01	-2.8194E-01	-2.8096E-01	-2.8106E-01	-2.8114E-01
-2.8697E-01	-2.8709E-01	-2.8632E-01	-2.8639E-01	-2.8646E-01
-2.9160E-01	-2.9169E-01	-2.9111E-01	-2.9117E-01	-2.9122E-01
-2.9564E-01	-2.9570E-01	-2.9529E-01	-2.9533E-01	-2.9537E-01
-2.9904E-01	-2.9908E-01	-2.9881E-01	-2.9884E-01	-2.9886E-01
-3.0177E-01	-3.0179E-01	-3.0163E-01	-3.0165E-01	-3.0166E-01
-3.0376E-01	-3.0378E-01	-3.0370E-01	-3.0371E-01	-3.0372E-01
-3.0500E-01	-3.0500E-01	-3.0498E-01	-3.0498E-01	-3.0498E-01
-3.0542E-01	-3.0542E-01	-3.0542E-01	-3.0542E-01	-3.0542E-01
