!T	AOACL
!U	deg
-90	
-88	
-86	
-84	
-82	
-80	
-78	
-76	
-74	
-72	
-70	
-68	
-66	
-64	
-62	
-60	
-58	
-56	
-54	
-52	
-50	
-48	
-46	
-44	
-42	
-40	
-38	
-36	
-34	
-32	
-30	
-28	
-26	
-24	
-22	
-20	
-18	
-16	
-14	
-12	
-10	
-8	
-6	
-4	
-2	
0	
2	
4	
6	
8	
10	
12	
14	
16	
18	
20	
22	
24	
26	
28	
30	
32	
34	
36	
38	
40	
42	
44	
46	
48	
50	
52	
54	
56	
58	
60	
62	
64	
66	
68	
70	
72	
74	
76	
78	
80	
82	
84	
86	
88	
90	
!T	AOACD
!U	deg
-90	
-88	
-86	
-84	
-82	
-80	
-78	
-76	
-74	
-72	
-70	
-68	
-66	
-64	
-62	
-60	
-58	
-56	
-54	
-52	
-50	
-48	
-46	
-44	
-42	
-40	
-38	
-36	
-34	
-32	
-30	
-28	
-26	
-24	
-22	
-20	
-18	
-16	
-14	
-12	
-10	
-8	
-6	
-4	
-2	
0	
2	
4	
6	
8	
10	
12	
14	
16	
18	
20	
22	
24	
26	
28	
30	
32	
34	
36	
38	
40	
42	
44	
46	
48	
50	
52	
54	
56	
58	
60	
62	
64	
66	
68	
70	
72	
74	
76	
78	
80	
82	
84	
86	
88	
90	
!T	AOACM
!U	deg
-90	
-88	
-86	
-84	
-82	
-80	
-78	
-76	
-74	
-72	
-70	
-68	
-66	
-64	
-62	
-60	
-58	
-56	
-54	
-52	
-50	
-48	
-46	
-44	
-42	
-40	
-38	
-36	
-34	
-32	
-30	
-28	
-26	
-24	
-22	
-20	
-18	
-16	
-14	
-12	
-10	
-8	
-6	
-4	
-2	
0	
2	
4	
6	
8	
10	
12	
14	
16	
18	
20	
22	
24	
26	
28	
30	
32	
34	
36	
38	
40	
42	
44	
46	
48	
50	
52	
54	
56	
58	
60	
62	
64	
66	
68	
70	
72	
74	
76	
78	
80	
82	
84	
86	
88	
90	
!T	RECL
!U	nd
50000	
100000	
150000	
200000	
250000	
!T	RECD
!U	nd
50000	
100000	
150000	
200000	
250000	
!T	RECM
!U	nd
50000	
100000	
150000	
200000	
250000	
!M	CLTAB
!U	nd
-0.0000E+00	-0.0000E+00	-0.0000E+00	-0.0000E+00	-0.0000E+00
-4.3717E-02	-4.3716E-02	-4.3713E-02	-4.3710E-02	-4.3718E-02
-8.7286E-02	-8.7282E-02	-8.7268E-02	-8.7258E-02	-8.7289E-02
-1.3049E-01	-1.3049E-01	-1.3045E-01	-1.3043E-01	-1.3050E-01
-1.7314E-01	-1.7312E-01	-1.7306E-01	-1.7302E-01	-1.7315E-01
-2.1500E-01	-2.1498E-01	-2.1489E-01	-2.1482E-01	-2.1502E-01
-2.5589E-01	-2.5585E-01	-2.5573E-01	-2.5563E-01	-2.5592E-01
-2.9560E-01	-2.9556E-01	-2.9538E-01	-2.9525E-01	-2.9564E-01
-3.3395E-01	-3.3389E-01	-3.3366E-01	-3.3350E-01	-3.3400E-01
-3.7076E-01	-3.7068E-01	-3.7039E-01	-3.7018E-01	-3.7082E-01
-4.0584E-01	-4.0575E-01	-4.0539E-01	-4.0512E-01	-4.0592E-01
-4.3903E-01	-4.3892E-01	-4.3848E-01	-4.3816E-01	-4.3913E-01
-4.7019E-01	-4.7005E-01	-4.6953E-01	-4.6914E-01	-4.7030E-01
-4.9915E-01	-4.9899E-01	-4.9837E-01	-4.9792E-01	-4.9929E-01
-5.2579E-01	-5.2561E-01	-5.2488E-01	-5.2435E-01	-5.2595E-01
-5.4998E-01	-5.4978E-01	-5.4894E-01	-5.4832E-01	-5.5017E-01
-5.7163E-01	-5.7139E-01	-5.7043E-01	-5.6973E-01	-5.7185E-01
-5.9063E-01	-5.9035E-01	-5.8926E-01	-5.8846E-01	-5.9088E-01
-6.0690E-01	-6.0659E-01	-6.0535E-01	-6.0444E-01	-6.0718E-01
-6.2037E-01	-6.2002E-01	-6.1863E-01	-6.1761E-01	-6.2069E-01
-6.3101E-01	-6.3061E-01	-6.2905E-01	-6.2790E-01	-6.3136E-01
-6.3876E-01	-6.3832E-01	-6.3657E-01	-6.3529E-01	-6.3916E-01
-6.4362E-01	-6.4313E-01	-6.4118E-01	-6.3976E-01	-6.4406E-01
-6.4558E-01	-6.4504E-01	-6.4287E-01	-6.4129E-01	-6.4607E-01
-6.4465E-01	-6.4406E-01	-6.4166E-01	-6.3991E-01	-6.4520E-01
-6.4089E-01	-6.4023E-01	-6.3757E-01	-6.3564E-01	-6.4149E-01
-6.3433E-01	-6.3360E-01	-6.3067E-01	-6.2853E-01	-6.3500E-01
-6.2506E-01	-6.2425E-01	-6.2101E-01	-6.1865E-01	-6.2579E-01
-6.1317E-01	-6.1228E-01	-6.0870E-01	-6.0610E-01	-6.1398E-01
-5.9878E-01	-5.9779E-01	-5.9385E-01	-5.9097E-01	-5.9967E-01
-5.8204E-01	-5.8095E-01	-5.7659E-01	-5.7341E-01	-5.8302E-01
-5.6312E-01	-5.6192E-01	-5.5709E-01	-5.5357E-01	-5.6421E-01
-5.4225E-01	-5.4091E-01	-5.3556E-01	-5.3165E-01	-5.4346E-01
-5.1968E-01	-5.1819E-01	-5.1223E-01	-5.0788E-01	-5.2103E-01
-4.9575E-01	-4.9408E-01	-4.8741E-01	-4.8255E-01	-4.9726E-01
-4.7086E-01	-4.6898E-01	-4.6148E-01	-4.5601E-01	-4.7256E-01
-4.4555E-01	-4.4342E-01	-4.3491E-01	-4.2871E-01	-4.4747E-01
-4.2056E-01	-4.1813E-01	-4.0838E-01	-4.0128E-01	-4.2277E-01
-3.9698E-01	-3.9415E-01	-3.8284E-01	-3.7459E-01	-3.9954E-01
-3.7648E-01	-3.7314E-01	-3.5976E-01	-3.5001E-01	-3.7951E-01
-3.6197E-01	-3.5791E-01	-3.4161E-01	-3.2666E-01	-3.6566E-01
-3.5767E-01	-3.5205E-01	-3.3494E-01	-3.1794E-01	-3.6467E-01
-3.8424E-01	-3.7370E-01	-3.2659E-01	-3.0466E-01	-2.9888E-01
-2.7637E-01	-2.1837E-01	-7.3500E-02	-5.2000E-03	3.0400E-02
-4.5300E-02	1.2800E-01	2.2400E-01	2.6040E-01	2.6710E-01
1.6750E-01	4.2570E-01	4.7600E-01	4.8340E-01	4.7290E-01
4.7740E-01	6.7430E-01	6.8860E-01	6.9930E-01	6.8750E-01
7.0710E-01	8.8910E-01	8.8785E-01	8.8570E-01	8.8440E-01
9.8170E-01	1.1289E+00	1.0748E+00	1.0972E+00	1.0873E+00
1.1643E+00	1.1360E+00	1.2182E+00	1.1889E+00	1.1725E+00
1.0062E+00	9.6643E-01	1.2590E+00	1.0322E+00	1.0190E+00
9.0184E-01	8.7130E-01	1.1145E+00	9.1845E-01	9.0774E-01
8.4126E-01	8.1543E-01	1.0151E+00	8.5531E-01	8.4625E-01
8.0327E-01	7.8102E-01	9.5301E-01	8.1537E-01	8.0757E-01
7.7971E-01	7.6028E-01	9.1046E-01	7.9028E-01	7.8346E-01
7.6560E-01	7.4847E-01	8.8093E-01	7.7492E-01	7.6891E-01
7.5774E-01	7.4251E-01	8.6025E-01	7.6602E-01	7.6068E-01
7.5393E-01	7.4031E-01	8.4558E-01	7.6134E-01	7.5656E-01
7.5263E-01	7.4040E-01	8.3494E-01	7.5928E-01	7.5499E-01
7.5270E-01	7.4168E-01	8.2687E-01	7.5869E-01	7.5483E-01
7.5328E-01	7.4333E-01	8.2028E-01	7.5870E-01	7.5521E-01
7.5372E-01	7.4471E-01	8.1434E-01	7.5862E-01	7.5546E-01
7.5349E-01	7.4533E-01	8.0839E-01	7.5792E-01	7.5506E-01
7.5218E-01	7.4479E-01	8.0192E-01	7.5620E-01	7.5361E-01
7.4948E-01	7.4279E-01	7.9453E-01	7.5312E-01	7.5077E-01
7.4511E-01	7.3905E-01	7.8589E-01	7.4841E-01	7.4628E-01
7.3888E-01	7.3340E-01	7.7575E-01	7.4186E-01	7.3994E-01
7.3062E-01	7.2567E-01	7.6389E-01	7.3330E-01	7.3157E-01
7.2020E-01	7.1575E-01	7.5016E-01	7.2262E-01	7.2106E-01
7.0754E-01	7.0354E-01	7.3445E-01	7.0972E-01	7.0831E-01
6.9258E-01	6.8900E-01	7.1667E-01	6.9453E-01	6.9327E-01
6.7529E-01	6.7209E-01	6.9677E-01	6.7702E-01	6.7590E-01
6.5565E-01	6.5282E-01	6.7473E-01	6.5719E-01	6.5620E-01
6.3369E-01	6.3118E-01	6.5053E-01	6.3505E-01	6.3417E-01
6.0943E-01	6.0723E-01	6.2422E-01	6.1063E-01	6.0986E-01
5.8294E-01	5.8103E-01	5.9584E-01	5.8398E-01	5.8331E-01
5.5429E-01	5.5263E-01	5.6544E-01	5.5519E-01	5.5461E-01
5.2356E-01	5.2214E-01	5.3311E-01	5.2433E-01	5.2383E-01
4.9086E-01	4.8966E-01	4.9895E-01	4.9151E-01	4.9109E-01
4.5631E-01	4.5531E-01	4.6307E-01	4.5686E-01	4.5651E-01
4.2005E-01	4.1922E-01	4.2561E-01	4.2050E-01	4.2021E-01
3.8222E-01	3.8155E-01	3.8670E-01	3.8258E-01	3.8235E-01
3.4297E-01	3.4245E-01	3.4651E-01	3.4326E-01	3.4308E-01
3.0249E-01	3.0209E-01	3.0518E-01	3.0271E-01	3.0256E-01
2.6093E-01	2.6064E-01	2.6291E-01	2.6109E-01	2.6099E-01
2.1849E-01	2.1829E-01	2.1986E-01	2.1861E-01	2.1853E-01
1.7537E-01	1.7524E-01	1.7624E-01	1.7544E-01	1.7539E-01
1.3175E-01	1.3168E-01	1.3224E-01	1.3179E-01	1.3176E-01
8.7843E-02	8.7810E-02	8.8061E-02	8.7860E-02	8.7849E-02
4.3856E-02	4.3848E-02	4.3911E-02	4.3861E-02	4.3858E-02
0.0000E+00	0.0000E+00	0.0000E+00	0.0000E+00	0.0000E+00
!M	CDTAB
!U	nd
1.2525E+00	1.2525E+00	1.2525E+00	1.2525E+00	1.2525E+00
1.2533E+00	1.2529E+00	1.2525E+00	1.2530E+00	1.2530E+00
1.2511E+00	1.2502E+00	1.2495E+00	1.2504E+00	1.2506E+00
1.2459E+00	1.2445E+00	1.2435E+00	1.2448E+00	1.2450E+00
1.2376E+00	1.2358E+00	1.2345E+00	1.2362E+00	1.2365E+00
1.2265E+00	1.2241E+00	1.2226E+00	1.2246E+00	1.2251E+00
1.2124E+00	1.2096E+00	1.2077E+00	1.2102E+00	1.2107E+00
1.1955E+00	1.1923E+00	1.1901E+00	1.1930E+00	1.1936E+00
1.1760E+00	1.1722E+00	1.1698E+00	1.1730E+00	1.1737E+00
1.1538E+00	1.1496E+00	1.1468E+00	1.1505E+00	1.1513E+00
1.1291E+00	1.1245E+00	1.1214E+00	1.1255E+00	1.1263E+00
1.1021E+00	1.0970E+00	1.0936E+00	1.0981E+00	1.0990E+00
1.0728E+00	1.0673E+00	1.0636E+00	1.0685E+00	1.0695E+00
1.0414E+00	1.0355E+00	1.0316E+00	1.0368E+00	1.0379E+00
1.0082E+00	1.0018E+00	9.9761E-01	1.0032E+00	1.0044E+00
9.7317E-01	9.6639E-01	9.6191E-01	9.6787E-01	9.6911E-01
9.3659E-01	9.2941E-01	9.2467E-01	9.3098E-01	9.3229E-01
8.9864E-01	8.9106E-01	8.8606E-01	8.9271E-01	8.9410E-01
8.5950E-01	8.5153E-01	8.4627E-01	8.5327E-01	8.5472E-01
8.1936E-01	8.1102E-01	8.0551E-01	8.1284E-01	8.1436E-01
7.7844E-01	7.6972E-01	7.6397E-01	7.7163E-01	7.7322E-01
7.3693E-01	7.2786E-01	7.2188E-01	7.2984E-01	7.3150E-01
6.9505E-01	6.8564E-01	6.7942E-01	6.8769E-01	6.8942E-01
6.5301E-01	6.4326E-01	6.3682E-01	6.4539E-01	6.4717E-01
6.1101E-01	6.0094E-01	5.9429E-01	6.0314E-01	6.0498E-01
5.6928E-01	5.5889E-01	5.5204E-01	5.6116E-01	5.6306E-01
5.2800E-01	5.1732E-01	5.1027E-01	5.1965E-01	5.2161E-01
4.8741E-01	4.7644E-01	4.6920E-01	4.7883E-01	4.8084E-01
4.4768E-01	4.3645E-01	4.2903E-01	4.3890E-01	4.4095E-01
4.0904E-01	3.9754E-01	3.8995E-01	4.0005E-01	4.0215E-01
3.7166E-01	3.5992E-01	3.5217E-01	3.6248E-01	3.6463E-01
3.3573E-01	3.2376E-01	3.1586E-01	3.2637E-01	3.2856E-01
3.0144E-01	2.8925E-01	2.8121E-01	2.9191E-01	2.9414E-01
2.6895E-01	2.5657E-01	2.4839E-01	2.5927E-01	2.6154E-01
2.3843E-01	2.2586E-01	2.1756E-01	2.2860E-01	2.3090E-01
2.1003E-01	1.9729E-01	1.8888E-01	2.0007E-01	2.0240E-01
1.8388E-01	1.7099E-01	1.6248E-01	1.7380E-01	1.7616E-01
1.6013E-01	1.4710E-01	1.3850E-01	1.4994E-01	1.5233E-01
1.3888E-01	1.2573E-01	1.1705E-01	1.2860E-01	1.3101E-01
1.2025E-01	1.0699E-01	9.8240E-02	1.0989E-01	1.1231E-01
1.0433E-01	9.0977E-02	8.2376E-02	9.5943E-02	9.6018E-02
9.1834E-02	7.9623E-02	8.1376E-02	8.0056E-02	8.2079E-02
8.2079E-02	6.7420E-02	5.3583E-02	5.9019E-02	4.4944E-02
4.2693E-02	2.6574E-02	1.9260E-02	1.5840E-02	1.3700E-02
2.8840E-02	2.0850E-02	1.5240E-02	1.2210E-02	1.0755E-02
2.7480E-02	1.7470E-02	1.1810E-02	9.4600E-03	8.2970E-03
3.4820E-02	1.6780E-02	1.0890E-02	1.0100E-02	9.0500E-03
4.1390E-02	1.6910E-02	1.2955E-02	1.1520E-02	1.0740E-02
4.1835E-02	1.7114E-02	1.5060E-02	1.4073E-02	1.3931E-02
5.7661E-02	3.0972E-02	2.1318E-02	1.9960E-02	1.4560E-02
4.4596E-02	3.6741E-02	5.0953E-02	3.2337E-02	2.7117E-02
5.7571E-02	5.2545E-02	6.7258E-02	4.9895E-02	4.4561E-02
7.6705E-02	7.1719E-02	8.7086E-02	6.9091E-02	6.3800E-02
9.8529E-02	9.3590E-02	1.0881E-01	9.0986E-02	8.5744E-02
1.2294E-01	1.1805E-01	1.3311E-01	1.1547E-01	1.1029E-01
1.4981E-01	1.4498E-01	1.5986E-01	1.4243E-01	1.3731E-01
1.7901E-01	1.7425E-01	1.8893E-01	1.7174E-01	1.6668E-01
2.1041E-01	2.0572E-01	2.2018E-01	2.0324E-01	1.9826E-01
2.4384E-01	2.3922E-01	2.5346E-01	2.3679E-01	2.3189E-01
2.7915E-01	2.7461E-01	2.8860E-01	2.7222E-01	2.6741E-01
3.1616E-01	3.1171E-01	3.2543E-01	3.0936E-01	3.0464E-01
3.5469E-01	3.5033E-01	3.6377E-01	3.4804E-01	3.4341E-01
3.9456E-01	3.9030E-01	4.0343E-01	3.8805E-01	3.8353E-01
4.3556E-01	4.3141E-01	4.4422E-01	4.2921E-01	4.2480E-01
4.7751E-01	4.7346E-01	4.8594E-01	4.7132E-01	4.6703E-01
5.2019E-01	5.1625E-01	5.2838E-01	5.1418E-01	5.1000E-01
5.6339E-01	5.5957E-01	5.7134E-01	5.5756E-01	5.5351E-01
6.0691E-01	6.0322E-01	6.1461E-01	6.0127E-01	5.9735E-01
6.5054E-01	6.4697E-01	6.5797E-01	6.4509E-01	6.4130E-01
6.9405E-01	6.9062E-01	7.0121E-01	6.8880E-01	6.8515E-01
7.3725E-01	7.3394E-01	7.4413E-01	7.3220E-01	7.2870E-01
7.7991E-01	7.7675E-01	7.8650E-01	7.7508E-01	7.7172E-01
8.2183E-01	8.1881E-01	8.2812E-01	8.1722E-01	8.1401E-01
8.6281E-01	8.5993E-01	8.6879E-01	8.5842E-01	8.5537E-01
9.0263E-01	8.9991E-01	9.0830E-01	8.9848E-01	8.9559E-01
9.4112E-01	9.3856E-01	9.4647E-01	9.3720E-01	9.3447E-01
9.7809E-01	9.7567E-01	9.8311E-01	9.7440E-01	9.7184E-01
1.0133E+00	1.0111E+00	1.0180E+00	1.0099E+00	1.0075E+00
1.0467E+00	1.0446E+00	1.0511E+00	1.0435E+00	1.0413E+00
1.0780E+00	1.0761E+00	1.0821E+00	1.0751E+00	1.0731E+00
1.1072E+00	1.1054E+00	1.1108E+00	1.1045E+00	1.1026E+00
1.1340E+00	1.1324E+00	1.1373E+00	1.1316E+00	1.1299E+00
1.1583E+00	1.1569E+00	1.1613E+00	1.1561E+00	1.1546E+00
1.1800E+00	1.1788E+00	1.1826E+00	1.1781E+00	1.1768E+00
1.1991E+00	1.1980E+00	1.2013E+00	1.1975E+00	1.1963E+00
1.2153E+00	1.2144E+00	1.2172E+00	1.2140E+00	1.2130E+00
1.2287E+00	1.2280E+00	1.2302E+00	1.2276E+00	1.2269E+00
1.2392E+00	1.2386E+00	1.2403E+00	1.2384E+00	1.2378E+00
1.2466E+00	1.2463E+00	1.2474E+00	1.2461E+00	1.2457E+00
1.2511E+00	1.2509E+00	1.2515E+00	1.2508E+00	1.2506E+00
1.2525E+00	1.2525E+00	1.2525E+00	1.2525E+00	1.2525E+00
!M	CMTAB
!U	nd
3.1312E-01	3.1312E-01	3.1312E-01	3.1312E-01	3.1312E-01
3.1257E-01	3.1254E-01	3.1251E-01	3.1249E-01	3.1252E-01
3.1093E-01	3.1083E-01	3.1072E-01	3.1064E-01	3.1076E-01
3.0826E-01	3.0805E-01	3.0781E-01	3.0764E-01	3.0790E-01
3.0462E-01	3.0425E-01	3.0383E-01	3.0354E-01	3.0399E-01
3.0006E-01	2.9950E-01	2.9885E-01	2.9840E-01	2.9910E-01
2.9464E-01	2.9384E-01	2.9294E-01	2.9230E-01	2.9329E-01
2.8840E-01	2.8734E-01	2.8614E-01	2.8530E-01	2.8660E-01
2.8141E-01	2.8004E-01	2.7852E-01	2.7745E-01	2.7912E-01
2.7371E-01	2.7202E-01	2.7013E-01	2.6882E-01	2.7088E-01
2.6536E-01	2.6332E-01	2.6105E-01	2.5947E-01	2.6196E-01
2.5642E-01	2.5399E-01	2.5133E-01	2.4947E-01	2.5241E-01
2.4693E-01	2.4411E-01	2.4102E-01	2.3888E-01	2.4229E-01
2.3696E-01	2.3371E-01	2.3019E-01	2.2776E-01	2.3166E-01
2.2655E-01	2.2287E-01	2.1890E-01	2.1616E-01	2.2058E-01
2.1576E-01	2.1163E-01	2.0721E-01	2.0417E-01	2.0911E-01
2.0465E-01	2.0005E-01	1.9518E-01	1.9184E-01	1.9730E-01
1.9326E-01	1.8819E-01	1.8286E-01	1.7922E-01	1.8522E-01
1.8165E-01	1.7611E-01	1.7033E-01	1.6640E-01	1.7292E-01
1.6988E-01	1.6385E-01	1.5763E-01	1.5341E-01	1.6047E-01
1.5800E-01	1.5149E-01	1.4484E-01	1.4034E-01	1.4793E-01
1.4606E-01	1.3906E-01	1.3200E-01	1.2724E-01	1.3534E-01
1.3412E-01	1.2664E-01	1.1918E-01	1.1418E-01	1.2278E-01
1.2222E-01	1.1427E-01	1.0644E-01	1.0121E-01	1.1030E-01
1.1043E-01	1.0202E-01	9.3837E-02	8.8410E-02	9.7962E-02
9.8803E-02	8.9931E-02	8.1433E-02	7.5828E-02	8.5823E-02
8.7385E-02	7.8072E-02	6.9289E-02	6.3533E-02	7.3942E-02
7.6233E-02	6.6494E-02	5.7463E-02	5.1586E-02	6.2379E-02
6.5400E-02	5.5254E-02	4.6016E-02	4.0052E-02	5.1194E-02
5.4942E-02	4.4410E-02	3.5008E-02	2.8992E-02	4.0445E-02
4.4911E-02	3.4016E-02	2.4499E-02	1.8469E-02	3.0192E-02
3.5361E-02	2.4130E-02	1.4549E-02	8.5450E-03	2.0493E-02
2.6347E-02	1.4807E-02	5.2170E-03	-7.1500E-04	1.1408E-02
1.7923E-02	6.1050E-03	-3.4350E-03	-9.2500E-03	2.9970E-03
1.0141E-02	-1.9210E-03	-1.1349E-02	-1.6997E-02	-4.6820E-03
3.0570E-03	-9.2130E-03	-1.8463E-02	-2.3893E-02	-1.1570E-02
-3.2770E-03	-1.5716E-02	-2.4719E-02	-2.9876E-02	-1.7607E-02
-8.8050E-03	-2.1374E-02	-3.0056E-02	-3.4882E-02	-2.2735E-02
-1.3476E-02	-2.6129E-02	-3.4414E-02	-3.8850E-02	-2.6893E-02
-1.7233E-02	-2.9925E-02	-3.7733E-02	-4.1715E-02	-3.0023E-02
-2.0024E-02	-3.2707E-02	-3.9873E-02	-4.2517E-02	-3.2084E-02
-2.2010E-02	-3.3983E-02	-3.5671E-02	-4.4762E-02	-3.2976E-02
-2.1532E-02	-3.5000E-02	-4.6774E-02	-5.7107E-02	-6.3122E-02
-4.9491E-02	-5.8889E-02	-8.2900E-02	-9.4000E-02	-1.0050E-01
-5.8700E-02	-8.7600E-02	-1.0170E-01	-1.0510E-01	-1.0525E-01
-6.5600E-02	-1.0310E-01	-1.0660E-01	-1.0550E-01	-1.0373E-01
-9.2900E-02	-1.0690E-01	-1.0410E-01	-1.0250E-01	-1.0140E-01
-1.0070E-01	-1.0270E-01	-9.9050E-02	-9.8100E-02	-9.7800E-02
-9.7528E-02	-9.2941E-02	-9.3200E-02	-9.1007E-02	-8.9841E-02
-8.9049E-02	-7.6328E-02	-7.8110E-02	-7.8600E-02	-7.6600E-02
-8.4044E-02	-8.2895E-02	-5.7604E-02	-7.8640E-02	-7.6984E-02
-8.4482E-02	-8.4880E-02	-5.8166E-02	-8.0220E-02	-7.8234E-02
-8.6489E-02	-8.6962E-02	-5.9674E-02	-8.2183E-02	-8.0214E-02
-8.9190E-02	-8.9728E-02	-6.2008E-02	-8.4861E-02	-8.2915E-02
-9.2544E-02	-9.3138E-02	-6.5146E-02	-8.8213E-02	-8.6295E-02
-9.6511E-02	-9.7154E-02	-6.9041E-02	-9.2198E-02	-9.0314E-02
-1.0105E-01	-1.0174E-01	-7.3644E-02	-9.6774E-02	-9.4929E-02
-1.0613E-01	-1.0684E-01	-7.8910E-02	-1.0190E-01	-1.0010E-01
-1.1170E-01	-1.1244E-01	-8.4789E-02	-1.0754E-01	-1.0579E-01
-1.1772E-01	-1.1848E-01	-9.1234E-02	-1.1365E-01	-1.1195E-01
-1.2416E-01	-1.2493E-01	-9.8199E-02	-1.2019E-01	-1.1854E-01
-1.3098E-01	-1.3175E-01	-1.0564E-01	-1.2711E-01	-1.2552E-01
-1.3813E-01	-1.3890E-01	-1.1350E-01	-1.3438E-01	-1.3286E-01
-1.4558E-01	-1.4634E-01	-1.2173E-01	-1.4196E-01	-1.4050E-01
-1.5328E-01	-1.5403E-01	-1.3030E-01	-1.4980E-01	-1.4841E-01
-1.6120E-01	-1.6193E-01	-1.3915E-01	-1.5787E-01	-1.5655E-01
-1.6929E-01	-1.7001E-01	-1.4823E-01	-1.6612E-01	-1.6487E-01
-1.7752E-01	-1.7822E-01	-1.5750E-01	-1.7452E-01	-1.7334E-01
-1.8585E-01	-1.8652E-01	-1.6691E-01	-1.8302E-01	-1.8191E-01
-1.9424E-01	-1.9487E-01	-1.7641E-01	-1.9157E-01	-1.9054E-01
-2.0264E-01	-2.0324E-01	-1.8596E-01	-2.0015E-01	-1.9919E-01
-2.1102E-01	-2.1159E-01	-1.9550E-01	-2.0871E-01	-2.0782E-01
-2.1934E-01	-2.1987E-01	-2.0499E-01	-2.1721E-01	-2.1639E-01
-2.2755E-01	-2.2805E-01	-2.1439E-01	-2.2560E-01	-2.2485E-01
-2.3563E-01	-2.3608E-01	-2.2364E-01	-2.3385E-01	-2.3318E-01
-2.4352E-01	-2.4394E-01	-2.3269E-01	-2.4192E-01	-2.4131E-01
-2.5119E-01	-2.5157E-01	-2.4151E-01	-2.4976E-01	-2.4922E-01
-2.5860E-01	-2.5894E-01	-2.5004E-01	-2.5734E-01	-2.5687E-01
-2.6572E-01	-2.6601E-01	-2.5823E-01	-2.6461E-01	-2.6420E-01
-2.7249E-01	-2.7274E-01	-2.6604E-01	-2.7154E-01	-2.7118E-01
-2.7888E-01	-2.7909E-01	-2.7342E-01	-2.7808E-01	-2.7778E-01
-2.8485E-01	-2.8503E-01	-2.8032E-01	-2.8418E-01	-2.8394E-01
-2.9036E-01	-2.9051E-01	-2.8670E-01	-2.8982E-01	-2.8962E-01
-2.9537E-01	-2.9548E-01	-2.9251E-01	-2.9495E-01	-2.9479E-01
-2.9984E-01	-2.9993E-01	-2.9769E-01	-2.9953E-01	-2.9941E-01
-3.0373E-01	-3.0380E-01	-3.0221E-01	-3.0351E-01	-3.0343E-01
-3.0701E-01	-3.0705E-01	-3.0601E-01	-3.0686E-01	-3.0681E-01
-3.0962E-01	-3.0965E-01	-3.0905E-01	-3.0954E-01	-3.0951E-01
-3.1154E-01	-3.1155E-01	-3.1128E-01	-3.1150E-01	-3.1149E-01
-3.1272E-01	-3.1272E-01	-3.1266E-01	-3.1271E-01	-3.1271E-01
-3.1312E-01	-3.1312E-01	-3.1312E-01	-3.1312E-01	-3.1312E-01
