!T	AOACL
!U	deg
-90	
-88	
-86	
-84	
-82	
-80	
-78	
-76	
-74	
-72	
-70	
-68	
-66	
-64	
-62	
-60	
-58	
-56	
-54	
-52	
-50	
-48	
-46	
-44	
-42	
-40	
-38	
-36	
-34	
-32	
-30	
-28	
-26	
-24	
-22	
-20	
-18	
-16	
-14	
-12	
-10	
-8	
-6	
-4	
-2	
0	
2	
4	
6	
8	
10	
12	
14	
16	
18	
20	
22	
24	
26	
28	
30	
32	
34	
36	
38	
40	
42	
44	
46	
48	
50	
52	
54	
56	
58	
60	
62	
64	
66	
68	
70	
72	
74	
76	
78	
80	
82	
84	
86	
88	
90	
!T	AOACD
!U	deg
-90	
-88	
-86	
-84	
-82	
-80	
-78	
-76	
-74	
-72	
-70	
-68	
-66	
-64	
-62	
-60	
-58	
-56	
-54	
-52	
-50	
-48	
-46	
-44	
-42	
-40	
-38	
-36	
-34	
-32	
-30	
-28	
-26	
-24	
-22	
-20	
-18	
-16	
-14	
-12	
-10	
-8	
-6	
-4	
-2	
0	
2	
4	
6	
8	
10	
12	
14	
16	
18	
20	
22	
24	
26	
28	
30	
32	
34	
36	
38	
40	
42	
44	
46	
48	
50	
52	
54	
56	
58	
60	
62	
64	
66	
68	
70	
72	
74	
76	
78	
80	
82	
84	
86	
88	
90	
!T	AOACM
!U	deg
-90	
-88	
-86	
-84	
-82	
-80	
-78	
-76	
-74	
-72	
-70	
-68	
-66	
-64	
-62	
-60	
-58	
-56	
-54	
-52	
-50	
-48	
-46	
-44	
-42	
-40	
-38	
-36	
-34	
-32	
-30	
-28	
-26	
-24	
-22	
-20	
-18	
-16	
-14	
-12	
-10	
-8	
-6	
-4	
-2	
0	
2	
4	
6	
8	
10	
12	
14	
16	
18	
20	
22	
24	
26	
28	
30	
32	
34	
36	
38	
40	
42	
44	
46	
48	
50	
52	
54	
56	
58	
60	
62	
64	
66	
68	
70	
72	
74	
76	
78	
80	
82	
84	
86	
88	
90	
!T	RECL
!U	nd
50000	
100000	
150000	
200000	
250000	
!T	RECD
!U	nd
50000	
100000	
150000	
200000	
250000	
!T	RECM
!U	nd
50000	
100000	
150000	
200000	
250000	
!M	CLTAB
!U	nd
-0.0000E+00	-0.0000E+00	-0.0000E+00	-0.0000E+00	-0.0000E+00
-4.3713E-02	-4.3721E-02	-4.3713E-02	-4.3712E-02	-4.3708E-02
-8.7269E-02	-8.7303E-02	-8.7268E-02	-8.7267E-02	-8.7251E-02
-1.3046E-01	-1.3053E-01	-1.3045E-01	-1.3045E-01	-1.3042E-01
-1.7307E-01	-1.7320E-01	-1.7306E-01	-1.7306E-01	-1.7299E-01
-2.1490E-01	-2.1511E-01	-2.1489E-01	-2.1488E-01	-2.1478E-01
-2.5574E-01	-2.5605E-01	-2.5573E-01	-2.5571E-01	-2.5557E-01
-2.9540E-01	-2.9582E-01	-2.9538E-01	-2.9536E-01	-2.9516E-01
-3.3368E-01	-3.3424E-01	-3.3366E-01	-3.3364E-01	-3.3338E-01
-3.7041E-01	-3.7112E-01	-3.7039E-01	-3.7036E-01	-3.7003E-01
-4.0542E-01	-4.0629E-01	-4.0539E-01	-4.0535E-01	-4.0493E-01
-4.3852E-01	-4.3958E-01	-4.3848E-01	-4.3844E-01	-4.3793E-01
-4.6957E-01	-4.7083E-01	-4.6953E-01	-4.6947E-01	-4.6887E-01
-4.9842E-01	-4.9991E-01	-4.9837E-01	-4.9830E-01	-4.9760E-01
-5.2494E-01	-5.2668E-01	-5.2488E-01	-5.2480E-01	-5.2398E-01
-5.4900E-01	-5.5102E-01	-5.4893E-01	-5.4885E-01	-5.4789E-01
-5.7051E-01	-5.7282E-01	-5.7042E-01	-5.7032E-01	-5.6922E-01
-5.8935E-01	-5.9198E-01	-5.8925E-01	-5.8914E-01	-5.8789E-01
-6.0545E-01	-6.0843E-01	-6.0534E-01	-6.0521E-01	-6.0380E-01
-6.1874E-01	-6.2210E-01	-6.1862E-01	-6.1847E-01	-6.1688E-01
-6.2918E-01	-6.3294E-01	-6.2904E-01	-6.2888E-01	-6.2709E-01
-6.3671E-01	-6.4092E-01	-6.3657E-01	-6.3638E-01	-6.3438E-01
-6.4134E-01	-6.4602E-01	-6.4118E-01	-6.4097E-01	-6.3875E-01
-6.4305E-01	-6.4825E-01	-6.4287E-01	-6.4264E-01	-6.4017E-01
-6.4185E-01	-6.4762E-01	-6.4165E-01	-6.4140E-01	-6.3866E-01
-6.3779E-01	-6.4417E-01	-6.3757E-01	-6.3729E-01	-6.3426E-01
-6.3091E-01	-6.3795E-01	-6.3067E-01	-6.3035E-01	-6.2701E-01
-6.2128E-01	-6.2906E-01	-6.2101E-01	-6.2067E-01	-6.1698E-01
-6.0900E-01	-6.1758E-01	-6.0870E-01	-6.0832E-01	-6.0424E-01
-5.9417E-01	-6.0365E-01	-5.9384E-01	-5.9342E-01	-5.8892E-01
-5.7695E-01	-5.8742E-01	-5.7658E-01	-5.7612E-01	-5.7115E-01
-5.5749E-01	-5.6908E-01	-5.5708E-01	-5.5657E-01	-5.5106E-01
-5.3600E-01	-5.4886E-01	-5.3555E-01	-5.3498E-01	-5.2887E-01
-5.1272E-01	-5.2705E-01	-5.1222E-01	-5.1159E-01	-5.0479E-01
-4.8796E-01	-5.0398E-01	-4.8740E-01	-4.8670E-01	-4.7909E-01
-4.6210E-01	-4.8012E-01	-4.6147E-01	-4.6067E-01	-4.5211E-01
-4.3561E-01	-4.5605E-01	-4.3490E-01	-4.3400E-01	-4.2429E-01
-4.0919E-01	-4.3259E-01	-4.0837E-01	-4.0734E-01	-3.9622E-01
-3.8377E-01	-4.1094E-01	-3.8282E-01	-3.8162E-01	-3.6872E-01
-3.6086E-01	-3.9299E-01	-3.5974E-01	-3.5833E-01	-3.4307E-01
-3.4302E-01	-3.8201E-01	-3.4166E-01	-3.3994E-01	-3.1640E-01
-3.3509E-01	-3.7860E-01	-3.3630E-01	-3.3075E-01	-3.0931E-01
-3.5784E-01	-3.9991E-01	-3.3936E-01	-3.1361E-01	-2.5588E-01
-3.0101E-01	-2.0220E-01	-8.2526E-02	-2.5650E-03	3.4200E-02
-5.8200E-02	1.3700E-01	2.2690E-01	2.5740E-01	2.6660E-01
1.7340E-01	4.2900E-01	4.7720E-01	4.6060E-01	4.7383E-01
4.7450E-01	6.7420E-01	6.9170E-01	6.9080E-01	6.8800E-01
6.9950E-01	8.8970E-01	8.8840E-01	8.8610E-01	8.8480E-01
8.9750E-01	1.1198E+00	1.0774E+00	1.0921E+00	1.1052E+00
1.2336E+00	1.2810E+00	1.2229E+00	1.2266E+00	1.1726E+00
1.2345E+00	1.0981E+00	1.2909E+00	1.0819E+00	1.0054E+00
1.1026E+00	9.7860E-01	1.1885E+00	9.5707E-01	8.9988E-01
1.0136E+00	9.0618E-01	1.0711E+00	8.8796E-01	8.3960E-01
9.5173E-01	8.5919E-01	1.0013E+00	8.4350E-01	8.0185E-01
9.0933E-01	8.2854E-01	9.5261E-01	8.1484E-01	7.7846E-01
8.7994E-01	8.0867E-01	9.1810E-01	7.9659E-01	7.6450E-01
8.5937E-01	7.9602E-01	8.9329E-01	7.8528E-01	7.5676E-01
8.4480E-01	7.8816E-01	8.7513E-01	7.7855E-01	7.5306E-01
8.3424E-01	7.8337E-01	8.6148E-01	7.7475E-01	7.5185E-01
8.2624E-01	7.8040E-01	8.5079E-01	7.7263E-01	7.5199E-01
8.1971E-01	7.7830E-01	8.4188E-01	7.7128E-01	7.5264E-01
8.1382E-01	7.7636E-01	8.3388E-01	7.7000E-01	7.5314E-01
8.0792E-01	7.7399E-01	8.2609E-01	7.6824E-01	7.5296E-01
8.0149E-01	7.7076E-01	8.1796E-01	7.6555E-01	7.5171E-01
7.9414E-01	7.6630E-01	8.0906E-01	7.6158E-01	7.4905E-01
7.8554E-01	7.6034E-01	7.9904E-01	7.5607E-01	7.4472E-01
7.7543E-01	7.5265E-01	7.8763E-01	7.4879E-01	7.3853E-01
7.6360E-01	7.4304E-01	7.7462E-01	7.3956E-01	7.3030E-01
7.4991E-01	7.3139E-01	7.5982E-01	7.2825E-01	7.1991E-01
7.3422E-01	7.1759E-01	7.4313E-01	7.1477E-01	7.0729E-01
7.1647E-01	7.0158E-01	7.2444E-01	6.9905E-01	6.9235E-01
6.9659E-01	6.8331E-01	7.0370E-01	6.8106E-01	6.7508E-01
6.7456E-01	6.6277E-01	6.8088E-01	6.6078E-01	6.5547E-01
6.5039E-01	6.3998E-01	6.5597E-01	6.3821E-01	6.3353E-01
6.2410E-01	6.1496E-01	6.2899E-01	6.1341E-01	6.0929E-01
5.9572E-01	5.8776E-01	5.9999E-01	5.8640E-01	5.8282E-01
5.6534E-01	5.5845E-01	5.6903E-01	5.5728E-01	5.5418E-01
5.3302E-01	5.2712E-01	5.3619E-01	5.2612E-01	5.2346E-01
4.9888E-01	4.9388E-01	5.0155E-01	4.9303E-01	4.9078E-01
4.6301E-01	4.5884E-01	4.6525E-01	4.5813E-01	4.5625E-01
4.2556E-01	4.2213E-01	4.2740E-01	4.2154E-01	4.2000E-01
3.8666E-01	3.8389E-01	3.8815E-01	3.8342E-01	3.8218E-01
3.4648E-01	3.4429E-01	3.4764E-01	3.4392E-01	3.4294E-01
3.0516E-01	3.0349E-01	3.0605E-01	3.0321E-01	3.0246E-01
2.6289E-01	2.6167E-01	2.6354E-01	2.6146E-01	2.6091E-01
2.1985E-01	2.1901E-01	2.2030E-01	2.1886E-01	2.1848E-01
1.7623E-01	1.7569E-01	1.7652E-01	1.7560E-01	1.7536E-01
1.3224E-01	1.3193E-01	1.3240E-01	1.3188E-01	1.3175E-01
8.8059E-02	8.7924E-02	8.8131E-02	8.7901E-02	8.7841E-02
4.3910E-02	4.3877E-02	4.3928E-02	4.3871E-02	4.3856E-02
0.0000E+00	0.0000E+00	0.0000E+00	0.0000E+00	0.0000E+00
!M	CDTAB
!U	nd
1.2525E+00	1.2525E+00	1.2525E+00	1.2525E+00	1.2525E+00
1.2528E+00	1.2530E+00	1.2526E+00	1.2525E+00	1.2526E+00
1.2500E+00	1.2505E+00	1.2496E+00	1.2495E+00	1.2496E+00
1.2443E+00	1.2449E+00	1.2436E+00	1.2435E+00	1.2437E+00
1.2355E+00	1.2364E+00	1.2346E+00	1.2345E+00	1.2347E+00
1.2238E+00	1.2249E+00	1.2227E+00	1.2225E+00	1.2228E+00
1.2092E+00	1.2105E+00	1.2078E+00	1.2077E+00	1.2080E+00
1.1918E+00	1.1934E+00	1.1902E+00	1.1901E+00	1.1904E+00
1.1717E+00	1.1735E+00	1.1699E+00	1.1697E+00	1.1702E+00
1.1490E+00	1.1510E+00	1.1470E+00	1.1468E+00	1.1473E+00
1.1238E+00	1.1260E+00	1.1216E+00	1.1214E+00	1.1219E+00
1.0963E+00	1.0987E+00	1.0938E+00	1.0936E+00	1.0942E+00
1.0665E+00	1.0691E+00	1.0639E+00	1.0636E+00	1.0642E+00
1.0346E+00	1.0375E+00	1.0318E+00	1.0315E+00	1.0322E+00
1.0009E+00	1.0040E+00	9.9788E-01	9.9754E-01	9.9828E-01
9.6542E-01	9.6870E-01	9.6220E-01	9.6185E-01	9.6262E-01
9.2839E-01	9.3186E-01	9.2497E-01	9.2460E-01	9.2542E-01
8.8998E-01	8.9364E-01	8.8638E-01	8.8598E-01	8.8685E-01
8.5039E-01	8.5425E-01	8.4661E-01	8.4619E-01	8.4710E-01
8.0983E-01	8.1386E-01	8.0586E-01	8.0542E-01	8.0638E-01
7.6848E-01	7.7270E-01	7.6434E-01	7.6389E-01	7.6489E-01
7.2657E-01	7.3096E-01	7.2226E-01	7.2179E-01	7.2283E-01
6.8430E-01	6.8885E-01	6.7982E-01	6.7933E-01	6.8041E-01
6.4187E-01	6.4658E-01	6.3723E-01	6.3672E-01	6.3785E-01
5.9951E-01	6.0438E-01	5.9472E-01	5.9419E-01	5.9535E-01
5.5741E-01	5.6243E-01	5.5248E-01	5.5193E-01	5.5313E-01
5.1580E-01	5.2097E-01	5.1072E-01	5.1016E-01	5.1139E-01
4.7488E-01	4.8018E-01	4.6966E-01	4.6909E-01	4.7035E-01
4.3485E-01	4.4028E-01	4.2950E-01	4.2891E-01	4.3021E-01
3.9590E-01	4.0146E-01	3.9044E-01	3.8984E-01	3.9116E-01
3.5825E-01	3.6392E-01	3.5266E-01	3.5205E-01	3.5340E-01
3.2206E-01	3.2784E-01	3.1637E-01	3.1574E-01	3.1712E-01
2.8752E-01	2.9341E-01	2.8173E-01	2.8109E-01	2.8249E-01
2.5480E-01	2.6079E-01	2.4892E-01	2.4827E-01	2.4969E-01
2.2407E-01	2.3015E-01	2.1810E-01	2.1744E-01	2.1888E-01
1.9547E-01	2.0163E-01	1.8942E-01	1.8875E-01	1.9022E-01
1.6915E-01	1.7539E-01	1.6303E-01	1.6235E-01	1.6383E-01
1.4524E-01	1.5154E-01	1.3905E-01	1.3837E-01	1.3986E-01
1.2386E-01	1.3022E-01	1.1760E-01	1.1692E-01	1.1843E-01
1.0511E-01	1.1152E-01	9.8801E-02	9.8108E-02	9.9632E-02
8.9078E-02	9.5531E-02	8.2731E-02	8.2033E-02	9.0453E-02
7.6001E-02	8.6211E-02	7.2294E-02	7.1053E-02	6.6820E-02
6.8146E-02	6.6917E-02	5.6296E-02	3.8674E-02	1.7158E-02
4.5192E-02	2.5700E-02	2.1350E-02	1.6406E-02	1.3820E-02
2.9470E-02	2.0940E-02	1.5250E-02	1.2295E-02	1.0760E-02
2.8350E-02	1.7540E-02	1.1850E-02	9.5600E-03	8.4030E-03
3.5520E-02	1.6880E-02	1.2060E-02	1.0150E-02	9.1600E-03
4.2230E-02	1.7120E-02	1.3070E-02	1.1630E-02	1.0840E-02
4.8550E-02	1.6971E-02	1.5110E-02	1.5502E-02	1.3892E-02
3.0663E-02	1.1120E-02	2.8021E-02	4.5391E-02	2.0595E-02
5.0657E-02	2.9044E-02	5.0796E-02	7.3849E-02	3.4125E-02
6.4907E-02	4.1163E-02	7.4760E-02	8.5099E-02	5.1164E-02
8.1071E-02	6.0429E-02	9.5353E-02	1.0401E-01	7.0350E-02
1.0285E-01	8.2405E-02	1.1700E-01	1.2558E-01	9.2233E-02
1.2722E-01	1.0698E-01	1.4121E-01	1.4970E-01	1.1671E-01
1.5404E-01	1.3404E-01	1.6787E-01	1.7625E-01	1.4365E-01
1.8318E-01	1.6346E-01	1.9683E-01	2.0511E-01	1.7294E-01
2.1452E-01	1.9509E-01	2.2797E-01	2.3612E-01	2.0442E-01
2.4789E-01	2.2876E-01	2.6111E-01	2.6914E-01	2.3795E-01
2.8312E-01	2.6434E-01	2.9612E-01	3.0400E-01	2.7337E-01
3.2006E-01	3.0163E-01	3.3280E-01	3.4053E-01	3.1049E-01
3.5851E-01	3.4047E-01	3.7099E-01	3.7856E-01	3.4914E-01
3.9829E-01	3.8065E-01	4.1049E-01	4.1789E-01	3.8913E-01
4.3920E-01	4.2199E-01	4.5111E-01	4.5833E-01	4.3026E-01
4.8105E-01	4.6429E-01	4.9265E-01	4.9968E-01	4.7235E-01
5.2363E-01	5.0734E-01	5.3491E-01	5.4175E-01	5.1517E-01
5.6674E-01	5.5093E-01	5.7767E-01	5.8431E-01	5.5853E-01
6.1015E-01	5.9485E-01	6.2074E-01	6.2716E-01	6.0220E-01
6.5366E-01	6.3889E-01	6.6389E-01	6.7009E-01	6.4599E-01
6.9707E-01	6.8283E-01	7.0691E-01	7.1289E-01	6.8967E-01
7.4014E-01	7.2647E-01	7.4960E-01	7.5534E-01	7.3304E-01
7.8268E-01	7.6958E-01	7.9174E-01	7.9724E-01	7.7588E-01
8.2447E-01	8.1197E-01	8.3313E-01	8.3837E-01	8.1798E-01
8.6532E-01	8.5342E-01	8.7355E-01	8.7854E-01	8.5914E-01
9.0502E-01	8.9375E-01	9.1282E-01	9.1755E-01	8.9916E-01
9.4337E-01	9.3274E-01	9.5073E-01	9.5520E-01	9.3785E-01
9.8020E-01	9.7021E-01	9.8711E-01	9.9130E-01	9.7501E-01
1.0153E+00	1.0060E+00	1.0218E+00	1.0257E+00	1.0105E+00
1.0485E+00	1.0399E+00	1.0545E+00	1.0582E+00	1.0441E+00
1.0797E+00	1.0718E+00	1.0852E+00	1.0886E+00	1.0756E+00
1.1087E+00	1.1014E+00	1.1138E+00	1.1168E+00	1.1049E+00
1.1354E+00	1.1288E+00	1.1399E+00	1.1427E+00	1.1320E+00
1.1595E+00	1.1537E+00	1.1636E+00	1.1661E+00	1.1565E+00
1.1811E+00	1.1760E+00	1.1847E+00	1.1868E+00	1.1785E+00
1.2000E+00	1.1956E+00	1.2031E+00	1.2049E+00	1.1977E+00
1.2161E+00	1.2124E+00	1.2187E+00	1.2202E+00	1.2142E+00
1.2293E+00	1.2264E+00	1.2314E+00	1.2326E+00	1.2278E+00
1.2396E+00	1.2374E+00	1.2412E+00	1.2421E+00	1.2385E+00
1.2470E+00	1.2455E+00	1.2480E+00	1.2486E+00	1.2462E+00
1.2512E+00	1.2505E+00	1.2518E+00	1.2521E+00	1.2509E+00
1.2525E+00	1.2525E+00	1.2525E+00	1.2525E+00	1.2525E+00
!M	CMTAB
!U	nd
3.1312E-01	3.1312E-01	3.1312E-01	3.1312E-01	3.1312E-01
3.1255E-01	3.1253E-01	3.1252E-01	3.1250E-01	3.1247E-01
3.1085E-01	3.1079E-01	3.1075E-01	3.1069E-01	3.1055E-01
3.0810E-01	3.0795E-01	3.0788E-01	3.0773E-01	3.0743E-01
3.0433E-01	3.0408E-01	3.0395E-01	3.0369E-01	3.0318E-01
2.9962E-01	2.9924E-01	2.9903E-01	2.9864E-01	2.9785E-01
2.9401E-01	2.9348E-01	2.9318E-01	2.9263E-01	2.9153E-01
2.8756E-01	2.8686E-01	2.8646E-01	2.8573E-01	2.8427E-01
2.8032E-01	2.7944E-01	2.7892E-01	2.7798E-01	2.7613E-01
2.7236E-01	2.7128E-01	2.7063E-01	2.6947E-01	2.6719E-01
2.6372E-01	2.6243E-01	2.6164E-01	2.6023E-01	2.5751E-01
2.5446E-01	2.5296E-01	2.5200E-01	2.5035E-01	2.4715E-01
2.4464E-01	2.4292E-01	2.4179E-01	2.3987E-01	2.3618E-01
2.3431E-01	2.3237E-01	2.3106E-01	2.2885E-01	2.2467E-01
2.2352E-01	2.2137E-01	2.1985E-01	2.1737E-01	2.1268E-01
2.1234E-01	2.0998E-01	2.0825E-01	2.0547E-01	2.0027E-01
2.0081E-01	1.9825E-01	1.9629E-01	1.9322E-01	1.8752E-01
1.8900E-01	1.8625E-01	1.8405E-01	1.8067E-01	1.7448E-01
1.7696E-01	1.7402E-01	1.7158E-01	1.6790E-01	1.6123E-01
1.6474E-01	1.6164E-01	1.5893E-01	1.5496E-01	1.4783E-01
1.5240E-01	1.4916E-01	1.4617E-01	1.4191E-01	1.3434E-01
1.3999E-01	1.3663E-01	1.3336E-01	1.2880E-01	1.2082E-01
1.2757E-01	1.2412E-01	1.2055E-01	1.1571E-01	1.0736E-01
1.1520E-01	1.1167E-01	1.0780E-01	1.0270E-01	9.4003E-02
1.0293E-01	9.9365E-02	9.5177E-02	8.9810E-02	8.0824E-02
9.0814E-02	8.7245E-02	8.2730E-02	7.7116E-02	6.7886E-02
7.8909E-02	7.5372E-02	7.0520E-02	6.4677E-02	5.5256E-02
6.7270E-02	6.3804E-02	5.8606E-02	5.2551E-02	4.2998E-02
5.5953E-02	5.2601E-02	4.7047E-02	4.0799E-02	3.1178E-02
4.5013E-02	4.1819E-02	3.5901E-02	2.9483E-02	1.9862E-02
3.4505E-02	3.1518E-02	2.5226E-02	1.8662E-02	9.1140E-03
2.4485E-02	2.1755E-02	1.5082E-02	8.3970E-03	-9.9800E-04
1.5008E-02	1.2589E-02	5.5260E-03	-1.2510E-03	-1.0410E-02
6.1290E-03	4.0780E-03	-3.3820E-03	-1.0222E-02	-1.9057E-02
-2.0950E-03	-3.7200E-03	-1.1586E-02	-1.8456E-02	-2.6873E-02
-9.6110E-03	-1.0747E-02	-1.9025E-02	-2.5892E-02	-3.3791E-02
-1.6362E-02	-1.6944E-02	-2.5641E-02	-3.2469E-02	-3.9748E-02
-2.2294E-02	-2.2254E-02	-3.1377E-02	-3.8127E-02	-4.4677E-02
-2.7350E-02	-2.6617E-02	-3.6172E-02	-4.2805E-02	-4.8513E-02
-3.1476E-02	-2.9977E-02	-3.9970E-02	-4.6443E-02	-5.1190E-02
-3.4617E-02	-3.2274E-02	-4.2711E-02	-4.8980E-02	-4.7556E-02
-3.6670E-02	-3.2556E-02	-4.3044E-02	-4.8334E-02	-5.6819E-02
-3.5149E-02	-3.7037E-02	-4.6712E-02	-6.5502E-02	-8.7126E-02
-4.6618E-02	-6.2100E-02	-8.3081E-02	-9.5571E-02	-1.0160E-01
-5.7400E-02	-8.9400E-02	-1.0230E-01	-1.0520E-01	-1.0500E-01
-6.7800E-02	-1.0340E-01	-1.0640E-01	-1.0490E-01	-1.0373E-01
-9.2700E-02	-1.0630E-01	-1.0440E-01	-1.0250E-01	-1.0120E-01
-9.9600E-02	-1.0250E-01	-9.8800E-02	-9.7800E-02	-9.7500E-02
-9.7400E-02	-9.2596E-02	-9.3300E-02	-9.2021E-02	-9.0146E-02
-7.8525E-02	-6.6300E-02	-7.4253E-02	-8.3044E-02	-8.1804E-02
-4.7865E-02	-6.6430E-02	-5.5810E-02	-8.7279E-02	-8.2288E-02
-5.2866E-02	-6.8005E-02	-4.7936E-02	-8.7191E-02	-8.3589E-02
-5.3921E-02	-7.0071E-02	-4.9306E-02	-8.9016E-02	-8.5604E-02
-5.6308E-02	-7.2890E-02	-5.1542E-02	-9.1542E-02	-8.8315E-02
-5.9518E-02	-7.6417E-02	-5.4635E-02	-9.4729E-02	-9.1682E-02
-6.3501E-02	-8.0611E-02	-5.8536E-02	-9.8539E-02	-9.5665E-02
-6.8209E-02	-8.5428E-02	-6.3193E-02	-1.0293E-01	-1.0022E-01
-7.3593E-02	-9.0824E-02	-6.8558E-02	-1.0786E-01	-1.0532E-01
-7.9606E-02	-9.6759E-02	-7.4578E-02	-1.1330E-01	-1.1091E-01
-8.6198E-02	-1.0319E-01	-8.1205E-02	-1.1919E-01	-1.1696E-01
-9.3321E-02	-1.1007E-01	-8.8388E-02	-1.2551E-01	-1.2343E-01
-1.0093E-01	-1.1735E-01	-9.6077E-02	-1.3221E-01	-1.3027E-01
-1.0897E-01	-1.2501E-01	-1.0422E-01	-1.3925E-01	-1.3745E-01
-1.1739E-01	-1.3298E-01	-1.1277E-01	-1.4660E-01	-1.4492E-01
-1.2615E-01	-1.4124E-01	-1.2167E-01	-1.5421E-01	-1.5265E-01
-1.3520E-01	-1.4973E-01	-1.3088E-01	-1.6203E-01	-1.6060E-01
-1.4449E-01	-1.5841E-01	-1.4035E-01	-1.7004E-01	-1.6873E-01
-1.5397E-01	-1.6725E-01	-1.5001E-01	-1.7820E-01	-1.7699E-01
-1.6359E-01	-1.7619E-01	-1.5983E-01	-1.8645E-01	-1.8535E-01
-1.7331E-01	-1.8520E-01	-1.6976E-01	-1.9477E-01	-1.9377E-01
-1.8307E-01	-1.9423E-01	-1.7974E-01	-2.0311E-01	-2.0221E-01
-1.9283E-01	-2.0323E-01	-1.8972E-01	-2.1143E-01	-2.1062E-01
-2.0254E-01	-2.1218E-01	-1.9965E-01	-2.1970E-01	-2.1897E-01
-2.1215E-01	-2.2101E-01	-2.0949E-01	-2.2787E-01	-2.2722E-01
-2.2161E-01	-2.2970E-01	-2.1918E-01	-2.3590E-01	-2.3533E-01
-2.3087E-01	-2.3819E-01	-2.2867E-01	-2.4375E-01	-2.4325E-01
-2.3988E-01	-2.4644E-01	-2.3791E-01	-2.5139E-01	-2.5095E-01
-2.4861E-01	-2.5442E-01	-2.4686E-01	-2.5877E-01	-2.5839E-01
-2.5699E-01	-2.6207E-01	-2.5546E-01	-2.6585E-01	-2.6553E-01
-2.6497E-01	-2.6936E-01	-2.6365E-01	-2.7259E-01	-2.7233E-01
-2.7252E-01	-2.7624E-01	-2.7140E-01	-2.7896E-01	-2.7874E-01
-2.7958E-01	-2.8266E-01	-2.7865E-01	-2.8491E-01	-2.8474E-01
-2.8610E-01	-2.8860E-01	-2.8535E-01	-2.9041E-01	-2.9027E-01
-2.9204E-01	-2.9400E-01	-2.9145E-01	-2.9541E-01	-2.9530E-01
-2.9734E-01	-2.9881E-01	-2.9690E-01	-2.9987E-01	-2.9979E-01
-3.0196E-01	-3.0301E-01	-3.0165E-01	-3.0375E-01	-3.0370E-01
-3.0585E-01	-3.0653E-01	-3.0564E-01	-3.0702E-01	-3.0698E-01
-3.0896E-01	-3.0935E-01	-3.0884E-01	-3.0963E-01	-3.0961E-01
-3.1124E-01	-3.1142E-01	-3.1119E-01	-3.1155E-01	-3.1154E-01
-3.1265E-01	-3.1269E-01	-3.1263E-01	-3.1272E-01	-3.1272E-01
-3.1312E-01	-3.1312E-01	-3.1312E-01	-3.1312E-01	-3.1312E-01
