!T	AOACL
!U	deg
-90	
-88	
-86	
-84	
-82	
-80	
-78	
-76	
-74	
-72	
-70	
-68	
-66	
-64	
-62	
-60	
-58	
-56	
-54	
-52	
-50	
-48	
-46	
-44	
-42	
-40	
-38	
-36	
-34	
-32	
-30	
-28	
-26	
-24	
-22	
-20	
-18	
-16	
-14	
-12	
-10	
-8	
-6	
-4	
-2	
0	
2	
4	
6	
8	
10	
12	
14	
16	
18	
20	
22	
24	
26	
28	
30	
32	
34	
36	
38	
40	
42	
44	
46	
48	
50	
52	
54	
56	
58	
60	
62	
64	
66	
68	
70	
72	
74	
76	
78	
80	
82	
84	
86	
88	
90	
!T	AOACD
!U	deg
-90	
-88	
-86	
-84	
-82	
-80	
-78	
-76	
-74	
-72	
-70	
-68	
-66	
-64	
-62	
-60	
-58	
-56	
-54	
-52	
-50	
-48	
-46	
-44	
-42	
-40	
-38	
-36	
-34	
-32	
-30	
-28	
-26	
-24	
-22	
-20	
-18	
-16	
-14	
-12	
-10	
-8	
-6	
-4	
-2	
0	
2	
4	
6	
8	
10	
12	
14	
16	
18	
20	
22	
24	
26	
28	
30	
32	
34	
36	
38	
40	
42	
44	
46	
48	
50	
52	
54	
56	
58	
60	
62	
64	
66	
68	
70	
72	
74	
76	
78	
80	
82	
84	
86	
88	
90	
!T	AOACM
!U	deg
-90	
-88	
-86	
-84	
-82	
-80	
-78	
-76	
-74	
-72	
-70	
-68	
-66	
-64	
-62	
-60	
-58	
-56	
-54	
-52	
-50	
-48	
-46	
-44	
-42	
-40	
-38	
-36	
-34	
-32	
-30	
-28	
-26	
-24	
-22	
-20	
-18	
-16	
-14	
-12	
-10	
-8	
-6	
-4	
-2	
0	
2	
4	
6	
8	
10	
12	
14	
16	
18	
20	
22	
24	
26	
28	
30	
32	
34	
36	
38	
40	
42	
44	
46	
48	
50	
52	
54	
56	
58	
60	
62	
64	
66	
68	
70	
72	
74	
76	
78	
80	
82	
84	
86	
88	
90	
!T	RECL
!U	nd
50000	
100000	
150000	
200000	
250000	
!T	RECD
!U	nd
50000	
100000	
150000	
200000	
250000	
!T	RECM
!U	nd
50000	
100000	
150000	
200000	
250000	
!M	CLTAB
!U	nd
-0.0000E+00	-0.0000E+00	-0.0000E+00	-0.0000E+00	-0.0000E+00
-4.2635E-02	-4.2636E-02	-4.2647E-02	-4.2646E-02	-4.2653E-02
-8.5115E-02	-8.5117E-02	-8.5163E-02	-8.5159E-02	-8.5187E-02
-1.2723E-01	-1.2724E-01	-1.2734E-01	-1.2733E-01	-1.2739E-01
-1.6878E-01	-1.6879E-01	-1.6897E-01	-1.6896E-01	-1.6907E-01
-2.0956E-01	-2.0958E-01	-2.0987E-01	-2.0984E-01	-2.1002E-01
-2.4938E-01	-2.4941E-01	-2.4982E-01	-2.4978E-01	-2.5003E-01
-2.8804E-01	-2.8808E-01	-2.8864E-01	-2.8859E-01	-2.8893E-01
-3.2536E-01	-3.2541E-01	-3.2615E-01	-3.2608E-01	-3.2653E-01
-3.6116E-01	-3.6122E-01	-3.6215E-01	-3.6207E-01	-3.6264E-01
-3.9527E-01	-3.9534E-01	-3.9650E-01	-3.9639E-01	-3.9710E-01
-4.2752E-01	-4.2761E-01	-4.2902E-01	-4.2889E-01	-4.2975E-01
-4.5776E-01	-4.5787E-01	-4.5956E-01	-4.5940E-01	-4.6044E-01
-4.8586E-01	-4.8599E-01	-4.8798E-01	-4.8779E-01	-4.8902E-01
-5.1168E-01	-5.1183E-01	-5.1415E-01	-5.1394E-01	-5.1536E-01
-5.3510E-01	-5.3527E-01	-5.3795E-01	-5.3771E-01	-5.3936E-01
-5.5601E-01	-5.5621E-01	-5.5929E-01	-5.5900E-01	-5.6090E-01
-5.7433E-01	-5.7456E-01	-5.7806E-01	-5.7773E-01	-5.7989E-01
-5.8996E-01	-5.9022E-01	-5.9419E-01	-5.9382E-01	-5.9627E-01
-6.0286E-01	-6.0315E-01	-6.0762E-01	-6.0720E-01	-6.0996E-01
-6.1296E-01	-6.1328E-01	-6.1829E-01	-6.1783E-01	-6.2091E-01
-6.2022E-01	-6.2059E-01	-6.2618E-01	-6.2567E-01	-6.2911E-01
-6.2464E-01	-6.2505E-01	-6.3128E-01	-6.3070E-01	-6.3454E-01
-6.2621E-01	-6.2666E-01	-6.3358E-01	-6.3294E-01	-6.3720E-01
-6.2493E-01	-6.2544E-01	-6.3310E-01	-6.3239E-01	-6.3711E-01
-6.2085E-01	-6.2141E-01	-6.2989E-01	-6.2910E-01	-6.3433E-01
-6.1401E-01	-6.1462E-01	-6.2399E-01	-6.2312E-01	-6.2889E-01
-6.0448E-01	-6.0515E-01	-6.1550E-01	-6.1454E-01	-6.2091E-01
-5.9234E-01	-5.9309E-01	-6.0450E-01	-6.0344E-01	-6.1048E-01
-5.7770E-01	-5.7853E-01	-5.9113E-01	-5.8996E-01	-5.9773E-01
-5.6071E-01	-5.6162E-01	-5.7555E-01	-5.7426E-01	-5.8284E-01
-5.4151E-01	-5.4252E-01	-5.5794E-01	-5.5651E-01	-5.6601E-01
-5.2030E-01	-5.2142E-01	-5.3853E-01	-5.3695E-01	-5.4749E-01
-4.9731E-01	-4.9856E-01	-5.1762E-01	-5.1585E-01	-5.2759E-01
-4.7283E-01	-4.7423E-01	-4.9554E-01	-4.9357E-01	-5.0670E-01
-4.4722E-01	-4.4879E-01	-4.7276E-01	-4.7054E-01	-4.8532E-01
-4.2092E-01	-4.2270E-01	-4.4988E-01	-4.4736E-01	-4.6411E-01
-3.9456E-01	-3.9660E-01	-4.2773E-01	-4.2485E-01	-4.4403E-01
-3.6904E-01	-3.7141E-01	-4.0755E-01	-4.0420E-01	-4.2647E-01
-3.4573E-01	-3.4854E-01	-3.9127E-01	-3.8731E-01	-4.1364E-01
-3.2699E-01	-3.3039E-01	-3.8226E-01	-3.7745E-01	-4.0853E-01
-3.1733E-01	-3.1889E-01	-3.7866E-01	-3.8190E-01	-4.2923E-01
-3.2520E-01	-3.3280E-01	-3.4837E-01	-2.8517E-01	-2.2573E-01
-3.8660E-01	-1.7011E-01	-1.9785E-02	5.5200E-02	1.0370E-01
-2.9844E-01	1.6580E-01	2.9210E-01	3.5860E-01	4.0160E-01
1.6920E-01	5.0220E-01	6.2700E-01	6.6390E-01	6.6970E-01
4.3700E-01	8.3420E-01	8.5970E-01	8.5020E-01	8.3650E-01
7.8800E-01	1.0459E+00	1.0214E+00	1.0007E+00	9.9020E-01
1.1777E+00	1.2177E+00	1.1761E+00	1.1568E+00	1.1495E+00
1.1797E+00	1.3760E+00	1.3234E+00	1.3004E+00	1.2915E+00
1.0016E+00	1.5421E+00	1.4257E+00	1.3998E+00	1.4029E+00
9.0553E-01	1.6083E+00	1.5100E+00	1.4962E+00	1.4995E+00
8.4245E-01	1.4492E+00	1.5918E+00	1.5722E+00	1.5905E+00
8.0236E-01	1.3143E+00	1.5234E+00	1.5805E+00	1.5723E+00
7.7699E-01	1.2240E+00	1.3914E+00	1.4632E+00	1.4387E+00
7.6128E-01	1.1556E+00	1.3033E+00	1.3606E+00	1.3440E+00
7.5200E-01	1.1025E+00	1.2337E+00	1.2847E+00	1.2699E+00
7.4692E-01	1.0603E+00	1.1777E+00	1.2232E+00	1.2100E+00
7.4447E-01	1.0259E+00	1.1313E+00	1.1722E+00	1.1604E+00
7.4351E-01	9.9711E-01	1.0921E+00	1.1290E+00	1.1183E+00
7.4318E-01	9.7225E-01	1.0581E+00	1.0914E+00	1.0817E+00
7.4280E-01	9.5006E-01	1.0277E+00	1.0578E+00	1.0491E+00
7.4185E-01	9.2956E-01	9.9987E-01	1.0272E+00	1.0193E+00
7.3993E-01	9.0998E-01	9.7369E-01	9.9840E-01	9.9125E-01
7.3671E-01	8.9073E-01	9.4844E-01	9.7082E-01	9.6435E-01
7.3191E-01	8.7133E-01	9.2356E-01	9.4382E-01	9.3796E-01
7.2534E-01	8.5138E-01	8.9860E-01	9.1691E-01	9.1162E-01
7.1682E-01	8.3058E-01	8.7319E-01	8.8973E-01	8.8495E-01
7.0625E-01	8.0869E-01	8.4707E-01	8.6196E-01	8.5765E-01
6.9351E-01	7.8552E-01	8.1999E-01	8.3336E-01	8.2949E-01
6.7857E-01	7.6094E-01	7.9179E-01	8.0376E-01	8.0030E-01
6.6137E-01	7.3483E-01	7.6235E-01	7.7302E-01	7.6993E-01
6.4191E-01	7.0713E-01	7.3156E-01	7.4104E-01	7.3830E-01
6.2021E-01	6.7781E-01	6.9939E-01	7.0776E-01	7.0534E-01
5.9629E-01	6.4686E-01	6.6581E-01	6.7315E-01	6.7103E-01
5.7022E-01	6.1430E-01	6.3082E-01	6.3722E-01	6.3537E-01
5.4205E-01	5.8017E-01	5.9445E-01	5.9999E-01	5.9839E-01
5.1187E-01	5.4452E-01	5.5675E-01	5.6150E-01	5.6013E-01
4.7979E-01	5.0745E-01	5.1781E-01	5.2183E-01	5.2067E-01
4.4593E-01	4.6904E-01	4.7770E-01	4.8106E-01	4.8009E-01
4.1041E-01	4.2942E-01	4.3654E-01	4.3931E-01	4.3851E-01
3.7338E-01	3.8871E-01	3.9445E-01	3.9668E-01	3.9604E-01
3.3498E-01	3.4705E-01	3.5157E-01	3.5332E-01	3.5282E-01
2.9538E-01	3.0459E-01	3.0804E-01	3.0938E-01	3.0900E-01
2.5476E-01	2.6151E-01	2.6404E-01	2.6502E-01	2.6473E-01
2.1329E-01	2.1796E-01	2.1972E-01	2.2040E-01	2.2020E-01
1.7116E-01	1.7415E-01	1.7527E-01	1.7570E-01	1.7558E-01
1.2857E-01	1.3025E-01	1.3087E-01	1.3112E-01	1.3105E-01
8.5708E-02	8.6453E-02	8.6732E-02	8.6840E-02	8.6809E-02
4.2784E-02	4.2970E-02	4.3039E-02	4.3066E-02	4.3059E-02
0.0000E+00	0.0000E+00	0.0000E+00	0.0000E+00	0.0000E+00
!M	CDTAB
!U	nd
1.2217E+00	1.2217E+00	1.2217E+00	1.2217E+00	1.2217E+00
1.2236E+00	1.2226E+00	1.2211E+00	1.2205E+00	1.2204E+00
1.2225E+00	1.2205E+00	1.2175E+00	1.2163E+00	1.2162E+00
1.2184E+00	1.2155E+00	1.2110E+00	1.2092E+00	1.2090E+00
1.2115E+00	1.2076E+00	1.2016E+00	1.1991E+00	1.1989E+00
1.2017E+00	1.1968E+00	1.1894E+00	1.1862E+00	1.1860E+00
1.1890E+00	1.1832E+00	1.1743E+00	1.1705E+00	1.1702E+00
1.1736E+00	1.1668E+00	1.1565E+00	1.1521E+00	1.1517E+00
1.1556E+00	1.1478E+00	1.1360E+00	1.1311E+00	1.1306E+00
1.1350E+00	1.1263E+00	1.1131E+00	1.1075E+00	1.1070E+00
1.1119E+00	1.1023E+00	1.0877E+00	1.0815E+00	1.0810E+00
1.0865E+00	1.0760E+00	1.0600E+00	1.0532E+00	1.0527E+00
1.0590E+00	1.0475E+00	1.0302E+00	1.0228E+00	1.0222E+00
1.0294E+00	1.0171E+00	9.9834E-01	9.9042E-01	9.8976E-01
9.9791E-01	9.8471E-01	9.6466E-01	9.5617E-01	9.5547E-01
9.6471E-01	9.5065E-01	9.2930E-01	9.2026E-01	9.1951E-01
9.2996E-01	9.1507E-01	8.9244E-01	8.8286E-01	8.8207E-01
8.9385E-01	8.7813E-01	8.5425E-01	8.4414E-01	8.4331E-01
8.5656E-01	8.4003E-01	8.1493E-01	8.0431E-01	8.0343E-01
8.1828E-01	8.0097E-01	7.7468E-01	7.6355E-01	7.6263E-01
7.7920E-01	7.6113E-01	7.3368E-01	7.2206E-01	7.2110E-01
7.3954E-01	7.2072E-01	6.9215E-01	6.8005E-01	6.7905E-01
6.9948E-01	6.7995E-01	6.5028E-01	6.3772E-01	6.3669E-01
6.5923E-01	6.3901E-01	6.0829E-01	5.9529E-01	5.9422E-01
6.1901E-01	5.9812E-01	5.6638E-01	5.5295E-01	5.5184E-01
5.7901E-01	5.5747E-01	5.2476E-01	5.1091E-01	5.0977E-01
5.3943E-01	5.1728E-01	4.8363E-01	4.6938E-01	4.6821E-01
5.0049E-01	4.7774E-01	4.4319E-01	4.2857E-01	4.2736E-01
4.6236E-01	4.3905E-01	4.0365E-01	3.8866E-01	3.8743E-01
4.2525E-01	4.0141E-01	3.6520E-01	3.4987E-01	3.4860E-01
3.8935E-01	3.6501E-01	3.2802E-01	3.1237E-01	3.1107E-01
3.5484E-01	3.3001E-01	2.9231E-01	2.7635E-01	2.7503E-01
3.2188E-01	2.9661E-01	2.5823E-01	2.4198E-01	2.4064E-01
2.9065E-01	2.6497E-01	2.2595E-01	2.0944E-01	2.0808E-01
2.6130E-01	2.3523E-01	1.9564E-01	1.7888E-01	1.7749E-01
2.3398E-01	2.0757E-01	1.6744E-01	1.5045E-01	1.4905E-01
2.0884E-01	1.8210E-01	1.4148E-01	1.2429E-01	1.2287E-01
1.8598E-01	1.5896E-01	1.1791E-01	1.0053E-01	9.9098E-02
1.6554E-01	1.3826E-01	9.6828E-02	7.9286E-02	7.7839E-02
1.4761E-01	1.2011E-01	7.8342E-02	6.0659E-02	5.9200E-02
1.3229E-01	1.0460E-01	6.2545E-02	4.4741E-02	4.5969E-02
1.1964E-01	9.4135E-02	5.9532E-02	4.3795E-02	3.2228E-02
1.1014E-01	8.1780E-02	3.4278E-02	2.4226E-02	2.1173E-02
1.0263E-01	3.8053E-02	2.6339E-02	2.0260E-02	1.6510E-02
7.4470E-02	3.0280E-02	2.0250E-02	1.5290E-02	1.2720E-02
4.8150E-02	2.2820E-02	1.5170E-02	1.2770E-02	1.1630E-02
4.6090E-02	1.8010E-02	1.4700E-02	1.3290E-02	1.2500E-02
4.0770E-02	1.9590E-02	1.6170E-02	1.4540E-02	1.3550E-02
3.9042E-02	2.3300E-02	1.9330E-02	1.7440E-02	1.6310E-02
4.9237E-02	2.7970E-02	2.3250E-02	2.1090E-02	1.9770E-02
6.1903E-02	3.3279E-02	2.8090E-02	2.6000E-02	2.4620E-02
7.6336E-02	4.1310E-02	3.5200E-02	3.3070E-02	3.1600E-02
9.4837E-02	5.9399E-02	4.4950E-02	4.3677E-02	4.1971E-02
1.1594E-01	8.1516E-02	6.4573E-02	6.3610E-02	5.9970E-02
1.3953E-01	1.0548E-01	8.8562E-02	8.8085E-02	8.4688E-02
1.6551E-01	1.3186E-01	1.1515E-01	1.1436E-01	1.1092E-01
1.9374E-01	1.6054E-01	1.4405E-01	1.4327E-01	1.3987E-01
2.2408E-01	1.9137E-01	1.7512E-01	1.7435E-01	1.7100E-01
2.5638E-01	2.2420E-01	2.0821E-01	2.0746E-01	2.0417E-01
2.9050E-01	2.5888E-01	2.4318E-01	2.4243E-01	2.3920E-01
3.2625E-01	2.9524E-01	2.7983E-01	2.7910E-01	2.7593E-01
3.6346E-01	3.3309E-01	3.1801E-01	3.1729E-01	3.1419E-01
4.0195E-01	3.7226E-01	3.5752E-01	3.5682E-01	3.5379E-01
4.4153E-01	4.1256E-01	3.9817E-01	3.9749E-01	3.9453E-01
4.8201E-01	4.5380E-01	4.3978E-01	4.3911E-01	4.3623E-01
5.2319E-01	4.9576E-01	4.8213E-01	4.8149E-01	4.7868E-01
5.6486E-01	5.3825E-01	5.2503E-01	5.2440E-01	5.2168E-01
6.0682E-01	5.8106E-01	5.6826E-01	5.6766E-01	5.6502E-01
6.4886E-01	6.2398E-01	6.1163E-01	6.1104E-01	6.0850E-01
6.9078E-01	6.6682E-01	6.5491E-01	6.5435E-01	6.5190E-01
7.3236E-01	7.0935E-01	6.9791E-01	6.9737E-01	6.9502E-01
7.7341E-01	7.5137E-01	7.4042E-01	7.3990E-01	7.3765E-01
8.1373E-01	7.9268E-01	7.8222E-01	7.8173E-01	7.7958E-01
8.5310E-01	8.3308E-01	8.2313E-01	8.2266E-01	8.2062E-01
8.9135E-01	8.7237E-01	8.6295E-01	8.6250E-01	8.6056E-01
9.2827E-01	9.1037E-01	9.0148E-01	9.0106E-01	8.9923E-01
9.6370E-01	9.4689E-01	9.3854E-01	9.3814E-01	9.3642E-01
9.9744E-01	9.8174E-01	9.7395E-01	9.7358E-01	9.7197E-01
1.0293E+00	1.0148E+00	1.0075E+00	1.0072E+00	1.0057E+00
1.0592E+00	1.0458E+00	1.0392E+00	1.0388E+00	1.0375E+00
1.0870E+00	1.0747E+00	1.0687E+00	1.0684E+00	1.0671E+00
1.1124E+00	1.1014E+00	1.0959E+00	1.0956E+00	1.0945E+00
1.1355E+00	1.1256E+00	1.1207E+00	1.1205E+00	1.1195E+00
1.1560E+00	1.1473E+00	1.1430E+00	1.1428E+00	1.1419E+00
1.1739E+00	1.1664E+00	1.1627E+00	1.1625E+00	1.1618E+00
1.1890E+00	1.1828E+00	1.1797E+00	1.1796E+00	1.1789E+00
1.2013E+00	1.1964E+00	1.1939E+00	1.1938E+00	1.1933E+00
1.2108E+00	1.2071E+00	1.2052E+00	1.2051E+00	1.2048E+00
1.2174E+00	1.2149E+00	1.2137E+00	1.2136E+00	1.2133E+00
1.2210E+00	1.2198E+00	1.2191E+00	1.2191E+00	1.2190E+00
1.2217E+00	1.2217E+00	1.2217E+00	1.2217E+00	1.2217E+00
!M	CMTAB
!U	nd
3.0542E-01	3.0542E-01	3.0542E-01	3.0542E-01	3.0542E-01
3.0495E-01	3.0483E-01	3.0474E-01	3.0470E-01	3.0469E-01
3.0358E-01	3.0312E-01	3.0277E-01	3.0259E-01	3.0255E-01
3.0136E-01	3.0033E-01	2.9955E-01	2.9917E-01	2.9907E-01
2.9832E-01	2.9652E-01	2.9517E-01	2.9449E-01	2.9432E-01
2.9451E-01	2.9175E-01	2.8968E-01	2.8864E-01	2.8839E-01
2.8997E-01	2.8608E-01	2.8314E-01	2.8168E-01	2.8132E-01
2.8475E-01	2.7956E-01	2.7564E-01	2.7369E-01	2.7321E-01
2.7890E-01	2.7224E-01	2.6722E-01	2.6473E-01	2.6412E-01
2.7245E-01	2.6419E-01	2.5796E-01	2.5487E-01	2.5413E-01
2.6545E-01	2.5547E-01	2.4793E-01	2.4418E-01	2.4330E-01
2.5794E-01	2.4612E-01	2.3719E-01	2.3274E-01	2.3171E-01
2.4998E-01	2.3620E-01	2.2579E-01	2.2061E-01	2.1943E-01
2.4159E-01	2.2578E-01	2.1382E-01	2.0787E-01	2.0654E-01
2.3283E-01	2.1491E-01	2.0134E-01	1.9459E-01	1.9309E-01
2.2374E-01	2.0363E-01	1.8841E-01	1.8082E-01	1.7918E-01
2.1437E-01	1.9202E-01	1.7509E-01	1.6666E-01	1.6486E-01
2.0475E-01	1.8013E-01	1.6146E-01	1.5216E-01	1.5022E-01
1.9494E-01	1.6801E-01	1.4758E-01	1.3739E-01	1.3532E-01
1.8497E-01	1.5572E-01	1.3351E-01	1.2244E-01	1.2023E-01
1.7489E-01	1.4332E-01	1.1933E-01	1.0736E-01	1.0503E-01
1.6474E-01	1.3086E-01	1.0509E-01	9.2224E-02	8.9790E-02
1.5457E-01	1.1840E-01	9.0860E-02	7.7109E-02	7.4582E-02
1.4443E-01	1.0600E-01	7.6710E-02	6.2081E-02	5.9477E-02
1.3435E-01	9.3707E-02	6.2705E-02	4.7212E-02	4.4548E-02
1.2438E-01	8.1587E-02	4.8909E-02	3.2571E-02	2.9867E-02
1.1457E-01	6.9694E-02	3.5389E-02	1.8230E-02	1.5505E-02
1.0495E-01	5.8083E-02	2.2210E-02	4.2570E-03	1.5360E-03
9.5572E-02	4.6812E-02	9.4380E-03	-9.2760E-03	-1.1969E-02
8.6483E-02	3.5936E-02	-2.8610E-03	-2.2299E-02	-2.4938E-02
7.7724E-02	2.5513E-02	-1.4622E-02	-3.4742E-02	-3.7298E-02
6.9338E-02	1.5598E-02	-2.5778E-02	-4.6535E-02	-4.8978E-02
6.1371E-02	6.2490E-03	-3.6265E-02	-5.7607E-02	-5.9905E-02
5.3865E-02	-2.4780E-03	-4.6015E-02	-6.7888E-02	-7.0008E-02
4.6866E-02	-1.0526E-02	-5.4964E-02	-7.7308E-02	-7.9214E-02
4.0416E-02	-1.7840E-02	-6.3046E-02	-8.5795E-02	-8.7451E-02
3.4561E-02	-2.4361E-02	-7.0194E-02	-9.3281E-02	-9.4647E-02
2.9343E-02	-3.0035E-02	-7.6343E-02	-9.9695E-02	-1.0073E-01
2.4808E-02	-3.4803E-02	-8.1428E-02	-1.0497E-01	-1.0563E-01
2.0998E-02	-3.8611E-02	-8.5382E-02	-1.0902E-01	-1.0927E-01
1.7959E-02	-4.1400E-02	-8.8140E-02	-1.1180E-01	-1.0873E-01
1.5733E-02	-4.1236E-02	-8.1021E-02	-9.8307E-02	-1.0912E-01
1.2916E-02	-4.3700E-02	-1.0097E-01	-1.1755E-01	-1.2529E-01
1.3900E-02	-1.0129E-01	-1.2174E-01	-1.3210E-01	-1.3850E-01
-2.1841E-02	-1.1970E-01	-1.3510E-01	-1.4430E-01	-1.5110E-01
-9.9500E-02	-1.3410E-01	-1.5220E-01	-1.5790E-01	-1.5830E-01
-1.0620E-01	-1.4750E-01	-1.5100E-01	-1.4850E-01	-1.4530E-01
-1.1590E-01	-1.4280E-01	-1.3680E-01	-1.3230E-01	-1.3010E-01
-1.2337E-01	-1.3250E-01	-1.2360E-01	-1.1970E-01	-1.1830E-01
-1.1070E-01	-1.2120E-01	-1.1070E-01	-1.0630E-01	-1.0470E-01
-1.1435E-01	-1.0751E-01	-9.2700E-02	-8.8800E-02	-8.9200E-02
-1.1565E-01	-9.0200E-02	-7.6700E-02	-7.5100E-02	-7.5500E-02
-1.1738E-01	-8.8890E-02	-6.2681E-02	-6.3322E-02	-6.3497E-02
-1.1968E-01	-9.1840E-02	-5.8933E-02	-5.8600E-02	-5.9533E-02
-1.2251E-01	-9.3824E-02	-6.0350E-02	-5.9514E-02	-6.0726E-02
-1.2585E-01	-9.6527E-02	-6.2337E-02	-6.0686E-02	-6.2281E-02
-1.2966E-01	-9.9905E-02	-6.5234E-02	-6.3205E-02	-6.4985E-02
-1.3391E-01	-1.0391E-01	-6.8986E-02	-6.6630E-02	-6.8566E-02
-1.3856E-01	-1.0851E-01	-7.3536E-02	-7.0904E-02	-7.2967E-02
-1.4358E-01	-1.1365E-01	-7.8828E-02	-7.5966E-02	-7.8131E-02
-1.4895E-01	-1.1929E-01	-8.4806E-02	-8.1760E-02	-8.4001E-02
-1.5462E-01	-1.2539E-01	-9.1415E-02	-8.8226E-02	-9.0520E-02
-1.6056E-01	-1.3190E-01	-9.8599E-02	-9.5306E-02	-9.7630E-02
-1.6675E-01	-1.3879E-01	-1.0630E-01	-1.0294E-01	-1.0528E-01
-1.7314E-01	-1.4600E-01	-1.1446E-01	-1.1107E-01	-1.1340E-01
-1.7971E-01	-1.5349E-01	-1.2303E-01	-1.1965E-01	-1.2194E-01
-1.8643E-01	-1.6122E-01	-1.3195E-01	-1.2860E-01	-1.3085E-01
-1.9325E-01	-1.6915E-01	-1.4117E-01	-1.3787E-01	-1.4006E-01
-2.0015E-01	-1.7723E-01	-1.5062E-01	-1.4741E-01	-1.4953E-01
-2.0710E-01	-1.8542E-01	-1.6026E-01	-1.5715E-01	-1.5919E-01
-2.1406E-01	-1.9367E-01	-1.7001E-01	-1.6703E-01	-1.6898E-01
-2.2100E-01	-2.0195E-01	-1.7985E-01	-1.7701E-01	-1.7885E-01
-2.2788E-01	-2.1020E-01	-1.8969E-01	-1.8701E-01	-1.8874E-01
-2.3468E-01	-2.1839E-01	-1.9949E-01	-1.9698E-01	-1.9860E-01
-2.4136E-01	-2.2647E-01	-2.0920E-01	-2.0687E-01	-2.0836E-01
-2.4789E-01	-2.3440E-01	-2.1875E-01	-2.1661E-01	-2.1797E-01
-2.5424E-01	-2.4213E-01	-2.2809E-01	-2.2615E-01	-2.2738E-01
-2.6037E-01	-2.4962E-01	-2.3716E-01	-2.3542E-01	-2.3652E-01
-2.6624E-01	-2.5683E-01	-2.4591E-01	-2.4437E-01	-2.4535E-01
-2.7184E-01	-2.6371E-01	-2.5429E-01	-2.5294E-01	-2.5379E-01
-2.7712E-01	-2.7022E-01	-2.6223E-01	-2.6108E-01	-2.6180E-01
-2.8206E-01	-2.7632E-01	-2.6968E-01	-2.6871E-01	-2.6932E-01
-2.8661E-01	-2.8196E-01	-2.7658E-01	-2.7579E-01	-2.7628E-01
-2.9075E-01	-2.8710E-01	-2.8288E-01	-2.8226E-01	-2.8265E-01
-2.9445E-01	-2.9170E-01	-2.8852E-01	-2.8805E-01	-2.8835E-01
-2.9766E-01	-2.9571E-01	-2.9345E-01	-2.9311E-01	-2.9332E-01
-3.0036E-01	-2.9909E-01	-2.9761E-01	-2.9739E-01	-2.9752E-01
-3.0253E-01	-3.0179E-01	-3.0094E-01	-3.0081E-01	-3.0089E-01
-3.0411E-01	-3.0378E-01	-3.0339E-01	-3.0333E-01	-3.0337E-01
-3.0508E-01	-3.0500E-01	-3.0490E-01	-3.0489E-01	-3.0489E-01
-3.0542E-01	-3.0542E-01	-3.0542E-01	-3.0542E-01	-3.0542E-01
