!T	AOACL
!U	deg
-90	
-88	
-86	
-84	
-82	
-80	
-78	
-76	
-74	
-72	
-70	
-68	
-66	
-64	
-62	
-60	
-58	
-56	
-54	
-52	
-50	
-48	
-46	
-44	
-42	
-40	
-38	
-36	
-34	
-32	
-30	
-28	
-26	
-24	
-22	
-20	
-18	
-16	
-14	
-12	
-10	
-8	
-6	
-4	
-2	
0	
2	
4	
6	
8	
10	
12	
14	
16	
18	
20	
22	
24	
26	
28	
30	
32	
34	
36	
38	
40	
42	
44	
46	
48	
50	
52	
54	
56	
58	
60	
62	
64	
66	
68	
70	
72	
74	
76	
78	
80	
82	
84	
86	
88	
90	
!T	AOACD
!U	deg
-90	
-88	
-86	
-84	
-82	
-80	
-78	
-76	
-74	
-72	
-70	
-68	
-66	
-64	
-62	
-60	
-58	
-56	
-54	
-52	
-50	
-48	
-46	
-44	
-42	
-40	
-38	
-36	
-34	
-32	
-30	
-28	
-26	
-24	
-22	
-20	
-18	
-16	
-14	
-12	
-10	
-8	
-6	
-4	
-2	
0	
2	
4	
6	
8	
10	
12	
14	
16	
18	
20	
22	
24	
26	
28	
30	
32	
34	
36	
38	
40	
42	
44	
46	
48	
50	
52	
54	
56	
58	
60	
62	
64	
66	
68	
70	
72	
74	
76	
78	
80	
82	
84	
86	
88	
90	
!T	AOACM
!U	deg
-90	
-88	
-86	
-84	
-82	
-80	
-78	
-76	
-74	
-72	
-70	
-68	
-66	
-64	
-62	
-60	
-58	
-56	
-54	
-52	
-50	
-48	
-46	
-44	
-42	
-40	
-38	
-36	
-34	
-32	
-30	
-28	
-26	
-24	
-22	
-20	
-18	
-16	
-14	
-12	
-10	
-8	
-6	
-4	
-2	
0	
2	
4	
6	
8	
10	
12	
14	
16	
18	
20	
22	
24	
26	
28	
30	
32	
34	
36	
38	
40	
42	
44	
46	
48	
50	
52	
54	
56	
58	
60	
62	
64	
66	
68	
70	
72	
74	
76	
78	
80	
82	
84	
86	
88	
90	
!T	RECL
!U	nd
50000	
100000	
150000	
200000	
250000	
!T	RECD
!U	nd
50000	
100000	
150000	
200000	
250000	
!T	RECM
!U	nd
50000	
100000	
150000	
200000	
250000	
!M	CLTAB
!U	nd
-0.0000E+00	-0.0000E+00	-0.0000E+00	-0.0000E+00	-0.0000E+00
-4.3718E-02	-4.3719E-02	-4.3713E-02	-4.3717E-02	-4.3711E-02
-8.7289E-02	-8.7293E-02	-8.7271E-02	-8.7287E-02	-8.7261E-02
-1.3050E-01	-1.3051E-01	-1.3046E-01	-1.3050E-01	-1.3044E-01
-1.7314E-01	-1.7316E-01	-1.7307E-01	-1.7314E-01	-1.7304E-01
-2.1502E-01	-2.1504E-01	-2.1491E-01	-2.1500E-01	-2.1485E-01
-2.5591E-01	-2.5595E-01	-2.5575E-01	-2.5589E-01	-2.5566E-01
-2.9563E-01	-2.9569E-01	-2.9541E-01	-2.9561E-01	-2.9530E-01
-3.3399E-01	-3.3406E-01	-3.3371E-01	-3.3396E-01	-3.3355E-01
-3.7081E-01	-3.7090E-01	-3.7045E-01	-3.7077E-01	-3.7025E-01
-4.0591E-01	-4.0602E-01	-4.0545E-01	-4.0585E-01	-4.0521E-01
-4.3911E-01	-4.3925E-01	-4.3856E-01	-4.3905E-01	-4.3827E-01
-4.7028E-01	-4.7044E-01	-4.6962E-01	-4.7021E-01	-4.6927E-01
-4.9926E-01	-4.9945E-01	-4.9849E-01	-4.9917E-01	-4.9806E-01
-5.2592E-01	-5.2614E-01	-5.2502E-01	-5.2582E-01	-5.2452E-01
-5.5014E-01	-5.5039E-01	-5.4909E-01	-5.5002E-01	-5.4852E-01
-5.7181E-01	-5.7210E-01	-5.7061E-01	-5.7167E-01	-5.6995E-01
-5.9083E-01	-5.9116E-01	-5.8946E-01	-5.9067E-01	-5.8872E-01
-6.0713E-01	-6.0750E-01	-6.0558E-01	-6.0695E-01	-6.0474E-01
-6.2063E-01	-6.2106E-01	-6.1889E-01	-6.2043E-01	-6.1794E-01
-6.3129E-01	-6.3177E-01	-6.2934E-01	-6.3107E-01	-6.2828E-01
-6.3908E-01	-6.3962E-01	-6.3689E-01	-6.3883E-01	-6.3571E-01
-6.4398E-01	-6.4457E-01	-6.4154E-01	-6.4370E-01	-6.4022E-01
-6.4598E-01	-6.4663E-01	-6.4327E-01	-6.4567E-01	-6.4181E-01
-6.4510E-01	-6.4583E-01	-6.4210E-01	-6.4476E-01	-6.4048E-01
-6.4138E-01	-6.4219E-01	-6.3807E-01	-6.4100E-01	-6.3627E-01
-6.3487E-01	-6.3577E-01	-6.3121E-01	-6.3446E-01	-6.2923E-01
-6.2566E-01	-6.2664E-01	-6.2162E-01	-6.2520E-01	-6.1942E-01
-6.1383E-01	-6.1491E-01	-6.0937E-01	-6.1332E-01	-6.0695E-01
-5.9951E-01	-6.0071E-01	-5.9458E-01	-5.9894E-01	-5.9191E-01
-5.8284E-01	-5.8417E-01	-5.7740E-01	-5.8222E-01	-5.7444E-01
-5.6401E-01	-5.6548E-01	-5.5798E-01	-5.6333E-01	-5.5472E-01
-5.4324E-01	-5.4487E-01	-5.3655E-01	-5.4248E-01	-5.3292E-01
-5.2078E-01	-5.2260E-01	-5.1334E-01	-5.1994E-01	-5.0930E-01
-4.9698E-01	-4.9901E-01	-4.8865E-01	-4.9603E-01	-4.8413E-01
-4.7224E-01	-4.7452E-01	-4.6287E-01	-4.7118E-01	-4.5779E-01
-4.4712E-01	-4.4971E-01	-4.3649E-01	-4.4591E-01	-4.3073E-01
-4.2236E-01	-4.2532E-01	-4.1019E-01	-4.2097E-01	-4.0359E-01
-3.9906E-01	-4.0250E-01	-3.8494E-01	-3.9746E-01	-3.7728E-01
-3.7895E-01	-3.8302E-01	-3.6224E-01	-3.7705E-01	-3.5319E-01
-3.6496E-01	-3.6990E-01	-3.4469E-01	-3.5998E-01	-3.3229E-01
-3.6078E-01	-3.6522E-01	-3.3803E-01	-3.5597E-01	-3.1728E-01
-3.8926E-01	-3.8262E-01	-3.5130E-01	-3.1335E-01	-2.7045E-01
-2.7599E-01	-2.0502E-01	-9.6333E-02	-8.9000E-03	3.0200E-02
-4.4600E-02	1.2780E-01	2.2360E-01	2.5780E-01	2.6705E-01
1.6730E-01	4.2530E-01	4.7640E-01	4.8240E-01	4.7287E-01
4.7790E-01	6.7420E-01	6.9100E-01	6.9360E-01	6.8740E-01
7.0790E-01	8.8900E-01	8.8770E-01	8.8560E-01	8.8440E-01
1.0112E+00	1.0790E+00	1.0851E+00	1.0869E+00	1.0849E+00
1.1465E+00	1.2207E+00	1.2237E+00	1.2188E+00	1.1801E+00
9.9054E-01	1.2533E+00	1.1069E+00	1.0812E+00	1.0252E+00
8.9299E-01	1.1098E+00	9.7347E-01	9.5498E-01	9.1270E-01
8.3378E-01	1.0112E+00	9.0184E-01	8.8620E-01	8.5045E-01
7.9683E-01	9.4963E-01	8.5545E-01	8.4198E-01	8.1119E-01
7.7408E-01	9.0750E-01	8.2527E-01	8.1351E-01	7.8662E-01
7.6064E-01	8.7831E-01	8.0579E-01	7.9541E-01	7.7170E-01
7.5333E-01	8.5793E-01	7.9346E-01	7.8424E-01	7.6316E-01
7.4999E-01	8.4351E-01	7.8587E-01	7.7762E-01	7.5878E-01
7.4909E-01	8.3308E-01	7.8131E-01	7.7391E-01	7.5698E-01
7.4950E-01	8.2520E-01	7.7855E-01	7.7187E-01	7.5662E-01
7.5040E-01	8.1877E-01	7.7663E-01	7.7060E-01	7.5682E-01
7.5111E-01	8.1297E-01	7.7484E-01	7.6939E-01	7.5692E-01
7.5112E-01	8.0715E-01	7.7262E-01	7.6768E-01	7.5639E-01
7.5004E-01	8.0080E-01	7.6952E-01	7.6504E-01	7.5481E-01
7.4754E-01	7.9351E-01	7.6518E-01	7.6113E-01	7.5186E-01
7.4336E-01	7.8497E-01	7.5932E-01	7.5565E-01	7.4727E-01
7.3729E-01	7.7491E-01	7.5173E-01	7.4841E-01	7.4083E-01
7.2918E-01	7.6314E-01	7.4221E-01	7.3922E-01	7.3237E-01
7.1891E-01	7.4949E-01	7.3064E-01	7.2795E-01	7.2178E-01
7.0638E-01	7.3384E-01	7.1692E-01	7.1450E-01	7.0896E-01
6.9154E-01	7.1613E-01	7.0098E-01	6.9881E-01	6.9385E-01
6.7436E-01	6.9629E-01	6.8277E-01	6.8084E-01	6.7642E-01
6.5483E-01	6.7429E-01	6.6230E-01	6.6058E-01	6.5666E-01
6.3296E-01	6.5015E-01	6.3956E-01	6.3804E-01	6.3458E-01
6.0880E-01	6.2389E-01	6.1459E-01	6.1326E-01	6.1021E-01
5.8239E-01	5.9554E-01	5.8743E-01	5.8627E-01	5.8362E-01
5.5381E-01	5.6518E-01	5.5817E-01	5.5717E-01	5.5488E-01
5.2314E-01	5.3289E-01	5.2689E-01	5.2602E-01	5.2406E-01
4.9051E-01	4.9876E-01	4.9368E-01	4.9295E-01	4.9129E-01
4.5602E-01	4.6292E-01	4.5867E-01	4.5806E-01	4.5667E-01
4.1981E-01	4.2549E-01	4.2199E-01	4.2149E-01	4.2034E-01
3.8203E-01	3.8660E-01	3.8378E-01	3.8338E-01	3.8246E-01
3.4282E-01	3.4643E-01	3.4421E-01	3.4389E-01	3.4316E-01
3.0237E-01	3.0512E-01	3.0343E-01	3.0318E-01	3.0263E-01
2.6085E-01	2.6286E-01	2.6162E-01	2.6144E-01	2.6104E-01
2.1844E-01	2.1983E-01	2.1897E-01	2.1885E-01	2.1857E-01
1.7533E-01	1.7622E-01	1.7567E-01	1.7559E-01	1.7541E-01
1.3173E-01	1.3223E-01	1.3192E-01	1.3188E-01	1.3178E-01
8.7833E-02	8.8056E-02	8.7919E-02	8.7899E-02	8.7854E-02
4.3854E-02	4.3909E-02	4.3875E-02	4.3870E-02	4.3859E-02
0.0000E+00	0.0000E+00	0.0000E+00	0.0000E+00	0.0000E+00
!M	CDTAB
!U	nd
1.2525E+00	1.2525E+00	1.2525E+00	1.2525E+00	1.2525E+00
1.2534E+00	1.2529E+00	1.2526E+00	1.2533E+00	1.2531E+00
1.2512E+00	1.2502E+00	1.2497E+00	1.2510E+00	1.2506E+00
1.2460E+00	1.2445E+00	1.2437E+00	1.2457E+00	1.2451E+00
1.2377E+00	1.2358E+00	1.2348E+00	1.2374E+00	1.2367E+00
1.2266E+00	1.2242E+00	1.2229E+00	1.2262E+00	1.2252E+00
1.2126E+00	1.2097E+00	1.2082E+00	1.2120E+00	1.2109E+00
1.1957E+00	1.1924E+00	1.1906E+00	1.1951E+00	1.1938E+00
1.1762E+00	1.1723E+00	1.1703E+00	1.1755E+00	1.1740E+00
1.1540E+00	1.1497E+00	1.1475E+00	1.1532E+00	1.1516E+00
1.1293E+00	1.1246E+00	1.1221E+00	1.1285E+00	1.1267E+00
1.1023E+00	1.0971E+00	1.0944E+00	1.1014E+00	1.0994E+00
1.0731E+00	1.0674E+00	1.0645E+00	1.0721E+00	1.0699E+00
1.0418E+00	1.0357E+00	1.0325E+00	1.0407E+00	1.0383E+00
1.0085E+00	1.0020E+00	9.9857E-01	1.0073E+00	1.0049E+00
9.7353E-01	9.6660E-01	9.6294E-01	9.7229E-01	9.6965E-01
9.3698E-01	9.2964E-01	9.2575E-01	9.3566E-01	9.3286E-01
8.9904E-01	8.9130E-01	8.8720E-01	8.9766E-01	8.9470E-01
8.5992E-01	8.5178E-01	8.4747E-01	8.5847E-01	8.5536E-01
8.1981E-01	8.1128E-01	8.0677E-01	8.1828E-01	8.1503E-01
7.7890E-01	7.7000E-01	7.6529E-01	7.7731E-01	7.7392E-01
7.3742E-01	7.2815E-01	7.2325E-01	7.3576E-01	7.3223E-01
6.9556E-01	6.8593E-01	6.8085E-01	6.9384E-01	6.9017E-01
6.5353E-01	6.4357E-01	6.3830E-01	6.5175E-01	6.4795E-01
6.1155E-01	6.0126E-01	5.9581E-01	6.0971E-01	6.0579E-01
5.6983E-01	5.5922E-01	5.5361E-01	5.6793E-01	5.6389E-01
5.2858E-01	5.1766E-01	5.1189E-01	5.2662E-01	5.2246E-01
4.8799E-01	4.7679E-01	4.7086E-01	4.8599E-01	4.8171E-01
4.4828E-01	4.3680E-01	4.3073E-01	4.4623E-01	4.4185E-01
4.0965E-01	3.9790E-01	3.9169E-01	4.0755E-01	4.0307E-01
3.7228E-01	3.6029E-01	3.5394E-01	3.7014E-01	3.6556E-01
3.3637E-01	3.2414E-01	3.1767E-01	3.3418E-01	3.2952E-01
3.0209E-01	2.8964E-01	2.8305E-01	2.9986E-01	2.9511E-01
2.6961E-01	2.5696E-01	2.5027E-01	2.6735E-01	2.6252E-01
2.3910E-01	2.2626E-01	2.1946E-01	2.3680E-01	2.3191E-01
2.1071E-01	1.9769E-01	1.9081E-01	2.0838E-01	2.0341E-01
1.8457E-01	1.7140E-01	1.6443E-01	1.8222E-01	1.7719E-01
1.6082E-01	1.4751E-01	1.4047E-01	1.5844E-01	1.5337E-01
1.3959E-01	1.2615E-01	1.1904E-01	1.3718E-01	1.3206E-01
1.2096E-01	1.0741E-01	1.0025E-01	1.1854E-01	1.1337E-01
1.0504E-01	9.1399E-02	8.4184E-02	1.0288E-01	9.5813E-02
9.2588E-02	8.1486E-02	7.2946E-02	9.5457E-02	8.0535E-02
8.3346E-02	6.5424E-02	6.0560E-02	5.2153E-02	4.3177E-02
4.2578E-02	2.4540E-02	2.1407E-02	1.5930E-02	1.3680E-02
2.8800E-02	2.0840E-02	1.5240E-02	1.2210E-02	1.0755E-02
2.7430E-02	1.7470E-02	1.1800E-02	9.4100E-03	8.2870E-03
3.4770E-02	1.6780E-02	1.1940E-02	1.0060E-02	9.0400E-03
4.1330E-02	1.6890E-02	1.2920E-02	1.1520E-02	1.0730E-02
3.9802E-02	1.8030E-02	1.4969E-02	1.4263E-02	1.3961E-02
2.4603E-02	2.5372E-02	2.2247E-02	2.0937E-02	1.5960E-02
3.6446E-02	5.4701E-02	3.2929E-02	3.2642E-02	2.8509E-02
5.1904E-02	7.0981E-02	5.0953E-02	5.0387E-02	4.5944E-02
7.1083E-02	9.0778E-02	7.0141E-02	6.9579E-02	6.5171E-02
9.2960E-02	1.1247E-01	9.2026E-02	9.1469E-02	8.7103E-02
1.1743E-01	1.3673E-01	1.1650E-01	1.1595E-01	1.1163E-01
1.4436E-01	1.6344E-01	1.4345E-01	1.4291E-01	1.3864E-01
1.7364E-01	1.9246E-01	1.7274E-01	1.7220E-01	1.6799E-01
2.0512E-01	2.2366E-01	2.0423E-01	2.0370E-01	1.9955E-01
2.3863E-01	2.5688E-01	2.3776E-01	2.3724E-01	2.3316E-01
2.7403E-01	2.9196E-01	2.7318E-01	2.7266E-01	2.6865E-01
3.1114E-01	3.2872E-01	3.1030E-01	3.0980E-01	3.0587E-01
3.4978E-01	3.6699E-01	3.4895E-01	3.4846E-01	3.4461E-01
3.8975E-01	4.0658E-01	3.8895E-01	3.8847E-01	3.8470E-01
4.3088E-01	4.4730E-01	4.3009E-01	4.2962E-01	4.2595E-01
4.7294E-01	4.8894E-01	4.7218E-01	4.7172E-01	4.6814E-01
5.1575E-01	5.3130E-01	5.1500E-01	5.1456E-01	5.1108E-01
5.5909E-01	5.7417E-01	5.5837E-01	5.5793E-01	5.5456E-01
6.0275E-01	6.1735E-01	6.0205E-01	6.0163E-01	5.9836E-01
6.4651E-01	6.6061E-01	6.4584E-01	6.4544E-01	6.4228E-01
6.9018E-01	7.0376E-01	6.8953E-01	6.8914E-01	6.8610E-01
7.3352E-01	7.4657E-01	7.3290E-01	7.3253E-01	7.2961E-01
7.7634E-01	7.8884E-01	7.7574E-01	7.7539E-01	7.7259E-01
8.1842E-01	8.3035E-01	8.1785E-01	8.1751E-01	8.1484E-01
8.5957E-01	8.7091E-01	8.5902E-01	8.5870E-01	8.5616E-01
8.9956E-01	9.1032E-01	8.9905E-01	8.9874E-01	8.9634E-01
9.3823E-01	9.4838E-01	9.3774E-01	9.3745E-01	9.3518E-01
9.7537E-01	9.8490E-01	9.7491E-01	9.7464E-01	9.7251E-01
1.0108E+00	1.0197E+00	1.0104E+00	1.0101E+00	1.0081E+00
1.0444E+00	1.0526E+00	1.0440E+00	1.0437E+00	1.0419E+00
1.0759E+00	1.0835E+00	1.0755E+00	1.0753E+00	1.0736E+00
1.1052E+00	1.1121E+00	1.1049E+00	1.1047E+00	1.1031E+00
1.1322E+00	1.1385E+00	1.1319E+00	1.1317E+00	1.1303E+00
1.1567E+00	1.1623E+00	1.1564E+00	1.1563E+00	1.1550E+00
1.1786E+00	1.1835E+00	1.1784E+00	1.1783E+00	1.1772E+00
1.1979E+00	1.2021E+00	1.1977E+00	1.1976E+00	1.1966E+00
1.2143E+00	1.2179E+00	1.2142E+00	1.2141E+00	1.2133E+00
1.2279E+00	1.2307E+00	1.2278E+00	1.2277E+00	1.2271E+00
1.2386E+00	1.2407E+00	1.2385E+00	1.2384E+00	1.2379E+00
1.2462E+00	1.2477E+00	1.2462E+00	1.2461E+00	1.2458E+00
1.2509E+00	1.2516E+00	1.2509E+00	1.2508E+00	1.2507E+00
1.2525E+00	1.2525E+00	1.2525E+00	1.2525E+00	1.2525E+00
!M	CMTAB
!U	nd
3.1312E-01	3.1312E-01	3.1312E-01	3.1312E-01	3.1312E-01
3.1257E-01	3.1254E-01	3.1253E-01	3.1252E-01	3.1250E-01
3.1093E-01	3.1082E-01	3.1078E-01	3.1077E-01	3.1065E-01
3.0827E-01	3.0802E-01	3.0794E-01	3.0790E-01	3.0766E-01
3.0464E-01	3.0420E-01	3.0407E-01	3.0400E-01	3.0357E-01
3.0010E-01	2.9941E-01	2.9921E-01	2.9912E-01	2.9846E-01
2.9469E-01	2.9372E-01	2.9344E-01	2.9331E-01	2.9238E-01
2.8847E-01	2.8718E-01	2.8680E-01	2.8665E-01	2.8540E-01
2.8149E-01	2.7985E-01	2.7935E-01	2.7917E-01	2.7758E-01
2.7382E-01	2.7178E-01	2.7116E-01	2.7096E-01	2.6898E-01
2.6549E-01	2.6304E-01	2.6227E-01	2.6205E-01	2.5967E-01
2.5657E-01	2.5367E-01	2.5275E-01	2.5252E-01	2.4971E-01
2.4711E-01	2.4374E-01	2.4266E-01	2.4243E-01	2.3917E-01
2.3716E-01	2.3330E-01	2.3205E-01	2.3182E-01	2.2809E-01
2.2678E-01	2.2241E-01	2.2098E-01	2.2077E-01	2.1656E-01
2.1602E-01	2.1113E-01	2.0950E-01	2.0933E-01	2.0462E-01
2.0494E-01	1.9952E-01	1.9768E-01	1.9756E-01	1.9235E-01
1.9358E-01	1.8762E-01	1.8557E-01	1.8552E-01	1.7980E-01
1.8201E-01	1.7551E-01	1.7323E-01	1.7326E-01	1.6705E-01
1.7027E-01	1.6323E-01	1.6072E-01	1.6086E-01	1.5414E-01
1.5842E-01	1.5084E-01	1.4810E-01	1.4836E-01	1.4114E-01
1.4651E-01	1.3841E-01	1.3541E-01	1.3583E-01	1.2813E-01
1.3459E-01	1.2598E-01	1.2273E-01	1.2333E-01	1.1515E-01
1.2273E-01	1.1361E-01	1.1010E-01	1.1091E-01	1.0227E-01
1.1098E-01	1.0137E-01	9.7590E-02	9.8630E-02	8.9561E-02
9.9378E-02	8.9304E-02	8.5251E-02	8.6558E-02	7.7076E-02
8.7990E-02	7.7474E-02	7.3143E-02	7.4750E-02	6.4882E-02
7.6868E-02	6.5937E-02	6.1322E-02	6.3264E-02	5.3041E-02
6.6064E-02	5.4750E-02	4.9847E-02	5.2160E-02	4.1615E-02
5.5634E-02	4.3970E-02	3.8775E-02	4.1497E-02	3.0668E-02
4.5630E-02	3.3653E-02	2.8163E-02	3.1334E-02	2.0262E-02
3.6106E-02	2.3858E-02	1.8070E-02	2.1730E-02	1.0459E-02
2.7116E-02	1.4641E-02	8.5520E-03	1.2745E-02	1.3230E-03
1.8714E-02	6.0600E-03	-3.3300E-04	4.4380E-03	-7.0840E-03
1.0954E-02	-1.8300E-03	-8.5270E-03	-3.1310E-03	-1.4699E-02
3.8880E-03	-8.9690E-03	-1.5972E-02	-9.9040E-03	-2.1459E-02
-2.4280E-03	-1.5302E-02	-2.2612E-02	-1.5820E-02	-2.7302E-02
-7.9420E-03	-2.0771E-02	-2.8388E-02	-2.0822E-02	-3.2165E-02
-1.2600E-02	-2.5320E-02	-3.3243E-02	-2.4849E-02	-3.5985E-02
-1.6347E-02	-2.8890E-02	-3.7119E-02	-2.7842E-02	-3.8699E-02
-1.9131E-02	-3.1426E-02	-3.9959E-02	-3.0050E-02	-4.0300E-02
-2.1210E-02	-3.2014E-02	-4.0806E-02	-2.9007E-02	-4.4405E-02
-1.9888E-02	-3.5146E-02	-4.2300E-02	-5.3877E-02	-7.0500E-02
-4.9657E-02	-6.0159E-02	-7.9893E-02	-9.3700E-02	-1.0040E-01
-5.8700E-02	-8.7600E-02	-1.0160E-01	-1.0510E-01	-1.0525E-01
-6.5500E-02	-1.0300E-01	-1.0660E-01	-1.0510E-01	-1.0373E-01
-9.3000E-02	-1.0680E-01	-1.0470E-01	-1.0270E-01	-1.0140E-01
-1.0080E-01	-1.0280E-01	-9.9000E-02	-9.8100E-02	-9.7800E-02
-9.7497E-02	-9.4800E-02	-9.2848E-02	-9.1329E-02	-9.0122E-02
-8.0830E-02	-7.5579E-02	-7.6839E-02	-7.9444E-02	-7.7900E-02
-8.8588E-02	-5.7204E-02	-7.5501E-02	-7.8882E-02	-7.8282E-02
-9.0234E-02	-5.7767E-02	-7.6578E-02	-8.0035E-02	-7.9525E-02
-9.2267E-02	-5.9277E-02	-7.8403E-02	-8.1918E-02	-8.1494E-02
-9.4968E-02	-6.1615E-02	-8.0971E-02	-8.4524E-02	-8.4180E-02
-9.8298E-02	-6.4758E-02	-8.4241E-02	-8.7812E-02	-8.7542E-02
-1.0222E-01	-6.8659E-02	-8.8169E-02	-9.1742E-02	-9.1538E-02
-1.0669E-01	-7.3270E-02	-9.2714E-02	-9.6272E-02	-9.6129E-02
-1.1168E-01	-7.8543E-02	-9.7834E-02	-1.0136E-01	-1.0127E-01
-1.1714E-01	-8.4431E-02	-1.0349E-01	-1.0697E-01	-1.0693E-01
-1.2305E-01	-9.0887E-02	-1.0963E-01	-1.1305E-01	-1.1305E-01
-1.2935E-01	-9.7863E-02	-1.1622E-01	-1.1957E-01	-1.1961E-01
-1.3601E-01	-1.0531E-01	-1.2322E-01	-1.2648E-01	-1.2656E-01
-1.4299E-01	-1.1318E-01	-1.3058E-01	-1.3375E-01	-1.3385E-01
-1.5025E-01	-1.2144E-01	-1.3826E-01	-1.4132E-01	-1.4145E-01
-1.5776E-01	-1.3001E-01	-1.4622E-01	-1.4917E-01	-1.4932E-01
-1.6548E-01	-1.3888E-01	-1.5442E-01	-1.5725E-01	-1.5741E-01
-1.7337E-01	-1.4797E-01	-1.6281E-01	-1.6551E-01	-1.6568E-01
-1.8138E-01	-1.5726E-01	-1.7136E-01	-1.7392E-01	-1.7410E-01
-1.8949E-01	-1.6668E-01	-1.8002E-01	-1.8244E-01	-1.8263E-01
-1.9765E-01	-1.7620E-01	-1.8874E-01	-1.9102E-01	-1.9121E-01
-2.0582E-01	-1.8576E-01	-1.9749E-01	-1.9963E-01	-1.9981E-01
-2.1397E-01	-1.9532E-01	-2.0623E-01	-2.0821E-01	-2.0840E-01
-2.2206E-01	-2.0483E-01	-2.1491E-01	-2.1674E-01	-2.1692E-01
-2.3004E-01	-2.1423E-01	-2.2349E-01	-2.2517E-01	-2.2534E-01
-2.3789E-01	-2.2350E-01	-2.3192E-01	-2.3345E-01	-2.3362E-01
-2.4556E-01	-2.3257E-01	-2.4017E-01	-2.4155E-01	-2.4171E-01
-2.5301E-01	-2.4140E-01	-2.4820E-01	-2.4943E-01	-2.4957E-01
-2.6021E-01	-2.4994E-01	-2.5595E-01	-2.5705E-01	-2.5717E-01
-2.6711E-01	-2.5815E-01	-2.6340E-01	-2.6435E-01	-2.6447E-01
-2.7369E-01	-2.6597E-01	-2.7049E-01	-2.7131E-01	-2.7141E-01
-2.7989E-01	-2.7336E-01	-2.7719E-01	-2.7788E-01	-2.7797E-01
-2.8569E-01	-2.8027E-01	-2.8345E-01	-2.8402E-01	-2.8410E-01
-2.9103E-01	-2.8666E-01	-2.8923E-01	-2.8969E-01	-2.8975E-01
-2.9590E-01	-2.9247E-01	-2.9448E-01	-2.9485E-01	-2.9490E-01
-3.0024E-01	-2.9767E-01	-2.9918E-01	-2.9945E-01	-2.9949E-01
-3.0401E-01	-3.0219E-01	-3.0326E-01	-3.0345E-01	-3.0348E-01
-3.0719E-01	-3.0600E-01	-3.0670E-01	-3.0683E-01	-3.0684E-01
-3.0973E-01	-3.0905E-01	-3.0945E-01	-3.0952E-01	-3.0953E-01
-3.1159E-01	-3.1128E-01	-3.1146E-01	-3.1150E-01	-3.1150E-01
-3.1273E-01	-3.1266E-01	-3.1270E-01	-3.1271E-01	-3.1271E-01
-3.1312E-01	-3.1312E-01	-3.1312E-01	-3.1312E-01	-3.1312E-01
