!T	AOACL
!U	deg
-90	
-88	
-86	
-84	
-82	
-80	
-78	
-76	
-74	
-72	
-70	
-68	
-66	
-64	
-62	
-60	
-58	
-56	
-54	
-52	
-50	
-48	
-46	
-44	
-42	
-40	
-38	
-36	
-34	
-32	
-30	
-28	
-26	
-24	
-22	
-20	
-18	
-16	
-14	
-12	
-10	
-8	
-6	
-4	
-2	
0	
2	
4	
6	
8	
10	
12	
14	
16	
18	
20	
22	
24	
26	
28	
30	
32	
34	
36	
38	
40	
42	
44	
46	
48	
50	
52	
54	
56	
58	
60	
62	
64	
66	
68	
70	
72	
74	
76	
78	
80	
82	
84	
86	
88	
90	
!T	AOACD
!U	deg
-90	
-88	
-86	
-84	
-82	
-80	
-78	
-76	
-74	
-72	
-70	
-68	
-66	
-64	
-62	
-60	
-58	
-56	
-54	
-52	
-50	
-48	
-46	
-44	
-42	
-40	
-38	
-36	
-34	
-32	
-30	
-28	
-26	
-24	
-22	
-20	
-18	
-16	
-14	
-12	
-10	
-8	
-6	
-4	
-2	
0	
2	
4	
6	
8	
10	
12	
14	
16	
18	
20	
22	
24	
26	
28	
30	
32	
34	
36	
38	
40	
42	
44	
46	
48	
50	
52	
54	
56	
58	
60	
62	
64	
66	
68	
70	
72	
74	
76	
78	
80	
82	
84	
86	
88	
90	
!T	AOACM
!U	deg
-90	
-88	
-86	
-84	
-82	
-80	
-78	
-76	
-74	
-72	
-70	
-68	
-66	
-64	
-62	
-60	
-58	
-56	
-54	
-52	
-50	
-48	
-46	
-44	
-42	
-40	
-38	
-36	
-34	
-32	
-30	
-28	
-26	
-24	
-22	
-20	
-18	
-16	
-14	
-12	
-10	
-8	
-6	
-4	
-2	
0	
2	
4	
6	
8	
10	
12	
14	
16	
18	
20	
22	
24	
26	
28	
30	
32	
34	
36	
38	
40	
42	
44	
46	
48	
50	
52	
54	
56	
58	
60	
62	
64	
66	
68	
70	
72	
74	
76	
78	
80	
82	
84	
86	
88	
90	
!T	RECL
!U	nd
50000	
100000	
150000	
200000	
250000	
!T	RECD
!U	nd
50000	
100000	
150000	
200000	
250000	
!T	RECM
!U	nd
50000	
100000	
150000	
200000	
250000	
!M	CLTAB
!U	nd
-0.0000E+00	-0.0000E+00	-0.0000E+00	-0.0000E+00	-0.0000E+00
-4.2631E-02	-4.2637E-02	-4.2646E-02	-4.2634E-02	-4.2643E-02
-8.5099E-02	-8.5123E-02	-8.5157E-02	-8.5110E-02	-8.5144E-02
-1.2720E-01	-1.2725E-01	-1.2733E-01	-1.2722E-01	-1.2730E-01
-1.6872E-01	-1.6881E-01	-1.6895E-01	-1.6876E-01	-1.6890E-01
-2.0946E-01	-2.0962E-01	-2.0983E-01	-2.0954E-01	-2.0975E-01
-2.4924E-01	-2.4946E-01	-2.4977E-01	-2.4935E-01	-2.4965E-01
-2.8785E-01	-2.8814E-01	-2.8857E-01	-2.8799E-01	-2.8841E-01
-3.2510E-01	-3.2549E-01	-3.2605E-01	-3.2530E-01	-3.2584E-01
-3.6083E-01	-3.6133E-01	-3.6204E-01	-3.6108E-01	-3.6177E-01
-3.9486E-01	-3.9548E-01	-3.9636E-01	-3.9516E-01	-3.9603E-01
-4.2702E-01	-4.2777E-01	-4.2884E-01	-4.2739E-01	-4.2844E-01
-4.5717E-01	-4.5807E-01	-4.5935E-01	-4.5761E-01	-4.5887E-01
-4.8516E-01	-4.8622E-01	-4.8773E-01	-4.8568E-01	-4.8717E-01
-5.1087E-01	-5.1210E-01	-5.1387E-01	-5.1147E-01	-5.1320E-01
-5.3416E-01	-5.3558E-01	-5.3763E-01	-5.3486E-01	-5.3686E-01
-5.5493E-01	-5.5657E-01	-5.5891E-01	-5.5573E-01	-5.5803E-01
-5.7310E-01	-5.7496E-01	-5.7763E-01	-5.7401E-01	-5.7663E-01
-5.8857E-01	-5.9068E-01	-5.9370E-01	-5.8960E-01	-5.9257E-01
-6.0128E-01	-6.0366E-01	-6.0707E-01	-6.0245E-01	-6.0579E-01
-6.1119E-01	-6.1386E-01	-6.1768E-01	-6.1250E-01	-6.1625E-01
-6.1825E-01	-6.2123E-01	-6.2550E-01	-6.1972E-01	-6.2390E-01
-6.2245E-01	-6.2577E-01	-6.3052E-01	-6.2408E-01	-6.2874E-01
-6.2377E-01	-6.2746E-01	-6.3273E-01	-6.2558E-01	-6.3075E-01
-6.2224E-01	-6.2632E-01	-6.3216E-01	-6.2424E-01	-6.2997E-01
-6.1787E-01	-6.2238E-01	-6.2885E-01	-6.2008E-01	-6.2643E-01
-6.1072E-01	-6.1570E-01	-6.2284E-01	-6.1316E-01	-6.2017E-01
-6.0084E-01	-6.0635E-01	-6.1423E-01	-6.0354E-01	-6.1127E-01
-5.8832E-01	-5.9440E-01	-6.0310E-01	-5.9130E-01	-5.9984E-01
-5.7327E-01	-5.7998E-01	-5.8959E-01	-5.7656E-01	-5.8599E-01
-5.5581E-01	-5.6322E-01	-5.7384E-01	-5.5944E-01	-5.6986E-01
-5.3608E-01	-5.4430E-01	-5.5605E-01	-5.4011E-01	-5.5165E-01
-5.1428E-01	-5.2339E-01	-5.3644E-01	-5.1875E-01	-5.3155E-01
-4.9061E-01	-5.0076E-01	-5.1528E-01	-4.9558E-01	-5.0984E-01
-4.6534E-01	-4.7669E-01	-4.9293E-01	-4.7090E-01	-4.8684E-01
-4.3878E-01	-4.5155E-01	-4.6982E-01	-4.4504E-01	-4.6298E-01
-4.1136E-01	-4.2583E-01	-4.4655E-01	-4.1845E-01	-4.3878E-01
-3.8361E-01	-4.0019E-01	-4.2392E-01	-3.9173E-01	-4.1502E-01
-3.5633E-01	-3.7557E-01	-4.0312E-01	-3.6576E-01	-3.9280E-01
-3.3070E-01	-3.5346E-01	-3.8603E-01	-3.4185E-01	-3.7382E-01
-3.0875E-01	-3.3636E-01	-3.7590E-01	-3.2228E-01	-3.5899E-01
-2.9431E-01	-3.2915E-01	-3.7467E-01	-3.1444E-01	-3.5942E-01
-2.9972E-01	-3.4768E-01	-4.0990E-01	-3.0908E-01	-2.9805E-01
-3.4000E-01	-3.3362E-01	-1.6791E-01	-1.4616E-01	-3.2650E-02
-1.5801E-01	-1.5729E-02	9.8486E-02	2.0382E-01	2.5878E-01
2.1740E-01	4.1460E-01	5.3010E-01	5.9430E-01	6.3960E-01
4.7250E-01	7.3340E-01	8.4350E-01	9.0310E-01	9.4030E-01
8.7530E-01	1.1026E+00	1.1348E+00	1.1338E+00	1.1304E+00
1.2602E+00	1.2579E+00	1.2586E+00	1.3093E+00	1.2771E+00
1.3263E+00	1.3549E+00	1.3988E+00	1.3863E+00	1.4614E+00
1.3687E+00	1.5015E+00	1.3472E+00	1.1690E+00	1.3547E+00
1.3032E+00	1.3860E+00	1.1667E+00	1.0372E+00	1.1698E+00
1.2034E+00	1.2301E+00	1.0623E+00	9.5382E-01	1.0659E+00
1.1137E+00	1.1363E+00	9.9178E-01	8.9830E-01	9.9485E-01
1.0489E+00	1.0686E+00	9.4237E-01	8.6075E-01	9.4506E-01
1.0011E+00	1.0185E+00	9.0716E-01	8.3517E-01	9.0953E-01
9.6516E-01	9.8060E-01	8.8167E-01	8.1767E-01	8.8377E-01
9.3751E-01	9.5132E-01	8.6285E-01	8.0564E-01	8.6474E-01
9.1564E-01	9.2805E-01	8.4860E-01	7.9721E-01	8.5029E-01
8.9776E-01	9.0894E-01	8.3734E-01	7.9104E-01	8.3886E-01
8.8251E-01	8.9260E-01	8.2793E-01	7.8611E-01	8.2931E-01
8.6886E-01	8.7799E-01	8.1948E-01	7.8164E-01	8.2073E-01
8.5602E-01	8.6429E-01	8.1130E-01	7.7703E-01	8.1243E-01
8.4336E-01	8.5086E-01	8.0285E-01	7.7180E-01	8.0387E-01
8.3039E-01	8.3718E-01	7.9369E-01	7.6557E-01	7.9462E-01
8.1671E-01	8.2285E-01	7.8349E-01	7.5804E-01	7.8433E-01
8.0200E-01	8.0755E-01	7.7197E-01	7.4896E-01	7.7273E-01
7.8601E-01	7.9103E-01	7.5891E-01	7.3814E-01	7.5960E-01
7.6855E-01	7.7307E-01	7.4415E-01	7.2544E-01	7.4477E-01
7.4948E-01	7.5353E-01	7.2756E-01	7.1076E-01	7.2811E-01
7.2867E-01	7.3230E-01	7.0904E-01	6.9400E-01	7.0954E-01
7.0605E-01	7.0929E-01	6.8855E-01	6.7514E-01	6.8899E-01
6.8158E-01	6.8446E-01	6.6604E-01	6.5414E-01	6.6643E-01
6.5524E-01	6.5778E-01	6.4152E-01	6.3101E-01	6.4187E-01
6.2705E-01	6.2928E-01	6.1500E-01	6.0577E-01	6.1531E-01
5.9703E-01	5.9897E-01	5.8653E-01	5.7848E-01	5.8679E-01
5.6523E-01	5.6691E-01	5.5615E-01	5.4919E-01	5.5638E-01
5.3173E-01	5.3317E-01	5.2395E-01	5.1799E-01	5.2415E-01
4.9661E-01	4.9783E-01	4.9003E-01	4.8498E-01	4.9019E-01
4.5999E-01	4.6101E-01	4.5448E-01	4.5026E-01	4.5462E-01
4.2197E-01	4.2281E-01	4.1744E-01	4.1397E-01	4.1756E-01
3.8270E-01	3.8338E-01	3.7905E-01	3.7625E-01	3.7914E-01
3.4232E-01	3.4285E-01	3.3944E-01	3.3724E-01	3.3952E-01
3.0098E-01	3.0139E-01	2.9879E-01	2.9711E-01	2.9884E-01
2.5886E-01	2.5916E-01	2.5726E-01	2.5602E-01	2.5730E-01
2.1613E-01	2.1634E-01	2.1502E-01	2.1416E-01	2.1505E-01
1.7298E-01	1.7311E-01	1.7227E-01	1.7172E-01	1.7228E-01
1.2959E-01	1.2966E-01	1.2919E-01	1.2888E-01	1.2920E-01
8.6161E-02	8.6194E-02	8.5984E-02	8.5847E-02	8.5988E-02
4.2897E-02	4.2905E-02	4.2852E-02	4.2818E-02	4.2853E-02
0.0000E+00	0.0000E+00	0.0000E+00	0.0000E+00	0.0000E+00
!M	CDTAB
!U	nd
1.2217E+00	1.2217E+00	1.2217E+00	1.2217E+00	1.2217E+00
1.2230E+00	1.2230E+00	1.2231E+00	1.2229E+00	1.2231E+00
1.2214E+00	1.2213E+00	1.2217E+00	1.2211E+00	1.2215E+00
1.2168E+00	1.2167E+00	1.2172E+00	1.2164E+00	1.2170E+00
1.2092E+00	1.2091E+00	1.2099E+00	1.2087E+00	1.2096E+00
1.1988E+00	1.1987E+00	1.1996E+00	1.1982E+00	1.1993E+00
1.1856E+00	1.1855E+00	1.1866E+00	1.1848E+00	1.1862E+00
1.1697E+00	1.1695E+00	1.1708E+00	1.1688E+00	1.1704E+00
1.1511E+00	1.1509E+00	1.1523E+00	1.1500E+00	1.1518E+00
1.1300E+00	1.1297E+00	1.1313E+00	1.1288E+00	1.1308E+00
1.1064E+00	1.1061E+00	1.1079E+00	1.1051E+00	1.1073E+00
1.0805E+00	1.0802E+00	1.0821E+00	1.0790E+00	1.0815E+00
1.0524E+00	1.0521E+00	1.0542E+00	1.0508E+00	1.0535E+00
1.0223E+00	1.0220E+00	1.0242E+00	1.0206E+00	1.0235E+00
9.9030E-01	9.8995E-01	9.9239E-01	9.8850E-01	9.9158E-01
9.5661E-01	9.5623E-01	9.5884E-01	9.5469E-01	9.5797E-01
9.2138E-01	9.2098E-01	9.2374E-01	9.1934E-01	9.2282E-01
8.8479E-01	8.8438E-01	8.8728E-01	8.8264E-01	8.8632E-01
8.4704E-01	8.4660E-01	8.4966E-01	8.4478E-01	8.4864E-01
8.0830E-01	8.0784E-01	8.1105E-01	8.0593E-01	8.0998E-01
7.6879E-01	7.6831E-01	7.7165E-01	7.6632E-01	7.7054E-01
7.2869E-01	7.2820E-01	7.3168E-01	7.2612E-01	7.3052E-01
6.8822E-01	6.8771E-01	6.9132E-01	6.8555E-01	6.9012E-01
6.4758E-01	6.4704E-01	6.5079E-01	6.4481E-01	6.4954E-01
6.0697E-01	6.0642E-01	6.1028E-01	6.0411E-01	6.0900E-01
5.6660E-01	5.6603E-01	5.7001E-01	5.6365E-01	5.6869E-01
5.2667E-01	5.2608E-01	5.3018E-01	5.2364E-01	5.2882E-01
4.8738E-01	4.8678E-01	4.9099E-01	4.8427E-01	4.8958E-01
4.4893E-01	4.4831E-01	4.5263E-01	4.4574E-01	4.5119E-01
4.1152E-01	4.1088E-01	4.1530E-01	4.0825E-01	4.1383E-01
3.7532E-01	3.7468E-01	3.7918E-01	3.7199E-01	3.7768E-01
3.4053E-01	3.3987E-01	3.4447E-01	3.3714E-01	3.4294E-01
3.0732E-01	3.0665E-01	3.1132E-01	3.0386E-01	3.0977E-01
2.7585E-01	2.7517E-01	2.7992E-01	2.7233E-01	2.7834E-01
2.4628E-01	2.4559E-01	2.5041E-01	2.4271E-01	2.4881E-01
2.1876E-01	2.1806E-01	2.2295E-01	2.1515E-01	2.2132E-01
1.9343E-01	1.9272E-01	1.9767E-01	1.8977E-01	1.9602E-01
1.7041E-01	1.6969E-01	1.7470E-01	1.6672E-01	1.7303E-01
1.4982E-01	1.4910E-01	1.5415E-01	1.4609E-01	1.5247E-01
1.3177E-01	1.3104E-01	1.3613E-01	1.2801E-01	1.3443E-01
1.1633E-01	1.1560E-01	1.2072E-01	1.1255E-01	1.1878E-01
1.0360E-01	1.0286E-01	1.0834E-01	1.0197E-01	1.0696E-01
9.4321E-02	9.4103E-02	9.8060E-02	8.9197E-02	8.6233E-02
8.6470E-02	7.8817E-02	6.5546E-02	6.0712E-02	5.0105E-02
5.9051E-02	4.8514E-02	4.3623E-02	3.3444E-02	2.6956E-02
3.4420E-02	2.6600E-02	2.0010E-02	1.5840E-02	1.3030E-02
3.6240E-02	2.1420E-02	1.3620E-02	1.0330E-02	8.9200E-03
3.7070E-02	1.6220E-02	1.3170E-02	1.2180E-02	1.1800E-02
2.8030E-02	1.9790E-02	1.7900E-02	1.5029E-02	1.8120E-02
3.4520E-02	3.1023E-02	2.8776E-02	8.5530E-03	2.9308E-02
5.8353E-02	6.0139E-02	4.1724E-02	2.1643E-02	4.6402E-02
9.1074E-02	7.8026E-02	5.9208E-02	3.3890E-02	6.3876E-02
9.5587E-02	9.8389E-02	7.7953E-02	5.2732E-02	8.2477E-02
1.1624E-01	1.1946E-01	9.9210E-02	7.4224E-02	1.0369E-01
1.3984E-01	1.4302E-01	1.2298E-01	9.8263E-02	1.2742E-01
1.6581E-01	1.6895E-01	1.4916E-01	1.2473E-01	1.5354E-01
1.9403E-01	1.9713E-01	1.7760E-01	1.5350E-01	1.8193E-01
2.2437E-01	2.2742E-01	2.0818E-01	1.8444E-01	2.1244E-01
2.5667E-01	2.5967E-01	2.4074E-01	2.1738E-01	2.4494E-01
2.9078E-01	2.9373E-01	2.7513E-01	2.5218E-01	2.7925E-01
3.2652E-01	3.2942E-01	3.1118E-01	2.8867E-01	3.1521E-01
3.6373E-01	3.6656E-01	3.4870E-01	3.2666E-01	3.5266E-01
4.0221E-01	4.0498E-01	3.8752E-01	3.6597E-01	3.9139E-01
4.4179E-01	4.4449E-01	4.2745E-01	4.0643E-01	4.3123E-01
4.8226E-01	4.8490E-01	4.6830E-01	4.4782E-01	4.7197E-01
5.2343E-01	5.2599E-01	5.0986E-01	4.8995E-01	5.1343E-01
5.6509E-01	5.6758E-01	5.5192E-01	5.3261E-01	5.5539E-01
6.0705E-01	6.0945E-01	5.9430E-01	5.7560E-01	5.9765E-01
6.4908E-01	6.5140E-01	6.3677E-01	6.1871E-01	6.4001E-01
6.9099E-01	6.9322E-01	6.7913E-01	6.6174E-01	6.8225E-01
7.3257E-01	7.3472E-01	7.2118E-01	7.0447E-01	7.2417E-01
7.7361E-01	7.7567E-01	7.6270E-01	7.4670E-01	7.6557E-01
8.1392E-01	8.1588E-01	8.0350E-01	7.8822E-01	8.0624E-01
8.5328E-01	8.5515E-01	8.4337E-01	8.2884E-01	8.4598E-01
8.9152E-01	8.9329E-01	8.8213E-01	8.6835E-01	8.8460E-01
9.2843E-01	9.3010E-01	9.1957E-01	9.0658E-01	9.2190E-01
9.6385E-01	9.6542E-01	9.5553E-01	9.4332E-01	9.5772E-01
9.9758E-01	9.9905E-01	9.8981E-01	9.7842E-01	9.9186E-01
1.0295E+00	1.0308E+00	1.0223E+00	1.0117E+00	1.0242E+00
1.0594E+00	1.0606E+00	1.0527E+00	1.0430E+00	1.0545E+00
1.0871E+00	1.0882E+00	1.0810E+00	1.0721E+00	1.0826E+00
1.1125E+00	1.1136E+00	1.1071E+00	1.0990E+00	1.1085E+00
1.1356E+00	1.1365E+00	1.1307E+00	1.1235E+00	1.1320E+00
1.1561E+00	1.1569E+00	1.1518E+00	1.1455E+00	1.1529E+00
1.1739E+00	1.1746E+00	1.1702E+00	1.1648E+00	1.1712E+00
1.1891E+00	1.1896E+00	1.1860E+00	1.1815E+00	1.1868E+00
1.2014E+00	1.2019E+00	1.1989E+00	1.1953E+00	1.1996E+00
1.2109E+00	1.2112E+00	1.2090E+00	1.2063E+00	1.2095E+00
1.2174E+00	1.2177E+00	1.2162E+00	1.2144E+00	1.2165E+00
1.2210E+00	1.2211E+00	1.2204E+00	1.2195E+00	1.2206E+00
1.2217E+00	1.2217E+00	1.2217E+00	1.2217E+00	1.2217E+00
!M	CMTAB
!U	nd
3.0542E-01	3.0542E-01	3.0542E-01	3.0542E-01	3.0542E-01
3.0492E-01	3.0490E-01	3.0489E-01	3.0486E-01	3.0485E-01
3.0346E-01	3.0337E-01	3.0334E-01	3.0323E-01	3.0319E-01
3.0108E-01	3.0089E-01	3.0082E-01	3.0058E-01	3.0050E-01
2.9783E-01	2.9749E-01	2.9738E-01	2.9696E-01	2.9682E-01
2.9376E-01	2.9324E-01	2.9307E-01	2.9243E-01	2.9222E-01
2.8891E-01	2.8819E-01	2.8794E-01	2.8705E-01	2.8674E-01
2.8334E-01	2.8237E-01	2.8204E-01	2.8086E-01	2.8046E-01
2.7708E-01	2.7585E-01	2.7543E-01	2.7392E-01	2.7341E-01
2.7019E-01	2.6866E-01	2.6816E-01	2.6628E-01	2.6567E-01
2.6271E-01	2.6087E-01	2.6027E-01	2.5801E-01	2.5727E-01
2.5469E-01	2.5252E-01	2.5183E-01	2.4915E-01	2.4829E-01
2.4617E-01	2.4365E-01	2.4286E-01	2.3975E-01	2.3877E-01
2.3721E-01	2.3433E-01	2.3345E-01	2.2988E-01	2.2878E-01
2.2785E-01	2.2460E-01	2.2362E-01	2.1959E-01	2.1836E-01
2.1814E-01	2.1451E-01	2.1343E-01	2.0892E-01	2.0757E-01
2.0812E-01	2.0410E-01	2.0294E-01	1.9794E-01	1.9648E-01
1.9784E-01	1.9344E-01	1.9219E-01	1.8670E-01	1.8513E-01
1.8736E-01	1.8256E-01	1.8123E-01	1.7525E-01	1.7358E-01
1.7670E-01	1.7153E-01	1.7013E-01	1.6365E-01	1.6188E-01
1.6593E-01	1.6038E-01	1.5892E-01	1.5195E-01	1.5010E-01
1.5509E-01	1.4916E-01	1.4766E-01	1.4020E-01	1.3829E-01
1.4423E-01	1.3794E-01	1.3640E-01	1.2847E-01	1.2650E-01
1.3338E-01	1.2675E-01	1.2519E-01	1.1680E-01	1.1479E-01
1.2261E-01	1.1565E-01	1.1408E-01	1.0525E-01	1.0322E-01
1.1196E-01	1.0469E-01	1.0313E-01	9.3876E-02	9.1845E-02
1.0147E-01	9.3915E-02	9.2381E-02	8.2726E-02	8.0714E-02
9.1194E-02	8.3375E-02	8.1887E-02	7.1857E-02	6.9887E-02
8.1176E-02	7.3121E-02	7.1700E-02	6.1324E-02	5.9419E-02
7.1463E-02	6.3202E-02	6.1871E-02	5.1181E-02	4.9367E-02
6.2102E-02	5.3669E-02	5.2451E-02	4.1482E-02	3.9787E-02
5.3142E-02	4.4570E-02	4.3491E-02	3.2281E-02	3.0734E-02
4.4628E-02	3.5957E-02	3.5042E-02	2.3633E-02	2.2265E-02
3.6607E-02	2.7878E-02	2.7155E-02	1.5592E-02	1.4435E-02
2.9128E-02	2.0384E-02	1.9881E-02	8.2110E-03	7.2990E-03
2.2236E-02	1.3524E-02	1.3272E-02	1.5470E-03	9.1500E-04
1.5978E-02	7.3470E-03	7.3780E-03	-4.3480E-03	-4.6620E-03
1.0403E-02	1.9040E-03	2.2500E-03	-9.4200E-03	-9.3770E-03
5.5560E-03	-2.7560E-03	-2.0600E-03	-1.3613E-02	-1.3173E-02
1.4850E-03	-6.5830E-03	-5.5010E-03	-1.6874E-02	-1.5995E-02
-1.7630E-03	-9.5270E-03	-8.0220E-03	-1.9148E-02	-1.7778E-02
-4.1410E-03	-1.1539E-02	-1.0300E-02	-1.9512E-02	-1.7882E-02
-5.8610E-03	-1.2253E-02	-1.0100E-02	-2.3559E-02	-3.5754E-02
-6.1000E-03	-2.2811E-02	-5.5254E-02	-6.7760E-02	-9.3925E-02
-4.3855E-02	-7.7757E-02	-9.6514E-02	-1.2080E-01	-1.3442E-01
-1.0010E-01	-1.3020E-01	-1.4630E-01	-1.5530E-01	-1.6150E-01
-1.1480E-01	-1.4660E-01	-1.6030E-01	-1.7000E-01	-1.7690E-01
-1.4340E-01	-1.6680E-01	-1.7120E-01	-1.7060E-01	-1.6910E-01
-1.5530E-01	-1.5110E-01	-1.5230E-01	-1.4947E-01	-1.5164E-01
-1.2260E-01	-1.2601E-01	-1.2593E-01	-1.2782E-01	-1.3711E-01
-9.0981E-02	-1.0711E-01	-1.1373E-01	-1.2874E-01	-1.3904E-01
-8.4804E-02	-1.0658E-01	-1.1435E-01	-1.2927E-01	-1.3980E-01
-8.0723E-02	-1.0752E-01	-1.1561E-01	-1.3082E-01	-1.4107E-01
-8.2065E-02	-1.0913E-01	-1.1750E-01	-1.3290E-01	-1.4287E-01
-8.4391E-02	-1.1138E-01	-1.1997E-01	-1.3548E-01	-1.4516E-01
-8.7441E-02	-1.1425E-01	-1.2299E-01	-1.3854E-01	-1.4791E-01
-9.1170E-02	-1.1769E-01	-1.2653E-01	-1.4204E-01	-1.5109E-01
-9.5534E-02	-1.2167E-01	-1.3055E-01	-1.4595E-01	-1.5468E-01
-1.0049E-01	-1.2615E-01	-1.3503E-01	-1.5024E-01	-1.5863E-01
-1.0599E-01	-1.3109E-01	-1.3991E-01	-1.5488E-01	-1.6294E-01
-1.1199E-01	-1.3645E-01	-1.4517E-01	-1.5984E-01	-1.6755E-01
-1.1846E-01	-1.4219E-01	-1.5078E-01	-1.6509E-01	-1.7245E-01
-1.2533E-01	-1.4829E-01	-1.5669E-01	-1.7060E-01	-1.7760E-01
-1.3257E-01	-1.5469E-01	-1.6288E-01	-1.7634E-01	-1.8298E-01
-1.4014E-01	-1.6137E-01	-1.6930E-01	-1.8227E-01	-1.8856E-01
-1.4799E-01	-1.6827E-01	-1.7593E-01	-1.8837E-01	-1.9430E-01
-1.5607E-01	-1.7537E-01	-1.8273E-01	-1.9461E-01	-2.0017E-01
-1.6434E-01	-1.8263E-01	-1.8965E-01	-2.0095E-01	-2.0616E-01
-1.7277E-01	-1.9001E-01	-1.9668E-01	-2.0737E-01	-2.1222E-01
-1.8129E-01	-1.9747E-01	-2.0377E-01	-2.1383E-01	-2.1833E-01
-1.8987E-01	-2.0497E-01	-2.1089E-01	-2.2030E-01	-2.2446E-01
-1.9847E-01	-2.1247E-01	-2.1801E-01	-2.2676E-01	-2.3057E-01
-2.0703E-01	-2.1995E-01	-2.2508E-01	-2.3316E-01	-2.3665E-01
-2.1552E-01	-2.2735E-01	-2.3207E-01	-2.3949E-01	-2.4266E-01
-2.2390E-01	-2.3464E-01	-2.3896E-01	-2.4571E-01	-2.4856E-01
-2.3210E-01	-2.4178E-01	-2.4569E-01	-2.5179E-01	-2.5434E-01
-2.4010E-01	-2.4874E-01	-2.5225E-01	-2.5771E-01	-2.5996E-01
-2.4785E-01	-2.5548E-01	-2.5859E-01	-2.6342E-01	-2.6539E-01
-2.5530E-01	-2.6195E-01	-2.6468E-01	-2.6889E-01	-2.7060E-01
-2.6241E-01	-2.6813E-01	-2.7048E-01	-2.7411E-01	-2.7557E-01
-2.6914E-01	-2.7397E-01	-2.7596E-01	-2.7903E-01	-2.8025E-01
-2.7543E-01	-2.7943E-01	-2.8108E-01	-2.8363E-01	-2.8464E-01
-2.8125E-01	-2.8448E-01	-2.8582E-01	-2.8788E-01	-2.8868E-01
-2.8655E-01	-2.8907E-01	-2.9013E-01	-2.9174E-01	-2.9236E-01
-2.9129E-01	-2.9318E-01	-2.9397E-01	-2.9518E-01	-2.9565E-01
-2.9542E-01	-2.9676E-01	-2.9732E-01	-2.9818E-01	-2.9851E-01
-2.9890E-01	-2.9978E-01	-3.0014E-01	-3.0071E-01	-3.0092E-01
-3.0168E-01	-3.0219E-01	-3.0240E-01	-3.0272E-01	-3.0284E-01
-3.0373E-01	-3.0395E-01	-3.0405E-01	-3.0420E-01	-3.0425E-01
-3.0499E-01	-3.0505E-01	-3.0507E-01	-3.0511E-01	-3.0512E-01
-3.0542E-01	-3.0542E-01	-3.0542E-01	-3.0542E-01	-3.0542E-01
