!T	AOACL
!U	deg
-90	
-88	
-86	
-84	
-82	
-80	
-78	
-76	
-74	
-72	
-70	
-68	
-66	
-64	
-62	
-60	
-58	
-56	
-54	
-52	
-50	
-48	
-46	
-44	
-42	
-40	
-38	
-36	
-34	
-32	
-30	
-28	
-26	
-24	
-22	
-20	
-18	
-16	
-14	
-12	
-10	
-8	
-6	
-4	
-2	
0	
2	
4	
6	
8	
10	
12	
14	
16	
18	
20	
22	
24	
26	
28	
30	
32	
34	
36	
38	
40	
42	
44	
46	
48	
50	
52	
54	
56	
58	
60	
62	
64	
66	
68	
70	
72	
74	
76	
78	
80	
82	
84	
86	
88	
90	
!T	AOACD
!U	deg
-90	
-88	
-86	
-84	
-82	
-80	
-78	
-76	
-74	
-72	
-70	
-68	
-66	
-64	
-62	
-60	
-58	
-56	
-54	
-52	
-50	
-48	
-46	
-44	
-42	
-40	
-38	
-36	
-34	
-32	
-30	
-28	
-26	
-24	
-22	
-20	
-18	
-16	
-14	
-12	
-10	
-8	
-6	
-4	
-2	
0	
2	
4	
6	
8	
10	
12	
14	
16	
18	
20	
22	
24	
26	
28	
30	
32	
34	
36	
38	
40	
42	
44	
46	
48	
50	
52	
54	
56	
58	
60	
62	
64	
66	
68	
70	
72	
74	
76	
78	
80	
82	
84	
86	
88	
90	
!T	AOACM
!U	deg
-90	
-88	
-86	
-84	
-82	
-80	
-78	
-76	
-74	
-72	
-70	
-68	
-66	
-64	
-62	
-60	
-58	
-56	
-54	
-52	
-50	
-48	
-46	
-44	
-42	
-40	
-38	
-36	
-34	
-32	
-30	
-28	
-26	
-24	
-22	
-20	
-18	
-16	
-14	
-12	
-10	
-8	
-6	
-4	
-2	
0	
2	
4	
6	
8	
10	
12	
14	
16	
18	
20	
22	
24	
26	
28	
30	
32	
34	
36	
38	
40	
42	
44	
46	
48	
50	
52	
54	
56	
58	
60	
62	
64	
66	
68	
70	
72	
74	
76	
78	
80	
82	
84	
86	
88	
90	
!T	RECL
!U	nd
50000	
100000	
150000	
200000	
250000	
!T	RECD
!U	nd
50000	
100000	
150000	
200000	
250000	
!T	RECM
!U	nd
50000	
100000	
150000	
200000	
250000	
!M	CLTAB
!U	nd
-0.0000E+00	-0.0000E+00	-0.0000E+00	-0.0000E+00	-0.0000E+00
-4.3717E-02	-4.3725E-02	-4.3722E-02	-4.3738E-02	-4.3730E-02
-8.7287E-02	-8.7317E-02	-8.7305E-02	-8.7369E-02	-8.7338E-02
-1.3050E-01	-1.3056E-01	-1.3054E-01	-1.3068E-01	-1.3061E-01
-1.7314E-01	-1.7326E-01	-1.7321E-01	-1.7347E-01	-1.7334E-01
-2.1501E-01	-2.1519E-01	-2.1512E-01	-2.1552E-01	-2.1533E-01
-2.5590E-01	-2.5616E-01	-2.5606E-01	-2.5664E-01	-2.5636E-01
-2.9562E-01	-2.9598E-01	-2.9584E-01	-2.9662E-01	-2.9625E-01
-3.3397E-01	-3.3445E-01	-3.3426E-01	-3.3529E-01	-3.3480E-01
-3.7078E-01	-3.7139E-01	-3.7114E-01	-3.7246E-01	-3.7183E-01
-4.0587E-01	-4.0662E-01	-4.0632E-01	-4.0795E-01	-4.0717E-01
-4.3907E-01	-4.3998E-01	-4.3962E-01	-4.4160E-01	-4.4066E-01
-4.7023E-01	-4.7132E-01	-4.7088E-01	-4.7325E-01	-4.7213E-01
-4.9919E-01	-5.0049E-01	-4.9997E-01	-5.0277E-01	-5.0144E-01
-5.2584E-01	-5.2735E-01	-5.2675E-01	-5.3002E-01	-5.2846E-01
-5.5005E-01	-5.5180E-01	-5.5110E-01	-5.5487E-01	-5.5308E-01
-5.7170E-01	-5.7371E-01	-5.7291E-01	-5.7724E-01	-5.7518E-01
-5.9071E-01	-5.9299E-01	-5.9208E-01	-5.9702E-01	-5.9467E-01
-6.0699E-01	-6.0957E-01	-6.0855E-01	-6.1413E-01	-6.1147E-01
-6.2048E-01	-6.2339E-01	-6.2223E-01	-6.2852E-01	-6.2553E-01
-6.3113E-01	-6.3439E-01	-6.3309E-01	-6.4014E-01	-6.3679E-01
-6.3889E-01	-6.4254E-01	-6.4109E-01	-6.4896E-01	-6.4521E-01
-6.4377E-01	-6.4782E-01	-6.4621E-01	-6.5498E-01	-6.5080E-01
-6.4574E-01	-6.5025E-01	-6.4845E-01	-6.5819E-01	-6.5356E-01
-6.4484E-01	-6.4983E-01	-6.4784E-01	-6.5863E-01	-6.5350E-01
-6.4109E-01	-6.4662E-01	-6.4441E-01	-6.5635E-01	-6.5067E-01
-6.3456E-01	-6.4066E-01	-6.3823E-01	-6.5142E-01	-6.4514E-01
-6.2531E-01	-6.3204E-01	-6.2936E-01	-6.4392E-01	-6.3699E-01
-6.1344E-01	-6.2088E-01	-6.1791E-01	-6.3399E-01	-6.2634E-01
-5.9908E-01	-6.0729E-01	-6.0402E-01	-6.2177E-01	-6.1332E-01
-5.8237E-01	-5.9144E-01	-5.8783E-01	-6.0744E-01	-5.9811E-01
-5.6349E-01	-5.7354E-01	-5.6953E-01	-5.9125E-01	-5.8091E-01
-5.4266E-01	-5.5381E-01	-5.4937E-01	-5.7346E-01	-5.6200E-01
-5.2014E-01	-5.3255E-01	-5.2761E-01	-5.5444E-01	-5.4167E-01
-4.9626E-01	-5.1014E-01	-5.0461E-01	-5.3462E-01	-5.2034E-01
-4.7143E-01	-4.8705E-01	-4.8083E-01	-5.1459E-01	-4.9852E-01
-4.4620E-01	-4.6390E-01	-4.5685E-01	-4.9512E-01	-4.7691E-01
-4.2131E-01	-4.4158E-01	-4.3351E-01	-4.7734E-01	-4.5648E-01
-3.9785E-01	-4.2138E-01	-4.1200E-01	-4.6289E-01	-4.3868E-01
-3.7751E-01	-4.0534E-01	-3.9425E-01	-4.5443E-01	-4.2579E-01
-3.6322E-01	-3.9699E-01	-3.8354E-01	-4.5482E-01	-4.1657E-01
-3.6048E-01	-3.9973E-01	-3.8852E-01	-4.7840E-01	-4.3562E-01
-3.8965E-01	-4.3046E-01	-3.8853E-01	-2.7488E-01	-2.1001E-01
-3.5508E-01	-1.6011E-01	-2.4819E-02	3.5000E-02	8.7800E-02
-5.3700E-02	1.7920E-01	2.8810E-01	3.3530E-01	3.5170E-01
2.0600E-01	4.6200E-01	5.4220E-01	5.6290E-01	5.7410E-01
4.9510E-01	7.4040E-01	7.7870E-01	7.8400E-01	7.8440E-01
7.2630E-01	9.7420E-01	9.8270E-01	9.8140E-01	9.8010E-01
9.4149E-01	1.1700E+00	1.1690E+00	1.1641E+00	1.1606E+00
1.2782E+00	1.2690E+00	1.2574E+00	1.2644E+00	1.2626E+00
1.1460E+00	1.3005E+00	1.3368E+00	1.3475E+00	1.3723E+00
1.0126E+00	1.2301E+00	1.2483E+00	1.3422E+00	1.2574E+00
9.3488E-01	1.1568E+00	1.1179E+00	1.2232E+00	1.1266E+00
8.8392E-01	1.0770E+00	1.0416E+00	1.1241E+00	1.0491E+00
8.5013E-01	1.0187E+00	9.8781E-01	1.0598E+00	9.9436E-01
8.2771E-01	9.7642E-01	9.4915E-01	1.0127E+00	9.5493E-01
8.1295E-01	9.4513E-01	9.2089E-01	9.7734E-01	9.2603E-01
8.0329E-01	9.2148E-01	8.9981E-01	9.5028E-01	9.0440E-01
7.9696E-01	9.0311E-01	8.8364E-01	9.2897E-01	8.8777E-01
7.9265E-01	8.8830E-01	8.7076E-01	9.1160E-01	8.7448E-01
7.8937E-01	8.7577E-01	8.5992E-01	8.9682E-01	8.6328E-01
7.8637E-01	8.6454E-01	8.5020E-01	8.8359E-01	8.5324E-01
7.8306E-01	8.5385E-01	8.4087E-01	8.7110E-01	8.4362E-01
7.7897E-01	8.4311E-01	8.3135E-01	8.5874E-01	8.3384E-01
7.7374E-01	8.3184E-01	8.2119E-01	8.4600E-01	8.2344E-01
7.6708E-01	8.1966E-01	8.1002E-01	8.3247E-01	8.1206E-01
7.5874E-01	8.0627E-01	7.9756E-01	8.1786E-01	7.9941E-01
7.4854E-01	7.9144E-01	7.8358E-01	8.0190E-01	7.8524E-01
7.3634E-01	7.7498E-01	7.6789E-01	7.8439E-01	7.6939E-01
7.2204E-01	7.5674E-01	7.5038E-01	7.6519E-01	7.5172E-01
7.0556E-01	7.3662E-01	7.3093E-01	7.4419E-01	7.3213E-01
6.8686E-01	7.1456E-01	7.0948E-01	7.2132E-01	7.1056E-01
6.6592E-01	6.9052E-01	6.8601E-01	6.9652E-01	6.8697E-01
6.4276E-01	6.6449E-01	6.6050E-01	6.6978E-01	6.6135E-01
6.1740E-01	6.3647E-01	6.3297E-01	6.4112E-01	6.3372E-01
5.8989E-01	6.0651E-01	6.0346E-01	6.1057E-01	6.0411E-01
5.6029E-01	5.7467E-01	5.7203E-01	5.7817E-01	5.7259E-01
5.2870E-01	5.4102E-01	5.3876E-01	5.4402E-01	5.3924E-01
4.9522E-01	5.0565E-01	5.0373E-01	5.0819E-01	5.0414E-01
4.5995E-01	4.6867E-01	4.6707E-01	4.7080E-01	4.6741E-01
4.2305E-01	4.3022E-01	4.2890E-01	4.3196E-01	4.2918E-01
3.8463E-01	3.9042E-01	3.8936E-01	3.9183E-01	3.8958E-01
3.4488E-01	3.4943E-01	3.4859E-01	3.5054E-01	3.4877E-01
3.0394E-01	3.0741E-01	3.0678E-01	3.0826E-01	3.0691E-01
2.6200E-01	2.6454E-01	2.6407E-01	2.6516E-01	2.6417E-01
2.1923E-01	2.2099E-01	2.2067E-01	2.2143E-01	2.2074E-01
1.7584E-01	1.7697E-01	1.7676E-01	1.7724E-01	1.7680E-01
1.3201E-01	1.3265E-01	1.3253E-01	1.3280E-01	1.3256E-01
8.7960E-02	8.8241E-02	8.8190E-02	8.8310E-02	8.8201E-02
4.3886E-02	4.3956E-02	4.3943E-02	4.3973E-02	4.3946E-02
0.0000E+00	0.0000E+00	0.0000E+00	0.0000E+00	0.0000E+00
!M	CDTAB
!U	nd
1.2525E+00	1.2525E+00	1.2525E+00	1.2525E+00	1.2525E+00
1.2534E+00	1.2535E+00	1.2525E+00	1.2521E+00	1.2518E+00
1.2513E+00	1.2515E+00	1.2495E+00	1.2486E+00	1.2480E+00
1.2461E+00	1.2464E+00	1.2435E+00	1.2422E+00	1.2412E+00
1.2380E+00	1.2384E+00	1.2345E+00	1.2327E+00	1.2314E+00
1.2269E+00	1.2274E+00	1.2225E+00	1.2203E+00	1.2186E+00
1.2129E+00	1.2135E+00	1.2077E+00	1.2050E+00	1.2030E+00
1.1962E+00	1.1968E+00	1.1900E+00	1.1870E+00	1.1846E+00
1.1767E+00	1.1774E+00	1.1697E+00	1.1662E+00	1.1635E+00
1.1546E+00	1.1554E+00	1.1467E+00	1.1428E+00	1.1398E+00
1.1300E+00	1.1308E+00	1.1213E+00	1.1170E+00	1.1137E+00
1.1030E+00	1.1040E+00	1.0935E+00	1.0888E+00	1.0851E+00
1.0738E+00	1.0749E+00	1.0635E+00	1.0584E+00	1.0544E+00
1.0425E+00	1.0437E+00	1.0314E+00	1.0259E+00	1.0217E+00
1.0094E+00	1.0106E+00	9.9746E-01	9.9153E-01	9.8699E-01
9.7444E-01	9.7571E-01	9.6176E-01	9.5544E-01	9.5060E-01
9.3794E-01	9.3929E-01	9.2451E-01	9.1781E-01	9.1268E-01
9.0006E-01	9.0149E-01	8.8588E-01	8.7882E-01	8.7341E-01
8.6099E-01	8.6249E-01	8.4609E-01	8.3866E-01	8.3297E-01
8.2093E-01	8.2250E-01	8.0532E-01	7.9754E-01	7.9158E-01
7.8007E-01	7.8172E-01	7.6378E-01	7.5566E-01	7.4943E-01
7.3863E-01	7.4035E-01	7.2167E-01	7.1322E-01	7.0674E-01
6.9682E-01	6.9860E-01	6.7921E-01	6.7043E-01	6.6371E-01
6.5484E-01	6.5668E-01	6.3660E-01	6.2751E-01	6.2055E-01
6.1290E-01	6.1480E-01	5.9406E-01	5.8467E-01	5.7748E-01
5.7122E-01	5.7318E-01	5.5180E-01	5.4212E-01	5.3471E-01
5.3001E-01	5.3202E-01	5.1003E-01	5.0007E-01	4.9245E-01
4.8946E-01	4.9153E-01	4.6895E-01	4.5873E-01	4.5090E-01
4.4979E-01	4.5191E-01	4.2877E-01	4.1830E-01	4.1027E-01
4.1119E-01	4.1336E-01	3.8969E-01	3.7898E-01	3.7077E-01
3.7386E-01	3.7607E-01	3.5190E-01	3.4096E-01	3.3258E-01
3.3797E-01	3.4023E-01	3.1559E-01	3.0444E-01	2.9589E-01
3.0372E-01	3.0602E-01	2.8094E-01	2.6958E-01	2.6088E-01
2.7127E-01	2.7361E-01	2.4811E-01	2.3657E-01	2.2773E-01
2.4078E-01	2.4316E-01	2.1728E-01	2.0556E-01	1.9659E-01
2.1241E-01	2.1482E-01	1.8859E-01	1.7672E-01	1.6762E-01
1.8630E-01	1.8873E-01	1.6219E-01	1.5017E-01	1.4097E-01
1.6257E-01	1.6503E-01	1.3820E-01	1.2606E-01	1.1675E-01
1.4135E-01	1.4383E-01	1.1675E-01	1.0449E-01	9.5100E-02
1.2274E-01	1.2524E-01	9.7941E-02	8.5583E-02	7.6115E-02
1.0683E-01	1.0935E-01	8.1864E-02	7.0532E-02	6.2828E-02
9.3771E-02	9.6908E-02	7.2185E-02	5.6090E-02	4.3049E-02
8.6631E-02	8.2682E-02	5.1704E-02	3.1132E-02	2.2947E-02
6.2990E-02	3.1143E-02	2.2504E-02	1.8130E-02	1.5100E-02
3.3660E-02	2.3660E-02	1.6770E-02	1.3130E-02	1.1250E-02
3.2740E-02	1.9490E-02	1.2680E-02	1.0040E-02	8.7600E-03
3.9540E-02	1.7920E-02	1.2570E-02	1.0610E-02	9.5900E-03
4.5790E-02	1.8020E-02	1.3840E-02	1.2220E-02	1.1340E-02
5.1073E-02	1.9670E-02	1.6040E-02	1.4570E-02	1.3880E-02
3.3811E-02	2.3480E-02	2.2916E-02	2.2160E-02	2.1455E-02
4.3441E-02	3.7074E-02	3.3211E-02	3.0716E-02	2.9338E-02
5.9221E-02	6.2178E-02	5.0051E-02	4.8330E-02	4.5165E-02
7.8343E-02	6.5530E-02	6.9328E-02	6.6116E-02	6.4931E-02
1.0015E-01	8.6386E-02	9.1221E-02	8.9448E-02	8.6864E-02
1.2454E-01	1.1092E-01	1.1571E-01	1.1395E-01	1.1139E-01
1.5139E-01	1.3794E-01	1.4266E-01	1.4093E-01	1.3841E-01
1.8058E-01	1.6730E-01	1.7196E-01	1.7025E-01	1.6776E-01
2.1195E-01	1.9887E-01	2.0346E-01	2.0178E-01	1.9932E-01
2.4536E-01	2.3249E-01	2.3701E-01	2.3535E-01	2.3294E-01
2.8064E-01	2.6800E-01	2.7244E-01	2.7081E-01	2.6843E-01
3.1762E-01	3.0522E-01	3.0957E-01	3.0798E-01	3.0565E-01
3.5612E-01	3.4398E-01	3.4824E-01	3.4668E-01	3.4440E-01
3.9596E-01	3.8409E-01	3.8825E-01	3.8672E-01	3.8450E-01
4.3693E-01	4.2534E-01	4.2941E-01	4.2792E-01	4.2574E-01
4.7884E-01	4.6755E-01	4.7152E-01	4.7006E-01	4.6794E-01
5.2148E-01	5.1051E-01	5.1436E-01	5.1295E-01	5.1089E-01
5.6465E-01	5.5400E-01	5.5774E-01	5.5637E-01	5.5437E-01
6.0813E-01	5.9783E-01	6.0145E-01	6.0012E-01	5.9818E-01
6.5171E-01	6.4176E-01	6.4526E-01	6.4398E-01	6.4211E-01
6.9518E-01	6.8560E-01	6.8897E-01	6.8773E-01	6.8593E-01
7.3833E-01	7.2913E-01	7.3236E-01	7.3118E-01	7.2945E-01
7.8095E-01	7.7213E-01	7.7523E-01	7.7409E-01	7.7244E-01
8.2282E-01	8.1441E-01	8.1736E-01	8.1628E-01	8.1470E-01
8.6375E-01	8.5574E-01	8.5855E-01	8.5752E-01	8.5602E-01
9.0353E-01	8.9594E-01	8.9861E-01	8.9763E-01	8.9620E-01
9.4197E-01	9.3481E-01	9.3732E-01	9.3640E-01	9.3506E-01
9.7888E-01	9.7216E-01	9.7452E-01	9.7365E-01	9.7239E-01
1.0141E+00	1.0078E+00	1.0100E+00	1.0092E+00	1.0080E+00
1.0474E+00	1.0416E+00	1.0436E+00	1.0429E+00	1.0418E+00
1.0787E+00	1.0733E+00	1.0752E+00	1.0745E+00	1.0735E+00
1.1078E+00	1.1029E+00	1.1046E+00	1.1039E+00	1.1030E+00
1.1345E+00	1.1301E+00	1.1316E+00	1.1311E+00	1.1302E+00
1.1588E+00	1.1548E+00	1.1562E+00	1.1557E+00	1.1550E+00
1.1804E+00	1.1770E+00	1.1782E+00	1.1778E+00	1.1771E+00
1.1994E+00	1.1965E+00	1.1975E+00	1.1971E+00	1.1966E+00
1.2156E+00	1.2131E+00	1.2140E+00	1.2137E+00	1.2132E+00
1.2290E+00	1.2270E+00	1.2277E+00	1.2274E+00	1.2270E+00
1.2394E+00	1.2379E+00	1.2384E+00	1.2382E+00	1.2379E+00
1.2468E+00	1.2458E+00	1.2461E+00	1.2460E+00	1.2458E+00
1.2512E+00	1.2507E+00	1.2508E+00	1.2508E+00	1.2507E+00
1.2525E+00	1.2525E+00	1.2525E+00	1.2525E+00	1.2525E+00
!M	CMTAB
!U	nd
3.1312E-01	3.1312E-01	3.1312E-01	3.1312E-01	3.1312E-01
3.1260E-01	3.1256E-01	3.1250E-01	3.1248E-01	3.1245E-01
3.1106E-01	3.1091E-01	3.1067E-01	3.1060E-01	3.1048E-01
3.0856E-01	3.0823E-01	3.0770E-01	3.0754E-01	3.0728E-01
3.0514E-01	3.0456E-01	3.0365E-01	3.0337E-01	3.0292E-01
3.0086E-01	2.9998E-01	2.9857E-01	2.9815E-01	2.9745E-01
2.9576E-01	2.9452E-01	2.9253E-01	2.9194E-01	2.9096E-01
2.8991E-01	2.8825E-01	2.8559E-01	2.8481E-01	2.8350E-01
2.8333E-01	2.8122E-01	2.7781E-01	2.7682E-01	2.7514E-01
2.7610E-01	2.7349E-01	2.6925E-01	2.6804E-01	2.6595E-01
2.6825E-01	2.6510E-01	2.5997E-01	2.5853E-01	2.5600E-01
2.5984E-01	2.5612E-01	2.5004E-01	2.4835E-01	2.4535E-01
2.5092E-01	2.4660E-01	2.3950E-01	2.3756E-01	2.3407E-01
2.4154E-01	2.3660E-01	2.2843E-01	2.2623E-01	2.2223E-01
2.3174E-01	2.2616E-01	2.1689E-01	2.1443E-01	2.0989E-01
2.2159E-01	2.1535E-01	2.0493E-01	2.0221E-01	1.9712E-01
2.1112E-01	2.0421E-01	1.9262E-01	1.8964E-01	1.8399E-01
2.0039E-01	1.9281E-01	1.8002E-01	1.7679E-01	1.7056E-01
1.8945E-01	1.8119E-01	1.6718E-01	1.6371E-01	1.5690E-01
1.7835E-01	1.6942E-01	1.5418E-01	1.5047E-01	1.4308E-01
1.6715E-01	1.5754E-01	1.4106E-01	1.3714E-01	1.2916E-01
1.5588E-01	1.4562E-01	1.2789E-01	1.2378E-01	1.1522E-01
1.4460E-01	1.3370E-01	1.1474E-01	1.1045E-01	1.0131E-01
1.3336E-01	1.2185E-01	1.0165E-01	9.7214E-02	8.7504E-02
1.2222E-01	1.1011E-01	8.8704E-02	8.4137E-02	7.3870E-02
1.1121E-01	9.8545E-02	7.5948E-02	7.1283E-02	6.0475E-02
1.0040E-01	8.7204E-02	6.3447E-02	5.8715E-02	4.7384E-02
8.9829E-02	7.6144E-02	5.1261E-02	4.6498E-02	3.4665E-02
7.9550E-02	6.5418E-02	3.9452E-02	3.4693E-02	2.2384E-02
6.9614E-02	5.5083E-02	2.8079E-02	2.3366E-02	1.0608E-02
6.0070E-02	4.5193E-02	1.7205E-02	1.2579E-02	-5.9600E-04
5.0970E-02	3.5802E-02	6.8890E-03	2.3960E-03	-1.1161E-02
4.2362E-02	2.6966E-02	-2.8070E-03	-7.1180E-03	-2.1021E-02
3.4299E-02	1.8739E-02	-1.1823E-02	-1.5901E-02	-3.0108E-02
2.6828E-02	1.1175E-02	-2.0097E-02	-2.3889E-02	-3.8357E-02
2.0002E-02	4.3300E-03	-2.7569E-02	-3.1019E-02	-4.5699E-02
1.3871E-02	-1.7410E-03	-3.4179E-02	-3.7226E-02	-5.2069E-02
8.4830E-03	-6.9850E-03	-3.9865E-02	-4.2447E-02	-5.7399E-02
3.8910E-03	-1.1345E-02	-4.4566E-02	-4.6618E-02	-6.1623E-02
1.4300E-04	-1.4768E-02	-4.8222E-02	-4.9677E-02	-6.4674E-02
-2.7090E-03	-1.7199E-02	-5.0772E-02	-4.9917E-02	-6.4151E-02
-4.6960E-03	-1.9757E-02	-5.0077E-02	-5.2200E-02	-7.0880E-02
-3.7140E-03	-2.1104E-02	-5.9646E-02	-9.0719E-02	-1.0432E-01
-2.7446E-02	-8.2033E-02	-1.0364E-01	-1.1370E-01	-1.2140E-01
-7.0700E-02	-1.0780E-01	-1.2260E-01	-1.2890E-01	-1.3150E-01
-8.5100E-02	-1.1770E-01	-1.2670E-01	-1.2860E-01	-1.2960E-01
-1.0620E-01	-1.2620E-01	-1.2850E-01	-1.2800E-01	-1.2750E-01
-1.1250E-01	-1.2560E-01	-1.2410E-01	-1.2320E-01	-1.2280E-01
-1.0939E-01	-1.1890E-01	-1.1740E-01	-1.1650E-01	-1.1600E-01
-9.5413E-02	-9.7200E-02	-9.4959E-02	-9.6000E-02	-9.6449E-02
-8.5287E-02	-6.7322E-02	-7.2769E-02	-7.6015E-02	-7.7244E-02
-9.0006E-02	-5.7925E-02	-6.6026E-02	-6.1200E-02	-7.2822E-02
-9.1727E-02	-5.7027E-02	-6.8506E-02	-6.1652E-02	-7.5350E-02
-9.4149E-02	-5.8537E-02	-7.0393E-02	-6.3120E-02	-7.7275E-02
-9.7233E-02	-6.1095E-02	-7.3096E-02	-6.5443E-02	-7.9983E-02
-1.0094E-01	-6.4488E-02	-7.6565E-02	-6.8607E-02	-8.3428E-02
-1.0523E-01	-6.8665E-02	-8.0755E-02	-7.2561E-02	-8.7563E-02
-1.1006E-01	-7.3576E-02	-8.5617E-02	-7.7253E-02	-9.2344E-02
-1.1539E-01	-7.9169E-02	-9.1105E-02	-8.2634E-02	-9.7725E-02
-1.2118E-01	-8.5393E-02	-9.7170E-02	-8.8652E-02	-1.0366E-01
-1.2740E-01	-9.2197E-02	-1.0377E-01	-9.5256E-02	-1.1010E-01
-1.3400E-01	-9.9530E-02	-1.1084E-01	-1.0239E-01	-1.1701E-01
-1.4094E-01	-1.0734E-01	-1.1836E-01	-1.1002E-01	-1.2433E-01
-1.4819E-01	-1.1558E-01	-1.2626E-01	-1.1807E-01	-1.3202E-01
-1.5570E-01	-1.2420E-01	-1.3451E-01	-1.2651E-01	-1.4004E-01
-1.6343E-01	-1.3314E-01	-1.4304E-01	-1.3528E-01	-1.4834E-01
-1.7134E-01	-1.4235E-01	-1.5182E-01	-1.4433E-01	-1.5687E-01
-1.7941E-01	-1.5179E-01	-1.6081E-01	-1.5361E-01	-1.6560E-01
-1.8757E-01	-1.6140E-01	-1.6994E-01	-1.6307E-01	-1.7446E-01
-1.9580E-01	-1.7113E-01	-1.7918E-01	-1.7266E-01	-1.8342E-01
-2.0406E-01	-1.8093E-01	-1.8847E-01	-1.8232E-01	-1.9243E-01
-2.1230E-01	-1.9075E-01	-1.9777E-01	-1.9201E-01	-2.0145E-01
-2.2048E-01	-2.0054E-01	-2.0703E-01	-2.0167E-01	-2.1043E-01
-2.2858E-01	-2.1024E-01	-2.1621E-01	-2.1125E-01	-2.1932E-01
-2.3653E-01	-2.1981E-01	-2.2525E-01	-2.2071E-01	-2.2809E-01
-2.4432E-01	-2.2920E-01	-2.3411E-01	-2.2999E-01	-2.3667E-01
-2.5189E-01	-2.3835E-01	-2.4275E-01	-2.3904E-01	-2.4503E-01
-2.5920E-01	-2.4721E-01	-2.5111E-01	-2.4781E-01	-2.5312E-01
-2.6622E-01	-2.5574E-01	-2.5914E-01	-2.5625E-01	-2.6090E-01
-2.7291E-01	-2.6388E-01	-2.6681E-01	-2.6431E-01	-2.6832E-01
-2.7923E-01	-2.7157E-01	-2.7406E-01	-2.7193E-01	-2.7534E-01
-2.8513E-01	-2.7878E-01	-2.8084E-01	-2.7907E-01	-2.8190E-01
-2.9058E-01	-2.8544E-01	-2.8711E-01	-2.8567E-01	-2.8797E-01
-2.9554E-01	-2.9152E-01	-2.9282E-01	-2.9169E-01	-2.9349E-01
-2.9997E-01	-2.9694E-01	-2.9792E-01	-2.9707E-01	-2.9842E-01
-3.0382E-01	-3.0167E-01	-3.0237E-01	-3.0176E-01	-3.0273E-01
-3.0706E-01	-3.0566E-01	-3.0612E-01	-3.0572E-01	-3.0635E-01
-3.0966E-01	-3.0885E-01	-3.0911E-01	-3.0888E-01	-3.0924E-01
-3.1156E-01	-3.1119E-01	-3.1131E-01	-3.1120E-01	-3.1137E-01
-3.1272E-01	-3.1263E-01	-3.1266E-01	-3.1264E-01	-3.1268E-01
-3.1312E-01	-3.1312E-01	-3.1312E-01	-3.1312E-01	-3.1312E-01
