# NPATCH 1 1
# NPCOL 1 1
# NPROW 1 1
# PEDGE 1107 3
!B NPATCH 1 1
1.00000000
!B NPCOL 1 1
26.00000000
!B NPROW 1 1
40.00000000
!B PEDGE 1107 3
 1.17863259  1.17863292  1.17863324
 1.17863357  1.17863390  1.17863424
 1.17863457  1.17863490  1.17863523
 1.17863556  1.17863589  1.17863622
 1.17863655  1.17863688  1.17863721
 1.17863754  1.17863786  1.17863819
 1.17863852  1.17863884  1.17863905
 1.17863878  1.17863846  1.17863814
 1.17863781  1.17863747  1.17863714
 1.17863681  1.17863649  1.17863616
 1.17863583  1.17863551  1.17863518
 1.17863486  1.17863454  1.17863422
 1.17863389  1.17863357  1.17863325
 1.17863292  1.17863259  0.53356243
 0.59726263  0.66207455  0.72720000
 0.79246498  0.85778744  0.92312564
 0.98842967  1.05355935  1.11861803
 1.18365329  1.24870004  1.31375808
 1.37877076  1.44378196  1.50879132
 1.57372454  1.63843913  1.70286488
 1.76661165  1.80706076  1.75374019
 1.69179919  1.62736700  1.56216561
 1.49685546  1.43168449  1.36669516
 1.30187464  1.23729285  1.17297931
 1.10889556  1.04499047  0.98122457
 0.91746705  0.85373315  0.79004494
 0.72636629  0.66229517  0.59772224
 0.53356243  0.53340604  0.59980697
 0.66729274  0.73513282  0.80317739
 0.87129064  0.93942723  1.00751802
 1.07544556  1.14328181  1.21111172
 1.27895947  1.34682710  1.41471749
 1.48262850  1.55050199  1.61826521
 1.68582838  1.75304003  1.81936882
 1.86174954  1.80670550  1.74215864
 1.67491459  1.60690347  1.53879110
 1.47081875  1.40297603  1.33527679
 1.26780408  1.20052943  1.13353845
 1.06679198  1.00024325  0.93374249
 0.86727063  0.80081141  0.73440192
 0.66756389  0.60021403  0.53340604
 0.42116887  0.49548523  0.57054296
 0.64618632  0.72251374  0.79943090
 0.87668112  0.95399905  1.03130832
 1.10856543  1.18581143  1.26306502
 1.34033148  1.41759890  1.49482643
 1.57171059  1.64787393  1.72323761
 1.79757377  1.87010443  1.92263121
 1.86498370  1.79328064  1.71757899
 1.64063235  1.56335208  1.48604313
 1.40878810  1.33166682  1.25471566
 1.17798180  1.10157171  1.02555759
 0.94991867  0.87447627  0.79913900
 0.72398037  0.64876835  0.57318834
 0.49711322  0.42116887  0.25069133
 0.33616199  0.42186303  0.50803727
 0.59506698  0.68333505  0.77279593
 0.86317800  0.95375002  1.04433154
 1.13493158  1.22552775  1.31612422
 1.40673079  1.49733126  1.58699387
 1.67466985  1.76050398  1.84436326
 1.92519041  1.98551569  1.92520342
 1.84562405  1.76124246  1.67309003
 1.58358926  1.49325425  1.40268820
 1.31221002  1.22218980  1.13216721
 1.04284293  0.95374257  0.86535867
 0.77745910  0.68979195  0.60233416
 0.51481708  0.42687719  0.33858225
 0.25069133  0.11586727  0.21021484
 0.30599134  0.40255740  0.50003221
 0.59864606  0.69843471  0.79937028
 0.90104759  1.00273507  1.10442342
 1.20611387  1.30780597  1.40948322
 1.51115710  1.61217044  1.71166559
 1.80933806  1.90438329  1.99411542
 2.04426915  1.97268203  1.89020579
 1.79732616  1.70142157  1.60310110
 1.50276013  1.40131785  1.29962202
 1.19798264  1.09673544  0.99609013
 0.89628021  0.79731770  0.70051937
 0.60297692  0.50551735  0.40790918
 0.30985239  0.21390353  0.11586727
 0.04917355  0.15033813  0.25358004
 0.35731289  0.46158056  0.56699274
 0.67352119  0.78090348  0.88897601
 0.99707516  1.10517478  1.21327439
 1.32137454  1.42947789  1.53756915
 1.64538968  1.75245060  1.85818450
 1.96151659  2.05882422  2.08957485
 2.01553796  1.92844105  1.83295309
 1.73233348  1.62791545  1.52115690
 1.41319737  1.30507232  1.19699858
 1.08937160  0.98238928  0.87633972
 0.77093592  0.66871104  0.56536258
 0.46190325  0.35822465  0.25417403
 0.15234030  0.04917355 -0.00540697
 0.10177160  0.21057719  0.31937288
 0.42832311  0.53841855  0.64966754
 0.76170152  0.87437136  0.98713101
 1.09989085  1.21265076  1.32541037
 1.43816953  1.55092106  1.66357482
 1.77578247  1.88710925  1.99647732
 2.09979231  2.12214075  2.04708516
 1.95717410  1.85850708  1.75339739
 1.64426684  1.53271294  1.42007640
 1.30728549  1.19451406  1.08193404
 0.97026467  0.85966434  0.75016823
 0.64306530  0.53529604  0.42726608
 0.31877727  0.21002981  0.10162588
-0.00540697  0.00956597  0.11534172
 0.22280549  0.33024266  0.43779037
 0.54641053  0.65620045  0.76677812
 0.87803467  0.98934722  1.10066039
 1.21197365  1.32328659  1.43459958
 1.54590930  1.65707391  1.76768240
 1.87721473  1.98455147  2.08566610
 2.10901019  2.03433523  1.94512497
 1.84754765  1.74373085  1.63597377
 1.52589205  1.41468924  1.30334425
 1.19204123  1.08111835  0.97095634
 0.86181952  0.75338984  0.64820644
 0.54182632  0.43522004  0.32831253
 0.22097963  0.11535126  0.00956597
 0.08110880  0.17972290  0.27895685
 0.37920577  0.48046865  0.58297620
 0.68657338  0.79113368  0.89637885
 1.00165789  1.10693682  1.21221581
 1.31749484  1.42277351  1.52804852
 1.63289334  1.73674482  1.83907348
 1.93890516  2.03304136  2.07221354
 1.99826548  1.91369490  1.81962943
 1.72162096  1.62011221  1.51626503
 1.41117762  1.30587441  1.20064695
 1.09586234  0.99170950  0.88840308
 0.78584208  0.68604600  0.58530663
 0.48454999  0.38357500  0.28229666
 0.18283365  0.08110880  0.14349533
 0.23638259  0.32939916  0.42304142
 0.51748647  0.61303349  0.70978831
 0.80775103  0.90647929  1.00521865
 1.10395752  1.20269144  1.30141861
 1.40017100  1.49893610  1.59672891
 1.69255602  1.78649341  1.87797218
 1.96489216  2.02137292  1.95342287
 1.87093582  1.77976032  1.68538031
 1.58914694  1.49136107  1.39280127
 1.29404698  1.19535871  1.09699051
 0.99915149  0.90208744  0.80593139
 0.71185770  0.61681618  0.52199951
 0.42711862  0.33172306  0.23918328
 0.14349533  0.32195284  0.40271916
 0.48386539  0.56553282  0.64803606
 0.73159642  0.81604242  0.90097785
 0.98597703  1.07098747  1.15600166
 1.24101459  1.32602615  1.41103966
 1.49601511  1.58017335  1.66273230
 1.74382455  1.82338921  1.90059723
 1.95938008  1.90127423  1.82473987
 1.74373145  1.66000400  1.57539328
 1.49043864  1.40542929  1.32054392
 1.23599591  1.15152813  1.06761900
 0.98400065  0.90095946  0.81818148
 0.73565027  0.65333491  0.57096212
 0.48819787  0.40486446  0.32195284
 0.50681497  0.57610700  0.64639269
 0.71711929  0.78821982  0.85949700
 0.93086766  1.00223321  1.07351771
 1.14472654  1.21594339  1.28716806
 1.35840706  1.42966036  1.50089845
 1.57198420  1.64276904  1.71316601
 1.78292111  1.85131169  1.89588210
 1.83961888  1.77259603  1.70239794
 1.63125973  1.55989053  1.48856314
 1.41735795  1.34632483  1.27551677
 1.20491753  1.13463605  1.06468043
 0.99502257  0.92545984  0.85595558
 0.78648644  0.71705905  0.64717801
 0.57676335  0.50681497  0.53419113
 0.59938326  0.66574448  0.73243655
 0.79928987  0.86620732  0.93314786
 1.00004297  1.06677618  1.13343758
 1.20007920  1.26673506  1.33340915
 1.40007018  1.46675154  1.53340553
 1.59995657  1.66627795  1.73227372
 1.79747895  1.83895076  1.78456943
 1.72118580  1.65517901  1.58837980
 1.52146364  1.45468272  1.38806395
 1.32161395  1.25538079  1.18939228
 1.12366878  1.05814714  0.99281323
 0.92750736  0.86219729  0.79693473
 0.73167881  0.66603632  0.59985232
 0.53419113  0.53212662  0.59484726
 0.65858295  0.72263216  0.78682144
 0.85106577  0.91532045  0.97955214
 1.04360280  1.10757201  1.17152205
 1.23548689  1.29945635  1.36336564
 1.42724975  1.49114324  1.55497621
 1.61860613  1.68196352  1.74468978
 1.78438553  1.73191128  1.67095030
 1.60757130  1.54345093  1.47922222
 1.41513617  1.35123921  1.28750119
 1.22404000  1.16083976  1.09785500
 1.03504513  0.97234190  0.90960985
 0.84697988  0.78434456  0.72175994
 0.65874584  0.59527925  0.53212662
 0.53029222  0.59058251  0.65167432
 0.71304052  0.77454562  0.83609428
 0.89764648  0.95916380  1.02051974
 1.08173869  1.14294821  1.20417447
 1.26542912  1.32668091  1.38789518
 1.44904971  1.51014246  1.57106662
 1.63178503  1.69188410  1.72932628
 1.67905622  1.62062306  1.55985692
 1.49841163  1.43688129  1.37549896
 1.31431972  1.25331337  1.19259447
 1.13213353  1.07185791  1.01175659
 0.95175393  0.89172157  0.83171117
 0.77174331  0.71180179  0.65145281
 0.59068932  0.53029222  0.52767601
 0.58518262  0.64367227  0.70240171
 0.76125673  0.82015607  0.87905156
 0.93787193  0.99652924  1.05507024
 1.11361962  1.17220299  1.23081342
 1.28944332  1.34804362  1.40653646
 1.46490895  1.52318286  1.58123036
 1.63868333  1.67400377  1.62613557
 1.57018456  1.51199026  1.45317107
 1.39428874  1.33557330  1.27706693
 1.21874281  1.16064048  1.10283219
 1.04520512  0.98778263  0.93042805
 0.87307488  0.81576702  0.75851554
 0.70119245  0.64351541  0.58537983
 0.52767601  0.52457213  0.57923874
 0.63514317  0.69126169  0.74748611
 0.80374154  0.85998250  0.91613938
 0.97209451  1.02794252  1.08384305
 1.13984105  1.19583947  1.25180011
 1.30766177  1.36347406  1.41921021
 1.47482739  1.53023102  1.58503727
 1.61839995  1.57271384  1.51920219
 1.46358147  1.40739925  1.35117271
 1.29512354  1.23929132  1.18361001
 1.12808080  1.07281525  1.01780899
 0.96303984  0.90842016  0.85383490
 0.79927426  0.74467439  0.68998276
 0.63492898  0.57945692  0.52457213
 0.50463978  0.55768746  0.61184837
 0.66618147  0.72060520  0.77504794
 0.82948651  0.88383143  0.93796959
 0.99202470  1.04616779  1.10036760
 1.15458108  1.20874298  1.26280630
 1.31680226  1.37075655  1.42464593
 1.47831409  1.53138668  1.56261378
 1.51854253  1.46673691  1.41292600
 1.35856321  1.30414157  1.24988469
 1.19581900  1.14187982  1.08815370
 1.03471931  0.98150492  0.92843599
 0.87566786  0.82281620  0.76983979
 0.71703396  0.66428402  0.61122288
 0.55763226  0.50463978  0.46784549
 0.52003386  0.57321401  0.62658443
 0.68005323  0.73355137  0.78702686
 0.84041961  0.89364610  0.94683411
 1.00008156  1.05331659  1.10668756
 1.15998761  1.21325869  1.26644589
 1.31947820  1.37232636  1.42506813
 1.47734060  1.50821079  1.46494377
 1.41416393  1.36135408  1.30794440
 1.25446259  1.20110146  1.14795726
 1.09500611  1.04211652  0.98943285
 0.93698408  0.88485828  0.83291089
 0.78106511  0.72918117  0.67727387
 0.62533685  0.57304992  0.52027342
 0.46784549  0.43210341  0.48331065
 0.53550153  0.58786457  0.64032201
 0.69281173  0.74529308  0.79771051
 0.85001993  0.90226048  0.95450775
 1.00676520  1.05904779  1.11137625
 1.16367545  1.21588285  1.26799783
 1.31996555  1.37169987  1.42290577
 1.45391216  1.41097620  1.36123032
 1.30945350  1.25706621  1.20458075
 1.15219679  1.09998716  1.04792035
 0.99603003  0.94434524  0.89289812
 0.84171891  0.79069904  0.73970041
 0.68873169  0.63779742  0.58679253
 0.53541110  0.48355812  0.43210341
 0.39626431  0.44629142  0.49742321
 0.54869928  0.60004773  0.65142878
 0.70281058  0.75416112  0.80542918
 0.85662921  0.90783231  0.95905451
 1.01027062  1.06150847  1.11273380
 1.16390700  1.21497243  1.26587835
 1.31649391  1.36634963  1.39754993
 1.35519001  1.30644491  1.25576342
 1.20449730  1.15311873  1.10181641
 1.05065795  0.99965593  0.94883438
 0.89821368  0.84782475  0.79767987
 0.74770272  0.69778054  0.64783077
 0.59785354  0.54776607  0.49732758
 0.44650542  0.39626431  0.36053920
 0.40942749  0.45951973  0.50973972
 0.56002814  0.61034827  0.66066781
 0.71096978  0.76121468  0.81142832
 0.86163900  0.91184038  0.96204567
 1.01225336  1.06245177  1.11259907
 1.16264089  1.21254146  1.26215010
 1.31098590  1.34166767  1.30035798
 1.25259213  1.20297360  1.15277838
 1.10246132  1.05219288  1.00205001
 0.95206062  0.90227501  0.85268038
 0.80332987  0.75418472  0.70519845
 0.65619341  0.60716674  0.55812327
 0.50896342  0.45950330  0.40966403
 0.36053920  0.32462611  0.37259076
 0.42167198  0.47087050  0.52013491
 0.56942846  0.61872409  0.66800601
 0.71725112  0.76647737  0.81570470
 0.86492207  0.91413519  0.96334939
 1.01255799  1.06170814  1.11076796
 1.15968753  1.20832706  1.25618713
 1.28641463  1.24584888  1.19909428
 1.15051447  1.10137151  1.05208533
 1.00282604  0.95368302  0.90469567
 0.85588784  0.80728856  0.75890350
 0.71072413  0.66264378  0.61456451
 0.56647427  0.51833387  0.47009832
 0.42157749  0.37270327  0.32462611
 0.28866814  0.33569769  0.38378455
 0.43198305  0.48023973  0.52852328
 0.57681162  0.62509252  0.67335075
 0.72159875  0.76983980  0.81808129
 0.86631945  0.91455022  0.96276310
 1.01093188  1.05903008  1.10700573
 1.15471096  1.20164405  1.23137841
 1.19163484  1.14589762  1.09835589
 1.05025145  1.00197861  0.95371402
 0.90555631  0.85754043  0.80968943
 0.76203204  0.71457384  0.66731273
 0.62016328  0.57301913  0.52584931
 0.47863236  0.43129798  0.38372009
 0.33582113  0.28866814  0.25289959
 0.29885682  0.34595558  0.39315306
 0.44040202  0.48767309  0.53495148
 0.58222728  0.62949243  0.67675112
 0.72400356  0.77125452  0.81850029
 0.86574143  0.91296844  0.96015783
 1.00727823  1.05428349  1.10105713
 1.14708249  1.17630624  1.13748728
 1.09269036  1.04623123  0.99916256
 0.95190798  0.90464523  0.85746373
 0.81041263  0.76350080  0.71679242
 0.67027123  0.62390738  0.57765612
 0.53141977  0.48519719  0.43890518
 0.39255610  0.34591851  0.29902350
 0.25289959  0.72065036  0.72065068
 0.72065101  0.72065134  0.72065167
 0.72065200  0.72065233  0.72065266
 0.72065299  0.72065333  0.72065366
 0.72065399  0.72065432  0.72065465
 0.72065498  0.72065531  0.72065564
 0.72065597  0.72065630  0.72065662
 0.72065682  0.72065655  0.72065624
 0.72065591  0.72065558  0.72065525
 0.72065492  0.72065459  0.72065426
 0.72065393  0.72065361  0.72065328
 0.72065296  0.72065263  0.72065231
 0.72065199  0.72065166  0.72065134
 0.72065101  0.72065068  0.72065036
 0.13263882  0.13263876  0.13263871
 0.13263869  0.13263867  0.13263866
 0.13263866  0.13263867  0.13263870
 0.13263873  0.13263876  0.13263879
 0.13263882  0.13263886  0.13263889
 0.13263892  0.13263896  0.13263901
 0.13263906  0.13263913  0.13263932
 0.13263951  0.13263961  0.13263966
 0.13263968  0.13263968  0.13263965
 0.13263962  0.13263958  0.13263953
 0.13263947  0.13263940  0.13263934
 0.13263926  0.13263919  0.13263912
 0.13263904  0.13263897  0.13263890
 0.13263885  0.13263882  0.07817166
 0.06625197  0.05804211  0.05281629
 0.04974018  0.04833070  0.04812367
 0.05001838  0.05521293  0.06126039
 0.06755639  0.07373239  0.07978852
 0.08630771  0.09284584  0.09940260
 0.10666288  0.11566472  0.12653564
 0.14077231  0.17760062  0.21436583
 0.23479501  0.24539728  0.24933978
 0.24805584  0.24341032  0.23667319
 0.22848147  0.21857414  0.20704674
 0.19430348  0.18069279  0.16644027
 0.15215028  0.13775532  0.12316035
 0.10852403  0.09575084  0.08580877
 0.07817166  0.07760892  0.06481068
 0.05543328  0.04910739  0.04555967
 0.04369955  0.04381094  0.04623285
 0.05157085  0.05799730  0.06448944
 0.07079385  0.07687959  0.08270425
 0.08828237  0.09429827  0.10144124
 0.11026843  0.12144937  0.13694619
 0.17591137  0.21505038  0.23647976
 0.24723453  0.25099776  0.24941026
 0.24467619  0.23833309  0.23060689
 0.22110495  0.21029153  0.19783709
 0.18413693  0.16949710  0.15464108
 0.13965632  0.12461597  0.10936024
 0.09612917  0.08582573  0.07760892
 0.07983089  0.05971847  0.04116404
 0.02517386  0.01290155  0.00512840
 0.00208482  0.00160996  0.00280257
 0.00590928  0.00928732  0.01249438
 0.01536856  0.01822391  0.02197997
 0.03005236  0.04330753  0.06054876
 0.08177089  0.10845705  0.15735704
 0.20673326  0.23520701  0.25064202
 0.25804562  0.26019646  0.25923851
 0.25613847  0.25063581  0.24310522
 0.23361048  0.22181484  0.20767885
 0.19164817  0.17471172  0.15731546
 0.13915998  0.12122890  0.10492990
 0.09113375  0.07983089  0.08277970
 0.05387616  0.02444407 -0.00356704
-0.02877456 -0.04919877 -0.06345523
-0.06950059 -0.07226537 -0.07470051
-0.07628846 -0.07807434 -0.07987456
-0.08100593 -0.08025087 -0.06776074
-0.04496599 -0.01598110  0.01830640
 0.05917857  0.12172069  0.18583575
 0.22897033  0.26157077  0.28232520
 0.29623658  0.30296239  0.30556912
 0.30298409  0.29558828  0.28672533
 0.27229572  0.25592508  0.23596240
 0.21396800  0.19104778  0.16733949
 0.14385220  0.12201030  0.10166953
 0.08277970  0.08613897  0.04964039
 0.01539213 -0.01655846 -0.04560452
-0.07050299 -0.09013759 -0.10235985
-0.10515570 -0.10761479 -0.11003780
-0.11237092 -0.11463103 -0.11747091
-0.12041220 -0.10911991 -0.08809618
-0.05976896 -0.02363254  0.02401115
 0.10280737  0.17372147  0.23262367
 0.27389169  0.30772228  0.33365467
 0.35005254  0.35732458  0.35861564
 0.35488780  0.34523981  0.33059779
 0.31102524  0.28752995  0.25684009
 0.22799999  0.19887984  0.17026362
 0.14322641  0.11072678  0.08613897
 0.08042747  0.04548676  0.01331921
-0.01722671 -0.04588787 -0.06995004
-0.08845696 -0.10103670 -0.10460363
-0.10750482 -0.11038862 -0.11327292
-0.11613687 -0.11887689 -0.12017804
-0.11211704 -0.09702977 -0.07446608
-0.04278571  0.00386994  0.09043593
 0.16905800  0.23292381  0.28354525
 0.32301568  0.35090532  0.36776648
 0.37364847  0.37482011  0.37148656
 0.36114350  0.34547255  0.32436111
 0.30020253  0.26600283  0.23417650
 0.20271319  0.17198146  0.14253502
 0.10855471  0.08042747  0.07657244
 0.04475885  0.01501399 -0.01476704
-0.04396509 -0.06845421 -0.08699110
-0.10000165 -0.10483019 -0.10777516
-0.11071298 -0.11364810 -0.11659481
-0.11955812 -0.12084792 -0.11540191
-0.10400161 -0.08596905 -0.05859910
-0.01413447  0.07850392  0.16247564
 0.23050198  0.28494716  0.32568751
 0.35401208  0.37022600  0.37572734
 0.37457642  0.37218456  0.36611952
 0.35033620  0.32822873  0.30116733
 0.26622025  0.23291842  0.20047493
 0.16959616  0.13963998  0.10856837
 0.07657244  0.07451481  0.04321458
 0.01403835 -0.01523571 -0.04409531
-0.06854750 -0.08705539 -0.10003540
-0.10433240 -0.10737028 -0.11038586
-0.11339840 -0.11642230 -0.11944293
-0.12063456 -0.11438854 -0.10168821
-0.08176283 -0.05236463 -0.00641792
 0.08386865  0.16626057  0.23280586
 0.28626100  0.32635973  0.35420513
 0.37057617  0.37608448  0.37705086
 0.37421590  0.36459918  0.34846141
 0.32640014  0.30106216  0.26538626
 0.23247815  0.20031078  0.16916064
 0.13951022  0.10570470  0.07451481
 0.08606208  0.05035999  0.01510290
-0.01714778 -0.04605228 -0.07014891
-0.08901112 -0.10131464 -0.10472343
-0.10743644 -0.11015390 -0.11286870
-0.11558238 -0.11830977 -0.11997793
-0.11026692 -0.09288610 -0.06807564
-0.03468582  0.01214525  0.09564691
 0.17027761  0.23251544  0.27978801
 0.31821456  0.34606156  0.36324118
 0.36977519  0.37074940  0.36677413
 0.35634887  0.34083098  0.32039239
 0.29648124  0.26410867  0.23340730
 0.20276306  0.17284772  0.14397680
 0.11097345  0.08606208  0.08489351
 0.05299600  0.01976309 -0.01166077
-0.04056490 -0.06558552 -0.08537924
-0.09774565 -0.10058996 -0.10327182
-0.10597124 -0.10884566 -0.11194368
-0.11402292 -0.11544450 -0.10307238
-0.07922686 -0.04874184 -0.01154831
 0.03519340  0.10917069  0.17858430
 0.23224013  0.26984255  0.29890738
 0.32105775  0.33477316  0.34117614
 0.34200866  0.33826649  0.32939881
 0.31590373  0.29762975  0.27505260
 0.24627664  0.21937848  0.19169450
 0.16423252  0.13861983  0.10781273
 0.08489351  0.08145599  0.05623044
 0.03088088  0.00727219 -0.01319562
-0.02877078 -0.03840479 -0.04172154
-0.04331398 -0.04409817 -0.04417562
-0.04460134 -0.04527670 -0.04531752
-0.04316843 -0.03145553 -0.01125576
 0.01422010  0.04413115  0.07963755
 0.13580345  0.19441181  0.23118333
 0.25663653  0.27113477  0.27911909
 0.28193342  0.28222462  0.27845447
 0.27098954  0.26201706  0.24871740
 0.23344507  0.21524810  0.19587924
 0.17548421  0.15423290  0.13320652
 0.11378824  0.09701153  0.08145599
 0.07758732  0.06263204  0.05019708
 0.04060761  0.03435626  0.03057861
 0.02986214  0.03117538  0.03480579
 0.03975143  0.04457940  0.04929309
 0.05378334  0.05803619  0.06252530
 0.06898099  0.07815432  0.08992584
 0.10502591  0.12535792  0.16924091
 0.21192622  0.23605211  0.24872320
 0.25436544  0.25500358  0.25242093
 0.24746076  0.24044639  0.23144161
 0.22092114  0.20846007  0.19428120
 0.17869542  0.16269000  0.14643377
 0.13002671  0.11344645  0.09890946
 0.08724818  0.07758732  0.07794013
 0.06540293  0.05666783  0.05093787
 0.04752926  0.04575126  0.04550466
 0.04774016  0.05300478  0.05912958
 0.06546683  0.07165237  0.07763817
 0.08376467  0.08966836  0.09587114
 0.10308219  0.11215986  0.12335445
 0.13837578  0.17645696  0.21449902
 0.23564726  0.24654281  0.25059600
 0.24933764  0.24473229  0.23817903
 0.23009077  0.22038273  0.20913012
 0.19642159  0.18271162  0.16812631
 0.15341690  0.13872490  0.12382386
 0.10889460  0.09580675  0.08580423
 0.07794013  0.07820367  0.06679195
 0.05869954  0.05362005  0.05073909
 0.04962206  0.04967287  0.05127270
 0.05634262  0.06240034  0.06865899
 0.07476426  0.08082096  0.08747566
 0.09437295  0.10118352  0.10853027
 0.11746537  0.12815380  0.14201420
 0.17823280  0.21427805  0.23422816
 0.24456324  0.24843443  0.24716114
 0.24254393  0.23577917  0.22767073
 0.21761409  0.20601980  0.19330599
 0.17975640  0.16571797  0.15181437
 0.13745302  0.12311581  0.10856011
 0.09601585  0.08600202  0.07820367
 0.07836803  0.06802130  0.06050638
 0.05572303  0.05323598  0.05233029
 0.05303005  0.05520249  0.06010281
 0.06654887  0.07308498  0.07946150
 0.08556009  0.09168713  0.09817686
 0.10520756  0.11275371  0.12155073
 0.13166583  0.14485262  0.17965926
 0.21415072  0.23313364  0.24272919
 0.24611797  0.24482818  0.24026835
 0.23346792  0.22525884  0.21514282
 0.20358185  0.19108769  0.17777889
 0.16403126  0.15041395  0.13670092
 0.12280255  0.10879315  0.09668309
 0.08684416  0.07836803  0.07923050
 0.06935846  0.06240182  0.05794230
 0.05554590  0.05480769  0.05572596
 0.05882226  0.06417053  0.07070832
 0.07717165  0.08331574  0.08920009
 0.09488668  0.10086693  0.10781639
 0.11571678  0.12431374  0.13431060
 0.14719635  0.18071625  0.21396040
 0.23196166  0.24086135  0.24375956
 0.24257561  0.23790561  0.23108681
 0.22284994  0.21316422  0.20186070
 0.18965932  0.17652847  0.16310241
 0.14967034  0.13604639  0.12218728
 0.10862973  0.09668722  0.08722133
 0.07923050  0.07938744  0.06969703
 0.06339940  0.05949357  0.05751999
 0.05693222  0.05827175  0.06163225
 0.06743013  0.07420687  0.08054698
 0.08597000  0.09138967  0.09718370
 0.10386368  0.11094826  0.11860391
 0.12708058  0.13684957  0.14944255
 0.18181564  0.21351082  0.23051376
 0.23872946  0.24137983  0.23976868
 0.23496533  0.22805228  0.22000875
 0.21097617  0.20045406  0.18864863
 0.17578416  0.16229754  0.14867244
 0.13494902  0.12138237  0.10819357
 0.09663125  0.08727820  0.07938744
 0.08357766  0.07476265  0.06924094
 0.06581285  0.06437349  0.06424349
 0.06501416  0.06813495  0.07387391
 0.08037318  0.08608785  0.09124101
 0.09625474  0.10179340  0.10822382
 0.11520059  0.12249262  0.13024689
 0.13939057  0.15144515  0.18329323
 0.21410770  0.23051647  0.23856731
 0.24127034  0.24004026  0.23559231
 0.22918826  0.22178846  0.21299319
 0.20255848  0.19104953  0.17889387
 0.16548816  0.15241986  0.13986095
 0.12660379  0.11312480  0.10094949
 0.09139403  0.08357766  0.09251176
 0.08368813  0.07788682  0.07421379
 0.07245599  0.07247492  0.07402343
 0.07735693  0.08273948  0.08850608
 0.09369783  0.09900225  0.10270288
 0.10731635  0.11226014  0.11802547
 0.12507519  0.13339576  0.14236805
 0.15367737  0.18467651  0.21511354
 0.23160277  0.23996818  0.24283049
 0.24188253  0.23809590  0.23196739
 0.22432638  0.21627308  0.20697141
 0.19642429  0.18438432  0.17158926
 0.15838880  0.14533896  0.13238178
 0.11954543  0.10823678  0.09951022
 0.09251176  0.10086810  0.09252501
 0.08691442  0.08324271  0.08130730
 0.08073010  0.08179885  0.08459642
 0.08898759  0.09414560  0.09923549
 0.10422047  0.10893041  0.11310441
 0.11762437  0.12310333  0.12939953
 0.13681005  0.14569714  0.15718757
 0.18691815  0.21600694  0.23248438
 0.24095871  0.24399536  0.24343240
 0.24011702  0.23466836  0.22798937
 0.22005496  0.21087864  0.20044792
 0.18877614  0.17642044  0.16397713
 0.15141200  0.13870785  0.12629249
 0.11556413  0.10741641  0.10086810
 0.10908923  0.10106926  0.09599981
 0.09265567  0.09071680  0.09004271
 0.09063198  0.09250401  0.09596592
 0.10033815  0.10467494  0.10878080
 0.11296136  0.11686739  0.12093338
 0.12560356  0.13132940  0.13832600
 0.14716961  0.15950175  0.18861474
 0.21674052  0.23271344  0.24101259
 0.24433033  0.24415101  0.24128421
 0.23647148  0.23021162  0.22262032
 0.21378951  0.20371976  0.19249602
 0.18054420  0.16836459  0.15629863
 0.14434658  0.13286816  0.12306604
 0.11550741  0.10908923  0.11721617
 0.10932413  0.10453685  0.10131829
 0.09946841  0.09890478  0.09951485
 0.10097210  0.10377990  0.10711359
 0.11049196  0.11400547  0.11746285
 0.12088499  0.12444103  0.12864377
 0.13395730  0.14045902  0.14888550
 0.16090968  0.18932114  0.21710694
 0.23272524  0.24095503  0.24437793
 0.24467597  0.24240407  0.23816032
 0.23238965  0.22505460  0.21652567
 0.20668051  0.19585394  0.18432746
 0.17288083  0.16152682  0.15024586
 0.13948650  0.13022016  0.12329055
 0.11721617  0.12490973  0.11745078
 0.11287696  0.10977635  0.10802145
 0.10749277  0.10782507  0.10901353
 0.11126825  0.11391289  0.11653737
 0.11934085  0.12221993  0.12507991
 0.12803329  0.13182501  0.13664725
 0.14272137  0.15071576  0.16239749
 0.19033415  0.21731753  0.23271705
 0.24094056  0.24468792  0.24539588
 0.24358468  0.23971801  0.23422306
 0.22730187  0.21904438  0.20961140
 0.19917450  0.18828894  0.17739843
 0.16655643  0.15593968  0.14576609
 0.13707528  0.13066355  0.12490973
 0.13250540  0.12531887  0.12094040
 0.11800288  0.11626802  0.11558867
 0.11573119  0.11659220  0.11830209
 0.12029005  0.12244166  0.12458370
 0.12679799  0.12916897  0.13187271
 0.13527067  0.13954668  0.14502263
 0.15246868  0.16367265  0.19112971
 0.21746105  0.23269668  0.24102173
 0.24511172  0.24609174  0.24469274
 0.24117963  0.23606767  0.22958969
 0.22181317  0.21290015  0.20299302
 0.19256453  0.18211186  0.17177562
 0.16165718  0.15210627  0.14386494
 0.13778604  0.13250540  0.13993931
 0.13295966  0.12887473  0.12612915
 0.12447574  0.12367922  0.12360323
 0.12405049  0.12516336  0.12653381
 0.12810526  0.12972079  0.13148152
 0.13336122  0.13556343  0.13845427
 0.14230492  0.14736583  0.15421776
 0.16487197  0.19164080  0.21755452
 0.23245088  0.24108134  0.24540257
 0.24673340  0.24566828  0.24268655
 0.23807710  0.23220804  0.22490073
 0.21647601  0.20722375  0.19742197
 0.18754960  0.17761308  0.16800624
 0.15867858  0.15094141  0.14497812
 0.13993931  0.17120350  0.17120345
 0.17120342  0.17120340  0.17120339
 0.17120338  0.17120338  0.17120339
 0.17120339  0.17120340  0.17120341
 0.17120343  0.17120344  0.17120345
 0.17120347  0.17120349  0.17120351
 0.17120355  0.17120360  0.17120367
 0.17120386  0.17120404  0.17120414
 0.17120421  0.17120424  0.17120424
 0.17120424  0.17120422  0.17120418
 0.17120414  0.17120409  0.17120403
 0.17120397  0.17120390  0.17120383
 0.17120376  0.17120369  0.17120363
 0.17120357  0.17120353  0.17120350
-0.81364829 -0.81364829 -0.81364829
-0.81364829 -0.81364829 -0.81364829
-0.81364829 -0.81364829 -0.81364829
-0.81364829 -0.81364829 -0.81364829
-0.81364829 -0.81364829 -0.81364829
-0.81364829 -0.81364829 -0.81364829
-0.81364829 -0.81364829 -0.81364829
-0.81364829 -0.81364829 -0.81364829
-0.81364829 -0.81364829 -0.81364829
-0.81364829 -0.81364829 -0.81364829
-0.81364829 -0.81364829 -0.81364829
-0.81364829 -0.81364829 -0.81364829
-0.81364829 -0.81364829 -0.81364829
-0.81364829 -0.81364829 -0.81364501
-0.81364501 -0.81364501 -0.81364501
-0.81364501 -0.81364501 -0.81364501
-0.81364501 -0.81364501 -0.81364501
-0.81364501 -0.81364501 -0.81364501
-0.81364501 -0.81364501 -0.81364501
-0.81364501 -0.81364501 -0.81364501
-0.81364501 -0.81364501 -0.81364501
-0.81364501 -0.81364501 -0.81364501
-0.81364501 -0.81364501 -0.81364501
-0.81364501 -0.81364501 -0.81364501
-0.81364501 -0.81364501 -0.81364501
-0.81364501 -0.81364501 -0.81364501
-0.81364501 -0.81364501 -0.81364501
-0.81364501 -0.68432551 -0.68432551
-0.68432551 -0.68432551 -0.68432551
-0.68432551 -0.68432551 -0.68432551
-0.68432551 -0.68432551 -0.68432551
-0.68432551 -0.68432551 -0.68432551
-0.68432551 -0.68432551 -0.68432551
-0.68432551 -0.68432551 -0.68432551
-0.68432551 -0.68432551 -0.68432551
-0.68432551 -0.68432551 -0.68432551
-0.68432551 -0.68432551 -0.68432551
-0.68432551 -0.68432551 -0.68432551
-0.68432551 -0.68432551 -0.68432551
-0.68432551 -0.68432551 -0.68432551
-0.68432551 -0.68432551 -0.68432551
-0.55500601 -0.55500601 -0.55500601
-0.55500601 -0.55500601 -0.55500601
-0.55500601 -0.55500601 -0.55500601
-0.55500601 -0.55500601 -0.55500601
-0.55500601 -0.55500601 -0.55500601
-0.55500601 -0.55500601 -0.55500601
-0.55500601 -0.55500601 -0.55500601
-0.55500601 -0.55500601 -0.55500601
-0.55500601 -0.55500601 -0.55500601
-0.55500601 -0.55500601 -0.55500601
-0.55500601 -0.55500601 -0.55500601
-0.55500601 -0.55500601 -0.55500601
-0.55500601 -0.55500601 -0.55500601
-0.55500601 -0.55500601 -0.42568652
-0.42568652 -0.42568652 -0.42568652
-0.42568652 -0.42568652 -0.42568652
-0.42568652 -0.42568652 -0.42568652
-0.42568652 -0.42568652 -0.42568652
-0.42568652 -0.42568652 -0.42568652
-0.42568652 -0.42568652 -0.42568652
-0.42568652 -0.42568652 -0.42568652
-0.42568652 -0.42568652 -0.42568652
-0.42568652 -0.42568652 -0.42568652
-0.42568652 -0.42568652 -0.42568652
-0.42568652 -0.42568652 -0.42568652
-0.42568652 -0.42568652 -0.42568652
-0.42568652 -0.42568652 -0.42568652
-0.42568652 -0.29636702 -0.29636702
-0.29636702 -0.29636702 -0.29636702
-0.29636702 -0.29636702 -0.29636702
-0.29636702 -0.29636702 -0.29636702
-0.29636702 -0.29636702 -0.29636702
-0.29636702 -0.29636702 -0.29636702
-0.29636702 -0.29636702 -0.29636702
-0.29636702 -0.29636702 -0.29636702
-0.29636702 -0.29636702 -0.29636702
-0.29636702 -0.29636702 -0.29636702
-0.29636702 -0.29636702 -0.29636702
-0.29636702 -0.29636702 -0.29636702
-0.29636702 -0.29636702 -0.29636702
-0.29636702 -0.29636702 -0.29636702
-0.16704752 -0.16704752 -0.16704752
-0.16704752 -0.16704752 -0.16704752
-0.16704752 -0.16704752 -0.16704752
-0.16704752 -0.16704752 -0.16704752
-0.16704752 -0.16704752 -0.16704752
-0.16704752 -0.16704752 -0.16704752
-0.16704752 -0.16704752 -0.16704752
-0.16704752 -0.16704752 -0.16704752
-0.16704752 -0.16704752 -0.16704752
-0.16704752 -0.16704752 -0.16704752
-0.16704752 -0.16704752 -0.16704752
-0.16704752 -0.16704752 -0.16704752
-0.16704752 -0.16704752 -0.16704752
-0.16704752 -0.16704752 -0.03772802
-0.03772802 -0.03772802 -0.03772802
-0.03772802 -0.03772802 -0.03772802
-0.03772802 -0.03772802 -0.03772802
-0.03772802 -0.03772802 -0.03772802
-0.03772802 -0.03772802 -0.03772802
-0.03772802 -0.03772802 -0.03772802
-0.03772802 -0.03772802 -0.03772802
-0.03772802 -0.03772802 -0.03772802
-0.03772802 -0.03772802 -0.03772802
-0.03772802 -0.03772802 -0.03772802
-0.03772802 -0.03772802 -0.03772802
-0.03772802 -0.03772802 -0.03772802
-0.03772802 -0.03772802 -0.03772802
-0.03772802  0.09159148  0.09159148
 0.09159148  0.09159148  0.09159148
 0.09159148  0.09159148  0.09159148
 0.09159148  0.09159148  0.09159148
 0.09159148  0.09159148  0.09159148
 0.09159148  0.09159148  0.09159148
 0.09159148  0.09159148  0.09159148
 0.09159148  0.09159148  0.09159148
 0.09159148  0.09159148  0.09159148
 0.09159148  0.09159148  0.09159148
 0.09159148  0.09159148  0.09159148
 0.09159148  0.09159148  0.09159148
 0.09159148  0.09159148  0.09159148
 0.09159148  0.09159148  0.09159148
 0.22091098  0.22091098  0.22091098
 0.22091098  0.22091098  0.22091098
 0.22091098  0.22091098  0.22091098
 0.22091098  0.22091098  0.22091098
 0.22091098  0.22091098  0.22091098
 0.22091098  0.22091098  0.22091098
 0.22091098  0.22091098  0.22091098
 0.22091098  0.22091098  0.22091098
 0.22091098  0.22091098  0.22091098
 0.22091098  0.22091098  0.22091098
 0.22091098  0.22091098  0.22091098
 0.22091098  0.22091098  0.22091098
 0.22091098  0.22091098  0.22091098
 0.22091098  0.22091098  0.35023048
 0.35023048  0.35023048  0.35023048
 0.35023048  0.35023048  0.35023048
 0.35023048  0.35023048  0.35023048
 0.35023048  0.35023048  0.35023048
 0.35023048  0.35023048  0.35023048
 0.35023048  0.35023048  0.35023048
 0.35023048  0.35023048  0.35023048
 0.35023048  0.35023048  0.35023048
 0.35023048  0.35023048  0.35023048
 0.35023048  0.35023048  0.35023048
 0.35023048  0.35023048  0.35023048
 0.35023048  0.35023048  0.35023048
 0.35023048  0.35023048  0.35023048
 0.35023048  0.47954998  0.47954998
 0.47954998  0.47954998  0.47954998
 0.47954998  0.47954998  0.47954998
 0.47954998  0.47954998  0.47954998
 0.47954998  0.47954998  0.47954998
 0.47954998  0.47954998  0.47954998
 0.47954998  0.47954998  0.47954998
 0.47954998  0.47954998  0.47954998
 0.47954998  0.47954998  0.47954998
 0.47954998  0.47954998  0.47954998
 0.47954998  0.47954998  0.47954998
 0.47954998  0.47954998  0.47954998
 0.47954998  0.47954998  0.47954998
 0.47954998  0.47954998  0.47954998
 0.60886948  0.60886948  0.60886948
 0.60886948  0.60886948  0.60886948
 0.60886948  0.60886948  0.60886948
 0.60886948  0.60886948  0.60886948
 0.60886948  0.60886948  0.60886948
 0.60886948  0.60886948  0.60886948
 0.60886948  0.60886948  0.60886948
 0.60886948  0.60886948  0.60886948
 0.60886948  0.60886948  0.60886948
 0.60886948  0.60886948  0.60886948
 0.60886948  0.60886948  0.60886948
 0.60886948  0.60886948  0.60886948
 0.60886948  0.60886948  0.60886948
 0.60886948  0.60886948  0.73818898
 0.73818898  0.73818898  0.73818898
 0.73818898  0.73818898  0.73818898
 0.73818898  0.73818898  0.73818898
 0.73818898  0.73818898  0.73818898
 0.73818898  0.73818898  0.73818898
 0.73818898  0.73818898  0.73818898
 0.73818898  0.73818898  0.73818898
 0.73818898  0.73818898  0.73818898
 0.73818898  0.73818898  0.73818898
 0.73818898  0.73818898  0.73818898
 0.73818898  0.73818898  0.73818898
 0.73818898  0.73818898  0.73818898
 0.73818898  0.73818898  0.73818898
 0.73818898  0.86750848  0.86750848
 0.86750848  0.86750848  0.86750848
 0.86750848  0.86750848  0.86750848
 0.86750848  0.86750848  0.86750848
 0.86750848  0.86750848  0.86750848
 0.86750848  0.86750848  0.86750848
 0.86750848  0.86750848  0.86750848
 0.86750848  0.86750848  0.86750848
 0.86750848  0.86750848  0.86750848
 0.86750848  0.86750848  0.86750848
 0.86750848  0.86750848  0.86750848
 0.86750848  0.86750848  0.86750848
 0.86750848  0.86750848  0.86750848
 0.86750848  0.86750848  0.86750848
 0.99682797  0.99682797  0.99682797
 0.99682797  0.99682797  0.99682797
 0.99682797  0.99682797  0.99682797
 0.99682797  0.99682797  0.99682797
 0.99682797  0.99682797  0.99682797
 0.99682797  0.99682797  0.99682797
 0.99682797  0.99682797  0.99682797
 0.99682797  0.99682797  0.99682797
 0.99682797  0.99682797  0.99682797
 0.99682797  0.99682797  0.99682797
 0.99682797  0.99682797  0.99682797
 0.99682797  0.99682797  0.99682797
 0.99682797  0.99682797  0.99682797
 0.99682797  0.99682797  1.12614747
 1.12614747  1.12614747  1.12614747
 1.12614747  1.12614747  1.12614747
 1.12614747  1.12614747  1.12614747
 1.12614747  1.12614747  1.12614747
 1.12614747  1.12614747  1.12614747
 1.12614747  1.12614747  1.12614747
 1.12614747  1.12614747  1.12614747
 1.12614747  1.12614747  1.12614747
 1.12614747  1.12614747  1.12614747
 1.12614747  1.12614747  1.12614747
 1.12614747  1.12614747  1.12614747
 1.12614747  1.12614747  1.12614747
 1.12614747  1.12614747  1.12614747
 1.12614747  1.25546697  1.25546697
 1.25546697  1.25546697  1.25546697
 1.25546697  1.25546697  1.25546697
 1.25546697  1.25546697  1.25546697
 1.25546697  1.25546697  1.25546697
 1.25546697  1.25546697  1.25546697
 1.25546697  1.25546697  1.25546697
 1.25546697  1.25546697  1.25546697
 1.25546697  1.25546697  1.25546697
 1.25546697  1.25546697  1.25546697
 1.25546697  1.25546697  1.25546697
 1.25546697  1.25546697  1.25546697
 1.25546697  1.25546697  1.25546697
 1.25546697  1.25546697  1.25546697
 1.38478647  1.38478647  1.38478647
 1.38478647  1.38478647  1.38478647
 1.38478647  1.38478647  1.38478647
 1.38478647  1.38478647  1.38478647
 1.38478647  1.38478647  1.38478647
 1.38478647  1.38478647  1.38478647
 1.38478647  1.38478647  1.38478647
 1.38478647  1.38478647  1.38478647
 1.38478647  1.38478647  1.38478647
 1.38478647  1.38478647  1.38478647
 1.38478647  1.38478647  1.38478647
 1.38478647  1.38478647  1.38478647
 1.38478647  1.38478647  1.38478647
 1.38478647  1.38478647  1.51410597
 1.51410597  1.51410597  1.51410597
 1.51410597  1.51410597  1.51410597
 1.51410597  1.51410597  1.51410597
 1.51410597  1.51410597  1.51410597
 1.51410597  1.51410597  1.51410597
 1.51410597  1.51410597  1.51410597
 1.51410597  1.51410597  1.51410597
 1.51410597  1.51410597  1.51410597
 1.51410597  1.51410597  1.51410597
 1.51410597  1.51410597  1.51410597
 1.51410597  1.51410597  1.51410597
 1.51410597  1.51410597  1.51410597
 1.51410597  1.51410597  1.51410597
 1.51410597  1.64342547  1.64342547
 1.64342547  1.64342547  1.64342547
 1.64342547  1.64342547  1.64342547
 1.64342547  1.64342547  1.64342547
 1.64342547  1.64342547  1.64342547
 1.64342547  1.64342547  1.64342547
 1.64342547  1.64342547  1.64342547
 1.64342547  1.64342547  1.64342547
 1.64342547  1.64342547  1.64342547
 1.64342547  1.64342547  1.64342547
 1.64342547  1.64342547  1.64342547
 1.64342547  1.64342547  1.64342547
 1.64342547  1.64342547  1.64342547
 1.64342547  1.64342547  1.64342547
 1.77274497  1.77274497  1.77274497
 1.77274497  1.77274497  1.77274497
 1.77274497  1.77274497  1.77274497
 1.77274497  1.77274497  1.77274497
 1.77274497  1.77274497  1.77274497
 1.77274497  1.77274497  1.77274497
 1.77274497  1.77274497  1.77274497
 1.77274497  1.77274497  1.77274497
 1.77274497  1.77274497  1.77274497
 1.77274497  1.77274497  1.77274497
 1.77274497  1.77274497  1.77274497
 1.77274497  1.77274497  1.77274497
 1.77274497  1.77274497  1.77274497
 1.77274497  1.77274497  1.90206447
 1.90206447  1.90206447  1.90206447
 1.90206447  1.90206447  1.90206447
 1.90206447  1.90206447  1.90206447
 1.90206447  1.90206447  1.90206447
 1.90206447  1.90206447  1.90206447
 1.90206447  1.90206447  1.90206447
 1.90206447  1.90206447  1.90206447
 1.90206447  1.90206447  1.90206447
 1.90206447  1.90206447  1.90206447
 1.90206447  1.90206447  1.90206447
 1.90206447  1.90206447  1.90206447
 1.90206447  1.90206447  1.90206447
 1.90206447  1.90206447  1.90206447
 1.90206447  2.03138397  2.03138397
 2.03138397  2.03138397  2.03138397
 2.03138397  2.03138397  2.03138397
 2.03138397  2.03138397  2.03138397
 2.03138397  2.03138397  2.03138397
 2.03138397  2.03138397  2.03138397
 2.03138397  2.03138397  2.03138397
 2.03138397  2.03138397  2.03138397
 2.03138397  2.03138397  2.03138397
 2.03138397  2.03138397  2.03138397
 2.03138397  2.03138397  2.03138397
 2.03138397  2.03138397  2.03138397
 2.03138397  2.03138397  2.03138397
 2.03138397  2.03138397  2.03138397
 2.16070347  2.16070347  2.16070347
 2.16070347  2.16070347  2.16070347
 2.16070347  2.16070347  2.16070347
 2.16070347  2.16070347  2.16070347
 2.16070347  2.16070347  2.16070347
 2.16070347  2.16070347  2.16070347
 2.16070347  2.16070347  2.16070347
 2.16070347  2.16070347  2.16070347
 2.16070347  2.16070347  2.16070347
 2.16070347  2.16070347  2.16070347
 2.16070347  2.16070347  2.16070347
 2.16070347  2.16070347  2.16070347
 2.16070347  2.16070347  2.16070347
 2.16070347  2.16070347  2.29002297
 2.29002297  2.29002297  2.29002297
 2.29002297  2.29002297  2.29002297
 2.29002297  2.29002297  2.29002297
 2.29002297  2.29002297  2.29002297
 2.29002297  2.29002297  2.29002297
 2.29002297  2.29002297  2.29002297
 2.29002297  2.29002297  2.29002297
 2.29002297  2.29002297  2.29002297
 2.29002297  2.29002297  2.29002297
 2.29002297  2.29002297  2.29002297
 2.29002297  2.29002297  2.29002297
 2.29002297  2.29002297  2.29002297
 2.29002297  2.29002297  2.29002297
 2.29002297  2.29002625  2.29002625
 2.29002625  2.29002625  2.29002625
 2.29002625  2.29002625  2.29002625
 2.29002625  2.29002625  2.29002625
 2.29002625  2.29002625  2.29002625
 2.29002625  2.29002625  2.29002625
 2.29002625  2.29002625  2.29002625
 2.29002625  2.29002625  2.29002625
 2.29002625  2.29002625  2.29002625
 2.29002625  2.29002625  2.29002625
 2.29002625  2.29002625  2.29002625
 2.29002625  2.29002625  2.29002625
 2.29002625  2.29002625  2.29002625
 2.29002625  2.29002625  2.29002625
