!T	AOACL
!U	deg
-90	
-88	
-86	
-84	
-82	
-80	
-78	
-76	
-74	
-72	
-70	
-68	
-66	
-64	
-62	
-60	
-58	
-56	
-54	
-52	
-50	
-48	
-46	
-44	
-42	
-40	
-38	
-36	
-34	
-32	
-30	
-28	
-26	
-24	
-22	
-20	
-18	
-16	
-14	
-12	
-10	
-8	
-6	
-4	
-2	
0	
2	
4	
6	
8	
10	
12	
14	
16	
18	
20	
22	
24	
26	
28	
30	
32	
34	
36	
38	
40	
42	
44	
46	
48	
50	
52	
54	
56	
58	
60	
62	
64	
66	
68	
70	
72	
74	
76	
78	
80	
82	
84	
86	
88	
90	
!T	AOACD
!U	deg
-90	
-88	
-86	
-84	
-82	
-80	
-78	
-76	
-74	
-72	
-70	
-68	
-66	
-64	
-62	
-60	
-58	
-56	
-54	
-52	
-50	
-48	
-46	
-44	
-42	
-40	
-38	
-36	
-34	
-32	
-30	
-28	
-26	
-24	
-22	
-20	
-18	
-16	
-14	
-12	
-10	
-8	
-6	
-4	
-2	
0	
2	
4	
6	
8	
10	
12	
14	
16	
18	
20	
22	
24	
26	
28	
30	
32	
34	
36	
38	
40	
42	
44	
46	
48	
50	
52	
54	
56	
58	
60	
62	
64	
66	
68	
70	
72	
74	
76	
78	
80	
82	
84	
86	
88	
90	
!T	AOACM
!U	deg
-90	
-88	
-86	
-84	
-82	
-80	
-78	
-76	
-74	
-72	
-70	
-68	
-66	
-64	
-62	
-60	
-58	
-56	
-54	
-52	
-50	
-48	
-46	
-44	
-42	
-40	
-38	
-36	
-34	
-32	
-30	
-28	
-26	
-24	
-22	
-20	
-18	
-16	
-14	
-12	
-10	
-8	
-6	
-4	
-2	
0	
2	
4	
6	
8	
10	
12	
14	
16	
18	
20	
22	
24	
26	
28	
30	
32	
34	
36	
38	
40	
42	
44	
46	
48	
50	
52	
54	
56	
58	
60	
62	
64	
66	
68	
70	
72	
74	
76	
78	
80	
82	
84	
86	
88	
90	
!T	RECL
!U	nd
50000	
100000	
150000	
200000	
250000	
!T	RECD
!U	nd
50000	
100000	
150000	
200000	
250000	
!T	RECM
!U	nd
50000	
100000	
150000	
200000	
250000	
!M	CLTAB
!U	nd
-0.0000E+00	-0.0000E+00	-0.0000E+00	-0.0000E+00	-0.0000E+00
-4.2636E-02	-4.2640E-02	-4.2638E-02	-4.2643E-02	-4.2649E-02
-8.5116E-02	-8.5133E-02	-8.5125E-02	-8.5147E-02	-8.5169E-02
-1.2723E-01	-1.2727E-01	-1.2726E-01	-1.2730E-01	-1.2735E-01
-1.6879E-01	-1.6886E-01	-1.6883E-01	-1.6891E-01	-1.6900E-01
-2.0957E-01	-2.0968E-01	-2.0963E-01	-2.0977E-01	-2.0991E-01
-2.4939E-01	-2.4955E-01	-2.4948E-01	-2.4967E-01	-2.4988E-01
-2.8806E-01	-2.8828E-01	-2.8818E-01	-2.8844E-01	-2.8872E-01
-3.2538E-01	-3.2567E-01	-3.2554E-01	-3.2588E-01	-3.2625E-01
-3.6118E-01	-3.6155E-01	-3.6139E-01	-3.6182E-01	-3.6229E-01
-3.9530E-01	-3.9575E-01	-3.9554E-01	-3.9609E-01	-3.9666E-01
-4.2756E-01	-4.2811E-01	-4.2786E-01	-4.2852E-01	-4.2922E-01
-4.5781E-01	-4.5847E-01	-4.5817E-01	-4.5896E-01	-4.5980E-01
-4.8591E-01	-4.8669E-01	-4.8634E-01	-4.8727E-01	-4.8826E-01
-5.1174E-01	-5.1265E-01	-5.1224E-01	-5.1333E-01	-5.1448E-01
-5.3517E-01	-5.3622E-01	-5.3574E-01	-5.3700E-01	-5.3833E-01
-5.5609E-01	-5.5730E-01	-5.5675E-01	-5.5820E-01	-5.5972E-01
-5.7442E-01	-5.7579E-01	-5.7517E-01	-5.7682E-01	-5.7856E-01
-5.9006E-01	-5.9162E-01	-5.9092E-01	-5.9278E-01	-5.9475E-01
-6.0297E-01	-6.0473E-01	-6.0393E-01	-6.0603E-01	-6.0825E-01
-6.1308E-01	-6.1505E-01	-6.1416E-01	-6.1651E-01	-6.1900E-01
-6.2036E-01	-6.2257E-01	-6.2157E-01	-6.2420E-01	-6.2697E-01
-6.2480E-01	-6.2725E-01	-6.2614E-01	-6.2907E-01	-6.3216E-01
-6.2638E-01	-6.2911E-01	-6.2787E-01	-6.3112E-01	-6.3456E-01
-6.2513E-01	-6.2814E-01	-6.2678E-01	-6.3038E-01	-6.3418E-01
-6.2106E-01	-6.2440E-01	-6.2289E-01	-6.2688E-01	-6.3108E-01
-6.1425E-01	-6.1793E-01	-6.1626E-01	-6.2067E-01	-6.2531E-01
-6.0474E-01	-6.0881E-01	-6.0696E-01	-6.1182E-01	-6.1696E-01
-5.9262E-01	-5.9712E-01	-5.9508E-01	-6.0045E-01	-6.0611E-01
-5.7802E-01	-5.8298E-01	-5.8074E-01	-5.8666E-01	-5.9291E-01
-5.6106E-01	-5.6654E-01	-5.6406E-01	-5.7060E-01	-5.7752E-01
-5.4190E-01	-5.4797E-01	-5.4522E-01	-5.5246E-01	-5.6012E-01
-5.2073E-01	-5.2747E-01	-5.2442E-01	-5.3246E-01	-5.4095E-01
-4.9779E-01	-5.0529E-01	-5.0190E-01	-5.1085E-01	-5.2031E-01
-4.7337E-01	-4.8176E-01	-4.7796E-01	-4.8798E-01	-4.9855E-01
-4.4782E-01	-4.5726E-01	-4.5299E-01	-4.6425E-01	-4.7615E-01
-4.2160E-01	-4.3230E-01	-4.2746E-01	-4.4023E-01	-4.5372E-01
-3.9534E-01	-4.0760E-01	-4.0205E-01	-4.1668E-01	-4.3213E-01
-3.6995E-01	-3.8417E-01	-3.7774E-01	-3.9472E-01	-4.1265E-01
-3.4681E-01	-3.6363E-01	-3.5602E-01	-3.7610E-01	-3.9731E-01
-3.2829E-01	-3.4871E-01	-3.3947E-01	-3.6384E-01	-3.8327E-01
-3.1897E-01	-3.4487E-01	-3.3370E-01	-3.6373E-01	-3.8810E-01
-3.3528E-01	-3.6679E-01	-3.5630E-01	-3.7576E-01	-2.1178E-01
-3.3314E-01	-2.2914E-01	-2.0992E-01	-8.9404E-02	-2.4845E-02
5.3494E-02	9.5100E-02	2.6140E-01	3.2430E-01	3.6170E-01
3.5220E-01	4.7590E-01	5.7960E-01	6.3390E-01	6.6910E-01
5.3970E-01	8.0110E-01	8.9445E-01	9.0390E-01	9.3690E-01
8.8100E-01	1.0893E+00	1.1265E+00	1.1206E+00	1.1307E+00
1.2229E+00	1.2822E+00	1.2677E+00	1.2915E+00	1.2884E+00
1.2756E+00	1.2975E+00	1.3386E+00	1.1924E+00	1.1229E+00
1.2694E+00	1.1016E+00	1.1515E+00	9.9886E-01	9.4211E-01
1.1008E+00	9.7838E-01	1.0127E+00	8.9932E-01	8.5256E-01
1.0076E+00	9.0406E-01	9.3310E-01	8.3719E-01	7.9765E-01
9.4461E-01	8.5543E-01	8.8045E-01	7.9783E-01	7.6377E-01
9.0119E-01	8.2332E-01	8.4517E-01	7.7303E-01	7.4329E-01
8.7084E-01	8.0215E-01	8.2142E-01	7.5779E-01	7.3156E-01
8.4938E-01	7.8833E-01	8.0545E-01	7.4890E-01	7.2558E-01
8.3398E-01	7.7940E-01	7.9471E-01	7.4414E-01	7.2330E-01
8.2267E-01	7.7365E-01	7.8740E-01	7.4198E-01	7.2326E-01
8.1398E-01	7.6980E-01	7.8219E-01	7.4127E-01	7.2440E-01
8.0683E-01	7.6692E-01	7.7812E-01	7.4115E-01	7.2591E-01
8.0039E-01	7.6428E-01	7.7441E-01	7.4096E-01	7.2718E-01
7.9401E-01	7.6131E-01	7.7048E-01	7.4019E-01	7.2771E-01
7.8718E-01	7.5756E-01	7.6587E-01	7.3843E-01	7.2711E-01
7.7950E-01	7.5267E-01	7.6020E-01	7.3534E-01	7.2509E-01
7.7065E-01	7.4636E-01	7.5317E-01	7.3067E-01	7.2140E-01
7.6036E-01	7.3840E-01	7.4456E-01	7.2422E-01	7.1583E-01
7.4843E-01	7.2862E-01	7.3417E-01	7.1582E-01	7.0825E-01
7.3471E-01	7.1686E-01	7.2187E-01	7.0534E-01	6.9852E-01
7.1908E-01	7.0305E-01	7.0755E-01	6.9270E-01	6.8658E-01
7.0145E-01	6.8710E-01	6.9113E-01	6.7784E-01	6.7236E-01
6.8178E-01	6.6899E-01	6.7257E-01	6.6072E-01	6.5583E-01
6.6004E-01	6.4867E-01	6.5186E-01	6.4134E-01	6.3700E-01
6.3621E-01	6.2618E-01	6.2900E-01	6.1970E-01	6.1587E-01
6.1035E-01	6.0154E-01	6.0401E-01	5.9585E-01	5.9248E-01
5.8247E-01	5.7478E-01	5.7694E-01	5.6983E-01	5.6689E-01
5.5264E-01	5.4600E-01	5.4786E-01	5.4171E-01	5.3917E-01
5.2094E-01	5.1526E-01	5.1685E-01	5.1158E-01	5.0941E-01
4.8748E-01	4.8266E-01	4.8401E-01	4.7955E-01	4.7771E-01
4.5235E-01	4.4833E-01	4.4946E-01	4.4573E-01	4.4419E-01
4.1569E-01	4.1238E-01	4.1331E-01	4.1024E-01	4.0898E-01
3.7763E-01	3.7496E-01	3.7571E-01	3.7324E-01	3.7222E-01
3.3833E-01	3.3623E-01	3.3682E-01	3.3487E-01	3.3407E-01
2.9794E-01	2.9634E-01	2.9679E-01	2.9530E-01	2.9469E-01
2.5663E-01	2.5546E-01	2.5579E-01	2.5470E-01	2.5425E-01
2.1459E-01	2.1377E-01	2.1400E-01	2.1325E-01	2.1294E-01
1.7199E-01	1.7147E-01	1.7162E-01	1.7114E-01	1.7094E-01
1.2903E-01	1.2874E-01	1.2882E-01	1.2855E-01	1.2844E-01
8.5915E-02	8.5785E-02	8.5822E-02	8.5701E-02	8.5652E-02
4.2835E-02	4.2803E-02	4.2812E-02	4.2782E-02	4.2769E-02
0.0000E+00	0.0000E+00	0.0000E+00	0.0000E+00	0.0000E+00
!M	CDTAB
!U	nd
1.2217E+00	1.2217E+00	1.2217E+00	1.2217E+00	1.2217E+00
1.2227E+00	1.2227E+00	1.2225E+00	1.2229E+00	1.2231E+00
1.2208E+00	1.2207E+00	1.2205E+00	1.2211E+00	1.2216E+00
1.2159E+00	1.2158E+00	1.2154E+00	1.2164E+00	1.2172E+00
1.2082E+00	1.2079E+00	1.2075E+00	1.2087E+00	1.2098E+00
1.1975E+00	1.1972E+00	1.1966E+00	1.1982E+00	1.1995E+00
1.1840E+00	1.1837E+00	1.1830E+00	1.1848E+00	1.1865E+00
1.1678E+00	1.1674E+00	1.1666E+00	1.1688E+00	1.1707E+00
1.1490E+00	1.1485E+00	1.1476E+00	1.1500E+00	1.1522E+00
1.1276E+00	1.1271E+00	1.1260E+00	1.1288E+00	1.1312E+00
1.1037E+00	1.1032E+00	1.1020E+00	1.1051E+00	1.1077E+00
1.0776E+00	1.0770E+00	1.0757E+00	1.0790E+00	1.0820E+00
1.0492E+00	1.0486E+00	1.0472E+00	1.0508E+00	1.0540E+00
1.0189E+00	1.0182E+00	1.0167E+00	1.0206E+00	1.0240E+00
9.8667E-01	9.8594E-01	9.8428E-01	9.8850E-01	9.9219E-01
9.5274E-01	9.5197E-01	9.5020E-01	9.5469E-01	9.5862E-01
9.1728E-01	9.1646E-01	9.1458E-01	9.1934E-01	9.2351E-01
8.8047E-01	8.7960E-01	8.7762E-01	8.8264E-01	8.8704E-01
8.4249E-01	8.4158E-01	8.3950E-01	8.4478E-01	8.4940E-01
8.0354E-01	8.0259E-01	8.0041E-01	8.0594E-01	8.1078E-01
7.6382E-01	7.6282E-01	7.6055E-01	7.6632E-01	7.7138E-01
7.2352E-01	7.2248E-01	7.2011E-01	7.2612E-01	7.3139E-01
6.8285E-01	6.8177E-01	6.7932E-01	6.8555E-01	6.9102E-01
6.4202E-01	6.4090E-01	6.3836E-01	6.4482E-01	6.5048E-01
6.0122E-01	6.0007E-01	5.9744E-01	6.0411E-01	6.0996E-01
5.6067E-01	5.5949E-01	5.5678E-01	5.6366E-01	5.6968E-01
5.2057E-01	5.1935E-01	5.1656E-01	5.2364E-01	5.2984E-01
4.8112E-01	4.7987E-01	4.7701E-01	4.8427E-01	4.9063E-01
4.4252E-01	4.4123E-01	4.3830E-01	4.4575E-01	4.5227E-01
4.0496E-01	4.0364E-01	4.0064E-01	4.0826E-01	4.1493E-01
3.6862E-01	3.6728E-01	3.6422E-01	3.7200E-01	3.7881E-01
3.3370E-01	3.3233E-01	3.2921E-01	3.3714E-01	3.4408E-01
3.0036E-01	2.9897E-01	2.9579E-01	3.0386E-01	3.1094E-01
2.6878E-01	2.6737E-01	2.6414E-01	2.7234E-01	2.7952E-01
2.3911E-01	2.3767E-01	2.3439E-01	2.4272E-01	2.5001E-01
2.1149E-01	2.1004E-01	2.0671E-01	2.1515E-01	2.2254E-01
1.8607E-01	1.8460E-01	1.8124E-01	1.8977E-01	1.9726E-01
1.6297E-01	1.6149E-01	1.5809E-01	1.6672E-01	1.7428E-01
1.4232E-01	1.4081E-01	1.3738E-01	1.4609E-01	1.5373E-01
1.2420E-01	1.2268E-01	1.1922E-01	1.2801E-01	1.3570E-01
1.0871E-01	1.0719E-01	1.0371E-01	1.1255E-01	1.2243E-01
9.5937E-02	9.4657E-02	9.1364E-02	1.0094E-01	1.0674E-01
8.7337E-02	8.4982E-02	8.1748E-02	8.5947E-02	6.8921E-02
7.3666E-02	5.9269E-02	5.4510E-02	4.5211E-02	4.6589E-02
3.7883E-02	3.0620E-02	2.1750E-02	1.8570E-02	1.5680E-02
2.6430E-02	2.2330E-02	1.6950E-02	1.3750E-02	1.1410E-02
3.4760E-02	2.1110E-02	1.3550E-02	1.0320E-02	8.8200E-03
3.9250E-02	1.6570E-02	1.2580E-02	1.1560E-02	1.1168E-02
2.7050E-02	1.8081E-02	2.0240E-02	1.8911E-02	1.9093E-02
4.2331E-02	2.1483E-02	3.4760E-02	2.7239E-02	2.7512E-02
6.0187E-02	3.0243E-02	4.6902E-02	4.1755E-02	4.1907E-02
7.7770E-02	4.2517E-02	6.3771E-02	5.7693E-02	5.7844E-02
9.6259E-02	6.1290E-02	8.2373E-02	7.6344E-02	7.6494E-02
1.1735E-01	8.2703E-02	1.0359E-01	9.7617E-02	9.7765E-02
1.4093E-01	1.0665E-01	1.2732E-01	1.2141E-01	1.2155E-01
1.6689E-01	1.3302E-01	1.5344E-01	1.4760E-01	1.4774E-01
1.9510E-01	1.6168E-01	1.8183E-01	1.7607E-01	1.7621E-01
2.2542E-01	1.9249E-01	2.1234E-01	2.0667E-01	2.0681E-01
2.5770E-01	2.2531E-01	2.4484E-01	2.3925E-01	2.3939E-01
2.9179E-01	2.5997E-01	2.7915E-01	2.7367E-01	2.7380E-01
3.2752E-01	2.9630E-01	3.1512E-01	3.0974E-01	3.0987E-01
3.6470E-01	3.3414E-01	3.5257E-01	3.4730E-01	3.4743E-01
4.0317E-01	3.7329E-01	3.9130E-01	3.8615E-01	3.8628E-01
4.4272E-01	4.1356E-01	4.3114E-01	4.2611E-01	4.2624E-01
4.8317E-01	4.5477E-01	4.7189E-01	4.6699E-01	4.6712E-01
5.2431E-01	4.9670E-01	5.1335E-01	5.0859E-01	5.0870E-01
5.6595E-01	5.3916E-01	5.5531E-01	5.5069E-01	5.5081E-01
6.0787E-01	5.8195E-01	5.9758E-01	5.9311E-01	5.9322E-01
6.4988E-01	6.2484E-01	6.3994E-01	6.3562E-01	6.3573E-01
6.9176E-01	6.6764E-01	6.8218E-01	6.7802E-01	6.7813E-01
7.3330E-01	7.1014E-01	7.2410E-01	7.2011E-01	7.2021E-01
7.7432E-01	7.5213E-01	7.6550E-01	7.6168E-01	7.6177E-01
8.1459E-01	7.9341E-01	8.0618E-01	8.0252E-01	8.0261E-01
8.5392E-01	8.3377E-01	8.4592E-01	8.4245E-01	8.4253E-01
8.9213E-01	8.7303E-01	8.8454E-01	8.8125E-01	8.8133E-01
9.2901E-01	9.1099E-01	9.2185E-01	9.1875E-01	9.1882E-01
9.6439E-01	9.4747E-01	9.5767E-01	9.5475E-01	9.5482E-01
9.9808E-01	9.8229E-01	9.9181E-01	9.8909E-01	9.8916E-01
1.0299E+00	1.0153E+00	1.0241E+00	1.0216E+00	1.0217E+00
1.0598E+00	1.0463E+00	1.0544E+00	1.0521E+00	1.0522E+00
1.0875E+00	1.0752E+00	1.0826E+00	1.0805E+00	1.0805E+00
1.1129E+00	1.1018E+00	1.1085E+00	1.1065E+00	1.1066E+00
1.1359E+00	1.1259E+00	1.1319E+00	1.1302E+00	1.1303E+00
1.1563E+00	1.1476E+00	1.1529E+00	1.1514E+00	1.1514E+00
1.1742E+00	1.1667E+00	1.1712E+00	1.1699E+00	1.1699E+00
1.1893E+00	1.1830E+00	1.1868E+00	1.1857E+00	1.1857E+00
1.2016E+00	1.1965E+00	1.1996E+00	1.1987E+00	1.1987E+00
1.2110E+00	1.2072E+00	1.2095E+00	1.2088E+00	1.2089E+00
1.2175E+00	1.2150E+00	1.2165E+00	1.2161E+00	1.2161E+00
1.2211E+00	1.2198E+00	1.2206E+00	1.2204E+00	1.2204E+00
1.2217E+00	1.2217E+00	1.2217E+00	1.2217E+00	1.2217E+00
!M	CMTAB
!U	nd
3.0542E-01	3.0542E-01	3.0542E-01	3.0542E-01	3.0542E-01
3.0491E-01	3.0488E-01	3.0487E-01	3.0488E-01	3.0484E-01
3.0343E-01	3.0329E-01	3.0327E-01	3.0329E-01	3.0317E-01
3.0102E-01	3.0070E-01	3.0067E-01	3.0071E-01	3.0044E-01
2.9773E-01	2.9717E-01	2.9711E-01	2.9719E-01	2.9673E-01
2.9360E-01	2.9275E-01	2.9266E-01	2.9278E-01	2.9208E-01
2.8869E-01	2.8749E-01	2.8736E-01	2.8753E-01	2.8655E-01
2.8304E-01	2.8144E-01	2.8126E-01	2.8150E-01	2.8021E-01
2.7670E-01	2.7465E-01	2.7443E-01	2.7475E-01	2.7310E-01
2.6972E-01	2.6719E-01	2.6691E-01	2.6731E-01	2.6529E-01
2.6214E-01	2.5909E-01	2.5875E-01	2.5925E-01	2.5684E-01
2.5402E-01	2.5041E-01	2.5000E-01	2.5061E-01	2.4779E-01
2.4541E-01	2.4120E-01	2.4073E-01	2.4146E-01	2.3821E-01
2.3634E-01	2.3152E-01	2.3098E-01	2.3184E-01	2.2815E-01
2.2687E-01	2.2142E-01	2.2080E-01	2.2181E-01	2.1768E-01
2.1705E-01	2.1094E-01	2.1025E-01	2.1141E-01	2.0684E-01
2.0692E-01	2.0015E-01	1.9937E-01	2.0070E-01	1.9570E-01
1.9653E-01	1.8908E-01	1.8823E-01	1.8974E-01	1.8432E-01
1.8593E-01	1.7781E-01	1.7687E-01	1.7857E-01	1.7274E-01
1.7518E-01	1.6637E-01	1.6535E-01	1.6725E-01	1.6103E-01
1.6431E-01	1.5482E-01	1.5371E-01	1.5584E-01	1.4925E-01
1.5337E-01	1.4321E-01	1.4202E-01	1.4437E-01	1.3745E-01
1.4241E-01	1.3160E-01	1.3032E-01	1.3292E-01	1.2568E-01
1.3148E-01	1.2003E-01	1.1867E-01	1.2152E-01	1.1402E-01
1.2064E-01	1.0855E-01	1.0711E-01	1.1024E-01	1.0251E-01
1.0991E-01	9.7233E-02	9.5706E-02	9.9115E-02	9.1205E-02
9.9366E-02	8.6113E-02	8.4505E-02	8.8211E-02	8.0172E-02
8.9040E-02	7.5247E-02	7.3559E-02	7.7577E-02	6.9465E-02
7.8983E-02	6.4686E-02	6.2921E-02	6.7266E-02	5.9141E-02
6.9244E-02	5.4484E-02	5.2644E-02	5.7329E-02	4.9256E-02
5.9871E-02	4.4692E-02	4.2780E-02	4.7821E-02	3.9869E-02
5.0912E-02	3.5362E-02	3.3382E-02	3.8792E-02	3.1036E-02
4.2414E-02	2.6547E-02	2.4502E-02	3.0297E-02	2.2814E-02
3.4426E-02	1.8297E-02	1.6192E-02	2.2387E-02	1.5261E-02
2.6996E-02	1.0667E-02	8.5050E-03	1.5115E-02	8.4350E-03
2.0171E-02	3.7060E-03	1.4940E-03	8.5340E-03	2.3910E-03
1.4000E-02	-2.5310E-03	-4.7890E-03	2.6970E-03	-2.8120E-03
8.5300E-03	-7.9940E-03	-1.0292E-02	-2.3440E-03	-7.1170E-03
3.8100E-03	-1.2630E-02	-1.4962E-02	-6.5370E-03	-1.0468E-02
-1.1200E-04	-1.6388E-02	-1.8747E-02	-9.8280E-03	-1.2806E-02
-3.1890E-03	-1.9214E-02	-2.1594E-02	-1.2164E-02	-1.5561E-02
-5.3730E-03	-2.1109E-02	-2.3417E-02	-1.4386E-02	-1.6120E-02
-7.9880E-03	-2.1615E-02	-2.3112E-02	-1.7980E-02	-5.5839E-02
-1.5883E-02	-5.1741E-02	-6.0919E-02	-9.0461E-02	-9.0218E-02
-9.3463E-02	-1.0110E-01	-1.3050E-01	-1.4150E-01	-1.4930E-01
-1.1280E-01	-1.3640E-01	-1.5300E-01	-1.6110E-01	-1.6590E-01
-1.2170E-01	-1.5610E-01	-1.6515E-01	-1.6980E-01	-1.7290E-01
-1.4970E-01	-1.6490E-01	-1.6730E-01	-1.6640E-01	-1.6501E-01
-1.4800E-01	-1.4271E-01	-1.4475E-01	-1.4521E-01	-1.4748E-01
-1.0463E-01	-1.1593E-01	-1.2290E-01	-1.3204E-01	-1.4543E-01
-1.0307E-01	-1.1637E-01	-1.2320E-01	-1.3645E-01	-1.4612E-01
-1.0381E-01	-1.1657E-01	-1.2416E-01	-1.3757E-01	-1.4729E-01
-1.0522E-01	-1.1823E-01	-1.2569E-01	-1.3922E-01	-1.4894E-01
-1.0727E-01	-1.2046E-01	-1.2777E-01	-1.4135E-01	-1.5105E-01
-1.0994E-01	-1.2323E-01	-1.3038E-01	-1.4395E-01	-1.5357E-01
-1.1318E-01	-1.2651E-01	-1.3348E-01	-1.4698E-01	-1.5650E-01
-1.1697E-01	-1.3026E-01	-1.3704E-01	-1.5042E-01	-1.5980E-01
-1.2125E-01	-1.3445E-01	-1.4103E-01	-1.5423E-01	-1.6345E-01
-1.2601E-01	-1.3905E-01	-1.4542E-01	-1.5840E-01	-1.6742E-01
-1.3119E-01	-1.4403E-01	-1.5018E-01	-1.6288E-01	-1.7168E-01
-1.3676E-01	-1.4935E-01	-1.5526E-01	-1.6766E-01	-1.7621E-01
-1.4269E-01	-1.5498E-01	-1.6065E-01	-1.7269E-01	-1.8098E-01
-1.4894E-01	-1.6088E-01	-1.6631E-01	-1.7797E-01	-1.8596E-01
-1.5548E-01	-1.6703E-01	-1.7221E-01	-1.8345E-01	-1.9113E-01
-1.6226E-01	-1.7339E-01	-1.7831E-01	-1.8911E-01	-1.9647E-01
-1.6925E-01	-1.7993E-01	-1.8459E-01	-1.9492E-01	-2.0194E-01
-1.7642E-01	-1.8662E-01	-1.9101E-01	-2.0085E-01	-2.0752E-01
-1.8372E-01	-1.9342E-01	-1.9755E-01	-2.0687E-01	-2.1318E-01
-1.9112E-01	-2.0030E-01	-2.0416E-01	-2.1295E-01	-2.1889E-01
-1.9859E-01	-2.0722E-01	-2.1082E-01	-2.1907E-01	-2.2464E-01
-2.0608E-01	-2.1416E-01	-2.1750E-01	-2.2520E-01	-2.3039E-01
-2.1357E-01	-2.2108E-01	-2.2416E-01	-2.3131E-01	-2.3611E-01
-2.2101E-01	-2.2795E-01	-2.3077E-01	-2.3737E-01	-2.4179E-01
-2.2836E-01	-2.3474E-01	-2.3730E-01	-2.4335E-01	-2.4739E-01
-2.3560E-01	-2.4141E-01	-2.4372E-01	-2.4922E-01	-2.5289E-01
-2.4269E-01	-2.4793E-01	-2.5000E-01	-2.5496E-01	-2.5826E-01
-2.4958E-01	-2.5427E-01	-2.5611E-01	-2.6053E-01	-2.6348E-01
-2.5624E-01	-2.6039E-01	-2.6200E-01	-2.6591E-01	-2.6851E-01
-2.6264E-01	-2.6626E-01	-2.6766E-01	-2.7107E-01	-2.7334E-01
-2.6873E-01	-2.7185E-01	-2.7305E-01	-2.7598E-01	-2.7793E-01
-2.7449E-01	-2.7713E-01	-2.7814E-01	-2.8062E-01	-2.8226E-01
-2.7987E-01	-2.8206E-01	-2.8289E-01	-2.8494E-01	-2.8630E-01
-2.8484E-01	-2.8661E-01	-2.8728E-01	-2.8894E-01	-2.9003E-01
-2.8937E-01	-2.9075E-01	-2.9127E-01	-2.9257E-01	-2.9342E-01
-2.9341E-01	-2.9445E-01	-2.9483E-01	-2.9580E-01	-2.9645E-01
-2.9692E-01	-2.9766E-01	-2.9794E-01	-2.9862E-01	-2.9908E-01
-2.9988E-01	-3.0036E-01	-3.0054E-01	-3.0099E-01	-3.0129E-01
-3.0225E-01	-3.0253E-01	-3.0263E-01	-3.0289E-01	-3.0306E-01
-3.0398E-01	-3.0411E-01	-3.0416E-01	-3.0427E-01	-3.0435E-01
-3.0505E-01	-3.0508E-01	-3.0510E-01	-3.0512E-01	-3.0514E-01
-3.0542E-01	-3.0542E-01	-3.0542E-01	-3.0542E-01	-3.0542E-01
