!T	AOACL
!U	deg
-90	
-88	
-86	
-84	
-82	
-80	
-78	
-76	
-74	
-72	
-70	
-68	
-66	
-64	
-62	
-60	
-58	
-56	
-54	
-52	
-50	
-48	
-46	
-44	
-42	
-40	
-38	
-36	
-34	
-32	
-30	
-28	
-26	
-24	
-22	
-20	
-18	
-16	
-14	
-12	
-10	
-8	
-6	
-4	
-2	
0	
2	
4	
6	
8	
10	
12	
14	
16	
18	
20	
22	
24	
26	
28	
30	
32	
34	
36	
38	
40	
42	
44	
46	
48	
50	
52	
54	
56	
58	
60	
62	
64	
66	
68	
70	
72	
74	
76	
78	
80	
82	
84	
86	
88	
90	
!T	AOACD
!U	deg
-90	
-88	
-86	
-84	
-82	
-80	
-78	
-76	
-74	
-72	
-70	
-68	
-66	
-64	
-62	
-60	
-58	
-56	
-54	
-52	
-50	
-48	
-46	
-44	
-42	
-40	
-38	
-36	
-34	
-32	
-30	
-28	
-26	
-24	
-22	
-20	
-18	
-16	
-14	
-12	
-10	
-8	
-6	
-4	
-2	
0	
2	
4	
6	
8	
10	
12	
14	
16	
18	
20	
22	
24	
26	
28	
30	
32	
34	
36	
38	
40	
42	
44	
46	
48	
50	
52	
54	
56	
58	
60	
62	
64	
66	
68	
70	
72	
74	
76	
78	
80	
82	
84	
86	
88	
90	
!T	AOACM
!U	deg
-90	
-88	
-86	
-84	
-82	
-80	
-78	
-76	
-74	
-72	
-70	
-68	
-66	
-64	
-62	
-60	
-58	
-56	
-54	
-52	
-50	
-48	
-46	
-44	
-42	
-40	
-38	
-36	
-34	
-32	
-30	
-28	
-26	
-24	
-22	
-20	
-18	
-16	
-14	
-12	
-10	
-8	
-6	
-4	
-2	
0	
2	
4	
6	
8	
10	
12	
14	
16	
18	
20	
22	
24	
26	
28	
30	
32	
34	
36	
38	
40	
42	
44	
46	
48	
50	
52	
54	
56	
58	
60	
62	
64	
66	
68	
70	
72	
74	
76	
78	
80	
82	
84	
86	
88	
90	
!T	RECL
!U	nd
50000	
100000	
150000	
200000	
250000	
!T	RECD
!U	nd
50000	
100000	
150000	
200000	
250000	
!T	RECM
!U	nd
50000	
100000	
150000	
200000	
250000	
!M	CLTAB
!U	nd
-0.0000E+00	-0.0000E+00	-0.0000E+00	-0.0000E+00	-0.0000E+00
-4.2634E-02	-4.2635E-02	-4.2643E-02	-4.2640E-02	-4.2641E-02
-8.5109E-02	-8.5112E-02	-8.5146E-02	-8.5135E-02	-8.5137E-02
-1.2722E-01	-1.2723E-01	-1.2730E-01	-1.2728E-01	-1.2728E-01
-1.6876E-01	-1.6877E-01	-1.6891E-01	-1.6886E-01	-1.6887E-01
-2.0953E-01	-2.0955E-01	-2.0976E-01	-2.0969E-01	-2.0970E-01
-2.4934E-01	-2.4936E-01	-2.4967E-01	-2.4957E-01	-2.4958E-01
-2.8798E-01	-2.8801E-01	-2.8843E-01	-2.8829E-01	-2.8832E-01
-3.2528E-01	-3.2532E-01	-3.2588E-01	-3.2569E-01	-3.2572E-01
-3.6106E-01	-3.6111E-01	-3.6181E-01	-3.6158E-01	-3.6161E-01
-3.9514E-01	-3.9520E-01	-3.9607E-01	-3.9578E-01	-3.9583E-01
-4.2736E-01	-4.2744E-01	-4.2850E-01	-4.2815E-01	-4.2820E-01
-4.5758E-01	-4.5767E-01	-4.5894E-01	-4.5852E-01	-4.5858E-01
-4.8564E-01	-4.8575E-01	-4.8725E-01	-4.8675E-01	-4.8683E-01
-5.1142E-01	-5.1155E-01	-5.1330E-01	-5.1272E-01	-5.1281E-01
-5.3480E-01	-5.3495E-01	-5.3697E-01	-5.3630E-01	-5.3640E-01
-5.5567E-01	-5.5584E-01	-5.5816E-01	-5.5739E-01	-5.5751E-01
-5.7393E-01	-5.7413E-01	-5.7677E-01	-5.7590E-01	-5.7603E-01
-5.8952E-01	-5.8974E-01	-5.9273E-01	-5.9174E-01	-5.9189E-01
-6.0235E-01	-6.0260E-01	-6.0597E-01	-6.0486E-01	-6.0503E-01
-6.1239E-01	-6.1267E-01	-6.1645E-01	-6.1520E-01	-6.1539E-01
-6.1959E-01	-6.1991E-01	-6.2413E-01	-6.2273E-01	-6.2294E-01
-6.2394E-01	-6.2429E-01	-6.2899E-01	-6.2743E-01	-6.2767E-01
-6.2543E-01	-6.2582E-01	-6.3103E-01	-6.2931E-01	-6.2957E-01
-6.2407E-01	-6.2450E-01	-6.3028E-01	-6.2837E-01	-6.2866E-01
-6.1990E-01	-6.2038E-01	-6.2677E-01	-6.2465E-01	-6.2497E-01
-6.1295E-01	-6.1348E-01	-6.2055E-01	-6.1821E-01	-6.1856E-01
-6.0331E-01	-6.0389E-01	-6.1169E-01	-6.0911E-01	-6.0950E-01
-5.9105E-01	-5.9170E-01	-6.0030E-01	-5.9745E-01	-5.9788E-01
-5.7628E-01	-5.7700E-01	-5.8650E-01	-5.8335E-01	-5.8383E-01
-5.5914E-01	-5.5992E-01	-5.7042E-01	-5.6695E-01	-5.6747E-01
-5.3977E-01	-5.4064E-01	-5.5227E-01	-5.4842E-01	-5.4900E-01
-5.1837E-01	-5.1934E-01	-5.3224E-01	-5.2797E-01	-5.2861E-01
-4.9517E-01	-4.9624E-01	-5.1061E-01	-5.0585E-01	-5.0657E-01
-4.7043E-01	-4.7164E-01	-4.8770E-01	-4.8238E-01	-4.8319E-01
-4.4451E-01	-4.4587E-01	-4.6394E-01	-4.5796E-01	-4.5886E-01
-4.1785E-01	-4.1939E-01	-4.3988E-01	-4.3310E-01	-4.3412E-01
-3.9105E-01	-3.9281E-01	-4.1628E-01	-4.0851E-01	-4.0968E-01
-3.6496E-01	-3.6701E-01	-3.9425E-01	-3.8523E-01	-3.8660E-01
-3.4091E-01	-3.4333E-01	-3.7555E-01	-3.6488E-01	-3.6649E-01
-3.2114E-01	-3.2407E-01	-3.6317E-01	-3.5023E-01	-3.5218E-01
-3.0995E-01	-3.1365E-01	-3.5947E-01	-3.4549E-01	-3.4883E-01
-3.2475E-01	-3.3145E-01	-3.9443E-01	-3.4328E-01	-3.4382E-01
-3.4786E-01	-3.4377E-01	-1.3186E-01	-2.0040E-01	-1.1847E-01
-1.8036E-01	-3.5420E-03	6.7170E-02	2.0955E-01	2.6660E-01
1.4470E-01	4.2360E-01	5.2350E-01	5.7480E-01	6.7370E-01
4.6510E-01	7.6000E-01	8.3000E-01	8.6790E-01	9.3530E-01
8.3470E-01	1.0990E+00	1.1391E+00	1.1341E+00	1.1282E+00
1.2449E+00	1.2552E+00	1.2736E+00	1.2843E+00	1.2878E+00
1.3203E+00	1.4007E+00	1.3731E+00	1.3548E+00	1.3755E+00
1.4383E+00	1.3390E+00	1.1997E+00	1.1641E+00	1.1813E+00
1.2608E+00	1.1727E+00	1.0481E+00	1.0233E+00	1.0368E+00
1.1434E+00	1.0684E+00	9.6305E-01	9.4205E-01	9.5348E-01
1.0616E+00	9.9697E-01	9.0625E-01	8.8816E-01	8.9801E-01
1.0033E+00	9.4691E-01	8.6769E-01	8.5190E-01	8.6050E-01
9.6093E-01	9.1116E-01	8.4129E-01	8.2736E-01	8.3494E-01
9.2946E-01	8.8522E-01	8.2311E-01	8.1073E-01	8.1747E-01
9.0559E-01	8.6603E-01	8.1050E-01	7.9943E-01	8.0546E-01
8.8697E-01	8.5145E-01	8.0158E-01	7.9163E-01	7.9705E-01
8.7193E-01	8.3991E-01	7.9497E-01	7.8601E-01	7.9089E-01
8.5917E-01	8.3026E-01	7.8966E-01	7.8157E-01	7.8597E-01
8.4775E-01	8.2159E-01	7.8485E-01	7.7753E-01	7.8152E-01
8.3690E-01	8.1321E-01	7.7994E-01	7.7331E-01	7.7692E-01
8.2604E-01	8.0458E-01	7.7444E-01	7.6843E-01	7.7170E-01
8.1470E-01	7.9526E-01	7.6796E-01	7.6252E-01	7.6548E-01
8.0251E-01	7.8491E-01	7.6020E-01	7.5527E-01	7.5796E-01
7.8916E-01	7.7325E-01	7.5091E-01	7.4646E-01	7.4888E-01
7.7443E-01	7.6006E-01	7.3991E-01	7.3589E-01	7.3808E-01
7.5812E-01	7.4519E-01	7.2703E-01	7.2341E-01	7.2538E-01
7.4010E-01	7.2849E-01	7.1218E-01	7.0893E-01	7.1070E-01
7.2027E-01	7.0988E-01	6.9528E-01	6.9237E-01	6.9395E-01
6.9857E-01	6.8929E-01	6.7628E-01	6.7368E-01	6.7509E-01
6.7494E-01	6.6670E-01	6.5515E-01	6.5284E-01	6.5410E-01
6.4938E-01	6.4211E-01	6.3190E-01	6.2986E-01	6.3097E-01
6.2190E-01	6.1552E-01	6.0655E-01	6.0477E-01	6.0574E-01
5.9254E-01	5.8697E-01	5.7916E-01	5.7760E-01	5.7845E-01
5.6135E-01	5.5654E-01	5.4978E-01	5.4843E-01	5.4917E-01
5.2841E-01	5.2428E-01	5.1850E-01	5.1734E-01	5.1797E-01
4.9380E-01	4.9031E-01	4.8541E-01	4.8443E-01	4.8496E-01
4.5764E-01	4.5472E-01	4.5062E-01	4.4980E-01	4.5025E-01
4.2004E-01	4.1764E-01	4.1427E-01	4.1360E-01	4.1396E-01
3.8114E-01	3.7920E-01	3.7649E-01	3.7594E-01	3.7624E-01
3.4109E-01	3.3957E-01	3.3743E-01	3.3700E-01	3.3723E-01
3.0005E-01	2.9888E-01	2.9725E-01	2.9692E-01	2.9710E-01
2.5817E-01	2.5732E-01	2.5613E-01	2.5589E-01	2.5602E-01
2.1566E-01	2.1507E-01	2.1424E-01	2.1407E-01	2.1416E-01
1.7267E-01	1.7230E-01	1.7177E-01	1.7166E-01	1.7172E-01
1.2942E-01	1.2921E-01	1.2891E-01	1.2885E-01	1.2888E-01
8.6085E-02	8.5991E-02	8.5859E-02	8.5833E-02	8.5847E-02
4.2878E-02	4.2854E-02	4.2821E-02	4.2815E-02	4.2818E-02
0.0000E+00	0.0000E+00	0.0000E+00	0.0000E+00	0.0000E+00
!M	CDTAB
!U	nd
1.2217E+00	1.2217E+00	1.2217E+00	1.2217E+00	1.2217E+00
1.2230E+00	1.2228E+00	1.2230E+00	1.2230E+00	1.2229E+00
1.2214E+00	1.2210E+00	1.2215E+00	1.2213E+00	1.2213E+00
1.2168E+00	1.2162E+00	1.2169E+00	1.2167E+00	1.2166E+00
1.2093E+00	1.2085E+00	1.2095E+00	1.2091E+00	1.2091E+00
1.1989E+00	1.1979E+00	1.1991E+00	1.1987E+00	1.1986E+00
1.1857E+00	1.1845E+00	1.1860E+00	1.1855E+00	1.1854E+00
1.1697E+00	1.1684E+00	1.1701E+00	1.1695E+00	1.1694E+00
1.1511E+00	1.1496E+00	1.1515E+00	1.1509E+00	1.1508E+00
1.1300E+00	1.1283E+00	1.1304E+00	1.1297E+00	1.1296E+00
1.1064E+00	1.1045E+00	1.1069E+00	1.1061E+00	1.1059E+00
1.0805E+00	1.0784E+00	1.0811E+00	1.0802E+00	1.0800E+00
1.0525E+00	1.0502E+00	1.0530E+00	1.0521E+00	1.0519E+00
1.0224E+00	1.0199E+00	1.0230E+00	1.0220E+00	1.0217E+00
9.9039E-01	9.8772E-01	9.9105E-01	9.8998E-01	9.8972E-01
9.5670E-01	9.5386E-01	9.5741E-01	9.5627E-01	9.5599E-01
9.2148E-01	9.1847E-01	9.2223E-01	9.2102E-01	9.2072E-01
8.8490E-01	8.8172E-01	8.8569E-01	8.8441E-01	8.8410E-01
8.4715E-01	8.4381E-01	8.4798E-01	8.4664E-01	8.4631E-01
8.0842E-01	8.0492E-01	8.0929E-01	8.0788E-01	8.0754E-01
7.6891E-01	7.6526E-01	7.6982E-01	7.6835E-01	7.6799E-01
7.2882E-01	7.2502E-01	7.2976E-01	7.2824E-01	7.2787E-01
6.8836E-01	6.8441E-01	6.8933E-01	6.8775E-01	6.8737E-01
6.4772E-01	6.4363E-01	6.4873E-01	6.4709E-01	6.4669E-01
6.0711E-01	6.0289E-01	6.0816E-01	6.0647E-01	6.0605E-01
5.6674E-01	5.6239E-01	5.6782E-01	5.6608E-01	5.6565E-01
5.2682E-01	5.2234E-01	5.2793E-01	5.2613E-01	5.2569E-01
4.8753E-01	4.8294E-01	4.8867E-01	4.8683E-01	4.8638E-01
4.4909E-01	4.4438E-01	4.5026E-01	4.4837E-01	4.4791E-01
4.1168E-01	4.0686E-01	4.1287E-01	4.1094E-01	4.1047E-01
3.7549E-01	3.7057E-01	3.7671E-01	3.7473E-01	3.7425E-01
3.4070E-01	3.3568E-01	3.4194E-01	3.3993E-01	3.3944E-01
3.0749E-01	3.0238E-01	3.0876E-01	3.0671E-01	3.0621E-01
2.7602E-01	2.7083E-01	2.7731E-01	2.7523E-01	2.7472E-01
2.4646E-01	2.4119E-01	2.4776E-01	2.4565E-01	2.4513E-01
2.1894E-01	2.1360E-01	2.2026E-01	2.1812E-01	2.1760E-01
1.9361E-01	1.8821E-01	1.9495E-01	1.9278E-01	1.9225E-01
1.7059E-01	1.6513E-01	1.7195E-01	1.6976E-01	1.6922E-01
1.5001E-01	1.4450E-01	1.5137E-01	1.4916E-01	1.4862E-01
1.3195E-01	1.2640E-01	1.3333E-01	1.3110E-01	1.3056E-01
1.1652E-01	1.1093E-01	1.1791E-01	1.1566E-01	1.1511E-01
1.0379E-01	9.8162E-02	1.0570E-01	1.0439E-01	1.0358E-01
9.5488E-02	8.9755E-02	9.5515E-02	9.1362E-02	8.8787E-02
8.6277E-02	7.8790E-02	6.1584E-02	6.6790E-02	5.7350E-02
6.1463E-02	4.6496E-02	4.5909E-02	3.3200E-02	2.9415E-02
3.9240E-02	2.5140E-02	2.0620E-02	1.6730E-02	1.1390E-02
3.5150E-02	2.1380E-02	1.4520E-02	1.1385E-02	8.8600E-03
3.7777E-02	1.6190E-02	1.2740E-02	1.2200E-02	1.1850E-02
2.6820E-02	1.9990E-02	1.9501E-02	1.9319E-02	1.8415E-02
3.6896E-02	3.2606E-02	2.9874E-02	2.7360E-02	2.7770E-02
6.9710E-02	6.4770E-02	4.2085E-02	3.9675E-02	3.9948E-02
8.9456E-02	6.5073E-02	5.9318E-02	5.6461E-02	5.6866E-02
1.0389E-01	8.3665E-02	7.7956E-02	7.5122E-02	7.5524E-02
1.2490E-01	1.0487E-01	9.9214E-02	9.6406E-02	9.6804E-02
1.4840E-01	1.2858E-01	1.2299E-01	1.2021E-01	1.2060E-01
1.7427E-01	1.5469E-01	1.4916E-01	1.4642E-01	1.4680E-01
2.0239E-01	1.8306E-01	1.7761E-01	1.7490E-01	1.7528E-01
2.3260E-01	2.1356E-01	2.0819E-01	2.0552E-01	2.0589E-01
2.6477E-01	2.4604E-01	2.4075E-01	2.3812E-01	2.3849E-01
2.9873E-01	2.8033E-01	2.7514E-01	2.7256E-01	2.7292E-01
3.3432E-01	3.1627E-01	3.1118E-01	3.0865E-01	3.0901E-01
3.7137E-01	3.5369E-01	3.4870E-01	3.4623E-01	3.4658E-01
4.0968E-01	3.9241E-01	3.8753E-01	3.8511E-01	3.8545E-01
4.4908E-01	4.3222E-01	4.2746E-01	4.2510E-01	4.2543E-01
4.8936E-01	4.7294E-01	4.6830E-01	4.6600E-01	4.6633E-01
5.3033E-01	5.1437E-01	5.0986E-01	5.0762E-01	5.0794E-01
5.7179E-01	5.5630E-01	5.5193E-01	5.4976E-01	5.5007E-01
6.1353E-01	5.9853E-01	5.9430E-01	5.9220E-01	5.9250E-01
6.5534E-01	6.4086E-01	6.3677E-01	6.3474E-01	6.3503E-01
6.9702E-01	6.8307E-01	6.7913E-01	6.7718E-01	6.7746E-01
7.3836E-01	7.2496E-01	7.2118E-01	7.1930E-01	7.1957E-01
7.7916E-01	7.6633E-01	7.6270E-01	7.6091E-01	7.6116E-01
8.1921E-01	8.0696E-01	8.0350E-01	8.0178E-01	8.0203E-01
8.5832E-01	8.4667E-01	8.4337E-01	8.4174E-01	8.4197E-01
8.9629E-01	8.8525E-01	8.8213E-01	8.8058E-01	8.8080E-01
9.3294E-01	9.2252E-01	9.1958E-01	9.1812E-01	9.1832E-01
9.6808E-01	9.5829E-01	9.5553E-01	9.5416E-01	9.5435E-01
1.0015E+00	9.9239E-01	9.8982E-01	9.8854E-01	9.8872E-01
1.0331E+00	1.0247E+00	1.0223E+00	1.0211E+00	1.0212E+00
1.0627E+00	1.0549E+00	1.0527E+00	1.0516E+00	1.0518E+00
1.0902E+00	1.0830E+00	1.0810E+00	1.0800E+00	1.0802E+00
1.1153E+00	1.1089E+00	1.1071E+00	1.1062E+00	1.1063E+00
1.1380E+00	1.1323E+00	1.1307E+00	1.1299E+00	1.1300E+00
1.1582E+00	1.1532E+00	1.1518E+00	1.1511E+00	1.1512E+00
1.1758E+00	1.1715E+00	1.1702E+00	1.1696E+00	1.1697E+00
1.1906E+00	1.1870E+00	1.1860E+00	1.1855E+00	1.1855E+00
1.2026E+00	1.1997E+00	1.1989E+00	1.1985E+00	1.1986E+00
1.2118E+00	1.2096E+00	1.2090E+00	1.2087E+00	1.2087E+00
1.2180E+00	1.2166E+00	1.2162E+00	1.2160E+00	1.2160E+00
1.2213E+00	1.2206E+00	1.2204E+00	1.2203E+00	1.2203E+00
1.2217E+00	1.2217E+00	1.2217E+00	1.2217E+00	1.2217E+00
!M	CMTAB
!U	nd
3.0542E-01	3.0542E-01	3.0542E-01	3.0542E-01	3.0542E-01
3.0491E-01	3.0489E-01	3.0489E-01	3.0487E-01	3.0486E-01
3.0342E-01	3.0335E-01	3.0333E-01	3.0325E-01	3.0323E-01
3.0100E-01	3.0085E-01	3.0079E-01	3.0063E-01	3.0058E-01
2.9769E-01	2.9743E-01	2.9733E-01	2.9706E-01	2.9696E-01
2.9355E-01	2.9314E-01	2.9300E-01	2.9257E-01	2.9244E-01
2.8862E-01	2.8804E-01	2.8785E-01	2.8725E-01	2.8705E-01
2.8295E-01	2.8217E-01	2.8193E-01	2.8113E-01	2.8086E-01
2.7659E-01	2.7559E-01	2.7529E-01	2.7427E-01	2.7392E-01
2.6958E-01	2.6834E-01	2.6798E-01	2.6672E-01	2.6628E-01
2.6198E-01	2.6048E-01	2.6006E-01	2.5854E-01	2.5800E-01
2.5384E-01	2.5205E-01	2.5157E-01	2.4978E-01	2.4914E-01
2.4519E-01	2.4310E-01	2.4258E-01	2.4050E-01	2.3974E-01
2.3610E-01	2.3370E-01	2.3312E-01	2.3074E-01	2.2986E-01
2.2660E-01	2.2387E-01	2.2325E-01	2.2057E-01	2.1955E-01
2.1675E-01	2.1368E-01	2.1302E-01	2.1004E-01	2.0888E-01
2.0660E-01	2.0317E-01	2.0249E-01	1.9919E-01	1.9788E-01
1.9618E-01	1.9240E-01	1.9171E-01	1.8809E-01	1.8662E-01
1.8556E-01	1.8141E-01	1.8072E-01	1.7679E-01	1.7516E-01
1.7478E-01	1.7026E-01	1.6958E-01	1.6534E-01	1.6353E-01
1.6389E-01	1.5899E-01	1.5834E-01	1.5380E-01	1.5181E-01
1.5294E-01	1.4766E-01	1.4705E-01	1.4221E-01	1.4004E-01
1.4197E-01	1.3631E-01	1.3577E-01	1.3064E-01	1.2827E-01
1.3103E-01	1.2499E-01	1.2454E-01	1.1914E-01	1.1657E-01
1.2017E-01	1.1376E-01	1.1341E-01	1.0775E-01	1.0498E-01
1.0945E-01	1.0266E-01	1.0245E-01	9.6545E-02	9.3557E-02
9.8901E-02	9.1749E-02	9.1692E-02	8.5566E-02	8.2359E-02
8.8581E-02	8.1070E-02	8.1196E-02	7.4870E-02	7.1439E-02
7.8534E-02	7.0676E-02	7.1013E-02	6.4510E-02	6.0850E-02
6.8811E-02	6.0617E-02	6.1194E-02	5.4540E-02	5.0646E-02
5.9460E-02	5.0941E-02	5.1790E-02	4.5015E-02	4.0881E-02
5.0528E-02	4.1700E-02	4.2853E-02	3.5987E-02	3.1609E-02
4.2064E-02	3.2943E-02	3.4435E-02	2.7511E-02	2.2885E-02
3.4117E-02	2.4720E-02	2.6587E-02	1.9641E-02	1.4762E-02
2.6734E-02	1.7082E-02	1.9360E-02	1.2430E-02	7.2940E-03
1.9965E-02	1.0078E-02	1.2807E-02	5.9320E-03	5.3600E-04
1.3856E-02	3.7580E-03	6.9780E-03	2.0100E-04	-5.4590E-03
8.4570E-03	-1.8280E-03	1.9260E-03	-4.7080E-03	-1.0636E-02
3.8170E-03	-6.6300E-03	-2.2990E-03	-8.7430E-03	-1.4941E-02
-1.8000E-05	-1.0597E-02	-5.6450E-03	-1.1850E-02	-1.8321E-02
-2.9980E-03	-1.3680E-02	-8.0600E-03	-1.3974E-02	-2.0720E-02
-5.0750E-03	-1.5829E-02	-1.0484E-02	-1.5642E-02	-2.1188E-02
-6.9000E-03	-1.5453E-02	-8.9250E-03	-2.1007E-02	-2.9574E-02
-6.7590E-03	-2.0823E-02	-5.8182E-02	-5.9400E-02	-7.6416E-02
-3.3628E-02	-7.8568E-02	-8.8670E-02	-1.2010E-01	-1.3016E-01
-8.0900E-02	-1.3250E-01	-1.4520E-01	-1.5410E-01	-1.6490E-01
-1.1260E-01	-1.4920E-01	-1.5970E-01	-1.6885E-01	-1.7710E-01
-1.4190E-01	-1.6760E-01	-1.7260E-01	-1.7180E-01	-1.7060E-01
-1.5240E-01	-1.5160E-01	-1.5097E-01	-1.5090E-01	-1.5338E-01
-1.1783E-01	-1.2574E-01	-1.2827E-01	-1.2960E-01	-1.3320E-01
-1.0070E-01	-1.2607E-01	-1.2602E-01	-1.2944E-01	-1.3348E-01
-1.0254E-01	-1.2204E-01	-1.2690E-01	-1.3081E-01	-1.3439E-01
-1.0218E-01	-1.2332E-01	-1.2834E-01	-1.3229E-01	-1.3583E-01
-1.0398E-01	-1.2519E-01	-1.3034E-01	-1.3429E-01	-1.3780E-01
-1.0643E-01	-1.2761E-01	-1.3286E-01	-1.3681E-01	-1.4026E-01
-1.0950E-01	-1.3056E-01	-1.3587E-01	-1.3979E-01	-1.4319E-01
-1.1314E-01	-1.3401E-01	-1.3933E-01	-1.4322E-01	-1.4655E-01
-1.1731E-01	-1.3790E-01	-1.4323E-01	-1.4707E-01	-1.5031E-01
-1.2199E-01	-1.4223E-01	-1.4753E-01	-1.5130E-01	-1.5445E-01
-1.2713E-01	-1.4694E-01	-1.5218E-01	-1.5588E-01	-1.5894E-01
-1.3269E-01	-1.5201E-01	-1.5718E-01	-1.6078E-01	-1.6374E-01
-1.3863E-01	-1.5740E-01	-1.6247E-01	-1.6597E-01	-1.6882E-01
-1.4492E-01	-1.6309E-01	-1.6804E-01	-1.7142E-01	-1.7416E-01
-1.5151E-01	-1.6903E-01	-1.7384E-01	-1.7710E-01	-1.7973E-01
-1.5838E-01	-1.7520E-01	-1.7985E-01	-1.8298E-01	-1.8549E-01
-1.6547E-01	-1.8156E-01	-1.8603E-01	-1.8903E-01	-1.9141E-01
-1.7276E-01	-1.8808E-01	-1.9236E-01	-1.9521E-01	-1.9747E-01
-1.8020E-01	-1.9472E-01	-1.9881E-01	-2.0151E-01	-2.0364E-01
-1.8776E-01	-2.0145E-01	-2.0533E-01	-2.0788E-01	-2.0987E-01
-1.9539E-01	-2.0825E-01	-2.1190E-01	-2.1429E-01	-2.1616E-01
-2.0306E-01	-2.1506E-01	-2.1849E-01	-2.2072E-01	-2.2246E-01
-2.1073E-01	-2.2187E-01	-2.2507E-01	-2.2714E-01	-2.2874E-01
-2.1836E-01	-2.2864E-01	-2.3160E-01	-2.3351E-01	-2.3498E-01
-2.2592E-01	-2.3533E-01	-2.3805E-01	-2.3980E-01	-2.4115E-01
-2.3336E-01	-2.4191E-01	-2.4440E-01	-2.4599E-01	-2.4721E-01
-2.4064E-01	-2.4836E-01	-2.5060E-01	-2.5204E-01	-2.5313E-01
-2.4774E-01	-2.5462E-01	-2.5664E-01	-2.5792E-01	-2.5889E-01
-2.5460E-01	-2.6068E-01	-2.6247E-01	-2.6360E-01	-2.6445E-01
-2.6120E-01	-2.6650E-01	-2.6806E-01	-2.6905E-01	-2.6979E-01
-2.6749E-01	-2.7205E-01	-2.7339E-01	-2.7424E-01	-2.7488E-01
-2.7343E-01	-2.7729E-01	-2.7842E-01	-2.7914E-01	-2.7968E-01
-2.7899E-01	-2.8218E-01	-2.8313E-01	-2.8372E-01	-2.8416E-01
-2.8413E-01	-2.8670E-01	-2.8747E-01	-2.8795E-01	-2.8830E-01
-2.8880E-01	-2.9082E-01	-2.9142E-01	-2.9179E-01	-2.9207E-01
-2.9298E-01	-2.9449E-01	-2.9494E-01	-2.9522E-01	-2.9543E-01
-2.9662E-01	-2.9769E-01	-2.9801E-01	-2.9821E-01	-2.9836E-01
-2.9968E-01	-3.0038E-01	-3.0059E-01	-3.0072E-01	-3.0082E-01
-3.0213E-01	-3.0253E-01	-3.0266E-01	-3.0273E-01	-3.0279E-01
-3.0393E-01	-3.0411E-01	-3.0417E-01	-3.0420E-01	-3.0423E-01
-3.0504E-01	-3.0508E-01	-3.0510E-01	-3.0511E-01	-3.0511E-01
-3.0542E-01	-3.0542E-01	-3.0542E-01	-3.0542E-01	-3.0542E-01
