!T	AOACL
!U	deg
-90	
-88	
-86	
-84	
-82	
-80	
-78	
-76	
-74	
-72	
-70	
-68	
-66	
-64	
-62	
-60	
-58	
-56	
-54	
-52	
-50	
-48	
-46	
-44	
-42	
-40	
-38	
-36	
-34	
-32	
-30	
-28	
-26	
-24	
-22	
-20	
-18	
-16	
-14	
-12	
-10	
-8	
-6	
-4	
-2	
0	
2	
4	
6	
8	
10	
12	
14	
16	
18	
20	
22	
24	
26	
28	
30	
32	
34	
36	
38	
40	
42	
44	
46	
48	
50	
52	
54	
56	
58	
60	
62	
64	
66	
68	
70	
72	
74	
76	
78	
80	
82	
84	
86	
88	
90	
!T	AOACD
!U	deg
-90	
-88	
-86	
-84	
-82	
-80	
-78	
-76	
-74	
-72	
-70	
-68	
-66	
-64	
-62	
-60	
-58	
-56	
-54	
-52	
-50	
-48	
-46	
-44	
-42	
-40	
-38	
-36	
-34	
-32	
-30	
-28	
-26	
-24	
-22	
-20	
-18	
-16	
-14	
-12	
-10	
-8	
-6	
-4	
-2	
0	
2	
4	
6	
8	
10	
12	
14	
16	
18	
20	
22	
24	
26	
28	
30	
32	
34	
36	
38	
40	
42	
44	
46	
48	
50	
52	
54	
56	
58	
60	
62	
64	
66	
68	
70	
72	
74	
76	
78	
80	
82	
84	
86	
88	
90	
!T	AOACM
!U	deg
-90	
-88	
-86	
-84	
-82	
-80	
-78	
-76	
-74	
-72	
-70	
-68	
-66	
-64	
-62	
-60	
-58	
-56	
-54	
-52	
-50	
-48	
-46	
-44	
-42	
-40	
-38	
-36	
-34	
-32	
-30	
-28	
-26	
-24	
-22	
-20	
-18	
-16	
-14	
-12	
-10	
-8	
-6	
-4	
-2	
0	
2	
4	
6	
8	
10	
12	
14	
16	
18	
20	
22	
24	
26	
28	
30	
32	
34	
36	
38	
40	
42	
44	
46	
48	
50	
52	
54	
56	
58	
60	
62	
64	
66	
68	
70	
72	
74	
76	
78	
80	
82	
84	
86	
88	
90	
!T	RECL
!U	nd
50000	
100000	
150000	
200000	
250000	
!T	RECD
!U	nd
50000	
100000	
150000	
200000	
250000	
!T	RECM
!U	nd
50000	
100000	
150000	
200000	
250000	
!M	CLTAB
!U	nd
-0.0000E+00	-0.0000E+00	-0.0000E+00	-0.0000E+00	-0.0000E+00
-4.3715E-02	-4.3710E-02	-4.3721E-02	-4.3754E-02	-4.3780E-02
-8.7279E-02	-8.7257E-02	-8.7302E-02	-8.7432E-02	-8.7536E-02
-1.3048E-01	-1.3043E-01	-1.3053E-01	-1.3082E-01	-1.3106E-01
-1.7311E-01	-1.7302E-01	-1.7320E-01	-1.7372E-01	-1.7414E-01
-2.1495E-01	-2.1482E-01	-2.1510E-01	-2.1592E-01	-2.1657E-01
-2.5582E-01	-2.5562E-01	-2.5604E-01	-2.5721E-01	-2.5816E-01
-2.9551E-01	-2.9524E-01	-2.9580E-01	-2.9741E-01	-2.9870E-01
-3.3383E-01	-3.3348E-01	-3.3422E-01	-3.3632E-01	-3.3801E-01
-3.7061E-01	-3.7015E-01	-3.7109E-01	-3.7377E-01	-3.7591E-01
-4.0565E-01	-4.0509E-01	-4.0626E-01	-4.0957E-01	-4.1223E-01
-4.3881E-01	-4.3812E-01	-4.3954E-01	-4.4357E-01	-4.4681E-01
-4.6991E-01	-4.6909E-01	-4.7079E-01	-4.7562E-01	-4.7948E-01
-4.9883E-01	-4.9786E-01	-4.9986E-01	-5.0556E-01	-5.1013E-01
-5.2541E-01	-5.2428E-01	-5.2663E-01	-5.3328E-01	-5.3861E-01
-5.4955E-01	-5.4824E-01	-5.5095E-01	-5.5864E-01	-5.6481E-01
-5.7113E-01	-5.6963E-01	-5.7274E-01	-5.8156E-01	-5.8864E-01
-5.9006E-01	-5.8835E-01	-5.9189E-01	-6.0194E-01	-6.1000E-01
-6.0626E-01	-6.0432E-01	-6.0833E-01	-6.1971E-01	-6.2883E-01
-6.1965E-01	-6.1747E-01	-6.2199E-01	-6.3480E-01	-6.4508E-01
-6.3020E-01	-6.2775E-01	-6.3281E-01	-6.4719E-01	-6.5870E-01
-6.3786E-01	-6.3513E-01	-6.4078E-01	-6.5683E-01	-6.6970E-01
-6.4261E-01	-6.3957E-01	-6.4587E-01	-6.6374E-01	-6.7807E-01
-6.4446E-01	-6.4108E-01	-6.4807E-01	-6.6792E-01	-6.8383E-01
-6.4342E-01	-6.3968E-01	-6.4742E-01	-6.6941E-01	-6.8704E-01
-6.3953E-01	-6.3538E-01	-6.4395E-01	-6.6828E-01	-6.8778E-01
-6.3283E-01	-6.2825E-01	-6.3772E-01	-6.6459E-01	-6.8613E-01
-6.2340E-01	-6.1834E-01	-6.2879E-01	-6.5846E-01	-6.8225E-01
-6.1133E-01	-6.0576E-01	-6.1729E-01	-6.5004E-01	-6.7629E-01
-5.9675E-01	-5.9059E-01	-6.0333E-01	-6.3949E-01	-6.6848E-01
-5.7979E-01	-5.7299E-01	-5.8707E-01	-6.2704E-01	-6.5907E-01
-5.6064E-01	-5.5311E-01	-5.6869E-01	-6.1294E-01	-6.4840E-01
-5.3950E-01	-5.3114E-01	-5.4843E-01	-5.9753E-01	-6.3689E-01
-5.1662E-01	-5.0731E-01	-5.2656E-01	-5.8124E-01	-6.2506E-01
-4.9232E-01	-4.8191E-01	-5.0345E-01	-5.6459E-01	-6.1360E-01
-4.6700E-01	-4.5528E-01	-4.7952E-01	-5.4831E-01	-6.0345E-01
-4.4117E-01	-4.2789E-01	-4.5536E-01	-5.3336E-01	-5.9587E-01
-4.1555E-01	-4.0034E-01	-4.3180E-01	-5.2113E-01	-5.9272E-01
-3.9116E-01	-3.7350E-01	-4.1003E-01	-5.1372E-01	-5.9684E-01
-3.6960E-01	-3.4873E-01	-3.9191E-01	-5.1453E-01	-6.0194E-01
-3.5362E-01	-3.2828E-01	-3.7870E-01	-5.0491E-01	-6.4880E-01
-3.4852E-01	-3.1557E-01	-3.8453E-01	-4.6678E-01	-4.0729E-01
-3.6085E-01	-3.2350E-01	-2.4448E-01	-1.5510E-01	-9.4800E-02
-4.0462E-01	-5.9339E-02	8.7500E-02	1.5880E-01	2.1330E-01
-6.6482E-02	2.7270E-01	4.0740E-01	4.6000E-01	4.8160E-01
2.4820E-01	6.0700E-01	6.8300E-01	6.9580E-01	6.9720E-01
4.5610E-01	8.4260E-01	8.8250E-01	8.8830E-01	8.8680E-01
6.3690E-01	1.0635E+00	1.0599E+00	1.0518E+00	1.0435E+00
7.3765E-01	1.2529E+00	1.2442E+00	1.2260E+00	1.2178E+00
7.5160E-01	1.4250E+00	1.3971E+00	1.3772E+00	1.3700E+00
7.2500E-01	1.5587E+00	1.5140E+00	1.4800E+00	1.4755E+00
7.7040E-01	1.6739E+00	1.5723E+00	1.5546E+00	1.5679E+00
8.3425E-01	1.5855E+00	1.6122E+00	1.6277E+00	1.6375E+00
8.6235E-01	1.4294E+00	1.5916E+00	1.5976E+00	1.6391E+00
9.9291E-01	1.3264E+00	1.4667E+00	1.4647E+00	1.5180E+00
1.0828E+00	1.2478E+00	1.3668E+00	1.3673E+00	1.4093E+00
1.0429E+00	1.1864E+00	1.2921E+00	1.2926E+00	1.3299E+00
1.0060E+00	1.1372E+00	1.2317E+00	1.2321E+00	1.2655E+00
9.7904E-01	1.0968E+00	1.1818E+00	1.1821E+00	1.2121E+00
9.5672E-01	1.0629E+00	1.1394E+00	1.1397E+00	1.1667E+00
9.3757E-01	1.0334E+00	1.1026E+00	1.1029E+00	1.1273E+00
9.2046E-01	1.0072E+00	1.0698E+00	1.0700E+00	1.0921E+00
9.0449E-01	9.8305E-01	1.0397E+00	1.0399E+00	1.0599E+00
8.8899E-01	9.6016E-01	1.0115E+00	1.0117E+00	1.0298E+00
8.7340E-01	9.3786E-01	9.8435E-01	9.8455E-01	1.0010E+00
8.5728E-01	9.1563E-01	9.5771E-01	9.5788E-01	9.7273E-01
8.4028E-01	8.9303E-01	9.3108E-01	9.3124E-01	9.4466E-01
8.2213E-01	8.6974E-01	9.0408E-01	9.0422E-01	9.1634E-01
8.0262E-01	8.4549E-01	8.7642E-01	8.7654E-01	8.8745E-01
7.8156E-01	8.2007E-01	8.4784E-01	8.4796E-01	8.5776E-01
7.5885E-01	7.9332E-01	8.1818E-01	8.1829E-01	8.2706E-01
7.3438E-01	7.6513E-01	7.8730E-01	7.8739E-01	7.9522E-01
7.0812E-01	7.3541E-01	7.5510E-01	7.5518E-01	7.6213E-01
6.8003E-01	7.0413E-01	7.2152E-01	7.2159E-01	7.2773E-01
6.5011E-01	6.7128E-01	6.8654E-01	6.8661E-01	6.9199E-01
6.1841E-01	6.3686E-01	6.5016E-01	6.5022E-01	6.5492E-01
5.8495E-01	6.0091E-01	6.1242E-01	6.1246E-01	6.1652E-01
5.4983E-01	5.6349E-01	5.7335E-01	5.7339E-01	5.7686E-01
5.1311E-01	5.2468E-01	5.3303E-01	5.3306E-01	5.3601E-01
4.7491E-01	4.8458E-01	4.9156E-01	4.9159E-01	4.9405E-01
4.3534E-01	4.4330E-01	4.4904E-01	4.4906E-01	4.5109E-01
3.9455E-01	4.0097E-01	4.0560E-01	4.0562E-01	4.0725E-01
3.5269E-01	3.5774E-01	3.6138E-01	3.6140E-01	3.6268E-01
3.0990E-01	3.1375E-01	3.1653E-01	3.1655E-01	3.1753E-01
2.6636E-01	2.6919E-01	2.7122E-01	2.7123E-01	2.7195E-01
2.2226E-01	2.2421E-01	2.2562E-01	2.2563E-01	2.2613E-01
1.7777E-01	1.7902E-01	1.7992E-01	1.7993E-01	1.8024E-01
1.3310E-01	1.3380E-01	1.3431E-01	1.3431E-01	1.3449E-01
8.8442E-02	8.8754E-02	8.8979E-02	8.8980E-02	8.9059E-02
4.4006E-02	4.4084E-02	4.4140E-02	4.4140E-02	4.4160E-02
0.0000E+00	0.0000E+00	0.0000E+00	0.0000E+00	0.0000E+00
!M	CDTAB
!U	nd
1.2525E+00	1.2525E+00	1.2525E+00	1.2525E+00	1.2525E+00
1.2545E+00	1.2525E+00	1.2520E+00	1.2513E+00	1.2508E+00
1.2535E+00	1.2494E+00	1.2484E+00	1.2471E+00	1.2461E+00
1.2494E+00	1.2433E+00	1.2419E+00	1.2399E+00	1.2383E+00
1.2424E+00	1.2342E+00	1.2323E+00	1.2297E+00	1.2276E+00
1.2323E+00	1.2221E+00	1.2198E+00	1.2166E+00	1.2139E+00
1.2194E+00	1.2072E+00	1.2044E+00	1.2006E+00	1.1973E+00
1.2037E+00	1.1895E+00	1.1863E+00	1.1818E+00	1.1780E+00
1.1853E+00	1.1691E+00	1.1654E+00	1.1603E+00	1.1560E+00
1.1642E+00	1.1461E+00	1.1419E+00	1.1362E+00	1.1314E+00
1.1407E+00	1.1206E+00	1.1160E+00	1.1096E+00	1.1043E+00
1.1147E+00	1.0927E+00	1.0877E+00	1.0807E+00	1.0749E+00
1.0865E+00	1.0626E+00	1.0572E+00	1.0496E+00	1.0433E+00
1.0563E+00	1.0305E+00	1.0246E+00	1.0165E+00	1.0096E+00
1.0241E+00	9.9645E-01	9.9016E-01	9.8144E-01	9.7413E-01
9.9009E-01	9.6068E-01	9.5398E-01	9.4469E-01	9.3691E-01
9.5453E-01	9.2336E-01	9.1626E-01	9.0642E-01	8.9817E-01
9.1757E-01	8.8467E-01	8.7718E-01	8.6679E-01	8.5809E-01
8.7940E-01	8.4481E-01	8.3694E-01	8.2602E-01	8.1688E-01
8.4020E-01	8.0398E-01	7.9573E-01	7.8430E-01	7.7472E-01
8.0020E-01	7.6238E-01	7.5377E-01	7.4183E-01	7.3183E-01
7.5959E-01	7.2022E-01	7.1125E-01	6.9883E-01	6.8841E-01
7.1857E-01	6.7770E-01	6.6839E-01	6.5550E-01	6.4468E-01
6.7736E-01	6.3504E-01	6.2540E-01	6.1205E-01	6.0085E-01
6.3617E-01	5.9245E-01	5.8249E-01	5.6869E-01	5.5713E-01
5.9521E-01	5.5014E-01	5.3988E-01	5.2565E-01	5.1373E-01
5.5468E-01	5.0832E-01	4.9776E-01	4.8313E-01	4.7087E-01
5.1480E-01	4.6720E-01	4.5636E-01	4.4133E-01	4.2874E-01
4.7575E-01	4.2697E-01	4.1587E-01	4.0047E-01	3.8757E-01
4.3775E-01	3.8785E-01	3.7649E-01	3.6074E-01	3.4754E-01
4.0098E-01	3.5002E-01	3.3842E-01	3.2234E-01	3.0886E-01
3.6562E-01	3.1368E-01	3.0185E-01	2.8545E-01	2.7171E-01
3.3187E-01	2.7899E-01	2.6695E-01	2.5026E-01	2.3627E-01
2.9988E-01	2.4613E-01	2.3389E-01	2.1693E-01	2.0271E-01
2.6982E-01	2.1527E-01	2.0285E-01	1.8563E-01	1.7120E-01
2.4184E-01	1.8655E-01	1.7396E-01	1.5651E-01	1.4189E-01
2.1608E-01	1.6013E-01	1.4738E-01	1.2972E-01	1.1492E-01
1.9267E-01	1.3612E-01	1.2324E-01	1.0539E-01	9.0428E-02
1.7173E-01	1.1465E-01	1.0165E-01	8.3628E-02	6.8528E-02
1.5337E-01	9.5819E-02	8.2715E-02	6.4550E-02	5.3459E-02
1.3767E-01	7.9728E-02	6.7832E-02	6.0748E-02	3.2920E-02
1.2472E-01	7.0374E-02	6.0041E-02	3.1103E-02	2.4593E-02
1.1546E-01	5.6060E-02	3.1197E-02	2.3130E-02	1.9010E-02
9.8538E-02	3.4915E-02	2.3250E-02	1.7680E-02	1.4580E-02
5.4756E-02	2.8470E-02	1.8140E-02	1.4370E-02	1.2600E-02
5.1940E-02	2.2080E-02	1.5810E-02	1.3640E-02	1.2480E-02
5.2870E-02	1.9790E-02	1.5830E-02	1.4150E-02	1.3190E-02
5.9960E-02	2.1320E-02	1.7230E-02	1.5340E-02	1.4210E-02
7.8120E-02	2.4670E-02	2.0280E-02	1.8110E-02	1.6890E-02
1.0623E-01	2.9040E-02	2.3900E-02	2.1750E-02	2.0420E-02
1.4084E-01	3.4620E-02	2.8790E-02	2.6970E-02	2.6090E-02
1.6567E-01	4.0594E-02	3.6730E-02	3.5890E-02	3.4510E-02
1.8626E-01	5.5219E-02	5.0517E-02	4.9200E-02	4.7795E-02
2.0397E-01	7.8151E-02	7.1148E-02	6.9915E-02	6.8090E-02
2.2505E-01	1.0278E-01	9.5814E-02	9.4571E-02	9.3008E-02
2.4798E-01	1.2989E-01	1.2304E-01	1.2176E-01	1.2005E-01
2.7381E-01	1.5936E-01	1.5260E-01	1.5133E-01	1.4965E-01
3.0585E-01	1.9104E-01	1.8438E-01	1.8314E-01	1.8148E-01
3.3774E-01	2.2479E-01	2.1824E-01	2.1701E-01	2.1538E-01
3.7139E-01	2.6043E-01	2.5400E-01	2.5279E-01	2.5119E-01
4.0664E-01	2.9780E-01	2.9149E-01	2.9031E-01	2.8874E-01
4.4329E-01	3.3671E-01	3.3053E-01	3.2937E-01	3.2784E-01
4.8117E-01	3.7698E-01	3.7094E-01	3.6981E-01	3.6830E-01
5.2008E-01	4.1841E-01	4.1252E-01	4.1141E-01	4.0994E-01
5.5983E-01	4.6080E-01	4.5506E-01	4.5398E-01	4.5255E-01
6.0022E-01	5.0395E-01	4.9836E-01	4.9732E-01	4.9593E-01
6.4103E-01	5.4764E-01	5.4222E-01	5.4121E-01	5.3986E-01
6.8207E-01	5.9166E-01	5.8642E-01	5.8544E-01	5.8413E-01
7.2311E-01	6.3581E-01	6.3075E-01	6.2980E-01	6.2854E-01
7.6396E-01	6.7987E-01	6.7499E-01	6.7408E-01	6.7287E-01
8.0440E-01	7.2362E-01	7.1894E-01	7.1806E-01	7.1689E-01
8.4423E-01	7.6686E-01	7.6237E-01	7.6153E-01	7.6041E-01
8.8324E-01	8.0937E-01	8.0509E-01	8.0428E-01	8.0322E-01
9.2122E-01	8.5095E-01	8.4688E-01	8.4611E-01	8.4510E-01
9.5800E-01	8.9140E-01	8.8754E-01	8.8682E-01	8.8585E-01
9.9336E-01	9.3053E-01	9.2688E-01	9.2620E-01	9.2529E-01
1.0271E+00	9.6813E-01	9.6471E-01	9.6407E-01	9.6322E-01
1.0591E+00	1.0040E+00	1.0009E+00	1.0003E+00	9.9946E-01
1.0892E+00	1.0381E+00	1.0351E+00	1.0346E+00	1.0338E+00
1.1172E+00	1.0701E+00	1.0674E+00	1.0669E+00	1.0662E+00
1.1429E+00	1.0999E+00	1.0974E+00	1.0970E+00	1.0963E+00
1.1663E+00	1.1274E+00	1.1252E+00	1.1248E+00	1.1242E+00
1.1871E+00	1.1525E+00	1.1505E+00	1.1501E+00	1.1496E+00
1.2053E+00	1.1749E+00	1.1731E+00	1.1728E+00	1.1724E+00
1.2208E+00	1.1947E+00	1.1932E+00	1.1929E+00	1.1925E+00
1.2335E+00	1.2117E+00	1.2104E+00	1.2102E+00	1.2098E+00
1.2433E+00	1.2258E+00	1.2248E+00	1.2246E+00	1.2243E+00
1.2501E+00	1.2370E+00	1.2362E+00	1.2361E+00	1.2359E+00
1.2539E+00	1.2452E+00	1.2447E+00	1.2446E+00	1.2444E+00
1.2547E+00	1.2504E+00	1.2501E+00	1.2501E+00	1.2500E+00
1.2525E+00	1.2525E+00	1.2525E+00	1.2525E+00	1.2525E+00
!M	CMTAB
!U	nd
3.1312E-01	3.1312E-01	3.1312E-01	3.1312E-01	3.1312E-01
3.1264E-01	3.1246E-01	3.1241E-01	3.1238E-01	3.1234E-01
3.1122E-01	3.1051E-01	3.1033E-01	3.1020E-01	3.1005E-01
3.0891E-01	3.0734E-01	3.0695E-01	3.0667E-01	3.0632E-01
3.0575E-01	3.0300E-01	3.0233E-01	3.0184E-01	3.0124E-01
3.0179E-01	2.9758E-01	2.9656E-01	2.9581E-01	2.9488E-01
2.9708E-01	2.9113E-01	2.8969E-01	2.8863E-01	2.8733E-01
2.9166E-01	2.8371E-01	2.8179E-01	2.8040E-01	2.7867E-01
2.8558E-01	2.7539E-01	2.7295E-01	2.7117E-01	2.6897E-01
2.7889E-01	2.6623E-01	2.6322E-01	2.6104E-01	2.5832E-01
2.7162E-01	2.5631E-01	2.5268E-01	2.5006E-01	2.4679E-01
2.6384E-01	2.4567E-01	2.4140E-01	2.3832E-01	2.3447E-01
2.5557E-01	2.3439E-01	2.2944E-01	2.2590E-01	2.2143E-01
2.4688E-01	2.2254E-01	2.1688E-01	2.1285E-01	2.0775E-01
2.3780E-01	2.1017E-01	2.0379E-01	1.9927E-01	1.9351E-01
2.2837E-01	1.9734E-01	1.9023E-01	1.8522E-01	1.7880E-01
2.1866E-01	1.8414E-01	1.7628E-01	1.7077E-01	1.6369E-01
2.0870E-01	1.7061E-01	1.6201E-01	1.5601E-01	1.4826E-01
1.9854E-01	1.5682E-01	1.4749E-01	1.4101E-01	1.3259E-01
1.8822E-01	1.4284E-01	1.3278E-01	1.2585E-01	1.1677E-01
1.7779E-01	1.2873E-01	1.1795E-01	1.1058E-01	1.0086E-01
1.6730E-01	1.1456E-01	1.0309E-01	9.5303E-02	8.4956E-02
1.5679E-01	1.0039E-01	8.8246E-02	8.0078E-02	6.9129E-02
1.4632E-01	8.6282E-02	7.3502E-02	6.4984E-02	5.3461E-02
1.3591E-01	7.2302E-02	5.8924E-02	5.0094E-02	3.8032E-02
1.2563E-01	5.8516E-02	4.4582E-02	3.5485E-02	2.2922E-02
1.1551E-01	4.4987E-02	3.0545E-02	2.1229E-02	8.2100E-03
1.0561E-01	3.1780E-02	1.6885E-02	7.4030E-03	-6.0250E-03
9.5965E-02	1.8958E-02	3.6700E-03	-5.9210E-03	-1.9703E-02
8.6625E-02	6.5870E-03	-9.0290E-03	-1.8667E-02	-3.2744E-02
7.7636E-02	-5.2700E-03	-2.1143E-02	-3.0760E-02	-4.5068E-02
6.9044E-02	-1.6548E-02	-3.2601E-02	-4.2127E-02	-5.6597E-02
6.0894E-02	-2.7182E-02	-4.3334E-02	-5.2692E-02	-6.7250E-02
5.3233E-02	-3.7109E-02	-5.3272E-02	-6.2381E-02	-7.6947E-02
4.6107E-02	-4.6264E-02	-6.2344E-02	-7.1119E-02	-8.5610E-02
3.9562E-02	-5.4583E-02	-7.0482E-02	-7.8833E-02	-9.3159E-02
3.3644E-02	-6.2002E-02	-7.7614E-02	-8.5446E-02	-9.9513E-02
2.8398E-02	-6.8456E-02	-8.3672E-02	-9.0886E-02	-1.0459E-01
2.3872E-02	-7.3880E-02	-8.8585E-02	-9.5076E-02	-1.0832E-01
2.0110E-02	-7.8211E-02	-9.2283E-02	-9.7943E-02	-1.0731E-01
1.7159E-02	-8.1384E-02	-9.3391E-02	-8.8655E-02	-1.1140E-01
1.5065E-02	-7.8703E-02	-8.7233E-02	-1.1308E-01	-1.2529E-01
1.2003E-02	-8.4000E-02	-1.1782E-01	-1.3220E-01	-1.4000E-01
-3.3200E-04	-1.1826E-01	-1.3650E-01	-1.4660E-01	-1.5500E-01
-9.1687E-02	-1.3480E-01	-1.5230E-01	-1.6020E-01	-1.6350E-01
-1.1340E-01	-1.4960E-01	-1.5990E-01	-1.6100E-01	-1.6060E-01
-1.0890E-01	-1.4530E-01	-1.5230E-01	-1.5340E-01	-1.5290E-01
-1.1240E-01	-1.4400E-01	-1.4170E-01	-1.3990E-01	-1.3810E-01
-1.0735E-01	-1.3780E-01	-1.3500E-01	-1.3120E-01	-1.2960E-01
-1.0540E-01	-1.2940E-01	-1.2330E-01	-1.1960E-01	-1.1840E-01
-1.1410E-01	-1.1590E-01	-1.0750E-01	-1.0290E-01	-1.0300E-01
-1.1870E-01	-9.4448E-02	-8.8500E-02	-8.8200E-02	-9.0300E-02
-1.2365E-01	-8.3481E-02	-7.4573E-02	-7.7437E-02	-8.0159E-02
-1.2525E-01	-8.7306E-02	-7.0361E-02	-7.4232E-02	-7.5900E-02
-1.4402E-01	-8.9045E-02	-7.1122E-02	-7.5204E-02	-7.6499E-02
-1.6050E-01	-9.1583E-02	-7.2695E-02	-7.6908E-02	-7.7904E-02
-1.6084E-01	-9.4872E-02	-7.5270E-02	-7.9535E-02	-8.0326E-02
-1.6194E-01	-9.8865E-02	-7.8724E-02	-8.3014E-02	-8.3618E-02
-1.6367E-01	-1.0351E-01	-8.3000E-02	-8.7289E-02	-8.7725E-02
-1.6603E-01	-1.0877E-01	-8.8040E-02	-9.2306E-02	-9.2591E-02
-1.6895E-01	-1.1459E-01	-9.3789E-02	-9.8009E-02	-9.8160E-02
-1.7242E-01	-1.2092E-01	-1.0019E-01	-1.0434E-01	-1.0437E-01
-1.7637E-01	-1.2771E-01	-1.0718E-01	-1.1125E-01	-1.1118E-01
-1.8078E-01	-1.3492E-01	-1.1471E-01	-1.1868E-01	-1.1852E-01
-1.8559E-01	-1.4250E-01	-1.2273E-01	-1.2657E-01	-1.2634E-01
-1.9076E-01	-1.5041E-01	-1.3116E-01	-1.3487E-01	-1.3457E-01
-1.9625E-01	-1.5859E-01	-1.3996E-01	-1.4353E-01	-1.4318E-01
-2.0202E-01	-1.6699E-01	-1.4907E-01	-1.5248E-01	-1.5209E-01
-2.0803E-01	-1.7558E-01	-1.5844E-01	-1.6167E-01	-1.6125E-01
-2.1422E-01	-1.8429E-01	-1.6800E-01	-1.7106E-01	-1.7061E-01
-2.2057E-01	-1.9309E-01	-1.7769E-01	-1.8057E-01	-1.8012E-01
-2.2702E-01	-2.0192E-01	-1.8747E-01	-1.9016E-01	-1.8971E-01
-2.3354E-01	-2.1074E-01	-1.9728E-01	-1.9977E-01	-1.9932E-01
-2.4008E-01	-2.1951E-01	-2.0705E-01	-2.0934E-01	-2.0891E-01
-2.4660E-01	-2.2816E-01	-2.1673E-01	-2.1883E-01	-2.1841E-01
-2.5305E-01	-2.3666E-01	-2.2627E-01	-2.2817E-01	-2.2777E-01
-2.5940E-01	-2.4496E-01	-2.3561E-01	-2.3731E-01	-2.3694E-01
-2.6560E-01	-2.5300E-01	-2.4468E-01	-2.4619E-01	-2.4585E-01
-2.7160E-01	-2.6075E-01	-2.5344E-01	-2.5476E-01	-2.5445E-01
-2.7737E-01	-2.6816E-01	-2.6182E-01	-2.6297E-01	-2.6269E-01
-2.8287E-01	-2.7516E-01	-2.6978E-01	-2.7075E-01	-2.7051E-01
-2.8804E-01	-2.8173E-01	-2.7725E-01	-2.7805E-01	-2.7785E-01
-2.9285E-01	-2.8781E-01	-2.8417E-01	-2.8482E-01	-2.8465E-01
-2.9725E-01	-2.9336E-01	-2.9049E-01	-2.9100E-01	-2.9086E-01
-3.0121E-01	-2.9831E-01	-2.9615E-01	-2.9654E-01	-2.9643E-01
-3.0467E-01	-3.0264E-01	-3.0110E-01	-3.0138E-01	-3.0130E-01
-3.0760E-01	-3.0629E-01	-3.0528E-01	-3.0546E-01	-3.0541E-01
-3.0995E-01	-3.0921E-01	-3.0862E-01	-3.0873E-01	-3.0870E-01
-3.1169E-01	-3.1135E-01	-3.1109E-01	-3.1113E-01	-3.1112E-01
-3.1276E-01	-3.1267E-01	-3.1261E-01	-3.1262E-01	-3.1261E-01
-3.1312E-01	-3.1312E-01	-3.1312E-01	-3.1312E-01	-3.1312E-01
