!T	AOACL
!U	deg
-90	
-88	
-86	
-84	
-82	
-80	
-78	
-76	
-74	
-72	
-70	
-68	
-66	
-64	
-62	
-60	
-58	
-56	
-54	
-52	
-50	
-48	
-46	
-44	
-42	
-40	
-38	
-36	
-34	
-32	
-30	
-28	
-26	
-24	
-22	
-20	
-18	
-16	
-14	
-12	
-10	
-8	
-6	
-4	
-2	
0	
2	
4	
6	
8	
10	
12	
14	
16	
18	
20	
22	
24	
26	
28	
30	
32	
34	
36	
38	
40	
42	
44	
46	
48	
50	
52	
54	
56	
58	
60	
62	
64	
66	
68	
70	
72	
74	
76	
78	
80	
82	
84	
86	
88	
90	
!T	AOACD
!U	deg
-90	
-88	
-86	
-84	
-82	
-80	
-78	
-76	
-74	
-72	
-70	
-68	
-66	
-64	
-62	
-60	
-58	
-56	
-54	
-52	
-50	
-48	
-46	
-44	
-42	
-40	
-38	
-36	
-34	
-32	
-30	
-28	
-26	
-24	
-22	
-20	
-18	
-16	
-14	
-12	
-10	
-8	
-6	
-4	
-2	
0	
2	
4	
6	
8	
10	
12	
14	
16	
18	
20	
22	
24	
26	
28	
30	
32	
34	
36	
38	
40	
42	
44	
46	
48	
50	
52	
54	
56	
58	
60	
62	
64	
66	
68	
70	
72	
74	
76	
78	
80	
82	
84	
86	
88	
90	
!T	AOACM
!U	deg
-90	
-88	
-86	
-84	
-82	
-80	
-78	
-76	
-74	
-72	
-70	
-68	
-66	
-64	
-62	
-60	
-58	
-56	
-54	
-52	
-50	
-48	
-46	
-44	
-42	
-40	
-38	
-36	
-34	
-32	
-30	
-28	
-26	
-24	
-22	
-20	
-18	
-16	
-14	
-12	
-10	
-8	
-6	
-4	
-2	
0	
2	
4	
6	
8	
10	
12	
14	
16	
18	
20	
22	
24	
26	
28	
30	
32	
34	
36	
38	
40	
42	
44	
46	
48	
50	
52	
54	
56	
58	
60	
62	
64	
66	
68	
70	
72	
74	
76	
78	
80	
82	
84	
86	
88	
90	
!T	RECL
!U	nd
50000	
100000	
150000	
200000	
250000	
!T	RECD
!U	nd
50000	
100000	
150000	
200000	
250000	
!T	RECM
!U	nd
50000	
100000	
150000	
200000	
250000	
!M	CLTAB
!U	nd
-0.0000E+00	-0.0000E+00	-0.0000E+00	-0.0000E+00	-0.0000E+00
-4.2631E-02	-4.2630E-02	-4.2640E-02	-4.2628E-02	-4.2643E-02
-8.5098E-02	-8.5093E-02	-8.5135E-02	-8.5084E-02	-8.5145E-02
-1.2719E-01	-1.2718E-01	-1.2728E-01	-1.2716E-01	-1.2730E-01
-1.6872E-01	-1.6870E-01	-1.6887E-01	-1.6866E-01	-1.6890E-01
-2.0946E-01	-2.0943E-01	-2.0970E-01	-2.0937E-01	-2.0976E-01
-2.4923E-01	-2.4919E-01	-2.4957E-01	-2.4910E-01	-2.4966E-01
-2.8784E-01	-2.8778E-01	-2.8830E-01	-2.8766E-01	-2.8842E-01
-3.2509E-01	-3.2501E-01	-3.2570E-01	-3.2486E-01	-3.2586E-01
-3.6082E-01	-3.6072E-01	-3.6159E-01	-3.6053E-01	-3.6179E-01
-3.9484E-01	-3.9472E-01	-3.9580E-01	-3.9448E-01	-3.9604E-01
-4.2701E-01	-4.2685E-01	-4.2817E-01	-4.2657E-01	-4.2846E-01
-4.5715E-01	-4.5697E-01	-4.5854E-01	-4.5662E-01	-4.5890E-01
-4.8513E-01	-4.8492E-01	-4.8678E-01	-4.8451E-01	-4.8720E-01
-5.1083E-01	-5.1058E-01	-5.1275E-01	-5.1011E-01	-5.1324E-01
-5.3412E-01	-5.3383E-01	-5.3634E-01	-5.3328E-01	-5.3690E-01
-5.5489E-01	-5.5455E-01	-5.5743E-01	-5.5393E-01	-5.5808E-01
-5.7305E-01	-5.7266E-01	-5.7595E-01	-5.7195E-01	-5.7668E-01
-5.8851E-01	-5.8808E-01	-5.9180E-01	-5.8727E-01	-5.9263E-01
-6.0122E-01	-6.0074E-01	-6.0492E-01	-5.9982E-01	-6.0586E-01
-6.1112E-01	-6.1058E-01	-6.1527E-01	-6.0955E-01	-6.1633E-01
-6.1818E-01	-6.1757E-01	-6.2281E-01	-6.1643E-01	-6.2399E-01
-6.2236E-01	-6.2168E-01	-6.2752E-01	-6.2041E-01	-6.2883E-01
-6.2367E-01	-6.2292E-01	-6.2940E-01	-6.2151E-01	-6.3086E-01
-6.2213E-01	-6.2130E-01	-6.2847E-01	-6.1973E-01	-6.3009E-01
-6.1775E-01	-6.1683E-01	-6.2477E-01	-6.1510E-01	-6.2656E-01
-6.1058E-01	-6.0956E-01	-6.1834E-01	-6.0765E-01	-6.2031E-01
-6.0069E-01	-5.9957E-01	-6.0925E-01	-5.9746E-01	-6.1143E-01
-5.8816E-01	-5.8692E-01	-5.9761E-01	-5.8459E-01	-6.0002E-01
-5.7309E-01	-5.7172E-01	-5.8352E-01	-5.6915E-01	-5.8618E-01
-5.5561E-01	-5.5409E-01	-5.6714E-01	-5.5125E-01	-5.7008E-01
-5.3586E-01	-5.3419E-01	-5.4863E-01	-5.3104E-01	-5.5188E-01
-5.1404E-01	-5.1218E-01	-5.2820E-01	-5.0868E-01	-5.3182E-01
-4.9034E-01	-4.8827E-01	-5.0611E-01	-4.8438E-01	-5.1014E-01
-4.6503E-01	-4.6272E-01	-4.8268E-01	-4.5837E-01	-4.8717E-01
-4.3844E-01	-4.3583E-01	-4.5829E-01	-4.3094E-01	-4.6335E-01
-4.1097E-01	-4.0801E-01	-4.3347E-01	-4.0247E-01	-4.3921E-01
-3.8316E-01	-3.7978E-01	-4.0894E-01	-3.7343E-01	-4.1551E-01
-3.5581E-01	-3.5188E-01	-3.8573E-01	-3.4451E-01	-3.9336E-01
-3.3009E-01	-3.2544E-01	-3.6547E-01	-3.1672E-01	-3.7449E-01
-3.0800E-01	-3.0236E-01	-3.5094E-01	-2.9178E-01	-3.6189E-01
-2.9337E-01	-2.8626E-01	-3.4749E-01	-2.7315E-01	-3.5643E-01
-2.9879E-01	-2.9129E-01	-3.6983E-01	-2.7342E-01	-3.2589E-01
-3.3810E-01	-3.2370E-01	-3.1306E-01	-2.1725E-01	-1.1384E-01
-1.3889E-01	-6.4829E-02	1.3143E-01	2.0004E-01	3.0998E-01
2.3620E-01	4.0090E-01	5.2340E-01	5.9070E-01	6.2650E-01
4.6620E-01	7.2560E-01	8.3740E-01	8.9700E-01	9.3210E-01
8.4440E-01	1.1042E+00	1.1355E+00	1.1342E+00	1.1282E+00
1.2470E+00	1.2691E+00	1.2769E+00	1.2993E+00	1.3041E+00
1.3277E+00	1.4074E+00	1.3763E+00	1.3428E+00	1.3516E+00
1.4418E+00	1.2833E+00	1.2033E+00	1.1382E+00	1.1452E+00
1.2608E+00	1.1328E+00	1.0510E+00	1.0059E+00	1.0116E+00
1.1458E+00	1.0346E+00	9.6550E-01	9.2731E-01	9.3212E-01
1.0637E+00	9.6790E-01	9.0836E-01	8.7546E-01	8.7960E-01
1.0052E+00	9.2153E-01	8.6953E-01	8.4081E-01	8.4443E-01
9.6255E-01	8.8877E-01	8.4292E-01	8.1758E-01	8.2077E-01
9.3090E-01	8.6532E-01	8.2456E-01	8.0204E-01	8.0488E-01
9.0687E-01	8.4824E-01	8.1179E-01	7.9166E-01	7.9419E-01
8.8813E-01	8.3547E-01	8.0274E-01	7.8465E-01	7.8693E-01
8.7297E-01	8.2552E-01	7.9602E-01	7.7972E-01	7.8178E-01
8.6011E-01	8.1725E-01	7.9061E-01	7.7589E-01	7.7774E-01
8.4860E-01	8.0982E-01	7.8571E-01	7.7239E-01	7.7407E-01
8.3767E-01	8.0255E-01	7.8072E-01	7.6865E-01	7.7018E-01
8.2674E-01	7.9492E-01	7.7514E-01	7.6421E-01	7.6559E-01
8.1533E-01	7.8651E-01	7.6860E-01	7.5870E-01	7.5994E-01
8.0308E-01	7.7699E-01	7.6077E-01	7.5182E-01	7.5294E-01
7.8968E-01	7.6609E-01	7.5143E-01	7.4333E-01	7.4435E-01
7.7489E-01	7.5361E-01	7.4038E-01	7.3306E-01	7.3399E-01
7.5854E-01	7.3937E-01	7.2746E-01	7.2087E-01	7.2170E-01
7.4048E-01	7.2327E-01	7.1256E-01	7.0665E-01	7.0740E-01
7.2061E-01	7.0520E-01	6.9562E-01	6.9033E-01	6.9100E-01
6.9887E-01	6.8512E-01	6.7658E-01	6.7186E-01	6.7245E-01
6.7521E-01	6.6300E-01	6.5542E-01	6.5123E-01	6.5175E-01
6.4961E-01	6.3884E-01	6.3214E-01	6.2843E-01	6.2890E-01
6.2211E-01	6.1264E-01	6.0676E-01	6.0351E-01	6.0392E-01
5.9272E-01	5.8447E-01	5.7934E-01	5.7651E-01	5.7687E-01
5.6151E-01	5.5437E-01	5.4994E-01	5.4749E-01	5.4780E-01
5.2854E-01	5.2243E-01	5.1863E-01	5.1653E-01	5.1680E-01
4.9391E-01	4.8874E-01	4.8552E-01	4.8374E-01	4.8397E-01
4.5773E-01	4.5341E-01	4.5072E-01	4.4923E-01	4.4942E-01
4.2012E-01	4.1656E-01	4.1435E-01	4.1313E-01	4.1328E-01
3.8120E-01	3.7833E-01	3.7655E-01	3.7556E-01	3.7569E-01
3.4114E-01	3.3888E-01	3.3748E-01	3.3670E-01	3.3680E-01
3.0008E-01	2.9836E-01	2.9729E-01	2.9670E-01	2.9677E-01
2.5820E-01	2.5694E-01	2.5616E-01	2.5572E-01	2.5578E-01
2.1568E-01	2.1480E-01	2.1426E-01	2.1396E-01	2.1399E-01
1.7269E-01	1.7213E-01	1.7178E-01	1.7159E-01	1.7161E-01
1.2942E-01	1.2911E-01	1.2892E-01	1.2881E-01	1.2882E-01
8.6088E-02	8.5949E-02	8.5862E-02	8.5814E-02	8.5820E-02
4.2879E-02	4.2844E-02	4.2822E-02	4.2810E-02	4.2812E-02
0.0000E+00	0.0000E+00	0.0000E+00	0.0000E+00	0.0000E+00
!M	CDTAB
!U	nd
1.2217E+00	1.2217E+00	1.2217E+00	1.2217E+00	1.2217E+00
1.2230E+00	1.2227E+00	1.2229E+00	1.2228E+00	1.2231E+00
1.2213E+00	1.2207E+00	1.2211E+00	1.2210E+00	1.2215E+00
1.2166E+00	1.2158E+00	1.2164E+00	1.2163E+00	1.2169E+00
1.2091E+00	1.2079E+00	1.2088E+00	1.2086E+00	1.2095E+00
1.1986E+00	1.1972E+00	1.1983E+00	1.1981E+00	1.1992E+00
1.1854E+00	1.1836E+00	1.1850E+00	1.1847E+00	1.1860E+00
1.1694E+00	1.1674E+00	1.1689E+00	1.1686E+00	1.1701E+00
1.1508E+00	1.1485E+00	1.1502E+00	1.1498E+00	1.1516E+00
1.1296E+00	1.1270E+00	1.1290E+00	1.1285E+00	1.1305E+00
1.1060E+00	1.1031E+00	1.1053E+00	1.1048E+00	1.1070E+00
1.0800E+00	1.0769E+00	1.0793E+00	1.0788E+00	1.0812E+00
1.0519E+00	1.0485E+00	1.0511E+00	1.0505E+00	1.0531E+00
1.0218E+00	1.0181E+00	1.0209E+00	1.0203E+00	1.0231E+00
9.8977E-01	9.8581E-01	9.8885E-01	9.8816E-01	9.9118E-01
9.5605E-01	9.5182E-01	9.5506E-01	9.5433E-01	9.5754E-01
9.2078E-01	9.1631E-01	9.1974E-01	9.1897E-01	9.2237E-01
8.8416E-01	8.7944E-01	8.8306E-01	8.8225E-01	8.8584E-01
8.4638E-01	8.4141E-01	8.4522E-01	8.4436E-01	8.4813E-01
8.0761E-01	8.0241E-01	8.0640E-01	8.0550E-01	8.0945E-01
7.6807E-01	7.6264E-01	7.6680E-01	7.6586E-01	7.6999E-01
7.2794E-01	7.2229E-01	7.2662E-01	7.2565E-01	7.2994E-01
6.8744E-01	6.8157E-01	6.8607E-01	6.8506E-01	6.8952E-01
6.4677E-01	6.4070E-01	6.4536E-01	6.4431E-01	6.4892E-01
6.0614E-01	5.9986E-01	6.0467E-01	6.0359E-01	6.0836E-01
5.6574E-01	5.5927E-01	5.6423E-01	5.6311E-01	5.6803E-01
5.2578E-01	5.1912E-01	5.2423E-01	5.2308E-01	5.2814E-01
4.8647E-01	4.7963E-01	4.8488E-01	4.8370E-01	4.8889E-01
4.4800E-01	4.4100E-01	4.4637E-01	4.4516E-01	4.5048E-01
4.1057E-01	4.0340E-01	4.0889E-01	4.0766E-01	4.1310E-01
3.7435E-01	3.6703E-01	3.7264E-01	3.7138E-01	3.7694E-01
3.3954E-01	3.3208E-01	3.3780E-01	3.3651E-01	3.4218E-01
3.0631E-01	2.9871E-01	3.0454E-01	3.0323E-01	3.0899E-01
2.7482E-01	2.6710E-01	2.7302E-01	2.7169E-01	2.7755E-01
2.4524E-01	2.3740E-01	2.4341E-01	2.4206E-01	2.4801E-01
2.1771E-01	2.0977E-01	2.1585E-01	2.1449E-01	2.2051E-01
1.9236E-01	1.8432E-01	1.9049E-01	1.8910E-01	1.9520E-01
1.6933E-01	1.6121E-01	1.6744E-01	1.6604E-01	1.7220E-01
1.4873E-01	1.4053E-01	1.4682E-01	1.4541E-01	1.5163E-01
1.3067E-01	1.2240E-01	1.2874E-01	1.2732E-01	1.3359E-01
1.1523E-01	1.0691E-01	1.1329E-01	1.1185E-01	1.1817E-01
1.0249E-01	9.4119E-02	1.0057E-01	9.9142E-02	1.0587E-01
9.3249E-02	8.5059E-02	9.1958E-02	9.0208E-02	8.7482E-02
8.5350E-02	7.6920E-02	7.3657E-02	6.5716E-02	5.8203E-02
5.7742E-02	5.1201E-02	3.8913E-02	3.3826E-02	2.5816E-02
3.3740E-02	2.7080E-02	2.0560E-02	1.6260E-02	1.3710E-02
3.5190E-02	2.1820E-02	1.3940E-02	1.0550E-02	8.9500E-03
3.7920E-02	1.6110E-02	1.3050E-02	1.2190E-02	1.1820E-02
2.7090E-02	1.9384E-02	1.9016E-02	1.8889E-02	1.8579E-02
3.5619E-02	2.4291E-02	2.9217E-02	2.6962E-02	2.6023E-02
5.4770E-02	4.0220E-02	4.1268E-02	4.0121E-02	3.9186E-02
7.6292E-02	4.2276E-02	5.8508E-02	5.6693E-02	5.5765E-02
8.9167E-02	6.1051E-02	7.7152E-02	7.5352E-02	7.4432E-02
1.1032E-01	8.2466E-02	9.8417E-02	9.6634E-02	9.5722E-02
1.3398E-01	1.0642E-01	1.2220E-01	1.2044E-01	1.1953E-01
1.6002E-01	1.3279E-01	1.4838E-01	1.4664E-01	1.4575E-01
1.8832E-01	1.6145E-01	1.7684E-01	1.7512E-01	1.7424E-01
2.1874E-01	1.9227E-01	2.0743E-01	2.0573E-01	2.0487E-01
2.5113E-01	2.2509E-01	2.4000E-01	2.3833E-01	2.3748E-01
2.8534E-01	2.5975E-01	2.7440E-01	2.7276E-01	2.7193E-01
3.2118E-01	2.9609E-01	3.1046E-01	3.0885E-01	3.0803E-01
3.5850E-01	3.3393E-01	3.4800E-01	3.4643E-01	3.4562E-01
3.9711E-01	3.7308E-01	3.8684E-01	3.8530E-01	3.8452E-01
4.3681E-01	4.1336E-01	4.2679E-01	4.2529E-01	4.2452E-01
4.7741E-01	4.5457E-01	4.6765E-01	4.6619E-01	4.6544E-01
5.1871E-01	4.9651E-01	5.0923E-01	5.0780E-01	5.0708E-01
5.6051E-01	5.3898E-01	5.5131E-01	5.4993E-01	5.4923E-01
6.0261E-01	5.8177E-01	5.9371E-01	5.9237E-01	5.9169E-01
6.4480E-01	6.2467E-01	6.3620E-01	6.3491E-01	6.3425E-01
6.8687E-01	6.6748E-01	6.7858E-01	6.7734E-01	6.7670E-01
7.2861E-01	7.0998E-01	7.2065E-01	7.1945E-01	7.1884E-01
7.6982E-01	7.5198E-01	7.6219E-01	7.6105E-01	7.6047E-01
8.1029E-01	7.9326E-01	8.0301E-01	8.0192E-01	8.0137E-01
8.4984E-01	8.3363E-01	8.4291E-01	8.4187E-01	8.4134E-01
8.8825E-01	8.7290E-01	8.8169E-01	8.8071E-01	8.8021E-01
9.2535E-01	9.1086E-01	9.1916E-01	9.1823E-01	9.1776E-01
9.6095E-01	9.4735E-01	9.5514E-01	9.5427E-01	9.5382E-01
9.9488E-01	9.8218E-01	9.8945E-01	9.8864E-01	9.8822E-01
1.0270E+00	1.0152E+00	1.0219E+00	1.0212E+00	1.0208E+00
1.0570E+00	1.0462E+00	1.0524E+00	1.0517E+00	1.0514E+00
1.0850E+00	1.0751E+00	1.0807E+00	1.0801E+00	1.0798E+00
1.1106E+00	1.1017E+00	1.1068E+00	1.1062E+00	1.1059E+00
1.1339E+00	1.1259E+00	1.1305E+00	1.1299E+00	1.1297E+00
1.1546E+00	1.1476E+00	1.1516E+00	1.1511E+00	1.1509E+00
1.1726E+00	1.1666E+00	1.1701E+00	1.1697E+00	1.1695E+00
1.1880E+00	1.1830E+00	1.1858E+00	1.1855E+00	1.1854E+00
1.2005E+00	1.1965E+00	1.1988E+00	1.1986E+00	1.1984E+00
1.2102E+00	1.2072E+00	1.2089E+00	1.2087E+00	1.2086E+00
1.2170E+00	1.2150E+00	1.2161E+00	1.2160E+00	1.2159E+00
1.2208E+00	1.2198E+00	1.2204E+00	1.2203E+00	1.2203E+00
1.2217E+00	1.2217E+00	1.2217E+00	1.2217E+00	1.2217E+00
!M	CMTAB
!U	nd
3.0542E-01	3.0542E-01	3.0542E-01	3.0542E-01	3.0542E-01
3.0492E-01	3.0490E-01	3.0489E-01	3.0485E-01	3.0487E-01
3.0345E-01	3.0336E-01	3.0335E-01	3.0319E-01	3.0326E-01
3.0106E-01	3.0087E-01	3.0084E-01	3.0049E-01	3.0064E-01
2.9779E-01	2.9747E-01	2.9742E-01	2.9679E-01	2.9706E-01
2.9370E-01	2.9321E-01	2.9314E-01	2.9217E-01	2.9258E-01
2.8883E-01	2.8813E-01	2.8803E-01	2.8667E-01	2.8726E-01
2.8323E-01	2.8230E-01	2.8217E-01	2.8034E-01	2.8114E-01
2.7694E-01	2.7574E-01	2.7559E-01	2.7324E-01	2.7429E-01
2.7002E-01	2.6853E-01	2.6835E-01	2.6543E-01	2.6674E-01
2.6250E-01	2.6069E-01	2.6049E-01	2.5695E-01	2.5856E-01
2.5444E-01	2.5229E-01	2.5207E-01	2.4787E-01	2.4980E-01
2.4589E-01	2.4338E-01	2.4314E-01	2.3824E-01	2.4052E-01
2.3689E-01	2.3400E-01	2.3374E-01	2.2810E-01	2.3076E-01
2.2748E-01	2.2419E-01	2.2393E-01	2.1753E-01	2.2059E-01
2.1772E-01	2.1402E-01	2.1377E-01	2.0656E-01	2.1005E-01
2.0765E-01	2.0353E-01	2.0329E-01	1.9525E-01	1.9919E-01
1.9733E-01	1.9277E-01	1.9254E-01	1.8367E-01	1.8808E-01
1.8679E-01	1.8179E-01	1.8159E-01	1.7185E-01	1.7677E-01
1.7608E-01	1.7063E-01	1.7048E-01	1.5987E-01	1.6530E-01
1.6526E-01	1.5935E-01	1.5926E-01	1.4776E-01	1.5374E-01
1.5437E-01	1.4800E-01	1.4798E-01	1.3559E-01	1.4213E-01
1.4345E-01	1.3662E-01	1.3668E-01	1.2341E-01	1.3053E-01
1.3256E-01	1.2527E-01	1.2543E-01	1.1128E-01	1.1900E-01
1.2173E-01	1.1399E-01	1.1427E-01	9.9240E-02	1.0759E-01
1.1103E-01	1.0283E-01	1.0326E-01	8.7355E-02	9.6341E-02
1.0049E-01	9.1847E-02	9.2430E-02	7.5678E-02	8.5321E-02
9.0163E-02	8.1085E-02	8.1846E-02	6.4262E-02	7.4579E-02
8.0096E-02	7.0594E-02	7.1555E-02	5.3161E-02	6.4169E-02
7.0336E-02	6.0423E-02	6.1607E-02	4.2430E-02	5.4144E-02
6.0931E-02	5.0621E-02	5.2051E-02	3.2123E-02	4.4558E-02
5.1927E-02	4.1237E-02	4.2939E-02	2.2294E-02	3.5465E-02
4.3372E-02	3.2321E-02	3.4321E-02	1.2999E-02	2.6917E-02
3.5313E-02	2.3923E-02	2.6248E-02	4.2900E-03	1.8970E-02
2.7797E-02	1.6090E-02	1.8768E-02	-3.7780E-03	1.1676E-02
2.0872E-02	8.8730E-03	1.1934E-02	-1.1150E-02	5.0890E-03
1.4585E-02	2.3200E-03	5.7940E-03	-1.7772E-02	-7.3800E-04
8.9820E-03	-3.5180E-03	4.0100E-04	-2.3590E-02	-5.7500E-03
4.1120E-03	-8.5940E-03	-4.1980E-03	-2.8550E-02	-9.8940E-03
2.2000E-05	-1.2857E-02	-7.9500E-03	-3.2597E-02	-1.3117E-02
-3.2420E-03	-1.6258E-02	-1.0805E-02	-3.5677E-02	-1.5365E-02
-5.6320E-03	-1.8749E-02	-1.2730E-02	-3.7681E-02	-1.6752E-02
-7.2560E-03	-1.9658E-02	-1.4503E-02	-3.7627E-02	-3.0950E-02
-7.6000E-03	-2.0800E-02	-3.4196E-02	-5.6515E-02	-7.5103E-02
-4.6100E-02	-7.0615E-02	-1.0593E-01	-1.1905E-01	-1.3938E-01
-1.0250E-01	-1.2840E-01	-1.4540E-01	-1.5530E-01	-1.6040E-01
-1.1300E-01	-1.4680E-01	-1.6020E-01	-1.6995E-01	-1.7710E-01
-1.4225E-01	-1.6770E-01	-1.7230E-01	-1.7160E-01	-1.7040E-01
-1.5290E-01	-1.5122E-01	-1.5119E-01	-1.5064E-01	-1.5177E-01
-1.1959E-01	-1.2355E-01	-1.2876E-01	-1.3590E-01	-1.3730E-01
-9.4500E-02	-1.2057E-01	-1.2662E-01	-1.3626E-01	-1.3765E-01
-9.6775E-02	-1.1851E-01	-1.2749E-01	-1.3721E-01	-1.3860E-01
-9.6029E-02	-1.1995E-01	-1.2893E-01	-1.3869E-01	-1.4006E-01
-9.7881E-02	-1.2198E-01	-1.3092E-01	-1.4067E-01	-1.4203E-01
-1.0041E-01	-1.2456E-01	-1.3343E-01	-1.4314E-01	-1.4448E-01
-1.0356E-01	-1.2767E-01	-1.3643E-01	-1.4606E-01	-1.4738E-01
-1.0731E-01	-1.3126E-01	-1.3989E-01	-1.4940E-01	-1.5069E-01
-1.1162E-01	-1.3531E-01	-1.4377E-01	-1.5314E-01	-1.5439E-01
-1.1643E-01	-1.3977E-01	-1.4805E-01	-1.5723E-01	-1.5846E-01
-1.2173E-01	-1.4463E-01	-1.5270E-01	-1.6167E-01	-1.6285E-01
-1.2746E-01	-1.4983E-01	-1.5767E-01	-1.6640E-01	-1.6755E-01
-1.3358E-01	-1.5536E-01	-1.6295E-01	-1.7142E-01	-1.7252E-01
-1.4006E-01	-1.6118E-01	-1.6849E-01	-1.7668E-01	-1.7774E-01
-1.4685E-01	-1.6725E-01	-1.7428E-01	-1.8216E-01	-1.8317E-01
-1.5393E-01	-1.7354E-01	-1.8027E-01	-1.8782E-01	-1.8879E-01
-1.6123E-01	-1.8002E-01	-1.8643E-01	-1.9365E-01	-1.9457E-01
-1.6874E-01	-1.8665E-01	-1.9274E-01	-1.9960E-01	-2.0048E-01
-1.7641E-01	-1.9340E-01	-1.9916E-01	-2.0566E-01	-2.0648E-01
-1.8419E-01	-2.0024E-01	-2.0566E-01	-2.1179E-01	-2.1256E-01
-1.9206E-01	-2.0714E-01	-2.1221E-01	-2.1795E-01	-2.1868E-01
-1.9996E-01	-2.1405E-01	-2.1878E-01	-2.2414E-01	-2.2481E-01
-2.0786E-01	-2.2096E-01	-2.2534E-01	-2.3030E-01	-2.3092E-01
-2.1572E-01	-2.2781E-01	-2.3184E-01	-2.3642E-01	-2.3699E-01
-2.2351E-01	-2.3459E-01	-2.3828E-01	-2.4246E-01	-2.4298E-01
-2.3117E-01	-2.4126E-01	-2.4460E-01	-2.4840E-01	-2.4888E-01
-2.3868E-01	-2.4777E-01	-2.5079E-01	-2.5421E-01	-2.5464E-01
-2.4599E-01	-2.5412E-01	-2.5680E-01	-2.5986E-01	-2.6023E-01
-2.5306E-01	-2.6024E-01	-2.6261E-01	-2.6531E-01	-2.6564E-01
-2.5986E-01	-2.6613E-01	-2.6819E-01	-2.7054E-01	-2.7083E-01
-2.6634E-01	-2.7173E-01	-2.7350E-01	-2.7552E-01	-2.7577E-01
-2.7246E-01	-2.7702E-01	-2.7852E-01	-2.8022E-01	-2.8043E-01
-2.7819E-01	-2.8197E-01	-2.8320E-01	-2.8461E-01	-2.8479E-01
-2.8348E-01	-2.8653E-01	-2.8753E-01	-2.8867E-01	-2.8881E-01
-2.8830E-01	-2.9069E-01	-2.9146E-01	-2.9235E-01	-2.9246E-01
-2.9260E-01	-2.9439E-01	-2.9498E-01	-2.9564E-01	-2.9573E-01
-2.9635E-01	-2.9762E-01	-2.9803E-01	-2.9851E-01	-2.9857E-01
-2.9951E-01	-3.0034E-01	-3.0061E-01	-3.0092E-01	-3.0095E-01
-3.0203E-01	-3.0251E-01	-3.0267E-01	-3.0284E-01	-3.0286E-01
-3.0389E-01	-3.0410E-01	-3.0417E-01	-3.0425E-01	-3.0426E-01
-3.0503E-01	-3.0508E-01	-3.0510E-01	-3.0512E-01	-3.0512E-01
-3.0542E-01	-3.0542E-01	-3.0542E-01	-3.0542E-01	-3.0542E-01
