!T	AOACL
!U	deg
-90	
-88	
-86	
-84	
-82	
-80	
-78	
-76	
-74	
-72	
-70	
-68	
-66	
-64	
-62	
-60	
-58	
-56	
-54	
-52	
-50	
-48	
-46	
-44	
-42	
-40	
-38	
-36	
-34	
-32	
-30	
-28	
-26	
-24	
-22	
-20	
-18	
-16	
-14	
-12	
-10	
-8	
-6	
-4	
-2	
0	
2	
4	
6	
8	
10	
12	
14	
16	
18	
20	
22	
24	
26	
28	
30	
32	
34	
36	
38	
40	
42	
44	
46	
48	
50	
52	
54	
56	
58	
60	
62	
64	
66	
68	
70	
72	
74	
76	
78	
80	
82	
84	
86	
88	
90	
!T	AOACD
!U	deg
-90	
-88	
-86	
-84	
-82	
-80	
-78	
-76	
-74	
-72	
-70	
-68	
-66	
-64	
-62	
-60	
-58	
-56	
-54	
-52	
-50	
-48	
-46	
-44	
-42	
-40	
-38	
-36	
-34	
-32	
-30	
-28	
-26	
-24	
-22	
-20	
-18	
-16	
-14	
-12	
-10	
-8	
-6	
-4	
-2	
0	
2	
4	
6	
8	
10	
12	
14	
16	
18	
20	
22	
24	
26	
28	
30	
32	
34	
36	
38	
40	
42	
44	
46	
48	
50	
52	
54	
56	
58	
60	
62	
64	
66	
68	
70	
72	
74	
76	
78	
80	
82	
84	
86	
88	
90	
!T	AOACM
!U	deg
-90	
-88	
-86	
-84	
-82	
-80	
-78	
-76	
-74	
-72	
-70	
-68	
-66	
-64	
-62	
-60	
-58	
-56	
-54	
-52	
-50	
-48	
-46	
-44	
-42	
-40	
-38	
-36	
-34	
-32	
-30	
-28	
-26	
-24	
-22	
-20	
-18	
-16	
-14	
-12	
-10	
-8	
-6	
-4	
-2	
0	
2	
4	
6	
8	
10	
12	
14	
16	
18	
20	
22	
24	
26	
28	
30	
32	
34	
36	
38	
40	
42	
44	
46	
48	
50	
52	
54	
56	
58	
60	
62	
64	
66	
68	
70	
72	
74	
76	
78	
80	
82	
84	
86	
88	
90	
!T	RECL
!U	nd
50000	
100000	
150000	
200000	
250000	
!T	RECD
!U	nd
50000	
100000	
150000	
200000	
250000	
!T	RECM
!U	nd
50000	
100000	
150000	
200000	
250000	
!M	CLTAB
!U	nd
-0.0000E+00	-0.0000E+00	-0.0000E+00	-0.0000E+00	-0.0000E+00
-4.2640E-02	-4.2639E-02	-4.2642E-02	-4.2645E-02	-4.2655E-02
-8.5132E-02	-8.5128E-02	-8.5142E-02	-8.5153E-02	-8.5195E-02
-1.2727E-01	-1.2726E-01	-1.2729E-01	-1.2732E-01	-1.2741E-01
-1.6885E-01	-1.6883E-01	-1.6889E-01	-1.6893E-01	-1.6911E-01
-2.0968E-01	-2.0965E-01	-2.0973E-01	-2.0980E-01	-2.1007E-01
-2.4954E-01	-2.4950E-01	-2.4963E-01	-2.4973E-01	-2.5011E-01
-2.8826E-01	-2.8820E-01	-2.8838E-01	-2.8852E-01	-2.8904E-01
-3.2565E-01	-3.2558E-01	-3.2580E-01	-3.2598E-01	-3.2667E-01
-3.6152E-01	-3.6143E-01	-3.6172E-01	-3.6195E-01	-3.6283E-01
-3.9572E-01	-3.9560E-01	-3.9596E-01	-3.9624E-01	-3.9733E-01
-4.2807E-01	-4.2792E-01	-4.2836E-01	-4.2870E-01	-4.3003E-01
-4.5842E-01	-4.5825E-01	-4.5877E-01	-4.5918E-01	-4.6077E-01
-4.8663E-01	-4.8644E-01	-4.8705E-01	-4.8753E-01	-4.8941E-01
-5.1258E-01	-5.1235E-01	-5.1306E-01	-5.1363E-01	-5.1582E-01
-5.3614E-01	-5.3587E-01	-5.3670E-01	-5.3735E-01	-5.3988E-01
-5.5721E-01	-5.5690E-01	-5.5785E-01	-5.5860E-01	-5.6150E-01
-5.7569E-01	-5.7534E-01	-5.7642E-01	-5.7727E-01	-5.8058E-01
-5.9151E-01	-5.9111E-01	-5.9233E-01	-5.9330E-01	-5.9704E-01
-6.0459E-01	-6.0415E-01	-6.0552E-01	-6.0661E-01	-6.1083E-01
-6.1490E-01	-6.1440E-01	-6.1594E-01	-6.1717E-01	-6.2189E-01
-6.2240E-01	-6.2184E-01	-6.2356E-01	-6.2493E-01	-6.3021E-01
-6.2706E-01	-6.2644E-01	-6.2836E-01	-6.2988E-01	-6.3576E-01
-6.2890E-01	-6.2821E-01	-6.3033E-01	-6.3202E-01	-6.3855E-01
-6.2791E-01	-6.2715E-01	-6.2950E-01	-6.3138E-01	-6.3862E-01
-6.2415E-01	-6.2330E-01	-6.2591E-01	-6.2798E-01	-6.3599E-01
-6.1765E-01	-6.1672E-01	-6.1960E-01	-6.2189E-01	-6.3073E-01
-6.0850E-01	-6.0746E-01	-6.1064E-01	-6.1317E-01	-6.2293E-01
-5.9678E-01	-5.9563E-01	-5.9914E-01	-6.0194E-01	-6.1271E-01
-5.8260E-01	-5.8134E-01	-5.8522E-01	-5.8830E-01	-6.0020E-01
-5.6612E-01	-5.6473E-01	-5.6901E-01	-5.7242E-01	-5.8557E-01
-5.4750E-01	-5.4596E-01	-5.5070E-01	-5.5448E-01	-5.6903E-01
-5.2695E-01	-5.2524E-01	-5.3050E-01	-5.3469E-01	-5.5085E-01
-5.0472E-01	-5.0282E-01	-5.0867E-01	-5.1334E-01	-5.3133E-01
-4.8112E-01	-4.7899E-01	-4.8554E-01	-4.9076E-01	-5.1087E-01
-4.5654E-01	-4.5414E-01	-4.6151E-01	-4.6738E-01	-4.9001E-01
-4.3149E-01	-4.2877E-01	-4.3712E-01	-4.4378E-01	-4.6944E-01
-4.0666E-01	-4.0355E-01	-4.1312E-01	-4.2074E-01	-4.5013E-01
-3.8309E-01	-3.7948E-01	-3.9059E-01	-3.9926E-01	-4.3098E-01
-3.6235E-01	-3.5807E-01	-3.7149E-01	-3.7679E-01	-4.0280E-01
-3.4715E-01	-3.4200E-01	-3.5924E-01	-3.3702E-01	-2.3607E-01
-3.4279E-01	-3.4099E-01	-3.4342E-01	-3.1051E-01	-1.7341E-01
-3.6120E-01	-3.2493E-01	-3.2094E-01	-2.9270E-01	-1.3392E-01
-2.7248E-01	-2.1660E-01	-1.4280E-01	-5.6100E-02	-9.4436E-02
3.1600E-02	7.5600E-02	1.8970E-01	2.5180E-01	2.6630E-01
2.0160E-01	4.0000E-01	4.7260E-01	4.8270E-01	4.7070E-01
4.8230E-01	6.7180E-01	6.8780E-01	6.8720E-01	6.8450E-01
7.4480E-01	8.8920E-01	8.7360E-01	8.6798E-01	8.7990E-01
1.0161E+00	1.0649E+00	1.0935E+00	1.1162E+00	1.0848E+00
1.0946E+00	1.1234E+00	1.1645E+00	1.0637E+00	1.1472E+00
9.4059E-01	9.7780E-01	1.0087E+00	9.1019E-01	9.8342E-01
8.4881E-01	8.7959E-01	8.9902E-01	8.2559E-01	8.7997E-01
7.9448E-01	8.2051E-01	8.3694E-01	7.7484E-01	8.2083E-01
7.6104E-01	7.8347E-01	7.9762E-01	7.4412E-01	7.8374E-01
7.4091E-01	7.6049E-01	7.7284E-01	7.2613E-01	7.6073E-01
7.2946E-01	7.4673E-01	7.5763E-01	7.1643E-01	7.4694E-01
7.2371E-01	7.3906E-01	7.4875E-01	7.1213E-01	7.3925E-01
7.2163E-01	7.3535E-01	7.4401E-01	7.1127E-01	7.3552E-01
7.2176E-01	7.3408E-01	7.4186E-01	7.1246E-01	7.3424E-01
7.2305E-01	7.3415E-01	7.4116E-01	7.1466E-01	7.3429E-01
7.2469E-01	7.3472E-01	7.4106E-01	7.1712E-01	7.3485E-01
7.2607E-01	7.3515E-01	7.4088E-01	7.1922E-01	7.3526E-01
7.2671E-01	7.3493E-01	7.4011E-01	7.2050E-01	7.3503E-01
7.2621E-01	7.3366E-01	7.3836E-01	7.2059E-01	7.3375E-01
7.2427E-01	7.3102E-01	7.3528E-01	7.1918E-01	7.3110E-01
7.2066E-01	7.2676E-01	7.3062E-01	7.1605E-01	7.2684E-01
7.1516E-01	7.2068E-01	7.2417E-01	7.1100E-01	7.2075E-01
7.0764E-01	7.1262E-01	7.1577E-01	7.0388E-01	7.1269E-01
6.9798E-01	7.0246E-01	7.0530E-01	6.9459E-01	7.0252E-01
6.8609E-01	6.9012E-01	6.9266E-01	6.8305E-01	6.9017E-01
6.7192E-01	6.7553E-01	6.7780E-01	6.6920E-01	6.7557E-01
6.5544E-01	6.5866E-01	6.6069E-01	6.5301E-01	6.5870E-01
6.3665E-01	6.3951E-01	6.4131E-01	6.3449E-01	6.3954E-01
6.1556E-01	6.1808E-01	6.1968E-01	6.1366E-01	6.1812E-01
5.9221E-01	5.9443E-01	5.9583E-01	5.9054E-01	5.9445E-01
5.6666E-01	5.6859E-01	5.6981E-01	5.6520E-01	5.6861E-01
5.3897E-01	5.4064E-01	5.4169E-01	5.3771E-01	5.4066E-01
5.0924E-01	5.1067E-01	5.1157E-01	5.0816E-01	5.1068E-01
4.7756E-01	4.7877E-01	4.7954E-01	4.7665E-01	4.7879E-01
4.4406E-01	4.4508E-01	4.4572E-01	4.4330E-01	4.4509E-01
4.0888E-01	4.0971E-01	4.1023E-01	4.0825E-01	4.0972E-01
3.7214E-01	3.7281E-01	3.7323E-01	3.7163E-01	3.7282E-01
3.3400E-01	3.3453E-01	3.3487E-01	3.3360E-01	3.3454E-01
2.9464E-01	2.9504E-01	2.9530E-01	2.9433E-01	2.9505E-01
2.5421E-01	2.5451E-01	2.5470E-01	2.5399E-01	2.5451E-01
2.1291E-01	2.1312E-01	2.1325E-01	2.1276E-01	2.1312E-01
1.7092E-01	1.7105E-01	1.7113E-01	1.7082E-01	1.7105E-01
1.2843E-01	1.2851E-01	1.2855E-01	1.2838E-01	1.2851E-01
8.5648E-02	8.5680E-02	8.5701E-02	8.5623E-02	8.5681E-02
4.2768E-02	4.2777E-02	4.2782E-02	4.2762E-02	4.2777E-02
0.0000E+00	0.0000E+00	0.0000E+00	0.0000E+00	0.0000E+00
!M	CDTAB
!U	nd
1.2217E+00	1.2217E+00	1.2217E+00	1.2217E+00	1.2217E+00
1.2228E+00	1.2225E+00	1.2227E+00	1.2235E+00	1.2240E+00
1.2209E+00	1.2204E+00	1.2208E+00	1.2224E+00	1.2233E+00
1.2160E+00	1.2153E+00	1.2159E+00	1.2183E+00	1.2197E+00
1.2083E+00	1.2072E+00	1.2081E+00	1.2113E+00	1.2131E+00
1.1977E+00	1.1964E+00	1.1974E+00	1.2015E+00	1.2037E+00
1.1842E+00	1.1827E+00	1.1839E+00	1.1888E+00	1.1914E+00
1.1680E+00	1.1662E+00	1.1676E+00	1.1734E+00	1.1764E+00
1.1492E+00	1.1472E+00	1.1488E+00	1.1553E+00	1.1587E+00
1.1278E+00	1.1255E+00	1.1273E+00	1.1346E+00	1.1385E+00
1.1040E+00	1.1015E+00	1.1035E+00	1.1116E+00	1.1158E+00
1.0779E+00	1.0751E+00	1.0773E+00	1.0862E+00	1.0909E+00
1.0496E+00	1.0466E+00	1.0490E+00	1.0586E+00	1.0637E+00
1.0193E+00	1.0160E+00	1.0186E+00	1.0289E+00	1.0344E+00
9.8709E-01	9.8360E-01	9.8633E-01	9.9743E-01	1.0033E+00
9.5319E-01	9.4948E-01	9.5238E-01	9.6420E-01	9.7047E-01
9.1775E-01	9.1382E-01	9.1690E-01	9.2943E-01	9.3607E-01
8.8096E-01	8.7682E-01	8.8007E-01	8.9328E-01	9.0029E-01
8.4301E-01	8.3865E-01	8.4207E-01	8.5596E-01	8.6333E-01
8.0409E-01	7.9952E-01	8.0310E-01	8.1765E-01	8.2537E-01
7.6439E-01	7.5962E-01	7.6336E-01	7.7855E-01	7.8661E-01
7.2411E-01	7.1915E-01	7.2304E-01	7.3886E-01	7.4724E-01
6.8347E-01	6.7831E-01	6.8235E-01	6.9877E-01	7.0748E-01
6.4266E-01	6.3732E-01	6.4150E-01	6.5850E-01	6.6752E-01
6.0188E-01	5.9637E-01	6.0069E-01	6.1825E-01	6.2757E-01
5.6136E-01	5.5567E-01	5.6013E-01	5.7823E-01	5.8783E-01
5.2127E-01	5.1543E-01	5.2001E-01	5.3863E-01	5.4851E-01
4.8184E-01	4.7584E-01	4.8054E-01	4.9966E-01	5.0980E-01
4.4326E-01	4.3710E-01	4.4193E-01	4.6152E-01	4.7191E-01
4.0571E-01	3.9942E-01	4.0435E-01	4.2439E-01	4.3502E-01
3.6939E-01	3.6297E-01	3.6801E-01	3.8847E-01	3.9933E-01
3.3449E-01	3.2793E-01	3.3307E-01	3.5394E-01	3.6501E-01
3.0117E-01	2.9450E-01	2.9972E-01	3.2097E-01	3.3223E-01
2.6959E-01	2.6282E-01	2.6813E-01	2.8972E-01	3.0117E-01
2.3993E-01	2.3305E-01	2.3845E-01	2.6036E-01	2.7198E-01
2.1233E-01	2.0536E-01	2.1082E-01	2.3303E-01	2.4481E-01
1.8692E-01	1.7986E-01	1.8539E-01	2.0787E-01	2.1979E-01
1.6383E-01	1.5670E-01	1.6229E-01	1.8501E-01	1.9706E-01
1.4318E-01	1.3598E-01	1.4163E-01	1.6463E-01	1.7657E-01
1.2507E-01	1.1781E-01	1.2408E-01	1.4754E-01	1.5762E-01
1.0959E-01	1.0240E-01	1.1086E-01	1.0930E-01	9.3296E-02
9.8145E-02	9.5076E-02	9.7016E-02	9.5248E-02	7.6642E-02
8.6820E-02	7.7671E-02	8.7729E-02	8.6883E-02	6.6345E-02
5.6335E-02	4.8680E-02	3.8180E-02	2.6735E-02	5.6047E-02
2.4840E-02	1.8750E-02	1.4960E-02	1.1830E-02	1.0750E-02
2.2920E-02	1.6810E-02	1.1580E-02	9.1400E-03	7.7800E-03
3.0570E-02	1.6330E-02	1.1390E-02	9.3900E-03	8.4200E-03
3.7300E-02	1.5275E-02	1.2040E-02	1.0712E-02	1.0145E-02
3.0153E-02	1.7997E-02	1.5307E-02	1.4799E-02	1.6355E-02
3.3492E-02	3.7686E-02	2.5220E-02	2.8370E-02	2.4723E-02
4.2786E-02	4.2284E-02	4.3839E-02	2.5369E-02	3.7894E-02
5.6278E-02	5.5489E-02	5.4348E-02	4.1118E-02	5.4482E-02
7.4941E-02	7.4157E-02	7.3025E-02	5.9902E-02	7.3159E-02
9.6226E-02	9.5450E-02	9.4329E-02	8.1328E-02	9.4461E-02
1.2003E-01	1.1926E-01	1.1815E-01	1.0529E-01	1.1829E-01
1.4624E-01	1.4548E-01	1.4439E-01	1.3168E-01	1.4451E-01
1.7472E-01	1.7398E-01	1.7289E-01	1.6035E-01	1.7302E-01
2.0535E-01	2.0461E-01	2.0354E-01	1.9119E-01	2.0367E-01
2.3795E-01	2.3723E-01	2.3618E-01	2.2402E-01	2.3630E-01
2.7239E-01	2.7168E-01	2.7065E-01	2.5871E-01	2.7077E-01
3.0849E-01	3.0779E-01	3.0678E-01	2.9507E-01	3.0690E-01
3.4607E-01	3.4538E-01	3.4440E-01	3.3293E-01	3.4451E-01
3.8495E-01	3.8428E-01	3.8331E-01	3.7210E-01	3.8343E-01
4.2494E-01	4.2429E-01	4.2335E-01	4.1241E-01	4.2346E-01
4.6585E-01	4.6522E-01	4.6430E-01	4.5364E-01	4.6441E-01
5.0748E-01	5.0686E-01	5.0597E-01	4.9561E-01	5.0607E-01
5.4962E-01	5.4902E-01	5.4815E-01	5.3810E-01	5.4825E-01
5.9207E-01	5.9149E-01	5.9065E-01	5.8092E-01	5.9074E-01
6.3461E-01	6.3405E-01	6.3324E-01	6.2385E-01	6.3334E-01
6.7705E-01	6.7651E-01	6.7573E-01	6.6668E-01	6.7583E-01
7.1918E-01	7.1866E-01	7.1791E-01	7.0922E-01	7.1800E-01
7.6079E-01	7.6029E-01	7.5957E-01	7.5125E-01	7.5966E-01
8.0167E-01	8.0120E-01	8.0051E-01	7.9256E-01	8.0059E-01
8.4164E-01	8.4119E-01	8.4053E-01	8.3297E-01	8.4061E-01
8.8048E-01	8.8006E-01	8.7944E-01	8.7227E-01	8.7951E-01
9.1802E-01	9.1762E-01	9.1704E-01	9.1027E-01	9.1710E-01
9.5407E-01	9.5369E-01	9.5314E-01	9.4679E-01	9.5321E-01
9.8845E-01	9.8810E-01	9.8759E-01	9.8166E-01	9.8765E-01
1.0210E+00	1.0207E+00	1.0202E+00	1.0147E+00	1.0203E+00
1.0516E+00	1.0513E+00	1.0508E+00	1.0458E+00	1.0509E+00
1.0800E+00	1.0797E+00	1.0793E+00	1.0747E+00	1.0793E+00
1.1061E+00	1.1059E+00	1.1055E+00	1.1013E+00	1.1055E+00
1.1298E+00	1.1296E+00	1.1293E+00	1.1256E+00	1.1293E+00
1.1510E+00	1.1508E+00	1.1505E+00	1.1473E+00	1.1506E+00
1.1696E+00	1.1694E+00	1.1692E+00	1.1664E+00	1.1692E+00
1.1854E+00	1.1853E+00	1.1851E+00	1.1828E+00	1.1851E+00
1.1985E+00	1.1984E+00	1.1982E+00	1.1963E+00	1.1982E+00
1.2087E+00	1.2086E+00	1.2085E+00	1.2071E+00	1.2085E+00
1.2160E+00	1.2159E+00	1.2158E+00	1.2149E+00	1.2158E+00
1.2203E+00	1.2203E+00	1.2202E+00	1.2198E+00	1.2202E+00
1.2217E+00	1.2217E+00	1.2217E+00	1.2217E+00	1.2217E+00
!M	CMTAB
!U	nd
3.0542E-01	3.0542E-01	3.0542E-01	3.0542E-01	3.0542E-01
3.0488E-01	3.0484E-01	3.0481E-01	3.0481E-01	3.0481E-01
3.0331E-01	3.0314E-01	3.0304E-01	3.0302E-01	3.0304E-01
3.0075E-01	3.0037E-01	3.0016E-01	3.0013E-01	3.0016E-01
2.9725E-01	2.9660E-01	2.9624E-01	2.9618E-01	2.9624E-01
2.9288E-01	2.9189E-01	2.9133E-01	2.9125E-01	2.9133E-01
2.8767E-01	2.8627E-01	2.8550E-01	2.8539E-01	2.8551E-01
2.8169E-01	2.7982E-01	2.7881E-01	2.7867E-01	2.7884E-01
2.7498E-01	2.7260E-01	2.7131E-01	2.7115E-01	2.7138E-01
2.6760E-01	2.6465E-01	2.6308E-01	2.6290E-01	2.6319E-01
2.5959E-01	2.5603E-01	2.5416E-01	2.5398E-01	2.5433E-01
2.5101E-01	2.4681E-01	2.4463E-01	2.4444E-01	2.4487E-01
2.4191E-01	2.3704E-01	2.3454E-01	2.3436E-01	2.3487E-01
2.3235E-01	2.2677E-01	2.2396E-01	2.2380E-01	2.2440E-01
2.2237E-01	2.1606E-01	2.1294E-01	2.1282E-01	2.1351E-01
2.1203E-01	2.0498E-01	2.0154E-01	2.0147E-01	2.0227E-01
2.0138E-01	1.9357E-01	1.8984E-01	1.8984E-01	1.9075E-01
1.9046E-01	1.8189E-01	1.7788E-01	1.7797E-01	1.7900E-01
1.7934E-01	1.7000E-01	1.6573E-01	1.6593E-01	1.6709E-01
1.6807E-01	1.5796E-01	1.5345E-01	1.5379E-01	1.5508E-01
1.5669E-01	1.4583E-01	1.4110E-01	1.4160E-01	1.4304E-01
1.4526E-01	1.3365E-01	1.2875E-01	1.2943E-01	1.3102E-01
1.3383E-01	1.2150E-01	1.1645E-01	1.1735E-01	1.1910E-01
1.2245E-01	1.0941E-01	1.0426E-01	1.0541E-01	1.0732E-01
1.1117E-01	9.7462E-02	9.2247E-02	9.3675E-02	9.5768E-02
1.0005E-01	8.5700E-02	8.0472E-02	8.2215E-02	8.4491E-02
8.9140E-02	7.4183E-02	6.8994E-02	7.1089E-02	7.3557E-02
7.8487E-02	6.2969E-02	5.7875E-02	6.0360E-02	6.3028E-02
6.8145E-02	5.2114E-02	4.7175E-02	5.0092E-02	5.2968E-02
5.8166E-02	4.1675E-02	3.6957E-02	4.0346E-02	4.3438E-02
4.8603E-02	3.1709E-02	2.7280E-02	3.1186E-02	3.4503E-02
3.9506E-02	2.2273E-02	1.8206E-02	2.2674E-02	2.6224E-02
3.0929E-02	1.3423E-02	9.7950E-03	1.4875E-02	1.8666E-02
2.2922E-02	5.2180E-03	2.1100E-03	7.8500E-03	1.1891E-02
1.5537E-02	-2.2860E-03	-4.7890E-03	1.6620E-03	5.9620E-03
8.8270E-03	-9.0330E-03	-1.0842E-02	-3.6260E-03	9.4200E-04
2.8430E-03	-1.4966E-02	-1.5986E-02	-7.9500E-03	-3.1070E-03
-2.3620E-03	-2.0027E-02	-2.0161E-02	-1.1248E-02	-6.1200E-03
-6.7370E-03	-2.4159E-02	-2.3306E-02	-1.3462E-02	-8.2430E-03
-1.0231E-02	-2.7307E-02	-2.5194E-02	-1.5153E-02	-1.1683E-02
-1.2790E-02	-2.9391E-02	-2.5072E-02	-2.8972E-02	-4.3605E-02
-1.5055E-02	-2.9220E-02	-2.9112E-02	-3.7735E-02	-5.4496E-02
-1.4900E-02	-3.2817E-02	-3.4078E-02	-4.2778E-02	-6.0992E-02
-3.5363E-02	-4.6500E-02	-6.1500E-02	-8.1900E-02	-6.7488E-02
-6.6200E-02	-7.2500E-02	-9.3200E-02	-1.0240E-01	-1.0490E-01
-6.4200E-02	-9.8700E-02	-1.0680E-01	-1.0630E-01	-1.0480E-01
-9.1200E-02	-1.0960E-01	-1.0660E-01	-1.0410E-01	-1.0250E-01
-1.0770E-01	-1.0400E-01	-1.0050E-01	-9.9775E-02	-9.9150E-02
-9.7972E-02	-9.0580E-02	-8.6936E-02	-8.8104E-02	-9.0377E-02
-6.1822E-02	-7.1997E-02	-7.0300E-02	-8.1850E-02	-7.9904E-02
-6.4107E-02	-7.3660E-02	-7.2262E-02	-8.6459E-02	-8.0376E-02
-6.5569E-02	-7.4798E-02	-7.1924E-02	-8.7888E-02	-8.1644E-02
-6.7675E-02	-7.6822E-02	-7.3892E-02	-8.9945E-02	-8.3609E-02
-7.0508E-02	-7.9546E-02	-7.6577E-02	-9.2647E-02	-8.6252E-02
-7.4026E-02	-8.2929E-02	-7.9937E-02	-9.5956E-02	-8.9534E-02
-7.8188E-02	-8.6931E-02	-8.3932E-02	-9.9835E-02	-9.3417E-02
-8.2952E-02	-9.1512E-02	-8.8520E-02	-1.0425E-01	-9.7862E-02
-8.8277E-02	-9.6631E-02	-9.3661E-02	-1.0915E-01	-1.0283E-01
-9.4120E-02	-1.0225E-01	-9.9314E-02	-1.1452E-01	-1.0828E-01
-1.0044E-01	-1.0833E-01	-1.0544E-01	-1.2030E-01	-1.1418E-01
-1.0720E-01	-1.1482E-01	-1.1199E-01	-1.2647E-01	-1.2048E-01
-1.1435E-01	-1.2170E-01	-1.1893E-01	-1.3299E-01	-1.2715E-01
-1.2185E-01	-1.2891E-01	-1.2622E-01	-1.3981E-01	-1.3415E-01
-1.2966E-01	-1.3642E-01	-1.3382E-01	-1.4691E-01	-1.4144E-01
-1.3774E-01	-1.4419E-01	-1.4168E-01	-1.5424E-01	-1.4897E-01
-1.4604E-01	-1.5218E-01	-1.4977E-01	-1.6177E-01	-1.5672E-01
-1.5453E-01	-1.6034E-01	-1.5804E-01	-1.6946E-01	-1.6465E-01
-1.6317E-01	-1.6864E-01	-1.6646E-01	-1.7727E-01	-1.7270E-01
-1.7191E-01	-1.7704E-01	-1.7498E-01	-1.8517E-01	-1.8085E-01
-1.8070E-01	-1.8550E-01	-1.8356E-01	-1.9312E-01	-1.8906E-01
-1.8952E-01	-1.9398E-01	-1.9216E-01	-2.0108E-01	-1.9728E-01
-1.9831E-01	-2.0243E-01	-2.0074E-01	-2.0901E-01	-2.0549E-01
-2.0703E-01	-2.1082E-01	-2.0926E-01	-2.1688E-01	-2.1363E-01
-2.1565E-01	-2.1911E-01	-2.1767E-01	-2.2466E-01	-2.2167E-01
-2.2412E-01	-2.2725E-01	-2.2594E-01	-2.3229E-01	-2.2957E-01
-2.3240E-01	-2.3521E-01	-2.3403E-01	-2.3975E-01	-2.3730E-01
-2.4045E-01	-2.4295E-01	-2.4190E-01	-2.4700E-01	-2.4480E-01
-2.4823E-01	-2.5043E-01	-2.4949E-01	-2.5400E-01	-2.5206E-01
-2.5568E-01	-2.5760E-01	-2.5678E-01	-2.6071E-01	-2.5902E-01
-2.6279E-01	-2.6443E-01	-2.6373E-01	-2.6710E-01	-2.6564E-01
-2.6949E-01	-2.7087E-01	-2.7028E-01	-2.7313E-01	-2.7190E-01
-2.7575E-01	-2.7690E-01	-2.7640E-01	-2.7876E-01	-2.7774E-01
-2.8153E-01	-2.8245E-01	-2.8206E-01	-2.8396E-01	-2.8314E-01
-2.8679E-01	-2.8751E-01	-2.8720E-01	-2.8869E-01	-2.8804E-01
-2.9148E-01	-2.9202E-01	-2.9178E-01	-2.9290E-01	-2.9242E-01
-2.9557E-01	-2.9595E-01	-2.9578E-01	-2.9657E-01	-2.9623E-01
-2.9900E-01	-2.9925E-01	-2.9914E-01	-2.9966E-01	-2.9943E-01
-3.0174E-01	-3.0189E-01	-3.0182E-01	-3.0212E-01	-3.0199E-01
-3.0376E-01	-3.0382E-01	-3.0379E-01	-3.0393E-01	-3.0387E-01
-3.0499E-01	-3.0501E-01	-3.0500E-01	-3.0504E-01	-3.0502E-01
-3.0542E-01	-3.0542E-01	-3.0542E-01	-3.0542E-01	-3.0542E-01
