!T	AOACL
!U	deg
-90	
-88	
-86	
-84	
-82	
-80	
-78	
-76	
-74	
-72	
-70	
-68	
-66	
-64	
-62	
-60	
-58	
-56	
-54	
-52	
-50	
-48	
-46	
-44	
-42	
-40	
-38	
-36	
-34	
-32	
-30	
-28	
-26	
-24	
-22	
-20	
-18	
-16	
-14	
-12	
-10	
-8	
-6	
-4	
-2	
0	
2	
4	
6	
8	
10	
12	
14	
16	
18	
20	
22	
24	
26	
28	
30	
32	
34	
36	
38	
40	
42	
44	
46	
48	
50	
52	
54	
56	
58	
60	
62	
64	
66	
68	
70	
72	
74	
76	
78	
80	
82	
84	
86	
88	
90	
!T	AOACD
!U	deg
-90	
-88	
-86	
-84	
-82	
-80	
-78	
-76	
-74	
-72	
-70	
-68	
-66	
-64	
-62	
-60	
-58	
-56	
-54	
-52	
-50	
-48	
-46	
-44	
-42	
-40	
-38	
-36	
-34	
-32	
-30	
-28	
-26	
-24	
-22	
-20	
-18	
-16	
-14	
-12	
-10	
-8	
-6	
-4	
-2	
0	
2	
4	
6	
8	
10	
12	
14	
16	
18	
20	
22	
24	
26	
28	
30	
32	
34	
36	
38	
40	
42	
44	
46	
48	
50	
52	
54	
56	
58	
60	
62	
64	
66	
68	
70	
72	
74	
76	
78	
80	
82	
84	
86	
88	
90	
!T	AOACM
!U	deg
-90	
-88	
-86	
-84	
-82	
-80	
-78	
-76	
-74	
-72	
-70	
-68	
-66	
-64	
-62	
-60	
-58	
-56	
-54	
-52	
-50	
-48	
-46	
-44	
-42	
-40	
-38	
-36	
-34	
-32	
-30	
-28	
-26	
-24	
-22	
-20	
-18	
-16	
-14	
-12	
-10	
-8	
-6	
-4	
-2	
0	
2	
4	
6	
8	
10	
12	
14	
16	
18	
20	
22	
24	
26	
28	
30	
32	
34	
36	
38	
40	
42	
44	
46	
48	
50	
52	
54	
56	
58	
60	
62	
64	
66	
68	
70	
72	
74	
76	
78	
80	
82	
84	
86	
88	
90	
!T	RECL
!U	nd
50000	
100000	
150000	
200000	
250000	
!T	RECD
!U	nd
50000	
100000	
150000	
200000	
250000	
!T	RECM
!U	nd
50000	
100000	
150000	
200000	
250000	
!M	CLTAB
!U	nd
-0.0000E+00	-0.0000E+00	-0.0000E+00	-0.0000E+00	-0.0000E+00
-4.2631E-02	-4.2634E-02	-4.2647E-02	-4.2637E-02	-4.2641E-02
-8.5098E-02	-8.5109E-02	-8.5163E-02	-8.5122E-02	-8.5136E-02
-1.2720E-01	-1.2722E-01	-1.2734E-01	-1.2725E-01	-1.2728E-01
-1.6872E-01	-1.6876E-01	-1.6897E-01	-1.6881E-01	-1.6887E-01
-2.0946E-01	-2.0953E-01	-2.0987E-01	-2.0961E-01	-2.0970E-01
-2.4923E-01	-2.4933E-01	-2.4982E-01	-2.4945E-01	-2.4958E-01
-2.8784E-01	-2.8798E-01	-2.8864E-01	-2.8814E-01	-2.8831E-01
-3.2510E-01	-3.2527E-01	-3.2614E-01	-3.2549E-01	-3.2571E-01
-3.6082E-01	-3.6105E-01	-3.6215E-01	-3.6132E-01	-3.6161E-01
-3.9485E-01	-3.9513E-01	-3.9650E-01	-3.9547E-01	-3.9582E-01
-4.2701E-01	-4.2735E-01	-4.2901E-01	-4.2777E-01	-4.2819E-01
-4.5716E-01	-4.5756E-01	-4.5955E-01	-4.5806E-01	-4.5857E-01
-4.8514E-01	-4.8562E-01	-4.8797E-01	-4.8621E-01	-4.8681E-01
-5.1084E-01	-5.1140E-01	-5.1415E-01	-5.1209E-01	-5.1279E-01
-5.3413E-01	-5.3478E-01	-5.3795E-01	-5.3557E-01	-5.3638E-01
-5.5490E-01	-5.5564E-01	-5.5928E-01	-5.5655E-01	-5.5748E-01
-5.7306E-01	-5.7391E-01	-5.7805E-01	-5.7494E-01	-5.7600E-01
-5.8853E-01	-5.8949E-01	-5.9418E-01	-5.9066E-01	-5.9185E-01
-6.0124E-01	-6.0232E-01	-6.0761E-01	-6.0364E-01	-6.0498E-01
-6.1114E-01	-6.1236E-01	-6.1828E-01	-6.1383E-01	-6.1534E-01
-6.1820E-01	-6.1955E-01	-6.2617E-01	-6.2120E-01	-6.2289E-01
-6.2239E-01	-6.2390E-01	-6.3127E-01	-6.2573E-01	-6.2761E-01
-6.2371E-01	-6.2538E-01	-6.3357E-01	-6.2741E-01	-6.2950E-01
-6.2216E-01	-6.2402E-01	-6.3309E-01	-6.2627E-01	-6.2859E-01
-6.1779E-01	-6.1984E-01	-6.2987E-01	-6.2233E-01	-6.2489E-01
-6.1062E-01	-6.1289E-01	-6.2397E-01	-6.1564E-01	-6.1847E-01
-6.0074E-01	-6.0324E-01	-6.1547E-01	-6.0628E-01	-6.0940E-01
-5.8821E-01	-5.9098E-01	-6.0448E-01	-5.9433E-01	-5.9778E-01
-5.7315E-01	-5.7620E-01	-5.9111E-01	-5.7990E-01	-5.8371E-01
-5.5567E-01	-5.5904E-01	-5.7552E-01	-5.6314E-01	-5.6734E-01
-5.3593E-01	-5.3967E-01	-5.5791E-01	-5.4420E-01	-5.4886E-01
-5.1411E-01	-5.1826E-01	-5.3850E-01	-5.2329E-01	-5.2845E-01
-4.9042E-01	-4.9504E-01	-5.1758E-01	-5.0064E-01	-5.0639E-01
-4.6513E-01	-4.7029E-01	-4.9550E-01	-4.7656E-01	-4.8299E-01
-4.3855E-01	-4.4435E-01	-4.7272E-01	-4.5140E-01	-4.5864E-01
-4.1109E-01	-4.1767E-01	-4.4983E-01	-4.2566E-01	-4.3387E-01
-3.8331E-01	-3.9084E-01	-4.2767E-01	-4.0000E-01	-4.0940E-01
-3.5597E-01	-3.6473E-01	-4.0748E-01	-3.7535E-01	-3.8626E-01
-3.3028E-01	-3.4063E-01	-3.9119E-01	-3.5319E-01	-3.6610E-01
-3.0824E-01	-3.2080E-01	-3.8216E-01	-3.3604E-01	-3.5170E-01
-2.9367E-01	-3.0951E-01	-3.7928E-01	-3.3435E-01	-3.5030E-01
-2.9896E-01	-3.2377E-01	-3.8276E-01	-3.2898E-01	-3.3042E-01
-3.3870E-01	-3.4559E-01	-1.3802E-01	-1.6526E-01	-4.4015E-02
-1.5060E-01	-2.8833E-02	5.3400E-02	2.2456E-01	2.4982E-01
2.3150E-01	4.0430E-01	5.2520E-01	5.8880E-01	6.4550E-01
4.7000E-01	7.3300E-01	8.3330E-01	8.9770E-01	9.3700E-01
8.6930E-01	1.0944E+00	1.1356E+00	1.1342E+00	1.1282E+00
1.2508E+00	1.2559E+00	1.2784E+00	1.3002E+00	1.2940E+00
1.3256E+00	1.3573E+00	1.3799E+00	1.3434E+00	1.3838E+00
1.4110E+00	1.5135E+00	1.2060E+00	1.1387E+00	1.1880E+00
1.2696E+00	1.3601E+00	1.0536E+00	1.0063E+00	1.0422E+00
1.1542E+00	1.2112E+00	9.6766E-01	9.2763E-01	9.5806E-01
1.0709E+00	1.1200E+00	9.1022E-01	8.7574E-01	9.0195E-01
1.0115E+00	1.0543E+00	8.7116E-01	8.4105E-01	8.6394E-01
9.6812E-01	1.0059E+00	8.4435E-01	8.1779E-01	8.3798E-01
9.3585E-01	9.6945E-01	8.2584E-01	8.0223E-01	8.2017E-01
9.1130E-01	9.4135E-01	8.1294E-01	7.9183E-01	8.0788E-01
8.9210E-01	9.1909E-01	8.0376E-01	7.8481E-01	7.9922E-01
8.7655E-01	9.0087E-01	7.9694E-01	7.7986E-01	7.9285E-01
8.6335E-01	8.8531E-01	7.9144E-01	7.7601E-01	7.8774E-01
8.5152E-01	8.7140E-01	7.8647E-01	7.7250E-01	7.8312E-01
8.4032E-01	8.5832E-01	7.8140E-01	7.6876E-01	7.7837E-01
8.2914E-01	8.4545E-01	7.7576E-01	7.6431E-01	7.7301E-01
8.1751E-01	8.3228E-01	7.6916E-01	7.5878E-01	7.6667E-01
8.0505E-01	8.1842E-01	7.6128E-01	7.5189E-01	7.5903E-01
7.9146E-01	8.0354E-01	7.5189E-01	7.4340E-01	7.4986E-01
7.7650E-01	7.8741E-01	7.4079E-01	7.3313E-01	7.3895E-01
7.5999E-01	7.6981E-01	7.2783E-01	7.2093E-01	7.2618E-01
7.4178E-01	7.5060E-01	7.1290E-01	7.0670E-01	7.1141E-01
7.2178E-01	7.2968E-01	6.9592E-01	6.9037E-01	6.9459E-01
6.9990E-01	7.0695E-01	6.7685E-01	6.7190E-01	6.7566E-01
6.7613E-01	6.8238E-01	6.5565E-01	6.5126E-01	6.5460E-01
6.5043E-01	6.5595E-01	6.3235E-01	6.2847E-01	6.3142E-01
6.2282E-01	6.2767E-01	6.0695E-01	6.0354E-01	6.0613E-01
5.9334E-01	5.9757E-01	5.7950E-01	5.7653E-01	5.7879E-01
5.6204E-01	5.6570E-01	5.5008E-01	5.4751E-01	5.4946E-01
5.2900E-01	5.3213E-01	5.1875E-01	5.1655E-01	5.1822E-01
4.9430E-01	4.9695E-01	4.8562E-01	4.8376E-01	4.8517E-01
4.5806E-01	4.6027E-01	4.5080E-01	4.4924E-01	4.5043E-01
4.2038E-01	4.2221E-01	4.1442E-01	4.1313E-01	4.1411E-01
3.8142E-01	3.8289E-01	3.7661E-01	3.7557E-01	3.7636E-01
3.4131E-01	3.4247E-01	3.3752E-01	3.3671E-01	3.3732E-01
3.0021E-01	3.0110E-01	2.9732E-01	2.9670E-01	2.9717E-01
2.5830E-01	2.5895E-01	2.5618E-01	2.5572E-01	2.5607E-01
2.1574E-01	2.1619E-01	2.1427E-01	2.1396E-01	2.1420E-01
1.7273E-01	1.7301E-01	1.7179E-01	1.7159E-01	1.7174E-01
1.2945E-01	1.2961E-01	1.2892E-01	1.2881E-01	1.2889E-01
8.6099E-02	8.6170E-02	8.5865E-02	8.5815E-02	8.5853E-02
4.2881E-02	4.2899E-02	4.2823E-02	4.2810E-02	4.2820E-02
0.0000E+00	0.0000E+00	0.0000E+00	0.0000E+00	0.0000E+00
!M	CDTAB
!U	nd
1.2217E+00	1.2217E+00	1.2217E+00	1.2217E+00	1.2217E+00
1.2230E+00	1.2228E+00	1.2232E+00	1.2230E+00	1.2231E+00
1.2214E+00	1.2210E+00	1.2218E+00	1.2213E+00	1.2215E+00
1.2168E+00	1.2162E+00	1.2174E+00	1.2166E+00	1.2170E+00
1.2093E+00	1.2085E+00	1.2101E+00	1.2091E+00	1.2095E+00
1.1989E+00	1.1979E+00	1.1999E+00	1.1986E+00	1.1992E+00
1.1857E+00	1.1845E+00	1.1869E+00	1.1854E+00	1.1860E+00
1.1697E+00	1.1684E+00	1.1711E+00	1.1694E+00	1.1702E+00
1.1511E+00	1.1496E+00	1.1527E+00	1.1508E+00	1.1516E+00
1.1300E+00	1.1282E+00	1.1318E+00	1.1296E+00	1.1306E+00
1.1064E+00	1.1045E+00	1.1084E+00	1.1059E+00	1.1070E+00
1.0805E+00	1.0784E+00	1.0827E+00	1.0800E+00	1.0812E+00
1.0525E+00	1.0502E+00	1.0548E+00	1.0519E+00	1.0532E+00
1.0224E+00	1.0199E+00	1.0248E+00	1.0217E+00	1.0231E+00
9.9038E-01	9.8772E-01	9.9305E-01	9.8973E-01	9.9122E-01
9.5669E-01	9.5386E-01	9.5953E-01	9.5600E-01	9.5759E-01
9.2146E-01	9.1846E-01	9.2448E-01	9.2073E-01	9.2241E-01
8.8488E-01	8.8172E-01	8.8806E-01	8.8411E-01	8.8589E-01
8.4713E-01	8.4380E-01	8.5047E-01	8.4632E-01	8.4818E-01
8.0840E-01	8.0492E-01	8.1190E-01	8.0755E-01	8.0951E-01
7.6889E-01	7.6525E-01	7.7255E-01	7.6800E-01	7.7004E-01
7.2880E-01	7.2501E-01	7.3261E-01	7.2787E-01	7.3000E-01
6.8834E-01	6.8440E-01	6.9229E-01	6.8737E-01	6.8958E-01
6.4770E-01	6.4362E-01	6.5179E-01	6.4670E-01	6.4899E-01
6.0709E-01	6.0288E-01	6.1132E-01	6.0606E-01	6.0842E-01
5.6672E-01	5.6239E-01	5.7108E-01	5.6566E-01	5.6810E-01
5.2680E-01	5.2233E-01	5.3128E-01	5.2570E-01	5.2821E-01
4.8751E-01	4.8293E-01	4.9211E-01	4.8639E-01	4.8896E-01
4.4906E-01	4.4437E-01	4.5378E-01	4.4792E-01	4.5055E-01
4.1165E-01	4.0685E-01	4.1648E-01	4.1048E-01	4.1317E-01
3.7546E-01	3.7056E-01	3.8039E-01	3.7426E-01	3.7701E-01
3.4067E-01	3.3568E-01	3.4570E-01	3.3945E-01	3.4226E-01
3.0746E-01	3.0238E-01	3.1258E-01	3.0622E-01	3.0907E-01
2.7599E-01	2.7082E-01	2.8119E-01	2.7473E-01	2.7763E-01
2.4643E-01	2.4118E-01	2.5170E-01	2.4514E-01	2.4809E-01
2.1891E-01	2.1359E-01	2.2426E-01	2.1761E-01	2.2060E-01
1.9358E-01	1.8820E-01	1.9899E-01	1.9226E-01	1.9529E-01
1.7057E-01	1.6512E-01	1.7603E-01	1.6923E-01	1.7229E-01
1.4998E-01	1.4449E-01	1.5550E-01	1.4863E-01	1.5172E-01
1.3192E-01	1.2639E-01	1.3749E-01	1.3057E-01	1.3368E-01
1.1649E-01	1.1092E-01	1.2209E-01	1.1513E-01	1.1826E-01
1.0376E-01	9.8152E-02	1.0962E-01	1.0457E-01	1.0620E-01
9.4477E-02	8.9867E-02	9.4214E-02	9.0889E-02	8.9062E-02
8.6630E-02	7.9284E-02	6.4871E-02	6.0948E-02	5.3284E-02
5.8913E-02	4.9093E-02	4.6259E-02	3.2424E-02	2.8565E-02
3.3890E-02	2.6970E-02	2.0480E-02	1.6270E-02	1.3200E-02
3.5670E-02	2.1560E-02	1.3860E-02	1.0430E-02	8.8900E-03
3.6897E-02	1.6280E-02	1.3080E-02	1.2180E-02	1.1790E-02
2.7380E-02	1.9920E-02	1.8701E-02	1.8527E-02	1.8130E-02
3.4316E-02	3.2487E-02	2.8673E-02	2.6582E-02	2.6250E-02
5.8221E-02	6.8920E-02	4.1189E-02	3.9743E-02	3.8436E-02
7.9888E-02	8.4972E-02	5.8093E-02	5.6318E-02	5.5365E-02
9.3416E-02	1.0495E-01	7.6741E-02	7.4980E-02	7.4035E-02
1.1453E-01	1.2596E-01	9.8010E-02	9.6265E-02	9.5329E-02
1.3814E-01	1.4945E-01	1.2180E-01	1.2007E-01	1.1914E-01
1.6413E-01	1.7531E-01	1.4798E-01	1.4628E-01	1.4536E-01
1.9238E-01	2.0340E-01	1.7644E-01	1.7476E-01	1.7386E-01
2.2274E-01	2.3360E-01	2.0704E-01	2.0538E-01	2.0449E-01
2.5507E-01	2.6576E-01	2.3962E-01	2.3799E-01	2.3711E-01
2.8920E-01	2.9970E-01	2.7403E-01	2.7243E-01	2.7157E-01
3.2498E-01	3.3527E-01	3.1009E-01	3.0852E-01	3.0768E-01
3.6222E-01	3.7230E-01	3.4764E-01	3.4610E-01	3.4528E-01
4.0074E-01	4.1059E-01	3.8649E-01	3.8498E-01	3.8418E-01
4.4035E-01	4.4997E-01	4.2645E-01	4.2498E-01	4.2419E-01
4.8086E-01	4.9023E-01	4.6731E-01	4.6588E-01	4.6512E-01
5.2207E-01	5.3117E-01	5.0890E-01	5.0751E-01	5.0676E-01
5.6377E-01	5.7261E-01	5.5100E-01	5.4965E-01	5.4892E-01
6.0576E-01	6.1432E-01	5.9340E-01	5.9210E-01	5.9139E-01
6.4784E-01	6.5610E-01	6.3590E-01	6.3464E-01	6.3397E-01
6.8980E-01	6.9775E-01	6.7830E-01	6.7708E-01	6.7643E-01
7.3142E-01	7.3906E-01	7.2037E-01	7.1921E-01	7.1858E-01
7.7251E-01	7.7983E-01	7.6193E-01	7.6081E-01	7.6021E-01
8.1287E-01	8.1986E-01	8.0276E-01	8.0170E-01	8.0112E-01
8.5228E-01	8.5893E-01	8.4267E-01	8.4166E-01	8.4111E-01
8.9057E-01	8.9687E-01	8.8147E-01	8.8050E-01	8.7999E-01
9.2754E-01	9.3349E-01	9.1895E-01	9.1804E-01	9.1756E-01
9.6301E-01	9.6859E-01	9.5494E-01	9.5409E-01	9.5363E-01
9.9680E-01	1.0020E+00	9.8927E-01	9.8847E-01	9.8804E-01
1.0287E+00	1.0336E+00	1.0218E+00	1.0210E+00	1.0206E+00
1.0587E+00	1.0631E+00	1.0523E+00	1.0516E+00	1.0512E+00
1.0865E+00	1.0905E+00	1.0806E+00	1.0800E+00	1.0796E+00
1.1120E+00	1.1157E+00	1.1067E+00	1.1061E+00	1.1058E+00
1.1351E+00	1.1384E+00	1.1303E+00	1.1298E+00	1.1296E+00
1.1556E+00	1.1585E+00	1.1515E+00	1.1510E+00	1.1508E+00
1.1736E+00	1.1760E+00	1.1700E+00	1.1696E+00	1.1694E+00
1.1887E+00	1.1908E+00	1.1858E+00	1.1854E+00	1.1853E+00
1.2011E+00	1.2028E+00	1.1988E+00	1.1985E+00	1.1984E+00
1.2107E+00	1.2119E+00	1.2089E+00	1.2087E+00	1.2086E+00
1.2173E+00	1.2181E+00	1.2161E+00	1.2160E+00	1.2159E+00
1.2210E+00	1.2214E+00	1.2204E+00	1.2203E+00	1.2203E+00
1.2217E+00	1.2217E+00	1.2217E+00	1.2217E+00	1.2217E+00
!M	CMTAB
!U	nd
3.0542E-01	3.0542E-01	3.0542E-01	3.0542E-01	3.0542E-01
3.0492E-01	3.0490E-01	3.0489E-01	3.0486E-01	3.0486E-01
3.0346E-01	3.0339E-01	3.0333E-01	3.0325E-01	3.0324E-01
3.0109E-01	3.0092E-01	3.0080E-01	3.0062E-01	3.0061E-01
2.9785E-01	2.9755E-01	2.9734E-01	2.9703E-01	2.9702E-01
2.9379E-01	2.9333E-01	2.9302E-01	2.9254E-01	2.9252E-01
2.8895E-01	2.8831E-01	2.8787E-01	2.8720E-01	2.8717E-01
2.8339E-01	2.8254E-01	2.8196E-01	2.8106E-01	2.8102E-01
2.7714E-01	2.7605E-01	2.7533E-01	2.7418E-01	2.7413E-01
2.7027E-01	2.6892E-01	2.6804E-01	2.6660E-01	2.6655E-01
2.6281E-01	2.6117E-01	2.6013E-01	2.5839E-01	2.5833E-01
2.5480E-01	2.5287E-01	2.5166E-01	2.4960E-01	2.4953E-01
2.4631E-01	2.4406E-01	2.4268E-01	2.4028E-01	2.4020E-01
2.3737E-01	2.3479E-01	2.3325E-01	2.3048E-01	2.3039E-01
2.2803E-01	2.2511E-01	2.2340E-01	2.2026E-01	2.2016E-01
2.1834E-01	2.1507E-01	2.1321E-01	2.0967E-01	2.0957E-01
2.0834E-01	2.0471E-01	2.0270E-01	1.9877E-01	1.9866E-01
1.9809E-01	1.9409E-01	1.9195E-01	1.8760E-01	1.8750E-01
1.8762E-01	1.8326E-01	1.8100E-01	1.7623E-01	1.7613E-01
1.7699E-01	1.7226E-01	1.6989E-01	1.6470E-01	1.6461E-01
1.6625E-01	1.6114E-01	1.5870E-01	1.5307E-01	1.5298E-01
1.5543E-01	1.4996E-01	1.4745E-01	1.4140E-01	1.4132E-01
1.4459E-01	1.3876E-01	1.3621E-01	1.2973E-01	1.2967E-01
1.3377E-01	1.2759E-01	1.2504E-01	1.1812E-01	1.1808E-01
1.2302E-01	1.1650E-01	1.1396E-01	1.0663E-01	1.0660E-01
1.1239E-01	1.0553E-01	1.0306E-01	9.5302E-02	9.5303E-02
1.0193E-01	9.4748E-02	9.2362E-02	8.4197E-02	8.4228E-02
9.1676E-02	8.4190E-02	8.1931E-02	7.3366E-02	7.3433E-02
8.1679E-02	7.3908E-02	7.1817E-02	6.2864E-02	6.2971E-02
7.1988E-02	6.3951E-02	6.2070E-02	5.2744E-02	5.2896E-02
6.2649E-02	5.4368E-02	5.2743E-02	4.3059E-02	4.3263E-02
5.3708E-02	4.5207E-02	4.3887E-02	3.3864E-02	3.4124E-02
4.5214E-02	3.6519E-02	3.5554E-02	2.5212E-02	2.5534E-02
3.7211E-02	2.8352E-02	2.7795E-02	1.7156E-02	1.7547E-02
2.9748E-02	2.0756E-02	2.0662E-02	9.7490E-03	1.0217E-02
2.2872E-02	1.3778E-02	1.4207E-02	3.0470E-03	3.5970E-03
1.6629E-02	7.4680E-03	8.4820E-03	-2.8980E-03	-2.2580E-03
1.1066E-02	1.8760E-03	3.5370E-03	-8.0330E-03	-7.2950E-03
6.2300E-03	-2.9500E-03	-5.7500E-04	-1.2302E-02	-1.1460E-02
2.1680E-03	-6.9600E-03	-3.8030E-03	-1.5654E-02	-1.4699E-02
-1.0720E-03	-1.0106E-02	-6.0960E-03	-1.8034E-02	-1.6958E-02
-3.4450E-03	-1.2339E-02	-9.2130E-03	-1.8437E-02	-1.7664E-02
-5.2550E-03	-1.3373E-02	-1.5498E-02	-2.2154E-02	-2.6945E-02
-5.4000E-03	-1.7456E-02	-6.1651E-02	-6.8618E-02	-8.4986E-02
-4.6215E-02	-7.6788E-02	-9.3086E-02	-1.2371E-01	-1.3213E-01
-1.0200E-01	-1.2900E-01	-1.4580E-01	-1.5470E-01	-1.6190E-01
-1.1370E-01	-1.4730E-01	-1.5980E-01	-1.6960E-01	-1.7690E-01
-1.4367E-01	-1.6700E-01	-1.7200E-01	-1.7130E-01	-1.7010E-01
-1.5360E-01	-1.5130E-01	-1.5111E-01	-1.5048E-01	-1.5208E-01
-1.2010E-01	-1.2543E-01	-1.2926E-01	-1.3610E-01	-1.3370E-01
-9.9355E-02	-1.1131E-01	-1.2650E-01	-1.3646E-01	-1.3398E-01
-9.6845E-02	-1.1075E-01	-1.2799E-01	-1.3741E-01	-1.3489E-01
-9.7047E-02	-1.1175E-01	-1.2943E-01	-1.3888E-01	-1.3632E-01
-9.8813E-02	-1.1339E-01	-1.3141E-01	-1.4087E-01	-1.3828E-01
-1.0126E-01	-1.1566E-01	-1.3391E-01	-1.4333E-01	-1.4074E-01
-1.0434E-01	-1.1853E-01	-1.3690E-01	-1.4625E-01	-1.4366E-01
-1.0802E-01	-1.2195E-01	-1.4035E-01	-1.4959E-01	-1.4701E-01
-1.1225E-01	-1.2588E-01	-1.4422E-01	-1.5332E-01	-1.5076E-01
-1.1701E-01	-1.3030E-01	-1.4849E-01	-1.5741E-01	-1.5489E-01
-1.2224E-01	-1.3517E-01	-1.5312E-01	-1.6184E-01	-1.5936E-01
-1.2792E-01	-1.4044E-01	-1.5809E-01	-1.6657E-01	-1.6415E-01
-1.3399E-01	-1.4609E-01	-1.6335E-01	-1.7158E-01	-1.6922E-01
-1.4042E-01	-1.5206E-01	-1.6888E-01	-1.7683E-01	-1.7454E-01
-1.4717E-01	-1.5834E-01	-1.7464E-01	-1.8230E-01	-1.8009E-01
-1.5421E-01	-1.6488E-01	-1.8062E-01	-1.8796E-01	-1.8583E-01
-1.6148E-01	-1.7164E-01	-1.8676E-01	-1.9378E-01	-1.9174E-01
-1.6895E-01	-1.7858E-01	-1.9306E-01	-1.9973E-01	-1.9778E-01
-1.7659E-01	-1.8568E-01	-1.9946E-01	-2.0578E-01	-2.0393E-01
-1.8435E-01	-1.9289E-01	-2.0594E-01	-2.1190E-01	-2.1015E-01
-1.9218E-01	-2.0017E-01	-2.1247E-01	-2.1806E-01	-2.1642E-01
-2.0006E-01	-2.0750E-01	-2.1902E-01	-2.2423E-01	-2.2270E-01
-2.0795E-01	-2.1483E-01	-2.2556E-01	-2.3039E-01	-2.2897E-01
-2.1579E-01	-2.2212E-01	-2.3205E-01	-2.3650E-01	-2.3519E-01
-2.2356E-01	-2.2934E-01	-2.3847E-01	-2.4254E-01	-2.4133E-01
-2.3122E-01	-2.3645E-01	-2.4477E-01	-2.4847E-01	-2.4737E-01
-2.3871E-01	-2.4342E-01	-2.5094E-01	-2.5427E-01	-2.5328E-01
-2.4601E-01	-2.5021E-01	-2.5694E-01	-2.5991E-01	-2.5903E-01
-2.5308E-01	-2.5677E-01	-2.6273E-01	-2.6536E-01	-2.6457E-01
-2.5987E-01	-2.6308E-01	-2.6829E-01	-2.7058E-01	-2.6990E-01
-2.6634E-01	-2.6910E-01	-2.7359E-01	-2.7556E-01	-2.7497E-01
-2.7246E-01	-2.7479E-01	-2.7859E-01	-2.8025E-01	-2.7975E-01
-2.7819E-01	-2.8011E-01	-2.8326E-01	-2.8464E-01	-2.8423E-01
-2.8348E-01	-2.8503E-01	-2.8758E-01	-2.8869E-01	-2.8835E-01
-2.8830E-01	-2.8951E-01	-2.9150E-01	-2.9237E-01	-2.9211E-01
-2.9260E-01	-2.9351E-01	-2.9501E-01	-2.9566E-01	-2.9546E-01
-2.9635E-01	-2.9699E-01	-2.9806E-01	-2.9852E-01	-2.9838E-01
-2.9951E-01	-2.9992E-01	-3.0062E-01	-3.0092E-01	-3.0083E-01
-3.0203E-01	-3.0227E-01	-3.0267E-01	-3.0284E-01	-3.0279E-01
-3.0389E-01	-3.0399E-01	-3.0418E-01	-3.0425E-01	-3.0423E-01
-3.0503E-01	-3.0505E-01	-3.0510E-01	-3.0512E-01	-3.0512E-01
-3.0542E-01	-3.0542E-01	-3.0542E-01	-3.0542E-01	-3.0542E-01
