!T	AOACL
!U	deg
-90	
-88	
-86	
-84	
-82	
-80	
-78	
-76	
-74	
-72	
-70	
-68	
-66	
-64	
-62	
-60	
-58	
-56	
-54	
-52	
-50	
-48	
-46	
-44	
-42	
-40	
-38	
-36	
-34	
-32	
-30	
-28	
-26	
-24	
-22	
-20	
-18	
-16	
-14	
-12	
-10	
-8	
-6	
-4	
-2	
0	
2	
4	
6	
8	
10	
12	
14	
16	
18	
20	
22	
24	
26	
28	
30	
32	
34	
36	
38	
40	
42	
44	
46	
48	
50	
52	
54	
56	
58	
60	
62	
64	
66	
68	
70	
72	
74	
76	
78	
80	
82	
84	
86	
88	
90	
!T	AOACD
!U	deg
-90	
-88	
-86	
-84	
-82	
-80	
-78	
-76	
-74	
-72	
-70	
-68	
-66	
-64	
-62	
-60	
-58	
-56	
-54	
-52	
-50	
-48	
-46	
-44	
-42	
-40	
-38	
-36	
-34	
-32	
-30	
-28	
-26	
-24	
-22	
-20	
-18	
-16	
-14	
-12	
-10	
-8	
-6	
-4	
-2	
0	
2	
4	
6	
8	
10	
12	
14	
16	
18	
20	
22	
24	
26	
28	
30	
32	
34	
36	
38	
40	
42	
44	
46	
48	
50	
52	
54	
56	
58	
60	
62	
64	
66	
68	
70	
72	
74	
76	
78	
80	
82	
84	
86	
88	
90	
!T	AOACM
!U	deg
-90	
-88	
-86	
-84	
-82	
-80	
-78	
-76	
-74	
-72	
-70	
-68	
-66	
-64	
-62	
-60	
-58	
-56	
-54	
-52	
-50	
-48	
-46	
-44	
-42	
-40	
-38	
-36	
-34	
-32	
-30	
-28	
-26	
-24	
-22	
-20	
-18	
-16	
-14	
-12	
-10	
-8	
-6	
-4	
-2	
0	
2	
4	
6	
8	
10	
12	
14	
16	
18	
20	
22	
24	
26	
28	
30	
32	
34	
36	
38	
40	
42	
44	
46	
48	
50	
52	
54	
56	
58	
60	
62	
64	
66	
68	
70	
72	
74	
76	
78	
80	
82	
84	
86	
88	
90	
!T	RECL
!U	nd
50000	
100000	
150000	
200000	
250000	
!T	RECD
!U	nd
50000	
100000	
150000	
200000	
250000	
!T	RECM
!U	nd
50000	
100000	
150000	
200000	
250000	
!M	CLTAB
!U	nd
-0.0000E+00	-0.0000E+00	-0.0000E+00	-0.0000E+00	-0.0000E+00
-4.2641E-02	-4.2631E-02	-4.2650E-02	-4.2645E-02	-4.2602E-02
-8.5139E-02	-8.5098E-02	-8.5175E-02	-8.5153E-02	-8.4980E-02
-1.2729E-01	-1.2719E-01	-1.2737E-01	-1.2732E-01	-1.2693E-01
-1.6888E-01	-1.6871E-01	-1.6902E-01	-1.6894E-01	-1.6824E-01
-2.0972E-01	-2.0946E-01	-2.0994E-01	-2.0980E-01	-2.0872E-01
-2.4960E-01	-2.4923E-01	-2.4993E-01	-2.4973E-01	-2.4817E-01
-2.8834E-01	-2.8783E-01	-2.8879E-01	-2.8852E-01	-2.8639E-01
-3.2576E-01	-3.2509E-01	-3.2634E-01	-3.2598E-01	-3.2319E-01
-3.6166E-01	-3.6081E-01	-3.6240E-01	-3.6195E-01	-3.5840E-01
-3.9589E-01	-3.9483E-01	-3.9680E-01	-3.9624E-01	-3.9184E-01
-4.2827E-01	-4.2699E-01	-4.2939E-01	-4.2870E-01	-4.2336E-01
-4.5866E-01	-4.5714E-01	-4.6000E-01	-4.5918E-01	-4.5279E-01
-4.8692E-01	-4.8512E-01	-4.8850E-01	-4.8753E-01	-4.7998E-01
-5.1292E-01	-5.1081E-01	-5.1476E-01	-5.1363E-01	-5.0482E-01
-5.3653E-01	-5.3410E-01	-5.3866E-01	-5.3736E-01	-5.2716E-01
-5.5766E-01	-5.5486E-01	-5.6010E-01	-5.5860E-01	-5.4691E-01
-5.7620E-01	-5.7302E-01	-5.7898E-01	-5.7728E-01	-5.6396E-01
-5.9209E-01	-5.8848E-01	-5.9523E-01	-5.9331E-01	-5.7822E-01
-6.0525E-01	-6.0119E-01	-6.0879E-01	-6.0662E-01	-5.8963E-01
-6.1564E-01	-6.1108E-01	-6.1961E-01	-6.1718E-01	-5.9813E-01
-6.2322E-01	-6.1813E-01	-6.2765E-01	-6.2494E-01	-6.0366E-01
-6.2797E-01	-6.2231E-01	-6.3292E-01	-6.2989E-01	-6.0620E-01
-6.2991E-01	-6.2362E-01	-6.3540E-01	-6.3204E-01	-6.0573E-01
-6.2904E-01	-6.2207E-01	-6.3511E-01	-6.3139E-01	-6.0224E-01
-6.2539E-01	-6.1769E-01	-6.3211E-01	-6.2800E-01	-5.9575E-01
-6.1902E-01	-6.1051E-01	-6.2645E-01	-6.2190E-01	-5.8628E-01
-6.1001E-01	-6.0061E-01	-6.1821E-01	-6.1319E-01	-5.7386E-01
-5.9845E-01	-5.8807E-01	-6.0750E-01	-6.0196E-01	-5.5855E-01
-5.8445E-01	-5.7300E-01	-5.9445E-01	-5.8832E-01	-5.4039E-01
-5.6816E-01	-5.5550E-01	-5.7921E-01	-5.7244E-01	-5.1947E-01
-5.4976E-01	-5.3575E-01	-5.6199E-01	-5.5450E-01	-4.9585E-01
-5.2946E-01	-5.1391E-01	-5.4303E-01	-5.3472E-01	-4.6964E-01
-5.0751E-01	-4.9020E-01	-5.2263E-01	-5.1337E-01	-4.4090E-01
-4.8424E-01	-4.6487E-01	-5.0114E-01	-4.9079E-01	-4.0974E-01
-4.6005E-01	-4.3826E-01	-4.7906E-01	-4.6742E-01	-3.7623E-01
-4.3546E-01	-4.1076E-01	-4.5702E-01	-4.4382E-01	-3.4044E-01
-4.1122E-01	-3.8293E-01	-4.3591E-01	-4.2079E-01	-3.0240E-01
-3.8838E-01	-3.5554E-01	-4.1704E-01	-3.9949E-01	-2.6205E-01
-3.6860E-01	-3.2977E-01	-4.0180E-01	-3.7445E-01	-2.2597E-01
-3.5474E-01	-3.0761E-01	-3.9344E-01	-3.3476E-01	-1.7612E-01
-3.5204E-01	-2.9288E-01	-3.7968E-01	-2.8730E-01	-1.4743E-01
-3.6770E-01	-2.9979E-01	-3.6679E-01	-2.5242E-01	-1.1807E-01
-2.4575E-01	-2.9768E-01	-1.7360E-01	-8.3833E-02	-8.8230E-02
4.4800E-02	7.1950E-02	2.0190E-01	2.5990E-01	2.8700E-01
2.2450E-01	4.0740E-01	4.8340E-01	5.0370E-01	5.0510E-01
4.8960E-01	6.8950E-01	7.1320E-01	7.1540E-01	7.1630E-01
7.5040E-01	9.1520E-01	8.9530E-01	9.1248E-01	9.0700E-01
1.0271E+00	1.0901E+00	1.1236E+00	1.1274E+00	1.1125E+00
1.1954E+00	1.2169E+00	1.1261E+00	1.0924E+00	1.1699E+00
1.2300E+00	1.0660E+00	9.5599E-01	9.2234E-01	1.0014E+00
1.0864E+00	9.4694E-01	8.6062E-01	8.3532E-01	8.9457E-01
9.9720E-01	8.7746E-01	8.0447E-01	7.8307E-01	8.3318E-01
9.3567E-01	8.3253E-01	7.6965E-01	7.5122E-01	7.9438E-01
8.9338E-01	8.0332E-01	7.4842E-01	7.3233E-01	7.7001E-01
8.6395E-01	7.8451E-01	7.3608E-01	7.2189E-01	7.5513E-01
8.4325E-01	7.7265E-01	7.2960E-01	7.1698E-01	7.4653E-01
8.2851E-01	7.6538E-01	7.2689E-01	7.1561E-01	7.4203E-01
8.1775E-01	7.6105E-01	7.2649E-01	7.1636E-01	7.4008E-01
8.0955E-01	7.5846E-01	7.2731E-01	7.1818E-01	7.3956E-01
8.0283E-01	7.5667E-01	7.2854E-01	7.2029E-01	7.3961E-01
7.9677E-01	7.5501E-01	7.2955E-01	7.2209E-01	7.3957E-01
7.9073E-01	7.5291E-01	7.2986E-01	7.2310E-01	7.3893E-01
7.8421E-01	7.4995E-01	7.2906E-01	7.2294E-01	7.3728E-01
7.7681E-01	7.4578E-01	7.2686E-01	7.2132E-01	7.3430E-01
7.6821E-01	7.4012E-01	7.2300E-01	7.1798E-01	7.2973E-01
7.5816E-01	7.3276E-01	7.1728E-01	7.1274E-01	7.2337E-01
7.4644E-01	7.2352E-01	7.0955E-01	7.0546E-01	7.1505E-01
7.3292E-01	7.1228E-01	6.9970E-01	6.9601E-01	7.0465E-01
7.1747E-01	6.9893E-01	6.8763E-01	6.8432E-01	6.9208E-01
7.0002E-01	6.8342E-01	6.7330E-01	6.7034E-01	6.7728E-01
6.8050E-01	6.6570E-01	6.5668E-01	6.5403E-01	6.6022E-01
6.5890E-01	6.4576E-01	6.3775E-01	6.3540E-01	6.4090E-01
6.3521E-01	6.2360E-01	6.1653E-01	6.1446E-01	6.1931E-01
6.0946E-01	5.9927E-01	5.9306E-01	5.9124E-01	5.9550E-01
5.8169E-01	5.7281E-01	5.6740E-01	5.6581E-01	5.6953E-01
5.5197E-01	5.4429E-01	5.3961E-01	5.3824E-01	5.4145E-01
5.2037E-01	5.1380E-01	5.0979E-01	5.0861E-01	5.1136E-01
4.8700E-01	4.8142E-01	4.7803E-01	4.7703E-01	4.7936E-01
4.5195E-01	4.4729E-01	4.4445E-01	4.4362E-01	4.4557E-01
4.1536E-01	4.1153E-01	4.0919E-01	4.0851E-01	4.1011E-01
3.7737E-01	3.7428E-01	3.7239E-01	3.7184E-01	3.7314E-01
3.3812E-01	3.3569E-01	3.3421E-01	3.3377E-01	3.3479E-01
2.9778E-01	2.9592E-01	2.9479E-01	2.9446E-01	2.9524E-01
2.5651E-01	2.5516E-01	2.5433E-01	2.5408E-01	2.5465E-01
2.1451E-01	2.1356E-01	2.1299E-01	2.1282E-01	2.1322E-01
1.7194E-01	1.7134E-01	1.7097E-01	1.7086E-01	1.7111E-01
1.2901E-01	1.2867E-01	1.2846E-01	1.2840E-01	1.2854E-01
8.5902E-02	8.5752E-02	8.5660E-02	8.5633E-02	8.5696E-02
4.2832E-02	4.2794E-02	4.2772E-02	4.2765E-02	4.2781E-02
0.0000E+00	0.0000E+00	0.0000E+00	0.0000E+00	0.0000E+00
!M	CDTAB
!U	nd
1.2217E+00	1.2217E+00	1.2217E+00	1.2217E+00	1.2217E+00
1.2229E+00	1.2223E+00	1.2229E+00	1.2232E+00	1.2222E+00
1.2212E+00	1.2200E+00	1.2212E+00	1.2218E+00	1.2197E+00
1.2165E+00	1.2147E+00	1.2166E+00	1.2175E+00	1.2143E+00
1.2089E+00	1.2064E+00	1.2090E+00	1.2102E+00	1.2060E+00
1.1984E+00	1.1954E+00	1.1986E+00	1.2000E+00	1.1948E+00
1.1851E+00	1.1815E+00	1.1853E+00	1.1871E+00	1.1808E+00
1.1691E+00	1.1648E+00	1.1693E+00	1.1714E+00	1.1641E+00
1.1504E+00	1.1456E+00	1.1507E+00	1.1530E+00	1.1447E+00
1.1292E+00	1.1238E+00	1.1295E+00	1.1321E+00	1.1228E+00
1.1055E+00	1.0995E+00	1.1058E+00	1.1087E+00	1.0984E+00
1.0796E+00	1.0730E+00	1.0799E+00	1.0831E+00	1.0718E+00
1.0514E+00	1.0442E+00	1.0517E+00	1.0552E+00	1.0429E+00
1.0212E+00	1.0135E+00	1.0216E+00	1.0253E+00	1.0121E+00
9.8917E-01	9.8089E-01	9.8954E-01	9.9355E-01	9.7939E-01
9.5541E-01	9.4659E-01	9.5580E-01	9.6007E-01	9.4499E-01
9.2010E-01	9.1076E-01	9.2052E-01	9.2505E-01	9.0906E-01
8.8345E-01	8.7358E-01	8.8389E-01	8.8867E-01	8.7180E-01
8.4562E-01	8.3525E-01	8.4609E-01	8.5111E-01	8.3338E-01
8.0682E-01	7.9596E-01	8.0731E-01	8.1257E-01	7.9400E-01
7.6724E-01	7.5590E-01	7.6775E-01	7.7324E-01	7.5385E-01
7.2709E-01	7.1528E-01	7.2761E-01	7.3333E-01	7.1314E-01
6.8655E-01	6.7430E-01	6.8710E-01	6.9304E-01	6.7208E-01
6.4585E-01	6.3316E-01	6.4642E-01	6.5257E-01	6.3086E-01
6.0518E-01	5.9207E-01	6.0577E-01	6.1212E-01	5.8970E-01
5.6476E-01	5.5124E-01	5.6536E-01	5.7191E-01	5.4880E-01
5.2477E-01	5.1087E-01	5.2539E-01	5.3213E-01	5.0835E-01
4.8544E-01	4.7116E-01	4.8607E-01	4.9299E-01	4.6858E-01
4.4694E-01	4.3231E-01	4.4759E-01	4.5468E-01	4.2967E-01
4.0948E-01	3.9452E-01	4.1015E-01	4.1739E-01	3.9181E-01
3.7324E-01	3.5796E-01	3.7392E-01	3.8133E-01	3.5520E-01
3.3841E-01	3.2283E-01	3.3910E-01	3.4665E-01	3.2001E-01
3.0516E-01	2.8930E-01	3.0587E-01	3.1355E-01	2.8643E-01
2.7365E-01	2.5754E-01	2.7437E-01	2.8218E-01	2.5462E-01
2.4405E-01	2.2770E-01	2.4478E-01	2.5271E-01	2.2473E-01
2.1650E-01	1.9992E-01	2.1724E-01	2.2527E-01	1.9692E-01
1.9114E-01	1.7437E-01	1.9189E-01	2.0002E-01	1.7133E-01
1.6810E-01	1.5114E-01	1.6886E-01	1.7707E-01	1.4807E-01
1.4749E-01	1.3037E-01	1.4825E-01	1.5655E-01	1.2727E-01
1.2942E-01	1.1216E-01	1.3540E-01	1.4207E-01	1.1164E-01
1.1397E-01	9.6593E-02	1.1614E-01	1.0846E-01	9.3982E-02
1.0398E-01	8.3749E-02	1.0761E-01	9.1915E-02	8.3113E-02
9.0827E-02	7.5248E-02	9.8494E-02	8.0511E-02	7.2023E-02
5.5131E-02	5.7875E-02	3.9855E-02	4.1910E-02	6.0883E-02
2.5640E-02	2.0633E-02	1.5740E-02	1.2680E-02	1.1060E-02
2.2910E-02	1.7340E-02	1.2140E-02	9.4200E-03	7.8700E-03
3.0950E-02	1.6740E-02	1.1520E-02	9.4100E-03	8.4000E-03
3.7630E-02	1.5765E-02	1.2040E-02	1.2019E-02	1.0000E-02
3.1145E-02	1.7972E-02	1.7335E-02	1.6591E-02	1.6423E-02
4.5904E-02	4.0141E-02	2.7234E-02	2.4682E-02	2.6982E-02
6.9007E-02	6.1034E-02	4.1138E-02	3.9086E-02	4.0141E-02
8.0449E-02	7.2958E-02	5.7393E-02	5.5130E-02	5.6713E-02
9.7758E-02	9.1486E-02	7.6047E-02	7.3801E-02	7.5372E-02
1.1883E-01	1.1262E-01	9.7322E-02	9.5098E-02	9.6653E-02
1.4240E-01	1.3625E-01	1.2112E-01	1.1892E-01	1.2045E-01
1.6834E-01	1.6226E-01	1.4731E-01	1.4514E-01	1.4666E-01
1.9653E-01	1.9054E-01	1.7578E-01	1.7364E-01	1.7514E-01
2.2683E-01	2.2092E-01	2.0639E-01	2.0427E-01	2.0575E-01
2.5909E-01	2.5328E-01	2.3898E-01	2.3690E-01	2.3835E-01
2.9315E-01	2.8745E-01	2.7340E-01	2.7135E-01	2.7278E-01
3.2885E-01	3.2326E-01	3.0948E-01	3.0747E-01	3.0887E-01
3.6601E-01	3.6053E-01	3.4703E-01	3.4507E-01	3.4645E-01
4.0445E-01	3.9909E-01	3.8590E-01	3.8398E-01	3.8532E-01
4.4397E-01	4.3874E-01	4.2587E-01	4.2399E-01	4.2530E-01
4.8438E-01	4.7929E-01	4.6675E-01	4.6493E-01	4.6620E-01
5.2549E-01	5.2054E-01	5.0835E-01	5.0658E-01	5.0782E-01
5.6709E-01	5.6229E-01	5.5047E-01	5.4875E-01	5.4995E-01
6.0898E-01	6.0433E-01	5.9289E-01	5.9122E-01	5.9239E-01
6.5095E-01	6.4646E-01	6.3540E-01	6.3380E-01	6.3492E-01
6.9279E-01	6.8846E-01	6.7782E-01	6.7627E-01	6.7735E-01
7.3430E-01	7.3014E-01	7.1991E-01	7.1843E-01	7.1947E-01
7.7527E-01	7.7129E-01	7.6149E-01	7.6007E-01	7.6106E-01
8.1550E-01	8.1170E-01	8.0234E-01	8.0098E-01	8.0193E-01
8.5479E-01	8.5117E-01	8.4227E-01	8.4098E-01	8.4189E-01
8.9294E-01	8.8952E-01	8.8109E-01	8.7986E-01	8.8072E-01
9.2978E-01	9.2655E-01	9.1859E-01	9.1744E-01	9.1824E-01
9.6511E-01	9.6208E-01	9.5461E-01	9.5352E-01	9.5428E-01
9.9876E-01	9.9593E-01	9.8895E-01	9.8794E-01	9.8865E-01
1.0306E+00	1.0279E+00	1.0215E+00	1.0205E+00	1.0212E+00
1.0604E+00	1.0579E+00	1.0520E+00	1.0511E+00	1.0517E+00
1.0880E+00	1.0858E+00	1.0804E+00	1.0796E+00	1.0801E+00
1.1134E+00	1.1114E+00	1.1065E+00	1.1057E+00	1.1062E+00
1.1363E+00	1.1345E+00	1.1301E+00	1.1295E+00	1.1299E+00
1.1567E+00	1.1551E+00	1.1513E+00	1.1507E+00	1.1511E+00
1.1745E+00	1.1731E+00	1.1698E+00	1.1693E+00	1.1697E+00
1.1895E+00	1.1884E+00	1.1856E+00	1.1852E+00	1.1855E+00
1.2018E+00	1.2009E+00	1.1987E+00	1.1983E+00	1.1986E+00
1.2111E+00	1.2105E+00	1.2088E+00	1.2086E+00	1.2087E+00
1.2176E+00	1.2172E+00	1.2160E+00	1.2159E+00	1.2160E+00
1.2211E+00	1.2209E+00	1.2203E+00	1.2203E+00	1.2203E+00
1.2217E+00	1.2217E+00	1.2217E+00	1.2217E+00	1.2217E+00
!M	CMTAB
!U	nd
3.0542E-01	3.0542E-01	3.0542E-01	3.0542E-01	3.0542E-01
3.0487E-01	3.0487E-01	3.0481E-01	3.0480E-01	3.0475E-01
3.0327E-01	3.0325E-01	3.0303E-01	3.0298E-01	3.0279E-01
3.0067E-01	3.0063E-01	3.0014E-01	3.0004E-01	2.9961E-01
2.9712E-01	2.9704E-01	2.9620E-01	2.9602E-01	2.9528E-01
2.9268E-01	2.9255E-01	2.9127E-01	2.9101E-01	2.8987E-01
2.8739E-01	2.8720E-01	2.8542E-01	2.8505E-01	2.8344E-01
2.8132E-01	2.8104E-01	2.7871E-01	2.7821E-01	2.7606E-01
2.7451E-01	2.7414E-01	2.7120E-01	2.7056E-01	2.6780E-01
2.6701E-01	2.6654E-01	2.6295E-01	2.6217E-01	2.5873E-01
2.5889E-01	2.5829E-01	2.5404E-01	2.5309E-01	2.4892E-01
2.5019E-01	2.4945E-01	2.4450E-01	2.4338E-01	2.3843E-01
2.4096E-01	2.4006E-01	2.3442E-01	2.3312E-01	2.2734E-01
2.3126E-01	2.3019E-01	2.2385E-01	2.2237E-01	2.1571E-01
2.2115E-01	2.1988E-01	2.1286E-01	2.1118E-01	2.0361E-01
2.1067E-01	2.0918E-01	2.0150E-01	1.9963E-01	1.9111E-01
1.9988E-01	1.9815E-01	1.8984E-01	1.8777E-01	1.7827E-01
1.8883E-01	1.8684E-01	1.7795E-01	1.7568E-01	1.6517E-01
1.7758E-01	1.7530E-01	1.6588E-01	1.6341E-01	1.5188E-01
1.6617E-01	1.6358E-01	1.5370E-01	1.5103E-01	1.3845E-01
1.5467E-01	1.5174E-01	1.4146E-01	1.3860E-01	1.2497E-01
1.4311E-01	1.3983E-01	1.2924E-01	1.2619E-01	1.1150E-01
1.3157E-01	1.2790E-01	1.1709E-01	1.1385E-01	9.8099E-02
1.2008E-01	1.1600E-01	1.0508E-01	1.0166E-01	8.4846E-02
1.0871E-01	1.0419E-01	9.3270E-02	8.9681E-02	7.1806E-02
9.7499E-02	9.2512E-02	8.1719E-02	7.7970E-02	5.9048E-02
8.6510E-02	8.1025E-02	7.0491E-02	6.6593E-02	4.6641E-02
7.5793E-02	6.9779E-02	5.9649E-02	5.5614E-02	3.4651E-02
6.5401E-02	5.8828E-02	4.9255E-02	4.5098E-02	2.3149E-02
5.5386E-02	4.8222E-02	3.9371E-02	3.5107E-02	1.2201E-02
4.5803E-02	3.8014E-02	3.0061E-02	2.5707E-02	1.8770E-03
3.6704E-02	2.8258E-02	2.1386E-02	1.6959E-02	-7.7560E-03
2.8142E-02	1.9004E-02	1.3409E-02	8.9290E-03	-1.6629E-02
2.0170E-02	1.0305E-02	6.1910E-03	1.6800E-03	-2.4673E-02
1.2841E-02	2.2130E-03	-2.0400E-04	-4.7240E-03	-3.1821E-02
6.2090E-03	-5.2190E-03	-5.7140E-03	-1.0220E-02	-3.8005E-02
3.2600E-04	-1.1940E-02	-1.0278E-02	-1.4744E-02	-4.3155E-02
-4.7550E-03	-1.7896E-02	-1.3831E-02	-1.8231E-02	-4.7203E-02
-8.9800E-03	-2.3036E-02	-1.6313E-02	-2.0619E-02	-5.0082E-02
-1.2296E-02	-2.7308E-02	-1.7587E-02	-2.0847E-02	-4.9473E-02
-1.4652E-02	-3.0659E-02	-1.8597E-02	-3.1881E-02	-5.2973E-02
-1.7322E-02	-3.3037E-02	-2.1621E-02	-4.1900E-02	-5.8962E-02
-1.6425E-02	-3.3884E-02	-2.4360E-02	-4.8460E-02	-6.4700E-02
-4.0661E-02	-3.9878E-02	-5.8400E-02	-7.4567E-02	-7.0300E-02
-7.1800E-02	-7.6070E-02	-9.8100E-02	-1.0720E-01	-1.1200E-01
-7.0100E-02	-1.0290E-01	-1.1290E-01	-1.1410E-01	-1.1350E-01
-9.5000E-02	-1.1620E-01	-1.1520E-01	-1.1320E-01	-1.1180E-01
-1.1280E-01	-1.1205E-01	-1.0980E-01	-1.0629E-01	-1.0820E-01
-1.0725E-01	-9.9023E-02	-9.6341E-02	-9.7217E-02	-9.8162E-02
-6.6291E-02	-7.9416E-02	-8.5415E-02	-9.1136E-02	-8.4403E-02
-5.1993E-02	-8.0089E-02	-8.5982E-02	-9.1791E-02	-8.4866E-02
-5.3179E-02	-8.0883E-02	-8.7292E-02	-9.3137E-02	-8.6109E-02
-5.4485E-02	-8.2696E-02	-8.9282E-02	-9.5145E-02	-8.8035E-02
-5.6886E-02	-8.5206E-02	-9.1925E-02	-9.7782E-02	-9.0625E-02
-6.0073E-02	-8.8374E-02	-9.5185E-02	-1.0101E-01	-9.3842E-02
-6.4000E-02	-9.2160E-02	-9.9022E-02	-1.0480E-01	-9.7647E-02
-6.8620E-02	-9.6523E-02	-1.0340E-01	-1.0910E-01	-1.0200E-01
-7.3887E-02	-1.0143E-01	-1.0828E-01	-1.1389E-01	-1.0687E-01
-7.9754E-02	-1.0683E-01	-1.1363E-01	-1.1912E-01	-1.1221E-01
-8.6174E-02	-1.1269E-01	-1.1940E-01	-1.2477E-01	-1.1799E-01
-9.3100E-02	-1.1897E-01	-1.2557E-01	-1.3079E-01	-1.2417E-01
-1.0049E-01	-1.2562E-01	-1.3209E-01	-1.3715E-01	-1.3071E-01
-1.0829E-01	-1.3262E-01	-1.3892E-01	-1.4381E-01	-1.3757E-01
-1.1646E-01	-1.3992E-01	-1.4603E-01	-1.5073E-01	-1.4471E-01
-1.2494E-01	-1.4748E-01	-1.5338E-01	-1.5789E-01	-1.5210E-01
-1.3370E-01	-1.5526E-01	-1.6093E-01	-1.6524E-01	-1.5969E-01
-1.4269E-01	-1.6322E-01	-1.6865E-01	-1.7274E-01	-1.6745E-01
-1.5186E-01	-1.7133E-01	-1.7649E-01	-1.8036E-01	-1.7535E-01
-1.6117E-01	-1.7953E-01	-1.8442E-01	-1.8807E-01	-1.8334E-01
-1.7056E-01	-1.8780E-01	-1.9241E-01	-1.9583E-01	-1.9138E-01
-1.7999E-01	-1.9609E-01	-2.0041E-01	-2.0360E-01	-1.9944E-01
-1.8941E-01	-2.0436E-01	-2.0838E-01	-2.1134E-01	-2.0748E-01
-1.9879E-01	-2.1257E-01	-2.1630E-01	-2.1902E-01	-2.1546E-01
-2.0806E-01	-2.2069E-01	-2.2411E-01	-2.2661E-01	-2.2334E-01
-2.1719E-01	-2.2867E-01	-2.3179E-01	-2.3406E-01	-2.3108E-01
-2.2612E-01	-2.3647E-01	-2.3930E-01	-2.4133E-01	-2.3866E-01
-2.3482E-01	-2.4406E-01	-2.4659E-01	-2.4841E-01	-2.4602E-01
-2.4324E-01	-2.5140E-01	-2.5363E-01	-2.5524E-01	-2.5312E-01
-2.5132E-01	-2.5844E-01	-2.6039E-01	-2.6179E-01	-2.5994E-01
-2.5902E-01	-2.6514E-01	-2.6682E-01	-2.6803E-01	-2.6644E-01
-2.6629E-01	-2.7147E-01	-2.7289E-01	-2.7391E-01	-2.7257E-01
-2.7310E-01	-2.7738E-01	-2.7857E-01	-2.7941E-01	-2.7829E-01
-2.7938E-01	-2.8284E-01	-2.8380E-01	-2.8448E-01	-2.8358E-01
-2.8510E-01	-2.8781E-01	-2.8856E-01	-2.8909E-01	-2.8839E-01
-2.9021E-01	-2.9224E-01	-2.9281E-01	-2.9320E-01	-2.9268E-01
-2.9466E-01	-2.9610E-01	-2.9650E-01	-2.9678E-01	-2.9641E-01
-2.9841E-01	-2.9935E-01	-2.9961E-01	-2.9979E-01	-2.9955E-01
-3.0141E-01	-3.0194E-01	-3.0209E-01	-3.0220E-01	-3.0206E-01
-3.0360E-01	-3.0385E-01	-3.0391E-01	-3.0396E-01	-3.0390E-01
-3.0495E-01	-3.0502E-01	-3.0503E-01	-3.0505E-01	-3.0503E-01
-3.0542E-01	-3.0542E-01	-3.0542E-01	-3.0542E-01	-3.0542E-01
