!T	AOACL
!U	deg
-90	
-88	
-86	
-84	
-82	
-80	
-78	
-76	
-74	
-72	
-70	
-68	
-66	
-64	
-62	
-60	
-58	
-56	
-54	
-52	
-50	
-48	
-46	
-44	
-42	
-40	
-38	
-36	
-34	
-32	
-30	
-28	
-26	
-24	
-22	
-20	
-18	
-16	
-14	
-12	
-10	
-8	
-6	
-4	
-2	
0	
2	
4	
6	
8	
10	
12	
14	
16	
18	
20	
22	
24	
26	
28	
30	
32	
34	
36	
38	
40	
42	
44	
46	
48	
50	
52	
54	
56	
58	
60	
62	
64	
66	
68	
70	
72	
74	
76	
78	
80	
82	
84	
86	
88	
90	
!T	AOACD
!U	deg
-90	
-88	
-86	
-84	
-82	
-80	
-78	
-76	
-74	
-72	
-70	
-68	
-66	
-64	
-62	
-60	
-58	
-56	
-54	
-52	
-50	
-48	
-46	
-44	
-42	
-40	
-38	
-36	
-34	
-32	
-30	
-28	
-26	
-24	
-22	
-20	
-18	
-16	
-14	
-12	
-10	
-8	
-6	
-4	
-2	
0	
2	
4	
6	
8	
10	
12	
14	
16	
18	
20	
22	
24	
26	
28	
30	
32	
34	
36	
38	
40	
42	
44	
46	
48	
50	
52	
54	
56	
58	
60	
62	
64	
66	
68	
70	
72	
74	
76	
78	
80	
82	
84	
86	
88	
90	
!T	AOACM
!U	deg
-90	
-88	
-86	
-84	
-82	
-80	
-78	
-76	
-74	
-72	
-70	
-68	
-66	
-64	
-62	
-60	
-58	
-56	
-54	
-52	
-50	
-48	
-46	
-44	
-42	
-40	
-38	
-36	
-34	
-32	
-30	
-28	
-26	
-24	
-22	
-20	
-18	
-16	
-14	
-12	
-10	
-8	
-6	
-4	
-2	
0	
2	
4	
6	
8	
10	
12	
14	
16	
18	
20	
22	
24	
26	
28	
30	
32	
34	
36	
38	
40	
42	
44	
46	
48	
50	
52	
54	
56	
58	
60	
62	
64	
66	
68	
70	
72	
74	
76	
78	
80	
82	
84	
86	
88	
90	
!T	RECL
!U	nd
50000	
100000	
150000	
200000	
250000	
!T	RECD
!U	nd
50000	
100000	
150000	
200000	
250000	
!T	RECM
!U	nd
50000	
100000	
150000	
200000	
250000	
!M	CLTAB
!U	nd
-0.0000E+00	-0.0000E+00	-0.0000E+00	-0.0000E+00	-0.0000E+00
-4.3709E-02	-4.3715E-02	-4.3718E-02	-4.3711E-02	-4.3719E-02
-8.7254E-02	-8.7277E-02	-8.7291E-02	-8.7260E-02	-8.7293E-02
-1.3042E-01	-1.3048E-01	-1.3051E-01	-1.3044E-01	-1.3051E-01
-1.7301E-01	-1.7310E-01	-1.7315E-01	-1.7303E-01	-1.7317E-01
-2.1480E-01	-2.1495E-01	-2.1503E-01	-2.1483E-01	-2.1505E-01
-2.5560E-01	-2.5581E-01	-2.5593E-01	-2.5565E-01	-2.5595E-01
-2.9521E-01	-2.9550E-01	-2.9566E-01	-2.9528E-01	-2.9569E-01
-3.3344E-01	-3.3381E-01	-3.3403E-01	-3.3353E-01	-3.3407E-01
-3.7011E-01	-3.7058E-01	-3.7086E-01	-3.7022E-01	-3.7091E-01
-4.0503E-01	-4.0562E-01	-4.0596E-01	-4.0517E-01	-4.0603E-01
-4.3806E-01	-4.3877E-01	-4.3918E-01	-4.3822E-01	-4.3926E-01
-4.6902E-01	-4.6987E-01	-4.7037E-01	-4.6921E-01	-4.7046E-01
-4.9777E-01	-4.9878E-01	-4.9936E-01	-4.9800E-01	-4.9947E-01
-5.2418E-01	-5.2536E-01	-5.2604E-01	-5.2444E-01	-5.2617E-01
-5.4812E-01	-5.4949E-01	-5.5027E-01	-5.4843E-01	-5.5043E-01
-5.6949E-01	-5.7106E-01	-5.7196E-01	-5.6985E-01	-5.7213E-01
-5.8819E-01	-5.8997E-01	-5.9101E-01	-5.8859E-01	-5.9120E-01
-6.0414E-01	-6.0616E-01	-6.0732E-01	-6.0460E-01	-6.0755E-01
-6.1727E-01	-6.1954E-01	-6.2086E-01	-6.1778E-01	-6.2111E-01
-6.2752E-01	-6.3007E-01	-6.3155E-01	-6.2810E-01	-6.3183E-01
-6.3487E-01	-6.3772E-01	-6.3936E-01	-6.3551E-01	-6.3968E-01
-6.3928E-01	-6.4245E-01	-6.4429E-01	-6.4000E-01	-6.4464E-01
-6.4077E-01	-6.4429E-01	-6.4632E-01	-6.4156E-01	-6.4671E-01
-6.3933E-01	-6.4323E-01	-6.4548E-01	-6.4021E-01	-6.4592E-01
-6.3499E-01	-6.3931E-01	-6.4180E-01	-6.3597E-01	-6.4228E-01
-6.2782E-01	-6.3259E-01	-6.3534E-01	-6.2890E-01	-6.3587E-01
-6.1787E-01	-6.2313E-01	-6.2618E-01	-6.1906E-01	-6.2676E-01
-6.0523E-01	-6.1104E-01	-6.1440E-01	-6.0655E-01	-6.1504E-01
-5.9001E-01	-5.9643E-01	-6.0014E-01	-5.9147E-01	-6.0085E-01
-5.7235E-01	-5.7944E-01	-5.8354E-01	-5.7395E-01	-5.8432E-01
-5.5240E-01	-5.6025E-01	-5.6478E-01	-5.5417E-01	-5.6566E-01
-5.3035E-01	-5.3906E-01	-5.4409E-01	-5.3232E-01	-5.4506E-01
-5.0643E-01	-5.1613E-01	-5.2174E-01	-5.0863E-01	-5.2281E-01
-4.8093E-01	-4.9178E-01	-4.9805E-01	-4.8338E-01	-4.9925E-01
-4.5419E-01	-4.6639E-01	-4.7344E-01	-4.5694E-01	-4.7480E-01
-4.2665E-01	-4.4048E-01	-4.4848E-01	-4.2978E-01	-4.5001E-01
-3.9891E-01	-4.1476E-01	-4.2392E-01	-4.0250E-01	-4.2568E-01
-3.7185E-01	-3.9024E-01	-4.0087E-01	-3.7601E-01	-4.0148E-01
-3.4676E-01	-3.6852E-01	-3.8109E-01	-3.5075E-01	-3.8350E-01
-3.2590E-01	-3.5230E-01	-3.6756E-01	-3.3101E-01	-3.2162E-01
-3.1355E-01	-3.4735E-01	-3.6230E-01	-2.8336E-01	-2.9646E-01
-3.3075E-01	-3.6824E-01	-3.7234E-01	-2.5780E-01	-2.7520E-01
-2.9102E-01	-2.2646E-01	-7.1275E-02	-8.7000E-03	3.0300E-02
-4.4900E-02	1.2790E-01	2.2380E-01	2.6030E-01	2.6700E-01
1.6740E-01	4.2550E-01	4.7620E-01	4.7180E-01	4.8125E-01
4.7760E-01	6.7420E-01	6.9100E-01	6.9360E-01	6.8740E-01
7.0740E-01	8.8900E-01	8.8770E-01	8.8560E-01	8.8440E-01
9.7637E-01	1.1324E+00	1.0853E+00	1.0868E+00	1.0783E+00
1.2278E+00	1.1380E+00	1.2232E+00	1.2178E+00	1.2168E+00
1.0587E+00	9.7852E-01	1.1102E+00	1.0787E+00	1.0781E+00
9.4386E-01	8.8236E-01	9.7618E-01	9.5302E-01	9.5248E-01
8.7679E-01	8.2478E-01	9.0413E-01	8.8454E-01	8.8409E-01
8.3388E-01	7.8908E-01	8.5743E-01	8.4056E-01	8.4017E-01
8.0644E-01	7.6732E-01	8.2700E-01	8.1226E-01	8.1192E-01
7.8918E-01	7.5467E-01	8.0731E-01	7.9432E-01	7.9401E-01
7.7869E-01	7.4802E-01	7.9481E-01	7.8326E-01	7.8299E-01
7.7267E-01	7.4524E-01	7.8708E-01	7.7675E-01	7.7651E-01
7.6946E-01	7.4483E-01	7.8240E-01	7.7313E-01	7.7291E-01
7.6786E-01	7.4567E-01	7.7953E-01	7.7117E-01	7.7097E-01
7.6698E-01	7.4693E-01	7.7751E-01	7.6996E-01	7.6979E-01
7.6611E-01	7.4797E-01	7.7564E-01	7.6881E-01	7.6865E-01
7.6471E-01	7.4828E-01	7.7334E-01	7.6716E-01	7.6701E-01
7.6235E-01	7.4747E-01	7.7017E-01	7.6457E-01	7.6444E-01
7.5869E-01	7.4521E-01	7.6577E-01	7.6070E-01	7.6058E-01
7.5345E-01	7.4125E-01	7.5986E-01	7.5527E-01	7.5516E-01
7.4642E-01	7.3539E-01	7.5221E-01	7.4806E-01	7.4796E-01
7.3742E-01	7.2746E-01	7.4265E-01	7.3890E-01	7.3881E-01
7.2632E-01	7.1736E-01	7.3104E-01	7.2766E-01	7.2758E-01
7.1304E-01	7.0499E-01	7.1727E-01	7.1424E-01	7.1417E-01
6.9751E-01	6.9030E-01	7.0129E-01	6.9858E-01	6.9852E-01
6.7968E-01	6.7325E-01	6.8306E-01	6.8064E-01	6.8058E-01
6.5955E-01	6.5384E-01	6.6255E-01	6.6040E-01	6.6035E-01
6.3713E-01	6.3209E-01	6.3978E-01	6.3788E-01	6.3784E-01
6.1246E-01	6.0803E-01	6.1478E-01	6.1311E-01	6.1308E-01
5.8558E-01	5.8172E-01	5.8761E-01	5.8615E-01	5.8612E-01
5.5656E-01	5.5323E-01	5.5832E-01	5.5706E-01	5.5703E-01
5.2551E-01	5.2265E-01	5.2701E-01	5.2593E-01	5.2591E-01
4.9251E-01	4.9009E-01	4.9378E-01	4.9287E-01	4.9285E-01
4.5769E-01	4.5567E-01	4.5876E-01	4.5799E-01	4.5798E-01
4.2119E-01	4.1952E-01	4.2206E-01	4.2143E-01	4.2142E-01
3.8314E-01	3.8179E-01	3.8384E-01	3.8333E-01	3.8332E-01
3.4370E-01	3.4264E-01	3.4425E-01	3.4385E-01	3.4385E-01
3.0304E-01	3.0223E-01	3.0346E-01	3.0316E-01	3.0315E-01
2.6134E-01	2.6075E-01	2.6165E-01	2.6142E-01	2.6142E-01
2.1877E-01	2.1837E-01	2.1899E-01	2.1884E-01	2.1883E-01
1.7555E-01	1.7528E-01	1.7568E-01	1.7558E-01	1.7558E-01
1.3185E-01	1.3170E-01	1.3193E-01	1.3187E-01	1.3187E-01
8.7887E-02	8.7822E-02	8.7922E-02	8.7897E-02	8.7896E-02
4.3867E-02	4.3851E-02	4.3876E-02	4.3870E-02	4.3870E-02
0.0000E+00	0.0000E+00	0.0000E+00	0.0000E+00	0.0000E+00
!M	CDTAB
!U	nd
1.2525E+00	1.2525E+00	1.2525E+00	1.2525E+00	1.2525E+00
1.2528E+00	1.2527E+00	1.2530E+00	1.2541E+00	1.2546E+00
1.2500E+00	1.2499E+00	1.2504E+00	1.2526E+00	1.2537E+00
1.2442E+00	1.2440E+00	1.2448E+00	1.2481E+00	1.2497E+00
1.2354E+00	1.2352E+00	1.2362E+00	1.2406E+00	1.2428E+00
1.2237E+00	1.2234E+00	1.2247E+00	1.2302E+00	1.2328E+00
1.2091E+00	1.2087E+00	1.2103E+00	1.2169E+00	1.2200E+00
1.1917E+00	1.1912E+00	1.1931E+00	1.2007E+00	1.2044E+00
1.1715E+00	1.1710E+00	1.1732E+00	1.1819E+00	1.1861E+00
1.1488E+00	1.1483E+00	1.1506E+00	1.1604E+00	1.1651E+00
1.1236E+00	1.1230E+00	1.1256E+00	1.1364E+00	1.1417E+00
1.0960E+00	1.0954E+00	1.0982E+00	1.1101E+00	1.1158E+00
1.0662E+00	1.0655E+00	1.0686E+00	1.0815E+00	1.0877E+00
1.0344E+00	1.0336E+00	1.0370E+00	1.0508E+00	1.0575E+00
1.0006E+00	9.9978E-01	1.0034E+00	1.0182E+00	1.0254E+00
9.6513E-01	9.6423E-01	9.6808E-01	9.8389E-01	9.9152E-01
9.2807E-01	9.2712E-01	9.3120E-01	9.4796E-01	9.5605E-01
8.8965E-01	8.8865E-01	8.9295E-01	9.1064E-01	9.1917E-01
8.5005E-01	8.4899E-01	8.5352E-01	8.7211E-01	8.8107E-01
8.0946E-01	8.0836E-01	8.1310E-01	8.3257E-01	8.4196E-01
7.6811E-01	7.6695E-01	7.7190E-01	7.9223E-01	8.0204E-01
7.2618E-01	7.2498E-01	7.3013E-01	7.5129E-01	7.6150E-01
6.8389E-01	6.8264E-01	6.8799E-01	7.0996E-01	7.2055E-01
6.4145E-01	6.4016E-01	6.4569E-01	6.6845E-01	6.7942E-01
5.9907E-01	5.9774E-01	6.0345E-01	6.2696E-01	6.3829E-01
5.5696E-01	5.5559E-01	5.6148E-01	5.8571E-01	5.9740E-01
5.1534E-01	5.1392E-01	5.1999E-01	5.4491E-01	5.5693E-01
4.7440E-01	4.7295E-01	4.7918E-01	5.0477E-01	5.1711E-01
4.3436E-01	4.3287E-01	4.3925E-01	4.6547E-01	4.7812E-01
3.9540E-01	3.9388E-01	4.0041E-01	4.2723E-01	4.4017E-01
3.5774E-01	3.5618E-01	3.6285E-01	3.9024E-01	4.0345E-01
3.2154E-01	3.1995E-01	3.2675E-01	3.5468E-01	3.6814E-01
2.8699E-01	2.8538E-01	2.9230E-01	3.2072E-01	3.3443E-01
2.5427E-01	2.5263E-01	2.5966E-01	2.8855E-01	3.0249E-01
2.2352E-01	2.2186E-01	2.2900E-01	2.5832E-01	2.7247E-01
1.9492E-01	1.9323E-01	2.0047E-01	2.3019E-01	2.4452E-01
1.6859E-01	1.6689E-01	1.7421E-01	2.0429E-01	2.1879E-01
1.4468E-01	1.4295E-01	1.5035E-01	1.8076E-01	1.9542E-01
1.2329E-01	1.2155E-01	1.2901E-01	1.5970E-01	1.7314E-01
1.0453E-01	1.0277E-01	1.1030E-01	1.4049E-01	1.5616E-01
8.8497E-02	8.6730E-02	9.4310E-02	1.2468E-01	8.7010E-02
7.5270E-02	7.4949E-02	8.3828E-02	7.4116E-02	6.6591E-02
6.6894E-02	6.4508E-02	6.6096E-02	5.6023E-02	5.0450E-02
4.4799E-02	2.7429E-02	1.9354E-02	1.5950E-02	1.3690E-02
2.8820E-02	2.0850E-02	1.5240E-02	1.2210E-02	1.0740E-02
2.7460E-02	1.7470E-02	1.1810E-02	9.4100E-03	8.2050E-03
3.4790E-02	1.6780E-02	1.1940E-02	1.0060E-02	9.0500E-03
4.1370E-02	1.6900E-02	1.2920E-02	1.1520E-02	1.0740E-02
4.3175E-02	1.5921E-02	1.4974E-02	1.4258E-02	1.4430E-02
2.9410E-02	2.6353E-02	2.2158E-02	2.0947E-02	1.8608E-02
4.4141E-02	2.9386E-02	3.3188E-02	3.2542E-02	3.0312E-02
5.9229E-02	4.5086E-02	5.1210E-02	5.0288E-02	4.8074E-02
7.8350E-02	6.4321E-02	7.0396E-02	6.9481E-02	6.7285E-02
1.0016E-01	8.6260E-02	9.2279E-02	9.1372E-02	8.9197E-02
1.2455E-01	1.1080E-01	1.1675E-01	1.1586E-01	1.1370E-01
1.5140E-01	1.3781E-01	1.4370E-01	1.4281E-01	1.4069E-01
1.8058E-01	1.6718E-01	1.7298E-01	1.7211E-01	1.7001E-01
2.1196E-01	1.9875E-01	2.0447E-01	2.0361E-01	2.0154E-01
2.4537E-01	2.3237E-01	2.3800E-01	2.3715E-01	2.3512E-01
2.8065E-01	2.6788E-01	2.7341E-01	2.7258E-01	2.7058E-01
3.1763E-01	3.0511E-01	3.1053E-01	3.0971E-01	3.0775E-01
3.5613E-01	3.4387E-01	3.4918E-01	3.4838E-01	3.4646E-01
3.9596E-01	3.8398E-01	3.8917E-01	3.8838E-01	3.8651E-01
4.3693E-01	4.2524E-01	4.3030E-01	4.2954E-01	4.2771E-01
4.7884E-01	4.6745E-01	4.7238E-01	4.7164E-01	4.6986E-01
5.2148E-01	5.1041E-01	5.1521E-01	5.1448E-01	5.1275E-01
5.6465E-01	5.5391E-01	5.5856E-01	5.5786E-01	5.5618E-01
6.0813E-01	5.9773E-01	6.0224E-01	6.0156E-01	5.9993E-01
6.5172E-01	6.4167E-01	6.4602E-01	6.4537E-01	6.4380E-01
6.9519E-01	6.8551E-01	6.8970E-01	6.8907E-01	6.8756E-01
7.3834E-01	7.2904E-01	7.3307E-01	7.3246E-01	7.3101E-01
7.8095E-01	7.7205E-01	7.7591E-01	7.7533E-01	7.7393E-01
8.2283E-01	8.1433E-01	8.1801E-01	8.1745E-01	8.1612E-01
8.6375E-01	8.5567E-01	8.5917E-01	8.5864E-01	8.5738E-01
9.0353E-01	8.9587E-01	8.9919E-01	8.9869E-01	8.9749E-01
9.4197E-01	9.3474E-01	9.3787E-01	9.3740E-01	9.3627E-01
9.7888E-01	9.7210E-01	9.7503E-01	9.7459E-01	9.7353E-01
1.0141E+00	1.0077E+00	1.0105E+00	1.0101E+00	1.0091E+00
1.0474E+00	1.0415E+00	1.0441E+00	1.0437E+00	1.0428E+00
1.0787E+00	1.0733E+00	1.0756E+00	1.0753E+00	1.0744E+00
1.1078E+00	1.1028E+00	1.1050E+00	1.1046E+00	1.1039E+00
1.1345E+00	1.1300E+00	1.1320E+00	1.1317E+00	1.1310E+00
1.1588E+00	1.1548E+00	1.1565E+00	1.1562E+00	1.1556E+00
1.1804E+00	1.1770E+00	1.1785E+00	1.1782E+00	1.1777E+00
1.1994E+00	1.1964E+00	1.1977E+00	1.1975E+00	1.1971E+00
1.2156E+00	1.2131E+00	1.2142E+00	1.2140E+00	1.2137E+00
1.2290E+00	1.2269E+00	1.2278E+00	1.2277E+00	1.2274E+00
1.2394E+00	1.2378E+00	1.2385E+00	1.2384E+00	1.2382E+00
1.2468E+00	1.2458E+00	1.2462E+00	1.2461E+00	1.2460E+00
1.2512E+00	1.2506E+00	1.2509E+00	1.2508E+00	1.2508E+00
1.2525E+00	1.2525E+00	1.2525E+00	1.2525E+00	1.2525E+00
!M	CMTAB
!U	nd
3.1312E-01	3.1312E-01	3.1312E-01	3.1312E-01	3.1312E-01
3.1255E-01	3.1254E-01	3.1253E-01	3.1250E-01	3.1249E-01
3.1086E-01	3.1083E-01	3.1080E-01	3.1067E-01	3.1062E-01
3.0812E-01	3.0804E-01	3.0798E-01	3.0769E-01	3.0758E-01
3.0438E-01	3.0424E-01	3.0413E-01	3.0364E-01	3.0345E-01
2.9969E-01	2.9948E-01	2.9930E-01	2.9857E-01	2.9829E-01
2.9411E-01	2.9381E-01	2.9357E-01	2.9255E-01	2.9216E-01
2.8769E-01	2.8730E-01	2.8698E-01	2.8563E-01	2.8514E-01
2.8048E-01	2.7999E-01	2.7960E-01	2.7789E-01	2.7728E-01
2.7255E-01	2.7195E-01	2.7147E-01	2.6939E-01	2.6866E-01
2.6395E-01	2.6323E-01	2.6266E-01	2.6018E-01	2.5934E-01
2.5473E-01	2.5389E-01	2.5323E-01	2.5034E-01	2.4938E-01
2.4495E-01	2.4398E-01	2.4323E-01	2.3993E-01	2.3886E-01
2.3466E-01	2.3356E-01	2.3272E-01	2.2900E-01	2.2785E-01
2.2392E-01	2.2268E-01	2.2176E-01	2.1763E-01	2.1640E-01
2.1278E-01	2.1141E-01	2.1041E-01	2.0588E-01	2.0458E-01
2.0130E-01	1.9980E-01	1.9872E-01	1.9380E-01	1.9246E-01
1.8953E-01	1.8790E-01	1.8676E-01	1.8147E-01	1.8012E-01
1.7752E-01	1.7578E-01	1.7457E-01	1.6894E-01	1.6760E-01
1.6534E-01	1.6348E-01	1.6222E-01	1.5628E-01	1.5499E-01
1.5304E-01	1.5107E-01	1.4977E-01	1.4356E-01	1.4234E-01
1.4066E-01	1.3859E-01	1.3727E-01	1.3083E-01	1.2972E-01
1.2827E-01	1.2612E-01	1.2478E-01	1.1816E-01	1.1721E-01
1.1592E-01	1.1369E-01	1.1236E-01	1.0561E-01	1.0486E-01
1.0367E-01	1.0138E-01	1.0006E-01	9.3253E-02	9.2743E-02
9.1572E-02	8.9224E-02	8.7952E-02	8.1141E-02	8.0927E-02
7.9677E-02	7.7296E-02	7.6084E-02	6.9342E-02	6.9477E-02
6.8044E-02	6.5645E-02	6.4515E-02	5.7919E-02	5.8459E-02
5.6725E-02	5.4329E-02	5.3303E-02	4.6935E-02	4.7940E-02
4.5777E-02	4.3403E-02	4.2506E-02	3.6453E-02	3.7987E-02
3.5255E-02	3.2923E-02	3.2182E-02	2.6537E-02	2.8665E-02
2.5213E-02	2.2947E-02	2.2388E-02	1.7249E-02	2.0043E-02
1.5706E-02	1.3530E-02	1.3183E-02	8.6540E-03	1.2186E-02
6.7890E-03	4.7290E-03	4.6240E-03	8.1500E-04	5.1600E-03
-1.4830E-03	-3.4000E-03	-3.2320E-03	-6.2060E-03	-9.6700E-04
-9.0550E-03	-1.0801E-02	-1.0326E-02	-1.2344E-02	-6.1300E-03
-1.5873E-02	-1.7418E-02	-1.6601E-02	-1.7537E-02	-1.0261E-02
-2.1881E-02	-2.3193E-02	-2.1999E-02	-2.1722E-02	-1.3294E-02
-2.7024E-02	-2.8072E-02	-2.6463E-02	-2.4834E-02	-1.5210E-02
-3.1248E-02	-3.1998E-02	-2.9934E-02	-2.6845E-02	-1.5800E-02
-3.4498E-02	-3.4913E-02	-3.2355E-02	-2.7594E-02	-5.1942E-02
-3.6719E-02	-3.6348E-02	-3.2900E-02	-5.4325E-02	-6.3367E-02
-3.5819E-02	-3.6663E-02	-3.8360E-02	-6.4420E-02	-7.1900E-02
-4.8667E-02	-5.8099E-02	-8.2751E-02	-9.3800E-02	-1.0040E-01
-5.8700E-02	-8.7700E-02	-1.0170E-01	-1.0510E-01	-1.0520E-01
-6.5600E-02	-1.0310E-01	-1.0660E-01	-1.0520E-01	-1.0395E-01
-9.3000E-02	-1.0690E-01	-1.0470E-01	-1.0270E-01	-1.0140E-01
-1.0070E-01	-1.0270E-01	-9.9000E-02	-9.8100E-02	-9.7800E-02
-9.7193E-02	-9.3644E-02	-9.2838E-02	-9.1429E-02	-9.0380E-02
-7.2100E-02	-7.8914E-02	-7.7171E-02	-7.9319E-02	-7.9390E-02
-7.0588E-02	-8.7295E-02	-7.5002E-02	-7.8982E-02	-7.9082E-02
-7.3765E-02	-8.9341E-02	-7.6081E-02	-8.0135E-02	-8.0234E-02
-7.5782E-02	-9.1383E-02	-7.7910E-02	-8.2016E-02	-8.2115E-02
-7.8535E-02	-9.4095E-02	-8.0483E-02	-8.4621E-02	-8.4719E-02
-8.1979E-02	-9.7438E-02	-8.3760E-02	-8.7908E-02	-8.8004E-02
-8.6074E-02	-1.0138E-01	-8.7696E-02	-9.1836E-02	-9.1931E-02
-9.0778E-02	-1.0587E-01	-9.2251E-02	-9.6365E-02	-9.6457E-02
-9.6048E-02	-1.1088E-01	-9.7382E-02	-1.0145E-01	-1.0154E-01
-1.0184E-01	-1.1636E-01	-1.0305E-01	-1.0706E-01	-1.0714E-01
-1.0812E-01	-1.2229E-01	-1.0920E-01	-1.1314E-01	-1.1322E-01
-1.1484E-01	-1.2861E-01	-1.1581E-01	-1.1965E-01	-1.1973E-01
-1.2195E-01	-1.3530E-01	-1.2282E-01	-1.2656E-01	-1.2664E-01
-1.2943E-01	-1.4231E-01	-1.3019E-01	-1.3382E-01	-1.3390E-01
-1.3722E-01	-1.4960E-01	-1.3789E-01	-1.4140E-01	-1.4147E-01
-1.4528E-01	-1.5714E-01	-1.4587E-01	-1.4924E-01	-1.4931E-01
-1.5357E-01	-1.6489E-01	-1.5408E-01	-1.5731E-01	-1.5738E-01
-1.6205E-01	-1.7281E-01	-1.6250E-01	-1.6557E-01	-1.6564E-01
-1.7068E-01	-1.8085E-01	-1.7106E-01	-1.7398E-01	-1.7404E-01
-1.7941E-01	-1.8899E-01	-1.7974E-01	-1.8250E-01	-1.8255E-01
-1.8820E-01	-1.9718E-01	-1.8848E-01	-1.9107E-01	-1.9113E-01
-1.9702E-01	-2.0539E-01	-1.9725E-01	-1.9967E-01	-1.9972E-01
-2.0581E-01	-2.1357E-01	-2.0601E-01	-2.0826E-01	-2.0830E-01
-2.1455E-01	-2.2169E-01	-2.1470E-01	-2.1678E-01	-2.1682E-01
-2.2318E-01	-2.2971E-01	-2.2330E-01	-2.2520E-01	-2.2524E-01
-2.3165E-01	-2.3759E-01	-2.3175E-01	-2.3349E-01	-2.3352E-01
-2.3995E-01	-2.4529E-01	-2.4002E-01	-2.4159E-01	-2.4162E-01
-2.4801E-01	-2.5277E-01	-2.4806E-01	-2.4946E-01	-2.4949E-01
-2.5580E-01	-2.6000E-01	-2.5583E-01	-2.5707E-01	-2.5709E-01
-2.6327E-01	-2.6693E-01	-2.6330E-01	-2.6437E-01	-2.6439E-01
-2.7039E-01	-2.7353E-01	-2.7040E-01	-2.7133E-01	-2.7135E-01
-2.7710E-01	-2.7976E-01	-2.7711E-01	-2.7790E-01	-2.7791E-01
-2.8338E-01	-2.8558E-01	-2.8338E-01	-2.8403E-01	-2.8405E-01
-2.8918E-01	-2.9095E-01	-2.8918E-01	-2.8970E-01	-2.8971E-01
-2.9445E-01	-2.9583E-01	-2.9444E-01	-2.9485E-01	-2.9486E-01
-2.9915E-01	-3.0019E-01	-2.9914E-01	-2.9945E-01	-2.9946E-01
-3.0324E-01	-3.0398E-01	-3.0324E-01	-3.0346E-01	-3.0346E-01
-3.0669E-01	-3.0717E-01	-3.0669E-01	-3.0683E-01	-3.0683E-01
-3.0944E-01	-3.0972E-01	-3.0944E-01	-3.0952E-01	-3.0952E-01
-3.1146E-01	-3.1158E-01	-3.1146E-01	-3.1150E-01	-3.1150E-01
-3.1270E-01	-3.1273E-01	-3.1270E-01	-3.1271E-01	-3.1271E-01
-3.1312E-01	-3.1312E-01	-3.1312E-01	-3.1312E-01	-3.1312E-01
