!T	AOACL
!U	deg
-90	
-88	
-86	
-84	
-82	
-80	
-78	
-76	
-74	
-72	
-70	
-68	
-66	
-64	
-62	
-60	
-58	
-56	
-54	
-52	
-50	
-48	
-46	
-44	
-42	
-40	
-38	
-36	
-34	
-32	
-30	
-28	
-26	
-24	
-22	
-20	
-18	
-16	
-14	
-12	
-10	
-8	
-6	
-4	
-2	
0	
2	
4	
6	
8	
10	
12	
14	
16	
18	
20	
22	
24	
26	
28	
30	
32	
34	
36	
38	
40	
42	
44	
46	
48	
50	
52	
54	
56	
58	
60	
62	
64	
66	
68	
70	
72	
74	
76	
78	
80	
82	
84	
86	
88	
90	
!T	AOACD
!U	deg
-90	
-88	
-86	
-84	
-82	
-80	
-78	
-76	
-74	
-72	
-70	
-68	
-66	
-64	
-62	
-60	
-58	
-56	
-54	
-52	
-50	
-48	
-46	
-44	
-42	
-40	
-38	
-36	
-34	
-32	
-30	
-28	
-26	
-24	
-22	
-20	
-18	
-16	
-14	
-12	
-10	
-8	
-6	
-4	
-2	
0	
2	
4	
6	
8	
10	
12	
14	
16	
18	
20	
22	
24	
26	
28	
30	
32	
34	
36	
38	
40	
42	
44	
46	
48	
50	
52	
54	
56	
58	
60	
62	
64	
66	
68	
70	
72	
74	
76	
78	
80	
82	
84	
86	
88	
90	
!T	AOACM
!U	deg
-90	
-88	
-86	
-84	
-82	
-80	
-78	
-76	
-74	
-72	
-70	
-68	
-66	
-64	
-62	
-60	
-58	
-56	
-54	
-52	
-50	
-48	
-46	
-44	
-42	
-40	
-38	
-36	
-34	
-32	
-30	
-28	
-26	
-24	
-22	
-20	
-18	
-16	
-14	
-12	
-10	
-8	
-6	
-4	
-2	
0	
2	
4	
6	
8	
10	
12	
14	
16	
18	
20	
22	
24	
26	
28	
30	
32	
34	
36	
38	
40	
42	
44	
46	
48	
50	
52	
54	
56	
58	
60	
62	
64	
66	
68	
70	
72	
74	
76	
78	
80	
82	
84	
86	
88	
90	
!T	RECL
!U	nd
50000	
100000	
150000	
200000	
250000	
!T	RECD
!U	nd
50000	
100000	
150000	
200000	
250000	
!T	RECM
!U	nd
50000	
100000	
150000	
200000	
250000	
!M	CLTAB
!U	nd
-0.0000E+00	-0.0000E+00	-0.0000E+00	-0.0000E+00	-0.0000E+00
-4.2634E-02	-4.2632E-02	-4.2637E-02	-4.2642E-02	-4.2641E-02
-8.5109E-02	-8.5100E-02	-8.5122E-02	-8.5140E-02	-8.5137E-02
-1.2722E-01	-1.2720E-01	-1.2725E-01	-1.2729E-01	-1.2728E-01
-1.6876E-01	-1.6872E-01	-1.6881E-01	-1.6888E-01	-1.6887E-01
-2.0953E-01	-2.0947E-01	-2.0961E-01	-2.0972E-01	-2.0970E-01
-2.4934E-01	-2.4925E-01	-2.4945E-01	-2.4961E-01	-2.4958E-01
-2.8798E-01	-2.8786E-01	-2.8814E-01	-2.8836E-01	-2.8831E-01
-3.2528E-01	-3.2513E-01	-3.2549E-01	-3.2577E-01	-3.2572E-01
-3.6105E-01	-3.6086E-01	-3.6132E-01	-3.6168E-01	-3.6161E-01
-3.9513E-01	-3.9490E-01	-3.9546E-01	-3.9592E-01	-3.9583E-01
-4.2736E-01	-4.2707E-01	-4.2776E-01	-4.2831E-01	-4.2820E-01
-4.5757E-01	-4.5723E-01	-4.5805E-01	-4.5871E-01	-4.5858E-01
-4.8563E-01	-4.8523E-01	-4.8620E-01	-4.8698E-01	-4.8683E-01
-5.1141E-01	-5.1094E-01	-5.1207E-01	-5.1298E-01	-5.1280E-01
-5.3479E-01	-5.3424E-01	-5.3555E-01	-5.3660E-01	-5.3640E-01
-5.5566E-01	-5.5503E-01	-5.5653E-01	-5.5774E-01	-5.5751E-01
-5.7392E-01	-5.7320E-01	-5.7492E-01	-5.7629E-01	-5.7603E-01
-5.8951E-01	-5.8869E-01	-5.9064E-01	-5.9219E-01	-5.9189E-01
-6.0234E-01	-6.0142E-01	-6.0361E-01	-6.0536E-01	-6.0503E-01
-6.1238E-01	-6.1135E-01	-6.1380E-01	-6.1577E-01	-6.1539E-01
-6.1958E-01	-6.1843E-01	-6.2117E-01	-6.2336E-01	-6.2294E-01
-6.2392E-01	-6.2264E-01	-6.2570E-01	-6.2814E-01	-6.2767E-01
-6.2541E-01	-6.2399E-01	-6.2738E-01	-6.3009E-01	-6.2957E-01
-6.2405E-01	-6.2248E-01	-6.2623E-01	-6.2924E-01	-6.2865E-01
-6.1987E-01	-6.1813E-01	-6.2229E-01	-6.2561E-01	-6.2497E-01
-6.1293E-01	-6.1101E-01	-6.1560E-01	-6.1927E-01	-6.1856E-01
-6.0328E-01	-6.0116E-01	-6.0623E-01	-6.1028E-01	-6.0950E-01
-5.9102E-01	-5.8867E-01	-5.9427E-01	-5.9874E-01	-5.9788E-01
-5.7625E-01	-5.7366E-01	-5.7984E-01	-5.8478E-01	-5.8382E-01
-5.5910E-01	-5.5624E-01	-5.6307E-01	-5.6852E-01	-5.6747E-01
-5.3973E-01	-5.3656E-01	-5.4412E-01	-5.5016E-01	-5.4900E-01
-5.1832E-01	-5.1481E-01	-5.2320E-01	-5.2990E-01	-5.2861E-01
-4.9511E-01	-4.9120E-01	-5.0054E-01	-5.0801E-01	-5.0657E-01
-4.7037E-01	-4.6600E-01	-4.7644E-01	-4.8480E-01	-4.8318E-01
-4.4445E-01	-4.3952E-01	-4.5128E-01	-4.6067E-01	-4.5886E-01
-4.1778E-01	-4.1220E-01	-4.2552E-01	-4.3617E-01	-4.3411E-01
-3.9097E-01	-3.8457E-01	-3.9983E-01	-4.1203E-01	-4.0968E-01
-3.6487E-01	-3.5744E-01	-3.7516E-01	-3.8932E-01	-3.8659E-01
-3.4080E-01	-3.3202E-01	-3.5297E-01	-3.6972E-01	-3.6648E-01
-3.2100E-01	-3.1035E-01	-3.3577E-01	-3.5610E-01	-3.5217E-01
-3.0977E-01	-2.9633E-01	-3.2841E-01	-3.5549E-01	-3.5041E-01
-3.1933E-01	-3.0627E-01	-3.4795E-01	-3.4597E-01	-3.4529E-01
-3.7130E-01	-3.3206E-01	-3.2309E-01	-1.0827E-01	-9.5210E-02
-1.3400E-01	-5.2779E-02	8.8886E-02	2.1678E-01	2.8594E-01
2.4930E-01	4.1740E-01	5.1330E-01	5.7730E-01	6.6000E-01
4.5860E-01	7.3260E-01	8.6660E-01	8.9340E-01	9.2590E-01
8.3300E-01	1.0862E+00	1.1310E+00	1.1328E+00	1.1260E+00
1.2277E+00	1.2491E+00	1.2848E+00	1.2931E+00	1.3092E+00
1.3047E+00	1.3999E+00	1.3424E+00	1.3296E+00	1.3104E+00
1.4671E+00	1.4210E+00	1.1545E+00	1.1278E+00	1.0994E+00
1.2758E+00	1.2261E+00	1.0152E+00	9.9741E-01	9.7794E-01
1.1635E+00	1.1124E+00	9.3520E-01	9.2014E-01	9.0369E-01
1.0789E+00	1.0349E+00	8.8226E-01	8.6929E-01	8.5511E-01
1.0184E+00	9.8005E-01	8.4675E-01	8.3542E-01	8.2305E-01
9.7424E-01	9.4039E-01	8.2281E-01	8.1283E-01	8.0191E-01
9.4129E-01	9.1120E-01	8.0669E-01	7.9782E-01	7.8811E-01
9.1617E-01	8.8926E-01	7.9582E-01	7.8788E-01	7.7920E-01
8.9648E-01	8.7231E-01	7.8839E-01	7.8126E-01	7.7347E-01
8.8049E-01	8.5871E-01	7.8309E-01	7.7667E-01	7.6964E-01
8.6691E-01	8.4724E-01	7.7893E-01	7.7312E-01	7.6678E-01
8.5474E-01	8.3695E-01	7.7514E-01	7.6989E-01	7.6415E-01
8.4324E-01	8.2712E-01	7.7115E-01	7.6639E-01	7.6119E-01
8.3178E-01	8.1718E-01	7.6647E-01	7.6216E-01	7.5745E-01
8.1990E-01	8.0668E-01	7.6074E-01	7.5684E-01	7.5258E-01
8.0721E-01	7.9524E-01	7.5367E-01	7.5013E-01	7.4627E-01
7.9341E-01	7.8259E-01	7.4501E-01	7.4181E-01	7.3832E-01
7.7827E-01	7.6850E-01	7.3458E-01	7.3169E-01	7.2854E-01
7.6158E-01	7.5278E-01	7.2223E-01	7.1964E-01	7.1680E-01
7.4321E-01	7.3531E-01	7.0787E-01	7.0554E-01	7.0300E-01
7.2306E-01	7.1598E-01	6.9142E-01	6.8934E-01	6.8705E-01
7.0105E-01	6.9474E-01	6.7283E-01	6.7097E-01	6.6894E-01
6.7714E-01	6.7154E-01	6.5209E-01	6.5044E-01	6.4863E-01
6.5132E-01	6.4638E-01	6.2920E-01	6.2774E-01	6.2615E-01
6.2361E-01	6.1926E-01	6.0419E-01	6.0291E-01	6.0150E-01
5.9403E-01	5.9024E-01	5.7710E-01	5.7598E-01	5.7476E-01
5.6264E-01	5.5936E-01	5.4800E-01	5.4703E-01	5.4597E-01
5.2951E-01	5.2670E-01	5.1697E-01	5.1614E-01	5.1524E-01
4.9473E-01	4.9236E-01	4.8411E-01	4.8341E-01	4.8264E-01
4.5842E-01	4.5643E-01	4.4954E-01	4.4895E-01	4.4831E-01
4.2068E-01	4.1905E-01	4.1338E-01	4.1290E-01	4.1237E-01
3.8166E-01	3.8034E-01	3.7577E-01	3.7538E-01	3.7495E-01
3.4150E-01	3.4046E-01	3.3686E-01	3.3655E-01	3.3622E-01
3.0036E-01	2.9957E-01	2.9682E-01	2.9658E-01	2.9633E-01
2.5840E-01	2.5782E-01	2.5581E-01	2.5564E-01	2.5545E-01
2.1582E-01	2.1541E-01	2.1402E-01	2.1390E-01	2.1377E-01
1.7277E-01	1.7252E-01	1.7163E-01	1.7155E-01	1.7147E-01
1.2947E-01	1.2933E-01	1.2883E-01	1.2879E-01	1.2874E-01
8.6110E-02	8.6046E-02	8.5824E-02	8.5805E-02	8.5785E-02
4.2884E-02	4.2868E-02	4.2813E-02	4.2808E-02	4.2803E-02
0.0000E+00	0.0000E+00	0.0000E+00	0.0000E+00	0.0000E+00
!M	CDTAB
!U	nd
1.2217E+00	1.2217E+00	1.2217E+00	1.2217E+00	1.2217E+00
1.2230E+00	1.2227E+00	1.2228E+00	1.2231E+00	1.2228E+00
1.2213E+00	1.2207E+00	1.2210E+00	1.2216E+00	1.2210E+00
1.2167E+00	1.2157E+00	1.2163E+00	1.2171E+00	1.2162E+00
1.2091E+00	1.2079E+00	1.2086E+00	1.2097E+00	1.2086E+00
1.1987E+00	1.1972E+00	1.1981E+00	1.1994E+00	1.1980E+00
1.1855E+00	1.1836E+00	1.1847E+00	1.1863E+00	1.1846E+00
1.1695E+00	1.1673E+00	1.1686E+00	1.1704E+00	1.1685E+00
1.1509E+00	1.1484E+00	1.1499E+00	1.1519E+00	1.1497E+00
1.1297E+00	1.1269E+00	1.1286E+00	1.1309E+00	1.1284E+00
1.1061E+00	1.1030E+00	1.1049E+00	1.1074E+00	1.1047E+00
1.0801E+00	1.0768E+00	1.0788E+00	1.0816E+00	1.0786E+00
1.0520E+00	1.0484E+00	1.0506E+00	1.0536E+00	1.0504E+00
1.0219E+00	1.0180E+00	1.0204E+00	1.0236E+00	1.0201E+00
9.8989E-01	9.8573E-01	9.8826E-01	9.9173E-01	9.8800E-01
9.5617E-01	9.5174E-01	9.5444E-01	9.5813E-01	9.5416E-01
9.2092E-01	9.1622E-01	9.1908E-01	9.2300E-01	9.1878E-01
8.8431E-01	8.7935E-01	8.8236E-01	8.8650E-01	8.8205E-01
8.4652E-01	8.4131E-01	8.4449E-01	8.4883E-01	8.4415E-01
8.0777E-01	8.0231E-01	8.0563E-01	8.1018E-01	8.0528E-01
7.6823E-01	7.6253E-01	7.6600E-01	7.7075E-01	7.6564E-01
7.2811E-01	7.2218E-01	7.2579E-01	7.3074E-01	7.2541E-01
6.8762E-01	6.8146E-01	6.8521E-01	6.9034E-01	6.8482E-01
6.4695E-01	6.4058E-01	6.4446E-01	6.4977E-01	6.4405E-01
6.0632E-01	5.9974E-01	6.0374E-01	6.0924E-01	6.0333E-01
5.6593E-01	5.5914E-01	5.6327E-01	5.6893E-01	5.6284E-01
5.2598E-01	5.1900E-01	5.2325E-01	5.2907E-01	5.2280E-01
4.8668E-01	4.7950E-01	4.8387E-01	4.8985E-01	4.8341E-01
4.4821E-01	4.4086E-01	4.4533E-01	4.5146E-01	4.4487E-01
4.1078E-01	4.0326E-01	4.0784E-01	4.1410E-01	4.0736E-01
3.7457E-01	3.6689E-01	3.7156E-01	3.7796E-01	3.7108E-01
3.3976E-01	3.3194E-01	3.3670E-01	3.4322E-01	3.3620E-01
3.0654E-01	2.9857E-01	3.0342E-01	3.1006E-01	3.0291E-01
2.7505E-01	2.6695E-01	2.7188E-01	2.7863E-01	2.7137E-01
2.4547E-01	2.3725E-01	2.4225E-01	2.4911E-01	2.4173E-01
2.1794E-01	2.0961E-01	2.1468E-01	2.2163E-01	2.1415E-01
1.9260E-01	1.8417E-01	1.8930E-01	1.9633E-01	1.8877E-01
1.6957E-01	1.6105E-01	1.6624E-01	1.7334E-01	1.6570E-01
1.4898E-01	1.4038E-01	1.4561E-01	1.5278E-01	1.4506E-01
1.3091E-01	1.2224E-01	1.2752E-01	1.3475E-01	1.2697E-01
1.1547E-01	1.0675E-01	1.1206E-01	1.1933E-01	1.1150E-01
1.0274E-01	9.3958E-02	9.9300E-02	1.0658E-01	1.0073E-01
9.3422E-02	8.5183E-02	8.9246E-02	8.9870E-02	8.7369E-02
8.5600E-02	7.5606E-02	7.6088E-02	5.9184E-02	5.3493E-02
5.7960E-02	4.8935E-02	3.9831E-02	3.1550E-02	2.7496E-02
3.3050E-02	2.5440E-02	2.0890E-02	1.6820E-02	1.2460E-02
3.4530E-02	2.2000E-02	1.3760E-02	1.0450E-02	8.9200E-03
3.8640E-02	1.6475E-02	1.2930E-02	1.2100E-02	1.1760E-02
2.6590E-02	2.0260E-02	2.0520E-02	1.9866E-02	1.8927E-02
3.8923E-02	3.7430E-02	3.1430E-02	2.8862E-02	2.7274E-02
6.8580E-02	7.1519E-02	4.3589E-02	4.2010E-02	4.1178E-02
8.8863E-02	8.8781E-02	6.0482E-02	5.8569E-02	5.7433E-02
1.0277E-01	1.0729E-01	7.9110E-02	7.7213E-02	7.6086E-02
1.2380E-01	1.2827E-01	1.0036E-01	9.8477E-02	9.7361E-02
1.4731E-01	1.5174E-01	1.2412E-01	1.2226E-01	1.2115E-01
1.7320E-01	1.7757E-01	1.5028E-01	1.4844E-01	1.4735E-01
2.0132E-01	2.0564E-01	1.7871E-01	1.7690E-01	1.7582E-01
2.3155E-01	2.3580E-01	2.0927E-01	2.0749E-01	2.0642E-01
2.6374E-01	2.6792E-01	2.4182E-01	2.4006E-01	2.3902E-01
2.9772E-01	3.0183E-01	2.7619E-01	2.7446E-01	2.7343E-01
3.3333E-01	3.3736E-01	3.1221E-01	3.1051E-01	3.0951E-01
3.7039E-01	3.7434E-01	3.4971E-01	3.4805E-01	3.4707E-01
4.0873E-01	4.1259E-01	3.8851E-01	3.8689E-01	3.8593E-01
4.4815E-01	4.5191E-01	4.2842E-01	4.2684E-01	4.2590E-01
4.8846E-01	4.9212E-01	4.6924E-01	4.6770E-01	4.6678E-01
5.2945E-01	5.3302E-01	5.1077E-01	5.0927E-01	5.0838E-01
5.7094E-01	5.7439E-01	5.5281E-01	5.5136E-01	5.5050E-01
6.1270E-01	6.1605E-01	5.9516E-01	5.9375E-01	5.9291E-01
6.5454E-01	6.5777E-01	6.3760E-01	6.3624E-01	6.3543E-01
6.9625E-01	6.9936E-01	6.7993E-01	6.7862E-01	6.7784E-01
7.3762E-01	7.4061E-01	7.2194E-01	7.2069E-01	7.1994E-01
7.7845E-01	7.8131E-01	7.6343E-01	7.6223E-01	7.6152E-01
8.1854E-01	8.2127E-01	8.0420E-01	8.0305E-01	8.0237E-01
8.5768E-01	8.6028E-01	8.4404E-01	8.4295E-01	8.4230E-01
8.9568E-01	8.9815E-01	8.8276E-01	8.8172E-01	8.8111E-01
9.3236E-01	9.3469E-01	9.2017E-01	9.1919E-01	9.1861E-01
9.6754E-01	9.6972E-01	9.5609E-01	9.5517E-01	9.5462E-01
1.0010E+00	1.0031E+00	9.9034E-01	9.8948E-01	9.8897E-01
1.0327E+00	1.0346E+00	1.0227E+00	1.0220E+00	1.0215E+00
1.0623E+00	1.0640E+00	1.0532E+00	1.0524E+00	1.0520E+00
1.0898E+00	1.0914E+00	1.0814E+00	1.0808E+00	1.0804E+00
1.1150E+00	1.1164E+00	1.1074E+00	1.1068E+00	1.1065E+00
1.1377E+00	1.1390E+00	1.1310E+00	1.1305E+00	1.1301E+00
1.1580E+00	1.1591E+00	1.1521E+00	1.1516E+00	1.1513E+00
1.1756E+00	1.1765E+00	1.1705E+00	1.1701E+00	1.1698E+00
1.1904E+00	1.1912E+00	1.1862E+00	1.1858E+00	1.1856E+00
1.2025E+00	1.2031E+00	1.1991E+00	1.1988E+00	1.1987E+00
1.2117E+00	1.2122E+00	1.2091E+00	1.2089E+00	1.2088E+00
1.2180E+00	1.2183E+00	1.2163E+00	1.2161E+00	1.2160E+00
1.2213E+00	1.2215E+00	1.2205E+00	1.2204E+00	1.2203E+00
1.2217E+00	1.2217E+00	1.2217E+00	1.2217E+00	1.2217E+00
!M	CMTAB
!U	nd
3.0542E-01	3.0542E-01	3.0542E-01	3.0542E-01	3.0542E-01
3.0493E-01	3.0489E-01	3.0489E-01	3.0487E-01	3.0486E-01
3.0350E-01	3.0335E-01	3.0333E-01	3.0327E-01	3.0323E-01
3.0116E-01	3.0084E-01	3.0080E-01	3.0067E-01	3.0059E-01
2.9798E-01	2.9742E-01	2.9735E-01	2.9712E-01	2.9697E-01
2.9398E-01	2.9312E-01	2.9302E-01	2.9268E-01	2.9245E-01
2.8923E-01	2.8801E-01	2.8788E-01	2.8739E-01	2.8707E-01
2.8376E-01	2.8213E-01	2.8196E-01	2.8132E-01	2.8089E-01
2.7763E-01	2.7554E-01	2.7531E-01	2.7451E-01	2.7396E-01
2.7087E-01	2.6827E-01	2.6800E-01	2.6702E-01	2.6633E-01
2.6353E-01	2.6039E-01	2.6007E-01	2.5890E-01	2.5807E-01
2.5567E-01	2.5194E-01	2.5157E-01	2.5022E-01	2.4922E-01
2.4732E-01	2.4296E-01	2.4255E-01	2.4100E-01	2.3983E-01
2.3853E-01	2.3352E-01	2.3306E-01	2.3133E-01	2.2997E-01
2.2935E-01	2.2366E-01	2.2315E-01	2.2123E-01	2.1969E-01
2.1982E-01	2.1343E-01	2.1288E-01	2.1078E-01	2.0904E-01
2.1000E-01	2.0288E-01	2.0229E-01	2.0002E-01	1.9807E-01
1.9992E-01	1.9206E-01	1.9143E-01	1.8901E-01	1.8684E-01
1.8963E-01	1.8101E-01	1.8036E-01	1.7779E-01	1.7541E-01
1.7918E-01	1.6980E-01	1.6913E-01	1.6643E-01	1.6382E-01
1.6862E-01	1.5846E-01	1.5778E-01	1.5498E-01	1.5214E-01
1.5799E-01	1.4706E-01	1.4636E-01	1.4348E-01	1.4041E-01
1.4733E-01	1.3563E-01	1.3494E-01	1.3200E-01	1.2869E-01
1.3670E-01	1.2423E-01	1.2355E-01	1.2059E-01	1.1704E-01
1.2613E-01	1.1291E-01	1.1225E-01	1.0930E-01	1.0550E-01
1.1569E-01	1.0171E-01	1.0110E-01	9.8174E-02	9.4135E-02
1.0540E-01	9.0695E-02	9.0125E-02	8.7281E-02	8.2999E-02
9.5320E-02	7.9904E-02	7.9396E-02	7.6668E-02	7.2143E-02
8.5495E-02	6.9390E-02	6.8958E-02	6.6389E-02	6.1623E-02
7.5969E-02	5.9202E-02	5.8862E-02	5.6497E-02	5.1493E-02
6.6789E-02	4.9391E-02	4.9158E-02	4.7045E-02	4.1805E-02
5.8001E-02	4.0005E-02	3.9897E-02	3.8088E-02	3.2616E-02
4.9651E-02	3.1095E-02	3.1129E-02	2.9678E-02	2.3979E-02
4.1785E-02	2.2711E-02	2.2906E-02	2.1869E-02	1.5947E-02
3.4449E-02	1.4902E-02	1.5277E-02	1.4714E-02	8.5760E-03
2.7690E-02	7.7170E-03	8.2940E-03	8.2670E-03	1.9200E-03
2.1553E-02	1.2080E-03	2.0060E-03	2.5810E-03	-3.9680E-03
1.6085E-02	-4.5780E-03	-3.5340E-03	-2.2900E-03	-9.0330E-03
1.1332E-02	-9.5890E-03	-8.2780E-03	-6.2940E-03	-1.3222E-02
7.3390E-03	-1.3776E-02	-1.2173E-02	-9.3760E-03	-1.6478E-02
4.1540E-03	-1.7090E-02	-1.5170E-02	-1.1483E-02	-1.8750E-02
1.8210E-03	-1.9480E-02	-1.7218E-02	-1.2832E-02	-1.9389E-02
-4.5300E-04	-1.9832E-02	-1.7696E-02	-2.0478E-02	-2.4233E-02
-1.0000E-04	-2.2537E-02	-2.9881E-02	-7.3211E-02	-8.4075E-02
-4.7754E-02	-7.2023E-02	-9.9957E-02	-1.2334E-01	-1.3431E-01
-1.0350E-01	-1.3020E-01	-1.4400E-01	-1.5350E-01	-1.6230E-01
-1.1040E-01	-1.4680E-01	-1.6180E-01	-1.6880E-01	-1.7640E-01
-1.4190E-01	-1.6570E-01	-1.7190E-01	-1.7170E-01	-1.7040E-01
-1.5040E-01	-1.5080E-01	-1.4880E-01	-1.4997E-01	-1.5177E-01
-1.1511E-01	-1.2490E-01	-1.2760E-01	-1.3310E-01	-1.3811E-01
-9.9000E-02	-1.1913E-01	-1.2789E-01	-1.3346E-01	-1.3854E-01
-1.0058E-01	-1.1973E-01	-1.2883E-01	-1.3443E-01	-1.3954E-01
-1.0050E-01	-1.2096E-01	-1.3032E-01	-1.3593E-01	-1.4105E-01
-1.0231E-01	-1.2279E-01	-1.3235E-01	-1.3795E-01	-1.4306E-01
-1.0478E-01	-1.2519E-01	-1.3489E-01	-1.4046E-01	-1.4554E-01
-1.0787E-01	-1.2813E-01	-1.3791E-01	-1.4343E-01	-1.4846E-01
-1.1154E-01	-1.3157E-01	-1.4138E-01	-1.4683E-01	-1.5179E-01
-1.1575E-01	-1.3548E-01	-1.4527E-01	-1.5062E-01	-1.5550E-01
-1.2047E-01	-1.3982E-01	-1.4954E-01	-1.5479E-01	-1.5957E-01
-1.2565E-01	-1.4457E-01	-1.5417E-01	-1.5929E-01	-1.6396E-01
-1.3125E-01	-1.4969E-01	-1.5913E-01	-1.6411E-01	-1.6865E-01
-1.3725E-01	-1.5513E-01	-1.6438E-01	-1.6920E-01	-1.7360E-01
-1.4359E-01	-1.6088E-01	-1.6989E-01	-1.7455E-01	-1.7880E-01
-1.5024E-01	-1.6689E-01	-1.7564E-01	-1.8012E-01	-1.8421E-01
-1.5716E-01	-1.7314E-01	-1.8159E-01	-1.8588E-01	-1.8980E-01
-1.6431E-01	-1.7958E-01	-1.8770E-01	-1.9180E-01	-1.9554E-01
-1.7166E-01	-1.8618E-01	-1.9396E-01	-1.9785E-01	-2.0141E-01
-1.7916E-01	-1.9292E-01	-2.0033E-01	-2.0401E-01	-2.0737E-01
-1.8678E-01	-1.9975E-01	-2.0677E-01	-2.1024E-01	-2.1341E-01
-1.9447E-01	-2.0664E-01	-2.1326E-01	-2.1651E-01	-2.1948E-01
-2.0221E-01	-2.1356E-01	-2.1976E-01	-2.2279E-01	-2.2556E-01
-2.0994E-01	-2.2047E-01	-2.2625E-01	-2.2906E-01	-2.3162E-01
-2.1764E-01	-2.2734E-01	-2.3269E-01	-2.3528E-01	-2.3764E-01
-2.2526E-01	-2.3414E-01	-2.3906E-01	-2.4143E-01	-2.4359E-01
-2.3276E-01	-2.4083E-01	-2.4531E-01	-2.4746E-01	-2.4943E-01
-2.4011E-01	-2.4738E-01	-2.5143E-01	-2.5337E-01	-2.5513E-01
-2.4726E-01	-2.5375E-01	-2.5738E-01	-2.5910E-01	-2.6068E-01
-2.5418E-01	-2.5991E-01	-2.6312E-01	-2.6465E-01	-2.6604E-01
-2.6083E-01	-2.6582E-01	-2.6864E-01	-2.6996E-01	-2.7117E-01
-2.6717E-01	-2.7146E-01	-2.7389E-01	-2.7503E-01	-2.7607E-01
-2.7316E-01	-2.7679E-01	-2.7884E-01	-2.7981E-01	-2.8068E-01
-2.7877E-01	-2.8177E-01	-2.8347E-01	-2.8427E-01	-2.8500E-01
-2.8395E-01	-2.8637E-01	-2.8775E-01	-2.8839E-01	-2.8898E-01
-2.8866E-01	-2.9056E-01	-2.9164E-01	-2.9214E-01	-2.9260E-01
-2.9288E-01	-2.9429E-01	-2.9511E-01	-2.9548E-01	-2.9583E-01
-2.9655E-01	-2.9755E-01	-2.9813E-01	-2.9839E-01	-2.9864E-01
-2.9964E-01	-3.0029E-01	-3.0067E-01	-3.0084E-01	-3.0100E-01
-3.0211E-01	-3.0248E-01	-3.0270E-01	-3.0280E-01	-3.0289E-01
-3.0392E-01	-3.0409E-01	-3.0419E-01	-3.0423E-01	-3.0427E-01
-3.0504E-01	-3.0508E-01	-3.0510E-01	-3.0512E-01	-3.0513E-01
-3.0542E-01	-3.0542E-01	-3.0542E-01	-3.0542E-01	-3.0542E-01
