!T	AOACL
!U	deg
-90	
-88	
-86	
-84	
-82	
-80	
-78	
-76	
-74	
-72	
-70	
-68	
-66	
-64	
-62	
-60	
-58	
-56	
-54	
-52	
-50	
-48	
-46	
-44	
-42	
-40	
-38	
-36	
-34	
-32	
-30	
-28	
-26	
-24	
-22	
-20	
-18	
-16	
-14	
-12	
-10	
-8	
-6	
-4	
-2	
0	
2	
4	
6	
8	
10	
12	
14	
16	
18	
20	
22	
24	
26	
28	
30	
32	
34	
36	
38	
40	
42	
44	
46	
48	
50	
52	
54	
56	
58	
60	
62	
64	
66	
68	
70	
72	
74	
76	
78	
80	
82	
84	
86	
88	
90	
!T	AOACD
!U	deg
-90	
-88	
-86	
-84	
-82	
-80	
-78	
-76	
-74	
-72	
-70	
-68	
-66	
-64	
-62	
-60	
-58	
-56	
-54	
-52	
-50	
-48	
-46	
-44	
-42	
-40	
-38	
-36	
-34	
-32	
-30	
-28	
-26	
-24	
-22	
-20	
-18	
-16	
-14	
-12	
-10	
-8	
-6	
-4	
-2	
0	
2	
4	
6	
8	
10	
12	
14	
16	
18	
20	
22	
24	
26	
28	
30	
32	
34	
36	
38	
40	
42	
44	
46	
48	
50	
52	
54	
56	
58	
60	
62	
64	
66	
68	
70	
72	
74	
76	
78	
80	
82	
84	
86	
88	
90	
!T	AOACM
!U	deg
-90	
-88	
-86	
-84	
-82	
-80	
-78	
-76	
-74	
-72	
-70	
-68	
-66	
-64	
-62	
-60	
-58	
-56	
-54	
-52	
-50	
-48	
-46	
-44	
-42	
-40	
-38	
-36	
-34	
-32	
-30	
-28	
-26	
-24	
-22	
-20	
-18	
-16	
-14	
-12	
-10	
-8	
-6	
-4	
-2	
0	
2	
4	
6	
8	
10	
12	
14	
16	
18	
20	
22	
24	
26	
28	
30	
32	
34	
36	
38	
40	
42	
44	
46	
48	
50	
52	
54	
56	
58	
60	
62	
64	
66	
68	
70	
72	
74	
76	
78	
80	
82	
84	
86	
88	
90	
!T	RECL
!U	nd
50000	
100000	
150000	
200000	
250000	
!T	RECD
!U	nd
50000	
100000	
150000	
200000	
250000	
!T	RECM
!U	nd
50000	
100000	
150000	
200000	
250000	
!M	CLTAB
!U	nd
-0.0000E+00	-0.0000E+00	-0.0000E+00	-0.0000E+00	-0.0000E+00
-4.3720E-02	-4.3712E-02	-4.3720E-02	-4.3730E-02	-4.3727E-02
-8.7298E-02	-8.7265E-02	-8.7298E-02	-8.7338E-02	-8.7326E-02
-1.3052E-01	-1.3045E-01	-1.3052E-01	-1.3061E-01	-1.3059E-01
-1.7318E-01	-1.7305E-01	-1.7318E-01	-1.7334E-01	-1.7330E-01
-2.1507E-01	-2.1487E-01	-2.1507E-01	-2.1532E-01	-2.1525E-01
-2.5599E-01	-2.5569E-01	-2.5599E-01	-2.5635E-01	-2.5625E-01
-2.9575E-01	-2.9534E-01	-2.9574E-01	-2.9624E-01	-2.9610E-01
-3.3414E-01	-3.3361E-01	-3.3414E-01	-3.3479E-01	-3.3460E-01
-3.7100E-01	-3.7032E-01	-3.7100E-01	-3.7182E-01	-3.7158E-01
-4.0614E-01	-4.0530E-01	-4.0614E-01	-4.0716E-01	-4.0686E-01
-4.3940E-01	-4.3837E-01	-4.3939E-01	-4.4064E-01	-4.4028E-01
-4.7062E-01	-4.6939E-01	-4.7062E-01	-4.7210E-01	-4.7167E-01
-4.9966E-01	-4.9821E-01	-4.9966E-01	-5.0141E-01	-5.0090E-01
-5.2639E-01	-5.2470E-01	-5.2638E-01	-5.2843E-01	-5.2784E-01
-5.5068E-01	-5.4873E-01	-5.5067E-01	-5.5304E-01	-5.5236E-01
-5.7242E-01	-5.7018E-01	-5.7242E-01	-5.7514E-01	-5.7435E-01
-5.9153E-01	-5.8898E-01	-5.9153E-01	-5.9462E-01	-5.9372E-01
-6.0792E-01	-6.0503E-01	-6.0791E-01	-6.1142E-01	-6.1040E-01
-6.2153E-01	-6.1827E-01	-6.2152E-01	-6.2547E-01	-6.2432E-01
-6.3230E-01	-6.2865E-01	-6.3229E-01	-6.3672E-01	-6.3543E-01
-6.4020E-01	-6.3613E-01	-6.4019E-01	-6.4514E-01	-6.4371E-01
-6.4522E-01	-6.4069E-01	-6.4521E-01	-6.5072E-01	-6.4913E-01
-6.4736E-01	-6.4233E-01	-6.4735E-01	-6.5346E-01	-6.5169E-01
-6.4663E-01	-6.4105E-01	-6.4662E-01	-6.5340E-01	-6.5143E-01
-6.4308E-01	-6.3691E-01	-6.4307E-01	-6.5056E-01	-6.4839E-01
-6.3675E-01	-6.2993E-01	-6.3674E-01	-6.4501E-01	-6.4262E-01
-6.2773E-01	-6.2020E-01	-6.2771E-01	-6.3685E-01	-6.3421E-01
-6.1611E-01	-6.0780E-01	-6.1610E-01	-6.2618E-01	-6.2326E-01
-6.0203E-01	-5.9285E-01	-6.0201E-01	-6.1315E-01	-6.0992E-01
-5.8563E-01	-5.7549E-01	-5.8561E-01	-5.9792E-01	-5.9436E-01
-5.6710E-01	-5.5587E-01	-5.6708E-01	-5.8071E-01	-5.7676E-01
-5.4667E-01	-5.3421E-01	-5.4664E-01	-5.6176E-01	-5.5739E-01
-5.2460E-01	-5.1073E-01	-5.2458E-01	-5.4141E-01	-5.3654E-01
-5.0125E-01	-4.8573E-01	-5.0122E-01	-5.2005E-01	-5.1460E-01
-4.7705E-01	-4.5959E-01	-4.7701E-01	-4.9820E-01	-4.9206E-01
-4.5256E-01	-4.3277E-01	-4.5252E-01	-4.7654E-01	-4.6959E-01
-4.2860E-01	-4.0593E-01	-4.2855E-01	-4.5606E-01	-4.4810E-01
-4.0631E-01	-3.7999E-01	-4.0625E-01	-4.3819E-01	-4.2894E-01
-3.8751E-01	-3.5639E-01	-3.8745E-01	-4.2521E-01	-4.1428E-01
-3.7536E-01	-3.3759E-01	-3.7528E-01	-4.2089E-01	-4.0666E-01
-3.7520E-01	-3.2847E-01	-3.7719E-01	-4.3181E-01	-4.1626E-01
-4.0583E-01	-3.4170E-01	-3.7996E-01	-3.0261E-01	-2.3136E-01
-3.4802E-01	-2.0369E-01	-3.7456E-02	5.0400E-02	7.9800E-02
-5.3300E-02	1.7230E-01	2.7750E-01	3.2130E-01	3.4030E-01
2.0050E-01	4.5870E-01	5.3230E-01	5.4980E-01	5.4870E-01
4.9190E-01	7.2950E-01	7.6440E-01	7.6900E-01	7.6880E-01
7.2310E-01	9.6050E-01	9.5860E-01	9.6580E-01	9.6430E-01
9.2080E-01	1.1559E+00	1.1537E+00	1.1493E+00	1.1457E+00
1.2178E+00	1.2513E+00	1.2457E+00	1.2519E+00	1.2596E+00
1.1671E+00	1.2636E+00	1.3153E+00	1.3265E+00	1.3375E+00
1.2837E+00	1.2672E+00	1.2383E+00	1.3165E+00	1.2071E+00
1.1797E+00	1.1493E+00	1.1096E+00	1.1910E+00	1.0865E+00
1.1128E+00	1.0637E+00	1.0345E+00	1.0993E+00	1.0145E+00
1.0499E+00	1.0071E+00	9.8156E-01	1.0381E+00	9.6417E-01
1.0040E+00	9.6618E-01	9.4364E-01	9.9355E-01	9.2831E-01
9.6960E-01	9.3602E-01	9.1599E-01	9.6035E-01	9.0236E-01
9.4336E-01	9.1334E-01	8.9543E-01	9.3509E-01	8.8324E-01
9.2276E-01	8.9580E-01	8.7971E-01	9.1533E-01	8.6876E-01
9.0601E-01	8.8171E-01	8.6721E-01	8.9931E-01	8.5735E-01
8.9176E-01	8.6982E-01	8.5672E-01	8.8572E-01	8.4781E-01
8.7901E-01	8.5915E-01	8.4731E-01	8.7354E-01	8.3924E-01
8.6696E-01	8.4898E-01	8.3825E-01	8.6201E-01	8.3094E-01
8.5498E-01	8.3869E-01	8.2897E-01	8.5050E-01	8.2236E-01
8.4259E-01	8.2784E-01	8.1903E-01	8.3853E-01	8.1304E-01
8.2940E-01	8.1604E-01	8.0807E-01	8.2572E-01	8.0265E-01
8.1508E-01	8.0300E-01	7.9580E-01	8.1175E-01	7.9089E-01
7.9939E-01	7.8849E-01	7.8199E-01	7.9638E-01	7.7756E-01
7.8213E-01	7.7232E-01	7.6646E-01	7.7943E-01	7.6248E-01
7.6316E-01	7.5435E-01	7.4909E-01	7.6074E-01	7.4551E-01
7.4238E-01	7.3448E-01	7.2977E-01	7.4020E-01	7.2657E-01
7.1969E-01	7.1266E-01	7.0846E-01	7.1776E-01	7.0560E-01
6.9508E-01	6.8883E-01	6.8510E-01	6.9336E-01	6.8256E-01
6.6851E-01	6.6299E-01	6.5970E-01	6.6699E-01	6.5746E-01
6.4000E-01	6.3516E-01	6.3227E-01	6.3867E-01	6.3030E-01
6.0959E-01	6.0537E-01	6.0285E-01	6.0843E-01	6.0113E-01
5.7733E-01	5.7368E-01	5.7150E-01	5.7632E-01	5.7002E-01
5.4329E-01	5.4017E-01	5.3830E-01	5.4243E-01	5.3703E-01
5.0758E-01	5.0493E-01	5.0335E-01	5.0685E-01	5.0227E-01
4.7029E-01	4.6807E-01	4.6675E-01	4.6968E-01	4.6585E-01
4.3154E-01	4.2972E-01	4.2863E-01	4.3104E-01	4.2790E-01
3.9149E-01	3.9002E-01	3.8914E-01	3.9108E-01	3.8855E-01
3.5027E-01	3.4912E-01	3.4843E-01	3.4995E-01	3.4796E-01
3.0806E-01	3.0717E-01	3.0665E-01	3.0781E-01	3.0629E-01
2.6501E-01	2.6437E-01	2.6398E-01	2.6483E-01	2.6372E-01
2.2132E-01	2.2087E-01	2.2061E-01	2.2120E-01	2.2043E-01
1.7717E-01	1.7689E-01	1.7672E-01	1.7710E-01	1.7660E-01
1.3276E-01	1.3260E-01	1.3251E-01	1.3272E-01	1.3244E-01
8.8293E-02	8.8222E-02	8.8179E-02	8.8273E-02	8.8150E-02
4.3969E-02	4.3951E-02	4.3940E-02	4.3964E-02	4.3933E-02
0.0000E+00	0.0000E+00	0.0000E+00	0.0000E+00	0.0000E+00
!M	CDTAB
!U	nd
1.2525E+00	1.2525E+00	1.2525E+00	1.2525E+00	1.2525E+00
1.2536E+00	1.2535E+00	1.2524E+00	1.2511E+00	1.2518E+00
1.2517E+00	1.2514E+00	1.2493E+00	1.2467E+00	1.2481E+00
1.2467E+00	1.2464E+00	1.2432E+00	1.2392E+00	1.2414E+00
1.2387E+00	1.2383E+00	1.2341E+00	1.2288E+00	1.2317E+00
1.2278E+00	1.2273E+00	1.2220E+00	1.2154E+00	1.2191E+00
1.2140E+00	1.2134E+00	1.2071E+00	1.1992E+00	1.2036E+00
1.1974E+00	1.1967E+00	1.1893E+00	1.1801E+00	1.1852E+00
1.1781E+00	1.1773E+00	1.1689E+00	1.1584E+00	1.1642E+00
1.1562E+00	1.1552E+00	1.1458E+00	1.1341E+00	1.1406E+00
1.1318E+00	1.1307E+00	1.1203E+00	1.1073E+00	1.1145E+00
1.1050E+00	1.1038E+00	1.0924E+00	1.0782E+00	1.0861E+00
1.0760E+00	1.0747E+00	1.0623E+00	1.0469E+00	1.0555E+00
1.0449E+00	1.0435E+00	1.0302E+00	1.0135E+00	1.0228E+00
1.0119E+00	1.0104E+00	9.9610E-01	9.7828E-01	9.8819E-01
9.7710E-01	9.7554E-01	9.6031E-01	9.4133E-01	9.5189E-01
9.4076E-01	9.3911E-01	9.2296E-01	9.0285E-01	9.1404E-01
9.0304E-01	9.0129E-01	8.8426E-01	8.6303E-01	8.7484E-01
8.6412E-01	8.6229E-01	8.4438E-01	8.2207E-01	8.3448E-01
8.2420E-01	8.2229E-01	8.0353E-01	7.8016E-01	7.9316E-01
7.8349E-01	7.8149E-01	7.6191E-01	7.3751E-01	7.5109E-01
7.4220E-01	7.4011E-01	7.1972E-01	6.9433E-01	7.0846E-01
7.0052E-01	6.9835E-01	6.7719E-01	6.5082E-01	6.6549E-01
6.5867E-01	6.5643E-01	6.3451E-01	6.0721E-01	6.2240E-01
6.1686E-01	6.1454E-01	5.9190E-01	5.6370E-01	5.7939E-01
5.7530E-01	5.7291E-01	5.4957E-01	5.2050E-01	5.3668E-01
5.3420E-01	5.3175E-01	5.0774E-01	4.7783E-01	4.9447E-01
4.9377E-01	4.9125E-01	4.6660E-01	4.3589E-01	4.5298E-01
4.5420E-01	4.5162E-01	4.2636E-01	3.9490E-01	4.1240E-01
4.1570E-01	4.1306E-01	3.8722E-01	3.5504E-01	3.7295E-01
3.7847E-01	3.7577E-01	3.4938E-01	3.1651E-01	3.3480E-01
3.4267E-01	3.3992E-01	3.1302E-01	2.7951E-01	2.9816E-01
3.0851E-01	3.0571E-01	2.7832E-01	2.4421E-01	2.6319E-01
2.7614E-01	2.7329E-01	2.4546E-01	2.1078E-01	2.3007E-01
2.4572E-01	2.4283E-01	2.1458E-01	1.7939E-01	1.9897E-01
2.1741E-01	2.1449E-01	1.8586E-01	1.5019E-01	1.7004E-01
1.9136E-01	1.8840E-01	1.5942E-01	1.2333E-01	1.4341E-01
1.6769E-01	1.6469E-01	1.3541E-01	9.8922E-02	1.1922E-01
1.4651E-01	1.4349E-01	1.1393E-01	7.7101E-02	9.7593E-02
1.2795E-01	1.2490E-01	9.5095E-02	5.7970E-02	7.8627E-02
1.1207E-01	1.0901E-01	7.9000E-02	4.1942E-02	6.3645E-02
9.9095E-02	9.5940E-02	6.8796E-02	3.8278E-02	5.0515E-02
8.9993E-02	8.5943E-02	4.8678E-02	2.4062E-02	2.3282E-02
6.1600E-02	4.0206E-02	2.2519E-02	1.7440E-02	1.4930E-02
3.2880E-02	2.3190E-02	1.6510E-02	1.3010E-02	1.1120E-02
3.1900E-02	1.9110E-02	1.2520E-02	9.9200E-03	8.8200E-03
3.8820E-02	1.7760E-02	1.2480E-02	1.0520E-02	9.5000E-03
4.5100E-02	1.7910E-02	1.3620E-02	1.2100E-02	1.1240E-02
5.1290E-02	1.9450E-02	1.5840E-02	1.4450E-02	1.3810E-02
3.7565E-02	2.4320E-02	2.2700E-02	2.2220E-02	2.0674E-02
5.0550E-02	4.0436E-02	3.5344E-02	3.3599E-02	3.0916E-02
6.7332E-02	5.8235E-02	5.0381E-02	4.9660E-02	4.5755E-02
9.2386E-02	7.7402E-02	7.1771E-02	6.8895E-02	6.6600E-02
1.0762E-01	1.0013E-01	9.3641E-02	9.1703E-02	8.8518E-02
1.3193E-01	1.2452E-01	1.1810E-01	1.1618E-01	1.1303E-01
1.5870E-01	1.5137E-01	1.4503E-01	1.4314E-01	1.4002E-01
1.8778E-01	1.8055E-01	1.7430E-01	1.7243E-01	1.6936E-01
2.1905E-01	2.1193E-01	2.0576E-01	2.0392E-01	2.0089E-01
2.5234E-01	2.4534E-01	2.3927E-01	2.3746E-01	2.3448E-01
2.8750E-01	2.8062E-01	2.7466E-01	2.7288E-01	2.6995E-01
3.2435E-01	3.1760E-01	3.1176E-01	3.1001E-01	3.0714E-01
3.6271E-01	3.5610E-01	3.5038E-01	3.4867E-01	3.4586E-01
4.0240E-01	3.9593E-01	3.9034E-01	3.8867E-01	3.8592E-01
4.4321E-01	4.3691E-01	4.3145E-01	4.2982E-01	4.2714E-01
4.8496E-01	4.7882E-01	4.7350E-01	4.7191E-01	4.6930E-01
5.2743E-01	5.2146E-01	5.1629E-01	5.1475E-01	5.1221E-01
5.7042E-01	5.6463E-01	5.5961E-01	5.5812E-01	5.5565E-01
6.1372E-01	6.0811E-01	6.0326E-01	6.0181E-01	5.9942E-01
6.5711E-01	6.5169E-01	6.4701E-01	6.4561E-01	6.4330E-01
7.0038E-01	6.9517E-01	6.9065E-01	6.8930E-01	6.8709E-01
7.4333E-01	7.3832E-01	7.3398E-01	7.3268E-01	7.3055E-01
7.8573E-01	7.8093E-01	7.7678E-01	7.7554E-01	7.7350E-01
8.2739E-01	8.2281E-01	8.1884E-01	8.1766E-01	8.1571E-01
8.6809E-01	8.6373E-01	8.5996E-01	8.5883E-01	8.5698E-01
9.0765E-01	9.0351E-01	8.9994E-01	8.9887E-01	8.9712E-01
9.4585E-01	9.4196E-01	9.3858E-01	9.3757E-01	9.3592E-01
9.8253E-01	9.7887E-01	9.7570E-01	9.7475E-01	9.7320E-01
1.0175E+00	1.0141E+00	1.0111E+00	1.0102E+00	1.0088E+00
1.0506E+00	1.0474E+00	1.0446E+00	1.0438E+00	1.0425E+00
1.0816E+00	1.0787E+00	1.0761E+00	1.0754E+00	1.0741E+00
1.1104E+00	1.1077E+00	1.1054E+00	1.1048E+00	1.1036E+00
1.1369E+00	1.1345E+00	1.1324E+00	1.1318E+00	1.1308E+00
1.1609E+00	1.1588E+00	1.1569E+00	1.1563E+00	1.1554E+00
1.1823E+00	1.1804E+00	1.1788E+00	1.1783E+00	1.1775E+00
1.2010E+00	1.1994E+00	1.1980E+00	1.1976E+00	1.1969E+00
1.2170E+00	1.2156E+00	1.2145E+00	1.2141E+00	1.2135E+00
1.2300E+00	1.2290E+00	1.2280E+00	1.2277E+00	1.2273E+00
1.2402E+00	1.2394E+00	1.2386E+00	1.2384E+00	1.2381E+00
1.2473E+00	1.2468E+00	1.2463E+00	1.2462E+00	1.2459E+00
1.2514E+00	1.2512E+00	1.2509E+00	1.2508E+00	1.2507E+00
1.2525E+00	1.2525E+00	1.2525E+00	1.2525E+00	1.2525E+00
!M	CMTAB
!U	nd
3.1312E-01	3.1312E-01	3.1312E-01	3.1312E-01	3.1312E-01
3.1261E-01	3.1254E-01	3.1250E-01	3.1245E-01	3.1245E-01
3.1109E-01	3.1083E-01	3.1067E-01	3.1048E-01	3.1048E-01
3.0862E-01	3.0804E-01	3.0769E-01	3.0728E-01	3.0727E-01
3.0526E-01	3.0424E-01	3.0363E-01	3.0291E-01	3.0289E-01
3.0104E-01	2.9947E-01	2.9854E-01	2.9744E-01	2.9741E-01
2.9602E-01	2.9380E-01	2.9249E-01	2.9093E-01	2.9089E-01
2.9025E-01	2.8729E-01	2.8553E-01	2.8346E-01	2.8341E-01
2.8378E-01	2.7997E-01	2.7774E-01	2.7508E-01	2.7502E-01
2.7666E-01	2.7193E-01	2.6915E-01	2.6586E-01	2.6580E-01
2.6893E-01	2.6320E-01	2.5985E-01	2.5588E-01	2.5581E-01
2.6065E-01	2.5385E-01	2.4989E-01	2.4518E-01	2.4512E-01
2.5187E-01	2.4393E-01	2.3933E-01	2.3385E-01	2.3378E-01
2.4264E-01	2.3349E-01	2.2823E-01	2.2195E-01	2.2188E-01
2.3300E-01	2.2260E-01	2.1665E-01	2.0954E-01	2.0948E-01
2.2300E-01	2.1131E-01	2.0465E-01	1.9669E-01	1.9664E-01
2.1271E-01	1.9968E-01	1.9230E-01	1.8346E-01	1.8343E-01
2.0216E-01	1.8776E-01	1.7965E-01	1.6992E-01	1.6992E-01
1.9140E-01	1.7561E-01	1.6677E-01	1.5614E-01	1.5617E-01
1.8049E-01	1.6328E-01	1.5371E-01	1.4218E-01	1.4225E-01
1.6947E-01	1.5084E-01	1.4053E-01	1.2812E-01	1.2822E-01
1.5840E-01	1.3833E-01	1.2731E-01	1.1400E-01	1.1416E-01
1.4732E-01	1.2581E-01	1.1409E-01	9.9907E-02	1.0013E-01
1.3628E-01	1.1334E-01	1.0094E-01	8.5900E-02	8.6188E-02
1.2534E-01	1.0098E-01	8.7917E-02	7.2045E-02	7.2413E-02
1.1454E-01	8.8781E-02	7.5086E-02	5.8410E-02	5.8866E-02
1.0393E-01	7.6797E-02	6.2504E-02	4.5058E-02	4.5615E-02
9.3567E-02	6.5088E-02	5.0235E-02	3.2057E-02	3.2725E-02
8.3494E-02	5.3708E-02	3.8337E-02	1.9473E-02	2.0263E-02
7.3762E-02	4.2713E-02	2.6872E-02	7.3710E-03	8.2970E-03
6.4422E-02	3.2161E-02	1.5900E-02	-4.1820E-03	-3.1090E-03
5.5522E-02	2.2107E-02	5.4830E-03	-1.5121E-02	-1.3886E-02
4.7113E-02	1.2607E-02	-4.3200E-03	-2.5380E-02	-2.3969E-02
3.9244E-02	3.7180E-03	-1.3446E-02	-3.4892E-02	-3.3291E-02
3.1965E-02	-4.5050E-03	-2.1837E-02	-4.3592E-02	-4.1786E-02
2.5326E-02	-1.2006E-02	-2.9430E-02	-5.1414E-02	-4.9386E-02
1.9376E-02	-1.8728E-02	-3.6165E-02	-5.8291E-02	-5.6026E-02
1.4165E-02	-2.4615E-02	-4.1982E-02	-6.4158E-02	-6.1639E-02
9.7420E-03	-2.9611E-02	-4.6819E-02	-6.8949E-02	-6.6158E-02
6.1580E-03	-3.3660E-02	-5.0616E-02	-7.2598E-02	-6.9518E-02
3.4620E-03	-3.6706E-02	-5.3313E-02	-7.4882E-02	-7.0862E-02
1.2330E-03	-3.8662E-02	-5.2723E-02	-7.0951E-02	-7.1560E-02
6.9500E-04	-3.9393E-02	-6.1688E-02	-9.0123E-02	-9.9669E-02
-2.8463E-02	-7.1409E-02	-1.0029E-01	-1.1200E-01	-1.1840E-01
-6.8700E-02	-1.0490E-01	-1.1910E-01	-1.2520E-01	-1.2730E-01
-8.2100E-02	-1.1570E-01	-1.2360E-01	-1.2470E-01	-1.2610E-01
-1.0410E-01	-1.2300E-01	-1.2460E-01	-1.2400E-01	-1.2320E-01
-1.1050E-01	-1.2200E-01	-1.2040E-01	-1.1910E-01	-1.1870E-01
-1.0780E-01	-1.1520E-01	-1.1350E-01	-1.1270E-01	-1.1220E-01
-9.3150E-02	-9.3000E-02	-9.2800E-02	-9.2600E-02	-9.4460E-02
-5.8318E-02	-6.3130E-02	-6.6819E-02	-6.9473E-02	-7.2875E-02
-4.1047E-02	-5.0705E-02	-6.0389E-02	-5.5804E-02	-7.1606E-02
-4.1598E-02	-5.1311E-02	-6.1366E-02	-5.6399E-02	-7.2854E-02
-4.0925E-02	-5.2938E-02	-6.3210E-02	-5.7995E-02	-7.4890E-02
-4.3242E-02	-5.5455E-02	-6.5903E-02	-6.0463E-02	-7.7707E-02
-4.6497E-02	-5.8836E-02	-6.9396E-02	-6.3778E-02	-8.1260E-02
-5.0635E-02	-6.3029E-02	-7.3640E-02	-6.7889E-02	-8.5501E-02
-5.5598E-02	-6.7981E-02	-7.8585E-02	-7.2745E-02	-9.0387E-02
-6.1332E-02	-7.3639E-02	-8.4183E-02	-7.8293E-02	-9.5870E-02
-6.7778E-02	-7.9951E-02	-9.0384E-02	-8.4483E-02	-1.0191E-01
-7.4880E-02	-8.6865E-02	-9.7138E-02	-9.1262E-02	-1.0845E-01
-8.2583E-02	-9.4328E-02	-1.0440E-01	-9.8580E-02	-1.1545E-01
-9.0829E-02	-1.0229E-01	-1.1211E-01	-1.0638E-01	-1.2287E-01
-9.9562E-02	-1.1069E-01	-1.2023E-01	-1.1462E-01	-1.3065E-01
-1.0873E-01	-1.1948E-01	-1.2871E-01	-1.2325E-01	-1.3876E-01
-1.1826E-01	-1.2861E-01	-1.3749E-01	-1.3220E-01	-1.4715E-01
-1.2812E-01	-1.3803E-01	-1.4654E-01	-1.4144E-01	-1.5577E-01
-1.3824E-01	-1.4768E-01	-1.5579E-01	-1.5090E-01	-1.6457E-01
-1.4856E-01	-1.5751E-01	-1.6520E-01	-1.6054E-01	-1.7352E-01
-1.5903E-01	-1.6748E-01	-1.7473E-01	-1.7031E-01	-1.8256E-01
-1.6959E-01	-1.7751E-01	-1.8431E-01	-1.8015E-01	-1.9164E-01
-1.8019E-01	-1.8757E-01	-1.9391E-01	-1.9001E-01	-2.0073E-01
-1.9076E-01	-1.9760E-01	-2.0347E-01	-1.9984E-01	-2.0978E-01
-2.0126E-01	-2.0755E-01	-2.1294E-01	-2.0960E-01	-2.1874E-01
-2.1162E-01	-2.1736E-01	-2.2228E-01	-2.1922E-01	-2.2756E-01
-2.2180E-01	-2.2698E-01	-2.3144E-01	-2.2866E-01	-2.3621E-01
-2.3172E-01	-2.3637E-01	-2.4036E-01	-2.3786E-01	-2.4463E-01
-2.4135E-01	-2.4546E-01	-2.4899E-01	-2.4677E-01	-2.5277E-01
-2.5061E-01	-2.5421E-01	-2.5730E-01	-2.5535E-01	-2.6060E-01
-2.5945E-01	-2.6256E-01	-2.6522E-01	-2.6354E-01	-2.6807E-01
-2.6783E-01	-2.7046E-01	-2.7272E-01	-2.7129E-01	-2.7513E-01
-2.7567E-01	-2.7785E-01	-2.7973E-01	-2.7854E-01	-2.8173E-01
-2.8293E-01	-2.8470E-01	-2.8621E-01	-2.8525E-01	-2.8783E-01
-2.8955E-01	-2.9093E-01	-2.9212E-01	-2.9136E-01	-2.9338E-01
-2.9546E-01	-2.9650E-01	-2.9740E-01	-2.9683E-01	-2.9835E-01
-3.0062E-01	-3.0136E-01	-3.0200E-01	-3.0159E-01	-3.0267E-01
-3.0497E-01	-3.0546E-01	-3.0587E-01	-3.0561E-01	-3.0631E-01
-3.0845E-01	-3.0873E-01	-3.0897E-01	-3.0882E-01	-3.0922E-01
-3.1101E-01	-3.1114E-01	-3.1124E-01	-3.1118E-01	-3.1136E-01
-3.1259E-01	-3.1262E-01	-3.1265E-01	-3.1263E-01	-3.1267E-01
-3.1312E-01	-3.1312E-01	-3.1312E-01	-3.1312E-01	-3.1312E-01
