!T	AOACL
!U	deg
-90	
-88	
-86	
-84	
-82	
-80	
-78	
-76	
-74	
-72	
-70	
-68	
-66	
-64	
-62	
-60	
-58	
-56	
-54	
-52	
-50	
-48	
-46	
-44	
-42	
-40	
-38	
-36	
-34	
-32	
-30	
-28	
-26	
-24	
-22	
-20	
-18	
-16	
-14	
-12	
-10	
-8	
-6	
-4	
-2	
0	
2	
4	
6	
8	
10	
12	
14	
16	
18	
20	
22	
24	
26	
28	
30	
32	
34	
36	
38	
40	
42	
44	
46	
48	
50	
52	
54	
56	
58	
60	
62	
64	
66	
68	
70	
72	
74	
76	
78	
80	
82	
84	
86	
88	
90	
!T	AOACD
!U	deg
-90	
-88	
-86	
-84	
-82	
-80	
-78	
-76	
-74	
-72	
-70	
-68	
-66	
-64	
-62	
-60	
-58	
-56	
-54	
-52	
-50	
-48	
-46	
-44	
-42	
-40	
-38	
-36	
-34	
-32	
-30	
-28	
-26	
-24	
-22	
-20	
-18	
-16	
-14	
-12	
-10	
-8	
-6	
-4	
-2	
0	
2	
4	
6	
8	
10	
12	
14	
16	
18	
20	
22	
24	
26	
28	
30	
32	
34	
36	
38	
40	
42	
44	
46	
48	
50	
52	
54	
56	
58	
60	
62	
64	
66	
68	
70	
72	
74	
76	
78	
80	
82	
84	
86	
88	
90	
!T	AOACM
!U	deg
-90	
-88	
-86	
-84	
-82	
-80	
-78	
-76	
-74	
-72	
-70	
-68	
-66	
-64	
-62	
-60	
-58	
-56	
-54	
-52	
-50	
-48	
-46	
-44	
-42	
-40	
-38	
-36	
-34	
-32	
-30	
-28	
-26	
-24	
-22	
-20	
-18	
-16	
-14	
-12	
-10	
-8	
-6	
-4	
-2	
0	
2	
4	
6	
8	
10	
12	
14	
16	
18	
20	
22	
24	
26	
28	
30	
32	
34	
36	
38	
40	
42	
44	
46	
48	
50	
52	
54	
56	
58	
60	
62	
64	
66	
68	
70	
72	
74	
76	
78	
80	
82	
84	
86	
88	
90	
!T	RECL
!U	nd
50000	
100000	
150000	
200000	
250000	
!T	RECD
!U	nd
50000	
100000	
150000	
200000	
250000	
!T	RECM
!U	nd
50000	
100000	
150000	
200000	
250000	
!M	CLTAB
!U	nd
-0.0000E+00	-0.0000E+00	-0.0000E+00	-0.0000E+00	-0.0000E+00
-4.3716E-02	-4.3720E-02	-4.3717E-02	-4.3714E-02	-4.3709E-02
-8.7281E-02	-8.7299E-02	-8.7287E-02	-8.7274E-02	-8.7253E-02
-1.3048E-01	-1.3053E-01	-1.3050E-01	-1.3047E-01	-1.3042E-01
-1.7311E-01	-1.7319E-01	-1.7314E-01	-1.7308E-01	-1.7300E-01
-2.1497E-01	-2.1508E-01	-2.1501E-01	-2.1492E-01	-2.1479E-01
-2.5584E-01	-2.5601E-01	-2.5590E-01	-2.5577E-01	-2.5559E-01
-2.9554E-01	-2.9577E-01	-2.9562E-01	-2.9545E-01	-2.9519E-01
-3.3387E-01	-3.3417E-01	-3.3397E-01	-3.3375E-01	-3.3341E-01
-3.7065E-01	-3.7103E-01	-3.7078E-01	-3.7050E-01	-3.7007E-01
-4.0570E-01	-4.0618E-01	-4.0587E-01	-4.0552E-01	-4.0499E-01
-4.3887E-01	-4.3944E-01	-4.3907E-01	-4.3865E-01	-4.3800E-01
-4.6999E-01	-4.7068E-01	-4.7023E-01	-4.6972E-01	-4.6895E-01
-4.9892E-01	-4.9973E-01	-4.9920E-01	-4.9860E-01	-4.9768E-01
-5.2552E-01	-5.2647E-01	-5.2585E-01	-5.2515E-01	-5.2408E-01
-5.4968E-01	-5.5077E-01	-5.5005E-01	-5.4925E-01	-5.4801E-01
-5.7127E-01	-5.7253E-01	-5.7171E-01	-5.7079E-01	-5.6936E-01
-5.9022E-01	-5.9165E-01	-5.9072E-01	-5.8967E-01	-5.8805E-01
-6.0644E-01	-6.0806E-01	-6.0700E-01	-6.0581E-01	-6.0398E-01
-6.1986E-01	-6.2168E-01	-6.2049E-01	-6.1915E-01	-6.1708E-01
-6.3043E-01	-6.3247E-01	-6.3114E-01	-6.2963E-01	-6.2732E-01
-6.3811E-01	-6.4040E-01	-6.3890E-01	-6.3722E-01	-6.3464E-01
-6.4290E-01	-6.4544E-01	-6.4378E-01	-6.4191E-01	-6.3903E-01
-6.4478E-01	-6.4760E-01	-6.4576E-01	-6.4368E-01	-6.4048E-01
-6.4377E-01	-6.4690E-01	-6.4485E-01	-6.4255E-01	-6.3901E-01
-6.3991E-01	-6.4337E-01	-6.4111E-01	-6.3856E-01	-6.3465E-01
-6.3325E-01	-6.3707E-01	-6.3458E-01	-6.3176E-01	-6.2743E-01
-6.2387E-01	-6.2808E-01	-6.2533E-01	-6.2222E-01	-6.1744E-01
-6.1185E-01	-6.1651E-01	-6.1347E-01	-6.1004E-01	-6.0476E-01
-5.9733E-01	-6.0246E-01	-5.9910E-01	-5.9532E-01	-5.8949E-01
-5.8043E-01	-5.8611E-01	-5.8240E-01	-5.7822E-01	-5.7178E-01
-5.6134E-01	-5.6763E-01	-5.6352E-01	-5.5889E-01	-5.5176E-01
-5.4028E-01	-5.4725E-01	-5.4270E-01	-5.3756E-01	-5.2964E-01
-5.1749E-01	-5.2526E-01	-5.2018E-01	-5.1446E-01	-5.0565E-01
-4.9329E-01	-5.0198E-01	-4.9630E-01	-4.8990E-01	-4.8005E-01
-4.6810E-01	-4.7787E-01	-4.7148E-01	-4.6428E-01	-4.5320E-01
-4.4242E-01	-4.5350E-01	-4.4625E-01	-4.3809E-01	-4.2553E-01
-4.1698E-01	-4.2966E-01	-4.2137E-01	-4.1202E-01	-3.9763E-01
-3.9281E-01	-4.0754E-01	-3.9792E-01	-3.8706E-01	-3.7036E-01
-3.7156E-01	-3.8898E-01	-3.7759E-01	-3.6476E-01	-3.4500E-01
-3.5600E-01	-3.7701E-01	-3.6332E-01	-3.4774E-01	-3.2456E-01
-3.4914E-01	-3.6781E-01	-3.5699E-01	-3.4472E-01	-3.1615E-01
-3.6677E-01	-3.4973E-01	-3.7034E-01	-3.3056E-01	-2.7780E-01
-2.6335E-01	-1.9950E-01	-8.2702E-02	-6.0000E-03	3.0200E-02
-4.7500E-02	1.2910E-01	2.2510E-01	2.5880E-01	2.6700E-01
1.6790E-01	4.2690E-01	4.7550E-01	4.8340E-01	4.8260E-01
4.7720E-01	6.7460E-01	6.9110E-01	6.9040E-01	6.8530E-01
7.0590E-01	8.8930E-01	8.8790E-01	8.8580E-01	8.8670E-01
9.8698E-01	1.0905E+00	1.0961E+00	1.1089E+00	1.0790E+00
1.1817E+00	1.2455E+00	1.2105E+00	1.1647E+00	1.2249E+00
1.0203E+00	1.1300E+00	1.0737E+00	9.9920E-01	1.0845E+00
9.1739E-01	9.9371E-01	9.4898E-01	8.9483E-01	9.5767E-01
8.5441E-01	9.1895E-01	8.8112E-01	8.3533E-01	8.8848E-01
8.1460E-01	8.7020E-01	8.3761E-01	7.9816E-01	8.4395E-01
7.8960E-01	8.3814E-01	8.0969E-01	7.7525E-01	8.1522E-01
7.7433E-01	8.1714E-01	7.9205E-01	7.6167E-01	7.9693E-01
7.6549E-01	8.0355E-01	7.8124E-01	7.5424E-01	7.8558E-01
7.6087E-01	7.9489E-01	7.7495E-01	7.5080E-01	7.7883E-01
7.5886E-01	7.8942E-01	7.7151E-01	7.4982E-01	7.7499E-01
7.5831E-01	7.8585E-01	7.6971E-01	7.5017E-01	7.7285E-01
7.5835E-01	7.8323E-01	7.6865E-01	7.5099E-01	7.7148E-01
7.5830E-01	7.8081E-01	7.6762E-01	7.5165E-01	7.7018E-01
7.5764E-01	7.7802E-01	7.6608E-01	7.5161E-01	7.6840E-01
7.5595E-01	7.7441E-01	7.6359E-01	7.5049E-01	7.6569E-01
7.5289E-01	7.6961E-01	7.5981E-01	7.4794E-01	7.6172E-01
7.4820E-01	7.6334E-01	7.5447E-01	7.4372E-01	7.5619E-01
7.4167E-01	7.5536E-01	7.4733E-01	7.3762E-01	7.4889E-01
7.3313E-01	7.4549E-01	7.3825E-01	7.2948E-01	7.3965E-01
7.2247E-01	7.3359E-01	7.2707E-01	7.1918E-01	7.2834E-01
7.0958E-01	7.1957E-01	7.1371E-01	7.0662E-01	7.1485E-01
6.9440E-01	7.0335E-01	6.9810E-01	6.9176E-01	6.9912E-01
6.7691E-01	6.8489E-01	6.8021E-01	6.7455E-01	6.8112E-01
6.5709E-01	6.6418E-01	6.6002E-01	6.5500E-01	6.6083E-01
6.3496E-01	6.4122E-01	6.3755E-01	6.3311E-01	6.3826E-01
6.1055E-01	6.1604E-01	6.1282E-01	6.0893E-01	6.1345E-01
5.8392E-01	5.8870E-01	5.8590E-01	5.8250E-01	5.8644E-01
5.5513E-01	5.5927E-01	5.5684E-01	5.5390E-01	5.5731E-01
5.2428E-01	5.2782E-01	5.2575E-01	5.2323E-01	5.2615E-01
4.9147E-01	4.9447E-01	4.9271E-01	4.9058E-01	4.9306E-01
4.5682E-01	4.5933E-01	4.5786E-01	4.5608E-01	4.5815E-01
4.2047E-01	4.2253E-01	4.2133E-01	4.1986E-01	4.2156E-01
3.8256E-01	3.8422E-01	3.8325E-01	3.8207E-01	3.8344E-01
3.4324E-01	3.4455E-01	3.4379E-01	3.4286E-01	3.4393E-01
3.0269E-01	3.0369E-01	3.0311E-01	3.0240E-01	3.0322E-01
2.6108E-01	2.6182E-01	2.6138E-01	2.6087E-01	2.6147E-01
2.1860E-01	2.1911E-01	2.1881E-01	2.1845E-01	2.1887E-01
1.7543E-01	1.7576E-01	1.7557E-01	1.7534E-01	1.7561E-01
1.3179E-01	1.3197E-01	1.3186E-01	1.3173E-01	1.3188E-01
8.7859E-02	8.7940E-02	8.7893E-02	8.7835E-02	8.7902E-02
4.3860E-02	4.3881E-02	4.3869E-02	4.3854E-02	4.3871E-02
0.0000E+00	0.0000E+00	0.0000E+00	0.0000E+00	0.0000E+00
!M	CDTAB
!U	nd
1.2525E+00	1.2525E+00	1.2525E+00	1.2525E+00	1.2525E+00
1.2533E+00	1.2536E+00	1.2528E+00	1.2525E+00	1.2525E+00
1.2510E+00	1.2516E+00	1.2500E+00	1.2494E+00	1.2495E+00
1.2457E+00	1.2466E+00	1.2443E+00	1.2434E+00	1.2434E+00
1.2374E+00	1.2387E+00	1.2355E+00	1.2343E+00	1.2344E+00
1.2261E+00	1.2277E+00	1.2238E+00	1.2223E+00	1.2224E+00
1.2120E+00	1.2139E+00	1.2092E+00	1.2074E+00	1.2075E+00
1.1951E+00	1.1973E+00	1.1918E+00	1.1897E+00	1.1899E+00
1.1754E+00	1.1780E+00	1.1717E+00	1.1694E+00	1.1695E+00
1.1532E+00	1.1560E+00	1.1490E+00	1.1464E+00	1.1465E+00
1.1284E+00	1.1316E+00	1.1238E+00	1.1209E+00	1.1211E+00
1.1013E+00	1.1048E+00	1.0963E+00	1.0931E+00	1.0933E+00
1.0720E+00	1.0758E+00	1.0665E+00	1.0630E+00	1.0632E+00
1.0406E+00	1.0446E+00	1.0347E+00	1.0309E+00	1.0311E+00
1.0072E+00	1.0116E+00	1.0010E+00	9.9692E-01	9.9715E-01
9.7216E-01	9.7682E-01	9.6548E-01	9.6118E-01	9.6143E-01
9.3553E-01	9.4047E-01	9.2845E-01	9.2389E-01	9.2415E-01
8.9751E-01	9.0273E-01	8.9004E-01	8.8523E-01	8.8551E-01
8.5831E-01	8.6379E-01	8.5046E-01	8.4540E-01	8.4570E-01
8.1812E-01	8.2386E-01	8.0990E-01	8.0460E-01	8.0491E-01
7.7715E-01	7.8314E-01	7.6856E-01	7.6303E-01	7.6335E-01
7.3559E-01	7.4183E-01	7.2665E-01	7.2089E-01	7.2123E-01
6.9366E-01	7.0013E-01	6.8438E-01	6.7840E-01	6.7875E-01
6.5156E-01	6.5827E-01	6.4195E-01	6.3577E-01	6.3613E-01
6.0952E-01	6.1645E-01	5.9959E-01	5.9320E-01	5.9357E-01
5.6773E-01	5.7488E-01	5.5750E-01	5.5091E-01	5.5130E-01
5.2642E-01	5.3377E-01	5.1589E-01	5.0911E-01	5.0951E-01
4.8578E-01	4.9332E-01	4.7497E-01	4.6801E-01	4.6842E-01
4.4602E-01	4.5375E-01	4.3494E-01	4.2781E-01	4.2823E-01
4.0733E-01	4.1524E-01	3.9600E-01	3.8871E-01	3.8913E-01
3.6991E-01	3.7799E-01	3.5834E-01	3.5089E-01	3.5133E-01
3.3395E-01	3.4219E-01	3.2216E-01	3.1456E-01	3.1501E-01
2.9963E-01	3.0801E-01	2.8762E-01	2.7989E-01	2.8034E-01
2.6711E-01	2.7563E-01	2.5491E-01	2.4705E-01	2.4751E-01
2.3656E-01	2.4521E-01	2.2418E-01	2.1620E-01	2.1667E-01
2.0813E-01	2.1690E-01	1.9558E-01	1.8750E-01	1.8797E-01
1.8197E-01	1.9084E-01	1.6926E-01	1.6108E-01	1.6156E-01
1.5819E-01	1.6716E-01	1.4535E-01	1.3708E-01	1.3757E-01
1.3693E-01	1.4598E-01	1.2397E-01	1.1562E-01	1.1611E-01
1.1828E-01	1.2741E-01	1.0522E-01	9.6802E-02	9.7295E-02
1.0235E-01	1.1164E-01	8.9190E-02	8.0718E-02	8.3419E-02
9.1081E-02	9.8520E-02	7.8246E-02	7.4605E-02	7.3382E-02
7.7727E-02	6.4698E-02	6.1656E-02	5.0438E-02	4.5742E-02
4.0502E-02	2.2670E-02	2.0310E-02	1.5890E-02	1.3750E-02
2.8950E-02	2.0880E-02	1.5230E-02	1.2320E-02	1.0740E-02
2.7630E-02	1.7470E-02	1.1840E-02	9.4700E-03	8.1800E-03
3.4930E-02	1.6790E-02	1.1970E-02	1.0060E-02	9.0500E-03
4.1530E-02	1.6940E-02	1.2950E-02	1.1540E-02	1.0780E-02
4.2519E-02	1.8219E-02	1.4893E-02	1.4065E-02	1.4391E-02
3.7163E-02	2.8318E-02	2.2248E-02	2.1425E-02	2.0009E-02
4.2615E-02	4.9247E-02	3.3946E-02	3.4950E-02	3.1636E-02
5.6327E-02	6.4908E-02	5.1682E-02	5.1984E-02	4.9389E-02
7.5472E-02	8.3984E-02	7.0863E-02	7.1163E-02	6.8589E-02
9.7307E-02	1.0574E-01	9.2742E-02	9.3039E-02	9.0488E-02
1.2173E-01	1.3007E-01	1.1721E-01	1.1750E-01	1.1498E-01
1.4861E-01	1.5686E-01	1.4415E-01	1.4444E-01	1.4195E-01
1.7783E-01	1.8597E-01	1.7343E-01	1.7372E-01	1.7126E-01
2.0925E-01	2.1726E-01	2.0491E-01	2.0519E-01	2.0277E-01
2.4270E-01	2.5058E-01	2.3843E-01	2.3871E-01	2.3632E-01
2.7803E-01	2.8577E-01	2.7383E-01	2.7411E-01	2.7176E-01
3.1506E-01	3.2266E-01	3.1095E-01	3.1121E-01	3.0892E-01
3.5361E-01	3.6105E-01	3.4959E-01	3.4985E-01	3.4760E-01
3.9350E-01	4.0078E-01	3.8957E-01	3.8982E-01	3.8762E-01
4.3453E-01	4.4163E-01	4.3069E-01	4.3094E-01	4.2879E-01
4.7651E-01	4.8342E-01	4.7276E-01	4.7301E-01	4.7092E-01
5.1921E-01	5.2593E-01	5.1558E-01	5.1581E-01	5.1378E-01
5.6245E-01	5.6897E-01	5.5892E-01	5.5915E-01	5.5718E-01
6.0600E-01	6.1231E-01	6.0258E-01	6.0281E-01	6.0090E-01
6.4966E-01	6.5575E-01	6.4636E-01	6.4657E-01	6.4473E-01
6.9320E-01	6.9907E-01	6.9003E-01	6.9023E-01	6.8846E-01
7.3643E-01	7.4207E-01	7.3338E-01	7.3358E-01	7.3187E-01
7.7913E-01	7.8453E-01	7.7620E-01	7.7639E-01	7.7476E-01
8.2108E-01	8.2624E-01	8.1829E-01	8.1847E-01	8.1691E-01
8.6209E-01	8.6700E-01	8.5944E-01	8.5961E-01	8.5813E-01
9.0196E-01	9.0661E-01	8.9944E-01	8.9961E-01	8.9820E-01
9.4049E-01	9.4488E-01	9.3811E-01	9.3827E-01	9.3694E-01
9.7749E-01	9.8161E-01	9.7526E-01	9.7541E-01	9.7416E-01
1.0128E+00	1.0166E+00	1.0107E+00	1.0108E+00	1.0097E+00
1.0462E+00	1.0498E+00	1.0443E+00	1.0444E+00	1.0433E+00
1.0776E+00	1.0809E+00	1.0758E+00	1.0759E+00	1.0749E+00
1.1067E+00	1.1097E+00	1.1051E+00	1.1052E+00	1.1043E+00
1.1336E+00	1.1363E+00	1.1321E+00	1.1322E+00	1.1314E+00
1.1580E+00	1.1604E+00	1.1566E+00	1.1567E+00	1.1560E+00
1.1797E+00	1.1819E+00	1.1786E+00	1.1787E+00	1.1780E+00
1.1988E+00	1.2006E+00	1.1978E+00	1.1979E+00	1.1973E+00
1.2151E+00	1.2166E+00	1.2143E+00	1.2143E+00	1.2139E+00
1.2285E+00	1.2298E+00	1.2279E+00	1.2279E+00	1.2276E+00
1.2390E+00	1.2400E+00	1.2385E+00	1.2386E+00	1.2383E+00
1.2466E+00	1.2472E+00	1.2462E+00	1.2462E+00	1.2461E+00
1.2510E+00	1.2514E+00	1.2509E+00	1.2509E+00	1.2508E+00
1.2525E+00	1.2525E+00	1.2525E+00	1.2525E+00	1.2525E+00
!M	CMTAB
!U	nd
3.1312E-01	3.1312E-01	3.1312E-01	3.1312E-01	3.1312E-01
3.1255E-01	3.1254E-01	3.1253E-01	3.1251E-01	3.1249E-01
3.1087E-01	3.1082E-01	3.1078E-01	3.1071E-01	3.1064E-01
3.0813E-01	3.0803E-01	3.0794E-01	3.0778E-01	3.0764E-01
3.0439E-01	3.0422E-01	3.0406E-01	3.0379E-01	3.0353E-01
2.9971E-01	2.9946E-01	2.9920E-01	2.9879E-01	2.9840E-01
2.9414E-01	2.9379E-01	2.9342E-01	2.9284E-01	2.9230E-01
2.8774E-01	2.8727E-01	2.8678E-01	2.8601E-01	2.8528E-01
2.8056E-01	2.7997E-01	2.7934E-01	2.7835E-01	2.7742E-01
2.7266E-01	2.7194E-01	2.7114E-01	2.6992E-01	2.6878E-01
2.6410E-01	2.6324E-01	2.6226E-01	2.6079E-01	2.5942E-01
2.5493E-01	2.5393E-01	2.5274E-01	2.5101E-01	2.4940E-01
2.4520E-01	2.4405E-01	2.4265E-01	2.4065E-01	2.3878E-01
2.3497E-01	2.3368E-01	2.3204E-01	2.2976E-01	2.2763E-01
2.2431E-01	2.2286E-01	2.2097E-01	2.1841E-01	2.1601E-01
2.1326E-01	2.1167E-01	2.0951E-01	2.0665E-01	2.0398E-01
2.0187E-01	2.0014E-01	1.9770E-01	1.9454E-01	1.9160E-01
1.9022E-01	1.8834E-01	1.8560E-01	1.8215E-01	1.7894E-01
1.7834E-01	1.7634E-01	1.7328E-01	1.6953E-01	1.6606E-01
1.6630E-01	1.6417E-01	1.6079E-01	1.5675E-01	1.5302E-01
1.5415E-01	1.5192E-01	1.4818E-01	1.4386E-01	1.3987E-01
1.4195E-01	1.3962E-01	1.3552E-01	1.3093E-01	1.2670E-01
1.2975E-01	1.2734E-01	1.2287E-01	1.1801E-01	1.1355E-01
1.1761E-01	1.1513E-01	1.1027E-01	1.0517E-01	1.0049E-01
1.0559E-01	1.0306E-01	9.7796E-02	9.2461E-02	8.7581E-02
9.3737E-02	9.1179E-02	8.5498E-02	7.9949E-02	7.4888E-02
8.2110E-02	7.9545E-02	7.3434E-02	6.7692E-02	6.2472E-02
7.0766E-02	6.8217E-02	6.1664E-02	5.5751E-02	5.0394E-02
5.9759E-02	5.7252E-02	5.0243E-02	4.4185E-02	3.8718E-02
4.9145E-02	4.6707E-02	3.9231E-02	3.3056E-02	2.7505E-02
3.8981E-02	3.6640E-02	2.8685E-02	2.2422E-02	1.6819E-02
2.9321E-02	2.7108E-02	1.8663E-02	1.2343E-02	6.7200E-03
2.0222E-02	1.8169E-02	9.2220E-03	2.8810E-03	-2.7270E-03
1.1739E-02	9.8810E-03	4.2000E-04	-5.9050E-03	-1.1462E-02
3.9280E-03	2.3000E-03	-7.6850E-03	-1.3955E-02	-1.9421E-02
-3.1560E-03	-4.5160E-03	-1.5034E-02	-2.1209E-02	-2.6543E-02
-9.4560E-03	-1.0508E-02	-2.1571E-02	-2.7606E-02	-3.2764E-02
-1.4918E-02	-1.5620E-02	-2.7238E-02	-3.3087E-02	-3.8024E-02
-1.9485E-02	-1.9795E-02	-3.1976E-02	-3.7592E-02	-4.2258E-02
-2.3101E-02	-2.2974E-02	-3.5728E-02	-4.1060E-02	-4.5406E-02
-2.5711E-02	-2.5119E-02	-3.8437E-02	-4.3431E-02	-4.6388E-02
-2.7332E-02	-2.7725E-02	-3.9018E-02	-4.0140E-02	-4.4912E-02
-2.8867E-02	-3.5793E-02	-4.3649E-02	-5.3170E-02	-6.3560E-02
-5.1434E-02	-6.1900E-02	-8.1844E-02	-9.4300E-02	-1.0050E-01
-5.8400E-02	-8.8000E-02	-1.0190E-01	-1.0560E-01	-1.0510E-01
-6.5900E-02	-1.0330E-01	-1.0640E-01	-1.0550E-01	-1.0410E-01
-9.3000E-02	-1.0680E-01	-1.0460E-01	-1.0270E-01	-1.0140E-01
-1.0060E-01	-1.0270E-01	-9.9000E-02	-9.8000E-02	-9.7700E-02
-9.7085E-02	-9.4147E-02	-9.2600E-02	-9.0800E-02	-9.0523E-02
-8.3209E-02	-7.0417E-02	-7.7844E-02	-8.1304E-02	-8.0547E-02
-8.4555E-02	-6.0536E-02	-7.7284E-02	-8.1789E-02	-8.0181E-02
-8.6070E-02	-6.2952E-02	-7.8445E-02	-8.3093E-02	-8.1327E-02
-8.8063E-02	-6.4882E-02	-8.0340E-02	-8.5112E-02	-8.3199E-02
-9.0745E-02	-6.7598E-02	-8.2964E-02	-8.7829E-02	-8.5791E-02
-9.4075E-02	-7.1056E-02	-8.6275E-02	-9.1203E-02	-8.9061E-02
-9.8015E-02	-7.5211E-02	-9.0232E-02	-9.5195E-02	-9.2969E-02
-1.0253E-01	-8.0018E-02	-9.4793E-02	-9.9764E-02	-9.7474E-02
-1.0757E-01	-8.5432E-02	-9.9916E-02	-1.0487E-01	-1.0254E-01
-1.1310E-01	-9.1410E-02	-1.0556E-01	-1.1048E-01	-1.0811E-01
-1.1908E-01	-9.7907E-02	-1.1169E-01	-1.1654E-01	-1.1416E-01
-1.2548E-01	-1.0488E-01	-1.1825E-01	-1.2302E-01	-1.2064E-01
-1.3224E-01	-1.1228E-01	-1.2521E-01	-1.2987E-01	-1.2752E-01
-1.3934E-01	-1.2006E-01	-1.3252E-01	-1.3707E-01	-1.3474E-01
-1.4674E-01	-1.2819E-01	-1.4015E-01	-1.4456E-01	-1.4228E-01
-1.5439E-01	-1.3661E-01	-1.4805E-01	-1.5231E-01	-1.5008E-01
-1.6225E-01	-1.4528E-01	-1.5618E-01	-1.6027E-01	-1.5811E-01
-1.7029E-01	-1.5415E-01	-1.6451E-01	-1.6842E-01	-1.6633E-01
-1.7846E-01	-1.6319E-01	-1.7297E-01	-1.7670E-01	-1.7469E-01
-1.8673E-01	-1.7235E-01	-1.8155E-01	-1.8508E-01	-1.8316E-01
-1.9506E-01	-1.8158E-01	-1.9019E-01	-1.9351E-01	-1.9170E-01
-2.0341E-01	-1.9083E-01	-1.9885E-01	-2.0197E-01	-2.0026E-01
-2.1173E-01	-2.0007E-01	-2.0750E-01	-2.1040E-01	-2.0880E-01
-2.1999E-01	-2.0925E-01	-2.1608E-01	-2.1877E-01	-2.1727E-01
-2.2815E-01	-2.1832E-01	-2.2457E-01	-2.2703E-01	-2.2565E-01
-2.3617E-01	-2.2725E-01	-2.3291E-01	-2.3516E-01	-2.3389E-01
-2.4400E-01	-2.3597E-01	-2.4107E-01	-2.4310E-01	-2.4195E-01
-2.5162E-01	-2.4446E-01	-2.4900E-01	-2.5082E-01	-2.4979E-01
-2.5898E-01	-2.5266E-01	-2.5666E-01	-2.5827E-01	-2.5736E-01
-2.6604E-01	-2.6054E-01	-2.6402E-01	-2.6543E-01	-2.6462E-01
-2.7277E-01	-2.6804E-01	-2.7103E-01	-2.7224E-01	-2.7154E-01
-2.7912E-01	-2.7512E-01	-2.7764E-01	-2.7867E-01	-2.7808E-01
-2.8504E-01	-2.8174E-01	-2.8382E-01	-2.8468E-01	-2.8418E-01
-2.9052E-01	-2.8785E-01	-2.8953E-01	-2.9022E-01	-2.8982E-01
-2.9549E-01	-2.9341E-01	-2.9472E-01	-2.9526E-01	-2.9495E-01
-2.9993E-01	-2.9837E-01	-2.9935E-01	-2.9976E-01	-2.9952E-01
-3.0380E-01	-3.0269E-01	-3.0339E-01	-3.0368E-01	-3.0351E-01
-3.0705E-01	-3.0633E-01	-3.0678E-01	-3.0697E-01	-3.0686E-01
-3.0965E-01	-3.0923E-01	-3.0950E-01	-3.0960E-01	-3.0954E-01
-3.1155E-01	-3.1137E-01	-3.1148E-01	-3.1153E-01	-3.1150E-01
-3.1272E-01	-3.1268E-01	-3.1271E-01	-3.1272E-01	-3.1271E-01
-3.1312E-01	-3.1312E-01	-3.1312E-01	-3.1312E-01	-3.1312E-01
