!T	AOACL
!U	deg
-90	
-88	
-86	
-84	
-82	
-80	
-78	
-76	
-74	
-72	
-70	
-68	
-66	
-64	
-62	
-60	
-58	
-56	
-54	
-52	
-50	
-48	
-46	
-44	
-42	
-40	
-38	
-36	
-34	
-32	
-30	
-28	
-26	
-24	
-22	
-20	
-18	
-16	
-14	
-12	
-10	
-8	
-6	
-4	
-2	
0	
2	
4	
6	
8	
10	
12	
14	
16	
18	
20	
22	
24	
26	
28	
30	
32	
34	
36	
38	
40	
42	
44	
46	
48	
50	
52	
54	
56	
58	
60	
62	
64	
66	
68	
70	
72	
74	
76	
78	
80	
82	
84	
86	
88	
90	
!T	AOACD
!U	deg
-90	
-88	
-86	
-84	
-82	
-80	
-78	
-76	
-74	
-72	
-70	
-68	
-66	
-64	
-62	
-60	
-58	
-56	
-54	
-52	
-50	
-48	
-46	
-44	
-42	
-40	
-38	
-36	
-34	
-32	
-30	
-28	
-26	
-24	
-22	
-20	
-18	
-16	
-14	
-12	
-10	
-8	
-6	
-4	
-2	
0	
2	
4	
6	
8	
10	
12	
14	
16	
18	
20	
22	
24	
26	
28	
30	
32	
34	
36	
38	
40	
42	
44	
46	
48	
50	
52	
54	
56	
58	
60	
62	
64	
66	
68	
70	
72	
74	
76	
78	
80	
82	
84	
86	
88	
90	
!T	AOACM
!U	deg
-90	
-88	
-86	
-84	
-82	
-80	
-78	
-76	
-74	
-72	
-70	
-68	
-66	
-64	
-62	
-60	
-58	
-56	
-54	
-52	
-50	
-48	
-46	
-44	
-42	
-40	
-38	
-36	
-34	
-32	
-30	
-28	
-26	
-24	
-22	
-20	
-18	
-16	
-14	
-12	
-10	
-8	
-6	
-4	
-2	
0	
2	
4	
6	
8	
10	
12	
14	
16	
18	
20	
22	
24	
26	
28	
30	
32	
34	
36	
38	
40	
42	
44	
46	
48	
50	
52	
54	
56	
58	
60	
62	
64	
66	
68	
70	
72	
74	
76	
78	
80	
82	
84	
86	
88	
90	
!T	RECL
!U	nd
50000	
100000	
150000	
200000	
250000	
!T	RECD
!U	nd
50000	
100000	
150000	
200000	
250000	
!T	RECM
!U	nd
50000	
100000	
150000	
200000	
250000	
!M	CLTAB
!U	nd
-0.0000E+00	-0.0000E+00	-0.0000E+00	-0.0000E+00	-0.0000E+00
-4.3711E-02	-4.3721E-02	-4.3717E-02	-4.3715E-02	-4.3715E-02
-8.7263E-02	-8.7300E-02	-8.7287E-02	-8.7279E-02	-8.7279E-02
-1.3044E-01	-1.3053E-01	-1.3050E-01	-1.3048E-01	-1.3048E-01
-1.7304E-01	-1.7319E-01	-1.7314E-01	-1.7311E-01	-1.7311E-01
-2.1486E-01	-2.1509E-01	-2.1500E-01	-2.1495E-01	-2.1495E-01
-2.5568E-01	-2.5602E-01	-2.5589E-01	-2.5582E-01	-2.5582E-01
-2.9532E-01	-2.9578E-01	-2.9561E-01	-2.9551E-01	-2.9551E-01
-3.3358E-01	-3.3418E-01	-3.3396E-01	-3.3383E-01	-3.3383E-01
-3.7029E-01	-3.7105E-01	-3.7077E-01	-3.7061E-01	-3.7060E-01
-4.0526E-01	-4.0620E-01	-4.0586E-01	-4.0565E-01	-4.0565E-01
-4.3833E-01	-4.3948E-01	-4.3906E-01	-4.3881E-01	-4.3880E-01
-4.6934E-01	-4.7071E-01	-4.7021E-01	-4.6992E-01	-4.6991E-01
-4.9815E-01	-4.9977E-01	-4.9918E-01	-4.9883E-01	-4.9882E-01
-5.2463E-01	-5.2652E-01	-5.2583E-01	-5.2542E-01	-5.2541E-01
-5.4864E-01	-5.5083E-01	-5.5003E-01	-5.4956E-01	-5.4955E-01
-5.7009E-01	-5.7260E-01	-5.7168E-01	-5.7114E-01	-5.7113E-01
-5.8887E-01	-5.9173E-01	-5.9068E-01	-5.9007E-01	-5.9005E-01
-6.0491E-01	-6.0814E-01	-6.0696E-01	-6.0627E-01	-6.0625E-01
-6.1813E-01	-6.2178E-01	-6.2045E-01	-6.1966E-01	-6.1964E-01
-6.2849E-01	-6.3258E-01	-6.3109E-01	-6.3021E-01	-6.3019E-01
-6.3595E-01	-6.4052E-01	-6.3885E-01	-6.3787E-01	-6.3784E-01
-6.4049E-01	-6.4558E-01	-6.4372E-01	-6.4262E-01	-6.4260E-01
-6.4211E-01	-6.4775E-01	-6.4569E-01	-6.4447E-01	-6.4445E-01
-6.4081E-01	-6.4707E-01	-6.4478E-01	-6.4343E-01	-6.4340E-01
-6.3664E-01	-6.4355E-01	-6.4103E-01	-6.3954E-01	-6.3950E-01
-6.2964E-01	-6.3728E-01	-6.3448E-01	-6.3284E-01	-6.3280E-01
-6.1987E-01	-6.2831E-01	-6.2523E-01	-6.2341E-01	-6.2337E-01
-6.0744E-01	-6.1676E-01	-6.1335E-01	-6.1135E-01	-6.1130E-01
-5.9246E-01	-6.0274E-01	-5.9898E-01	-5.9677E-01	-5.9672E-01
-5.7505E-01	-5.8642E-01	-5.8226E-01	-5.7981E-01	-5.7976E-01
-5.5539E-01	-5.6797E-01	-5.6337E-01	-5.6066E-01	-5.6060E-01
-5.3367E-01	-5.4763E-01	-5.4253E-01	-5.3952E-01	-5.3946E-01
-5.1013E-01	-5.2568E-01	-5.1999E-01	-5.1665E-01	-5.1657E-01
-4.8506E-01	-5.0245E-01	-4.9610E-01	-4.9235E-01	-4.9227E-01
-4.5883E-01	-4.7840E-01	-4.7125E-01	-4.6703E-01	-4.6694E-01
-4.3192E-01	-4.5410E-01	-4.4599E-01	-4.4121E-01	-4.4111E-01
-4.0495E-01	-4.3035E-01	-4.2107E-01	-4.1560E-01	-4.1548E-01
-3.7885E-01	-4.0834E-01	-3.9756E-01	-3.9121E-01	-3.9108E-01
-3.5505E-01	-3.8992E-01	-3.7717E-01	-3.6967E-01	-3.6950E-01
-3.3596E-01	-3.7828E-01	-3.6262E-01	-3.5214E-01	-3.5334E-01
-3.2624E-01	-3.7732E-01	-3.5521E-01	-3.4767E-01	-3.4637E-01
-3.4991E-01	-4.0820E-01	-3.6198E-01	-3.0504E-01	-2.7215E-01
-3.1094E-01	-2.1880E-01	-6.6300E-02	4.0000E-03	3.3200E-02
-6.2200E-02	1.3480E-01	2.2850E-01	2.5900E-01	2.6640E-01
1.7610E-01	4.2930E-01	4.7720E-01	4.8430E-01	4.9350E-01
4.7270E-01	6.7490E-01	6.9160E-01	6.9100E-01	6.8810E-01
6.9630E-01	8.8960E-01	8.8860E-01	8.8620E-01	8.8490E-01
8.9000E-01	1.0801E+00	1.1145E+00	1.0714E+00	1.1059E+00
1.2378E+00	1.2284E+00	1.2456E+00	1.2223E+00	1.1683E+00
1.2546E+00	1.2800E+00	1.0715E+00	1.3145E+00	1.0021E+00
1.1072E+00	1.1574E+00	9.5548E-01	1.1963E+00	8.9716E-01
1.0175E+00	1.0584E+00	8.8662E-01	1.0776E+00	8.3731E-01
9.5506E-01	9.9034E-01	8.4235E-01	1.0068E+00	7.9987E-01
9.1224E-01	9.4305E-01	8.1383E-01	9.5745E-01	7.7674E-01
8.8250E-01	9.0967E-01	7.9570E-01	9.2237E-01	7.6298E-01
8.6165E-01	8.8580E-01	7.8449E-01	8.9709E-01	7.5541E-01
8.4684E-01	8.6843E-01	7.7785E-01	8.7852E-01	7.5185E-01
8.3607E-01	8.5546E-01	7.7411E-01	8.6453E-01	7.5076E-01
8.2789E-01	8.4537E-01	7.7206E-01	8.5353E-01	7.5101E-01
8.2120E-01	8.3699E-01	7.7077E-01	8.4436E-01	7.5176E-01
8.1517E-01	8.2945E-01	7.6954E-01	8.3613E-01	7.5234E-01
8.0914E-01	8.2207E-01	7.6781E-01	8.2812E-01	7.5224E-01
8.0260E-01	8.1432E-01	7.6516E-01	8.1980E-01	7.5105E-01
7.9515E-01	8.0576E-01	7.6124E-01	8.1072E-01	7.4845E-01
7.8645E-01	7.9606E-01	7.5576E-01	8.0055E-01	7.4419E-01
7.7625E-01	7.8494E-01	7.4850E-01	7.8900E-01	7.3804E-01
7.6434E-01	7.7218E-01	7.3930E-01	7.7585E-01	7.2986E-01
7.5057E-01	7.5763E-01	7.2802E-01	7.6093E-01	7.1952E-01
7.3482E-01	7.4116E-01	7.1456E-01	7.4413E-01	7.0693E-01
7.1700E-01	7.2268E-01	6.9887E-01	7.2533E-01	6.9203E-01
6.9707E-01	7.0213E-01	6.8089E-01	7.0449E-01	6.7480E-01
6.7499E-01	6.7948E-01	6.6063E-01	6.8158E-01	6.5522E-01
6.5077E-01	6.5473E-01	6.3808E-01	6.5659E-01	6.3330E-01
6.2443E-01	6.2791E-01	6.1329E-01	6.2954E-01	6.0910E-01
5.9601E-01	5.9905E-01	5.8631E-01	6.0047E-01	5.8265E-01
5.6559E-01	5.6822E-01	5.5720E-01	5.6944E-01	5.5403E-01
5.3324E-01	5.3549E-01	5.2605E-01	5.3654E-01	5.2334E-01
4.9906E-01	5.0096E-01	4.9297E-01	5.0186E-01	4.9067E-01
4.6316E-01	4.6476E-01	4.5808E-01	4.6550E-01	4.5616E-01
4.2569E-01	4.2700E-01	4.2150E-01	4.2761E-01	4.1992E-01
3.8677E-01	3.8782E-01	3.8339E-01	3.8832E-01	3.8212E-01
3.4655E-01	3.4739E-01	3.4390E-01	3.4778E-01	3.4290E-01
3.0522E-01	3.0585E-01	3.0319E-01	3.0615E-01	3.0243E-01
2.6293E-01	2.6340E-01	2.6145E-01	2.6362E-01	2.6089E-01
2.1988E-01	2.2020E-01	2.1885E-01	2.2035E-01	2.1846E-01
1.7625E-01	1.7646E-01	1.7560E-01	1.7656E-01	1.7535E-01
1.3225E-01	1.3236E-01	1.3188E-01	1.3242E-01	1.3174E-01
8.8064E-02	8.8115E-02	8.7900E-02	8.8139E-02	8.7838E-02
4.3911E-02	4.3924E-02	4.3870E-02	4.3930E-02	4.3855E-02
0.0000E+00	0.0000E+00	0.0000E+00	0.0000E+00	0.0000E+00
!M	CDTAB
!U	nd
1.2525E+00	1.2525E+00	1.2525E+00	1.2525E+00	1.2525E+00
1.2524E+00	1.2528E+00	1.2527E+00	1.2526E+00	1.2524E+00
1.2492E+00	1.2501E+00	1.2498E+00	1.2497E+00	1.2492E+00
1.2430E+00	1.2443E+00	1.2439E+00	1.2437E+00	1.2430E+00
1.2338E+00	1.2355E+00	1.2350E+00	1.2348E+00	1.2338E+00
1.2217E+00	1.2239E+00	1.2232E+00	1.2229E+00	1.2217E+00
1.2066E+00	1.2093E+00	1.2085E+00	1.2082E+00	1.2067E+00
1.1888E+00	1.1919E+00	1.1910E+00	1.1906E+00	1.1889E+00
1.1683E+00	1.1718E+00	1.1707E+00	1.1704E+00	1.1684E+00
1.1452E+00	1.1491E+00	1.1479E+00	1.1475E+00	1.1453E+00
1.1196E+00	1.1240E+00	1.1226E+00	1.1221E+00	1.1197E+00
1.0917E+00	1.0964E+00	1.0950E+00	1.0944E+00	1.0918E+00
1.0615E+00	1.0667E+00	1.0651E+00	1.0645E+00	1.0616E+00
1.0293E+00	1.0348E+00	1.0331E+00	1.0325E+00	1.0294E+00
9.9517E-01	1.0011E+00	9.9929E-01	9.9862E-01	9.9528E-01
9.5932E-01	9.6565E-01	9.6370E-01	9.6299E-01	9.5943E-01
9.2192E-01	9.2863E-01	9.2656E-01	9.2581E-01	9.2204E-01
8.8316E-01	8.9023E-01	8.8806E-01	8.8726E-01	8.8328E-01
8.4322E-01	8.5066E-01	8.4837E-01	8.4754E-01	8.4335E-01
8.0232E-01	8.1011E-01	8.0771E-01	8.0684E-01	8.0245E-01
7.6064E-01	7.6877E-01	7.6627E-01	7.6536E-01	7.6079E-01
7.1841E-01	7.2687E-01	7.2427E-01	7.2332E-01	7.1856E-01
6.7582E-01	6.8461E-01	6.8191E-01	6.8092E-01	6.7598E-01
6.3309E-01	6.4220E-01	6.3940E-01	6.3838E-01	6.3326E-01
5.9044E-01	5.9984E-01	5.9695E-01	5.9590E-01	5.9061E-01
5.4807E-01	5.5776E-01	5.5478E-01	5.5369E-01	5.4824E-01
5.0618E-01	5.1616E-01	5.1309E-01	5.1197E-01	5.0636E-01
4.6501E-01	4.7524E-01	4.7209E-01	4.7095E-01	4.6519E-01
4.2473E-01	4.3522E-01	4.3199E-01	4.3082E-01	4.2491E-01
3.8555E-01	3.9629E-01	3.9299E-01	3.9178E-01	3.8575E-01
3.4768E-01	3.5864E-01	3.5527E-01	3.5404E-01	3.4787E-01
3.1128E-01	3.2246E-01	3.1902E-01	3.1777E-01	3.1148E-01
2.7655E-01	2.8792E-01	2.8443E-01	2.8315E-01	2.7675E-01
2.4366E-01	2.5522E-01	2.5166E-01	2.5037E-01	2.4386E-01
2.1275E-01	2.2449E-01	2.2088E-01	2.1957E-01	2.1296E-01
1.8401E-01	1.9590E-01	1.9224E-01	1.9091E-01	1.8422E-01
1.5755E-01	1.6958E-01	1.6588E-01	1.6453E-01	1.5776E-01
1.3351E-01	1.4568E-01	1.4194E-01	1.4057E-01	1.3373E-01
1.1202E-01	1.2430E-01	1.2052E-01	1.1915E-01	1.1224E-01
9.3168E-02	1.0555E-01	1.0174E-01	1.0035E-01	9.3389E-02
7.7059E-02	8.9522E-02	8.5857E-02	8.7852E-02	7.7432E-02
6.3769E-02	7.7883E-02	7.9362E-02	6.9131E-02	7.2372E-02
5.9406E-02	6.5950E-02	5.3246E-02	2.2575E-02	2.3029E-02
4.4291E-02	2.8835E-02	2.0060E-02	1.6210E-02	1.3790E-02
2.9670E-02	2.1050E-02	1.5230E-02	1.2320E-02	1.0770E-02
2.8650E-02	1.7570E-02	1.1870E-02	9.5200E-03	8.3000E-03
3.5740E-02	1.6890E-02	1.2100E-02	1.0180E-02	9.1900E-03
4.2520E-02	1.7210E-02	1.3110E-02	1.1670E-02	1.0860E-02
4.9400E-02	1.8360E-02	1.4417E-02	1.4130E-02	1.3784E-02
3.0101E-02	3.2174E-02	1.5860E-02	2.4521E-02	2.0585E-02
4.5462E-02	5.3302E-02	3.2034E-02	4.8983E-02	3.4115E-02
6.1723E-02	7.6543E-02	4.5845E-02	6.7986E-02	5.1154E-02
7.7871E-02	9.4772E-02	6.5073E-02	8.8638E-02	7.0340E-02
9.9685E-02	1.1643E-01	8.7006E-02	1.1035E-01	9.2224E-02
1.2408E-01	1.4064E-01	1.1154E-01	1.3463E-01	1.1670E-01
1.5094E-01	1.6731E-01	1.3854E-01	1.6136E-01	1.4364E-01
1.8013E-01	1.9628E-01	1.6790E-01	1.9042E-01	1.7293E-01
2.1151E-01	2.2742E-01	1.9946E-01	2.2164E-01	2.0442E-01
2.4492E-01	2.6058E-01	2.3307E-01	2.5489E-01	2.3795E-01
2.8021E-01	2.9559E-01	2.6856E-01	2.9001E-01	2.7336E-01
3.1720E-01	3.3228E-01	3.0578E-01	3.2681E-01	3.1048E-01
3.5571E-01	3.7048E-01	3.4453E-01	3.6512E-01	3.4913E-01
3.9555E-01	4.0999E-01	3.8462E-01	4.0475E-01	3.8912E-01
4.3654E-01	4.5063E-01	4.2586E-01	4.4551E-01	4.3026E-01
4.7845E-01	4.9218E-01	4.6806E-01	4.8720E-01	4.7234E-01
5.2111E-01	5.3445E-01	5.1100E-01	5.2961E-01	5.1516E-01
5.6429E-01	5.7723E-01	5.5448E-01	5.7253E-01	5.5852E-01
6.0778E-01	6.2031E-01	5.9829E-01	6.1576E-01	6.0220E-01
6.5137E-01	6.6347E-01	6.4221E-01	6.5908E-01	6.4598E-01
6.9486E-01	7.0651E-01	6.8603E-01	7.0228E-01	6.8966E-01
7.3802E-01	7.4922E-01	7.2954E-01	7.4515E-01	7.3303E-01
7.8065E-01	7.9137E-01	7.7253E-01	7.8748E-01	7.7587E-01
8.2254E-01	8.3277E-01	8.1478E-01	8.2906E-01	8.1797E-01
8.6348E-01	8.7322E-01	8.5610E-01	8.6968E-01	8.5914E-01
9.0327E-01	9.1250E-01	8.9628E-01	9.0915E-01	8.9916E-01
9.4173E-01	9.5044E-01	9.3513E-01	9.4727E-01	9.3785E-01
9.7865E-01	9.8683E-01	9.7246E-01	9.8386E-01	9.7501E-01
1.0139E+00	1.0215E+00	1.0081E+00	1.0187E+00	1.0105E+00
1.0472E+00	1.0543E+00	1.0418E+00	1.0517E+00	1.0440E+00
1.0785E+00	1.0850E+00	1.0736E+00	1.0827E+00	1.0756E+00
1.1076E+00	1.1135E+00	1.1031E+00	1.1114E+00	1.1049E+00
1.1343E+00	1.1397E+00	1.1303E+00	1.1378E+00	1.1319E+00
1.1586E+00	1.1634E+00	1.1550E+00	1.1617E+00	1.1565E+00
1.1803E+00	1.1845E+00	1.1771E+00	1.1830E+00	1.1785E+00
1.1993E+00	1.2030E+00	1.1966E+00	1.2016E+00	1.1977E+00
1.2155E+00	1.2186E+00	1.2133E+00	1.2175E+00	1.2142E+00
1.2289E+00	1.2313E+00	1.2271E+00	1.2304E+00	1.2278E+00
1.2393E+00	1.2411E+00	1.2379E+00	1.2405E+00	1.2385E+00
1.2467E+00	1.2479E+00	1.2458E+00	1.2475E+00	1.2462E+00
1.2511E+00	1.2517E+00	1.2507E+00	1.2515E+00	1.2509E+00
1.2525E+00	1.2525E+00	1.2525E+00	1.2525E+00	1.2525E+00
!M	CMTAB
!U	nd
3.1312E-01	3.1312E-01	3.1312E-01	3.1312E-01	3.1312E-01
3.1254E-01	3.1254E-01	3.1252E-01	3.1248E-01	3.1250E-01
3.1081E-01	3.1081E-01	3.1073E-01	3.1059E-01	3.1065E-01
3.0799E-01	3.0800E-01	3.0783E-01	3.0751E-01	3.0765E-01
3.0415E-01	3.0417E-01	3.0388E-01	3.0332E-01	3.0356E-01
2.9934E-01	2.9938E-01	2.9893E-01	2.9808E-01	2.9844E-01
2.9362E-01	2.9367E-01	2.9304E-01	2.9184E-01	2.9236E-01
2.8703E-01	2.8711E-01	2.8628E-01	2.8468E-01	2.8536E-01
2.7965E-01	2.7975E-01	2.7869E-01	2.7666E-01	2.7752E-01
2.7152E-01	2.7165E-01	2.7035E-01	2.6785E-01	2.6890E-01
2.6269E-01	2.6287E-01	2.6132E-01	2.5830E-01	2.5955E-01
2.5324E-01	2.5347E-01	2.5164E-01	2.4808E-01	2.4954E-01
2.4321E-01	2.4349E-01	2.4138E-01	2.3727E-01	2.3894E-01
2.3265E-01	2.3301E-01	2.3061E-01	2.2591E-01	2.2780E-01
2.2164E-01	2.2207E-01	2.1938E-01	2.1407E-01	2.1619E-01
2.1021E-01	2.1073E-01	2.0775E-01	2.0183E-01	2.0416E-01
1.9843E-01	1.9904E-01	1.9578E-01	1.8924E-01	1.9178E-01
1.8636E-01	1.8708E-01	1.8353E-01	1.7638E-01	1.7911E-01
1.7405E-01	1.7489E-01	1.7106E-01	1.6329E-01	1.6622E-01
1.6155E-01	1.6252E-01	1.5843E-01	1.5005E-01	1.5316E-01
1.4893E-01	1.5005E-01	1.4569E-01	1.3672E-01	1.3999E-01
1.3624E-01	1.3751E-01	1.3292E-01	1.2337E-01	1.2678E-01
1.2353E-01	1.2498E-01	1.2016E-01	1.1006E-01	1.1360E-01
1.1087E-01	1.1250E-01	1.0749E-01	9.6848E-02	1.0049E-01
9.8304E-02	1.0014E-01	9.4951E-02	8.3809E-02	8.7522E-02
8.5893E-02	8.7944E-02	8.2611E-02	7.1004E-02	7.4762E-02
7.3694E-02	7.5979E-02	7.0528E-02	5.8496E-02	6.2267E-02
6.1762E-02	6.4298E-02	5.8762E-02	4.6350E-02	5.0101E-02
5.0153E-02	5.2958E-02	4.7374E-02	3.4630E-02	3.8325E-02
3.8925E-02	4.2017E-02	3.6421E-02	2.3401E-02	2.7000E-02
2.8133E-02	3.1530E-02	2.5966E-02	1.2727E-02	1.6188E-02
1.7833E-02	2.1556E-02	1.6066E-02	2.6730E-03	5.9510E-03
8.0820E-03	1.2151E-02	6.7820E-03	-6.6990E-03	-3.6490E-03
-1.0630E-03	3.3710E-03	-1.8260E-03	-1.5322E-02	-1.2551E-02
-9.5470E-03	-4.7260E-03	-9.7000E-03	-2.3133E-02	-2.0692E-02
-1.7313E-02	-1.2083E-02	-1.6778E-02	-3.0067E-02	-2.8012E-02
-2.4306E-02	-1.8644E-02	-2.3002E-02	-3.6060E-02	-3.4447E-02
-3.0468E-02	-2.4352E-02	-2.8312E-02	-4.1048E-02	-3.9938E-02
-3.5743E-02	-2.9150E-02	-3.2648E-02	-4.4966E-02	-4.4421E-02
-4.0075E-02	-3.2980E-02	-3.5950E-02	-4.7750E-02	-4.7836E-02
-4.3408E-02	-3.5787E-02	-3.8150E-02	-4.6518E-02	-4.9994E-02
-4.5686E-02	-3.7133E-02	-3.5539E-02	-5.1759E-02	-4.5544E-02
-4.2552E-02	-3.8100E-02	-4.6926E-02	-7.7247E-02	-8.1488E-02
-4.6185E-02	-6.1526E-02	-8.5300E-02	-9.6600E-02	-1.0135E-01
-5.7100E-02	-8.9400E-02	-1.0260E-01	-1.0550E-01	-1.0500E-01
-6.8600E-02	-1.0340E-01	-1.0640E-01	-1.0530E-01	-1.0400E-01
-9.2500E-02	-1.0630E-01	-1.0430E-01	-1.0250E-01	-1.0120E-01
-9.9100E-02	-1.0240E-01	-9.8700E-02	-9.7800E-02	-9.7400E-02
-9.7000E-02	-9.4700E-02	-9.1552E-02	-9.2300E-02	-9.0212E-02
-7.9252E-02	-7.2330E-02	-6.9700E-02	-7.6083E-02	-8.1604E-02
-4.6212E-02	-5.3148E-02	-6.9240E-02	-5.5474E-02	-8.2088E-02
-4.7851E-02	-4.2807E-02	-7.1381E-02	-5.1531E-02	-8.3391E-02
-4.9359E-02	-4.7110E-02	-7.3419E-02	-5.2883E-02	-8.5407E-02
-5.1788E-02	-4.9264E-02	-7.6199E-02	-5.5088E-02	-8.8121E-02
-5.5053E-02	-5.2294E-02	-7.9678E-02	-5.8140E-02	-9.1491E-02
-5.9107E-02	-5.6147E-02	-8.3814E-02	-6.1988E-02	-9.5477E-02
-6.3897E-02	-6.0774E-02	-8.8564E-02	-6.6582E-02	-1.0004E-01
-6.9377E-02	-6.6123E-02	-9.3887E-02	-7.1873E-02	-1.0514E-01
-7.5495E-02	-7.2143E-02	-9.9739E-02	-7.7812E-02	-1.1074E-01
-8.2203E-02	-7.8782E-02	-1.0608E-01	-8.4350E-02	-1.1679E-01
-8.9452E-02	-8.5990E-02	-1.1286E-01	-9.1435E-02	-1.2326E-01
-9.7191E-02	-9.3716E-02	-1.2005E-01	-9.9019E-02	-1.3011E-01
-1.0537E-01	-1.0191E-01	-1.2760E-01	-1.0705E-01	-1.3729E-01
-1.1395E-01	-1.1052E-01	-1.3546E-01	-1.1549E-01	-1.4478E-01
-1.2286E-01	-1.1949E-01	-1.4361E-01	-1.2427E-01	-1.5252E-01
-1.3207E-01	-1.2877E-01	-1.5198E-01	-1.3335E-01	-1.6047E-01
-1.4152E-01	-1.3832E-01	-1.6054E-01	-1.4269E-01	-1.6860E-01
-1.5117E-01	-1.4807E-01	-1.6926E-01	-1.5222E-01	-1.7688E-01
-1.6096E-01	-1.5799E-01	-1.7808E-01	-1.6191E-01	-1.8524E-01
-1.7085E-01	-1.6802E-01	-1.8696E-01	-1.7170E-01	-1.9367E-01
-1.8078E-01	-1.7810E-01	-1.9586E-01	-1.8155E-01	-2.0211E-01
-1.9071E-01	-1.8819E-01	-2.0475E-01	-1.9139E-01	-2.1053E-01
-2.0059E-01	-1.9823E-01	-2.1357E-01	-2.0119E-01	-2.1889E-01
-2.1037E-01	-2.0818E-01	-2.2228E-01	-2.1090E-01	-2.2715E-01
-2.2000E-01	-2.1799E-01	-2.3084E-01	-2.2045E-01	-2.3526E-01
-2.2942E-01	-2.2759E-01	-2.3922E-01	-2.2982E-01	-2.4319E-01
-2.3860E-01	-2.3694E-01	-2.4736E-01	-2.3893E-01	-2.5090E-01
-2.4747E-01	-2.4600E-01	-2.5522E-01	-2.4776E-01	-2.5834E-01
-2.5600E-01	-2.5470E-01	-2.6277E-01	-2.5624E-01	-2.6549E-01
-2.6413E-01	-2.6300E-01	-2.6996E-01	-2.6432E-01	-2.7229E-01
-2.7181E-01	-2.7085E-01	-2.7675E-01	-2.7197E-01	-2.7871E-01
-2.7899E-01	-2.7819E-01	-2.8308E-01	-2.7912E-01	-2.8471E-01
-2.8563E-01	-2.8498E-01	-2.8894E-01	-2.8573E-01	-2.9025E-01
-2.9167E-01	-2.9116E-01	-2.9426E-01	-2.9174E-01	-2.9528E-01
-2.9706E-01	-2.9668E-01	-2.9901E-01	-2.9712E-01	-2.9978E-01
-3.0177E-01	-3.0149E-01	-3.0315E-01	-3.0180E-01	-3.0369E-01
-3.0572E-01	-3.0554E-01	-3.0662E-01	-3.0575E-01	-3.0698E-01
-3.0889E-01	-3.0878E-01	-3.0940E-01	-3.0890E-01	-3.0961E-01
-3.1121E-01	-3.1116E-01	-3.1144E-01	-3.1121E-01	-3.1154E-01
-3.1264E-01	-3.1262E-01	-3.1270E-01	-3.1264E-01	-3.1272E-01
-3.1312E-01	-3.1312E-01	-3.1312E-01	-3.1312E-01	-3.1312E-01
