!T	AOACL
!U	deg
-90	
-88	
-86	
-84	
-82	
-80	
-78	
-76	
-74	
-72	
-70	
-68	
-66	
-64	
-62	
-60	
-58	
-56	
-54	
-52	
-50	
-48	
-46	
-44	
-42	
-40	
-38	
-36	
-34	
-32	
-30	
-28	
-26	
-24	
-22	
-20	
-18	
-16	
-14	
-12	
-10	
-8	
-6	
-4	
-2	
0	
2	
4	
6	
8	
10	
12	
14	
16	
18	
20	
22	
24	
26	
28	
30	
32	
34	
36	
38	
40	
42	
44	
46	
48	
50	
52	
54	
56	
58	
60	
62	
64	
66	
68	
70	
72	
74	
76	
78	
80	
82	
84	
86	
88	
90	
!T	AOACD
!U	deg
-90	
-88	
-86	
-84	
-82	
-80	
-78	
-76	
-74	
-72	
-70	
-68	
-66	
-64	
-62	
-60	
-58	
-56	
-54	
-52	
-50	
-48	
-46	
-44	
-42	
-40	
-38	
-36	
-34	
-32	
-30	
-28	
-26	
-24	
-22	
-20	
-18	
-16	
-14	
-12	
-10	
-8	
-6	
-4	
-2	
0	
2	
4	
6	
8	
10	
12	
14	
16	
18	
20	
22	
24	
26	
28	
30	
32	
34	
36	
38	
40	
42	
44	
46	
48	
50	
52	
54	
56	
58	
60	
62	
64	
66	
68	
70	
72	
74	
76	
78	
80	
82	
84	
86	
88	
90	
!T	AOACM
!U	deg
-90	
-88	
-86	
-84	
-82	
-80	
-78	
-76	
-74	
-72	
-70	
-68	
-66	
-64	
-62	
-60	
-58	
-56	
-54	
-52	
-50	
-48	
-46	
-44	
-42	
-40	
-38	
-36	
-34	
-32	
-30	
-28	
-26	
-24	
-22	
-20	
-18	
-16	
-14	
-12	
-10	
-8	
-6	
-4	
-2	
0	
2	
4	
6	
8	
10	
12	
14	
16	
18	
20	
22	
24	
26	
28	
30	
32	
34	
36	
38	
40	
42	
44	
46	
48	
50	
52	
54	
56	
58	
60	
62	
64	
66	
68	
70	
72	
74	
76	
78	
80	
82	
84	
86	
88	
90	
!T	RECL
!U	nd
50000	
100000	
150000	
200000	
250000	
!T	RECD
!U	nd
50000	
100000	
150000	
200000	
250000	
!T	RECM
!U	nd
50000	
100000	
150000	
200000	
250000	
!M	CLTAB
!U	nd
-0.0000E+00	-0.0000E+00	-0.0000E+00	-0.0000E+00	-0.0000E+00
-4.2641E-02	-4.2631E-02	-4.2637E-02	-4.2641E-02	-4.2626E-02
-8.5138E-02	-8.5099E-02	-8.5122E-02	-8.5137E-02	-8.5078E-02
-1.2728E-01	-1.2720E-01	-1.2725E-01	-1.2728E-01	-1.2715E-01
-1.6888E-01	-1.6872E-01	-1.6881E-01	-1.6887E-01	-1.6864E-01
-2.0971E-01	-2.0947E-01	-2.0961E-01	-2.0970E-01	-2.0933E-01
-2.4960E-01	-2.4924E-01	-2.4945E-01	-2.4958E-01	-2.4905E-01
-2.8833E-01	-2.8785E-01	-2.8814E-01	-2.8832E-01	-2.8759E-01
-3.2574E-01	-3.2511E-01	-3.2549E-01	-3.2572E-01	-3.2477E-01
-3.6164E-01	-3.6084E-01	-3.6132E-01	-3.6162E-01	-3.6041E-01
-3.9587E-01	-3.9487E-01	-3.9546E-01	-3.9584E-01	-3.9433E-01
-4.2825E-01	-4.2704E-01	-4.2776E-01	-4.2821E-01	-4.2639E-01
-4.5864E-01	-4.5719E-01	-4.5805E-01	-4.5859E-01	-4.5641E-01
-4.8689E-01	-4.8518E-01	-4.8620E-01	-4.8684E-01	-4.8426E-01
-5.1288E-01	-5.1088E-01	-5.1207E-01	-5.1282E-01	-5.0981E-01
-5.3649E-01	-5.3418E-01	-5.3555E-01	-5.3642E-01	-5.3294E-01
-5.5761E-01	-5.5495E-01	-5.5653E-01	-5.5753E-01	-5.5353E-01
-5.7614E-01	-5.7312E-01	-5.7492E-01	-5.7605E-01	-5.7150E-01
-5.9202E-01	-5.8860E-01	-5.9064E-01	-5.9192E-01	-5.8676E-01
-6.0517E-01	-6.0132E-01	-6.0361E-01	-6.0506E-01	-5.9925E-01
-6.1555E-01	-6.1123E-01	-6.1380E-01	-6.1542E-01	-6.0891E-01
-6.2312E-01	-6.1830E-01	-6.2117E-01	-6.2298E-01	-6.1571E-01
-6.2787E-01	-6.2250E-01	-6.2570E-01	-6.2771E-01	-6.1962E-01
-6.2979E-01	-6.2383E-01	-6.2738E-01	-6.2961E-01	-6.2063E-01
-6.2891E-01	-6.2230E-01	-6.2623E-01	-6.2871E-01	-6.1875E-01
-6.2525E-01	-6.1794E-01	-6.2229E-01	-6.2502E-01	-6.1401E-01
-6.1887E-01	-6.1079E-01	-6.1559E-01	-6.1862E-01	-6.0645E-01
-6.0984E-01	-6.0092E-01	-6.0623E-01	-6.0957E-01	-5.9613E-01
-5.9826E-01	-5.8841E-01	-5.9427E-01	-5.9795E-01	-5.8313E-01
-5.8424E-01	-5.7337E-01	-5.7983E-01	-5.8391E-01	-5.6753E-01
-5.6793E-01	-5.5592E-01	-5.6306E-01	-5.6756E-01	-5.4947E-01
-5.4951E-01	-5.3621E-01	-5.4412E-01	-5.4910E-01	-5.2907E-01
-5.2917E-01	-5.1442E-01	-5.2319E-01	-5.2872E-01	-5.0649E-01
-5.0719E-01	-4.9076E-01	-5.0054E-01	-5.0669E-01	-4.8194E-01
-4.8389E-01	-4.6551E-01	-4.7644E-01	-4.8332E-01	-4.5564E-01
-4.5965E-01	-4.3897E-01	-4.5127E-01	-4.5901E-01	-4.2787E-01
-4.3501E-01	-4.1157E-01	-4.2551E-01	-4.3429E-01	-3.9898E-01
-4.1070E-01	-3.8386E-01	-3.9983E-01	-4.0988E-01	-3.6944E-01
-3.8778E-01	-3.5662E-01	-3.7515E-01	-3.8682E-01	-3.3988E-01
-3.6789E-01	-3.3104E-01	-3.5296E-01	-3.6395E-01	-3.1125E-01
-3.5388E-01	-3.0916E-01	-3.3703E-01	-3.5039E-01	-2.8514E-01
-3.5012E-01	-2.9483E-01	-3.2652E-01	-3.2485E-01	-2.6824E-01
-3.6939E-01	-3.0180E-01	-2.9952E-01	-2.9960E-01	-2.3190E-01
-2.6447E-01	-3.0440E-01	-1.4860E-01	-1.3206E-01	-8.2553E-02
2.9100E-02	7.4343E-02	2.0050E-01	2.4080E-01	2.6670E-01
1.9920E-01	4.0240E-01	4.6710E-01	4.8310E-01	4.8150E-01
4.8310E-01	6.7170E-01	6.8780E-01	6.8720E-01	6.8450E-01
7.3150E-01	9.1027E-01	8.9230E-01	8.8165E-01	8.7150E-01
9.8240E-01	1.0657E+00	1.0735E+00	1.0694E+00	1.0909E+00
1.1647E+00	1.1956E+00	1.1535E+00	1.1723E+00	1.1250E+00
1.1630E+00	1.0383E+00	9.9677E-01	1.0171E+00	9.5517E-01
1.0208E+00	9.2995E-01	8.9184E-01	9.0412E-01	8.5995E-01
9.4141E-01	8.6310E-01	8.3087E-01	8.4125E-01	8.0390E-01
8.8760E-01	8.2015E-01	7.9239E-01	8.0133E-01	7.6916E-01
8.5142E-01	7.9252E-01	7.6828E-01	7.7608E-01	7.4799E-01
8.2693E-01	7.7498E-01	7.5360E-01	7.6049E-01	7.3571E-01
8.1035E-01	7.6417E-01	7.4517E-01	7.5129E-01	7.2927E-01
7.9909E-01	7.5780E-01	7.4081E-01	7.4628E-01	7.2659E-01
7.9133E-01	7.5425E-01	7.3899E-01	7.4391E-01	7.2622E-01
7.8574E-01	7.5233E-01	7.3857E-01	7.4300E-01	7.2706E-01
7.8132E-01	7.5114E-01	7.3871E-01	7.4272E-01	7.2832E-01
7.7731E-01	7.5000E-01	7.3876E-01	7.4238E-01	7.2935E-01
7.7311E-01	7.4838E-01	7.3820E-01	7.4148E-01	7.2968E-01
7.6825E-01	7.4584E-01	7.3662E-01	7.3959E-01	7.2890E-01
7.6235E-01	7.4206E-01	7.3370E-01	7.3639E-01	7.2671E-01
7.5512E-01	7.3675E-01	7.2919E-01	7.3163E-01	7.2286E-01
7.4632E-01	7.2971E-01	7.2288E-01	7.2508E-01	7.1716E-01
7.3576E-01	7.2078E-01	7.1461E-01	7.1659E-01	7.0944E-01
7.2330E-01	7.0981E-01	7.0425E-01	7.0604E-01	6.9960E-01
7.0883E-01	6.9671E-01	6.9172E-01	6.9333E-01	6.8755E-01
6.9228E-01	6.8143E-01	6.7696E-01	6.7840E-01	6.7322E-01
6.7360E-01	6.6392E-01	6.5994E-01	6.6122E-01	6.5660E-01
6.5277E-01	6.4418E-01	6.4064E-01	6.4178E-01	6.3768E-01
6.2980E-01	6.2221E-01	6.1909E-01	6.2009E-01	6.1647E-01
6.0471E-01	5.9805E-01	5.9531E-01	5.9619E-01	5.9301E-01
5.7756E-01	5.7175E-01	5.6936E-01	5.7013E-01	5.6736E-01
5.4839E-01	5.4337E-01	5.4130E-01	5.4197E-01	5.3957E-01
5.1731E-01	5.1301E-01	5.1123E-01	5.1181E-01	5.0975E-01
4.8440E-01	4.8075E-01	4.7925E-01	4.7974E-01	4.7800E-01
4.4978E-01	4.4673E-01	4.4548E-01	4.4588E-01	4.4443E-01
4.1358E-01	4.1107E-01	4.1004E-01	4.1037E-01	4.0918E-01
3.7593E-01	3.7391E-01	3.7308E-01	3.7334E-01	3.7238E-01
3.3699E-01	3.3540E-01	3.3474E-01	3.3495E-01	3.3419E-01
2.9691E-01	2.9570E-01	2.9520E-01	2.9536E-01	2.9478E-01
2.5588E-01	2.5499E-01	2.5463E-01	2.5474E-01	2.5432E-01
2.1407E-01	2.1345E-01	2.1320E-01	2.1328E-01	2.1299E-01
1.7166E-01	1.7127E-01	1.7110E-01	1.7116E-01	1.7097E-01
1.2885E-01	1.2863E-01	1.2854E-01	1.2856E-01	1.2846E-01
8.5832E-02	8.5734E-02	8.5693E-02	8.5706E-02	8.5660E-02
4.2815E-02	4.2790E-02	4.2780E-02	4.2783E-02	4.2771E-02
0.0000E+00	0.0000E+00	0.0000E+00	0.0000E+00	0.0000E+00
!M	CDTAB
!U	nd
1.2217E+00	1.2217E+00	1.2217E+00	1.2217E+00	1.2217E+00
1.2227E+00	1.2223E+00	1.2226E+00	1.2228E+00	1.2226E+00
1.2208E+00	1.2199E+00	1.2206E+00	1.2209E+00	1.2205E+00
1.2160E+00	1.2145E+00	1.2156E+00	1.2161E+00	1.2155E+00
1.2082E+00	1.2063E+00	1.2077E+00	1.2083E+00	1.2075E+00
1.1976E+00	1.1951E+00	1.1969E+00	1.1977E+00	1.1967E+00
1.1841E+00	1.1812E+00	1.1833E+00	1.1842E+00	1.1831E+00
1.1679E+00	1.1645E+00	1.1669E+00	1.1681E+00	1.1667E+00
1.1491E+00	1.1452E+00	1.1480E+00	1.1492E+00	1.1477E+00
1.1277E+00	1.1234E+00	1.1264E+00	1.1279E+00	1.1262E+00
1.1039E+00	1.0991E+00	1.1025E+00	1.1041E+00	1.1022E+00
1.0777E+00	1.0725E+00	1.0762E+00	1.0779E+00	1.0759E+00
1.0494E+00	1.0437E+00	1.0478E+00	1.0497E+00	1.0474E+00
1.0191E+00	1.0130E+00	1.0173E+00	1.0193E+00	1.0169E+00
9.8686E-01	9.8031E-01	9.8496E-01	9.8715E-01	9.8457E-01
9.5295E-01	9.4596E-01	9.5092E-01	9.5325E-01	9.5050E-01
9.1750E-01	9.1010E-01	9.1535E-01	9.1782E-01	9.1491E-01
8.8070E-01	8.7289E-01	8.7843E-01	8.8103E-01	8.7796E-01
8.4273E-01	8.3452E-01	8.4035E-01	8.4308E-01	8.3986E-01
8.0379E-01	7.9520E-01	8.0130E-01	8.0416E-01	8.0078E-01
7.6408E-01	7.5511E-01	7.6148E-01	7.6447E-01	7.6094E-01
7.2379E-01	7.1445E-01	7.2108E-01	7.2420E-01	7.2052E-01
6.8314E-01	6.7344E-01	6.8032E-01	6.8355E-01	6.7974E-01
6.4231E-01	6.3227E-01	6.3940E-01	6.4274E-01	6.3880E-01
6.0153E-01	5.9115E-01	5.9852E-01	6.0197E-01	5.9789E-01
5.6099E-01	5.5029E-01	5.5788E-01	5.6145E-01	5.5724E-01
5.2090E-01	5.0989E-01	5.1770E-01	5.2137E-01	5.1704E-01
4.8145E-01	4.7016E-01	4.7818E-01	4.8194E-01	4.7750E-01
4.4286E-01	4.3128E-01	4.3950E-01	4.4336E-01	4.3881E-01
4.0531E-01	3.9346E-01	4.0187E-01	4.0581E-01	4.0116E-01
3.6898E-01	3.5689E-01	3.6547E-01	3.6950E-01	3.6474E-01
3.3407E-01	3.2173E-01	3.3049E-01	3.3459E-01	3.2975E-01
3.0073E-01	2.8818E-01	2.9709E-01	3.0128E-01	2.9634E-01
2.6916E-01	2.5640E-01	2.6545E-01	2.6971E-01	2.6469E-01
2.3949E-01	2.2654E-01	2.3573E-01	2.4005E-01	2.3495E-01
2.1188E-01	1.9876E-01	2.0807E-01	2.1244E-01	2.0728E-01
1.8646E-01	1.7318E-01	1.8261E-01	1.8704E-01	1.8181E-01
1.6337E-01	1.4995E-01	1.5947E-01	1.6395E-01	1.5867E-01
1.4272E-01	1.2917E-01	1.3878E-01	1.4330E-01	1.3797E-01
1.2460E-01	1.1094E-01	1.2064E-01	1.2860E-01	1.1982E-01
1.0912E-01	9.5368E-02	1.0809E-01	1.1010E-01	1.0430E-01
9.7829E-02	8.2517E-02	9.2270E-02	9.8349E-02	9.2536E-02
8.6238E-02	7.4653E-02	7.9877E-02	8.6415E-02	7.5368E-02
5.5017E-02	5.6525E-02	4.1295E-02	3.6754E-02	3.3274E-02
2.5040E-02	1.7893E-02	1.4550E-02	1.2420E-02	1.0750E-02
2.3030E-02	1.6830E-02	1.1730E-02	9.1400E-03	7.7800E-03
3.0690E-02	1.6350E-02	1.1400E-02	9.4100E-03	8.4400E-03
3.7770E-02	1.5800E-02	1.2230E-02	1.0855E-02	9.9400E-03
3.2340E-02	1.7098E-02	1.8267E-02	1.6324E-02	1.5722E-02
4.3747E-02	2.5236E-02	4.9060E-02	2.7490E-02	2.2977E-02
7.3350E-02	5.2165E-02	6.5336E-02	3.9670E-02	3.6906E-02
9.0370E-02	6.1048E-02	7.7896E-02	5.6590E-02	5.3190E-02
1.0772E-01	7.9672E-02	9.6385E-02	7.5250E-02	7.1878E-02
1.2870E-01	1.0091E-01	1.1747E-01	9.6532E-02	9.3192E-02
1.5216E-01	1.2467E-01	1.4105E-01	1.2033E-01	1.1703E-01
1.7799E-01	1.5082E-01	1.6701E-01	1.4654E-01	1.4327E-01
2.0605E-01	1.7925E-01	1.9522E-01	1.7502E-01	1.7180E-01
2.3621E-01	2.0980E-01	2.2554E-01	2.0564E-01	2.0246E-01
2.6832E-01	2.4234E-01	2.5782E-01	2.3824E-01	2.3512E-01
3.0222E-01	2.7670E-01	2.9190E-01	2.7267E-01	2.6960E-01
3.3775E-01	3.1271E-01	3.2763E-01	3.0876E-01	3.0575E-01
3.7472E-01	3.5020E-01	3.6481E-01	3.4634E-01	3.4339E-01
4.1296E-01	3.8899E-01	4.0327E-01	3.8521E-01	3.8233E-01
4.5228E-01	4.2889E-01	4.4282E-01	4.2520E-01	4.2239E-01
4.9248E-01	4.6970E-01	4.8327E-01	4.6610E-01	4.6337E-01
5.3336E-01	5.1121E-01	5.2441E-01	5.0772E-01	5.0506E-01
5.7473E-01	5.5324E-01	5.6604E-01	5.4985E-01	5.4727E-01
6.1637E-01	5.9557E-01	6.0796E-01	5.9230E-01	5.8979E-01
6.5808E-01	6.3800E-01	6.4997E-01	6.3484E-01	6.3242E-01
6.9966E-01	6.8032E-01	6.9184E-01	6.7727E-01	6.7494E-01
7.4090E-01	7.2232E-01	7.3339E-01	7.1939E-01	7.1715E-01
7.8159E-01	7.6379E-01	7.7440E-01	7.6099E-01	7.5885E-01
8.2153E-01	8.0454E-01	8.1466E-01	8.0186E-01	7.9982E-01
8.6053E-01	8.4436E-01	8.5400E-01	8.4181E-01	8.3987E-01
8.9839E-01	8.8307E-01	8.9219E-01	8.8065E-01	8.7881E-01
9.3492E-01	9.2046E-01	9.2907E-01	9.1818E-01	9.1644E-01
9.6993E-01	9.5636E-01	9.6445E-01	9.5422E-01	9.5259E-01
1.0033E+00	9.9059E-01	9.9814E-01	9.8859E-01	9.8707E-01
1.0347E+00	1.0230E+00	1.0300E+00	1.0211E+00	1.0197E+00
1.0642E+00	1.0534E+00	1.0598E+00	1.0517E+00	1.0504E+00
1.0915E+00	1.0816E+00	1.0875E+00	1.0801E+00	1.0789E+00
1.1165E+00	1.1076E+00	1.1129E+00	1.1062E+00	1.1051E+00
1.1391E+00	1.1312E+00	1.1359E+00	1.1299E+00	1.1290E+00
1.1592E+00	1.1522E+00	1.1564E+00	1.1511E+00	1.1503E+00
1.1766E+00	1.1706E+00	1.1742E+00	1.1697E+00	1.1689E+00
1.1913E+00	1.1863E+00	1.1893E+00	1.1855E+00	1.1849E+00
1.2032E+00	1.1992E+00	1.2016E+00	1.1985E+00	1.1981E+00
1.2122E+00	1.2092E+00	1.2110E+00	1.2087E+00	1.2084E+00
1.2183E+00	1.2163E+00	1.2175E+00	1.2160E+00	1.2157E+00
1.2215E+00	1.2205E+00	1.2211E+00	1.2203E+00	1.2202E+00
1.2217E+00	1.2217E+00	1.2217E+00	1.2217E+00	1.2217E+00
!M	CMTAB
!U	nd
3.0542E-01	3.0542E-01	3.0542E-01	3.0542E-01	3.0542E-01
3.0488E-01	3.0487E-01	3.0482E-01	3.0480E-01	3.0482E-01
3.0329E-01	3.0326E-01	3.0308E-01	3.0300E-01	3.0307E-01
3.0071E-01	3.0064E-01	3.0024E-01	3.0007E-01	3.0023E-01
2.9719E-01	2.9707E-01	2.9638E-01	2.9609E-01	2.9635E-01
2.9278E-01	2.9260E-01	2.9154E-01	2.9110E-01	2.9150E-01
2.8753E-01	2.8727E-01	2.8579E-01	2.8518E-01	2.8572E-01
2.8150E-01	2.8114E-01	2.7918E-01	2.7839E-01	2.7909E-01
2.7474E-01	2.7426E-01	2.7178E-01	2.7079E-01	2.7165E-01
2.6730E-01	2.6669E-01	2.6364E-01	2.6244E-01	2.6346E-01
2.5924E-01	2.5847E-01	2.5483E-01	2.5341E-01	2.5459E-01
2.5060E-01	2.4966E-01	2.4540E-01	2.4375E-01	2.4509E-01
2.4144E-01	2.4031E-01	2.3541E-01	2.3354E-01	2.3502E-01
2.3181E-01	2.3048E-01	2.2493E-01	2.2284E-01	2.2444E-01
2.2176E-01	2.2021E-01	2.1400E-01	2.1170E-01	2.1340E-01
2.1135E-01	2.0955E-01	2.0269E-01	2.0019E-01	2.0196E-01
2.0063E-01	1.9856E-01	1.9106E-01	1.8837E-01	1.9019E-01
1.8965E-01	1.8729E-01	1.7917E-01	1.7631E-01	1.7814E-01
1.7847E-01	1.7580E-01	1.6708E-01	1.6407E-01	1.6587E-01
1.6712E-01	1.6413E-01	1.5484E-01	1.5172E-01	1.5343E-01
1.5568E-01	1.5233E-01	1.4251E-01	1.3931E-01	1.4089E-01
1.4419E-01	1.4047E-01	1.3016E-01	1.2690E-01	1.2830E-01
1.3270E-01	1.2858E-01	1.1784E-01	1.1457E-01	1.1572E-01
1.2127E-01	1.1673E-01	1.0562E-01	1.0237E-01	1.0321E-01
1.0994E-01	1.0496E-01	9.3547E-02	9.0363E-02	9.0825E-02
9.8779E-02	9.3326E-02	8.1684E-02	7.8619E-02	7.8627E-02
8.7828E-02	8.1883E-02	7.0092E-02	6.7197E-02	6.6674E-02
7.7143E-02	7.0680E-02	5.8828E-02	5.6160E-02	5.5021E-02
6.6776E-02	5.9770E-02	4.7953E-02	4.5571E-02	4.3729E-02
5.6779E-02	4.9205E-02	3.7525E-02	3.5493E-02	3.2855E-02
4.7205E-02	3.9037E-02	2.7604E-02	2.5989E-02	2.2457E-02
3.8107E-02	2.9317E-02	1.8248E-02	1.7121E-02	1.2593E-02
2.9537E-02	2.0098E-02	9.5160E-03	8.9530E-03	3.3210E-03
2.1547E-02	1.1433E-02	1.4690E-03	1.5480E-03	-5.3000E-03
1.4189E-02	3.3720E-03	-5.8350E-03	-5.0320E-03	-1.3212E-02
7.5170E-03	-4.0320E-03	-1.2337E-02	-1.0724E-02	-2.0357E-02
1.5830E-03	-1.0727E-02	-1.7978E-02	-1.5465E-02	-2.6677E-02
-3.5610E-03	-1.6660E-02	-2.2698E-02	-1.9192E-02	-3.2114E-02
-7.8620E-03	-2.1781E-02	-2.6438E-02	-2.1842E-02	-3.6609E-02
-1.1268E-02	-2.6036E-02	-2.9140E-02	-2.2407E-02	-4.0105E-02
-1.3727E-02	-2.9374E-02	-2.9831E-02	-2.4600E-02	-4.2544E-02
-1.6252E-02	-3.1743E-02	-3.1581E-02	-3.0769E-02	-4.2742E-02
-1.5759E-02	-3.2553E-02	-3.7031E-02	-3.6679E-02	-4.8919E-02
-3.6463E-02	-3.8048E-02	-5.9300E-02	-6.7260E-02	-7.6013E-02
-6.5900E-02	-7.3593E-02	-9.4000E-02	-1.0190E-01	-1.0510E-01
-6.3900E-02	-9.9100E-02	-1.0660E-01	-1.0630E-01	-1.0480E-01
-9.1500E-02	-1.0950E-01	-1.0650E-01	-1.0410E-01	-1.0250E-01
-1.0780E-01	-1.0240E-01	-1.0010E-01	-9.9550E-02	-9.9500E-02
-1.0260E-01	-9.1696E-02	-9.0741E-02	-9.0333E-02	-9.0903E-02
-6.2709E-02	-6.8393E-02	-8.0000E-02	-7.4500E-02	-8.3915E-02
-4.8389E-02	-6.8029E-02	-8.0903E-02	-7.4875E-02	-8.4486E-02
-5.0652E-02	-6.8558E-02	-8.1557E-02	-7.6095E-02	-8.5805E-02
-5.2107E-02	-7.0471E-02	-8.3444E-02	-7.8028E-02	-8.7809E-02
-5.4531E-02	-7.3119E-02	-8.6018E-02	-8.0665E-02	-9.0470E-02
-5.7748E-02	-7.6461E-02	-8.9240E-02	-8.3965E-02	-9.3751E-02
-6.1712E-02	-8.0455E-02	-9.3069E-02	-8.7888E-02	-9.7615E-02
-6.6376E-02	-8.5058E-02	-9.7469E-02	-9.2395E-02	-1.0202E-01
-7.1693E-02	-9.0229E-02	-1.0240E-01	-9.7444E-02	-1.0694E-01
-7.7615E-02	-9.5926E-02	-1.0782E-01	-1.0300E-01	-1.1232E-01
-8.4096E-02	-1.0211E-01	-1.1369E-01	-1.0901E-01	-1.1814E-01
-9.1088E-02	-1.0873E-01	-1.1997E-01	-1.1545E-01	-1.2434E-01
-9.8545E-02	-1.1576E-01	-1.2663E-01	-1.2226E-01	-1.3090E-01
-1.0642E-01	-1.2314E-01	-1.3362E-01	-1.2942E-01	-1.3778E-01
-1.1466E-01	-1.3084E-01	-1.4090E-01	-1.3689E-01	-1.4494E-01
-1.2323E-01	-1.3881E-01	-1.4844E-01	-1.4461E-01	-1.5234E-01
-1.3208E-01	-1.4702E-01	-1.5619E-01	-1.5255E-01	-1.5995E-01
-1.4115E-01	-1.5542E-01	-1.6412E-01	-1.6068E-01	-1.6772E-01
-1.5041E-01	-1.6396E-01	-1.7219E-01	-1.6894E-01	-1.7561E-01
-1.5980E-01	-1.7262E-01	-1.8036E-01	-1.7731E-01	-1.8360E-01
-1.6928E-01	-1.8134E-01	-1.8859E-01	-1.8574E-01	-1.9164E-01
-1.7880E-01	-1.9008E-01	-1.9683E-01	-1.9418E-01	-1.9969E-01
-1.8831E-01	-1.9881E-01	-2.0506E-01	-2.0261E-01	-2.0772E-01
-1.9778E-01	-2.0747E-01	-2.1322E-01	-2.1097E-01	-2.1569E-01
-2.0714E-01	-2.1604E-01	-2.2129E-01	-2.1924E-01	-2.2356E-01
-2.1635E-01	-2.2446E-01	-2.2922E-01	-2.2736E-01	-2.3129E-01
-2.2537E-01	-2.3269E-01	-2.3698E-01	-2.3531E-01	-2.3885E-01
-2.3415E-01	-2.4070E-01	-2.4452E-01	-2.4303E-01	-2.4619E-01
-2.4264E-01	-2.4843E-01	-2.5180E-01	-2.5049E-01	-2.5328E-01
-2.5080E-01	-2.5586E-01	-2.5879E-01	-2.5765E-01	-2.6008E-01
-2.5858E-01	-2.6293E-01	-2.6545E-01	-2.6447E-01	-2.6656E-01
-2.6592E-01	-2.6960E-01	-2.7173E-01	-2.7091E-01	-2.7267E-01
-2.7279E-01	-2.7584E-01	-2.7760E-01	-2.7692E-01	-2.7838E-01
-2.7914E-01	-2.8160E-01	-2.8302E-01	-2.8247E-01	-2.8365E-01
-2.8491E-01	-2.8684E-01	-2.8795E-01	-2.8752E-01	-2.8844E-01
-2.9007E-01	-2.9152E-01	-2.9235E-01	-2.9203E-01	-2.9272E-01
-2.9456E-01	-2.9559E-01	-2.9618E-01	-2.9595E-01	-2.9644E-01
-2.9834E-01	-2.9902E-01	-2.9940E-01	-2.9925E-01	-2.9957E-01
-3.0137E-01	-3.0175E-01	-3.0197E-01	-3.0189E-01	-3.0207E-01
-3.0358E-01	-3.0376E-01	-3.0386E-01	-3.0382E-01	-3.0390E-01
-3.0495E-01	-3.0500E-01	-3.0502E-01	-3.0501E-01	-3.0503E-01
-3.0542E-01	-3.0542E-01	-3.0542E-01	-3.0542E-01	-3.0542E-01
