!T	AOACL
!U	deg
-90	
-88	
-86	
-84	
-82	
-80	
-78	
-76	
-74	
-72	
-70	
-68	
-66	
-64	
-62	
-60	
-58	
-56	
-54	
-52	
-50	
-48	
-46	
-44	
-42	
-40	
-38	
-36	
-34	
-32	
-30	
-28	
-26	
-24	
-22	
-20	
-18	
-16	
-14	
-12	
-10	
-8	
-6	
-4	
-2	
0	
2	
4	
6	
8	
10	
12	
14	
16	
18	
20	
22	
24	
26	
28	
30	
32	
34	
36	
38	
40	
42	
44	
46	
48	
50	
52	
54	
56	
58	
60	
62	
64	
66	
68	
70	
72	
74	
76	
78	
80	
82	
84	
86	
88	
90	
!T	AOACD
!U	deg
-90	
-88	
-86	
-84	
-82	
-80	
-78	
-76	
-74	
-72	
-70	
-68	
-66	
-64	
-62	
-60	
-58	
-56	
-54	
-52	
-50	
-48	
-46	
-44	
-42	
-40	
-38	
-36	
-34	
-32	
-30	
-28	
-26	
-24	
-22	
-20	
-18	
-16	
-14	
-12	
-10	
-8	
-6	
-4	
-2	
0	
2	
4	
6	
8	
10	
12	
14	
16	
18	
20	
22	
24	
26	
28	
30	
32	
34	
36	
38	
40	
42	
44	
46	
48	
50	
52	
54	
56	
58	
60	
62	
64	
66	
68	
70	
72	
74	
76	
78	
80	
82	
84	
86	
88	
90	
!T	AOACM
!U	deg
-90	
-88	
-86	
-84	
-82	
-80	
-78	
-76	
-74	
-72	
-70	
-68	
-66	
-64	
-62	
-60	
-58	
-56	
-54	
-52	
-50	
-48	
-46	
-44	
-42	
-40	
-38	
-36	
-34	
-32	
-30	
-28	
-26	
-24	
-22	
-20	
-18	
-16	
-14	
-12	
-10	
-8	
-6	
-4	
-2	
0	
2	
4	
6	
8	
10	
12	
14	
16	
18	
20	
22	
24	
26	
28	
30	
32	
34	
36	
38	
40	
42	
44	
46	
48	
50	
52	
54	
56	
58	
60	
62	
64	
66	
68	
70	
72	
74	
76	
78	
80	
82	
84	
86	
88	
90	
!T	RECL
!U	nd
50000	
100000	
150000	
200000	
250000	
!T	RECD
!U	nd
50000	
100000	
150000	
200000	
250000	
!T	RECM
!U	nd
50000	
100000	
150000	
200000	
250000	
!M	CLTAB
!U	nd
-0.0000E+00	-0.0000E+00	-0.0000E+00	-0.0000E+00	-0.0000E+00
-4.3717E-02	-4.3718E-02	-4.3718E-02	-4.3721E-02	-4.3708E-02
-8.7286E-02	-8.7291E-02	-8.7288E-02	-8.7302E-02	-8.7251E-02
-1.3049E-01	-1.3051E-01	-1.3050E-01	-1.3053E-01	-1.3042E-01
-1.7313E-01	-1.7316E-01	-1.7314E-01	-1.7320E-01	-1.7299E-01
-2.1500E-01	-2.1503E-01	-2.1501E-01	-2.1510E-01	-2.1478E-01
-2.5588E-01	-2.5594E-01	-2.5590E-01	-2.5603E-01	-2.5557E-01
-2.9560E-01	-2.9567E-01	-2.9563E-01	-2.9580E-01	-2.9517E-01
-3.3395E-01	-3.3404E-01	-3.3398E-01	-3.3421E-01	-3.3338E-01
-3.7075E-01	-3.7087E-01	-3.7080E-01	-3.7108E-01	-3.7003E-01
-4.0583E-01	-4.0598E-01	-4.0589E-01	-4.0625E-01	-4.0494E-01
-4.3903E-01	-4.3921E-01	-4.3909E-01	-4.3953E-01	-4.3794E-01
-4.7018E-01	-4.7039E-01	-4.7026E-01	-4.7078E-01	-4.6887E-01
-4.9914E-01	-4.9939E-01	-4.9923E-01	-4.9985E-01	-4.9760E-01
-5.2578E-01	-5.2607E-01	-5.2589E-01	-5.2661E-01	-5.2398E-01
-5.4997E-01	-5.5031E-01	-5.5010E-01	-5.5093E-01	-5.4790E-01
-5.7161E-01	-5.7200E-01	-5.7176E-01	-5.7271E-01	-5.6924E-01
-5.9061E-01	-5.9105E-01	-5.9078E-01	-5.9186E-01	-5.8790E-01
-6.0688E-01	-6.0738E-01	-6.0707E-01	-6.0830E-01	-6.0381E-01
-6.2035E-01	-6.2092E-01	-6.2056E-01	-6.2195E-01	-6.1689E-01
-6.3098E-01	-6.3162E-01	-6.3122E-01	-6.3277E-01	-6.2711E-01
-6.3873E-01	-6.3944E-01	-6.3900E-01	-6.4074E-01	-6.3440E-01
-6.4359E-01	-6.4438E-01	-6.4388E-01	-6.4582E-01	-6.3877E-01
-6.4554E-01	-6.4642E-01	-6.4587E-01	-6.4802E-01	-6.4019E-01
-6.4462E-01	-6.4559E-01	-6.4498E-01	-6.4736E-01	-6.3869E-01
-6.4085E-01	-6.4192E-01	-6.4125E-01	-6.4388E-01	-6.3429E-01
-6.3429E-01	-6.3548E-01	-6.3473E-01	-6.3764E-01	-6.2704E-01
-6.2501E-01	-6.2632E-01	-6.2550E-01	-6.2871E-01	-6.1701E-01
-6.1311E-01	-6.1456E-01	-6.1366E-01	-6.1720E-01	-6.0428E-01
-5.9872E-01	-6.0032E-01	-5.9932E-01	-6.0323E-01	-5.8896E-01
-5.8197E-01	-5.8374E-01	-5.8263E-01	-5.8696E-01	-5.7119E-01
-5.6305E-01	-5.6500E-01	-5.6378E-01	-5.6857E-01	-5.5111E-01
-5.4217E-01	-5.4434E-01	-5.4298E-01	-5.4829E-01	-5.2892E-01
-5.1959E-01	-5.2201E-01	-5.2050E-01	-5.2641E-01	-5.0485E-01
-4.9565E-01	-4.9835E-01	-4.9666E-01	-5.0328E-01	-4.7915E-01
-4.7074E-01	-4.7378E-01	-4.7188E-01	-4.7932E-01	-4.5219E-01
-4.4542E-01	-4.4887E-01	-4.4671E-01	-4.5515E-01	-4.2438E-01
-4.2041E-01	-4.2436E-01	-4.2189E-01	-4.3155E-01	-3.9632E-01
-3.9680E-01	-4.0139E-01	-3.9852E-01	-4.0974E-01	-3.6883E-01
-3.7627E-01	-3.8170E-01	-3.7831E-01	-3.9157E-01	-3.4320E-01
-3.6172E-01	-3.6830E-01	-3.6418E-01	-3.8028E-01	-3.2282E-01
-3.5437E-01	-3.6243E-01	-3.5314E-01	-3.8008E-01	-3.0810E-01
-3.7594E-01	-3.8378E-01	-3.6325E-01	-3.5464E-01	-2.6988E-01
-2.6408E-01	-2.0445E-01	-7.2300E-02	-6.4000E-03	3.0400E-02
-4.7800E-02	1.2910E-01	2.2910E-01	2.5890E-01	2.6700E-01
1.6810E-01	4.2720E-01	4.7560E-01	4.8350E-01	4.8077E-01
4.7730E-01	6.7460E-01	6.9120E-01	6.8840E-01	6.8750E-01
7.0590E-01	8.8940E-01	8.8790E-01	8.8580E-01	8.8450E-01
1.0077E+00	1.0794E+00	1.0857E+00	1.1054E+00	1.1284E+00
1.1414E+00	1.2078E+00	1.2238E+00	1.1390E+00	1.1177E+00
9.8696E-01	1.2720E+00	1.1099E+00	9.7884E-01	9.6642E-01
8.9079E-01	1.1733E+00	9.7590E-01	8.7827E-01	8.7425E-01
8.3191E-01	1.0566E+00	9.0389E-01	8.2132E-01	8.1793E-01
7.9522E-01	9.8876E-01	8.5723E-01	7.8610E-01	7.8318E-01
7.7268E-01	9.4167E-01	8.2682E-01	7.6472E-01	7.6216E-01
7.5940E-01	9.0846E-01	8.0715E-01	7.5238E-01	7.5012E-01
7.5223E-01	8.8472E-01	7.9467E-01	7.4598E-01	7.4398E-01
7.4900E-01	8.6746E-01	7.8695E-01	7.4342E-01	7.4163E-01
7.4821E-01	8.5460E-01	7.8229E-01	7.4319E-01	7.4158E-01
7.4871E-01	8.4458E-01	7.7943E-01	7.4419E-01	7.4274E-01
7.4968E-01	8.3628E-01	7.7742E-01	7.4560E-01	7.4429E-01
7.5046E-01	8.2881E-01	7.7556E-01	7.4676E-01	7.4558E-01
7.5053E-01	8.2149E-01	7.7327E-01	7.4719E-01	7.4612E-01
7.4951E-01	8.1380E-01	7.7011E-01	7.4648E-01	7.4551E-01
7.4706E-01	8.0529E-01	7.6571E-01	7.4431E-01	7.4343E-01
7.4292E-01	7.9563E-01	7.5981E-01	7.4044E-01	7.3964E-01
7.3690E-01	7.8455E-01	7.5216E-01	7.3465E-01	7.3393E-01
7.2883E-01	7.7183E-01	7.4260E-01	7.2680E-01	7.2615E-01
7.1859E-01	7.5732E-01	7.3100E-01	7.1676E-01	7.1618E-01
7.0609E-01	7.4088E-01	7.1724E-01	7.0446E-01	7.0393E-01
6.9129E-01	7.2242E-01	7.0126E-01	6.8982E-01	6.8935E-01
6.7413E-01	7.0190E-01	6.8303E-01	6.7282E-01	6.7240E-01
6.5463E-01	6.7928E-01	6.6252E-01	6.5346E-01	6.5309E-01
6.3278E-01	6.5456E-01	6.3976E-01	6.3175E-01	6.3143E-01
6.0864E-01	6.2775E-01	6.1476E-01	6.0774E-01	6.0745E-01
5.8225E-01	5.9891E-01	5.8759E-01	5.8146E-01	5.8121E-01
5.5369E-01	5.6810E-01	5.5830E-01	5.5301E-01	5.5279E-01
5.2304E-01	5.3539E-01	5.2700E-01	5.2246E-01	5.2228E-01
4.9042E-01	5.0088E-01	4.9377E-01	4.8993E-01	4.8977E-01
4.5595E-01	4.6469E-01	4.5875E-01	4.5554E-01	4.5540E-01
4.1975E-01	4.2694E-01	4.2205E-01	4.1941E-01	4.1930E-01
3.8198E-01	3.8777E-01	3.8383E-01	3.8170E-01	3.8162E-01
3.4279E-01	3.4735E-01	3.4425E-01	3.4257E-01	3.4250E-01
3.0234E-01	3.0583E-01	3.0346E-01	3.0218E-01	3.0213E-01
2.6083E-01	2.6338E-01	2.6164E-01	2.6071E-01	2.6067E-01
2.1842E-01	2.2019E-01	2.1899E-01	2.1834E-01	2.1831E-01
1.7532E-01	1.7645E-01	1.7568E-01	1.7527E-01	1.7525E-01
1.3172E-01	1.3236E-01	1.3193E-01	1.3169E-01	1.3168E-01
8.7831E-02	8.8113E-02	8.7921E-02	8.7818E-02	8.7814E-02
4.3853E-02	4.3924E-02	4.3876E-02	4.3850E-02	4.3849E-02
0.0000E+00	0.0000E+00	0.0000E+00	0.0000E+00	0.0000E+00
!M	CDTAB
!U	nd
1.2525E+00	1.2525E+00	1.2525E+00	1.2525E+00	1.2525E+00
1.2532E+00	1.2530E+00	1.2528E+00	1.2533E+00	1.2527E+00
1.2508E+00	1.2504E+00	1.2500E+00	1.2511E+00	1.2499E+00
1.2455E+00	1.2449E+00	1.2442E+00	1.2458E+00	1.2440E+00
1.2371E+00	1.2363E+00	1.2354E+00	1.2375E+00	1.2351E+00
1.2258E+00	1.2248E+00	1.2237E+00	1.2263E+00	1.2234E+00
1.2116E+00	1.2104E+00	1.2091E+00	1.2122E+00	1.2087E+00
1.1946E+00	1.1932E+00	1.1917E+00	1.1953E+00	1.1912E+00
1.1749E+00	1.1733E+00	1.1716E+00	1.1757E+00	1.1710E+00
1.1526E+00	1.1508E+00	1.1489E+00	1.1535E+00	1.1482E+00
1.1278E+00	1.1258E+00	1.1237E+00	1.1288E+00	1.1230E+00
1.1006E+00	1.0984E+00	1.0961E+00	1.1017E+00	1.0953E+00
1.0712E+00	1.0688E+00	1.0664E+00	1.0724E+00	1.0655E+00
1.0397E+00	1.0372E+00	1.0345E+00	1.0411E+00	1.0336E+00
1.0064E+00	1.0036E+00	1.0008E+00	1.0078E+00	9.9976E-01
9.7124E-01	9.6833E-01	9.6528E-01	9.7274E-01	9.6421E-01
9.3455E-01	9.3147E-01	9.2823E-01	9.3615E-01	9.2710E-01
8.9648E-01	8.9323E-01	8.8982E-01	8.9817E-01	8.8862E-01
8.5723E-01	8.5381E-01	8.5023E-01	8.5900E-01	8.4897E-01
8.1699E-01	8.1341E-01	8.0965E-01	8.1884E-01	8.0833E-01
7.7596E-01	7.7222E-01	7.6830E-01	7.7790E-01	7.6692E-01
7.3435E-01	7.3046E-01	7.2638E-01	7.3637E-01	7.2495E-01
6.9238E-01	6.8833E-01	6.8410E-01	6.9447E-01	6.8261E-01
6.5024E-01	6.4605E-01	6.4166E-01	6.5241E-01	6.4012E-01
6.0815E-01	6.0382E-01	5.9929E-01	6.1039E-01	5.9770E-01
5.6632E-01	5.6186E-01	5.5719E-01	5.6863E-01	5.5555E-01
5.2497E-01	5.2038E-01	5.1558E-01	5.2734E-01	5.1389E-01
4.8429E-01	4.7958E-01	4.7464E-01	4.8673E-01	4.7291E-01
4.4449E-01	4.3966E-01	4.3461E-01	4.4699E-01	4.3283E-01
4.0577E-01	4.0083E-01	3.9566E-01	4.0832E-01	3.9385E-01
3.6832E-01	3.6328E-01	3.5800E-01	3.7093E-01	3.5614E-01
3.3233E-01	3.2719E-01	3.2180E-01	3.3499E-01	3.1991E-01
2.9797E-01	2.9274E-01	2.8726E-01	3.0068E-01	2.8534E-01
2.6543E-01	2.6011E-01	2.5454E-01	2.6818E-01	2.5259E-01
2.3486E-01	2.2946E-01	2.2380E-01	2.3765E-01	2.2182E-01
2.0641E-01	2.0093E-01	1.9520E-01	2.0923E-01	1.9319E-01
1.8022E-01	1.7468E-01	1.6888E-01	1.8308E-01	1.6684E-01
1.5643E-01	1.5083E-01	1.4497E-01	1.5932E-01	1.4291E-01
1.3514E-01	1.2949E-01	1.2358E-01	1.3807E-01	1.2150E-01
1.1648E-01	1.1079E-01	1.0482E-01	1.1943E-01	1.0273E-01
1.0053E-01	9.4799E-02	8.8794E-02	1.0350E-01	8.8755E-02
8.9312E-02	8.4107E-02	8.1679E-02	9.3099E-02	7.3450E-02
7.6037E-02	6.8404E-02	5.9359E-02	5.4061E-02	3.9673E-02
4.0395E-02	2.4980E-02	1.9440E-02	1.6030E-02	1.3760E-02
2.8970E-02	2.0890E-02	1.5020E-02	1.2320E-02	1.0740E-02
2.7650E-02	1.7460E-02	1.1840E-02	9.4700E-03	8.3500E-03
3.4950E-02	1.6790E-02	1.1970E-02	9.1500E-03	9.0800E-03
4.1540E-02	1.6950E-02	1.2960E-02	1.1540E-02	1.0760E-02
3.9304E-02	1.8100E-02	1.4933E-02	1.3581E-02	9.4730E-03
3.0780E-02	2.6647E-02	2.2074E-02	1.7126E-02	1.7439E-02
3.8020E-02	6.3172E-02	3.3099E-02	3.0675E-02	1.4272E-02
5.3531E-02	8.3200E-02	5.1121E-02	4.7739E-02	3.0401E-02
7.2698E-02	1.0405E-01	7.0308E-02	6.6952E-02	4.9753E-02
9.4560E-02	1.2562E-01	9.2191E-02	8.8867E-02	7.1828E-02
1.1901E-01	1.4974E-01	1.1667E-01	1.1338E-01	9.6519E-02
1.4593E-01	1.7629E-01	1.4361E-01	1.4036E-01	1.2371E-01
1.7518E-01	2.0514E-01	1.7290E-01	1.6969E-01	1.5326E-01
2.0664E-01	2.3615E-01	2.0439E-01	2.0123E-01	1.8503E-01
2.4013E-01	2.6917E-01	2.3792E-01	2.3481E-01	2.1888E-01
2.7550E-01	3.0403E-01	2.7333E-01	2.7027E-01	2.5462E-01
3.1258E-01	3.4056E-01	3.1045E-01	3.0745E-01	2.9210E-01
3.5119E-01	3.7859E-01	3.4910E-01	3.4617E-01	3.3114E-01
3.9113E-01	4.1792E-01	3.8909E-01	3.8622E-01	3.7153E-01
4.3222E-01	4.5836E-01	4.3023E-01	4.2743E-01	4.1309E-01
4.7425E-01	4.9971E-01	4.7231E-01	4.6959E-01	4.5562E-01
5.1702E-01	5.4177E-01	5.1514E-01	5.1249E-01	4.9891E-01
5.6032E-01	5.8433E-01	5.5849E-01	5.5592E-01	5.4275E-01
6.0394E-01	6.2718E-01	6.0217E-01	5.9968E-01	5.8693E-01
6.4767E-01	6.7011E-01	6.4596E-01	6.4356E-01	6.3124E-01
6.9129E-01	7.1291E-01	6.8964E-01	6.8733E-01	6.7547E-01
7.3459E-01	7.5536E-01	7.3301E-01	7.3079E-01	7.1939E-01
7.7737E-01	7.9726E-01	7.7585E-01	7.7372E-01	7.6281E-01
8.1940E-01	8.3839E-01	8.1795E-01	8.1592E-01	8.0550E-01
8.6050E-01	8.7856E-01	8.5912E-01	8.5718E-01	8.4727E-01
9.0045E-01	9.1757E-01	8.9914E-01	8.9731E-01	8.8792E-01
9.3906E-01	9.5522E-01	9.3783E-01	9.3610E-01	9.2724E-01
9.7615E-01	9.9132E-01	9.7499E-01	9.7337E-01	9.6505E-01
1.0115E+00	1.0257E+00	1.0105E+00	1.0089E+00	1.0012E+00
1.0450E+00	1.0582E+00	1.0440E+00	1.0426E+00	1.0354E+00
1.0765E+00	1.0886E+00	1.0756E+00	1.0743E+00	1.0676E+00
1.1058E+00	1.1168E+00	1.1049E+00	1.1037E+00	1.0977E+00
1.1327E+00	1.1427E+00	1.1319E+00	1.1309E+00	1.1254E+00
1.1572E+00	1.1661E+00	1.1565E+00	1.1555E+00	1.1506E+00
1.1790E+00	1.1869E+00	1.1784E+00	1.1776E+00	1.1733E+00
1.1982E+00	1.2049E+00	1.1977E+00	1.1970E+00	1.1933E+00
1.2146E+00	1.2202E+00	1.2142E+00	1.2136E+00	1.2105E+00
1.2281E+00	1.2326E+00	1.2278E+00	1.2273E+00	1.2249E+00
1.2387E+00	1.2421E+00	1.2385E+00	1.2381E+00	1.2363E+00
1.2464E+00	1.2486E+00	1.2462E+00	1.2459E+00	1.2447E+00
1.2509E+00	1.2521E+00	1.2509E+00	1.2507E+00	1.2501E+00
1.2525E+00	1.2525E+00	1.2525E+00	1.2525E+00	1.2525E+00
!M	CMTAB
!U	nd
3.1312E-01	3.1312E-01	3.1312E-01	3.1312E-01	3.1312E-01
3.1255E-01	3.1254E-01	3.1252E-01	3.1254E-01	3.1249E-01
3.1086E-01	3.1083E-01	3.1076E-01	3.1082E-01	3.1061E-01
3.0812E-01	3.0804E-01	3.0789E-01	3.0803E-01	3.0756E-01
3.0438E-01	3.0423E-01	3.0399E-01	3.0422E-01	3.0341E-01
2.9969E-01	2.9947E-01	2.9909E-01	2.9945E-01	2.9821E-01
2.9412E-01	2.9380E-01	2.9327E-01	2.9378E-01	2.9203E-01
2.8771E-01	2.8729E-01	2.8658E-01	2.8726E-01	2.8493E-01
2.8053E-01	2.7998E-01	2.7908E-01	2.7995E-01	2.7697E-01
2.7263E-01	2.7195E-01	2.7083E-01	2.7192E-01	2.6823E-01
2.6405E-01	2.6324E-01	2.6189E-01	2.6321E-01	2.5875E-01
2.5487E-01	2.5391E-01	2.5232E-01	2.5388E-01	2.4861E-01
2.4514E-01	2.4402E-01	2.4217E-01	2.4399E-01	2.3787E-01
2.3491E-01	2.3362E-01	2.3151E-01	2.3361E-01	2.2659E-01
2.2423E-01	2.2278E-01	2.2039E-01	2.2277E-01	2.1483E-01
2.1317E-01	2.1155E-01	2.0888E-01	2.1155E-01	2.0266E-01
2.0178E-01	1.9998E-01	1.9702E-01	2.0001E-01	1.9015E-01
1.9011E-01	1.8813E-01	1.8489E-01	1.8819E-01	1.7735E-01
1.7822E-01	1.7606E-01	1.7254E-01	1.7615E-01	1.6432E-01
1.6617E-01	1.6384E-01	1.6003E-01	1.6396E-01	1.5114E-01
1.5401E-01	1.5150E-01	1.4741E-01	1.5166E-01	1.3787E-01
1.4180E-01	1.3911E-01	1.3475E-01	1.3933E-01	1.2456E-01
1.2959E-01	1.2673E-01	1.2210E-01	1.2701E-01	1.1128E-01
1.1744E-01	1.1442E-01	1.0952E-01	1.1475E-01	9.8100E-02
1.0541E-01	1.0222E-01	9.7084E-02	1.0263E-01	8.5077E-02
9.3544E-02	9.0208E-02	8.4835E-02	9.0698E-02	7.2276E-02
8.1907E-02	7.8427E-02	7.2835E-02	7.9006E-02	5.9760E-02
7.0552E-02	6.6936E-02	6.1144E-02	6.7616E-02	4.7592E-02
5.9536E-02	5.5794E-02	4.9821E-02	5.6583E-02	3.5836E-02
4.8913E-02	4.5058E-02	3.8924E-02	4.5966E-02	2.4555E-02
3.8739E-02	3.4783E-02	2.8513E-02	3.5823E-02	1.3813E-02
2.9071E-02	2.5028E-02	1.8646E-02	2.6209E-02	3.6720E-03
1.9964E-02	1.5848E-02	9.3820E-03	1.7183E-02	-5.8030E-03
1.1473E-02	7.3010E-03	7.8000E-04	8.8020E-03	-1.4550E-02
3.6550E-03	-5.5600E-04	-7.1010E-03	1.1230E-03	-2.2506E-02
-3.4340E-03	-7.6670E-03	-1.4203E-02	-5.7960E-03	-2.9606E-02
-9.7400E-03	-1.3975E-02	-2.0467E-02	-1.1899E-02	-3.5787E-02
-1.5207E-02	-1.9422E-02	-2.5833E-02	-1.7127E-02	-4.0987E-02
-1.9777E-02	-2.3952E-02	-3.0243E-02	-2.1424E-02	-4.5141E-02
-2.3397E-02	-2.7508E-02	-3.3638E-02	-2.4732E-02	-4.8187E-02
-2.6009E-02	-3.0033E-02	-3.5960E-02	-2.6994E-02	-4.8492E-02
-2.7564E-02	-3.1014E-02	-3.5282E-02	-2.7423E-02	-5.0700E-02
-2.9195E-02	-3.4046E-02	-4.3700E-02	-4.9707E-02	-6.9589E-02
-5.1447E-02	-6.0523E-02	-8.3300E-02	-9.4400E-02	-1.0050E-01
-5.8400E-02	-8.8000E-02	-1.0180E-01	-1.0560E-01	-1.0520E-01
-6.6000E-02	-1.0330E-01	-1.0640E-01	-1.0550E-01	-1.0367E-01
-9.3000E-02	-1.0680E-01	-1.0470E-01	-1.0220E-01	-1.0140E-01
-1.0050E-01	-1.0270E-01	-9.9000E-02	-9.8000E-02	-9.7700E-02
-9.7031E-02	-9.4800E-02	-9.2934E-02	-9.0397E-02	-8.9581E-02
-8.2457E-02	-7.5188E-02	-7.7071E-02	-7.7704E-02	-8.3411E-02
-8.9141E-02	-4.7815E-02	-7.4902E-02	-7.8197E-02	-8.4823E-02
-9.1027E-02	-4.2441E-02	-7.5981E-02	-7.9521E-02	-8.6277E-02
-9.3053E-02	-4.3729E-02	-7.7811E-02	-8.1572E-02	-8.8423E-02
-9.5744E-02	-4.5911E-02	-8.0386E-02	-8.4331E-02	-9.1241E-02
-9.9063E-02	-4.8979E-02	-8.3663E-02	-8.7757E-02	-9.4691E-02
-1.0297E-01	-5.2881E-02	-8.7602E-02	-9.1811E-02	-9.8736E-02
-1.0743E-01	-5.7567E-02	-9.2158E-02	-9.6451E-02	-1.0334E-01
-1.1240E-01	-6.2984E-02	-9.7291E-02	-1.0164E-01	-1.0845E-01
-1.1784E-01	-6.9080E-02	-1.0296E-01	-1.0733E-01	-1.1405E-01
-1.2372E-01	-7.5804E-02	-1.0912E-01	-1.1348E-01	-1.2008E-01
-1.3000E-01	-8.3103E-02	-1.1572E-01	-1.2006E-01	-1.2651E-01
-1.3664E-01	-9.0927E-02	-1.2274E-01	-1.2703E-01	-1.3331E-01
-1.4359E-01	-9.9223E-02	-1.3012E-01	-1.3433E-01	-1.4042E-01
-1.5083E-01	-1.0794E-01	-1.3782E-01	-1.4194E-01	-1.4783E-01
-1.5832E-01	-1.1703E-01	-1.4580E-01	-1.4981E-01	-1.5547E-01
-1.6601E-01	-1.2643E-01	-1.5402E-01	-1.5790E-01	-1.6332E-01
-1.7386E-01	-1.3609E-01	-1.6243E-01	-1.6617E-01	-1.7134E-01
-1.8185E-01	-1.4598E-01	-1.7100E-01	-1.7458E-01	-1.7949E-01
-1.8993E-01	-1.5602E-01	-1.7968E-01	-1.8309E-01	-1.8773E-01
-1.9806E-01	-1.6617E-01	-1.8843E-01	-1.9166E-01	-1.9602E-01
-2.0620E-01	-1.7638E-01	-1.9720E-01	-2.0024E-01	-2.0432E-01
-2.1432E-01	-1.8660E-01	-2.0596E-01	-2.0880E-01	-2.1259E-01
-2.2238E-01	-1.9677E-01	-2.1466E-01	-2.1730E-01	-2.2080E-01
-2.3034E-01	-2.0685E-01	-2.2326E-01	-2.2570E-01	-2.2890E-01
-2.3816E-01	-2.1678E-01	-2.3172E-01	-2.3395E-01	-2.3687E-01
-2.4580E-01	-2.2650E-01	-2.3999E-01	-2.4201E-01	-2.4465E-01
-2.5322E-01	-2.3598E-01	-2.4804E-01	-2.4985E-01	-2.5220E-01
-2.6040E-01	-2.4515E-01	-2.5581E-01	-2.5742E-01	-2.5950E-01
-2.6728E-01	-2.5396E-01	-2.6327E-01	-2.6469E-01	-2.6650E-01
-2.7383E-01	-2.6237E-01	-2.7038E-01	-2.7160E-01	-2.7317E-01
-2.8001E-01	-2.7031E-01	-2.7710E-01	-2.7813E-01	-2.7946E-01
-2.8579E-01	-2.7775E-01	-2.8337E-01	-2.8423E-01	-2.8533E-01
-2.9111E-01	-2.8462E-01	-2.8917E-01	-2.8986E-01	-2.9075E-01
-2.9596E-01	-2.9088E-01	-2.9444E-01	-2.9498E-01	-2.9568E-01
-3.0028E-01	-2.9647E-01	-2.9914E-01	-2.9955E-01	-3.0007E-01
-3.0405E-01	-3.0134E-01	-3.0324E-01	-3.0353E-01	-3.0390E-01
-3.0721E-01	-3.0545E-01	-3.0668E-01	-3.0688E-01	-3.0712E-01
-3.0974E-01	-3.0873E-01	-3.0944E-01	-3.0955E-01	-3.0969E-01
-3.1160E-01	-3.1113E-01	-3.1146E-01	-3.1151E-01	-3.1157E-01
-3.1273E-01	-3.1262E-01	-3.1270E-01	-3.1271E-01	-3.1273E-01
-3.1312E-01	-3.1312E-01	-3.1312E-01	-3.1312E-01	-3.1312E-01
