!T	AOACL
!U	deg
-90	
-88	
-86	
-84	
-82	
-80	
-78	
-76	
-74	
-72	
-70	
-68	
-66	
-64	
-62	
-60	
-58	
-56	
-54	
-52	
-50	
-48	
-46	
-44	
-42	
-40	
-38	
-36	
-34	
-32	
-30	
-28	
-26	
-24	
-22	
-20	
-18	
-16	
-14	
-12	
-10	
-8	
-6	
-4	
-2	
0	
2	
4	
6	
8	
10	
12	
14	
16	
18	
20	
22	
24	
26	
28	
30	
32	
34	
36	
38	
40	
42	
44	
46	
48	
50	
52	
54	
56	
58	
60	
62	
64	
66	
68	
70	
72	
74	
76	
78	
80	
82	
84	
86	
88	
90	
!T	AOACD
!U	deg
-90	
-88	
-86	
-84	
-82	
-80	
-78	
-76	
-74	
-72	
-70	
-68	
-66	
-64	
-62	
-60	
-58	
-56	
-54	
-52	
-50	
-48	
-46	
-44	
-42	
-40	
-38	
-36	
-34	
-32	
-30	
-28	
-26	
-24	
-22	
-20	
-18	
-16	
-14	
-12	
-10	
-8	
-6	
-4	
-2	
0	
2	
4	
6	
8	
10	
12	
14	
16	
18	
20	
22	
24	
26	
28	
30	
32	
34	
36	
38	
40	
42	
44	
46	
48	
50	
52	
54	
56	
58	
60	
62	
64	
66	
68	
70	
72	
74	
76	
78	
80	
82	
84	
86	
88	
90	
!T	AOACM
!U	deg
-90	
-88	
-86	
-84	
-82	
-80	
-78	
-76	
-74	
-72	
-70	
-68	
-66	
-64	
-62	
-60	
-58	
-56	
-54	
-52	
-50	
-48	
-46	
-44	
-42	
-40	
-38	
-36	
-34	
-32	
-30	
-28	
-26	
-24	
-22	
-20	
-18	
-16	
-14	
-12	
-10	
-8	
-6	
-4	
-2	
0	
2	
4	
6	
8	
10	
12	
14	
16	
18	
20	
22	
24	
26	
28	
30	
32	
34	
36	
38	
40	
42	
44	
46	
48	
50	
52	
54	
56	
58	
60	
62	
64	
66	
68	
70	
72	
74	
76	
78	
80	
82	
84	
86	
88	
90	
!T	RECL
!U	nd
50000	
100000	
150000	
200000	
250000	
!T	RECD
!U	nd
50000	
100000	
150000	
200000	
250000	
!T	RECM
!U	nd
50000	
100000	
150000	
200000	
250000	
!M	CLTAB
!U	nd
-0.0000E+00	-0.0000E+00	-0.0000E+00	-0.0000E+00	-0.0000E+00
-4.2641E-02	-4.2639E-02	-4.2640E-02	-4.2614E-02	-4.2640E-02
-8.5138E-02	-8.5130E-02	-8.5133E-02	-8.5030E-02	-8.5133E-02
-1.2729E-01	-1.2726E-01	-1.2727E-01	-1.2704E-01	-1.2727E-01
-1.6888E-01	-1.6884E-01	-1.6885E-01	-1.6844E-01	-1.6885E-01
-2.0971E-01	-2.0966E-01	-2.0968E-01	-2.0903E-01	-2.0968E-01
-2.4960E-01	-2.4952E-01	-2.4955E-01	-2.4862E-01	-2.4955E-01
-2.8834E-01	-2.8823E-01	-2.8827E-01	-2.8700E-01	-2.8827E-01
-3.2575E-01	-3.2561E-01	-3.2566E-01	-3.2400E-01	-3.2566E-01
-3.6165E-01	-3.6147E-01	-3.6153E-01	-3.5943E-01	-3.6153E-01
-3.9588E-01	-3.9565E-01	-3.9573E-01	-3.9312E-01	-3.9573E-01
-4.2826E-01	-4.2799E-01	-4.2808E-01	-4.2491E-01	-4.2808E-01
-4.5865E-01	-4.5832E-01	-4.5844E-01	-4.5464E-01	-4.5844E-01
-4.8691E-01	-4.8652E-01	-4.8666E-01	-4.8217E-01	-4.8666E-01
-5.1290E-01	-5.1245E-01	-5.1261E-01	-5.0737E-01	-5.1261E-01
-5.3651E-01	-5.3599E-01	-5.3617E-01	-5.3011E-01	-5.3617E-01
-5.5764E-01	-5.5703E-01	-5.5724E-01	-5.5029E-01	-5.5724E-01
-5.7618E-01	-5.7549E-01	-5.7573E-01	-5.6781E-01	-5.7573E-01
-5.9206E-01	-5.9128E-01	-5.9155E-01	-5.8259E-01	-5.9155E-01
-6.0521E-01	-6.0434E-01	-6.0464E-01	-5.9455E-01	-6.0464E-01
-6.1560E-01	-6.1462E-01	-6.1496E-01	-6.0364E-01	-6.1496E-01
-6.2318E-01	-6.2208E-01	-6.2246E-01	-6.0982E-01	-6.2246E-01
-6.2793E-01	-6.2671E-01	-6.2713E-01	-6.1306E-01	-6.2713E-01
-6.2986E-01	-6.2850E-01	-6.2898E-01	-6.1334E-01	-6.2897E-01
-6.2898E-01	-6.2748E-01	-6.2800E-01	-6.1068E-01	-6.2799E-01
-6.2533E-01	-6.2367E-01	-6.2425E-01	-6.0509E-01	-6.2424E-01
-6.1896E-01	-6.1712E-01	-6.1776E-01	-5.9659E-01	-6.1775E-01
-6.0994E-01	-6.0791E-01	-6.0862E-01	-5.8525E-01	-6.0860E-01
-5.9836E-01	-5.9613E-01	-5.9691E-01	-5.7111E-01	-5.9689E-01
-5.8436E-01	-5.8189E-01	-5.8275E-01	-5.5427E-01	-5.8274E-01
-5.6806E-01	-5.6533E-01	-5.6628E-01	-5.3480E-01	-5.6627E-01
-5.4965E-01	-5.4663E-01	-5.4768E-01	-5.1283E-01	-5.4767E-01
-5.2934E-01	-5.2598E-01	-5.2715E-01	-4.8848E-01	-5.2713E-01
-5.0738E-01	-5.0364E-01	-5.0494E-01	-4.6188E-01	-5.0492E-01
-4.8409E-01	-4.7991E-01	-4.8136E-01	-4.3320E-01	-4.8134E-01
-4.5987E-01	-4.5518E-01	-4.5681E-01	-4.0263E-01	-4.5679E-01
-4.3527E-01	-4.2995E-01	-4.3180E-01	-3.7037E-01	-4.3177E-01
-4.1100E-01	-4.0490E-01	-4.0702E-01	-3.3667E-01	-4.0699E-01
-3.8812E-01	-3.8104E-01	-3.8350E-01	-3.0184E-01	-3.8347E-01
-3.6830E-01	-3.5992E-01	-3.6606E-01	-2.6626E-01	-3.6412E-01
-3.5437E-01	-3.4759E-01	-3.4842E-01	-2.3831E-01	-3.4770E-01
-3.4955E-01	-3.3536E-01	-3.3870E-01	-1.9315E-01	-2.9350E-01
-3.7011E-01	-3.1098E-01	-3.2863E-01	-1.5105E-01	-2.5243E-01
-2.5801E-01	-2.2470E-01	-1.9148E-01	-1.0981E-01	-7.5583E-02
2.8000E-02	9.8700E-02	1.9100E-01	2.4320E-01	2.6650E-01
2.0080E-01	4.0160E-01	4.6710E-01	4.8010E-01	4.8140E-01
4.8370E-01	6.7190E-01	6.8780E-01	6.8720E-01	6.8460E-01
7.2890E-01	9.2474E-01	8.8720E-01	8.8783E-01	8.7463E-01
9.9202E-01	1.0652E+00	1.1053E+00	1.0745E+00	1.1006E+00
1.1480E+00	1.1676E+00	1.1197E+00	1.1693E+00	1.1298E+00
1.0618E+00	1.0043E+00	9.5899E-01	1.0147E+00	9.5890E-01
9.4773E-01	9.0105E-01	8.6539E-01	9.0216E-01	8.6300E-01
8.7814E-01	8.3865E-01	8.0850E-01	8.3959E-01	8.0648E-01
8.3310E-01	7.9909E-01	7.7312E-01	7.9990E-01	7.7138E-01
8.0383E-01	7.7413E-01	7.5145E-01	7.7484E-01	7.4993E-01
7.8496E-01	7.5877E-01	7.3876E-01	7.5939E-01	7.3742E-01
7.7304E-01	7.4976E-01	7.3198E-01	7.5031E-01	7.3079E-01
7.6573E-01	7.4492E-01	7.2902E-01	7.4541E-01	7.2795E-01
7.6137E-01	7.4267E-01	7.2840E-01	7.4312E-01	7.2744E-01
7.5874E-01	7.4189E-01	7.2903E-01	7.4230E-01	7.2817E-01
7.5693E-01	7.4172E-01	7.3009E-01	7.4208E-01	7.2932E-01
7.5524E-01	7.4147E-01	7.3096E-01	7.4180E-01	7.3026E-01
7.5313E-01	7.4066E-01	7.3113E-01	7.4095E-01	7.3050E-01
7.5014E-01	7.3885E-01	7.3022E-01	7.3912E-01	7.2964E-01
7.4595E-01	7.3572E-01	7.2791E-01	7.3596E-01	7.2738E-01
7.4028E-01	7.3102E-01	7.2394E-01	7.3124E-01	7.2347E-01
7.3290E-01	7.2453E-01	7.1813E-01	7.2473E-01	7.1771E-01
7.2365E-01	7.1610E-01	7.1032E-01	7.1628E-01	7.0994E-01
7.1240E-01	7.0559E-01	7.0039E-01	7.0575E-01	7.0005E-01
6.9904E-01	6.9293E-01	6.8826E-01	6.9307E-01	6.8795E-01
6.8351E-01	6.7804E-01	6.7386E-01	6.7817E-01	6.7358E-01
6.6578E-01	6.6090E-01	6.5717E-01	6.6102E-01	6.5692E-01
6.4583E-01	6.4150E-01	6.3819E-01	6.4160E-01	6.3797E-01
6.2367E-01	6.1984E-01	6.1692E-01	6.1993E-01	6.1672E-01
5.9933E-01	5.9597E-01	5.9340E-01	5.9605E-01	5.9323E-01
5.7286E-01	5.6993E-01	5.6770E-01	5.7000E-01	5.6755E-01
5.4434E-01	5.4180E-01	5.3987E-01	5.4186E-01	5.3974E-01
5.1383E-01	5.1166E-01	5.1001E-01	5.1172E-01	5.0990E-01
4.8146E-01	4.7962E-01	4.7822E-01	4.7966E-01	4.7812E-01
4.4732E-01	4.4578E-01	4.4461E-01	4.4582E-01	4.4453E-01
4.1155E-01	4.1029E-01	4.0932E-01	4.1032E-01	4.0926E-01
3.7430E-01	3.7328E-01	3.7250E-01	3.7330E-01	3.7245E-01
3.3570E-01	3.3490E-01	3.3429E-01	3.3492E-01	3.3425E-01
2.9593E-01	2.9532E-01	2.9485E-01	2.9534E-01	2.9482E-01
2.5516E-01	2.5472E-01	2.5437E-01	2.5473E-01	2.5435E-01
2.1357E-01	2.1326E-01	2.1302E-01	2.1327E-01	2.1301E-01
1.7134E-01	1.7114E-01	1.7099E-01	1.7115E-01	1.7098E-01
1.2867E-01	1.2856E-01	1.2847E-01	1.2856E-01	1.2847E-01
8.5753E-02	8.5703E-02	8.5665E-02	8.5704E-02	8.5663E-02
4.2795E-02	4.2782E-02	4.2773E-02	4.2783E-02	4.2772E-02
0.0000E+00	0.0000E+00	0.0000E+00	0.0000E+00	0.0000E+00
!M	CDTAB
!U	nd
1.2217E+00	1.2217E+00	1.2217E+00	1.2217E+00	1.2217E+00
1.2228E+00	1.2227E+00	1.2227E+00	1.2221E+00	1.2232E+00
1.2209E+00	1.2207E+00	1.2207E+00	1.2195E+00	1.2217E+00
1.2162E+00	1.2158E+00	1.2158E+00	1.2140E+00	1.2173E+00
1.2084E+00	1.2080E+00	1.2079E+00	1.2056E+00	1.2100E+00
1.1978E+00	1.1973E+00	1.1972E+00	1.1943E+00	1.1998E+00
1.1844E+00	1.1838E+00	1.1837E+00	1.1802E+00	1.1867E+00
1.1683E+00	1.1675E+00	1.1674E+00	1.1633E+00	1.1710E+00
1.1495E+00	1.1486E+00	1.1485E+00	1.1438E+00	1.1526E+00
1.1282E+00	1.1272E+00	1.1270E+00	1.1218E+00	1.1316E+00
1.1044E+00	1.1033E+00	1.1031E+00	1.0973E+00	1.1082E+00
1.0783E+00	1.0771E+00	1.0769E+00	1.0706E+00	1.0825E+00
1.0501E+00	1.0488E+00	1.0486E+00	1.0417E+00	1.0546E+00
1.0198E+00	1.0184E+00	1.0182E+00	1.0107E+00	1.0246E+00
9.8760E-01	9.8611E-01	9.8589E-01	9.7792E-01	9.9279E-01
9.5374E-01	9.5214E-01	9.5191E-01	9.4342E-01	9.5926E-01
9.1834E-01	9.1665E-01	9.1640E-01	9.0741E-01	9.2419E-01
8.8158E-01	8.7980E-01	8.7953E-01	8.7005E-01	8.8776E-01
8.4366E-01	8.4179E-01	8.4151E-01	8.3154E-01	8.5016E-01
8.0477E-01	8.0280E-01	8.0251E-01	7.9207E-01	8.1157E-01
7.6510E-01	7.6305E-01	7.6275E-01	7.5184E-01	7.7220E-01
7.2485E-01	7.2272E-01	7.2240E-01	7.1105E-01	7.3225E-01
6.8423E-01	6.8202E-01	6.8169E-01	6.6991E-01	6.9191E-01
6.4345E-01	6.4115E-01	6.4082E-01	6.2861E-01	6.5140E-01
6.0270E-01	6.0033E-01	5.9998E-01	5.8737E-01	6.1091E-01
5.6220E-01	5.5976E-01	5.5939E-01	5.4640E-01	5.7066E-01
5.2214E-01	5.1963E-01	5.1926E-01	5.0589E-01	5.3085E-01
4.8273E-01	4.8015E-01	4.7977E-01	4.6605E-01	4.9167E-01
4.4417E-01	4.4153E-01	4.4114E-01	4.2707E-01	4.5333E-01
4.0664E-01	4.0394E-01	4.0354E-01	3.8915E-01	4.1602E-01
3.7035E-01	3.6759E-01	3.6718E-01	3.5249E-01	3.7992E-01
3.3546E-01	3.3264E-01	3.3223E-01	3.1725E-01	3.4522E-01
3.0216E-01	2.9929E-01	2.9887E-01	2.8362E-01	3.1209E-01
2.7060E-01	2.6769E-01	2.6726E-01	2.5176E-01	2.8070E-01
2.4095E-01	2.3800E-01	2.3756E-01	2.2183E-01	2.5120E-01
2.1336E-01	2.1037E-01	2.0993E-01	1.9398E-01	2.2375E-01
1.8796E-01	1.8493E-01	1.8449E-01	1.6835E-01	1.9848E-01
1.6489E-01	1.6182E-01	1.6137E-01	1.4506E-01	1.7551E-01
1.4425E-01	1.4116E-01	1.4070E-01	1.2424E-01	1.5497E-01
1.2615E-01	1.2303E-01	1.2832E-01	1.0597E-01	1.3834E-01
1.1067E-01	1.1126E-01	1.0862E-01	9.2521E-02	1.2156E-01
9.9319E-02	9.4829E-02	1.0070E-01	7.7892E-02	8.9860E-02
8.7721E-02	8.3636E-02	9.2116E-02	6.6944E-02	7.5487E-02
5.5091E-02	5.0890E-02	4.4208E-02	5.5853E-02	3.1628E-02
2.4910E-02	1.8070E-02	1.5000E-02	1.2410E-02	1.0750E-02
2.2810E-02	1.6820E-02	1.1730E-02	9.2000E-03	7.7700E-03
3.0660E-02	1.6330E-02	1.1400E-02	9.4000E-03	8.4300E-03
3.7860E-02	1.5839E-02	1.2050E-02	1.1137E-02	1.0037E-02
3.1687E-02	1.7493E-02	1.4940E-02	1.6456E-02	1.6118E-02
3.7939E-02	2.8700E-02	1.9636E-02	2.7640E-02	2.3537E-02
5.9627E-02	4.6068E-02	2.7336E-02	3.9819E-02	3.7463E-02
6.7189E-02	5.7785E-02	4.2141E-02	5.6738E-02	5.3743E-02
8.5764E-02	7.6435E-02	6.0916E-02	7.5397E-02	7.2426E-02
1.0695E-01	9.7707E-02	8.2333E-02	9.6678E-02	9.3735E-02
1.3064E-01	1.2150E-01	1.0629E-01	1.2048E-01	1.1757E-01
1.5672E-01	1.4769E-01	1.3266E-01	1.4668E-01	1.4380E-01
1.8507E-01	1.7615E-01	1.6132E-01	1.7516E-01	1.7232E-01
2.1554E-01	2.0675E-01	1.9214E-01	2.0578E-01	2.0298E-01
2.4798E-01	2.3934E-01	2.2496E-01	2.3838E-01	2.3562E-01
2.8224E-01	2.7375E-01	2.5963E-01	2.7281E-01	2.7010E-01
3.1815E-01	3.0982E-01	2.9597E-01	3.0889E-01	3.0624E-01
3.5553E-01	3.4737E-01	3.3381E-01	3.4647E-01	3.4387E-01
3.9420E-01	3.8623E-01	3.7297E-01	3.8534E-01	3.8280E-01
4.3397E-01	4.2619E-01	4.1325E-01	4.2532E-01	4.2285E-01
4.7464E-01	4.6707E-01	4.5446E-01	4.6622E-01	4.6381E-01
5.1602E-01	5.0866E-01	4.9641E-01	5.0784E-01	5.0549E-01
5.5791E-01	5.5076E-01	5.3888E-01	5.4997E-01	5.4769E-01
6.0009E-01	5.9317E-01	5.8167E-01	5.9240E-01	5.9020E-01
6.4236E-01	6.3568E-01	6.2457E-01	6.3494E-01	6.3281E-01
6.8452E-01	6.7809E-01	6.6738E-01	6.7737E-01	6.7532E-01
7.2635E-01	7.2017E-01	7.0989E-01	7.1948E-01	7.1752E-01
7.6766E-01	7.6174E-01	7.5189E-01	7.6108E-01	7.5919E-01
8.0823E-01	8.0258E-01	7.9318E-01	8.0195E-01	8.0015E-01
8.4788E-01	8.4250E-01	8.3356E-01	8.4190E-01	8.4019E-01
8.8639E-01	8.8130E-01	8.7282E-01	8.8073E-01	8.7911E-01
9.2360E-01	9.1879E-01	9.1080E-01	9.1826E-01	9.1673E-01
9.5931E-01	9.5479E-01	9.4729E-01	9.5429E-01	9.5285E-01
9.9334E-01	9.8913E-01	9.8212E-01	9.8866E-01	9.8732E-01
1.0255E+00	1.0216E+00	1.0151E+00	1.0212E+00	1.0199E+00
1.0557E+00	1.0521E+00	1.0461E+00	1.0517E+00	1.0506E+00
1.0838E+00	1.0805E+00	1.0750E+00	1.0801E+00	1.0791E+00
1.1095E+00	1.1066E+00	1.1016E+00	1.1062E+00	1.1053E+00
1.1329E+00	1.1302E+00	1.1258E+00	1.1300E+00	1.1291E+00
1.1537E+00	1.1514E+00	1.1475E+00	1.1511E+00	1.1504E+00
1.1719E+00	1.1699E+00	1.1666E+00	1.1697E+00	1.1691E+00
1.1874E+00	1.1857E+00	1.1829E+00	1.1855E+00	1.1850E+00
1.2000E+00	1.1987E+00	1.1965E+00	1.1986E+00	1.1981E+00
1.2099E+00	1.2088E+00	1.2072E+00	1.2087E+00	1.2084E+00
1.2167E+00	1.2161E+00	1.2150E+00	1.2160E+00	1.2158E+00
1.2207E+00	1.2204E+00	1.2198E+00	1.2203E+00	1.2202E+00
1.2217E+00	1.2217E+00	1.2217E+00	1.2217E+00	1.2217E+00
!M	CMTAB
!U	nd
3.0542E-01	3.0542E-01	3.0542E-01	3.0542E-01	3.0542E-01
3.0488E-01	3.0482E-01	3.0480E-01	3.0478E-01	3.0481E-01
3.0329E-01	3.0306E-01	3.0298E-01	3.0293E-01	3.0303E-01
3.0071E-01	3.0020E-01	3.0003E-01	2.9992E-01	3.0014E-01
2.9719E-01	2.9630E-01	2.9601E-01	2.9581E-01	2.9620E-01
2.9278E-01	2.9141E-01	2.9099E-01	2.9068E-01	2.9127E-01
2.8753E-01	2.8561E-01	2.8502E-01	2.8458E-01	2.8542E-01
2.8150E-01	2.7895E-01	2.7818E-01	2.7757E-01	2.7871E-01
2.7473E-01	2.7149E-01	2.7051E-01	2.6972E-01	2.7119E-01
2.6729E-01	2.6328E-01	2.6210E-01	2.6109E-01	2.6293E-01
2.5922E-01	2.5440E-01	2.5300E-01	2.5175E-01	2.5399E-01
2.5058E-01	2.4490E-01	2.4328E-01	2.4176E-01	2.4444E-01
2.4142E-01	2.3483E-01	2.3299E-01	2.3119E-01	2.3433E-01
2.3179E-01	2.2426E-01	2.2221E-01	2.2009E-01	2.2372E-01
2.2174E-01	2.1325E-01	2.1100E-01	2.0853E-01	2.1269E-01
2.1132E-01	2.0186E-01	1.9941E-01	1.9657E-01	2.0128E-01
2.0060E-01	1.9014E-01	1.8752E-01	1.8428E-01	1.8957E-01
1.8962E-01	1.7817E-01	1.7539E-01	1.7172E-01	1.7761E-01
1.7843E-01	1.6599E-01	1.6307E-01	1.5896E-01	1.6546E-01
1.6708E-01	1.5367E-01	1.5065E-01	1.4605E-01	1.5319E-01
1.5563E-01	1.4127E-01	1.3817E-01	1.3306E-01	1.4086E-01
1.4414E-01	1.2884E-01	1.2570E-01	1.2006E-01	1.2853E-01
1.3265E-01	1.1646E-01	1.1331E-01	1.0710E-01	1.1626E-01
1.2121E-01	1.0417E-01	1.0106E-01	9.4256E-02	1.0411E-01
1.0988E-01	9.2033E-02	8.9005E-02	8.1586E-02	9.2149E-02
9.8715E-02	8.0118E-02	7.7221E-02	6.9153E-02	8.0434E-02
8.7761E-02	6.8479E-02	6.5768E-02	5.7022E-02	6.9028E-02
7.7072E-02	5.7177E-02	5.4708E-02	4.5256E-02	5.7993E-02
6.6702E-02	4.6271E-02	4.4105E-02	3.3918E-02	4.7389E-02
5.6702E-02	3.5823E-02	3.4023E-02	2.3072E-02	3.7279E-02
4.7125E-02	2.5890E-02	2.4525E-02	1.2781E-02	2.7724E-02
3.8024E-02	1.6534E-02	1.5676E-02	3.1080E-03	1.8787E-02
2.9451E-02	7.8140E-03	7.5380E-03	-5.8820E-03	1.0528E-02
2.1458E-02	-2.1000E-04	1.7600E-04	-1.4128E-02	3.0100E-03
1.4099E-02	-7.4780E-03	-6.3480E-03	-2.1564E-02	-3.7060E-03
7.4250E-03	-1.3931E-02	-1.1969E-02	-2.8128E-02	-9.5580E-03
1.4890E-03	-1.9508E-02	-1.6624E-02	-3.3756E-02	-1.4485E-02
-3.6570E-03	-2.4149E-02	-2.0250E-02	-3.8384E-02	-1.8424E-02
-7.9600E-03	-2.7795E-02	-2.2781E-02	-4.1950E-02	-2.1314E-02
-1.1367E-02	-3.0386E-02	-2.2336E-02	-4.4390E-02	-2.2410E-02
-1.3826E-02	-3.0758E-02	-2.5256E-02	-4.3491E-02	-2.3700E-02
-1.6307E-02	-3.2714E-02	-2.8968E-02	-4.8319E-02	-3.9181E-02
-1.5891E-02	-3.6237E-02	-3.2330E-02	-5.6000E-02	-4.8580E-02
-3.8142E-02	-4.7000E-02	-5.7350E-02	-6.2800E-02	-7.9917E-02
-6.6000E-02	-7.4800E-02	-9.3400E-02	-1.0190E-01	-1.0500E-01
-6.3600E-02	-9.9000E-02	-1.0670E-01	-1.0630E-01	-1.0480E-01
-9.1600E-02	-1.0950E-01	-1.0660E-01	-1.0410E-01	-1.0250E-01
-1.0810E-01	-1.0129E-01	-1.0050E-01	-9.8933E-02	-9.9367E-02
-9.9413E-02	-9.1400E-02	-8.8850E-02	-9.0333E-02	-9.0256E-02
-6.0688E-02	-7.1400E-02	-7.5431E-02	-7.4500E-02	-8.3015E-02
-5.4905E-02	-7.2035E-02	-7.9014E-02	-7.4875E-02	-8.3589E-02
-5.5550E-02	-7.3016E-02	-8.0452E-02	-7.6095E-02	-8.4913E-02
-5.7478E-02	-7.4975E-02	-8.2504E-02	-7.8028E-02	-8.6924E-02
-6.0191E-02	-7.7648E-02	-8.5230E-02	-8.0665E-02	-8.9596E-02
-6.3644E-02	-8.0992E-02	-8.8591E-02	-8.3965E-02	-9.2891E-02
-6.7794E-02	-8.4968E-02	-9.2549E-02	-8.7888E-02	-9.6771E-02
-7.2595E-02	-8.9535E-02	-9.7065E-02	-9.2395E-02	-1.0120E-01
-7.8003E-02	-9.4652E-02	-1.0210E-01	-9.7444E-02	-1.0613E-01
-8.3974E-02	-1.0028E-01	-1.0761E-01	-1.0300E-01	-1.1154E-01
-9.0462E-02	-1.0637E-01	-1.1357E-01	-1.0901E-01	-1.1737E-01
-9.7424E-02	-1.1289E-01	-1.1993E-01	-1.1545E-01	-1.2361E-01
-1.0482E-01	-1.1980E-01	-1.2665E-01	-1.2226E-01	-1.3020E-01
-1.1259E-01	-1.2706E-01	-1.3370E-01	-1.2942E-01	-1.3710E-01
-1.2070E-01	-1.3462E-01	-1.4103E-01	-1.3689E-01	-1.4429E-01
-1.2911E-01	-1.4245E-01	-1.4861E-01	-1.4461E-01	-1.5172E-01
-1.3777E-01	-1.5050E-01	-1.5640E-01	-1.5255E-01	-1.5935E-01
-1.4664E-01	-1.5873E-01	-1.6436E-01	-1.6068E-01	-1.6715E-01
-1.5567E-01	-1.6711E-01	-1.7245E-01	-1.6894E-01	-1.7508E-01
-1.6481E-01	-1.7559E-01	-1.8063E-01	-1.7731E-01	-1.8310E-01
-1.7403E-01	-1.8413E-01	-1.8886E-01	-1.8574E-01	-1.9118E-01
-1.8327E-01	-1.9269E-01	-1.9711E-01	-1.9418E-01	-1.9926E-01
-1.9250E-01	-2.0123E-01	-2.0534E-01	-2.0261E-01	-2.0732E-01
-2.0167E-01	-2.0971E-01	-2.1350E-01	-2.1097E-01	-2.1532E-01
-2.1073E-01	-2.1808E-01	-2.2156E-01	-2.1924E-01	-2.2323E-01
-2.1964E-01	-2.2632E-01	-2.2948E-01	-2.2736E-01	-2.3099E-01
-2.2836E-01	-2.3437E-01	-2.3722E-01	-2.3531E-01	-2.3857E-01
-2.3683E-01	-2.4219E-01	-2.4474E-01	-2.4303E-01	-2.4595E-01
-2.4503E-01	-2.4976E-01	-2.5201E-01	-2.5049E-01	-2.5307E-01
-2.5289E-01	-2.5701E-01	-2.5898E-01	-2.5765E-01	-2.5990E-01
-2.6038E-01	-2.6392E-01	-2.6561E-01	-2.6447E-01	-2.6640E-01
-2.6746E-01	-2.7044E-01	-2.7187E-01	-2.7091E-01	-2.7254E-01
-2.7407E-01	-2.7654E-01	-2.7772E-01	-2.7692E-01	-2.7827E-01
-2.8017E-01	-2.8216E-01	-2.8312E-01	-2.8247E-01	-2.8356E-01
-2.8572E-01	-2.8728E-01	-2.8803E-01	-2.8752E-01	-2.8837E-01
-2.9068E-01	-2.9185E-01	-2.9241E-01	-2.9203E-01	-2.9267E-01
-2.9500E-01	-2.9582E-01	-2.9622E-01	-2.9595E-01	-2.9640E-01
-2.9863E-01	-2.9917E-01	-2.9943E-01	-2.9925E-01	-2.9955E-01
-3.0153E-01	-3.0184E-01	-3.0199E-01	-3.0189E-01	-3.0206E-01
-3.0366E-01	-3.0380E-01	-3.0387E-01	-3.0382E-01	-3.0390E-01
-3.0497E-01	-3.0501E-01	-3.0502E-01	-3.0501E-01	-3.0503E-01
-3.0542E-01	-3.0542E-01	-3.0542E-01	-3.0542E-01	-3.0542E-01
