!T	AOACL
!U	deg
-90	
-88	
-86	
-84	
-82	
-80	
-78	
-76	
-74	
-72	
-70	
-68	
-66	
-64	
-62	
-60	
-58	
-56	
-54	
-52	
-50	
-48	
-46	
-44	
-42	
-40	
-38	
-36	
-34	
-32	
-30	
-28	
-26	
-24	
-22	
-20	
-18	
-16	
-14	
-12	
-10	
-8	
-6	
-4	
-2	
0	
2	
4	
6	
8	
10	
12	
14	
16	
18	
20	
22	
24	
26	
28	
30	
32	
34	
36	
38	
40	
42	
44	
46	
48	
50	
52	
54	
56	
58	
60	
62	
64	
66	
68	
70	
72	
74	
76	
78	
80	
82	
84	
86	
88	
90	
!T	AOACD
!U	deg
-90	
-88	
-86	
-84	
-82	
-80	
-78	
-76	
-74	
-72	
-70	
-68	
-66	
-64	
-62	
-60	
-58	
-56	
-54	
-52	
-50	
-48	
-46	
-44	
-42	
-40	
-38	
-36	
-34	
-32	
-30	
-28	
-26	
-24	
-22	
-20	
-18	
-16	
-14	
-12	
-10	
-8	
-6	
-4	
-2	
0	
2	
4	
6	
8	
10	
12	
14	
16	
18	
20	
22	
24	
26	
28	
30	
32	
34	
36	
38	
40	
42	
44	
46	
48	
50	
52	
54	
56	
58	
60	
62	
64	
66	
68	
70	
72	
74	
76	
78	
80	
82	
84	
86	
88	
90	
!T	AOACM
!U	deg
-90	
-88	
-86	
-84	
-82	
-80	
-78	
-76	
-74	
-72	
-70	
-68	
-66	
-64	
-62	
-60	
-58	
-56	
-54	
-52	
-50	
-48	
-46	
-44	
-42	
-40	
-38	
-36	
-34	
-32	
-30	
-28	
-26	
-24	
-22	
-20	
-18	
-16	
-14	
-12	
-10	
-8	
-6	
-4	
-2	
0	
2	
4	
6	
8	
10	
12	
14	
16	
18	
20	
22	
24	
26	
28	
30	
32	
34	
36	
38	
40	
42	
44	
46	
48	
50	
52	
54	
56	
58	
60	
62	
64	
66	
68	
70	
72	
74	
76	
78	
80	
82	
84	
86	
88	
90	
!T	RECL
!U	nd
50000	
100000	
150000	
200000	
250000	
!T	RECD
!U	nd
50000	
100000	
150000	
200000	
250000	
!T	RECM
!U	nd
50000	
100000	
150000	
200000	
250000	
!M	CLTAB
!U	nd
-0.0000E+00	-0.0000E+00	-0.0000E+00	-0.0000E+00	-0.0000E+00
-4.2633E-02	-4.2632E-02	-4.2638E-02	-4.2636E-02	-4.2639E-02
-8.5105E-02	-8.5103E-02	-8.5127E-02	-8.5119E-02	-8.5130E-02
-1.2721E-01	-1.2721E-01	-1.2726E-01	-1.2724E-01	-1.2727E-01
-1.6874E-01	-1.6873E-01	-1.6883E-01	-1.6880E-01	-1.6884E-01
-2.0950E-01	-2.0949E-01	-2.0964E-01	-2.0959E-01	-2.0966E-01
-2.4929E-01	-2.4927E-01	-2.4949E-01	-2.4942E-01	-2.4953E-01
-2.8792E-01	-2.8790E-01	-2.8819E-01	-2.8810E-01	-2.8824E-01
-3.2521E-01	-3.2517E-01	-3.2556E-01	-3.2543E-01	-3.2562E-01
-3.6096E-01	-3.6092E-01	-3.6141E-01	-3.6125E-01	-3.6149E-01
-3.9502E-01	-3.9497E-01	-3.9558E-01	-3.9538E-01	-3.9567E-01
-4.2722E-01	-4.2715E-01	-4.2790E-01	-4.2765E-01	-4.2801E-01
-4.5741E-01	-4.5733E-01	-4.5822E-01	-4.5792E-01	-4.5835E-01
-4.8544E-01	-4.8535E-01	-4.8640E-01	-4.8605E-01	-4.8656E-01
-5.1119E-01	-5.1108E-01	-5.1230E-01	-5.1190E-01	-5.1249E-01
-5.3453E-01	-5.3440E-01	-5.3582E-01	-5.3535E-01	-5.3604E-01
-5.5536E-01	-5.5521E-01	-5.5684E-01	-5.5630E-01	-5.5709E-01
-5.7359E-01	-5.7341E-01	-5.7527E-01	-5.7466E-01	-5.7555E-01
-5.8912E-01	-5.8893E-01	-5.9103E-01	-5.9034E-01	-5.9135E-01
-6.0191E-01	-6.0169E-01	-6.0406E-01	-6.0328E-01	-6.0442E-01
-6.1189E-01	-6.1165E-01	-6.1430E-01	-6.1343E-01	-6.1470E-01
-6.1904E-01	-6.1876E-01	-6.2172E-01	-6.2075E-01	-6.2218E-01
-6.2332E-01	-6.2302E-01	-6.2631E-01	-6.2523E-01	-6.2682E-01
-6.2474E-01	-6.2440E-01	-6.2806E-01	-6.2686E-01	-6.2862E-01
-6.2331E-01	-6.2294E-01	-6.2699E-01	-6.2566E-01	-6.2761E-01
-6.1905E-01	-6.1864E-01	-6.2313E-01	-6.2165E-01	-6.2382E-01
-6.1202E-01	-6.1157E-01	-6.1652E-01	-6.1489E-01	-6.1728E-01
-6.0228E-01	-6.0178E-01	-6.0725E-01	-6.0545E-01	-6.0809E-01
-5.8992E-01	-5.8936E-01	-5.9540E-01	-5.9341E-01	-5.9633E-01
-5.7503E-01	-5.7442E-01	-5.8109E-01	-5.7889E-01	-5.8211E-01
-5.5775E-01	-5.5708E-01	-5.6445E-01	-5.6202E-01	-5.6558E-01
-5.3824E-01	-5.3749E-01	-5.4565E-01	-5.4296E-01	-5.4690E-01
-5.1667E-01	-5.1584E-01	-5.2489E-01	-5.2191E-01	-5.2628E-01
-4.9327E-01	-4.9235E-01	-5.0243E-01	-4.9911E-01	-5.0397E-01
-4.6831E-01	-4.6728E-01	-4.7855E-01	-4.7484E-01	-4.8028E-01
-4.4213E-01	-4.4097E-01	-4.5365E-01	-4.4948E-01	-4.5560E-01
-4.1515E-01	-4.1383E-01	-4.2821E-01	-4.2348E-01	-4.3042E-01
-3.8796E-01	-3.8645E-01	-4.0292E-01	-3.9750E-01	-4.0544E-01
-3.6138E-01	-3.5962E-01	-3.7874E-01	-3.7245E-01	-3.8167E-01
-3.3667E-01	-3.3459E-01	-3.5720E-01	-3.4976E-01	-3.6067E-01
-3.1599E-01	-3.1347E-01	-3.4091E-01	-3.3188E-01	-3.4498E-01
-3.0345E-01	-3.0027E-01	-3.3461E-01	-3.2477E-01	-3.4191E-01
-3.0977E-01	-3.0909E-01	-3.5604E-01	-3.1790E-01	-2.4689E-01
-3.5850E-01	-3.4326E-01	-2.4107E-01	-1.4843E-01	-3.7100E-02
-1.9410E-01	-2.9923E-02	1.6770E-01	2.7920E-01	3.3330E-01
1.8070E-01	4.3700E-01	5.3380E-01	6.1370E-01	6.4900E-01
4.9170E-01	7.6010E-01	8.6460E-01	9.1760E-01	9.3910E-01
8.6660E-01	1.1056E+00	1.1298E+00	1.1225E+00	1.1194E+00
1.2643E+00	1.2676E+00	1.2558E+00	1.2538E+00	1.2562E+00
1.3527E+00	1.3528E+00	1.3516E+00	1.3629E+00	1.3729E+00
1.3373E+00	1.4146E+00	1.4636E+00	1.4665E+00	1.4739E+00
1.3347E+00	1.4600E+00	1.5092E+00	1.3628E+00	1.3460E+00
1.3164E+00	1.3511E+00	1.3518E+00	1.2098E+00	1.1971E+00
1.2226E+00	1.2342E+00	1.2346E+00	1.1188E+00	1.1079E+00
1.1464E+00	1.1541E+00	1.1544E+00	1.0533E+00	1.0437E+00
1.0871E+00	1.0939E+00	1.0941E+00	1.0050E+00	9.9657E-01
1.0416E+00	1.0476E+00	1.0479E+00	9.6861E-01	9.6114E-01
1.0059E+00	1.0113E+00	1.0114E+00	9.4059E-01	9.3391E-01
9.7705E-01	9.8188E-01	9.8205E-01	9.1841E-01	9.1241E-01
9.5309E-01	9.5745E-01	9.5760E-01	9.0026E-01	8.9485E-01
9.3249E-01	9.3642E-01	9.3656E-01	8.8476E-01	8.7988E-01
9.1408E-01	9.1764E-01	9.1777E-01	8.7090E-01	8.6648E-01
8.9697E-01	9.0020E-01	9.0031E-01	8.5787E-01	8.5387E-01
8.8047E-01	8.8339E-01	8.8349E-01	8.4504E-01	8.4141E-01
8.6400E-01	8.6664E-01	8.6674E-01	8.3191E-01	8.2862E-01
8.4713E-01	8.4952E-01	8.4961E-01	8.1808E-01	8.1511E-01
8.2950E-01	8.3166E-01	8.3174E-01	8.0324E-01	8.0055E-01
8.1083E-01	8.1279E-01	8.1286E-01	7.8713E-01	7.8471E-01
7.9091E-01	7.9267E-01	7.9273E-01	7.6957E-01	7.6738E-01
7.6955E-01	7.7113E-01	7.7119E-01	7.5038E-01	7.4842E-01
7.4664E-01	7.4805E-01	7.4810E-01	7.2948E-01	7.2772E-01
7.2208E-01	7.2334E-01	7.2338E-01	7.0677E-01	7.0521E-01
6.9581E-01	6.9693E-01	6.9697E-01	6.8222E-01	6.8083E-01
6.6781E-01	6.6880E-01	6.6884E-01	6.5581E-01	6.5458E-01
6.3809E-01	6.3895E-01	6.3898E-01	6.2755E-01	6.2647E-01
6.0665E-01	6.0741E-01	6.0743E-01	5.9746E-01	5.9652E-01
5.7355E-01	5.7420E-01	5.7423E-01	5.6561E-01	5.6480E-01
5.3886E-01	5.3942E-01	5.3944E-01	5.3205E-01	5.3136E-01
5.0265E-01	5.0312E-01	5.0314E-01	4.9689E-01	4.9630E-01
4.6503E-01	4.6543E-01	4.6544E-01	4.6022E-01	4.5972E-01
4.2612E-01	4.2645E-01	4.2646E-01	4.2216E-01	4.2175E-01
3.8605E-01	3.8631E-01	3.8632E-01	3.8285E-01	3.8253E-01
3.4495E-01	3.4516E-01	3.4517E-01	3.4244E-01	3.4218E-01
3.0299E-01	3.0315E-01	3.0316E-01	3.0107E-01	3.0088E-01
2.6034E-01	2.6045E-01	2.6046E-01	2.5893E-01	2.5879E-01
2.1715E-01	2.1723E-01	2.1724E-01	2.1618E-01	2.1608E-01
1.7363E-01	1.7368E-01	1.7368E-01	1.7301E-01	1.7294E-01
1.2995E-01	1.2998E-01	1.2998E-01	1.2960E-01	1.2957E-01
8.6324E-02	8.6336E-02	8.6337E-02	8.6168E-02	8.6152E-02
4.2937E-02	4.2941E-02	4.2941E-02	4.2899E-02	4.2895E-02
0.0000E+00	0.0000E+00	0.0000E+00	0.0000E+00	0.0000E+00
!M	CDTAB
!U	nd
1.2217E+00	1.2217E+00	1.2217E+00	1.2217E+00	1.2217E+00
1.2232E+00	1.2229E+00	1.2231E+00	1.2230E+00	1.2233E+00
1.2217E+00	1.2212E+00	1.2216E+00	1.2214E+00	1.2219E+00
1.2172E+00	1.2165E+00	1.2172E+00	1.2168E+00	1.2175E+00
1.2099E+00	1.2090E+00	1.2098E+00	1.2093E+00	1.2103E+00
1.1996E+00	1.1985E+00	1.1995E+00	1.1989E+00	1.2002E+00
1.1866E+00	1.1852E+00	1.1864E+00	1.1857E+00	1.1872E+00
1.1708E+00	1.1692E+00	1.1706E+00	1.1698E+00	1.1715E+00
1.1524E+00	1.1505E+00	1.1521E+00	1.1512E+00	1.1532E+00
1.1314E+00	1.1293E+00	1.1311E+00	1.1300E+00	1.1323E+00
1.1079E+00	1.1057E+00	1.1077E+00	1.1065E+00	1.1090E+00
1.0822E+00	1.0797E+00	1.0819E+00	1.0806E+00	1.0833E+00
1.0543E+00	1.0516E+00	1.0539E+00	1.0525E+00	1.0555E+00
1.0243E+00	1.0214E+00	1.0239E+00	1.0224E+00	1.0256E+00
9.9245E-01	9.8936E-01	9.9209E-01	9.9044E-01	9.9386E-01
9.5890E-01	9.5560E-01	9.5851E-01	9.5676E-01	9.6040E-01
9.2380E-01	9.2031E-01	9.2339E-01	9.2153E-01	9.2540E-01
8.8735E-01	8.8367E-01	8.8692E-01	8.8496E-01	8.8904E-01
8.4972E-01	8.4585E-01	8.4927E-01	8.4721E-01	8.5150E-01
8.1112E-01	8.0706E-01	8.1064E-01	8.0848E-01	8.1298E-01
7.7173E-01	7.6749E-01	7.7123E-01	7.6898E-01	7.7367E-01
7.3175E-01	7.2735E-01	7.3124E-01	7.2889E-01	7.3377E-01
6.9140E-01	6.8682E-01	6.9086E-01	6.8843E-01	6.9349E-01
6.5087E-01	6.4613E-01	6.5031E-01	6.4779E-01	6.5304E-01
6.1037E-01	6.0547E-01	6.0979E-01	6.0719E-01	6.1261E-01
5.7010E-01	5.6505E-01	5.6951E-01	5.6682E-01	5.7241E-01
5.3027E-01	5.2508E-01	5.2966E-01	5.2690E-01	5.3265E-01
4.9108E-01	4.8575E-01	4.9045E-01	4.8762E-01	4.9352E-01
4.5272E-01	4.4726E-01	4.5208E-01	4.4917E-01	4.5522E-01
4.1539E-01	4.0981E-01	4.1474E-01	4.1177E-01	4.1795E-01
3.7928E-01	3.7358E-01	3.7861E-01	3.7558E-01	3.8189E-01
3.4457E-01	3.3875E-01	3.4389E-01	3.4079E-01	3.4723E-01
3.1143E-01	3.0551E-01	3.1073E-01	3.0758E-01	3.1414E-01
2.8003E-01	2.7401E-01	2.7932E-01	2.7612E-01	2.8278E-01
2.5052E-01	2.4441E-01	2.4980E-01	2.4655E-01	2.5332E-01
2.2306E-01	2.1687E-01	2.2233E-01	2.1904E-01	2.2589E-01
1.9778E-01	1.9151E-01	1.9704E-01	1.9371E-01	2.0065E-01
1.7481E-01	1.6848E-01	1.7406E-01	1.7069E-01	1.7771E-01
1.5426E-01	1.4787E-01	1.5351E-01	1.5011E-01	1.5719E-01
1.3624E-01	1.2980E-01	1.3548E-01	1.3205E-01	1.3919E-01
1.2083E-01	1.1435E-01	1.2008E-01	1.1662E-01	1.2382E-01
1.0813E-01	1.0160E-01	1.0774E-01	1.0605E-01	1.1135E-01
9.8775E-02	9.2623E-02	9.8533E-02	9.2134E-02	8.5100E-02
9.1030E-02	8.3984E-02	7.3177E-02	6.5977E-02	5.5750E-02
6.4801E-02	4.7774E-02	3.2190E-02	2.2210E-02	1.7370E-02
3.4970E-02	2.5340E-02	1.8700E-02	1.4120E-02	1.1580E-02
3.7840E-02	2.0040E-02	1.2800E-02	1.0280E-02	9.2200E-03
3.6900E-02	1.6470E-02	1.3870E-02	1.2510E-02	1.1800E-02
3.0080E-02	2.0160E-02	1.7680E-02	1.6490E-02	1.5770E-02
3.3050E-02	2.6070E-02	2.4850E-02	2.4382E-02	2.3034E-02
4.6580E-02	3.9820E-02	3.7008E-02	3.4501E-02	3.3815E-02
7.6052E-02	6.5299E-02	5.9573E-02	4.9850E-02	4.8994E-02
1.0544E-01	8.8768E-02	7.8246E-02	7.0667E-02	6.9613E-02
1.2020E-01	1.0786E-01	1.0039E-01	9.1992E-02	9.0949E-02
1.4226E-01	1.3154E-01	1.2415E-01	1.1584E-01	1.1481E-01
1.6820E-01	1.5761E-01	1.5030E-01	1.4210E-01	1.4108E-01
1.9639E-01	1.8595E-01	1.7874E-01	1.7064E-01	1.6963E-01
2.2670E-01	2.1640E-01	2.0930E-01	2.0132E-01	2.0033E-01
2.5896E-01	2.4883E-01	2.4184E-01	2.3400E-01	2.3302E-01
2.9302E-01	2.8308E-01	2.7621E-01	2.6850E-01	2.6754E-01
3.2873E-01	3.1897E-01	3.1223E-01	3.0467E-01	3.0373E-01
3.6589E-01	3.5633E-01	3.4974E-01	3.4233E-01	3.4141E-01
4.0433E-01	3.9498E-01	3.8854E-01	3.8130E-01	3.8040E-01
4.4385E-01	4.3474E-01	4.2844E-01	4.2138E-01	4.2050E-01
4.8427E-01	4.7539E-01	4.6926E-01	4.6238E-01	4.6153E-01
5.2538E-01	5.1675E-01	5.1079E-01	5.0411E-01	5.0327E-01
5.6699E-01	5.5861E-01	5.5283E-01	5.4634E-01	5.4554E-01
6.0888E-01	6.0077E-01	5.9518E-01	5.8890E-01	5.8812E-01
6.5085E-01	6.4302E-01	6.3762E-01	6.3155E-01	6.3080E-01
6.9269E-01	6.8515E-01	6.7995E-01	6.7411E-01	6.7338E-01
7.3420E-01	7.2696E-01	7.2196E-01	7.1635E-01	7.1565E-01
7.7518E-01	7.6824E-01	7.6345E-01	7.5808E-01	7.5741E-01
8.1541E-01	8.0879E-01	8.0422E-01	7.9909E-01	7.9845E-01
8.5471E-01	8.4841E-01	8.4406E-01	8.3917E-01	8.3857E-01
8.9287E-01	8.8690E-01	8.8277E-01	8.7815E-01	8.7757E-01
9.2971E-01	9.2407E-01	9.2019E-01	9.1582E-01	9.1528E-01
9.6504E-01	9.5975E-01	9.5610E-01	9.5200E-01	9.5149E-01
9.9870E-01	9.9376E-01	9.9035E-01	9.8652E-01	9.8605E-01
1.0305E+00	1.0259E+00	1.0228E+00	1.0192E+00	1.0188E+00
1.0603E+00	1.0561E+00	1.0532E+00	1.0499E+00	1.0495E+00
1.0880E+00	1.0841E+00	1.0814E+00	1.0785E+00	1.0781E+00
1.1133E+00	1.1098E+00	1.1074E+00	1.1047E+00	1.1044E+00
1.1363E+00	1.1332E+00	1.1310E+00	1.1286E+00	1.1283E+00
1.1567E+00	1.1540E+00	1.1521E+00	1.1500E+00	1.1497E+00
1.1745E+00	1.1721E+00	1.1705E+00	1.1687E+00	1.1685E+00
1.1895E+00	1.1875E+00	1.1862E+00	1.1847E+00	1.1845E+00
1.2017E+00	1.2002E+00	1.1991E+00	1.1979E+00	1.1977E+00
1.2111E+00	1.2100E+00	1.2091E+00	1.2082E+00	1.2081E+00
1.2176E+00	1.2168E+00	1.2163E+00	1.2157E+00	1.2156E+00
1.2211E+00	1.2207E+00	1.2205E+00	1.2201E+00	1.2201E+00
1.2217E+00	1.2217E+00	1.2217E+00	1.2217E+00	1.2217E+00
!M	CMTAB
!U	nd
3.0542E-01	3.0542E-01	3.0542E-01	3.0542E-01	3.0542E-01
3.0493E-01	3.0490E-01	3.0489E-01	3.0487E-01	3.0486E-01
3.0351E-01	3.0340E-01	3.0336E-01	3.0327E-01	3.0322E-01
3.0119E-01	3.0096E-01	3.0086E-01	3.0066E-01	3.0056E-01
2.9802E-01	2.9762E-01	2.9746E-01	2.9711E-01	2.9694E-01
2.9406E-01	2.9344E-01	2.9319E-01	2.9265E-01	2.9239E-01
2.8933E-01	2.8845E-01	2.8811E-01	2.8736E-01	2.8699E-01
2.8390E-01	2.8273E-01	2.8227E-01	2.8127E-01	2.8078E-01
2.7780E-01	2.7630E-01	2.7572E-01	2.7445E-01	2.7383E-01
2.7108E-01	2.6921E-01	2.6852E-01	2.6694E-01	2.6618E-01
2.6379E-01	2.6153E-01	2.6070E-01	2.5880E-01	2.5789E-01
2.5598E-01	2.5329E-01	2.5233E-01	2.5008E-01	2.4901E-01
2.4768E-01	2.4455E-01	2.4345E-01	2.4084E-01	2.3960E-01
2.3894E-01	2.3535E-01	2.3411E-01	2.3113E-01	2.2972E-01
2.2982E-01	2.2574E-01	2.2437E-01	2.2099E-01	2.1941E-01
2.2035E-01	2.1577E-01	2.1427E-01	2.1050E-01	2.0874E-01
2.1059E-01	2.0548E-01	2.0386E-01	1.9969E-01	1.9776E-01
2.0057E-01	1.9493E-01	1.9320E-01	1.8862E-01	1.8652E-01
1.9035E-01	1.8417E-01	1.8233E-01	1.7734E-01	1.7508E-01
1.7997E-01	1.7325E-01	1.7131E-01	1.6591E-01	1.6349E-01
1.6947E-01	1.6220E-01	1.6019E-01	1.5438E-01	1.5181E-01
1.5890E-01	1.5108E-01	1.4901E-01	1.4281E-01	1.4009E-01
1.4831E-01	1.3994E-01	1.3783E-01	1.3124E-01	1.2839E-01
1.3775E-01	1.2883E-01	1.2669E-01	1.1973E-01	1.1676E-01
1.2725E-01	1.1780E-01	1.1565E-01	1.0834E-01	1.0526E-01
1.1687E-01	1.0689E-01	1.0477E-01	9.7111E-02	9.3942E-02
1.0664E-01	9.6150E-02	9.4076E-02	8.6102E-02	8.2857E-02
9.6627E-02	8.5633E-02	8.3635E-02	7.5365E-02	7.2063E-02
8.6862E-02	7.5386E-02	7.3493E-02	6.4953E-02	6.1615E-02
7.7396E-02	6.5457E-02	6.3702E-02	5.4920E-02	5.1567E-02
6.8273E-02	5.5895E-02	5.4311E-02	4.5319E-02	4.1975E-02
5.9539E-02	4.6748E-02	4.5371E-02	3.6203E-02	3.2893E-02
5.1241E-02	3.8064E-02	3.6932E-02	2.7625E-02	2.4376E-02
4.3424E-02	2.9893E-02	2.9044E-02	1.9638E-02	1.6478E-02
3.6134E-02	2.2282E-02	2.1759E-02	1.2296E-02	9.2550E-03
2.9417E-02	1.5280E-02	1.5127E-02	5.6510E-03	2.7610E-03
2.3319E-02	8.9360E-03	9.1970E-03	-2.4300E-04	-2.9480E-03
1.7885E-02	3.2970E-03	4.0210E-03	-5.3330E-03	-7.8200E-03
1.3161E-02	-1.5860E-03	-3.5100E-04	-9.5660E-03	-1.1797E-02
9.1930E-03	-5.6670E-03	-3.8690E-03	-1.2889E-02	-1.4826E-02
6.0270E-03	-8.8970E-03	-6.4820E-03	-1.5249E-02	-1.6873E-02
3.7090E-03	-1.1226E-02	-8.6150E-03	-1.6555E-02	-1.7941E-02
1.4560E-03	-1.2328E-02	-8.7080E-03	-2.1433E-02	-4.2725E-02
1.8000E-03	-1.3862E-02	-4.4315E-02	-6.5328E-02	-8.7100E-02
-3.9033E-02	-8.4107E-02	-1.1820E-01	-1.3880E-01	-1.4890E-01
-9.5600E-02	-1.3350E-01	-1.4740E-01	-1.5750E-01	-1.6250E-01
-1.1870E-01	-1.4740E-01	-1.6160E-01	-1.7060E-01	-1.7440E-01
-1.4035E-01	-1.6450E-01	-1.6560E-01	-1.6590E-01	-1.6530E-01
-1.5470E-01	-1.5080E-01	-1.4860E-01	-1.4850E-01	-1.4930E-01
-1.2890E-01	-1.2860E-01	-1.2920E-01	-1.2914E-01	-1.3120E-01
-9.6000E-02	-1.0298E-01	-1.0483E-01	-1.0528E-01	-1.0632E-01
-8.5303E-02	-8.3236E-02	-9.4004E-02	-9.7422E-02	-1.0138E-01
-8.2682E-02	-8.3035E-02	-9.4492E-02	-9.8321E-02	-1.0235E-01
-8.0253E-02	-8.3624E-02	-9.5803E-02	-9.9919E-02	-1.0400E-01
-8.0565E-02	-8.5512E-02	-9.7831E-02	-1.0221E-01	-1.0631E-01
-8.2940E-02	-8.8164E-02	-1.0056E-01	-1.0514E-01	-1.0925E-01
-8.6089E-02	-9.1536E-02	-1.0393E-01	-1.0869E-01	-1.1278E-01
-8.9961E-02	-9.5580E-02	-1.0792E-01	-1.1281E-01	-1.1687E-01
-9.4510E-02	-1.0025E-01	-1.1248E-01	-1.1745E-01	-1.2146E-01
-9.9685E-02	-1.0550E-01	-1.1757E-01	-1.2259E-01	-1.2653E-01
-1.0544E-01	-1.1129E-01	-1.2314E-01	-1.2817E-01	-1.3203E-01
-1.1172E-01	-1.1757E-01	-1.2915E-01	-1.3417E-01	-1.3793E-01
-1.1849E-01	-1.2429E-01	-1.3556E-01	-1.4053E-01	-1.4418E-01
-1.2568E-01	-1.3140E-01	-1.4233E-01	-1.4722E-01	-1.5075E-01
-1.3326E-01	-1.3887E-01	-1.4941E-01	-1.5420E-01	-1.5760E-01
-1.4118E-01	-1.4664E-01	-1.5677E-01	-1.6142E-01	-1.6469E-01
-1.4938E-01	-1.5467E-01	-1.6436E-01	-1.6886E-01	-1.7198E-01
-1.5782E-01	-1.6292E-01	-1.7213E-01	-1.7646E-01	-1.7942E-01
-1.6645E-01	-1.7133E-01	-1.8005E-01	-1.8419E-01	-1.8699E-01
-1.7521E-01	-1.7986E-01	-1.8808E-01	-1.9201E-01	-1.9465E-01
-1.8407E-01	-1.8846E-01	-1.9616E-01	-1.9988E-01	-2.0234E-01
-1.9297E-01	-1.9710E-01	-2.0427E-01	-2.0775E-01	-2.1005E-01
-2.0187E-01	-2.0571E-01	-2.1235E-01	-2.1560E-01	-2.1771E-01
-2.1071E-01	-2.1427E-01	-2.2036E-01	-2.2337E-01	-2.2531E-01
-2.1944E-01	-2.2271E-01	-2.2826E-01	-2.3102E-01	-2.3279E-01
-2.2803E-01	-2.3100E-01	-2.3602E-01	-2.3853E-01	-2.4012E-01
-2.3641E-01	-2.3909E-01	-2.4358E-01	-2.4584E-01	-2.4726E-01
-2.4455E-01	-2.4693E-01	-2.5090E-01	-2.5291E-01	-2.5417E-01
-2.5238E-01	-2.5448E-01	-2.5795E-01	-2.5972E-01	-2.6082E-01
-2.5987E-01	-2.6169E-01	-2.6468E-01	-2.6621E-01	-2.6715E-01
-2.6696E-01	-2.6851E-01	-2.7104E-01	-2.7234E-01	-2.7315E-01
-2.7361E-01	-2.7490E-01	-2.7700E-01	-2.7808E-01	-2.7875E-01
-2.7977E-01	-2.8081E-01	-2.8251E-01	-2.8339E-01	-2.8393E-01
-2.8538E-01	-2.8620E-01	-2.8753E-01	-2.8823E-01	-2.8865E-01
-2.9040E-01	-2.9102E-01	-2.9202E-01	-2.9255E-01	-2.9286E-01
-2.9479E-01	-2.9523E-01	-2.9594E-01	-2.9631E-01	-2.9654E-01
-2.9848E-01	-2.9878E-01	-2.9924E-01	-2.9948E-01	-2.9963E-01
-3.0144E-01	-3.0161E-01	-3.0188E-01	-3.0202E-01	-3.0210E-01
-3.0362E-01	-3.0369E-01	-3.0382E-01	-3.0388E-01	-3.0392E-01
-3.0496E-01	-3.0498E-01	-3.0501E-01	-3.0502E-01	-3.0504E-01
-3.0542E-01	-3.0542E-01	-3.0542E-01	-3.0542E-01	-3.0542E-01
