!T	AOACL
!U	deg
-90	
-88	
-86	
-84	
-82	
-80	
-78	
-76	
-74	
-72	
-70	
-68	
-66	
-64	
-62	
-60	
-58	
-56	
-54	
-52	
-50	
-48	
-46	
-44	
-42	
-40	
-38	
-36	
-34	
-32	
-30	
-28	
-26	
-24	
-22	
-20	
-18	
-16	
-14	
-12	
-10	
-8	
-6	
-4	
-2	
0	
2	
4	
6	
8	
10	
12	
14	
16	
18	
20	
22	
24	
26	
28	
30	
32	
34	
36	
38	
40	
42	
44	
46	
48	
50	
52	
54	
56	
58	
60	
62	
64	
66	
68	
70	
72	
74	
76	
78	
80	
82	
84	
86	
88	
90	
!T	AOACD
!U	deg
-90	
-88	
-86	
-84	
-82	
-80	
-78	
-76	
-74	
-72	
-70	
-68	
-66	
-64	
-62	
-60	
-58	
-56	
-54	
-52	
-50	
-48	
-46	
-44	
-42	
-40	
-38	
-36	
-34	
-32	
-30	
-28	
-26	
-24	
-22	
-20	
-18	
-16	
-14	
-12	
-10	
-8	
-6	
-4	
-2	
0	
2	
4	
6	
8	
10	
12	
14	
16	
18	
20	
22	
24	
26	
28	
30	
32	
34	
36	
38	
40	
42	
44	
46	
48	
50	
52	
54	
56	
58	
60	
62	
64	
66	
68	
70	
72	
74	
76	
78	
80	
82	
84	
86	
88	
90	
!T	AOACM
!U	deg
-90	
-88	
-86	
-84	
-82	
-80	
-78	
-76	
-74	
-72	
-70	
-68	
-66	
-64	
-62	
-60	
-58	
-56	
-54	
-52	
-50	
-48	
-46	
-44	
-42	
-40	
-38	
-36	
-34	
-32	
-30	
-28	
-26	
-24	
-22	
-20	
-18	
-16	
-14	
-12	
-10	
-8	
-6	
-4	
-2	
0	
2	
4	
6	
8	
10	
12	
14	
16	
18	
20	
22	
24	
26	
28	
30	
32	
34	
36	
38	
40	
42	
44	
46	
48	
50	
52	
54	
56	
58	
60	
62	
64	
66	
68	
70	
72	
74	
76	
78	
80	
82	
84	
86	
88	
90	
!T	RECL
!U	nd
50000	
100000	
150000	
200000	
250000	
!T	RECD
!U	nd
50000	
100000	
150000	
200000	
250000	
!T	RECM
!U	nd
50000	
100000	
150000	
200000	
250000	
!M	CLTAB
!U	nd
-0.0000E+00	-0.0000E+00	-0.0000E+00	-0.0000E+00	-0.0000E+00
-4.2636E-02	-4.2642E-02	-4.2639E-02	-4.2643E-02	-4.2638E-02
-8.5119E-02	-8.5140E-02	-8.5128E-02	-8.5145E-02	-8.5127E-02
-1.2724E-01	-1.2729E-01	-1.2726E-01	-1.2730E-01	-1.2726E-01
-1.6880E-01	-1.6888E-01	-1.6883E-01	-1.6891E-01	-1.6883E-01
-2.0959E-01	-2.0972E-01	-2.0965E-01	-2.0976E-01	-2.0964E-01
-2.4943E-01	-2.4961E-01	-2.4950E-01	-2.4966E-01	-2.4950E-01
-2.8810E-01	-2.8836E-01	-2.8821E-01	-2.8843E-01	-2.8820E-01
-3.2544E-01	-3.2577E-01	-3.2558E-01	-3.2586E-01	-3.2557E-01
-3.6126E-01	-3.6168E-01	-3.6143E-01	-3.6180E-01	-3.6142E-01
-3.9539E-01	-3.9591E-01	-3.9560E-01	-3.9606E-01	-3.9559E-01
-4.2767E-01	-4.2830E-01	-4.2793E-01	-4.2848E-01	-4.2791E-01
-4.5794E-01	-4.5870E-01	-4.5825E-01	-4.5892E-01	-4.5823E-01
-4.8607E-01	-4.8697E-01	-4.8644E-01	-4.8722E-01	-4.8642E-01
-5.1192E-01	-5.1297E-01	-5.1235E-01	-5.1326E-01	-5.1233E-01
-5.3538E-01	-5.3660E-01	-5.3587E-01	-5.3693E-01	-5.3585E-01
-5.5633E-01	-5.5773E-01	-5.5690E-01	-5.5811E-01	-5.5687E-01
-5.7469E-01	-5.7628E-01	-5.7534E-01	-5.7672E-01	-5.7530E-01
-5.9038E-01	-5.9218E-01	-5.9111E-01	-5.9267E-01	-5.9107E-01
-6.0332E-01	-6.0535E-01	-6.0415E-01	-6.0591E-01	-6.0410E-01
-6.1348E-01	-6.1575E-01	-6.1440E-01	-6.1638E-01	-6.1435E-01
-6.2081E-01	-6.2335E-01	-6.2184E-01	-6.2405E-01	-6.2178E-01
-6.2529E-01	-6.2812E-01	-6.2645E-01	-6.2890E-01	-6.2638E-01
-6.2693E-01	-6.3007E-01	-6.2821E-01	-6.3094E-01	-6.2814E-01
-6.2574E-01	-6.2921E-01	-6.2715E-01	-6.3017E-01	-6.2707E-01
-6.2174E-01	-6.2559E-01	-6.2331E-01	-6.2665E-01	-6.2322E-01
-6.1499E-01	-6.1924E-01	-6.1672E-01	-6.2041E-01	-6.1662E-01
-6.0556E-01	-6.1025E-01	-6.0747E-01	-6.1154E-01	-6.0736E-01
-5.9353E-01	-5.9871E-01	-5.9564E-01	-6.0014E-01	-5.9552E-01
-5.7902E-01	-5.8474E-01	-5.8135E-01	-5.8632E-01	-5.8122E-01
-5.6216E-01	-5.6849E-01	-5.6474E-01	-5.7023E-01	-5.6459E-01
-5.4312E-01	-5.5012E-01	-5.4597E-01	-5.5205E-01	-5.4581E-01
-5.2209E-01	-5.2985E-01	-5.2526E-01	-5.3200E-01	-5.2507E-01
-4.9930E-01	-5.0795E-01	-5.0283E-01	-5.1034E-01	-5.0263E-01
-4.7506E-01	-4.8473E-01	-4.7901E-01	-4.8740E-01	-4.7878E-01
-4.4972E-01	-4.6060E-01	-4.5416E-01	-4.6360E-01	-4.5390E-01
-4.2376E-01	-4.3610E-01	-4.2879E-01	-4.3950E-01	-4.2850E-01
-3.9781E-01	-4.1194E-01	-4.0358E-01	-4.1584E-01	-4.0324E-01
-3.7282E-01	-3.8922E-01	-3.7951E-01	-3.9374E-01	-3.7912E-01
-3.5020E-01	-3.6959E-01	-3.5811E-01	-3.7494E-01	-3.5765E-01
-3.3241E-01	-3.5595E-01	-3.4201E-01	-3.6173E-01	-3.4145E-01
-3.2416E-01	-3.5190E-01	-3.3688E-01	-3.5101E-01	-3.4673E-01
-3.4041E-01	-3.7610E-01	-3.5723E-01	-3.0804E-01	-3.0055E-01
-3.1989E-01	-2.3338E-01	-1.7474E-01	3.3000E-03	4.8867E-02
1.2721E-01	1.3110E-01	2.5070E-01	3.1960E-01	3.6060E-01
3.2750E-01	4.7380E-01	5.4660E-01	6.0200E-01	6.4120E-01
5.2390E-01	7.6330E-01	8.4880E-01	8.7395E-01	8.8010E-01
8.6260E-01	1.0588E+00	1.0696E+00	1.0749E+00	1.0720E+00
1.1873E+00	1.2364E+00	1.2697E+00	1.2611E+00	1.2613E+00
1.2694E+00	1.2709E+00	1.1969E+00	1.2468E+00	1.1397E+00
1.2467E+00	1.0968E+00	1.0411E+00	1.0499E+00	9.5379E-01
1.0863E+00	9.6851E-01	9.3393E-01	9.3749E-01	8.6218E-01
9.9529E-01	8.9571E-01	8.6647E-01	8.6948E-01	8.0579E-01
9.3402E-01	8.4824E-01	8.2305E-01	8.2564E-01	7.7078E-01
8.9194E-01	8.1704E-01	7.9505E-01	7.9731E-01	7.4941E-01
8.6268E-01	7.9662E-01	7.7722E-01	7.7921E-01	7.3696E-01
8.4213E-01	7.8341E-01	7.6616E-01	7.6794E-01	7.3038E-01
8.2750E-01	7.7500E-01	7.5958E-01	7.6117E-01	7.2759E-01
8.1685E-01	7.6969E-01	7.5585E-01	7.5727E-01	7.2711E-01
8.0873E-01	7.6624E-01	7.5376E-01	7.5505E-01	7.2787E-01
8.0209E-01	7.6371E-01	7.5244E-01	7.5360E-01	7.2905E-01
7.9610E-01	7.6137E-01	7.5118E-01	7.5222E-01	7.3001E-01
7.9013E-01	7.5867E-01	7.4944E-01	7.5039E-01	7.3028E-01
7.8366E-01	7.5517E-01	7.4681E-01	7.4767E-01	7.2944E-01
7.7632E-01	7.5051E-01	7.4293E-01	7.4371E-01	7.2720E-01
7.6776E-01	7.4440E-01	7.3754E-01	7.3825E-01	7.2331E-01
7.5775E-01	7.3663E-01	7.3043E-01	7.3107E-01	7.1756E-01
7.4608E-01	7.2702E-01	7.2142E-01	7.2200E-01	7.0981E-01
7.3259E-01	7.1543E-01	7.1039E-01	7.1091E-01	6.9993E-01
7.1718E-01	7.0176E-01	6.9723E-01	6.9770E-01	6.8784E-01
6.9975E-01	6.8595E-01	6.8190E-01	6.8231E-01	6.7349E-01
6.8026E-01	6.6795E-01	6.6434E-01	6.6471E-01	6.5684E-01
6.5869E-01	6.4776E-01	6.4455E-01	6.4488E-01	6.3789E-01
6.3502E-01	6.2537E-01	6.2254E-01	6.2283E-01	6.1666E-01
6.0930E-01	6.0083E-01	5.9834E-01	5.9859E-01	5.9317E-01
5.8155E-01	5.7417E-01	5.7200E-01	5.7222E-01	5.6750E-01
5.5185E-01	5.4546E-01	5.4359E-01	5.4378E-01	5.3969E-01
5.2027E-01	5.1480E-01	5.1319E-01	5.1336E-01	5.0986E-01
4.8691E-01	4.8227E-01	4.8091E-01	4.8105E-01	4.7809E-01
4.5188E-01	4.4800E-01	4.4687E-01	4.4698E-01	4.4450E-01
4.1530E-01	4.1211E-01	4.1118E-01	4.1128E-01	4.0924E-01
3.7732E-01	3.7475E-01	3.7400E-01	3.7407E-01	3.7243E-01
3.3808E-01	3.3606E-01	3.3547E-01	3.3553E-01	3.3423E-01
2.9775E-01	2.9621E-01	2.9575E-01	2.9580E-01	2.9481E-01
2.5649E-01	2.5536E-01	2.5503E-01	2.5506E-01	2.5434E-01
2.1449E-01	2.1371E-01	2.1348E-01	2.1350E-01	2.1300E-01
1.7193E-01	1.7143E-01	1.7128E-01	1.7130E-01	1.7098E-01
1.2900E-01	1.2872E-01	1.2864E-01	1.2864E-01	1.2846E-01
8.5899E-02	8.5775E-02	8.5738E-02	8.5742E-02	8.5662E-02
4.2831E-02	4.2800E-02	4.2791E-02	4.2792E-02	4.2772E-02
0.0000E+00	0.0000E+00	0.0000E+00	0.0000E+00	0.0000E+00
!M	CDTAB
!U	nd
1.2217E+00	1.2217E+00	1.2217E+00	1.2217E+00	1.2217E+00
1.2227E+00	1.2228E+00	1.2225E+00	1.2230E+00	1.2226E+00
1.2207E+00	1.2209E+00	1.2204E+00	1.2215E+00	1.2206E+00
1.2158E+00	1.2161E+00	1.2153E+00	1.2169E+00	1.2156E+00
1.2080E+00	1.2083E+00	1.2073E+00	1.2094E+00	1.2077E+00
1.1973E+00	1.1977E+00	1.1964E+00	1.1991E+00	1.1970E+00
1.1837E+00	1.1843E+00	1.1827E+00	1.1860E+00	1.1834E+00
1.1675E+00	1.1681E+00	1.1663E+00	1.1701E+00	1.1671E+00
1.1486E+00	1.1493E+00	1.1472E+00	1.1515E+00	1.1481E+00
1.1271E+00	1.1279E+00	1.1256E+00	1.1304E+00	1.1266E+00
1.1032E+00	1.1041E+00	1.1015E+00	1.1069E+00	1.1027E+00
1.0770E+00	1.0780E+00	1.0751E+00	1.0810E+00	1.0764E+00
1.0487E+00	1.0497E+00	1.0466E+00	1.0530E+00	1.0480E+00
1.0183E+00	1.0194E+00	1.0161E+00	1.0229E+00	1.0175E+00
9.8600E-01	9.8717E-01	9.8364E-01	9.9101E-01	9.8521E-01
9.5203E-01	9.5327E-01	9.4951E-01	9.5736E-01	9.5119E-01
9.1652E-01	9.1784E-01	9.1385E-01	9.2217E-01	9.1564E-01
8.7967E-01	8.8106E-01	8.7685E-01	8.8563E-01	8.7873E-01
8.4165E-01	8.4311E-01	8.3869E-01	8.4792E-01	8.4067E-01
8.0266E-01	8.0419E-01	7.9956E-01	8.0922E-01	8.0163E-01
7.6290E-01	7.6450E-01	7.5966E-01	7.6975E-01	7.6182E-01
7.2256E-01	7.2423E-01	7.1919E-01	7.2970E-01	7.2145E-01
6.8186E-01	6.8359E-01	6.7836E-01	6.8927E-01	6.8070E-01
6.4099E-01	6.4278E-01	6.3737E-01	6.4866E-01	6.3979E-01
6.0016E-01	6.0201E-01	5.9642E-01	6.0808E-01	5.9892E-01
5.5958E-01	5.6149E-01	5.5572E-01	5.6775E-01	5.5830E-01
5.1945E-01	5.2141E-01	5.1548E-01	5.2785E-01	5.1813E-01
4.7997E-01	4.8198E-01	4.7589E-01	4.8859E-01	4.7861E-01
4.4133E-01	4.4340E-01	4.3716E-01	4.5017E-01	4.3995E-01
4.0375E-01	4.0586E-01	3.9948E-01	4.1279E-01	4.0233E-01
3.6739E-01	3.6954E-01	3.6303E-01	3.7662E-01	3.6594E-01
3.3244E-01	3.3464E-01	3.2800E-01	3.4186E-01	3.3097E-01
2.9908E-01	3.0132E-01	2.9456E-01	3.0867E-01	2.9758E-01
2.6748E-01	2.6975E-01	2.6288E-01	2.7722E-01	2.6595E-01
2.3778E-01	2.4009E-01	2.3312E-01	2.4767E-01	2.3623E-01
2.1015E-01	2.1249E-01	2.0542E-01	2.2017E-01	2.0858E-01
1.8471E-01	1.8708E-01	1.7993E-01	1.9485E-01	1.8313E-01
1.6160E-01	1.6400E-01	1.5676E-01	1.7185E-01	1.6000E-01
1.4093E-01	1.4335E-01	1.3605E-01	1.5128E-01	1.3931E-01
1.2280E-01	1.2524E-01	1.1788E-01	1.3323E-01	1.2117E-01
1.0731E-01	1.0976E-01	1.0235E-01	1.1805E-01	1.0566E-01
9.4525E-02	9.7895E-02	9.0156E-02	1.0408E-01	1.0203E-01
8.6547E-02	8.6990E-02	8.1029E-02	7.1959E-02	7.2073E-02
6.8921E-02	5.8680E-02	4.8429E-02	2.4620E-02	2.1980E-02
2.9183E-02	2.4540E-02	1.9910E-02	1.6580E-02	1.4280E-02
2.5000E-02	2.0600E-02	1.5630E-02	1.2080E-02	1.0085E-02
3.3820E-02	1.9990E-02	1.2970E-02	1.0055E-02	8.6000E-03
3.9170E-02	1.6450E-02	1.2460E-02	1.1190E-02	1.0704E-02
2.7880E-02	1.9676E-02	1.5075E-02	1.9063E-02	1.7978E-02
4.4208E-02	3.5520E-02	3.3131E-02	2.9053E-02	2.6790E-02
7.0069E-02	4.7659E-02	2.3732E-02	4.2946E-02	4.1333E-02
8.2691E-02	6.4521E-02	3.9363E-02	5.9189E-02	5.7274E-02
1.0114E-01	8.3118E-02	5.8161E-02	7.7828E-02	7.5928E-02
1.2218E-01	1.0433E-01	7.9603E-02	9.9087E-02	9.7205E-02
1.4571E-01	1.2805E-01	1.0358E-01	1.2286E-01	1.2100E-01
1.7161E-01	1.5416E-01	1.2999E-01	1.4904E-01	1.4720E-01
1.9976E-01	1.8254E-01	1.5869E-01	1.7748E-01	1.7567E-01
2.3001E-01	2.1304E-01	1.8955E-01	2.0806E-01	2.0627E-01
2.6222E-01	2.4553E-01	2.2241E-01	2.4063E-01	2.3887E-01
2.9623E-01	2.7983E-01	2.5712E-01	2.7502E-01	2.7329E-01
3.3187E-01	3.1579E-01	2.9351E-01	3.1106E-01	3.0937E-01
3.6897E-01	3.5322E-01	3.3140E-01	3.4859E-01	3.4693E-01
4.0734E-01	3.9194E-01	3.7061E-01	3.8742E-01	3.8579E-01
4.4679E-01	4.3176E-01	4.1095E-01	4.2735E-01	4.2577E-01
4.8713E-01	4.7249E-01	4.5223E-01	4.6820E-01	4.6665E-01
5.2816E-01	5.1394E-01	4.9423E-01	5.0976E-01	5.0826E-01
5.6969E-01	5.5588E-01	5.3677E-01	5.5183E-01	5.5037E-01
6.1149E-01	5.9813E-01	5.7963E-01	5.9421E-01	5.9280E-01
6.5337E-01	6.4047E-01	6.2260E-01	6.3668E-01	6.3532E-01
6.9512E-01	6.8269E-01	6.6548E-01	6.7905E-01	6.7774E-01
7.3654E-01	7.2460E-01	7.0807E-01	7.2109E-01	7.1984E-01
7.7741E-01	7.6598E-01	7.5014E-01	7.6262E-01	7.6142E-01
8.1755E-01	8.0663E-01	7.9151E-01	8.0342E-01	8.0227E-01
8.5674E-01	8.4635E-01	8.3197E-01	8.4330E-01	8.4221E-01
8.9479E-01	8.8495E-01	8.7132E-01	8.8206E-01	8.8102E-01
9.3152E-01	9.2224E-01	9.0938E-01	9.1951E-01	9.1853E-01
9.6675E-01	9.5803E-01	9.4595E-01	9.5547E-01	9.5455E-01
1.0003E+00	9.9215E-01	9.8087E-01	9.8976E-01	9.8890E-01
1.0320E+00	1.0244E+00	1.0140E+00	1.0222E+00	1.0214E+00
1.0617E+00	1.0547E+00	1.0451E+00	1.0527E+00	1.0519E+00
1.0892E+00	1.0829E+00	1.0741E+00	1.0810E+00	1.0803E+00
1.1144E+00	1.1087E+00	1.1008E+00	1.1070E+00	1.1064E+00
1.1373E+00	1.1321E+00	1.1251E+00	1.1306E+00	1.1301E+00
1.1576E+00	1.1531E+00	1.1468E+00	1.1517E+00	1.1513E+00
1.1752E+00	1.1713E+00	1.1660E+00	1.1702E+00	1.1698E+00
1.1901E+00	1.1869E+00	1.1824E+00	1.1860E+00	1.1856E+00
1.2023E+00	1.1997E+00	1.1961E+00	1.1989E+00	1.1986E+00
1.2115E+00	1.2096E+00	1.2069E+00	1.2090E+00	1.2088E+00
1.2179E+00	1.2166E+00	1.2148E+00	1.2162E+00	1.2160E+00
1.2212E+00	1.2206E+00	1.2197E+00	1.2204E+00	1.2203E+00
1.2217E+00	1.2217E+00	1.2217E+00	1.2217E+00	1.2217E+00
!M	CMTAB
!U	nd
3.0542E-01	3.0542E-01	3.0542E-01	3.0542E-01	3.0542E-01
3.0490E-01	3.0487E-01	3.0488E-01	3.0487E-01	3.0484E-01
3.0338E-01	3.0325E-01	3.0329E-01	3.0326E-01	3.0314E-01
3.0092E-01	3.0063E-01	3.0071E-01	3.0064E-01	3.0038E-01
2.9755E-01	2.9704E-01	2.9719E-01	2.9708E-01	2.9662E-01
2.9333E-01	2.9255E-01	2.9279E-01	2.9261E-01	2.9190E-01
2.8830E-01	2.8721E-01	2.8754E-01	2.8730E-01	2.8630E-01
2.8253E-01	2.8107E-01	2.8151E-01	2.8120E-01	2.7986E-01
2.7604E-01	2.7419E-01	2.7475E-01	2.7437E-01	2.7263E-01
2.6891E-01	2.6661E-01	2.6730E-01	2.6685E-01	2.6469E-01
2.6116E-01	2.5840E-01	2.5923E-01	2.5870E-01	2.5608E-01
2.5286E-01	2.4960E-01	2.5058E-01	2.4999E-01	2.4687E-01
2.4405E-01	2.4027E-01	2.4140E-01	2.4074E-01	2.3710E-01
2.3478E-01	2.3046E-01	2.3175E-01	2.3104E-01	2.2683E-01
2.2511E-01	2.2022E-01	2.2167E-01	2.2092E-01	2.1613E-01
2.1507E-01	2.0961E-01	2.1123E-01	2.1044E-01	2.0504E-01
2.0472E-01	1.9868E-01	2.0047E-01	1.9967E-01	1.9363E-01
1.9412E-01	1.8749E-01	1.8944E-01	1.8864E-01	1.8194E-01
1.8330E-01	1.7608E-01	1.7820E-01	1.7741E-01	1.7005E-01
1.7231E-01	1.6451E-01	1.6679E-01	1.6604E-01	1.5800E-01
1.6121E-01	1.5283E-01	1.5528E-01	1.5459E-01	1.4585E-01
1.5005E-01	1.4111E-01	1.4371E-01	1.4310E-01	1.3366E-01
1.3887E-01	1.2938E-01	1.3213E-01	1.3163E-01	1.2148E-01
1.2773E-01	1.1771E-01	1.2059E-01	1.2024E-01	1.0938E-01
1.1667E-01	1.0614E-01	1.0916E-01	1.0897E-01	9.7396E-02
1.0574E-01	9.4731E-02	9.7869E-02	9.7887E-02	8.5601E-02
9.4994E-02	8.3535E-02	8.6783E-02	8.7040E-02	7.4047E-02
8.4478E-02	7.2606E-02	7.5950E-02	7.6483E-02	6.2790E-02
7.4242E-02	6.1997E-02	6.5422E-02	6.6270E-02	5.1887E-02
6.4335E-02	5.1760E-02	5.5251E-02	5.6456E-02	4.1395E-02
5.4806E-02	4.1948E-02	4.5489E-02	4.7095E-02	3.1370E-02
4.5705E-02	3.2616E-02	3.6187E-02	3.8240E-02	2.1869E-02
3.7081E-02	2.3816E-02	2.7399E-02	2.9946E-02	1.2949E-02
2.8984E-02	1.5602E-02	1.9175E-02	2.2266E-02	4.6660E-03
2.1461E-02	8.0260E-03	1.1567E-02	1.5254E-02	-2.9220E-03
1.4563E-02	1.1420E-03	4.6280E-03	8.9660E-03	-9.7610E-03
8.3390E-03	-4.9970E-03	-1.5900E-03	3.4540E-03	-1.5792E-02
2.8380E-03	-1.0337E-02	-7.0370E-03	-1.2270E-03	-2.0958E-02
-1.8900E-03	-1.4826E-02	-1.1659E-02	-5.0240E-03	-2.5205E-02
-5.7970E-03	-1.8410E-02	-1.5404E-02	-7.8820E-03	-2.8474E-02
-8.8340E-03	-2.1035E-02	-1.8222E-02	-1.0045E-02	-3.0709E-02
-1.0950E-02	-2.2861E-02	-2.0039E-02	-1.4152E-02	-2.8081E-02
-1.2982E-02	-2.3200E-02	-2.0126E-02	-3.8359E-02	-4.5333E-02
-2.0982E-02	-5.2320E-02	-6.7433E-02	-1.1147E-01	-1.1980E-01
-1.0622E-01	-1.0190E-01	-1.2290E-01	-1.3490E-01	-1.4190E-01
-1.0350E-01	-1.2950E-01	-1.4320E-01	-1.5070E-01	-1.5685E-01
-1.1510E-01	-1.4725E-01	-1.5610E-01	-1.5940E-01	-1.6120E-01
-1.4220E-01	-1.5550E-01	-1.5610E-01	-1.5540E-01	-1.5454E-01
-1.4150E-01	-1.3487E-01	-1.3400E-01	-1.3308E-01	-1.3778E-01
-9.6952E-02	-1.0830E-01	-1.2004E-01	-1.2111E-01	-1.3309E-01
-9.0797E-02	-1.0862E-01	-1.2256E-01	-1.2159E-01	-1.3377E-01
-9.3952E-02	-1.0966E-01	-1.2374E-01	-1.2269E-01	-1.3497E-01
-9.5427E-02	-1.1131E-01	-1.2546E-01	-1.2435E-01	-1.3670E-01
-9.7583E-02	-1.1356E-01	-1.2772E-01	-1.2657E-01	-1.3891E-01
-1.0038E-01	-1.1638E-01	-1.3048E-01	-1.2930E-01	-1.4159E-01
-1.0378E-01	-1.1973E-01	-1.3372E-01	-1.3251E-01	-1.4471E-01
-1.0775E-01	-1.2358E-01	-1.3740E-01	-1.3618E-01	-1.4824E-01
-1.1225E-01	-1.2788E-01	-1.4150E-01	-1.4027E-01	-1.5214E-01
-1.1723E-01	-1.3262E-01	-1.4598E-01	-1.4475E-01	-1.5639E-01
-1.2267E-01	-1.3776E-01	-1.5082E-01	-1.4959E-01	-1.6097E-01
-1.2851E-01	-1.4325E-01	-1.5597E-01	-1.5475E-01	-1.6583E-01
-1.3473E-01	-1.4907E-01	-1.6141E-01	-1.6021E-01	-1.7096E-01
-1.4129E-01	-1.5518E-01	-1.6711E-01	-1.6593E-01	-1.7633E-01
-1.4814E-01	-1.6155E-01	-1.7304E-01	-1.7189E-01	-1.8190E-01
-1.5526E-01	-1.6815E-01	-1.7916E-01	-1.7805E-01	-1.8765E-01
-1.6259E-01	-1.7493E-01	-1.8545E-01	-1.8438E-01	-1.9354E-01
-1.7011E-01	-1.8186E-01	-1.9187E-01	-1.9084E-01	-1.9956E-01
-1.7777E-01	-1.8892E-01	-1.9839E-01	-1.9741E-01	-2.0567E-01
-1.8553E-01	-1.9606E-01	-2.0499E-01	-2.0406E-01	-2.1184E-01
-1.9336E-01	-2.0325E-01	-2.1163E-01	-2.1074E-01	-2.1804E-01
-2.0122E-01	-2.1046E-01	-2.1828E-01	-2.1745E-01	-2.2425E-01
-2.0908E-01	-2.1766E-01	-2.2490E-01	-2.2413E-01	-2.3044E-01
-2.1688E-01	-2.2480E-01	-2.3148E-01	-2.3076E-01	-2.3658E-01
-2.2459E-01	-2.3185E-01	-2.3797E-01	-2.3730E-01	-2.4263E-01
-2.3219E-01	-2.3879E-01	-2.4434E-01	-2.4374E-01	-2.4858E-01
-2.3962E-01	-2.4557E-01	-2.5057E-01	-2.5002E-01	-2.5438E-01
-2.4685E-01	-2.5216E-01	-2.5663E-01	-2.5613E-01	-2.6002E-01
-2.5383E-01	-2.5853E-01	-2.6247E-01	-2.6204E-01	-2.6547E-01
-2.6054E-01	-2.6464E-01	-2.6808E-01	-2.6770E-01	-2.7069E-01
-2.6694E-01	-2.7046E-01	-2.7342E-01	-2.7309E-01	-2.7566E-01
-2.7298E-01	-2.7596E-01	-2.7845E-01	-2.7817E-01	-2.8034E-01
-2.7862E-01	-2.8109E-01	-2.8316E-01	-2.8292E-01	-2.8472E-01
-2.8384E-01	-2.8583E-01	-2.8750E-01	-2.8731E-01	-2.8876E-01
-2.8858E-01	-2.9014E-01	-2.9144E-01	-2.9129E-01	-2.9243E-01
-2.9282E-01	-2.9399E-01	-2.9496E-01	-2.9485E-01	-2.9570E-01
-2.9651E-01	-2.9734E-01	-2.9803E-01	-2.9795E-01	-2.9855E-01
-2.9961E-01	-3.0015E-01	-3.0061E-01	-3.0055E-01	-3.0095E-01
-3.0209E-01	-3.0240E-01	-3.0266E-01	-3.0263E-01	-3.0286E-01
-3.0391E-01	-3.0406E-01	-3.0417E-01	-3.0416E-01	-3.0426E-01
-3.0503E-01	-3.0507E-01	-3.0510E-01	-3.0510E-01	-3.0512E-01
-3.0542E-01	-3.0542E-01	-3.0542E-01	-3.0542E-01	-3.0542E-01
