!T	AOACL
!U	deg
-90	
-88	
-86	
-84	
-82	
-80	
-78	
-76	
-74	
-72	
-70	
-68	
-66	
-64	
-62	
-60	
-58	
-56	
-54	
-52	
-50	
-48	
-46	
-44	
-42	
-40	
-38	
-36	
-34	
-32	
-30	
-28	
-26	
-24	
-22	
-20	
-18	
-16	
-14	
-12	
-10	
-8	
-6	
-4	
-2	
0	
2	
4	
6	
8	
10	
12	
14	
16	
18	
20	
22	
24	
26	
28	
30	
32	
34	
36	
38	
40	
42	
44	
46	
48	
50	
52	
54	
56	
58	
60	
62	
64	
66	
68	
70	
72	
74	
76	
78	
80	
82	
84	
86	
88	
90	
!T	AOACD
!U	deg
-90	
-88	
-86	
-84	
-82	
-80	
-78	
-76	
-74	
-72	
-70	
-68	
-66	
-64	
-62	
-60	
-58	
-56	
-54	
-52	
-50	
-48	
-46	
-44	
-42	
-40	
-38	
-36	
-34	
-32	
-30	
-28	
-26	
-24	
-22	
-20	
-18	
-16	
-14	
-12	
-10	
-8	
-6	
-4	
-2	
0	
2	
4	
6	
8	
10	
12	
14	
16	
18	
20	
22	
24	
26	
28	
30	
32	
34	
36	
38	
40	
42	
44	
46	
48	
50	
52	
54	
56	
58	
60	
62	
64	
66	
68	
70	
72	
74	
76	
78	
80	
82	
84	
86	
88	
90	
!T	AOACM
!U	deg
-90	
-88	
-86	
-84	
-82	
-80	
-78	
-76	
-74	
-72	
-70	
-68	
-66	
-64	
-62	
-60	
-58	
-56	
-54	
-52	
-50	
-48	
-46	
-44	
-42	
-40	
-38	
-36	
-34	
-32	
-30	
-28	
-26	
-24	
-22	
-20	
-18	
-16	
-14	
-12	
-10	
-8	
-6	
-4	
-2	
0	
2	
4	
6	
8	
10	
12	
14	
16	
18	
20	
22	
24	
26	
28	
30	
32	
34	
36	
38	
40	
42	
44	
46	
48	
50	
52	
54	
56	
58	
60	
62	
64	
66	
68	
70	
72	
74	
76	
78	
80	
82	
84	
86	
88	
90	
!T	RECL
!U	nd
50000	
100000	
150000	
200000	
250000	
!T	RECD
!U	nd
50000	
100000	
150000	
200000	
250000	
!T	RECM
!U	nd
50000	
100000	
150000	
200000	
250000	
!M	CLTAB
!U	nd
-0.0000E+00	-0.0000E+00	-0.0000E+00	-0.0000E+00	-0.0000E+00
-4.3721E-02	-4.3725E-02	-4.3737E-02	-4.3771E-02	-4.3787E-02
-8.7300E-02	-8.7319E-02	-8.7367E-02	-8.7500E-02	-8.7565E-02
-1.3053E-01	-1.3057E-01	-1.3068E-01	-1.3098E-01	-1.3112E-01
-1.7319E-01	-1.7327E-01	-1.7346E-01	-1.7400E-01	-1.7425E-01
-2.1509E-01	-2.1521E-01	-2.1551E-01	-2.1635E-01	-2.1675E-01
-2.5602E-01	-2.5618E-01	-2.5662E-01	-2.5783E-01	-2.5841E-01
-2.9578E-01	-2.9601E-01	-2.9661E-01	-2.9825E-01	-2.9905E-01
-3.3418E-01	-3.3448E-01	-3.3527E-01	-3.3743E-01	-3.3847E-01
-3.7105E-01	-3.7143E-01	-3.7243E-01	-3.7517E-01	-3.7650E-01
-4.0620E-01	-4.0668E-01	-4.0792E-01	-4.1131E-01	-4.1296E-01
-4.3948E-01	-4.4005E-01	-4.4156E-01	-4.4569E-01	-4.4769E-01
-4.7071E-01	-4.7140E-01	-4.7321E-01	-4.7815E-01	-4.8054E-01
-4.9977E-01	-5.0058E-01	-5.0272E-01	-5.0855E-01	-5.1137E-01
-5.2652E-01	-5.2746E-01	-5.2996E-01	-5.3677E-01	-5.4006E-01
-5.5083E-01	-5.5192E-01	-5.5480E-01	-5.6268E-01	-5.6649E-01
-5.7260E-01	-5.7386E-01	-5.7716E-01	-5.8619E-01	-5.9056E-01
-5.9173E-01	-5.9316E-01	-5.9693E-01	-6.0721E-01	-6.1219E-01
-6.0814E-01	-6.0977E-01	-6.1403E-01	-6.2568E-01	-6.3131E-01
-6.2178E-01	-6.2360E-01	-6.2840E-01	-6.4152E-01	-6.4787E-01
-6.3258E-01	-6.3463E-01	-6.4001E-01	-6.5472E-01	-6.6184E-01
-6.4052E-01	-6.4281E-01	-6.4882E-01	-6.6525E-01	-6.7321E-01
-6.4558E-01	-6.4812E-01	-6.5482E-01	-6.7312E-01	-6.8197E-01
-6.4775E-01	-6.5058E-01	-6.5801E-01	-6.7833E-01	-6.8816E-01
-6.4707E-01	-6.5020E-01	-6.5844E-01	-6.8095E-01	-6.9184E-01
-6.4355E-01	-6.4702E-01	-6.5613E-01	-6.8103E-01	-6.9308E-01
-6.3728E-01	-6.4111E-01	-6.5117E-01	-6.7868E-01	-6.9200E-01
-6.2831E-01	-6.3254E-01	-6.4365E-01	-6.7402E-01	-6.8872E-01
-6.1676E-01	-6.2143E-01	-6.3369E-01	-6.6722E-01	-6.8344E-01
-6.0274E-01	-6.0790E-01	-6.2144E-01	-6.5846E-01	-6.7637E-01
-5.8642E-01	-5.9211E-01	-6.0708E-01	-6.4800E-01	-6.6780E-01
-5.6797E-01	-5.7428E-01	-5.9085E-01	-6.3614E-01	-6.5806E-01
-5.4763E-01	-5.5463E-01	-5.7302E-01	-6.2328E-01	-6.4761E-01
-5.2568E-01	-5.3347E-01	-5.5394E-01	-6.0991E-01	-6.3699E-01
-5.0245E-01	-5.1117E-01	-5.3407E-01	-5.9666E-01	-6.2695E-01
-4.7840E-01	-4.8821E-01	-5.1396E-01	-5.8439E-01	-6.1847E-01
-4.5410E-01	-4.6522E-01	-4.9442E-01	-5.7426E-01	-6.1290E-01
-4.3035E-01	-4.4309E-01	-4.7653E-01	-5.6797E-01	-6.1222E-01
-4.0834E-01	-4.2313E-01	-4.6195E-01	-5.6810E-01	-6.1947E-01
-3.8992E-01	-4.0740E-01	-4.5331E-01	-5.7884E-01	-6.3558E-01
-3.7828E-01	-3.9950E-01	-4.5007E-01	-5.8759E-01	-6.3980E-01
-3.7522E-01	-4.0218E-01	-4.7670E-01	-5.6691E-01	-5.1637E-01
-4.0820E-01	-4.3591E-01	-3.3625E-01	-2.2203E-01	-1.7810E-01
-3.3513E-01	-1.5366E-01	3.3000E-03	6.2100E-02	1.1170E-01
-6.1400E-02	2.0170E-01	3.0550E-01	3.5720E-01	3.9320E-01
2.2820E-01	4.7930E-01	5.7020E-01	6.0740E-01	6.2040E-01
5.0570E-01	7.7230E-01	8.1920E-01	8.2680E-01	8.2860E-01
7.4000E-01	1.0140E+00	1.0263E+00	1.0250E+00	1.0240E+00
9.4890E-01	1.2135E+00	1.2105E+00	1.2075E+00	1.2034E+00
1.3057E+00	1.3113E+00	1.2949E+00	1.2827E+00	1.2797E+00
1.3387E+00	1.3844E+00	1.3912E+00	1.3882E+00	1.4056E+00
1.1781E+00	1.2842E+00	1.4150E+00	1.4284E+00	1.4456E+00
1.0702E+00	1.1478E+00	1.2787E+00	1.2950E+00	1.3103E+00
1.0005E+00	1.0673E+00	1.1771E+00	1.1869E+00	1.1994E+00
9.5189E-01	1.0103E+00	1.1061E+00	1.1146E+00	1.1256E+00
9.1748E-01	9.6896E-01	1.0535E+00	1.0610E+00	1.0707E+00
8.9273E-01	9.3850E-01	1.0136E+00	1.0203E+00	1.0289E+00
8.7463E-01	9.1555E-01	9.8274E-01	9.8871E-01	9.9638E-01
8.6103E-01	8.9778E-01	9.5813E-01	9.6349E-01	9.7038E-01
8.5038E-01	8.8350E-01	9.3788E-01	9.4271E-01	9.4892E-01
8.4152E-01	8.7143E-01	9.2055E-01	9.2492E-01	9.3052E-01
8.3355E-01	8.6062E-01	9.0506E-01	9.0901E-01	9.1408E-01
8.2579E-01	8.5030E-01	8.9055E-01	8.9412E-01	8.9872E-01
8.1769E-01	8.3989E-01	8.7635E-01	8.7960E-01	8.8376E-01
8.0881E-01	8.2892E-01	8.6195E-01	8.6489E-01	8.6866E-01
7.9882E-01	8.1702E-01	8.4692E-01	8.4958E-01	8.5299E-01
7.8743E-01	8.0389E-01	8.3092E-01	8.3332E-01	8.3640E-01
7.7443E-01	7.8929E-01	8.1368E-01	8.1585E-01	8.1864E-01
7.5966E-01	7.7304E-01	7.9500E-01	7.9696E-01	7.9947E-01
7.4298E-01	7.5500E-01	7.7473E-01	7.7648E-01	7.7873E-01
7.2431E-01	7.3506E-01	7.5273E-01	7.5430E-01	7.5631E-01
7.0358E-01	7.1317E-01	7.2893E-01	7.3033E-01	7.3212E-01
6.8077E-01	6.8929E-01	7.0327E-01	7.0452E-01	7.0611E-01
6.5587E-01	6.6340E-01	6.7575E-01	6.7685E-01	6.7826E-01
6.2891E-01	6.3552E-01	6.4636E-01	6.4732E-01	6.4856E-01
5.9992E-01	6.0568E-01	6.1513E-01	6.1597E-01	6.1705E-01
5.6897E-01	5.7395E-01	5.8212E-01	5.8285E-01	5.8378E-01
5.3613E-01	5.4040E-01	5.4740E-01	5.4802E-01	5.4882E-01
5.0151E-01	5.0512E-01	5.1105E-01	5.1158E-01	5.1226E-01
4.6521E-01	4.6823E-01	4.7319E-01	4.7363E-01	4.7420E-01
4.2737E-01	4.2985E-01	4.3393E-01	4.3429E-01	4.3476E-01
3.8812E-01	3.9013E-01	3.9342E-01	3.9371E-01	3.9408E-01
3.4763E-01	3.4920E-01	3.5179E-01	3.5202E-01	3.5231E-01
3.0604E-01	3.0724E-01	3.0921E-01	3.0939E-01	3.0961E-01
2.6353E-01	2.6441E-01	2.6586E-01	2.6599E-01	2.6615E-01
2.2030E-01	2.2091E-01	2.2191E-01	2.2200E-01	2.2211E-01
1.7652E-01	1.7691E-01	1.7755E-01	1.7761E-01	1.7768E-01
1.3240E-01	1.3262E-01	1.3297E-01	1.3301E-01	1.3305E-01
8.8130E-02	8.8227E-02	8.8387E-02	8.8401E-02	8.8419E-02
4.3928E-02	4.3952E-02	4.3992E-02	4.3996E-02	4.4000E-02
0.0000E+00	0.0000E+00	0.0000E+00	0.0000E+00	0.0000E+00
!M	CDTAB
!U	nd
1.2525E+00	1.2525E+00	1.2525E+00	1.2525E+00	1.2525E+00
1.2539E+00	1.2536E+00	1.2526E+00	1.2509E+00	1.2506E+00
1.2523E+00	1.2517E+00	1.2496E+00	1.2462E+00	1.2456E+00
1.2477E+00	1.2467E+00	1.2436E+00	1.2386E+00	1.2376E+00
1.2401E+00	1.2388E+00	1.2346E+00	1.2279E+00	1.2267E+00
1.2295E+00	1.2279E+00	1.2227E+00	1.2143E+00	1.2128E+00
1.2160E+00	1.2141E+00	1.2078E+00	1.1979E+00	1.1960E+00
1.1997E+00	1.1975E+00	1.1902E+00	1.1787E+00	1.1765E+00
1.1808E+00	1.1782E+00	1.1699E+00	1.1567E+00	1.1542E+00
1.1591E+00	1.1563E+00	1.1470E+00	1.1322E+00	1.1294E+00
1.1350E+00	1.1319E+00	1.1216E+00	1.1052E+00	1.1021E+00
1.1086E+00	1.1052E+00	1.0938E+00	1.0759E+00	1.0725E+00
1.0798E+00	1.0761E+00	1.0639E+00	1.0444E+00	1.0407E+00
1.0490E+00	1.0451E+00	1.0318E+00	1.0108E+00	1.0069E+00
1.0163E+00	1.0121E+00	9.9788E-01	9.7539E-01	9.7116E-01
9.8185E-01	9.7730E-01	9.6220E-01	9.3826E-01	9.3375E-01
9.4580E-01	9.4098E-01	9.2498E-01	8.9960E-01	8.9481E-01
9.0835E-01	9.0327E-01	8.8638E-01	8.5960E-01	8.5455E-01
8.6971E-01	8.6436E-01	8.4661E-01	8.1846E-01	8.1315E-01
8.3006E-01	8.2446E-01	8.0587E-01	7.7638E-01	7.7082E-01
7.8961E-01	7.8376E-01	7.6435E-01	7.3356E-01	7.2776E-01
7.4856E-01	7.4247E-01	7.2226E-01	6.9022E-01	6.8418E-01
7.0712E-01	7.0081E-01	6.7983E-01	6.4655E-01	6.4029E-01
6.6551E-01	6.5897E-01	6.3724E-01	6.0279E-01	5.9630E-01
6.2392E-01	6.1717E-01	5.9472E-01	5.5913E-01	5.5242E-01
5.8259E-01	5.7562E-01	5.5248E-01	5.1579E-01	5.0888E-01
5.4170E-01	5.3453E-01	5.1073E-01	4.7299E-01	4.6588E-01
5.0146E-01	4.9410E-01	4.6967E-01	4.3092E-01	4.2362E-01
4.6209E-01	4.5455E-01	4.2951E-01	3.8980E-01	3.8232E-01
4.2377E-01	4.1606E-01	3.9044E-01	3.4983E-01	3.4218E-01
3.8670E-01	3.7883E-01	3.5267E-01	3.1119E-01	3.0338E-01
3.5107E-01	3.4304E-01	3.1637E-01	2.7409E-01	2.6612E-01
3.1705E-01	3.0888E-01	2.8173E-01	2.3869E-01	2.3058E-01
2.8482E-01	2.7651E-01	2.4892E-01	2.0517E-01	1.9693E-01
2.5454E-01	2.4610E-01	2.1810E-01	1.7369E-01	1.6533E-01
2.2635E-01	2.1780E-01	1.8943E-01	1.4442E-01	1.3594E-01
2.0040E-01	1.9176E-01	1.6303E-01	1.1748E-01	1.0890E-01
1.7683E-01	1.6809E-01	1.3906E-01	9.3015E-02	8.4342E-02
1.5574E-01	1.4692E-01	1.1761E-01	7.1139E-02	6.2385E-02
1.3725E-01	1.2835E-01	9.8809E-02	5.1960E-02	4.4701E-02
1.2144E-01	1.1248E-01	8.3885E-02	4.3464E-02	4.1639E-02
1.0863E-01	1.0000E-01	6.9480E-02	3.0691E-02	2.0987E-02
9.8180E-02	8.6630E-02	5.2125E-02	2.9439E-02	2.0330E-02
6.6368E-02	3.4225E-02	2.3190E-02	1.8570E-02	1.5530E-02
3.6250E-02	2.5140E-02	1.7800E-02	1.3800E-02	1.1530E-02
3.5780E-02	2.0600E-02	1.3300E-02	1.0500E-02	9.3300E-03
4.1760E-02	1.8350E-02	1.2850E-02	1.0900E-02	9.8900E-03
4.7570E-02	1.8340E-02	1.4340E-02	1.2650E-02	1.1710E-02
5.2275E-02	2.0540E-02	1.6710E-02	1.5030E-02	1.4160E-02
3.6879E-02	2.3334E-02	2.2180E-02	2.2290E-02	2.2270E-02
3.9370E-02	3.3300E-02	3.3689E-02	3.0716E-02	2.9115E-02
5.6116E-02	5.0509E-02	4.6460E-02	4.3730E-02	4.1890E-02
7.5105E-02	6.9338E-02	6.6575E-02	6.3040E-02	6.0906E-02
9.6944E-02	9.1230E-02	8.7610E-02	8.4927E-02	8.3119E-02
1.2137E-01	1.1571E-01	1.1213E-01	1.0948E-01	1.0769E-01
1.4826E-01	1.4267E-01	1.3913E-01	1.3651E-01	1.3474E-01
1.7748E-01	1.7197E-01	1.6848E-01	1.6589E-01	1.6415E-01
2.0890E-01	2.0347E-01	2.0003E-01	1.9748E-01	1.9576E-01
2.4236E-01	2.3702E-01	2.3363E-01	2.3112E-01	2.2943E-01
2.7769E-01	2.7244E-01	2.6912E-01	2.6666E-01	2.6499E-01
3.1473E-01	3.0958E-01	3.0632E-01	3.0391E-01	3.0228E-01
3.5329E-01	3.4825E-01	3.4506E-01	3.4269E-01	3.4110E-01
3.9319E-01	3.8826E-01	3.8514E-01	3.8283E-01	3.8127E-01
4.3423E-01	4.2942E-01	4.2637E-01	4.2412E-01	4.2259E-01
4.7621E-01	4.7152E-01	4.6856E-01	4.6636E-01	4.6487E-01
5.1892E-01	5.1437E-01	5.1148E-01	5.0935E-01	5.0791E-01
5.6217E-01	5.5775E-01	5.5495E-01	5.5288E-01	5.5148E-01
6.0573E-01	6.0145E-01	5.9874E-01	5.9674E-01	5.9538E-01
6.4939E-01	6.4526E-01	6.4265E-01	6.4071E-01	6.3940E-01
6.9295E-01	6.8897E-01	6.8645E-01	6.8459E-01	6.8333E-01
7.3619E-01	7.3237E-01	7.2995E-01	7.2815E-01	7.2694E-01
7.7889E-01	7.7524E-01	7.7292E-01	7.7120E-01	7.7004E-01
8.2086E-01	8.1737E-01	8.1515E-01	8.1351E-01	8.1241E-01
8.6188E-01	8.5856E-01	8.5645E-01	8.5489E-01	8.5384E-01
9.0176E-01	8.9861E-01	8.9662E-01	8.9514E-01	8.9414E-01
9.4030E-01	9.3733E-01	9.3544E-01	9.3405E-01	9.3311E-01
9.7731E-01	9.7452E-01	9.7275E-01	9.7144E-01	9.7056E-01
1.0126E+00	1.0100E+00	1.0084E+00	1.0071E+00	1.0063E+00
1.0460E+00	1.0436E+00	1.0421E+00	1.0410E+00	1.0402E+00
1.0774E+00	1.0752E+00	1.0738E+00	1.0727E+00	1.0720E+00
1.1066E+00	1.1046E+00	1.1033E+00	1.1023E+00	1.1017E+00
1.1335E+00	1.1316E+00	1.1305E+00	1.1296E+00	1.1290E+00
1.1578E+00	1.1562E+00	1.1552E+00	1.1544E+00	1.1539E+00
1.1796E+00	1.1782E+00	1.1773E+00	1.1766E+00	1.1762E+00
1.1987E+00	1.1975E+00	1.1967E+00	1.1961E+00	1.1958E+00
1.2151E+00	1.2140E+00	1.2134E+00	1.2129E+00	1.2126E+00
1.2285E+00	1.2277E+00	1.2271E+00	1.2268E+00	1.2265E+00
1.2390E+00	1.2384E+00	1.2380E+00	1.2377E+00	1.2375E+00
1.2465E+00	1.2461E+00	1.2459E+00	1.2457E+00	1.2455E+00
1.2510E+00	1.2508E+00	1.2507E+00	1.2506E+00	1.2505E+00
1.2525E+00	1.2525E+00	1.2525E+00	1.2525E+00	1.2525E+00
!M	CMTAB
!U	nd
3.1312E-01	3.1312E-01	3.1312E-01	3.1312E-01	3.1312E-01
3.1260E-01	3.1257E-01	3.1249E-01	3.1243E-01	3.1241E-01
3.1107E-01	3.1094E-01	3.1064E-01	3.1038E-01	3.1030E-01
3.0859E-01	3.0828E-01	3.0763E-01	3.0706E-01	3.0688E-01
3.0519E-01	3.0466E-01	3.0352E-01	3.0252E-01	3.0221E-01
3.0094E-01	3.0013E-01	2.9838E-01	2.9685E-01	2.9637E-01
2.9588E-01	2.9473E-01	2.9226E-01	2.9011E-01	2.8944E-01
2.9007E-01	2.8853E-01	2.8524E-01	2.8237E-01	2.8148E-01
2.8355E-01	2.8158E-01	2.7737E-01	2.7371E-01	2.7256E-01
2.7638E-01	2.7393E-01	2.6872E-01	2.6418E-01	2.6277E-01
2.6860E-01	2.6564E-01	2.5935E-01	2.5386E-01	2.5217E-01
2.6026E-01	2.5675E-01	2.4932E-01	2.4282E-01	2.4083E-01
2.5142E-01	2.4733E-01	2.3870E-01	2.3114E-01	2.2883E-01
2.4213E-01	2.3743E-01	2.2754E-01	2.1887E-01	2.1624E-01
2.3244E-01	2.2710E-01	2.1591E-01	2.0609E-01	2.0314E-01
2.2239E-01	2.1639E-01	2.0388E-01	1.9287E-01	1.8959E-01
2.1204E-01	2.0537E-01	1.9150E-01	1.7928E-01	1.7566E-01
2.0144E-01	1.9407E-01	1.7884E-01	1.6539E-01	1.6144E-01
1.9063E-01	1.8257E-01	1.6596E-01	1.5127E-01	1.4699E-01
1.7968E-01	1.7091E-01	1.5292E-01	1.3699E-01	1.3239E-01
1.6862E-01	1.5914E-01	1.3979E-01	1.2261E-01	1.1770E-01
1.5751E-01	1.4732E-01	1.2663E-01	1.0822E-01	1.0300E-01
1.4641E-01	1.3551E-01	1.1350E-01	9.3866E-02	8.8374E-02
1.3535E-01	1.2375E-01	1.0046E-01	7.9635E-02	7.3879E-02
1.2439E-01	1.1210E-01	8.7585E-02	6.5592E-02	5.9593E-02
1.1359E-01	1.0062E-01	7.4924E-02	5.1806E-02	4.5588E-02
1.0299E-01	8.9363E-02	6.2546E-02	3.8347E-02	3.1937E-02
9.2636E-02	7.8374E-02	5.0512E-02	2.5286E-02	1.8713E-02
8.2588E-02	6.7713E-02	3.8885E-02	1.2691E-02	5.9870E-03
7.2892E-02	5.7433E-02	2.7728E-02	6.3300E-04	-6.1660E-03
6.3600E-02	4.7587E-02	1.7104E-02	-1.0819E-02	-1.7675E-02
5.4762E-02	3.8231E-02	7.0740E-03	-2.1595E-02	-2.8467E-02
4.6428E-02	2.9417E-02	-2.2970E-03	-3.1624E-02	-3.8470E-02
3.8648E-02	2.1201E-02	-1.0948E-02	-4.0838E-02	-4.7611E-02
3.1473E-02	1.3635E-02	-1.8816E-02	-4.9166E-02	-5.5816E-02
2.4954E-02	6.7730E-03	-2.5838E-02	-5.6539E-02	-6.3015E-02
1.9140E-02	6.7100E-04	-3.1951E-02	-6.2886E-02	-6.9133E-02
1.4082E-02	-4.6190E-03	-3.7094E-02	-6.8138E-02	-7.4099E-02
9.8310E-03	-9.0420E-03	-4.1202E-02	-7.2225E-02	-7.7839E-02
6.4370E-03	-1.2545E-02	-4.4215E-02	-7.5078E-02	-7.9549E-02
3.9500E-03	-1.5074E-02	-4.5671E-02	-7.2118E-02	-7.3961E-02
6.6400E-04	-1.7395E-02	-4.6700E-02	-7.7652E-02	-9.5195E-02
1.9000E-03	-2.0430E-02	-6.9694E-02	-1.0406E-01	-1.1630E-01
-3.1396E-02	-8.9447E-02	-1.1350E-01	-1.2300E-01	-1.3040E-01
-7.5800E-02	-1.1690E-01	-1.3050E-01	-1.3840E-01	-1.4310E-01
-9.4900E-02	-1.2460E-01	-1.3550E-01	-1.4060E-01	-1.4320E-01
-1.1270E-01	-1.3500E-01	-1.3920E-01	-1.3930E-01	-1.3920E-01
-1.1830E-01	-1.3560E-01	-1.3540E-01	-1.3450E-01	-1.3410E-01
-1.1505E-01	-1.3110E-01	-1.2810E-01	-1.2740E-01	-1.2680E-01
-1.0579E-01	-1.0605E-01	-1.0490E-01	-1.0400E-01	-1.0380E-01
-8.4109E-02	-8.2245E-02	-8.2375E-02	-8.5485E-02	-8.7641E-02
-8.5580E-02	-7.4791E-02	-7.0400E-02	-7.2800E-02	-7.4400E-02
-8.7744E-02	-7.7562E-02	-7.0251E-02	-7.2765E-02	-7.4340E-02
-8.9820E-02	-7.9379E-02	-7.2250E-02	-7.4631E-02	-7.6219E-02
-9.2611E-02	-8.1981E-02	-7.4488E-02	-7.6847E-02	-7.8420E-02
-9.6074E-02	-8.5322E-02	-7.7536E-02	-7.9866E-02	-8.1419E-02
-1.0017E-01	-8.9357E-02	-8.1346E-02	-8.3637E-02	-8.5165E-02
-1.0485E-01	-9.4039E-02	-8.5867E-02	-8.8114E-02	-8.9612E-02
-1.1008E-01	-9.9323E-02	-9.1052E-02	-9.3247E-02	-9.4711E-02
-1.1581E-01	-1.0516E-01	-9.6850E-02	-9.8988E-02	-1.0041E-01
-1.2200E-01	-1.1152E-01	-1.0321E-01	-1.0529E-01	-1.0667E-01
-1.2862E-01	-1.1833E-01	-1.1009E-01	-1.1210E-01	-1.1344E-01
-1.3561E-01	-1.2557E-01	-1.1744E-01	-1.1937E-01	-1.2066E-01
-1.4293E-01	-1.3318E-01	-1.2520E-01	-1.2706E-01	-1.2829E-01
-1.5055E-01	-1.4112E-01	-1.3333E-01	-1.3511E-01	-1.3629E-01
-1.5842E-01	-1.4934E-01	-1.4178E-01	-1.4347E-01	-1.4460E-01
-1.6650E-01	-1.5780E-01	-1.5050E-01	-1.5211E-01	-1.5318E-01
-1.7474E-01	-1.6645E-01	-1.5944E-01	-1.6096E-01	-1.6197E-01
-1.8310E-01	-1.7524E-01	-1.6855E-01	-1.6998E-01	-1.7093E-01
-1.9155E-01	-1.8413E-01	-1.7779E-01	-1.7912E-01	-1.8002E-01
-2.0004E-01	-1.9308E-01	-1.8710E-01	-1.8834E-01	-1.8917E-01
-2.0853E-01	-2.0204E-01	-1.9643E-01	-1.9758E-01	-1.9835E-01
-2.1697E-01	-2.1096E-01	-2.0574E-01	-2.0680E-01	-2.0751E-01
-2.2532E-01	-2.1980E-01	-2.1497E-01	-2.1594E-01	-2.1659E-01
-2.3355E-01	-2.2851E-01	-2.2409E-01	-2.2497E-01	-2.2555E-01
-2.4160E-01	-2.3704E-01	-2.3303E-01	-2.3382E-01	-2.3435E-01
-2.4944E-01	-2.4535E-01	-2.4175E-01	-2.4245E-01	-2.4292E-01
-2.5703E-01	-2.5340E-01	-2.5020E-01	-2.5082E-01	-2.5123E-01
-2.6431E-01	-2.6114E-01	-2.5833E-01	-2.5887E-01	-2.5923E-01
-2.7126E-01	-2.6852E-01	-2.6609E-01	-2.6655E-01	-2.6686E-01
-2.7782E-01	-2.7550E-01	-2.7343E-01	-2.7383E-01	-2.7409E-01
-2.8396E-01	-2.8203E-01	-2.8031E-01	-2.8064E-01	-2.8085E-01
-2.8963E-01	-2.8807E-01	-2.8667E-01	-2.8694E-01	-2.8711E-01
-2.9479E-01	-2.9357E-01	-2.9247E-01	-2.9268E-01	-2.9281E-01
-2.9940E-01	-2.9849E-01	-2.9766E-01	-2.9781E-01	-2.9791E-01
-3.0342E-01	-3.0277E-01	-3.0218E-01	-3.0229E-01	-3.0236E-01
-3.0680E-01	-3.0637E-01	-3.0599E-01	-3.0606E-01	-3.0611E-01
-3.0950E-01	-3.0926E-01	-3.0904E-01	-3.0908E-01	-3.0910E-01
-3.1149E-01	-3.1138E-01	-3.1127E-01	-3.1129E-01	-3.1130E-01
-3.1271E-01	-3.1268E-01	-3.1265E-01	-3.1266E-01	-3.1266E-01
-3.1312E-01	-3.1312E-01	-3.1312E-01	-3.1312E-01	-3.1312E-01
