!T	AOACL
!U	deg
-90	
-88	
-86	
-84	
-82	
-80	
-78	
-76	
-74	
-72	
-70	
-68	
-66	
-64	
-62	
-60	
-58	
-56	
-54	
-52	
-50	
-48	
-46	
-44	
-42	
-40	
-38	
-36	
-34	
-32	
-30	
-28	
-26	
-24	
-22	
-20	
-18	
-16	
-14	
-12	
-10	
-8	
-6	
-4	
-2	
0	
2	
4	
6	
8	
10	
12	
14	
16	
18	
20	
22	
24	
26	
28	
30	
32	
34	
36	
38	
40	
42	
44	
46	
48	
50	
52	
54	
56	
58	
60	
62	
64	
66	
68	
70	
72	
74	
76	
78	
80	
82	
84	
86	
88	
90	
!T	AOACD
!U	deg
-90	
-88	
-86	
-84	
-82	
-80	
-78	
-76	
-74	
-72	
-70	
-68	
-66	
-64	
-62	
-60	
-58	
-56	
-54	
-52	
-50	
-48	
-46	
-44	
-42	
-40	
-38	
-36	
-34	
-32	
-30	
-28	
-26	
-24	
-22	
-20	
-18	
-16	
-14	
-12	
-10	
-8	
-6	
-4	
-2	
0	
2	
4	
6	
8	
10	
12	
14	
16	
18	
20	
22	
24	
26	
28	
30	
32	
34	
36	
38	
40	
42	
44	
46	
48	
50	
52	
54	
56	
58	
60	
62	
64	
66	
68	
70	
72	
74	
76	
78	
80	
82	
84	
86	
88	
90	
!T	AOACM
!U	deg
-90	
-88	
-86	
-84	
-82	
-80	
-78	
-76	
-74	
-72	
-70	
-68	
-66	
-64	
-62	
-60	
-58	
-56	
-54	
-52	
-50	
-48	
-46	
-44	
-42	
-40	
-38	
-36	
-34	
-32	
-30	
-28	
-26	
-24	
-22	
-20	
-18	
-16	
-14	
-12	
-10	
-8	
-6	
-4	
-2	
0	
2	
4	
6	
8	
10	
12	
14	
16	
18	
20	
22	
24	
26	
28	
30	
32	
34	
36	
38	
40	
42	
44	
46	
48	
50	
52	
54	
56	
58	
60	
62	
64	
66	
68	
70	
72	
74	
76	
78	
80	
82	
84	
86	
88	
90	
!T	RECL
!U	nd
50000	
100000	
150000	
200000	
250000	
!T	RECD
!U	nd
50000	
100000	
150000	
200000	
250000	
!T	RECM
!U	nd
50000	
100000	
150000	
200000	
250000	
!M	CLTAB
!U	nd
-0.0000E+00	-0.0000E+00	-0.0000E+00	-0.0000E+00	-0.0000E+00
-4.2631E-02	-4.2631E-02	-4.2644E-02	-4.2624E-02	-4.2639E-02
-8.5099E-02	-8.5098E-02	-8.5149E-02	-8.5069E-02	-8.5129E-02
-1.2720E-01	-1.2719E-01	-1.2731E-01	-1.2713E-01	-1.2726E-01
-1.6872E-01	-1.6871E-01	-1.6892E-01	-1.6860E-01	-1.6884E-01
-2.0947E-01	-2.0946E-01	-2.0978E-01	-2.0928E-01	-2.0966E-01
-2.4924E-01	-2.4923E-01	-2.4970E-01	-2.4897E-01	-2.4951E-01
-2.8785E-01	-2.8783E-01	-2.8847E-01	-2.8748E-01	-2.8823E-01
-3.2511E-01	-3.2509E-01	-3.2593E-01	-3.2463E-01	-3.2560E-01
-3.6084E-01	-3.6081E-01	-3.6188E-01	-3.6023E-01	-3.6146E-01
-3.9487E-01	-3.9483E-01	-3.9616E-01	-3.9411E-01	-3.9564E-01
-4.2704E-01	-4.2699E-01	-4.2860E-01	-4.2612E-01	-4.2797E-01
-4.5719E-01	-4.5714E-01	-4.5906E-01	-4.5609E-01	-4.5831E-01
-4.8519E-01	-4.8512E-01	-4.8739E-01	-4.8388E-01	-4.8651E-01
-5.1089E-01	-5.1081E-01	-5.1347E-01	-5.0937E-01	-5.1243E-01
-5.3419E-01	-5.3409E-01	-5.3717E-01	-5.3243E-01	-5.3597E-01
-5.5497E-01	-5.5486E-01	-5.5838E-01	-5.5295E-01	-5.5701E-01
-5.7314E-01	-5.7302E-01	-5.7703E-01	-5.7084E-01	-5.7546E-01
-5.8862E-01	-5.8848E-01	-5.9302E-01	-5.8601E-01	-5.9125E-01
-6.0134E-01	-6.0118E-01	-6.0630E-01	-5.9841E-01	-6.0430E-01
-6.1125E-01	-6.1108E-01	-6.1682E-01	-6.0796E-01	-6.1458E-01
-6.1832E-01	-6.1813E-01	-6.2454E-01	-6.1465E-01	-6.2204E-01
-6.2253E-01	-6.2231E-01	-6.2945E-01	-6.1843E-01	-6.2666E-01
-6.2386E-01	-6.2362E-01	-6.3154E-01	-6.1932E-01	-6.2845E-01
-6.2233E-01	-6.2206E-01	-6.3084E-01	-6.1730E-01	-6.2742E-01
-6.1797E-01	-6.1768E-01	-6.2739E-01	-6.1241E-01	-6.2360E-01
-6.1083E-01	-6.1050E-01	-6.2123E-01	-6.0468E-01	-6.1704E-01
-6.0096E-01	-6.0061E-01	-6.1245E-01	-5.9417E-01	-6.0783E-01
-5.8846E-01	-5.8806E-01	-6.0114E-01	-5.8097E-01	-5.9604E-01
-5.7342E-01	-5.7298E-01	-5.8742E-01	-5.6515E-01	-5.8179E-01
-5.5598E-01	-5.5549E-01	-5.7145E-01	-5.4683E-01	-5.6522E-01
-5.3627E-01	-5.3573E-01	-5.5340E-01	-5.2614E-01	-5.4651E-01
-5.1449E-01	-5.1389E-01	-5.3350E-01	-5.0325E-01	-5.2585E-01
-4.9084E-01	-4.9018E-01	-5.1201E-01	-4.7833E-01	-5.0349E-01
-4.6560E-01	-4.6486E-01	-4.8927E-01	-4.5160E-01	-4.7974E-01
-4.3907E-01	-4.3824E-01	-4.6571E-01	-4.2333E-01	-4.5498E-01
-4.1169E-01	-4.1074E-01	-4.4188E-01	-3.9384E-01	-4.2972E-01
-3.8399E-01	-3.8291E-01	-4.1857E-01	-3.6355E-01	-4.0465E-01
-3.5676E-01	-3.5551E-01	-3.9691E-01	-3.3304E-01	-3.8075E-01
-3.3122E-01	-3.2973E-01	-3.7869E-01	-3.0316E-01	-3.5958E-01
-3.0937E-01	-3.0757E-01	-3.6699E-01	-2.7532E-01	-3.4379E-01
-2.9510E-01	-2.9283E-01	-3.6208E-01	-2.5214E-01	-3.3652E-01
-2.9995E-01	-2.9862E-01	-3.8431E-01	-2.5621E-01	-3.3024E-01
-3.4160E-01	-3.3700E-01	-2.3795E-01	-1.1590E-01	-6.8790E-02
-1.8916E-01	-6.9676E-02	1.4590E-01	1.8704E-01	2.8432E-01
2.2510E-01	4.1750E-01	5.2150E-01	5.9100E-01	6.2180E-01
4.7910E-01	7.4630E-01	8.4820E-01	9.0580E-01	9.4080E-01
8.6985E-01	1.1036E+00	1.1336E+00	1.1332E+00	1.1274E+00
1.2641E+00	1.2584E+00	1.2600E+00	1.2646E+00	1.2835E+00
1.3378E+00	1.3807E+00	1.3978E+00	1.4025E+00	1.3922E+00
1.3385E+00	1.3822E+00	1.3731E+00	1.2566E+00	1.2196E+00
1.3782E+00	1.2132E+00	1.1954E+00	1.0914E+00	1.0641E+00
1.2386E+00	1.0968E+00	1.0840E+00	9.9963E-01	9.7656E-01
1.1460E+00	1.0215E+00	1.0105E+00	9.3776E-01	9.1789E-01
1.0770E+00	9.6832E-01	9.5869E-01	8.9521E-01	8.7786E-01
1.0259E+00	9.3005E-01	9.2155E-01	8.6556E-01	8.5025E-01
9.8721E-01	9.0201E-01	8.9446E-01	8.4469E-01	8.3108E-01
9.5722E-01	8.8104E-01	8.7429E-01	8.2979E-01	8.1763E-01
9.3335E-01	8.6493E-01	8.5887E-01	8.1890E-01	8.0798E-01
9.1372E-01	8.5206E-01	8.4660E-01	8.1058E-01	8.0074E-01
8.9692E-01	8.4123E-01	8.3629E-01	8.0376E-01	7.9487E-01
8.8190E-01	8.3151E-01	8.2705E-01	7.9761E-01	7.8957E-01
8.6783E-01	8.2220E-01	8.1815E-01	7.9150E-01	7.8421E-01
8.5406E-01	8.1272E-01	8.0906E-01	7.8491E-01	7.7831E-01
8.4008E-01	8.0264E-01	7.9932E-01	7.7744E-01	7.7146E-01
8.2548E-01	7.9159E-01	7.8858E-01	7.6878E-01	7.6337E-01
8.0993E-01	7.7929E-01	7.7657E-01	7.5867E-01	7.5378E-01
7.9317E-01	7.6551E-01	7.6306E-01	7.4691E-01	7.4249E-01
7.7500E-01	7.5010E-01	7.4789E-01	7.3334E-01	7.2936E-01
7.5527E-01	7.3290E-01	7.3091E-01	7.1785E-01	7.1428E-01
7.3385E-01	7.1382E-01	7.1205E-01	7.0035E-01	6.9715E-01
7.1067E-01	6.9281E-01	6.9123E-01	6.8080E-01	6.7795E-01
6.8568E-01	6.6983E-01	6.6842E-01	6.5916E-01	6.5663E-01
6.5887E-01	6.4487E-01	6.4363E-01	6.3545E-01	6.3321E-01
6.3023E-01	6.1794E-01	6.1685E-01	6.0967E-01	6.0771E-01
5.9980E-01	5.8909E-01	5.8813E-01	5.8188E-01	5.8016E-01
5.6763E-01	5.5836E-01	5.5754E-01	5.5213E-01	5.5065E-01
5.3379E-01	5.2585E-01	5.2514E-01	5.2051E-01	5.1924E-01
4.9835E-01	4.9163E-01	4.9104E-01	4.8711E-01	4.8603E-01
4.6144E-01	4.5582E-01	4.5533E-01	4.5204E-01	4.5115E-01
4.2317E-01	4.1855E-01	4.1814E-01	4.1544E-01	4.1470E-01
3.8367E-01	3.7994E-01	3.7961E-01	3.7743E-01	3.7683E-01
3.4308E-01	3.4014E-01	3.3988E-01	3.3817E-01	3.3770E-01
3.0156E-01	2.9932E-01	2.9912E-01	2.9782E-01	2.9746E-01
2.5929E-01	2.5765E-01	2.5750E-01	2.5654E-01	2.5628E-01
2.1643E-01	2.1529E-01	2.1519E-01	2.1453E-01	2.1434E-01
1.7317E-01	1.7244E-01	1.7238E-01	1.7195E-01	1.7183E-01
1.2969E-01	1.2929E-01	1.2925E-01	1.2901E-01	1.2895E-01
8.6208E-02	8.6027E-02	8.6011E-02	8.5905E-02	8.5876E-02
4.2908E-02	4.2863E-02	4.2859E-02	4.2833E-02	4.2826E-02
0.0000E+00	0.0000E+00	0.0000E+00	0.0000E+00	0.0000E+00
!M	CDTAB
!U	nd
1.2217E+00	1.2217E+00	1.2217E+00	1.2217E+00	1.2217E+00
1.2230E+00	1.2227E+00	1.2231E+00	1.2225E+00	1.2230E+00
1.2214E+00	1.2208E+00	1.2216E+00	1.2203E+00	1.2213E+00
1.2168E+00	1.2160E+00	1.2172E+00	1.2152E+00	1.2167E+00
1.2093E+00	1.2082E+00	1.2098E+00	1.2072E+00	1.2092E+00
1.1989E+00	1.1975E+00	1.1996E+00	1.1963E+00	1.1988E+00
1.1857E+00	1.1841E+00	1.1865E+00	1.1826E+00	1.1856E+00
1.1698E+00	1.1679E+00	1.1707E+00	1.1661E+00	1.1696E+00
1.1512E+00	1.1490E+00	1.1522E+00	1.1470E+00	1.1510E+00
1.1300E+00	1.1276E+00	1.1312E+00	1.1254E+00	1.1298E+00
1.1065E+00	1.1038E+00	1.1078E+00	1.1013E+00	1.1062E+00
1.0806E+00	1.0776E+00	1.0820E+00	1.0750E+00	1.0803E+00
1.0525E+00	1.0493E+00	1.0541E+00	1.0464E+00	1.0523E+00
1.0224E+00	1.0190E+00	1.0241E+00	1.0158E+00	1.0221E+00
9.9044E-01	9.8677E-01	9.9224E-01	9.8340E-01	9.9014E-01
9.5676E-01	9.5285E-01	9.5868E-01	9.4925E-01	9.5644E-01
9.2154E-01	9.1739E-01	9.2357E-01	9.1358E-01	9.2120E-01
8.8496E-01	8.8058E-01	8.8710E-01	8.7657E-01	8.8460E-01
8.4721E-01	8.4261E-01	8.4947E-01	8.3839E-01	8.4684E-01
8.0849E-01	8.0367E-01	8.1085E-01	7.9924E-01	8.0809E-01
7.6898E-01	7.6395E-01	7.7145E-01	7.5933E-01	7.6857E-01
7.2890E-01	7.2366E-01	7.3146E-01	7.1885E-01	7.2847E-01
6.8843E-01	6.8300E-01	6.9110E-01	6.7800E-01	6.8799E-01
6.4780E-01	6.4217E-01	6.5055E-01	6.3700E-01	6.4734E-01
6.0719E-01	6.0138E-01	6.1004E-01	5.9604E-01	6.0672E-01
5.6683E-01	5.6083E-01	5.6976E-01	5.5533E-01	5.6634E-01
5.2690E-01	5.2074E-01	5.2992E-01	5.1507E-01	5.2640E-01
4.8762E-01	4.8129E-01	4.9072E-01	4.7548E-01	4.8710E-01
4.4918E-01	4.4269E-01	4.5236E-01	4.3673E-01	4.4865E-01
4.1177E-01	4.0513E-01	4.1502E-01	3.9904E-01	4.1123E-01
3.7558E-01	3.6880E-01	3.7890E-01	3.6258E-01	3.7503E-01
3.4080E-01	3.3388E-01	3.4418E-01	3.2754E-01	3.4023E-01
3.0759E-01	3.0055E-01	3.1103E-01	2.9409E-01	3.0701E-01
2.7612E-01	2.6897E-01	2.7963E-01	2.6241E-01	2.7554E-01
2.4656E-01	2.3930E-01	2.5011E-01	2.3264E-01	2.4596E-01
2.1904E-01	2.1169E-01	2.2265E-01	2.0494E-01	2.1844E-01
1.9372E-01	1.8627E-01	1.9736E-01	1.7944E-01	1.9311E-01
1.7070E-01	1.6317E-01	1.7439E-01	1.5627E-01	1.7008E-01
1.5011E-01	1.4252E-01	1.5383E-01	1.3555E-01	1.4949E-01
1.3206E-01	1.2440E-01	1.3581E-01	1.1738E-01	1.3143E-01
1.1663E-01	1.0892E-01	1.2040E-01	1.0184E-01	1.1600E-01
1.0390E-01	9.6144E-02	1.0752E-01	8.9030E-02	1.0416E-01
9.4680E-02	8.7112E-02	9.6623E-02	8.1412E-02	8.9129E-02
8.6770E-02	7.8960E-02	7.4379E-02	5.9370E-02	5.5029E-02
6.2618E-02	5.0455E-02	3.5210E-02	3.4964E-02	2.4844E-02
3.3410E-02	2.6440E-02	1.9850E-02	1.5610E-02	1.3060E-02
3.6670E-02	2.1120E-02	1.3420E-02	1.0300E-02	8.9500E-03
3.6980E-02	1.6230E-02	1.3240E-02	1.2200E-02	1.1710E-02
2.8490E-02	1.9810E-02	1.7870E-02	1.6976E-02	1.7049E-02
3.3930E-02	2.9732E-02	2.7819E-02	2.6181E-02	2.3527E-02
5.5078E-02	5.2236E-02	4.1185E-02	3.7927E-02	3.5414E-02
7.4070E-02	6.3636E-02	5.8070E-02	5.5192E-02	5.2696E-02
9.2817E-02	8.1338E-02	7.7098E-02	7.3863E-02	7.1387E-02
1.1061E-01	1.0256E-01	9.8364E-02	9.5159E-02	9.2706E-02
1.3426E-01	1.2630E-01	1.2215E-01	1.1898E-01	1.1655E-01
1.6030E-01	1.5244E-01	1.4833E-01	1.4520E-01	1.4280E-01
1.8859E-01	1.8084E-01	1.7679E-01	1.7369E-01	1.7133E-01
2.1901E-01	2.1137E-01	2.0738E-01	2.0433E-01	2.0200E-01
2.5140E-01	2.4388E-01	2.3995E-01	2.3696E-01	2.3466E-01
2.8560E-01	2.7821E-01	2.7435E-01	2.7141E-01	2.6916E-01
3.2144E-01	3.1420E-01	3.1041E-01	3.0753E-01	3.0532E-01
3.5875E-01	3.5166E-01	3.4795E-01	3.4513E-01	3.4296E-01
3.9735E-01	3.9042E-01	3.8679E-01	3.8403E-01	3.8192E-01
4.3705E-01	4.3028E-01	4.2674E-01	4.2405E-01	4.2198E-01
4.7764E-01	4.7105E-01	4.6760E-01	4.6498E-01	4.6297E-01
5.1894E-01	5.1253E-01	5.0918E-01	5.0663E-01	5.0467E-01
5.6073E-01	5.5452E-01	5.5127E-01	5.4879E-01	5.4690E-01
6.0283E-01	5.9681E-01	5.9366E-01	5.9127E-01	5.8943E-01
6.4501E-01	6.3919E-01	6.3616E-01	6.3384E-01	6.3207E-01
6.8706E-01	6.8147E-01	6.7854E-01	6.7631E-01	6.7460E-01
7.2880E-01	7.2342E-01	7.2061E-01	7.1847E-01	7.1683E-01
7.7000E-01	7.6485E-01	7.6216E-01	7.6011E-01	7.5853E-01
8.1047E-01	8.0555E-01	8.0298E-01	8.0102E-01	7.9952E-01
8.5000E-01	8.4532E-01	8.4288E-01	8.4102E-01	8.3959E-01
8.8841E-01	8.8398E-01	8.8166E-01	8.7989E-01	8.7854E-01
9.2550E-01	9.2132E-01	9.1913E-01	9.1747E-01	9.1619E-01
9.6109E-01	9.5717E-01	9.5511E-01	9.5355E-01	9.5235E-01
9.9501E-01	9.9134E-01	9.8943E-01	9.8797E-01	9.8685E-01
1.0271E+00	1.0237E+00	1.0219E+00	1.0206E+00	1.0195E+00
1.0572E+00	1.0540E+00	1.0524E+00	1.0511E+00	1.0502E+00
1.0851E+00	1.0822E+00	1.0807E+00	1.0796E+00	1.0787E+00
1.1107E+00	1.1081E+00	1.1068E+00	1.1058E+00	1.1050E+00
1.1339E+00	1.1316E+00	1.1304E+00	1.1295E+00	1.1288E+00
1.1546E+00	1.1526E+00	1.1516E+00	1.1508E+00	1.1501E+00
1.1727E+00	1.1710E+00	1.1701E+00	1.1694E+00	1.1688E+00
1.1880E+00	1.1866E+00	1.1858E+00	1.1852E+00	1.1848E+00
1.2006E+00	1.1994E+00	1.1988E+00	1.1983E+00	1.1980E+00
1.2103E+00	1.2094E+00	1.2089E+00	1.2086E+00	1.2083E+00
1.2170E+00	1.2164E+00	1.2161E+00	1.2159E+00	1.2157E+00
1.2208E+00	1.2205E+00	1.2204E+00	1.2203E+00	1.2202E+00
1.2217E+00	1.2217E+00	1.2217E+00	1.2217E+00	1.2217E+00
!M	CMTAB
!U	nd
3.0542E-01	3.0542E-01	3.0542E-01	3.0542E-01	3.0542E-01
3.0492E-01	3.0490E-01	3.0489E-01	3.0485E-01	3.0485E-01
3.0346E-01	3.0338E-01	3.0333E-01	3.0318E-01	3.0320E-01
3.0108E-01	3.0091E-01	3.0080E-01	3.0047E-01	3.0051E-01
2.9784E-01	2.9753E-01	2.9735E-01	2.9677E-01	2.9685E-01
2.9377E-01	2.9330E-01	2.9302E-01	2.9213E-01	2.9226E-01
2.8893E-01	2.8826E-01	2.8787E-01	2.8661E-01	2.8680E-01
2.8336E-01	2.8247E-01	2.8196E-01	2.8026E-01	2.8052E-01
2.7711E-01	2.7596E-01	2.7533E-01	2.7314E-01	2.7349E-01
2.7022E-01	2.6880E-01	2.6803E-01	2.6530E-01	2.6575E-01
2.6275E-01	2.6102E-01	2.6012E-01	2.5679E-01	2.5735E-01
2.5474E-01	2.5269E-01	2.5164E-01	2.4767E-01	2.4837E-01
2.4623E-01	2.4383E-01	2.4266E-01	2.3799E-01	2.3884E-01
2.3728E-01	2.3452E-01	2.3321E-01	2.2780E-01	2.2882E-01
2.2793E-01	2.2479E-01	2.2335E-01	2.1717E-01	2.1837E-01
2.1823E-01	2.1469E-01	2.1314E-01	2.0614E-01	2.0755E-01
2.0822E-01	2.0428E-01	2.0262E-01	1.9477E-01	1.9640E-01
1.9795E-01	1.9360E-01	1.9185E-01	1.8312E-01	1.8499E-01
1.8747E-01	1.8269E-01	1.8088E-01	1.7123E-01	1.7337E-01
1.7683E-01	1.7162E-01	1.6975E-01	1.5916E-01	1.6158E-01
1.6607E-01	1.6042E-01	1.5853E-01	1.4696E-01	1.4970E-01
1.5524E-01	1.4916E-01	1.4725E-01	1.3470E-01	1.3777E-01
1.4438E-01	1.3786E-01	1.3598E-01	1.2241E-01	1.2584E-01
1.3355E-01	1.2659E-01	1.2477E-01	1.1017E-01	1.1397E-01
1.2279E-01	1.1540E-01	1.1366E-01	9.8015E-02	1.0223E-01
1.1215E-01	1.0432E-01	1.0271E-01	8.6007E-02	9.0649E-02
1.0167E-01	9.3419E-02	9.1963E-02	7.4198E-02	7.9298E-02
9.1400E-02	8.2736E-02	8.1481E-02	6.2642E-02	6.8227E-02
8.1392E-02	7.2322E-02	7.1311E-02	5.1395E-02	5.7493E-02
7.1688E-02	6.2225E-02	6.1504E-02	4.0508E-02	4.7148E-02
6.2337E-02	5.2495E-02	5.2112E-02	3.0038E-02	3.7249E-02
5.3385E-02	4.3181E-02	4.3187E-02	2.0038E-02	2.7850E-02
4.4879E-02	3.4331E-02	3.4779E-02	1.0562E-02	1.9006E-02
3.6866E-02	2.5994E-02	2.6941E-02	1.6640E-03	1.0772E-02
2.9394E-02	1.8219E-02	1.9723E-02	-6.6020E-03	3.2020E-03
2.2508E-02	1.1054E-02	1.3178E-02	-1.4182E-02	-3.6490E-03
1.6257E-02	4.5500E-03	7.3570E-03	-2.1021E-02	-9.7260E-03
1.0687E-02	-1.2450E-03	2.3110E-03	-2.7065E-02	-1.4974E-02
5.8450E-03	-6.2830E-03	-1.9090E-03	-3.2261E-02	-1.9339E-02
1.7780E-03	-1.0515E-02	-5.2510E-03	-3.6555E-02	-2.2765E-02
-1.4670E-03	-1.3891E-02	-7.6620E-03	-3.9891E-02	-2.5197E-02
-3.8430E-03	-1.6364E-02	-1.0271E-02	-4.2216E-02	-2.4866E-02
-5.5510E-03	-1.7358E-02	-1.1356E-02	-3.9411E-02	-3.0893E-02
-5.8000E-03	-1.8400E-02	-4.2969E-02	-7.0975E-02	-8.4911E-02
-3.5522E-02	-7.2042E-02	-1.1600E-01	-1.1741E-01	-1.3886E-01
-1.0250E-01	-1.3060E-01	-1.4600E-01	-1.5530E-01	-1.6060E-01
-1.1610E-01	-1.4770E-01	-1.6070E-01	-1.7010E-01	-1.7660E-01
-1.4260E-01	-1.6650E-01	-1.7050E-01	-1.7010E-01	-1.6880E-01
-1.5600E-01	-1.5080E-01	-1.5160E-01	-1.5205E-01	-1.5114E-01
-1.2470E-01	-1.2514E-01	-1.2688E-01	-1.2877E-01	-1.3081E-01
-9.2761E-02	-1.0030E-01	-1.1061E-01	-1.2403E-01	-1.3001E-01
-7.9079E-02	-1.0189E-01	-1.1114E-01	-1.2547E-01	-1.3087E-01
-8.0340E-02	-1.0335E-01	-1.1236E-01	-1.2686E-01	-1.3228E-01
-8.0138E-02	-1.0521E-01	-1.1421E-01	-1.2881E-01	-1.3424E-01
-8.2317E-02	-1.0772E-01	-1.1666E-01	-1.3130E-01	-1.3670E-01
-8.5244E-02	-1.1082E-01	-1.1968E-01	-1.3429E-01	-1.3964E-01
-8.8875E-02	-1.1449E-01	-1.2323E-01	-1.3775E-01	-1.4303E-01
-9.3162E-02	-1.1869E-01	-1.2729E-01	-1.4164E-01	-1.4684E-01
-9.8061E-02	-1.2338E-01	-1.3180E-01	-1.4594E-01	-1.5104E-01
-1.0353E-01	-1.2851E-01	-1.3674E-01	-1.5061E-01	-1.5560E-01
-1.0951E-01	-1.3407E-01	-1.4207E-01	-1.5563E-01	-1.6048E-01
-1.1597E-01	-1.4000E-01	-1.4775E-01	-1.6095E-01	-1.6565E-01
-1.2287E-01	-1.4626E-01	-1.5375E-01	-1.6655E-01	-1.7109E-01
-1.3014E-01	-1.5283E-01	-1.6004E-01	-1.7239E-01	-1.7677E-01
-1.3775E-01	-1.5966E-01	-1.6657E-01	-1.7845E-01	-1.8265E-01
-1.4566E-01	-1.6672E-01	-1.7331E-01	-1.8469E-01	-1.8869E-01
-1.5382E-01	-1.7396E-01	-1.8022E-01	-1.9107E-01	-1.9488E-01
-1.6217E-01	-1.8135E-01	-1.8728E-01	-1.9757E-01	-2.0118E-01
-1.7068E-01	-1.8885E-01	-1.9443E-01	-2.0416E-01	-2.0756E-01
-1.7931E-01	-1.9642E-01	-2.0166E-01	-2.1080E-01	-2.1398E-01
-1.8800E-01	-2.0403E-01	-2.0892E-01	-2.1746E-01	-2.2043E-01
-1.9671E-01	-2.1164E-01	-2.1617E-01	-2.2410E-01	-2.2686E-01
-2.0539E-01	-2.1921E-01	-2.2338E-01	-2.3070E-01	-2.3324E-01
-2.1400E-01	-2.2670E-01	-2.3051E-01	-2.3723E-01	-2.3955E-01
-2.2250E-01	-2.3407E-01	-2.3754E-01	-2.4365E-01	-2.4576E-01
-2.3083E-01	-2.4129E-01	-2.4441E-01	-2.4992E-01	-2.5182E-01
-2.3896E-01	-2.4832E-01	-2.5110E-01	-2.5603E-01	-2.5772E-01
-2.4683E-01	-2.5512E-01	-2.5758E-01	-2.6193E-01	-2.6342E-01
-2.5440E-01	-2.6165E-01	-2.6379E-01	-2.6759E-01	-2.6889E-01
-2.6163E-01	-2.6788E-01	-2.6972E-01	-2.7298E-01	-2.7411E-01
-2.6847E-01	-2.7376E-01	-2.7532E-01	-2.7808E-01	-2.7903E-01
-2.7488E-01	-2.7927E-01	-2.8055E-01	-2.8284E-01	-2.8362E-01
-2.8080E-01	-2.8435E-01	-2.8539E-01	-2.8724E-01	-2.8787E-01
-2.8620E-01	-2.8898E-01	-2.8979E-01	-2.9124E-01	-2.9173E-01
-2.9102E-01	-2.9311E-01	-2.9372E-01	-2.9480E-01	-2.9518E-01
-2.9523E-01	-2.9672E-01	-2.9714E-01	-2.9791E-01	-2.9818E-01
-2.9878E-01	-2.9975E-01	-3.0003E-01	-3.0053E-01	-3.0070E-01
-3.0161E-01	-3.0217E-01	-3.0233E-01	-3.0262E-01	-3.0272E-01
-3.0370E-01	-3.0395E-01	-3.0402E-01	-3.0415E-01	-3.0420E-01
-3.0498E-01	-3.0504E-01	-3.0506E-01	-3.0510E-01	-3.0511E-01
-3.0542E-01	-3.0542E-01	-3.0542E-01	-3.0542E-01	-3.0542E-01
