!T	AOACL
!U	deg
-90	
-88	
-86	
-84	
-82	
-80	
-78	
-76	
-74	
-72	
-70	
-68	
-66	
-64	
-62	
-60	
-58	
-56	
-54	
-52	
-50	
-48	
-46	
-44	
-42	
-40	
-38	
-36	
-34	
-32	
-30	
-28	
-26	
-24	
-22	
-20	
-18	
-16	
-14	
-12	
-10	
-8	
-6	
-4	
-2	
0	
2	
4	
6	
8	
10	
12	
14	
16	
18	
20	
22	
24	
26	
28	
30	
32	
34	
36	
38	
40	
42	
44	
46	
48	
50	
52	
54	
56	
58	
60	
62	
64	
66	
68	
70	
72	
74	
76	
78	
80	
82	
84	
86	
88	
90	
!T	AOACD
!U	deg
-90	
-88	
-86	
-84	
-82	
-80	
-78	
-76	
-74	
-72	
-70	
-68	
-66	
-64	
-62	
-60	
-58	
-56	
-54	
-52	
-50	
-48	
-46	
-44	
-42	
-40	
-38	
-36	
-34	
-32	
-30	
-28	
-26	
-24	
-22	
-20	
-18	
-16	
-14	
-12	
-10	
-8	
-6	
-4	
-2	
0	
2	
4	
6	
8	
10	
12	
14	
16	
18	
20	
22	
24	
26	
28	
30	
32	
34	
36	
38	
40	
42	
44	
46	
48	
50	
52	
54	
56	
58	
60	
62	
64	
66	
68	
70	
72	
74	
76	
78	
80	
82	
84	
86	
88	
90	
!T	AOACM
!U	deg
-90	
-88	
-86	
-84	
-82	
-80	
-78	
-76	
-74	
-72	
-70	
-68	
-66	
-64	
-62	
-60	
-58	
-56	
-54	
-52	
-50	
-48	
-46	
-44	
-42	
-40	
-38	
-36	
-34	
-32	
-30	
-28	
-26	
-24	
-22	
-20	
-18	
-16	
-14	
-12	
-10	
-8	
-6	
-4	
-2	
0	
2	
4	
6	
8	
10	
12	
14	
16	
18	
20	
22	
24	
26	
28	
30	
32	
34	
36	
38	
40	
42	
44	
46	
48	
50	
52	
54	
56	
58	
60	
62	
64	
66	
68	
70	
72	
74	
76	
78	
80	
82	
84	
86	
88	
90	
!T	RECL
!U	nd
50000	
100000	
150000	
200000	
250000	
!T	RECD
!U	nd
50000	
100000	
150000	
200000	
250000	
!T	RECM
!U	nd
50000	
100000	
150000	
200000	
250000	
!M	CLTAB
!U	nd
-0.0000E+00	-0.0000E+00	-0.0000E+00	-0.0000E+00	-0.0000E+00
-4.2638E-02	-4.2639E-02	-4.2640E-02	-4.2641E-02	-4.2646E-02
-8.5125E-02	-8.5128E-02	-8.5135E-02	-8.5139E-02	-8.5156E-02
-1.2725E-01	-1.2726E-01	-1.2728E-01	-1.2729E-01	-1.2732E-01
-1.6882E-01	-1.6884E-01	-1.6886E-01	-1.6888E-01	-1.6895E-01
-2.0963E-01	-2.0965E-01	-2.0969E-01	-2.0972E-01	-2.0982E-01
-2.4947E-01	-2.4951E-01	-2.4956E-01	-2.4961E-01	-2.4976E-01
-2.8817E-01	-2.8821E-01	-2.8829E-01	-2.8835E-01	-2.8855E-01
-3.2553E-01	-3.2558E-01	-3.2569E-01	-3.2576E-01	-3.2603E-01
-3.6137E-01	-3.6144E-01	-3.6157E-01	-3.6167E-01	-3.6201E-01
-3.9552E-01	-3.9561E-01	-3.9578E-01	-3.9590E-01	-3.9632E-01
-4.2783E-01	-4.2794E-01	-4.2814E-01	-4.2829E-01	-4.2880E-01
-4.5814E-01	-4.5827E-01	-4.5851E-01	-4.5869E-01	-4.5930E-01
-4.8630E-01	-4.8646E-01	-4.8674E-01	-4.8695E-01	-4.8767E-01
-5.1219E-01	-5.1237E-01	-5.1271E-01	-5.1295E-01	-5.1379E-01
-5.3570E-01	-5.3590E-01	-5.3629E-01	-5.3656E-01	-5.3754E-01
-5.5670E-01	-5.5693E-01	-5.5737E-01	-5.5770E-01	-5.5881E-01
-5.7511E-01	-5.7537E-01	-5.7588E-01	-5.7624E-01	-5.7752E-01
-5.9085E-01	-5.9115E-01	-5.9172E-01	-5.9213E-01	-5.9357E-01
-6.0385E-01	-6.0419E-01	-6.0483E-01	-6.0530E-01	-6.0692E-01
-6.1407E-01	-6.1445E-01	-6.1517E-01	-6.1569E-01	-6.1751E-01
-6.2147E-01	-6.2189E-01	-6.2270E-01	-6.2328E-01	-6.2532E-01
-6.2603E-01	-6.2650E-01	-6.2740E-01	-6.2805E-01	-6.3031E-01
-6.2775E-01	-6.2828E-01	-6.2927E-01	-6.2999E-01	-6.3250E-01
-6.2664E-01	-6.2723E-01	-6.2833E-01	-6.2913E-01	-6.3191E-01
-6.2274E-01	-6.2339E-01	-6.2461E-01	-6.2549E-01	-6.2857E-01
-6.1609E-01	-6.1681E-01	-6.1816E-01	-6.1913E-01	-6.2254E-01
-6.0678E-01	-6.0757E-01	-6.0906E-01	-6.1013E-01	-6.1389E-01
-5.9488E-01	-5.9575E-01	-5.9739E-01	-5.9858E-01	-6.0273E-01
-5.8051E-01	-5.8147E-01	-5.8328E-01	-5.8460E-01	-5.8918E-01
-5.6380E-01	-5.6487E-01	-5.6688E-01	-5.6833E-01	-5.7339E-01
-5.4494E-01	-5.4612E-01	-5.4834E-01	-5.4994E-01	-5.5554E-01
-5.2411E-01	-5.2541E-01	-5.2788E-01	-5.2966E-01	-5.3588E-01
-5.0155E-01	-5.0301E-01	-5.0575E-01	-5.0774E-01	-5.1466E-01
-4.7757E-01	-4.7920E-01	-4.8227E-01	-4.8449E-01	-4.9223E-01
-4.5255E-01	-4.5438E-01	-4.5783E-01	-4.6033E-01	-4.6904E-01
-4.2696E-01	-4.2904E-01	-4.3295E-01	-4.3579E-01	-4.4566E-01
-4.0148E-01	-4.0387E-01	-4.0835E-01	-4.1159E-01	-4.2290E-01
-3.7708E-01	-3.7984E-01	-3.8504E-01	-3.8881E-01	-4.0193E-01
-3.5524E-01	-3.5851E-01	-3.6465E-01	-3.6911E-01	-3.8463E-01
-3.3852E-01	-3.4249E-01	-3.4995E-01	-3.5536E-01	-3.7359E-01
-3.3190E-01	-3.3680E-01	-3.4610E-01	-3.5479E-01	-3.6867E-01
-3.4880E-01	-3.5754E-01	-3.6435E-01	-3.6965E-01	-3.2476E-01
-2.6162E-01	-2.3518E-01	-2.2010E-01	-8.5473E-02	2.1900E-02
9.8100E-02	1.2150E-01	2.4410E-01	3.0600E-01	3.4180E-01
2.9890E-01	4.3220E-01	5.3350E-01	5.6670E-01	6.0390E-01
5.1060E-01	7.2780E-01	8.5500E-01	8.1183E-01	8.4450E-01
8.3380E-01	1.0211E+00	1.0130E+00	1.0345E+00	1.0490E+00
1.1470E+00	1.2181E+00	1.2351E+00	1.2264E+00	1.2462E+00
1.2610E+00	1.1754E+00	1.1436E+00	1.1450E+00	1.0765E+00
1.2015E+00	9.9834E-01	9.7710E-01	9.5865E-01	9.2495E-01
1.0641E+00	8.9551E-01	8.8138E-01	8.6618E-01	8.3842E-01
9.7657E-01	8.3397E-01	8.2203E-01	8.0917E-01	7.8569E-01
9.1789E-01	7.9506E-01	7.8477E-01	7.7370E-01	7.5347E-01
8.7786E-01	7.7061E-01	7.6163E-01	7.5196E-01	7.3430E-01
8.5026E-01	7.5566E-01	7.4774E-01	7.3921E-01	7.2363E-01
8.3109E-01	7.4700E-01	7.3996E-01	7.3238E-01	7.1853E-01
8.1763E-01	7.4245E-01	7.3615E-01	7.2937E-01	7.1699E-01
8.0798E-01	7.4046E-01	7.3480E-01	7.2872E-01	7.1759E-01
8.0074E-01	7.3990E-01	7.3480E-01	7.2932E-01	7.1930E-01
7.9487E-01	7.3991E-01	7.3531E-01	7.3035E-01	7.2130E-01
7.8957E-01	7.3984E-01	7.3568E-01	7.3119E-01	7.2301E-01
7.8421E-01	7.3918E-01	7.3540E-01	7.3135E-01	7.2393E-01
7.7831E-01	7.3751E-01	7.3409E-01	7.3041E-01	7.2369E-01
7.7146E-01	7.3451E-01	7.3141E-01	7.2808E-01	7.2200E-01
7.6337E-01	7.2992E-01	7.2712E-01	7.2410E-01	7.1859E-01
7.5378E-01	7.2354E-01	7.2100E-01	7.1828E-01	7.1330E-01
7.4249E-01	7.1520E-01	7.1291E-01	7.1045E-01	7.0596E-01
7.2936E-01	7.0478E-01	7.0273E-01	7.0051E-01	6.9646E-01
7.1428E-01	6.9220E-01	6.9035E-01	6.8836E-01	6.8473E-01
6.9715E-01	6.7739E-01	6.7574E-01	6.7395E-01	6.7070E-01
6.7795E-01	6.6032E-01	6.5885E-01	6.5726E-01	6.5436E-01
6.5663E-01	6.4098E-01	6.3967E-01	6.3826E-01	6.3568E-01
6.3321E-01	6.1939E-01	6.1823E-01	6.1699E-01	6.1471E-01
6.0771E-01	5.9557E-01	5.9456E-01	5.9346E-01	5.9146E-01
5.8016E-01	5.6959E-01	5.6870E-01	5.6775E-01	5.6600E-01
5.5065E-01	5.4150E-01	5.4074E-01	5.3991E-01	5.3841E-01
5.1924E-01	5.1141E-01	5.1075E-01	5.1004E-01	5.0875E-01
4.8603E-01	4.7940E-01	4.7884E-01	4.7825E-01	4.7715E-01
4.5115E-01	4.4560E-01	4.4514E-01	4.4464E-01	4.4372E-01
4.1470E-01	4.1014E-01	4.0976E-01	4.0935E-01	4.0859E-01
3.7683E-01	3.7316E-01	3.7285E-01	3.7252E-01	3.7191E-01
3.3770E-01	3.3481E-01	3.3456E-01	3.3430E-01	3.3382E-01
2.9746E-01	2.9525E-01	2.9506E-01	2.9486E-01	2.9450E-01
2.5628E-01	2.5466E-01	2.5453E-01	2.5438E-01	2.5411E-01
2.1434E-01	2.1322E-01	2.1313E-01	2.1303E-01	2.1284E-01
1.7183E-01	1.7112E-01	1.7106E-01	1.7099E-01	1.7088E-01
1.2895E-01	1.2854E-01	1.2851E-01	1.2847E-01	1.2841E-01
8.5876E-02	8.5697E-02	8.5682E-02	8.5666E-02	8.5637E-02
4.2826E-02	4.2781E-02	4.2777E-02	4.2773E-02	4.2766E-02
0.0000E+00	0.0000E+00	0.0000E+00	0.0000E+00	0.0000E+00
!M	CDTAB
!U	nd
1.2217E+00	1.2217E+00	1.2217E+00	1.2217E+00	1.2217E+00
1.2228E+00	1.2226E+00	1.2226E+00	1.2233E+00	1.2232E+00
1.2210E+00	1.2207E+00	1.2206E+00	1.2219E+00	1.2217E+00
1.2163E+00	1.2157E+00	1.2157E+00	1.2175E+00	1.2173E+00
1.2086E+00	1.2079E+00	1.2078E+00	1.2103E+00	1.2099E+00
1.1981E+00	1.1971E+00	1.1970E+00	1.2001E+00	1.1997E+00
1.1847E+00	1.1836E+00	1.1835E+00	1.1872E+00	1.1866E+00
1.1686E+00	1.1673E+00	1.1672E+00	1.1715E+00	1.1709E+00
1.1498E+00	1.1484E+00	1.1482E+00	1.1532E+00	1.1524E+00
1.1285E+00	1.1269E+00	1.1267E+00	1.1323E+00	1.1314E+00
1.1048E+00	1.1030E+00	1.1028E+00	1.1089E+00	1.1080E+00
1.0788E+00	1.0767E+00	1.0766E+00	1.0833E+00	1.0823E+00
1.0505E+00	1.0484E+00	1.0482E+00	1.0554E+00	1.0543E+00
1.0203E+00	1.0179E+00	1.0177E+00	1.0256E+00	1.0244E+00
9.8816E-01	9.8564E-01	9.8543E-01	9.9383E-01	9.9255E-01
9.5432E-01	9.5164E-01	9.5142E-01	9.6037E-01	9.5900E-01
9.1896E-01	9.1612E-01	9.1588E-01	9.2536E-01	9.2391E-01
8.8224E-01	8.7924E-01	8.7899E-01	8.8899E-01	8.8747E-01
8.4435E-01	8.4120E-01	8.4093E-01	8.5145E-01	8.4985E-01
8.0549E-01	8.0219E-01	8.0191E-01	8.1293E-01	8.1125E-01
7.6585E-01	7.6240E-01	7.6212E-01	7.7362E-01	7.7186E-01
7.2564E-01	7.2205E-01	7.2175E-01	7.3372E-01	7.3190E-01
6.8505E-01	6.8132E-01	6.8101E-01	6.9344E-01	6.9155E-01
6.4429E-01	6.4043E-01	6.4011E-01	6.5299E-01	6.5102E-01
6.0357E-01	5.9959E-01	5.9926E-01	6.1255E-01	6.1053E-01
5.6310E-01	5.5899E-01	5.5865E-01	5.7235E-01	5.7026E-01
5.2307E-01	5.1884E-01	5.1849E-01	5.3259E-01	5.3044E-01
4.8368E-01	4.7934E-01	4.7898E-01	4.9346E-01	4.9125E-01
4.4514E-01	4.4070E-01	4.4033E-01	4.5516E-01	4.5290E-01
4.0764E-01	4.0309E-01	4.0271E-01	4.1789E-01	4.1557E-01
3.7137E-01	3.6672E-01	3.6633E-01	3.8183E-01	3.7947E-01
3.3650E-01	3.3176E-01	3.3137E-01	3.4717E-01	3.4476E-01
3.0321E-01	2.9839E-01	2.9799E-01	3.1407E-01	3.1162E-01
2.7167E-01	2.6677E-01	2.6637E-01	2.8271E-01	2.8022E-01
2.4204E-01	2.3707E-01	2.3666E-01	2.5325E-01	2.5072E-01
2.1447E-01	2.0943E-01	2.0901E-01	2.2582E-01	2.2326E-01
1.8908E-01	1.8398E-01	1.8356E-01	2.0058E-01	1.9798E-01
1.6602E-01	1.6086E-01	1.6043E-01	1.7763E-01	1.7501E-01
1.4539E-01	1.4019E-01	1.3975E-01	1.5711E-01	1.5446E-01
1.2730E-01	1.2205E-01	1.2161E-01	1.3912E-01	1.3645E-01
1.1183E-01	1.0655E-01	1.0611E-01	1.2373E-01	1.2121E-01
9.9141E-02	9.3854E-02	9.3666E-02	1.1119E-01	1.1142E-01
9.0432E-02	8.5009E-02	8.5473E-02	9.7411E-02	7.8397E-02
6.3281E-02	5.4352E-02	4.9212E-02	3.5897E-02	2.0640E-02
2.8700E-02	2.2700E-02	1.8200E-02	1.5170E-02	1.2970E-02
2.4260E-02	1.9550E-02	1.4350E-02	1.1040E-02	8.9100E-03
3.2950E-02	1.9280E-02	1.2510E-02	8.8150E-03	8.5400E-03
3.8750E-02	1.6473E-02	1.2450E-02	1.0810E-02	9.9990E-03
2.9960E-02	1.9182E-02	1.7279E-02	1.8222E-02	3.5740E-03
4.3345E-02	3.3298E-02	4.6413E-02	2.7209E-02	1.7683E-02
6.9383E-02	4.6519E-02	3.8322E-02	4.1784E-02	1.8158E-02
7.5482E-02	6.2701E-02	5.4283E-02	5.7723E-02	3.4256E-02
9.3990E-02	8.1312E-02	7.2962E-02	7.6373E-02	5.3095E-02
1.1510E-01	1.0254E-01	9.4266E-02	9.7646E-02	7.4584E-02
1.3870E-01	1.2628E-01	1.1809E-01	1.2144E-01	9.8619E-02
1.6469E-01	1.5241E-01	1.4432E-01	1.4763E-01	1.2508E-01
1.9293E-01	1.8081E-01	1.7283E-01	1.7609E-01	1.5385E-01
2.2328E-01	2.1134E-01	2.0348E-01	2.0669E-01	1.8478E-01
2.5560E-01	2.4386E-01	2.3612E-01	2.3928E-01	2.1772E-01
2.8973E-01	2.7819E-01	2.7059E-01	2.7369E-01	2.5251E-01
3.2549E-01	3.1417E-01	3.0672E-01	3.0977E-01	2.8899E-01
3.6272E-01	3.5164E-01	3.4434E-01	3.4732E-01	3.2698E-01
4.0123E-01	3.9039E-01	3.8326E-01	3.8617E-01	3.6629E-01
4.4083E-01	4.3026E-01	4.2329E-01	4.2614E-01	4.0673E-01
4.8132E-01	4.7103E-01	4.6425E-01	4.6702E-01	4.4811E-01
5.2252E-01	5.1251E-01	5.0592E-01	5.0861E-01	4.9023E-01
5.6421E-01	5.5450E-01	5.4810E-01	5.5072E-01	5.3289E-01
6.0619E-01	5.9679E-01	5.9060E-01	5.9313E-01	5.7587E-01
6.4825E-01	6.3918E-01	6.3320E-01	6.3564E-01	6.1897E-01
6.9019E-01	6.8145E-01	6.7569E-01	6.7804E-01	6.6199E-01
7.3180E-01	7.2340E-01	7.1787E-01	7.2013E-01	7.0471E-01
7.7288E-01	7.6483E-01	7.5953E-01	7.6170E-01	7.4693E-01
8.1321E-01	8.0553E-01	8.0048E-01	8.0254E-01	7.8844E-01
8.5262E-01	8.4531E-01	8.4050E-01	8.4246E-01	8.2905E-01
8.9089E-01	8.8396E-01	8.7940E-01	8.8126E-01	8.6855E-01
9.2784E-01	9.2131E-01	9.1700E-01	9.1876E-01	9.0676E-01
9.6329E-01	9.5715E-01	9.5311E-01	9.5476E-01	9.4350E-01
9.9706E-01	9.9133E-01	9.8756E-01	9.8910E-01	9.7858E-01
1.0290E+00	1.0237E+00	1.0202E+00	1.0216E+00	1.0118E+00
1.0589E+00	1.0540E+00	1.0508E+00	1.0521E+00	1.0431E+00
1.0867E+00	1.0822E+00	1.0793E+00	1.0805E+00	1.0723E+00
1.1122E+00	1.1081E+00	1.1055E+00	1.1066E+00	1.0991E+00
1.1352E+00	1.1316E+00	1.1293E+00	1.1302E+00	1.1236E+00
1.1558E+00	1.1526E+00	1.1505E+00	1.1514E+00	1.1456E+00
1.1737E+00	1.1710E+00	1.1692E+00	1.1699E+00	1.1649E+00
1.1889E+00	1.1866E+00	1.1851E+00	1.1857E+00	1.1815E+00
1.2012E+00	1.1994E+00	1.1982E+00	1.1987E+00	1.1954E+00
1.2107E+00	1.2094E+00	1.2085E+00	1.2088E+00	1.2063E+00
1.2173E+00	1.2164E+00	1.2158E+00	1.2161E+00	1.2144E+00
1.2210E+00	1.2205E+00	1.2202E+00	1.2204E+00	1.2195E+00
1.2217E+00	1.2217E+00	1.2217E+00	1.2217E+00	1.2217E+00
!M	CMTAB
!U	nd
3.0542E-01	3.0542E-01	3.0542E-01	3.0542E-01	3.0542E-01
3.0489E-01	3.0487E-01	3.0488E-01	3.0486E-01	3.0485E-01
3.0334E-01	3.0328E-01	3.0330E-01	3.0324E-01	3.0321E-01
3.0083E-01	3.0068E-01	3.0074E-01	3.0060E-01	3.0053E-01
2.9739E-01	2.9714E-01	2.9725E-01	2.9699E-01	2.9688E-01
2.9309E-01	2.9271E-01	2.9287E-01	2.9247E-01	2.9230E-01
2.8797E-01	2.8743E-01	2.8766E-01	2.8710E-01	2.8686E-01
2.8208E-01	2.8136E-01	2.8167E-01	2.8092E-01	2.8062E-01
2.7548E-01	2.7455E-01	2.7495E-01	2.7400E-01	2.7362E-01
2.6821E-01	2.6706E-01	2.6755E-01	2.6638E-01	2.6592E-01
2.6032E-01	2.5893E-01	2.5953E-01	2.5812E-01	2.5759E-01
2.5187E-01	2.5021E-01	2.5093E-01	2.4927E-01	2.4866E-01
2.4290E-01	2.4097E-01	2.4181E-01	2.3988E-01	2.3921E-01
2.3347E-01	2.3125E-01	2.3222E-01	2.3002E-01	2.2927E-01
2.2363E-01	2.2110E-01	2.2221E-01	2.1973E-01	2.1892E-01
2.1342E-01	2.1058E-01	2.1183E-01	2.0907E-01	2.0821E-01
2.0290E-01	1.9973E-01	2.0114E-01	1.9809E-01	1.9718E-01
1.9212E-01	1.8862E-01	1.9019E-01	1.8684E-01	1.8591E-01
1.8113E-01	1.7729E-01	1.7902E-01	1.7538E-01	1.7443E-01
1.6997E-01	1.6579E-01	1.6769E-01	1.6376E-01	1.6281E-01
1.5871E-01	1.5417E-01	1.5624E-01	1.5204E-01	1.5111E-01
1.4738E-01	1.4250E-01	1.4475E-01	1.4027E-01	1.3937E-01
1.3605E-01	1.3081E-01	1.3324E-01	1.2850E-01	1.2766E-01
1.2476E-01	1.1917E-01	1.2178E-01	1.1679E-01	1.1603E-01
1.1356E-01	1.0763E-01	1.1042E-01	1.0519E-01	1.0454E-01
1.0250E-01	9.6224E-02	9.9205E-02	9.3758E-02	9.3229E-02
9.1629E-02	8.5022E-02	8.8190E-02	8.2541E-02	8.2171E-02
8.1006E-02	7.4070E-02	7.7427E-02	7.1597E-02	7.1414E-02
7.0676E-02	6.3421E-02	6.6966E-02	6.0977E-02	6.1014E-02
6.0690E-02	5.3126E-02	5.6861E-02	5.0738E-02	5.1027E-02
5.1098E-02	4.3238E-02	4.7161E-02	4.0931E-02	4.1509E-02
4.1952E-02	3.3810E-02	3.7920E-02	3.1612E-02	3.2515E-02
3.3302E-02	2.4892E-02	2.9188E-02	2.2833E-02	2.4101E-02
2.5198E-02	1.6537E-02	2.1017E-02	1.4649E-02	1.6321E-02
1.7690E-02	8.7980E-03	1.3458E-02	7.1130E-03	9.2320E-03
1.0830E-02	1.7250E-03	6.5640E-03	2.7900E-04	2.8890E-03
4.6680E-03	-4.6270E-03	3.8500E-04	-5.7990E-03	-2.6520E-03
-7.4600E-04	-1.0209E-02	-5.0260E-03	-1.1068E-02	-7.3360E-03
-5.3620E-03	-1.4967E-02	-9.6180E-03	-1.5474E-02	-1.1108E-02
-9.1280E-03	-1.8850E-02	-1.3340E-02	-1.8963E-02	-1.3911E-02
-1.1994E-02	-2.1804E-02	-1.6139E-02	-2.1481E-02	-1.6089E-02
-1.3967E-02	-2.3796E-02	-1.8104E-02	-2.3089E-02	-1.9634E-02
-1.5482E-02	-2.3640E-02	-1.9155E-02	-2.4047E-02	-3.6177E-02
-4.1950E-02	-5.3796E-02	-5.9469E-02	-8.7521E-02	-1.1090E-01
-9.2800E-02	-9.5100E-02	-1.1670E-01	-1.2780E-01	-1.3380E-01
-9.4000E-02	-1.2010E-01	-1.3430E-01	-1.4040E-01	-1.4440E-01
-1.0880E-01	-1.3880E-01	-1.4500E-01	-1.4638E-01	-1.4790E-01
-1.3370E-01	-1.4370E-01	-1.4330E-01	-1.4117E-01	-1.4179E-01
-1.3300E-01	-1.2386E-01	-1.2478E-01	-1.2524E-01	-1.2817E-01
-8.9267E-02	-1.0115E-01	-1.1779E-01	-1.1826E-01	-1.2501E-01
-7.9661E-02	-1.0608E-01	-1.1832E-01	-1.1892E-01	-1.2722E-01
-7.9510E-02	-1.0752E-01	-1.1956E-01	-1.2016E-01	-1.2853E-01
-8.1086E-02	-1.0932E-01	-1.2138E-01	-1.2197E-01	-1.3038E-01
-8.3389E-02	-1.1172E-01	-1.2375E-01	-1.2433E-01	-1.3273E-01
-8.6378E-02	-1.1468E-01	-1.2662E-01	-1.2719E-01	-1.3556E-01
-9.0013E-02	-1.1816E-01	-1.2998E-01	-1.3054E-01	-1.3883E-01
-9.4252E-02	-1.2213E-01	-1.3378E-01	-1.3433E-01	-1.4253E-01
-9.9054E-02	-1.2656E-01	-1.3801E-01	-1.3854E-01	-1.4661E-01
-1.0438E-01	-1.3141E-01	-1.4262E-01	-1.4314E-01	-1.5104E-01
-1.1019E-01	-1.3665E-01	-1.4758E-01	-1.4809E-01	-1.5581E-01
-1.1643E-01	-1.4224E-01	-1.5287E-01	-1.5336E-01	-1.6088E-01
-1.2308E-01	-1.4816E-01	-1.5845E-01	-1.5892E-01	-1.6621E-01
-1.3008E-01	-1.5436E-01	-1.6429E-01	-1.6475E-01	-1.7179E-01
-1.3740E-01	-1.6081E-01	-1.7036E-01	-1.7079E-01	-1.7757E-01
-1.4500E-01	-1.6748E-01	-1.7663E-01	-1.7704E-01	-1.8354E-01
-1.5284E-01	-1.7433E-01	-1.8306E-01	-1.8345E-01	-1.8966E-01
-1.6087E-01	-1.8133E-01	-1.8963E-01	-1.9000E-01	-1.9590E-01
-1.6905E-01	-1.8845E-01	-1.9629E-01	-1.9664E-01	-2.0223E-01
-1.7734E-01	-1.9564E-01	-2.0303E-01	-2.0336E-01	-2.0863E-01
-1.8571E-01	-2.0289E-01	-2.0981E-01	-2.1012E-01	-2.1505E-01
-1.9411E-01	-2.1014E-01	-2.1660E-01	-2.1688E-01	-2.2149E-01
-2.0250E-01	-2.1738E-01	-2.2336E-01	-2.2362E-01	-2.2789E-01
-2.1083E-01	-2.2456E-01	-2.3007E-01	-2.3031E-01	-2.3424E-01
-2.1908E-01	-2.3165E-01	-2.3669E-01	-2.3691E-01	-2.4051E-01
-2.2719E-01	-2.3862E-01	-2.4319E-01	-2.4339E-01	-2.4666E-01
-2.3512E-01	-2.4543E-01	-2.4954E-01	-2.4972E-01	-2.5267E-01
-2.4285E-01	-2.5204E-01	-2.5571E-01	-2.5587E-01	-2.5850E-01
-2.5031E-01	-2.5844E-01	-2.6167E-01	-2.6181E-01	-2.6413E-01
-2.5748E-01	-2.6456E-01	-2.6739E-01	-2.6751E-01	-2.6953E-01
-2.6431E-01	-2.7040E-01	-2.7282E-01	-2.7293E-01	-2.7467E-01
-2.7076E-01	-2.7591E-01	-2.7796E-01	-2.7804E-01	-2.7951E-01
-2.7679E-01	-2.8105E-01	-2.8275E-01	-2.8282E-01	-2.8403E-01
-2.8236E-01	-2.8580E-01	-2.8717E-01	-2.8723E-01	-2.8821E-01
-2.8743E-01	-2.9012E-01	-2.9119E-01	-2.9123E-01	-2.9200E-01
-2.9196E-01	-2.9397E-01	-2.9477E-01	-2.9481E-01	-2.9538E-01
-2.9590E-01	-2.9733E-01	-2.9789E-01	-2.9792E-01	-2.9832E-01
-2.9922E-01	-3.0015E-01	-3.0052E-01	-3.0053E-01	-3.0080E-01
-3.0187E-01	-3.0240E-01	-3.0261E-01	-3.0262E-01	-3.0277E-01
-3.0381E-01	-3.0405E-01	-3.0415E-01	-3.0415E-01	-3.0422E-01
-3.0501E-01	-3.0507E-01	-3.0509E-01	-3.0510E-01	-3.0511E-01
-3.0542E-01	-3.0542E-01	-3.0542E-01	-3.0542E-01	-3.0542E-01
