!T	AOACL
!U	deg
-90	
-88	
-86	
-84	
-82	
-80	
-78	
-76	
-74	
-72	
-70	
-68	
-66	
-64	
-62	
-60	
-58	
-56	
-54	
-52	
-50	
-48	
-46	
-44	
-42	
-40	
-38	
-36	
-34	
-32	
-30	
-28	
-26	
-24	
-22	
-20	
-18	
-16	
-14	
-12	
-10	
-8	
-6	
-4	
-2	
0	
2	
4	
6	
8	
10	
12	
14	
16	
18	
20	
22	
24	
26	
28	
30	
32	
34	
36	
38	
40	
42	
44	
46	
48	
50	
52	
54	
56	
58	
60	
62	
64	
66	
68	
70	
72	
74	
76	
78	
80	
82	
84	
86	
88	
90	
!T	AOACD
!U	deg
-90	
-88	
-86	
-84	
-82	
-80	
-78	
-76	
-74	
-72	
-70	
-68	
-66	
-64	
-62	
-60	
-58	
-56	
-54	
-52	
-50	
-48	
-46	
-44	
-42	
-40	
-38	
-36	
-34	
-32	
-30	
-28	
-26	
-24	
-22	
-20	
-18	
-16	
-14	
-12	
-10	
-8	
-6	
-4	
-2	
0	
2	
4	
6	
8	
10	
12	
14	
16	
18	
20	
22	
24	
26	
28	
30	
32	
34	
36	
38	
40	
42	
44	
46	
48	
50	
52	
54	
56	
58	
60	
62	
64	
66	
68	
70	
72	
74	
76	
78	
80	
82	
84	
86	
88	
90	
!T	AOACM
!U	deg
-90	
-88	
-86	
-84	
-82	
-80	
-78	
-76	
-74	
-72	
-70	
-68	
-66	
-64	
-62	
-60	
-58	
-56	
-54	
-52	
-50	
-48	
-46	
-44	
-42	
-40	
-38	
-36	
-34	
-32	
-30	
-28	
-26	
-24	
-22	
-20	
-18	
-16	
-14	
-12	
-10	
-8	
-6	
-4	
-2	
0	
2	
4	
6	
8	
10	
12	
14	
16	
18	
20	
22	
24	
26	
28	
30	
32	
34	
36	
38	
40	
42	
44	
46	
48	
50	
52	
54	
56	
58	
60	
62	
64	
66	
68	
70	
72	
74	
76	
78	
80	
82	
84	
86	
88	
90	
!T	RECL
!U	nd
50000	
100000	
150000	
200000	
250000	
!T	RECD
!U	nd
50000	
100000	
150000	
200000	
250000	
!T	RECM
!U	nd
50000	
100000	
150000	
200000	
250000	
!M	CLTAB
!U	nd
-0.0000E+00	-0.0000E+00	-0.0000E+00	-0.0000E+00	-0.0000E+00
-4.3718E-02	-4.3724E-02	-4.3739E-02	-4.3749E-02	-4.3765E-02
-8.7291E-02	-8.7312E-02	-8.7374E-02	-8.7414E-02	-8.7478E-02
-1.3051E-01	-1.3056E-01	-1.3069E-01	-1.3078E-01	-1.3093E-01
-1.7316E-01	-1.7324E-01	-1.7349E-01	-1.7365E-01	-1.7391E-01
-2.1503E-01	-2.1517E-01	-2.1555E-01	-2.1580E-01	-2.1621E-01
-2.5594E-01	-2.5613E-01	-2.5668E-01	-2.5705E-01	-2.5763E-01
-2.9567E-01	-2.9593E-01	-2.9669E-01	-2.9718E-01	-2.9798E-01
-3.3404E-01	-3.3438E-01	-3.3538E-01	-3.3602E-01	-3.3707E-01
-3.7086E-01	-3.7130E-01	-3.7257E-01	-3.7339E-01	-3.7471E-01
-4.0597E-01	-4.0652E-01	-4.0808E-01	-4.0910E-01	-4.1075E-01
-4.3920E-01	-4.3986E-01	-4.4176E-01	-4.4300E-01	-4.4500E-01
-4.7038E-01	-4.7117E-01	-4.7345E-01	-4.7493E-01	-4.7732E-01
-4.9938E-01	-5.0031E-01	-5.0300E-01	-5.0475E-01	-5.0757E-01
-5.2606E-01	-5.2714E-01	-5.3029E-01	-5.3233E-01	-5.3563E-01
-5.5029E-01	-5.5155E-01	-5.5519E-01	-5.5755E-01	-5.6136E-01
-5.7198E-01	-5.7343E-01	-5.7760E-01	-5.8030E-01	-5.8468E-01
-5.9103E-01	-5.9268E-01	-5.9743E-01	-6.0051E-01	-6.0549E-01
-6.0735E-01	-6.0922E-01	-6.1460E-01	-6.1808E-01	-6.2373E-01
-6.2089E-01	-6.2299E-01	-6.2905E-01	-6.3297E-01	-6.3933E-01
-6.3158E-01	-6.3394E-01	-6.4074E-01	-6.4513E-01	-6.5226E-01
-6.3940E-01	-6.4203E-01	-6.4963E-01	-6.5454E-01	-6.6250E-01
-6.4433E-01	-6.4726E-01	-6.5572E-01	-6.6119E-01	-6.7005E-01
-6.4637E-01	-6.4963E-01	-6.5901E-01	-6.6509E-01	-6.7493E-01
-6.4554E-01	-6.4914E-01	-6.5955E-01	-6.6627E-01	-6.7718E-01
-6.4187E-01	-6.4585E-01	-6.5736E-01	-6.6480E-01	-6.7687E-01
-6.3541E-01	-6.3982E-01	-6.5253E-01	-6.6075E-01	-6.7409E-01
-6.2625E-01	-6.3111E-01	-6.4515E-01	-6.5422E-01	-6.6895E-01
-6.1448E-01	-6.1985E-01	-6.3534E-01	-6.4536E-01	-6.6161E-01
-6.0023E-01	-6.0615E-01	-6.2326E-01	-6.3432E-01	-6.5227E-01
-5.8364E-01	-5.9019E-01	-6.0910E-01	-6.2132E-01	-6.4116E-01
-5.6490E-01	-5.7215E-01	-5.9308E-01	-6.0661E-01	-6.2857E-01
-5.4422E-01	-5.5227E-01	-5.7549E-01	-5.9052E-01	-6.1488E-01
-5.2188E-01	-5.3084E-01	-5.5670E-01	-5.7342E-01	-6.0055E-01
-4.9820E-01	-5.0822E-01	-5.3715E-01	-5.5585E-01	-5.8620E-01
-4.7362E-01	-4.8489E-01	-5.1743E-01	-5.3848E-01	-5.7261E-01
-4.4868E-01	-4.6146E-01	-4.9835E-01	-5.2221E-01	-5.6091E-01
-4.2414E-01	-4.3878E-01	-4.8104E-01	-5.0836E-01	-5.5268E-01
-4.0114E-01	-4.1813E-01	-4.6718E-01	-4.9890E-01	-5.5036E-01
-3.8140E-01	-4.0149E-01	-4.5950E-01	-4.9701E-01	-5.5785E-01
-3.6794E-01	-3.9232E-01	-4.6024E-01	-4.9778E-01	-5.6791E-01
-3.6659E-01	-3.9583E-01	-4.7456E-01	-5.4360E-01	-5.1575E-01
-3.9311E-01	-4.3200E-01	-4.0153E-01	-2.6331E-01	-1.7240E-01
-3.7621E-01	-1.6386E-01	-6.0000E-03	5.9300E-02	1.0550E-01
-5.8100E-02	1.9430E-01	2.9890E-01	3.5360E-01	3.8050E-01
2.2050E-01	4.7605E-01	5.6260E-01	5.9020E-01	6.0370E-01
5.0330E-01	7.6370E-01	8.0610E-01	8.1290E-01	8.1430E-01
7.3700E-01	1.0010E+00	1.0125E+00	1.0107E+00	1.0093E+00
9.3750E-01	1.1985E+00	1.1977E+00	1.1930E+00	1.1894E+00
1.3110E+00	1.2934E+00	1.2808E+00	1.2707E+00	1.2739E+00
1.2689E+00	1.3536E+00	1.3720E+00	1.3920E+00	1.4010E+00
1.1084E+00	1.3080E+00	1.3655E+00	1.3743E+00	1.4071E+00
1.0154E+00	1.1751E+00	1.2325E+00	1.2325E+00	1.2678E+00
9.5332E-01	1.0900E+00	1.1356E+00	1.1375E+00	1.1656E+00
9.1072E-01	1.0301E+00	1.0699E+00	1.0715E+00	1.0960E+00
8.8116E-01	9.8645E-01	1.0216E+00	1.0230E+00	1.0446E+00
8.6045E-01	9.5404E-01	9.8527E-01	9.8653E-01	1.0057E+00
8.4577E-01	9.2944E-01	9.5737E-01	9.5850E-01	9.7568E-01
8.3511E-01	9.1026E-01	9.3534E-01	9.3636E-01	9.5178E-01
8.2703E-01	8.9474E-01	9.1734E-01	9.1826E-01	9.3216E-01
8.2042E-01	8.8159E-01	9.0200E-01	9.0283E-01	9.1539E-01
8.1446E-01	8.6981E-01	8.8828E-01	8.8902E-01	9.0038E-01
8.0850E-01	8.5862E-01	8.7535E-01	8.7603E-01	8.8631E-01
8.0202E-01	8.4743E-01	8.6259E-01	8.6320E-01	8.7252E-01
7.9462E-01	8.3575E-01	8.4948E-01	8.5004E-01	8.5848E-01
7.8598E-01	8.2320E-01	8.3563E-01	8.3613E-01	8.4378E-01
7.7582E-01	8.0948E-01	8.2071E-01	8.2117E-01	8.2808E-01
7.6396E-01	7.9433E-01	8.0447E-01	8.0488E-01	8.1112E-01
7.5023E-01	7.7758E-01	7.8671E-01	7.8708E-01	7.9270E-01
7.3451E-01	7.5908E-01	7.6728E-01	7.6761E-01	7.7265E-01
7.1672E-01	7.3872E-01	7.4606E-01	7.4635E-01	7.5087E-01
6.9682E-01	7.1643E-01	7.2298E-01	7.2324E-01	7.2727E-01
6.7476E-01	6.9218E-01	6.9799E-01	6.9823E-01	7.0180E-01
6.5057E-01	6.6595E-01	6.7108E-01	6.7129E-01	6.7445E-01
6.2425E-01	6.3776E-01	6.4226E-01	6.4245E-01	6.4522E-01
5.9586E-01	6.0763E-01	6.1156E-01	6.1172E-01	6.1414E-01
5.6546E-01	5.7564E-01	5.7903E-01	5.7917E-01	5.8126E-01
5.3313E-01	5.4185E-01	5.4475E-01	5.4487E-01	5.4666E-01
4.9896E-01	5.0635E-01	5.0881E-01	5.0891E-01	5.1043E-01
4.6309E-01	4.6926E-01	4.7132E-01	4.7140E-01	4.7267E-01
4.2562E-01	4.3070E-01	4.3239E-01	4.3246E-01	4.3350E-01
3.8671E-01	3.9081E-01	3.9217E-01	3.9223E-01	3.9307E-01
3.4651E-01	3.4974E-01	3.5081E-01	3.5085E-01	3.5152E-01
3.0519E-01	3.0765E-01	3.0847E-01	3.0850E-01	3.0901E-01
2.6291E-01	2.6471E-01	2.6531E-01	2.6534E-01	2.6571E-01
2.1987E-01	2.2111E-01	2.2153E-01	2.2155E-01	2.2180E-01
1.7624E-01	1.7704E-01	1.7731E-01	1.7732E-01	1.7748E-01
1.3224E-01	1.3269E-01	1.3284E-01	1.3284E-01	1.3294E-01
8.8061E-02	8.8260E-02	8.8326E-02	8.8329E-02	8.8370E-02
4.3911E-02	4.3960E-02	4.3977E-02	4.3978E-02	4.3988E-02
0.0000E+00	0.0000E+00	0.0000E+00	0.0000E+00	0.0000E+00
!M	CDTAB
!U	nd
1.2525E+00	1.2525E+00	1.2525E+00	1.2525E+00	1.2525E+00
1.2537E+00	1.2534E+00	1.2520E+00	1.2510E+00	1.2508E+00
1.2519E+00	1.2512E+00	1.2485E+00	1.2465E+00	1.2461E+00
1.2470E+00	1.2460E+00	1.2420E+00	1.2390E+00	1.2384E+00
1.2391E+00	1.2377E+00	1.2324E+00	1.2284E+00	1.2276E+00
1.2283E+00	1.2266E+00	1.2199E+00	1.2150E+00	1.2140E+00
1.2146E+00	1.2126E+00	1.2046E+00	1.1987E+00	1.1974E+00
1.1981E+00	1.1957E+00	1.1865E+00	1.1795E+00	1.1781E+00
1.1789E+00	1.1762E+00	1.1656E+00	1.1577E+00	1.1561E+00
1.1571E+00	1.1540E+00	1.1422E+00	1.1333E+00	1.1315E+00
1.1328E+00	1.1293E+00	1.1163E+00	1.1065E+00	1.1045E+00
1.1061E+00	1.1023E+00	1.0880E+00	1.0773E+00	1.0751E+00
1.0771E+00	1.0731E+00	1.0575E+00	1.0459E+00	1.0435E+00
1.0461E+00	1.0418E+00	1.0250E+00	1.0124E+00	1.0099E+00
1.0132E+00	1.0085E+00	9.9055E-01	9.7713E-01	9.7438E-01
9.7853E-01	9.7353E-01	9.5440E-01	9.4010E-01	9.3718E-01
9.4228E-01	9.3698E-01	9.1670E-01	9.0155E-01	8.9845E-01
9.0464E-01	8.9905E-01	8.7765E-01	8.6166E-01	8.5839E-01
8.6580E-01	8.5993E-01	8.3743E-01	8.2063E-01	8.1719E-01
8.2597E-01	8.1981E-01	7.9625E-01	7.7865E-01	7.7505E-01
7.8533E-01	7.7891E-01	7.5431E-01	7.3594E-01	7.3218E-01
7.4411E-01	7.3742E-01	7.1181E-01	6.9269E-01	6.8878E-01
7.0251E-01	6.9556E-01	6.6898E-01	6.4912E-01	6.4506E-01
6.6073E-01	6.5354E-01	6.2601E-01	6.0545E-01	6.0124E-01
6.1899E-01	6.1156E-01	5.8312E-01	5.6188E-01	5.5753E-01
5.7749E-01	5.6984E-01	5.4052E-01	5.1862E-01	5.1414E-01
5.3646E-01	5.2858E-01	4.9842E-01	4.7590E-01	4.7129E-01
4.9608E-01	4.8800E-01	4.5704E-01	4.3391E-01	4.2918E-01
4.5658E-01	4.4829E-01	4.1656E-01	3.9287E-01	3.8802E-01
4.1813E-01	4.0966E-01	3.7720E-01	3.5296E-01	3.4800E-01
3.8095E-01	3.7229E-01	3.3915E-01	3.1439E-01	3.0933E-01
3.4520E-01	3.3638E-01	3.0259E-01	2.7735E-01	2.7218E-01
3.1108E-01	3.0210E-01	2.6770E-01	2.4201E-01	2.3675E-01
2.7875E-01	2.6962E-01	2.3466E-01	2.0854E-01	2.0320E-01
2.4837E-01	2.3911E-01	2.0362E-01	1.7712E-01	1.7170E-01
2.2010E-01	2.1071E-01	1.7475E-01	1.4789E-01	1.4239E-01
1.9408E-01	1.8458E-01	1.4818E-01	1.2100E-01	1.1543E-01
1.7044E-01	1.6083E-01	1.2404E-01	9.6567E-02	9.0945E-02
1.4929E-01	1.3959E-01	1.0246E-01	7.4725E-02	6.9049E-02
1.3075E-01	1.2097E-01	8.3534E-02	5.5574E-02	4.9853E-02
1.1489E-01	1.0505E-01	6.8505E-02	4.3996E-02	4.3704E-02
1.0181E-01	9.2809E-02	6.0954E-02	2.5710E-02	1.7979E-02
9.1913E-02	8.1630E-02	4.1781E-02	3.7085E-02	1.8000E-02
6.9829E-02	3.3537E-02	2.2960E-02	1.8360E-02	1.5400E-02
3.5370E-02	2.4620E-02	1.7460E-02	1.3530E-02	1.1420E-02
3.4670E-02	2.0165E-02	1.3020E-02	1.0350E-02	9.1100E-03
4.0980E-02	1.8150E-02	1.2750E-02	1.0790E-02	9.7800E-03
4.6920E-02	1.8220E-02	1.4170E-02	1.2490E-02	1.1560E-02
5.2490E-02	2.0230E-02	1.6480E-02	1.4850E-02	1.4050E-02
3.5582E-02	2.3380E-02	2.2420E-02	2.2200E-02	2.1915E-02
4.1219E-02	3.4469E-02	3.4286E-02	3.0544E-02	2.9047E-02
5.7609E-02	5.3474E-02	4.9470E-02	4.4885E-02	4.3242E-02
7.6683E-02	7.2190E-02	6.7848E-02	6.4146E-02	6.1732E-02
9.8508E-02	9.3724E-02	8.9513E-02	8.6023E-02	8.4074E-02
1.2291E-01	1.1818E-01	1.1402E-01	1.1056E-01	1.0863E-01
1.4979E-01	1.4511E-01	1.4099E-01	1.3758E-01	1.3568E-01
1.7899E-01	1.7438E-01	1.7032E-01	1.6695E-01	1.6507E-01
2.1039E-01	2.0584E-01	2.0184E-01	1.9852E-01	1.9667E-01
2.4382E-01	2.3935E-01	2.3541E-01	2.3215E-01	2.3033E-01
2.7913E-01	2.7474E-01	2.7087E-01	2.6766E-01	2.6587E-01
3.1614E-01	3.1183E-01	3.0804E-01	3.0489E-01	3.0314E-01
3.5467E-01	3.5045E-01	3.4674E-01	3.4366E-01	3.4194E-01
3.9454E-01	3.9041E-01	3.8678E-01	3.8377E-01	3.8209E-01
4.3555E-01	4.3152E-01	4.2797E-01	4.2504E-01	4.2340E-01
4.7749E-01	4.7357E-01	4.7012E-01	4.6725E-01	4.6566E-01
5.2017E-01	5.1636E-01	5.1300E-01	5.1022E-01	5.0867E-01
5.6338E-01	5.5968E-01	5.5642E-01	5.5372E-01	5.5222E-01
6.0690E-01	6.0332E-01	6.0017E-01	5.9755E-01	5.9610E-01
6.5052E-01	6.4707E-01	6.4402E-01	6.4150E-01	6.4009E-01
6.9404E-01	6.9071E-01	6.8778E-01	6.8535E-01	6.8399E-01
7.3723E-01	7.3403E-01	7.3122E-01	7.2889E-01	7.2758E-01
7.7990E-01	7.7683E-01	7.7414E-01	7.7190E-01	7.7065E-01
8.2182E-01	8.1889E-01	8.1632E-01	8.1418E-01	8.1299E-01
8.6279E-01	8.6001E-01	8.5756E-01	8.5553E-01	8.5440E-01
9.0262E-01	8.9999E-01	8.9766E-01	8.9574E-01	8.9467E-01
9.4111E-01	9.3863E-01	9.3644E-01	9.3462E-01	9.3361E-01
9.7808E-01	9.7574E-01	9.7368E-01	9.7198E-01	9.7103E-01
1.0133E+00	1.0111E+00	1.0092E+00	1.0076E+00	1.0067E+00
1.0467E+00	1.0447E+00	1.0429E+00	1.0414E+00	1.0406E+00
1.0780E+00	1.0762E+00	1.0745E+00	1.0732E+00	1.0724E+00
1.1072E+00	1.1055E+00	1.1040E+00	1.1027E+00	1.1020E+00
1.1340E+00	1.1324E+00	1.1311E+00	1.1300E+00	1.1293E+00
1.1583E+00	1.1569E+00	1.1557E+00	1.1547E+00	1.1542E+00
1.1800E+00	1.1788E+00	1.1778E+00	1.1769E+00	1.1764E+00
1.1991E+00	1.1980E+00	1.1971E+00	1.1964E+00	1.1960E+00
1.2153E+00	1.2145E+00	1.2137E+00	1.2131E+00	1.2127E+00
1.2287E+00	1.2280E+00	1.2274E+00	1.2269E+00	1.2266E+00
1.2392E+00	1.2387E+00	1.2382E+00	1.2378E+00	1.2376E+00
1.2466E+00	1.2463E+00	1.2460E+00	1.2457E+00	1.2456E+00
1.2511E+00	1.2509E+00	1.2508E+00	1.2506E+00	1.2506E+00
1.2525E+00	1.2525E+00	1.2525E+00	1.2525E+00	1.2525E+00
!M	CMTAB
!U	nd
3.1312E-01	3.1312E-01	3.1312E-01	3.1312E-01	3.1312E-01
3.1262E-01	3.1256E-01	3.1249E-01	3.1243E-01	3.1242E-01
3.1114E-01	3.1092E-01	3.1062E-01	3.1040E-01	3.1035E-01
3.0873E-01	3.0824E-01	3.0758E-01	3.0709E-01	3.0699E-01
3.0545E-01	3.0459E-01	3.0344E-01	3.0258E-01	3.0240E-01
3.0133E-01	3.0001E-01	2.9825E-01	2.9693E-01	2.9667E-01
2.9643E-01	2.9457E-01	2.9209E-01	2.9022E-01	2.8985E-01
2.9079E-01	2.8831E-01	2.8500E-01	2.8251E-01	2.8203E-01
2.8447E-01	2.8129E-01	2.7706E-01	2.7387E-01	2.7327E-01
2.7751E-01	2.7357E-01	2.6833E-01	2.6438E-01	2.6364E-01
2.6996E-01	2.6519E-01	2.5887E-01	2.5409E-01	2.5321E-01
2.6187E-01	2.5622E-01	2.4874E-01	2.4308E-01	2.4206E-01
2.5328E-01	2.4671E-01	2.3801E-01	2.3142E-01	2.3025E-01
2.4425E-01	2.3670E-01	2.2674E-01	2.1917E-01	2.1786E-01
2.3482E-01	2.2627E-01	2.1499E-01	2.0640E-01	2.0495E-01
2.2504E-01	2.1545E-01	2.0282E-01	1.9319E-01	1.9160E-01
2.1496E-01	2.0431E-01	1.9030E-01	1.7960E-01	1.7788E-01
2.0463E-01	1.9289E-01	1.7749E-01	1.6570E-01	1.6386E-01
1.9409E-01	1.8126E-01	1.6446E-01	1.5156E-01	1.4960E-01
1.8340E-01	1.6947E-01	1.5126E-01	1.3725E-01	1.3519E-01
1.7259E-01	1.5757E-01	1.3795E-01	1.2284E-01	1.2069E-01
1.6173E-01	1.4561E-01	1.2461E-01	1.0839E-01	1.0618E-01
1.5086E-01	1.3366E-01	1.1129E-01	9.3973E-02	9.1710E-02
1.4002E-01	1.2175E-01	9.8055E-02	7.9661E-02	7.7369E-02
1.2926E-01	1.0996E-01	8.4970E-02	6.5521E-02	6.3223E-02
1.1864E-01	9.8330E-02	7.2098E-02	5.1622E-02	4.9342E-02
1.0820E-01	8.6917E-02	5.9499E-02	3.8033E-02	3.5798E-02
9.7987E-02	7.5775E-02	4.7239E-02	2.4821E-02	2.2662E-02
8.8052E-02	6.4958E-02	3.5378E-02	1.2057E-02	1.0003E-02
7.8442E-02	5.4521E-02	2.3980E-02	-1.9100E-04	-2.1060E-03
6.9205E-02	4.4519E-02	1.3107E-02	-1.1855E-02	-1.3596E-02
6.0390E-02	3.5005E-02	2.8230E-03	-2.2865E-02	-2.4395E-02
5.2044E-02	2.6033E-02	-6.8100E-03	-3.3153E-02	-3.4433E-02
4.4217E-02	1.7658E-02	-1.5730E-02	-4.2650E-02	-4.3639E-02
3.6955E-02	9.9350E-03	-2.3872E-02	-5.1288E-02	-5.1941E-02
3.0308E-02	2.9170E-03	-3.1176E-02	-5.8997E-02	-5.9269E-02
2.4324E-02	-3.3420E-03	-3.7578E-02	-6.5708E-02	-6.5553E-02
1.9050E-02	-8.7860E-03	-4.3015E-02	-7.1354E-02	-7.0721E-02
1.4535E-02	-1.3363E-02	-4.7424E-02	-7.5865E-02	-7.4702E-02
1.0827E-02	-1.7016E-02	-5.0743E-02	-7.9172E-02	-7.7426E-02
7.9740E-03	-1.9693E-02	-5.2448E-02	-7.7873E-02	-7.4036E-02
6.0250E-03	-2.1522E-02	-4.9888E-02	-8.1900E-02	-9.3593E-02
2.9850E-03	-2.1900E-02	-7.2209E-02	-9.3752E-02	-1.1670E-01
-1.7594E-02	-8.5604E-02	-1.1030E-01	-1.2020E-01	-1.2780E-01
-7.4200E-02	-1.1390E-01	-1.2790E-01	-1.3560E-01	-1.3930E-01
-9.1400E-02	-1.2285E-01	-1.3290E-01	-1.3650E-01	-1.3860E-01
-1.1070E-01	-1.3250E-01	-1.3580E-01	-1.3570E-01	-1.3540E-01
-1.1660E-01	-1.3240E-01	-1.3190E-01	-1.3080E-01	-1.3050E-01
-1.1320E-01	-1.2630E-01	-1.2480E-01	-1.2380E-01	-1.2330E-01
-1.0236E-01	-1.0260E-01	-1.0160E-01	-1.0180E-01	-1.0190E-01
-8.3822E-02	-7.8491E-02	-7.8834E-02	-8.1766E-02	-8.4209E-02
-8.8138E-02	-6.6028E-02	-6.7029E-02	-7.1365E-02	-7.1529E-02
-8.9750E-02	-6.7600E-02	-6.8174E-02	-7.2812E-02	-7.2673E-02
-9.1966E-02	-6.9433E-02	-6.9992E-02	-7.4682E-02	-7.4453E-02
-9.4873E-02	-7.1881E-02	-7.2343E-02	-7.7078E-02	-7.6762E-02
-9.8431E-02	-7.5129E-02	-7.5503E-02	-8.0256E-02	-7.9863E-02
-1.0260E-01	-7.9127E-02	-7.9421E-02	-8.4168E-02	-8.3709E-02
-1.0733E-01	-8.3828E-02	-8.4048E-02	-8.8768E-02	-8.8252E-02
-1.1260E-01	-8.9181E-02	-8.9335E-02	-9.4006E-02	-9.3442E-02
-1.1835E-01	-9.5139E-02	-9.5234E-02	-9.9835E-02	-9.9233E-02
-1.2454E-01	-1.0165E-01	-1.0169E-01	-1.0621E-01	-1.0558E-01
-1.3114E-01	-1.0867E-01	-1.0867E-01	-1.1308E-01	-1.1242E-01
-1.3809E-01	-1.1615E-01	-1.1610E-01	-1.2039E-01	-1.1972E-01
-1.4538E-01	-1.2404E-01	-1.2396E-01	-1.2811E-01	-1.2743E-01
-1.5294E-01	-1.3228E-01	-1.3217E-01	-1.3618E-01	-1.3550E-01
-1.6074E-01	-1.4084E-01	-1.4071E-01	-1.4455E-01	-1.4387E-01
-1.6873E-01	-1.4966E-01	-1.4951E-01	-1.5318E-01	-1.5251E-01
-1.7689E-01	-1.5869E-01	-1.5853E-01	-1.6202E-01	-1.6136E-01
-1.8516E-01	-1.6789E-01	-1.6771E-01	-1.7102E-01	-1.7038E-01
-1.9351E-01	-1.7721E-01	-1.7702E-01	-1.8013E-01	-1.7952E-01
-2.0188E-01	-1.8659E-01	-1.8640E-01	-1.8931E-01	-1.8873E-01
-2.1025E-01	-1.9599E-01	-1.9580E-01	-1.9851E-01	-1.9795E-01
-2.1858E-01	-2.0536E-01	-2.0517E-01	-2.0768E-01	-2.0715E-01
-2.2681E-01	-2.1465E-01	-2.1447E-01	-2.1677E-01	-2.1628E-01
-2.3491E-01	-2.2381E-01	-2.2364E-01	-2.2573E-01	-2.2528E-01
-2.4284E-01	-2.3279E-01	-2.3263E-01	-2.3452E-01	-2.3411E-01
-2.5055E-01	-2.4155E-01	-2.4140E-01	-2.4309E-01	-2.4271E-01
-2.5801E-01	-2.5004E-01	-2.4990E-01	-2.5139E-01	-2.5106E-01
-2.6518E-01	-2.5820E-01	-2.5807E-01	-2.5938E-01	-2.5908E-01
-2.7201E-01	-2.6599E-01	-2.6587E-01	-2.6700E-01	-2.6674E-01
-2.7846E-01	-2.7335E-01	-2.7325E-01	-2.7421E-01	-2.7399E-01
-2.8449E-01	-2.8025E-01	-2.8017E-01	-2.8096E-01	-2.8077E-01
-2.9006E-01	-2.8663E-01	-2.8656E-01	-2.8720E-01	-2.8705E-01
-2.9513E-01	-2.9244E-01	-2.9238E-01	-2.9289E-01	-2.9276E-01
-2.9966E-01	-2.9763E-01	-2.9759E-01	-2.9797E-01	-2.9788E-01
-3.0360E-01	-3.0216E-01	-3.0213E-01	-3.0240E-01	-3.0234E-01
-3.0692E-01	-3.0598E-01	-3.0596E-01	-3.0613E-01	-3.0609E-01
-3.0957E-01	-3.0903E-01	-3.0902E-01	-3.0912E-01	-3.0910E-01
-3.1152E-01	-3.1127E-01	-3.1127E-01	-3.1131E-01	-3.1130E-01
-3.1272E-01	-3.1265E-01	-3.1265E-01	-3.1266E-01	-3.1266E-01
-3.1312E-01	-3.1312E-01	-3.1312E-01	-3.1312E-01	-3.1312E-01
