!T	AOACL
!U	deg
-90	
-88	
-86	
-84	
-82	
-80	
-78	
-76	
-74	
-72	
-70	
-68	
-66	
-64	
-62	
-60	
-58	
-56	
-54	
-52	
-50	
-48	
-46	
-44	
-42	
-40	
-38	
-36	
-34	
-32	
-30	
-28	
-26	
-24	
-22	
-20	
-18	
-16	
-14	
-12	
-10	
-8	
-6	
-4	
-2	
0	
2	
4	
6	
8	
10	
12	
14	
16	
18	
20	
22	
24	
26	
28	
30	
32	
34	
36	
38	
40	
42	
44	
46	
48	
50	
52	
54	
56	
58	
60	
62	
64	
66	
68	
70	
72	
74	
76	
78	
80	
82	
84	
86	
88	
90	
!T	AOACD
!U	deg
-90	
-88	
-86	
-84	
-82	
-80	
-78	
-76	
-74	
-72	
-70	
-68	
-66	
-64	
-62	
-60	
-58	
-56	
-54	
-52	
-50	
-48	
-46	
-44	
-42	
-40	
-38	
-36	
-34	
-32	
-30	
-28	
-26	
-24	
-22	
-20	
-18	
-16	
-14	
-12	
-10	
-8	
-6	
-4	
-2	
0	
2	
4	
6	
8	
10	
12	
14	
16	
18	
20	
22	
24	
26	
28	
30	
32	
34	
36	
38	
40	
42	
44	
46	
48	
50	
52	
54	
56	
58	
60	
62	
64	
66	
68	
70	
72	
74	
76	
78	
80	
82	
84	
86	
88	
90	
!T	AOACM
!U	deg
-90	
-88	
-86	
-84	
-82	
-80	
-78	
-76	
-74	
-72	
-70	
-68	
-66	
-64	
-62	
-60	
-58	
-56	
-54	
-52	
-50	
-48	
-46	
-44	
-42	
-40	
-38	
-36	
-34	
-32	
-30	
-28	
-26	
-24	
-22	
-20	
-18	
-16	
-14	
-12	
-10	
-8	
-6	
-4	
-2	
0	
2	
4	
6	
8	
10	
12	
14	
16	
18	
20	
22	
24	
26	
28	
30	
32	
34	
36	
38	
40	
42	
44	
46	
48	
50	
52	
54	
56	
58	
60	
62	
64	
66	
68	
70	
72	
74	
76	
78	
80	
82	
84	
86	
88	
90	
!T	RECL
!U	nd
50000	
100000	
150000	
200000	
250000	
!T	RECD
!U	nd
50000	
100000	
150000	
200000	
250000	
!T	RECM
!U	nd
50000	
100000	
150000	
200000	
250000	
!M	CLTAB
!U	nd
-0.0000E+00	-0.0000E+00	-0.0000E+00	-0.0000E+00	-0.0000E+00
-4.3721E-02	-4.3725E-02	-4.3727E-02	-4.3727E-02	-4.3730E-02
-8.7300E-02	-8.7318E-02	-8.7325E-02	-8.7325E-02	-8.7339E-02
-1.3053E-01	-1.3057E-01	-1.3058E-01	-1.3058E-01	-1.3061E-01
-1.7319E-01	-1.7326E-01	-1.7329E-01	-1.7329E-01	-1.7335E-01
-2.1509E-01	-2.1520E-01	-2.1524E-01	-2.1524E-01	-2.1533E-01
-2.5601E-01	-2.5617E-01	-2.5624E-01	-2.5624E-01	-2.5637E-01
-2.9578E-01	-2.9599E-01	-2.9609E-01	-2.9608E-01	-2.9626E-01
-3.3418E-01	-3.3446E-01	-3.3459E-01	-3.3458E-01	-3.3481E-01
-3.7105E-01	-3.7141E-01	-3.7156E-01	-3.7156E-01	-3.7185E-01
-4.0620E-01	-4.0664E-01	-4.0684E-01	-4.0683E-01	-4.0719E-01
-4.3947E-01	-4.4001E-01	-4.4025E-01	-4.4024E-01	-4.4068E-01
-4.7071E-01	-4.7136E-01	-4.7164E-01	-4.7163E-01	-4.7215E-01
-4.9976E-01	-5.0053E-01	-5.0086E-01	-5.0086E-01	-5.0147E-01
-5.2651E-01	-5.2741E-01	-5.2779E-01	-5.2778E-01	-5.2850E-01
-5.5082E-01	-5.5185E-01	-5.5230E-01	-5.5229E-01	-5.5312E-01
-5.7259E-01	-5.7377E-01	-5.7429E-01	-5.7428E-01	-5.7523E-01
-5.9171E-01	-5.9307E-01	-5.9366E-01	-5.9364E-01	-5.9472E-01
-6.0813E-01	-6.0966E-01	-6.1033E-01	-6.1031E-01	-6.1154E-01
-6.2176E-01	-6.2349E-01	-6.2423E-01	-6.2422E-01	-6.2560E-01
-6.3256E-01	-6.3450E-01	-6.3533E-01	-6.3532E-01	-6.3687E-01
-6.4050E-01	-6.4266E-01	-6.4360E-01	-6.4358E-01	-6.4530E-01
-6.4555E-01	-6.4796E-01	-6.4900E-01	-6.4898E-01	-6.5090E-01
-6.4773E-01	-6.5040E-01	-6.5156E-01	-6.5153E-01	-6.5367E-01
-6.4704E-01	-6.5000E-01	-6.5128E-01	-6.5125E-01	-6.5362E-01
-6.4352E-01	-6.4680E-01	-6.4822E-01	-6.4819E-01	-6.5081E-01
-6.3724E-01	-6.4087E-01	-6.4243E-01	-6.4240E-01	-6.4529E-01
-6.2827E-01	-6.3227E-01	-6.3400E-01	-6.3396E-01	-6.3716E-01
-6.1672E-01	-6.2113E-01	-6.2304E-01	-6.2299E-01	-6.2652E-01
-6.0269E-01	-6.0757E-01	-6.0967E-01	-6.0963E-01	-6.1352E-01
-5.8636E-01	-5.9175E-01	-5.9408E-01	-5.9403E-01	-5.9833E-01
-5.6791E-01	-5.7388E-01	-5.7645E-01	-5.7639E-01	-5.8116E-01
-5.4757E-01	-5.5419E-01	-5.5704E-01	-5.5698E-01	-5.6227E-01
-5.2560E-01	-5.3297E-01	-5.3616E-01	-5.3609E-01	-5.4197E-01
-5.0237E-01	-5.1061E-01	-5.1417E-01	-5.1409E-01	-5.2068E-01
-4.7831E-01	-4.8758E-01	-4.9158E-01	-4.9149E-01	-4.9891E-01
-4.5399E-01	-4.6451E-01	-4.6904E-01	-4.6895E-01	-4.7735E-01
-4.3023E-01	-4.4227E-01	-4.4747E-01	-4.4736E-01	-4.5698E-01
-4.0821E-01	-4.2218E-01	-4.2822E-01	-4.2808E-01	-4.3926E-01
-3.8976E-01	-4.0629E-01	-4.1342E-01	-4.1326E-01	-4.2647E-01
-3.7809E-01	-3.9815E-01	-4.0493E-01	-4.0549E-01	-4.2335E-01
-3.7434E-01	-4.0286E-01	-4.1200E-01	-4.1330E-01	-4.3713E-01
-3.9310E-01	-4.3418E-01	-3.7399E-01	-2.8537E-01	-2.3621E-01
-3.0823E-01	-1.8692E-01	-3.7400E-02	2.8700E-02	7.1600E-02
-5.3300E-02	1.6520E-01	2.6630E-01	3.0920E-01	3.2420E-01
1.9380E-01	4.5280E-01	5.2220E-01	5.3740E-01	5.4470E-01
4.8820E-01	7.1840E-01	7.5010E-01	7.5360E-01	7.5290E-01
7.1630E-01	9.4690E-01	9.5210E-01	9.4990E-01	9.4850E-01
8.9270E-01	1.1415E+00	1.1386E+00	1.1341E+00	1.1212E+00
1.2172E+00	1.2343E+00	1.2343E+00	1.2642E+00	1.2665E+00
1.1585E+00	1.2239E+00	1.2814E+00	1.2933E+00	1.2822E+00
1.2368E+00	1.2647E+00	1.1953E+00	1.1720E+00	1.1336E+00
1.1198E+00	1.1568E+00	1.0739E+00	1.0577E+00	1.0311E+00
1.0434E+00	1.0676E+00	1.0036E+00	9.8971E-01	9.6681E-01
9.8939E-01	1.0105E+00	9.5466E-01	9.4249E-01	9.2250E-01
9.5055E-01	9.6918E-01	9.1992E-01	9.0919E-01	8.9155E-01
9.2213E-01	9.3869E-01	8.9490E-01	8.8536E-01	8.6969E-01
9.0092E-01	9.1572E-01	8.7657E-01	8.6804E-01	8.5403E-01
8.8464E-01	8.9794E-01	8.6277E-01	8.5511E-01	8.4253E-01
8.7165E-01	8.8364E-01	8.5195E-01	8.4505E-01	8.3371E-01
8.6073E-01	8.7156E-01	8.4294E-01	8.3670E-01	8.2646E-01
8.5094E-01	8.6073E-01	8.3483E-01	8.2919E-01	8.1992E-01
8.4153E-01	8.5040E-01	8.2695E-01	8.2184E-01	8.1344E-01
8.3195E-01	8.3998E-01	8.1874E-01	8.1411E-01	8.0650E-01
8.2173E-01	8.2901E-01	8.0976E-01	8.0557E-01	7.9868E-01
8.1051E-01	8.1710E-01	7.9968E-01	7.9588E-01	7.8965E-01
7.9800E-01	8.0396E-01	7.8821E-01	7.8478E-01	7.7914E-01
7.8398E-01	7.8935E-01	7.7514E-01	7.7204E-01	7.6695E-01
7.6825E-01	7.7309E-01	7.6030E-01	7.5751E-01	7.5292E-01
7.5070E-01	7.5505E-01	7.4355E-01	7.4105E-01	7.3693E-01
7.3122E-01	7.3511E-01	7.2482E-01	7.2258E-01	7.1889E-01
7.0974E-01	7.1322E-01	7.0404E-01	7.0204E-01	6.9875E-01
6.8624E-01	6.8932E-01	6.8117E-01	6.7940E-01	6.7648E-01
6.6071E-01	6.6343E-01	6.5623E-01	6.5466E-01	6.5209E-01
6.3315E-01	6.3554E-01	6.2922E-01	6.2785E-01	6.2559E-01
6.0362E-01	6.0570E-01	6.0020E-01	5.9900E-01	5.9702E-01
5.7217E-01	5.7397E-01	5.6921E-01	5.6817E-01	5.6646E-01
5.3887E-01	5.4041E-01	5.3634E-01	5.3545E-01	5.3399E-01
5.0383E-01	5.0514E-01	5.0168E-01	5.0093E-01	4.9969E-01
4.6715E-01	4.6825E-01	4.6536E-01	4.6473E-01	4.6370E-01
4.2897E-01	4.2987E-01	4.2749E-01	4.2697E-01	4.2612E-01
3.8941E-01	3.9014E-01	3.8822E-01	3.8780E-01	3.8712E-01
3.4864E-01	3.4921E-01	3.4770E-01	3.4737E-01	3.4683E-01
3.0681E-01	3.0724E-01	3.0609E-01	3.0584E-01	3.0543E-01
2.6410E-01	2.6442E-01	2.6357E-01	2.6339E-01	2.6309E-01
2.2069E-01	2.2091E-01	2.2032E-01	2.2020E-01	2.1999E-01
1.7677E-01	1.7691E-01	1.7654E-01	1.7646E-01	1.7632E-01
1.3254E-01	1.3262E-01	1.3241E-01	1.3236E-01	1.3229E-01
8.8192E-02	8.8227E-02	8.8134E-02	8.8114E-02	8.8081E-02
4.3944E-02	4.3952E-02	4.3929E-02	4.3924E-02	4.3916E-02
0.0000E+00	0.0000E+00	0.0000E+00	0.0000E+00	0.0000E+00
!M	CDTAB
!U	nd
1.2525E+00	1.2525E+00	1.2525E+00	1.2525E+00	1.2525E+00
1.2536E+00	1.2527E+00	1.2524E+00	1.2524E+00	1.2515E+00
1.2517E+00	1.2499E+00	1.2492E+00	1.2492E+00	1.2475E+00
1.2468E+00	1.2440E+00	1.2431E+00	1.2430E+00	1.2405E+00
1.2389E+00	1.2352E+00	1.2339E+00	1.2338E+00	1.2305E+00
1.2280E+00	1.2234E+00	1.2218E+00	1.2217E+00	1.2176E+00
1.2142E+00	1.2087E+00	1.2068E+00	1.2067E+00	1.2018E+00
1.1977E+00	1.1913E+00	1.1891E+00	1.1889E+00	1.1832E+00
1.1784E+00	1.1711E+00	1.1686E+00	1.1685E+00	1.1619E+00
1.1565E+00	1.1483E+00	1.1455E+00	1.1454E+00	1.1380E+00
1.1321E+00	1.1230E+00	1.1199E+00	1.1198E+00	1.1116E+00
1.1054E+00	1.0954E+00	1.0920E+00	1.0918E+00	1.0829E+00
1.0764E+00	1.0656E+00	1.0619E+00	1.0617E+00	1.0520E+00
1.0453E+00	1.0337E+00	1.0297E+00	1.0295E+00	1.0190E+00
1.0123E+00	9.9986E-01	9.9559E-01	9.9538E-01	9.8415E-01
9.7757E-01	9.6432E-01	9.5976E-01	9.5954E-01	9.4758E-01
9.4126E-01	9.2722E-01	9.2239E-01	9.2215E-01	9.0948E-01
9.0357E-01	8.8874E-01	8.8365E-01	8.8340E-01	8.7002E-01
8.6468E-01	8.4910E-01	8.4374E-01	8.4348E-01	8.2942E-01
8.2479E-01	8.0847E-01	8.0286E-01	8.0258E-01	7.8786E-01
7.8410E-01	7.6706E-01	7.6121E-01	7.6092E-01	7.4555E-01
7.4283E-01	7.2509E-01	7.1900E-01	7.1870E-01	7.0269E-01
7.0117E-01	6.8276E-01	6.7643E-01	6.7612E-01	6.5951E-01
6.5935E-01	6.4028E-01	6.3373E-01	6.3340E-01	6.1620E-01
6.1756E-01	5.9786E-01	5.9109E-01	5.9076E-01	5.7298E-01
5.7603E-01	5.5572E-01	5.4874E-01	5.4840E-01	5.3007E-01
5.3495E-01	5.1406E-01	5.0688E-01	5.0653E-01	4.8768E-01
4.9454E-01	4.7309E-01	4.6572E-01	4.6536E-01	4.4601E-01
4.5499E-01	4.3301E-01	4.2546E-01	4.2509E-01	4.0526E-01
4.1651E-01	3.9403E-01	3.8630E-01	3.8592E-01	3.6564E-01
3.7929E-01	3.5633E-01	3.4844E-01	3.4805E-01	3.2734E-01
3.4351E-01	3.2011E-01	3.1206E-01	3.1167E-01	2.9055E-01
3.0936E-01	2.8553E-01	2.7734E-01	2.7694E-01	2.5544E-01
2.7700E-01	2.5278E-01	2.4446E-01	2.4405E-01	2.2220E-01
2.4660E-01	2.2202E-01	2.1357E-01	2.1316E-01	1.9098E-01
2.1831E-01	1.9340E-01	1.8483E-01	1.8441E-01	1.6194E-01
1.9226E-01	1.6705E-01	1.5839E-01	1.5796E-01	1.3521E-01
1.6860E-01	1.4312E-01	1.3436E-01	1.3393E-01	1.1094E-01
1.4743E-01	1.2171E-01	1.1287E-01	1.1244E-01	8.9230E-02
1.2887E-01	1.0294E-01	9.4031E-02	9.3593E-02	7.0197E-02
1.1301E-01	8.6901E-02	7.8715E-02	7.8442E-02	5.3292E-02
1.0045E-01	7.6090E-02	6.9912E-02	6.6798E-02	3.9869E-02
8.5220E-02	5.8651E-02	3.0927E-02	2.6781E-02	1.9417E-02
5.9736E-02	3.1044E-02	2.1680E-02	1.7460E-02	1.4710E-02
3.2170E-02	2.2750E-02	1.6280E-02	1.2850E-02	1.1070E-02
3.1070E-02	1.8840E-02	1.2380E-02	9.8200E-03	8.5200E-03
3.8140E-02	1.7590E-02	1.2390E-02	1.0440E-02	9.4200E-03
4.4590E-02	1.7780E-02	1.3560E-02	1.1990E-02	1.1150E-02
5.1650E-02	1.9220E-02	1.5670E-02	1.4340E-02	1.3710E-02
3.5640E-02	2.3440E-02	2.2180E-02	2.4521E-02	2.0690E-02
5.3250E-02	4.2168E-02	3.7132E-02	3.4124E-02	3.2890E-02
6.9311E-02	6.3460E-02	5.1814E-02	4.9910E-02	4.8728E-02
9.2968E-02	8.1133E-02	7.3150E-02	7.0554E-02	6.8568E-02
1.1244E-01	1.0432E-01	9.5007E-02	9.2435E-02	9.0468E-02
1.3670E-01	1.2866E-01	1.1945E-01	1.1691E-01	1.1496E-01
1.6341E-01	1.5547E-01	1.4636E-01	1.4385E-01	1.4193E-01
1.9243E-01	1.8460E-01	1.7562E-01	1.7314E-01	1.7124E-01
2.2363E-01	2.1591E-01	2.0706E-01	2.0462E-01	2.0275E-01
2.5685E-01	2.4925E-01	2.4055E-01	2.3814E-01	2.3630E-01
2.9193E-01	2.8447E-01	2.7591E-01	2.7355E-01	2.7175E-01
3.2869E-01	3.2137E-01	3.1299E-01	3.1067E-01	3.0890E-01
3.6696E-01	3.5980E-01	3.5158E-01	3.4931E-01	3.4758E-01
4.0655E-01	3.9955E-01	3.9152E-01	3.8930E-01	3.8760E-01
4.4727E-01	4.4043E-01	4.3260E-01	4.3043E-01	4.2878E-01
4.8891E-01	4.8225E-01	4.7462E-01	4.7251E-01	4.7090E-01
5.3127E-01	5.2480E-01	5.1738E-01	5.1533E-01	5.1376E-01
5.7415E-01	5.6787E-01	5.6067E-01	5.5868E-01	5.5716E-01
6.1732E-01	6.1125E-01	6.0428E-01	6.0235E-01	6.0088E-01
6.6059E-01	6.5472E-01	6.4799E-01	6.4614E-01	6.4471E-01
7.0374E-01	6.9808E-01	6.9160E-01	6.8981E-01	6.8844E-01
7.4655E-01	7.4112E-01	7.3489E-01	7.3317E-01	7.3186E-01
7.8882E-01	7.8362E-01	7.7765E-01	7.7601E-01	7.7475E-01
8.3034E-01	8.2537E-01	8.1968E-01	8.1810E-01	8.1690E-01
8.7090E-01	8.6617E-01	8.6076E-01	8.5926E-01	8.5811E-01
9.1030E-01	9.0582E-01	9.0069E-01	8.9928E-01	8.9819E-01
9.4836E-01	9.4413E-01	9.3929E-01	9.3795E-01	9.3693E-01
9.8488E-01	9.8091E-01	9.7637E-01	9.7511E-01	9.7415E-01
1.0197E+00	1.0160E+00	1.0117E+00	1.0106E+00	1.0097E+00
1.0526E+00	1.0492E+00	1.0452E+00	1.0441E+00	1.0433E+00
1.0835E+00	1.0803E+00	1.0767E+00	1.0757E+00	1.0749E+00
1.1121E+00	1.1092E+00	1.1059E+00	1.1050E+00	1.1043E+00
1.1384E+00	1.1358E+00	1.1328E+00	1.1320E+00	1.1314E+00
1.1623E+00	1.1600E+00	1.1573E+00	1.1566E+00	1.1560E+00
1.1835E+00	1.1815E+00	1.1792E+00	1.1785E+00	1.1780E+00
1.2021E+00	1.2003E+00	1.1983E+00	1.1978E+00	1.1973E+00
1.2179E+00	1.2164E+00	1.2147E+00	1.2142E+00	1.2139E+00
1.2307E+00	1.2296E+00	1.2282E+00	1.2278E+00	1.2276E+00
1.2407E+00	1.2398E+00	1.2388E+00	1.2385E+00	1.2383E+00
1.2477E+00	1.2471E+00	1.2464E+00	1.2462E+00	1.2461E+00
1.2516E+00	1.2513E+00	1.2510E+00	1.2509E+00	1.2508E+00
1.2525E+00	1.2525E+00	1.2525E+00	1.2525E+00	1.2525E+00
!M	CMTAB
!U	nd
3.1312E-01	3.1312E-01	3.1312E-01	3.1312E-01	3.1312E-01
3.1259E-01	3.1253E-01	3.1250E-01	3.1249E-01	3.1244E-01
3.1102E-01	3.1077E-01	3.1068E-01	3.1064E-01	3.1045E-01
3.0848E-01	3.0791E-01	3.0772E-01	3.0762E-01	3.0721E-01
3.0500E-01	3.0401E-01	3.0368E-01	3.0351E-01	3.0279E-01
3.0065E-01	2.9913E-01	2.9863E-01	2.9836E-01	2.9725E-01
2.9547E-01	2.9332E-01	2.9262E-01	2.9224E-01	2.9067E-01
2.8952E-01	2.8665E-01	2.8572E-01	2.8521E-01	2.8311E-01
2.8284E-01	2.7916E-01	2.7798E-01	2.7734E-01	2.7464E-01
2.7550E-01	2.7093E-01	2.6947E-01	2.6867E-01	2.6532E-01
2.6754E-01	2.6200E-01	2.6025E-01	2.5929E-01	2.5523E-01
2.5901E-01	2.5243E-01	2.5038E-01	2.4924E-01	2.4443E-01
2.4996E-01	2.4229E-01	2.3992E-01	2.3860E-01	2.3298E-01
2.4046E-01	2.3163E-01	2.2893E-01	2.2742E-01	2.2096E-01
2.3054E-01	2.2051E-01	2.1748E-01	2.1577E-01	2.0843E-01
2.2026E-01	2.0898E-01	2.0562E-01	2.0371E-01	1.9546E-01
2.0968E-01	1.9711E-01	1.9342E-01	1.9130E-01	1.8212E-01
1.9884E-01	1.8495E-01	1.8093E-01	1.7861E-01	1.6847E-01
1.8779E-01	1.7257E-01	1.6822E-01	1.6569E-01	1.5458E-01
1.7660E-01	1.6001E-01	1.5536E-01	1.5262E-01	1.4052E-01
1.6530E-01	1.4734E-01	1.4239E-01	1.3944E-01	1.2635E-01
1.5395E-01	1.3462E-01	1.2938E-01	1.2623E-01	1.1215E-01
1.4261E-01	1.2190E-01	1.1640E-01	1.1305E-01	9.7972E-02
1.3132E-01	1.0924E-01	1.0350E-01	9.9959E-02	8.3893E-02
1.2014E-01	9.6700E-02	9.0751E-02	8.7019E-02	6.9978E-02
1.0912E-01	8.4339E-02	7.8205E-02	7.4295E-02	5.6295E-02
9.8310E-02	7.2214E-02	6.5926E-02	6.1847E-02	4.2909E-02
8.7761E-02	6.0384E-02	5.3976E-02	4.9740E-02	2.9889E-02
7.7526E-02	4.8905E-02	4.2416E-02	3.8034E-02	1.7301E-02
6.7657E-02	3.7837E-02	3.1306E-02	2.6794E-02	5.2140E-03
5.8205E-02	2.7237E-02	2.0709E-02	1.6081E-02	-6.3070E-03
4.9223E-02	1.7164E-02	1.0686E-02	5.9570E-03	-1.7193E-02
4.0761E-02	7.6750E-03	1.2970E-03	-3.5140E-03	-2.7378E-02
3.2873E-02	-1.1720E-03	-7.3970E-03	-1.2270E-02	-3.6795E-02
2.5610E-02	-9.3180E-03	-1.5333E-02	-2.0249E-02	-4.5375E-02
1.9023E-02	-1.6705E-02	-2.2452E-02	-2.7389E-02	-5.3052E-02
1.3164E-02	-2.3275E-02	-2.8691E-02	-3.3626E-02	-5.9760E-02
8.0860E-03	-2.8970E-02	-3.3990E-02	-3.8898E-02	-6.5429E-02
3.8390E-03	-3.3733E-02	-3.8288E-02	-4.3143E-02	-6.9994E-02
4.7700E-04	-3.7504E-02	-4.1523E-02	-4.6299E-02	-7.3387E-02
-1.9510E-03	-4.0226E-02	-4.3546E-02	-4.7348E-02	-7.5578E-02
-5.5670E-03	-4.0480E-02	-4.1341E-02	-4.7081E-02	-7.6394E-02
-8.0740E-03	-4.4943E-02	-7.0925E-02	-8.5858E-02	-9.8331E-02
-3.4796E-02	-7.4552E-02	-9.7800E-02	-1.0820E-01	-1.1530E-01
-6.6600E-02	-1.0200E-01	-1.1600E-01	-1.2150E-01	-1.2320E-01
-7.8900E-02	-1.1350E-01	-1.2040E-01	-1.2110E-01	-1.2110E-01
-1.0170E-01	-1.1970E-01	-1.2070E-01	-1.1980E-01	-1.1900E-01
-1.0820E-01	-1.1840E-01	-1.1600E-01	-1.1490E-01	-1.1450E-01
-1.0340E-01	-1.1130E-01	-1.0960E-01	-1.0870E-01	-1.0850E-01
-9.1650E-02	-9.2200E-02	-9.0730E-02	-8.4305E-02	-8.9789E-02
-5.3617E-02	-5.7796E-02	-6.1775E-02	-6.5793E-02	-6.9675E-02
-3.6222E-02	-3.9000E-02	-5.7550E-02	-6.2949E-02	-7.1035E-02
-4.1446E-02	-3.9492E-02	-5.8655E-02	-6.4309E-02	-7.2668E-02
-4.1834E-02	-4.1089E-02	-6.0618E-02	-6.6418E-02	-7.4882E-02
-4.4458E-02	-4.3617E-02	-6.3429E-02	-6.9335E-02	-7.7859E-02
-4.7983E-02	-4.7059E-02	-6.7038E-02	-7.3014E-02	-8.1554E-02
-5.2355E-02	-5.1362E-02	-7.1397E-02	-7.7407E-02	-8.5922E-02
-5.7518E-02	-5.6468E-02	-7.6455E-02	-8.2466E-02	-9.0917E-02
-6.3418E-02	-6.2323E-02	-8.2163E-02	-8.8144E-02	-9.6495E-02
-7.0000E-02	-6.8871E-02	-8.8473E-02	-9.4394E-02	-1.0261E-01
-7.7209E-02	-7.6057E-02	-9.5334E-02	-1.0117E-01	-1.0922E-01
-8.4990E-02	-8.3825E-02	-1.0270E-01	-1.0842E-01	-1.1627E-01
-9.3288E-02	-9.2121E-02	-1.1052E-01	-1.1610E-01	-1.2373E-01
-1.0205E-01	-1.0089E-01	-1.1874E-01	-1.2416E-01	-1.3155E-01
-1.1122E-01	-1.1007E-01	-1.2731E-01	-1.3256E-01	-1.3967E-01
-1.2074E-01	-1.1961E-01	-1.3619E-01	-1.4125E-01	-1.4807E-01
-1.3056E-01	-1.2946E-01	-1.4533E-01	-1.5017E-01	-1.5669E-01
-1.4062E-01	-1.3956E-01	-1.5467E-01	-1.5929E-01	-1.6548E-01
-1.5087E-01	-1.4985E-01	-1.6417E-01	-1.6855E-01	-1.7441E-01
-1.6126E-01	-1.6028E-01	-1.7378E-01	-1.7791E-01	-1.8342E-01
-1.7172E-01	-1.7079E-01	-1.8345E-01	-1.8732E-01	-1.9248E-01
-1.8221E-01	-1.8133E-01	-1.9312E-01	-1.9674E-01	-2.0153E-01
-1.9267E-01	-1.9185E-01	-2.0276E-01	-2.0611E-01	-2.1054E-01
-2.0304E-01	-2.0228E-01	-2.1230E-01	-2.1538E-01	-2.1945E-01
-2.1327E-01	-2.1257E-01	-2.2171E-01	-2.2452E-01	-2.2823E-01
-2.2331E-01	-2.2266E-01	-2.3093E-01	-2.3347E-01	-2.3682E-01
-2.3309E-01	-2.3251E-01	-2.3991E-01	-2.4219E-01	-2.4518E-01
-2.4257E-01	-2.4205E-01	-2.4861E-01	-2.5063E-01	-2.5327E-01
-2.5169E-01	-2.5124E-01	-2.5697E-01	-2.5873E-01	-2.6105E-01
-2.6040E-01	-2.6000E-01	-2.6494E-01	-2.6647E-01	-2.6846E-01
-2.6864E-01	-2.6830E-01	-2.7248E-01	-2.7377E-01	-2.7546E-01
-2.7635E-01	-2.7607E-01	-2.7954E-01	-2.8061E-01	-2.8201E-01
-2.8348E-01	-2.8325E-01	-2.8606E-01	-2.8693E-01	-2.8806E-01
-2.8998E-01	-2.8980E-01	-2.9200E-01	-2.9268E-01	-2.9356E-01
-2.9579E-01	-2.9566E-01	-2.9731E-01	-2.9782E-01	-2.9848E-01
-3.0086E-01	-3.0076E-01	-3.0194E-01	-3.0230E-01	-3.0277E-01
-3.0513E-01	-3.0506E-01	-3.0583E-01	-3.0607E-01	-3.0638E-01
-3.0854E-01	-3.0851E-01	-3.0895E-01	-3.0908E-01	-3.0926E-01
-3.1105E-01	-3.1104E-01	-3.1123E-01	-3.1130E-01	-3.1138E-01
-3.1260E-01	-3.1259E-01	-3.1264E-01	-3.1266E-01	-3.1268E-01
-3.1312E-01	-3.1312E-01	-3.1312E-01	-3.1312E-01	-3.1312E-01
