!T	AOACL
!U	deg
-90	
-88	
-86	
-84	
-82	
-80	
-78	
-76	
-74	
-72	
-70	
-68	
-66	
-64	
-62	
-60	
-58	
-56	
-54	
-52	
-50	
-48	
-46	
-44	
-42	
-40	
-38	
-36	
-34	
-32	
-30	
-28	
-26	
-24	
-22	
-20	
-18	
-16	
-14	
-12	
-10	
-8	
-6	
-4	
-2	
0	
2	
4	
6	
8	
10	
12	
14	
16	
18	
20	
22	
24	
26	
28	
30	
32	
34	
36	
38	
40	
42	
44	
46	
48	
50	
52	
54	
56	
58	
60	
62	
64	
66	
68	
70	
72	
74	
76	
78	
80	
82	
84	
86	
88	
90	
!T	AOACD
!U	deg
-90	
-88	
-86	
-84	
-82	
-80	
-78	
-76	
-74	
-72	
-70	
-68	
-66	
-64	
-62	
-60	
-58	
-56	
-54	
-52	
-50	
-48	
-46	
-44	
-42	
-40	
-38	
-36	
-34	
-32	
-30	
-28	
-26	
-24	
-22	
-20	
-18	
-16	
-14	
-12	
-10	
-8	
-6	
-4	
-2	
0	
2	
4	
6	
8	
10	
12	
14	
16	
18	
20	
22	
24	
26	
28	
30	
32	
34	
36	
38	
40	
42	
44	
46	
48	
50	
52	
54	
56	
58	
60	
62	
64	
66	
68	
70	
72	
74	
76	
78	
80	
82	
84	
86	
88	
90	
!T	AOACM
!U	deg
-90	
-88	
-86	
-84	
-82	
-80	
-78	
-76	
-74	
-72	
-70	
-68	
-66	
-64	
-62	
-60	
-58	
-56	
-54	
-52	
-50	
-48	
-46	
-44	
-42	
-40	
-38	
-36	
-34	
-32	
-30	
-28	
-26	
-24	
-22	
-20	
-18	
-16	
-14	
-12	
-10	
-8	
-6	
-4	
-2	
0	
2	
4	
6	
8	
10	
12	
14	
16	
18	
20	
22	
24	
26	
28	
30	
32	
34	
36	
38	
40	
42	
44	
46	
48	
50	
52	
54	
56	
58	
60	
62	
64	
66	
68	
70	
72	
74	
76	
78	
80	
82	
84	
86	
88	
90	
!T	RECL
!U	nd
50000	
100000	
150000	
200000	
250000	
!T	RECD
!U	nd
50000	
100000	
150000	
200000	
250000	
!T	RECM
!U	nd
50000	
100000	
150000	
200000	
250000	
!M	CLTAB
!U	nd
-0.0000E+00	-0.0000E+00	-0.0000E+00	-0.0000E+00	-0.0000E+00
-4.3722E-02	-4.3721E-02	-4.3731E-02	-4.3727E-02	-4.3728E-02
-8.7304E-02	-8.7303E-02	-8.7341E-02	-8.7324E-02	-8.7328E-02
-1.3054E-01	-1.3053E-01	-1.3062E-01	-1.3058E-01	-1.3059E-01
-1.7321E-01	-1.7320E-01	-1.7336E-01	-1.7329E-01	-1.7330E-01
-2.1512E-01	-2.1511E-01	-2.1534E-01	-2.1524E-01	-2.1527E-01
-2.5605E-01	-2.5604E-01	-2.5638E-01	-2.5623E-01	-2.5627E-01
-2.9583E-01	-2.9581E-01	-2.9628E-01	-2.9607E-01	-2.9613E-01
-3.3425E-01	-3.3423E-01	-3.3484E-01	-3.3457E-01	-3.3464E-01
-3.7113E-01	-3.7111E-01	-3.7188E-01	-3.7154E-01	-3.7163E-01
-4.0631E-01	-4.0628E-01	-4.0724E-01	-4.0681E-01	-4.0692E-01
-4.3960E-01	-4.3957E-01	-4.4073E-01	-4.4022E-01	-4.4035E-01
-4.7087E-01	-4.7082E-01	-4.7222E-01	-4.7160E-01	-4.7176E-01
-4.9995E-01	-4.9990E-01	-5.0155E-01	-5.0082E-01	-5.0100E-01
-5.2673E-01	-5.2667E-01	-5.2859E-01	-5.2774E-01	-5.2795E-01
-5.5107E-01	-5.5100E-01	-5.5323E-01	-5.5224E-01	-5.5249E-01
-5.7288E-01	-5.7280E-01	-5.7535E-01	-5.7422E-01	-5.7450E-01
-5.9205E-01	-5.9196E-01	-5.9487E-01	-5.9358E-01	-5.9390E-01
-6.0850E-01	-6.0840E-01	-6.1170E-01	-6.1024E-01	-6.1060E-01
-6.2218E-01	-6.2207E-01	-6.2578E-01	-6.2414E-01	-6.2455E-01
-6.3304E-01	-6.3291E-01	-6.3707E-01	-6.3523E-01	-6.3569E-01
-6.4103E-01	-6.4088E-01	-6.4553E-01	-6.4348E-01	-6.4399E-01
-6.4614E-01	-6.4598E-01	-6.5116E-01	-6.4887E-01	-6.4944E-01
-6.4838E-01	-6.4820E-01	-6.5395E-01	-6.5141E-01	-6.5204E-01
-6.4777E-01	-6.4756E-01	-6.5393E-01	-6.5112E-01	-6.5182E-01
-6.4433E-01	-6.4411E-01	-6.5115E-01	-6.4804E-01	-6.4881E-01
-6.3813E-01	-6.3789E-01	-6.4567E-01	-6.4223E-01	-6.4309E-01
-6.2926E-01	-6.2898E-01	-6.3758E-01	-6.3378E-01	-6.3473E-01
-6.1780E-01	-6.1750E-01	-6.2698E-01	-6.2279E-01	-6.2384E-01
-6.0389E-01	-6.0356E-01	-6.1403E-01	-6.0940E-01	-6.1056E-01
-5.8769E-01	-5.8732E-01	-5.9889E-01	-5.9378E-01	-5.9506E-01
-5.6938E-01	-5.6897E-01	-5.8178E-01	-5.7612E-01	-5.7754E-01
-5.4919E-01	-5.4874E-01	-5.6296E-01	-5.5668E-01	-5.5824E-01
-5.2741E-01	-5.2691E-01	-5.4275E-01	-5.3575E-01	-5.3749E-01
-5.0439E-01	-5.0383E-01	-5.2154E-01	-5.1372E-01	-5.1567E-01
-4.8058E-01	-4.7995E-01	-4.9987E-01	-4.9107E-01	-4.9327E-01
-4.5657E-01	-4.5586E-01	-4.7845E-01	-4.6846E-01	-4.7096E-01
-4.3319E-01	-4.3237E-01	-4.5824E-01	-4.4681E-01	-4.4966E-01
-4.1164E-01	-4.1068E-01	-4.4072E-01	-4.2744E-01	-4.3076E-01
-3.9382E-01	-3.9269E-01	-4.2820E-01	-4.1251E-01	-4.1642E-01
-3.8301E-01	-3.8164E-01	-4.2474E-01	-4.0598E-01	-4.1100E-01
-3.7884E-01	-3.8354E-01	-4.2775E-01	-4.1650E-01	-4.2152E-01
-4.0853E-01	-4.1390E-01	-3.9811E-01	-3.0029E-01	-2.5583E-01
-3.2364E-01	-2.0332E-01	-4.7439E-02	2.1400E-02	6.3400E-02
-5.4700E-02	1.5770E-01	2.5720E-01	2.9700E-01	3.1230E-01
1.8680E-01	4.4680E-01	5.1210E-01	5.2510E-01	5.2640E-01
4.8410E-01	7.0750E-01	7.3560E-01	7.3810E-01	7.3680E-01
7.1040E-01	9.3250E-01	9.3650E-01	9.3380E-01	9.2920E-01
9.0820E-01	1.1264E+00	1.1234E+00	1.1212E+00	1.1134E+00
1.1861E+00	1.2101E+00	1.2240E+00	1.2253E+00	1.2291E+00
1.2166E+00	1.2483E+00	1.2518E+00	1.3034E+00	1.3251E+00
1.2382E+00	1.2215E+00	1.2369E+00	1.3005E+00	1.3003E+00
1.1111E+00	1.1006E+00	1.1102E+00	1.1610E+00	1.1604E+00
1.0406E+00	1.0267E+00	1.0350E+00	1.0787E+00	1.0782E+00
9.8694E-01	9.7478E-01	9.8202E-01	1.0202E+00	1.0198E+00
9.4839E-01	9.3766E-01	9.4405E-01	9.7769E-01	9.7734E-01
9.2021E-01	9.1068E-01	9.1636E-01	9.4626E-01	9.4595E-01
8.9920E-01	8.9067E-01	8.9575E-01	9.2249E-01	9.2221E-01
8.8310E-01	8.7544E-01	8.8000E-01	9.0401E-01	9.0376E-01
8.7026E-01	8.6337E-01	8.6748E-01	8.8911E-01	8.8889E-01
8.5948E-01	8.5325E-01	8.5696E-01	8.7650E-01	8.7630E-01
8.4980E-01	8.4416E-01	8.4752E-01	8.6521E-01	8.6502E-01
8.4050E-01	8.3540E-01	8.3844E-01	8.5445E-01	8.5429E-01
8.3102E-01	8.2639E-01	8.2915E-01	8.4366E-01	8.4351E-01
8.2089E-01	8.1670E-01	8.1919E-01	8.3234E-01	8.3220E-01
8.0975E-01	8.0595E-01	8.0822E-01	8.2011E-01	8.1999E-01
7.9731E-01	7.9388E-01	7.9593E-01	8.0668E-01	8.0657E-01
7.8335E-01	7.8026E-01	7.8210E-01	7.9181E-01	7.9171E-01
7.6769E-01	7.6491E-01	7.6657E-01	7.7531E-01	7.7522E-01
7.5020E-01	7.4769E-01	7.4918E-01	7.5703E-01	7.5695E-01
7.3077E-01	7.2853E-01	7.2986E-01	7.3689E-01	7.3682E-01
7.0934E-01	7.0734E-01	7.0853E-01	7.1480E-01	7.1474E-01
6.8588E-01	6.8411E-01	6.8517E-01	6.9073E-01	6.9067E-01
6.6039E-01	6.5882E-01	6.5976E-01	6.6467E-01	6.6462E-01
6.3288E-01	6.3150E-01	6.3232E-01	6.3663E-01	6.3659E-01
6.0338E-01	6.0218E-01	6.0289E-01	6.0666E-01	6.0662E-01
5.7196E-01	5.7092E-01	5.7154E-01	5.7479E-01	5.7476E-01
5.3869E-01	5.3780E-01	5.3834E-01	5.4112E-01	5.4109E-01
5.0368E-01	5.0293E-01	5.0338E-01	5.0574E-01	5.0571E-01
4.6703E-01	4.6640E-01	4.6677E-01	4.6875E-01	4.6873E-01
4.2886E-01	4.2835E-01	4.2865E-01	4.3028E-01	4.3026E-01
3.8933E-01	3.8891E-01	3.8916E-01	3.9047E-01	3.9045E-01
3.4857E-01	3.4824E-01	3.4844E-01	3.4947E-01	3.4946E-01
3.0676E-01	3.0651E-01	3.0666E-01	3.0744E-01	3.0744E-01
2.6406E-01	2.6388E-01	2.6399E-01	2.6456E-01	2.6456E-01
2.2066E-01	2.2054E-01	2.2061E-01	2.2101E-01	2.2101E-01
1.7675E-01	1.7667E-01	1.7672E-01	1.7697E-01	1.7697E-01
1.3253E-01	1.3248E-01	1.3251E-01	1.3265E-01	1.3265E-01
8.8188E-02	8.8168E-02	8.8180E-02	8.8244E-02	8.8243E-02
4.3943E-02	4.3937E-02	4.3940E-02	4.3956E-02	4.3956E-02
0.0000E+00	0.0000E+00	0.0000E+00	0.0000E+00	0.0000E+00
!M	CDTAB
!U	nd
1.2525E+00	1.2525E+00	1.2525E+00	1.2525E+00	1.2525E+00
1.2536E+00	1.2522E+00	1.2519E+00	1.2526E+00	1.2520E+00
1.2516E+00	1.2489E+00	1.2483E+00	1.2497E+00	1.2485E+00
1.2466E+00	1.2426E+00	1.2417E+00	1.2438E+00	1.2420E+00
1.2385E+00	1.2333E+00	1.2321E+00	1.2348E+00	1.2324E+00
1.2276E+00	1.2210E+00	1.2195E+00	1.2229E+00	1.2200E+00
1.2138E+00	1.2059E+00	1.2041E+00	1.2082E+00	1.2046E+00
1.1971E+00	1.1880E+00	1.1859E+00	1.1906E+00	1.1865E+00
1.1778E+00	1.1673E+00	1.1650E+00	1.1704E+00	1.1656E+00
1.1558E+00	1.1441E+00	1.1414E+00	1.1475E+00	1.1422E+00
1.1313E+00	1.1184E+00	1.1154E+00	1.1222E+00	1.1163E+00
1.1045E+00	1.0903E+00	1.0871E+00	1.0944E+00	1.0880E+00
1.0754E+00	1.0600E+00	1.0565E+00	1.0645E+00	1.0575E+00
1.0443E+00	1.0277E+00	1.0239E+00	1.0325E+00	1.0250E+00
1.0112E+00	9.9347E-01	9.8944E-01	9.9864E-01	9.9057E-01
9.7642E-01	9.5750E-01	9.5321E-01	9.6301E-01	9.5442E-01
9.4004E-01	9.1999E-01	9.1544E-01	9.2583E-01	9.1672E-01
9.0228E-01	8.8112E-01	8.7632E-01	8.8728E-01	8.7767E-01
8.6332E-01	8.4108E-01	8.3604E-01	8.4756E-01	8.3745E-01
8.2337E-01	8.0008E-01	7.9479E-01	8.0686E-01	7.9627E-01
7.8262E-01	7.5831E-01	7.5279E-01	7.6538E-01	7.5433E-01
7.4129E-01	7.1597E-01	7.1023E-01	7.2334E-01	7.1184E-01
6.9957E-01	6.7329E-01	6.6733E-01	6.8094E-01	6.6900E-01
6.5769E-01	6.3048E-01	6.2430E-01	6.3840E-01	6.2604E-01
6.1585E-01	5.8774E-01	5.8136E-01	5.9592E-01	5.8315E-01
5.7426E-01	5.4528E-01	5.3870E-01	5.5372E-01	5.4055E-01
5.3313E-01	5.0332E-01	4.9656E-01	5.1200E-01	4.9845E-01
4.9267E-01	4.6207E-01	4.5512E-01	4.7097E-01	4.5707E-01
4.5308E-01	4.2172E-01	4.1460E-01	4.3084E-01	4.1660E-01
4.1456E-01	3.8247E-01	3.7519E-01	3.9181E-01	3.7723E-01
3.7729E-01	3.4453E-01	3.3709E-01	3.5407E-01	3.3918E-01
3.4148E-01	3.0807E-01	3.0049E-01	3.1780E-01	3.0262E-01
3.0729E-01	2.7329E-01	2.6557E-01	2.8318E-01	2.6774E-01
2.7490E-01	2.4033E-01	2.3249E-01	2.5039E-01	2.3469E-01
2.4446E-01	2.0939E-01	2.0143E-01	2.1960E-01	2.0366E-01
2.1614E-01	1.8059E-01	1.7252E-01	1.9094E-01	1.7479E-01
1.9007E-01	1.5409E-01	1.4593E-01	1.6456E-01	1.4822E-01
1.6639E-01	1.3002E-01	1.2177E-01	1.4060E-01	1.2408E-01
1.4520E-01	1.0849E-01	1.0016E-01	1.1918E-01	1.0250E-01
1.2662E-01	8.9613E-02	8.1216E-02	1.0038E-01	8.3573E-02
1.1074E-01	7.3480E-02	6.5025E-02	8.4008E-02	6.6762E-02
9.8507E-02	6.2287E-02	5.9428E-02	6.9997E-02	5.3414E-02
8.5485E-02	4.9750E-02	2.9364E-02	2.7085E-02	1.8669E-02
5.7491E-02	3.0613E-02	2.1363E-02	1.7190E-02	1.4490E-02
3.1500E-02	2.2320E-02	1.6010E-02	1.2710E-02	1.0940E-02
3.0300E-02	1.8540E-02	1.2250E-02	9.7200E-03	8.4700E-03
3.7480E-02	1.7420E-02	1.2310E-02	1.0360E-02	9.3500E-03
4.4100E-02	1.7660E-02	1.3440E-02	1.1900E-02	1.1030E-02
5.0490E-02	1.9000E-02	1.5520E-02	1.4330E-02	1.3830E-02
4.0930E-02	2.6196E-02	2.3065E-02	2.3903E-02	2.1305E-02
5.3416E-02	4.5552E-02	4.0121E-02	3.6029E-02	3.6119E-02
7.9847E-02	6.9418E-02	6.4598E-02	5.5906E-02	5.5850E-02
9.9427E-02	8.7962E-02	8.3000E-02	7.7247E-02	7.7150E-02
1.1980E-01	1.0968E-01	1.0476E-01	9.9066E-02	9.8970E-02
1.4398E-01	1.3397E-01	1.2911E-01	1.2347E-01	1.2337E-01
1.7060E-01	1.6071E-01	1.5590E-01	1.5033E-01	1.5024E-01
1.9953E-01	1.8977E-01	1.8503E-01	1.7953E-01	1.7944E-01
2.3062E-01	2.2101E-01	2.1633E-01	2.1092E-01	2.1083E-01
2.6373E-01	2.5427E-01	2.4967E-01	2.4434E-01	2.4425E-01
2.9868E-01	2.8939E-01	2.8488E-01	2.7964E-01	2.7955E-01
3.3532E-01	3.2621E-01	3.2178E-01	3.1664E-01	3.1656E-01
3.7345E-01	3.6453E-01	3.6019E-01	3.5517E-01	3.5508E-01
4.1290E-01	4.0418E-01	3.9994E-01	3.9502E-01	3.9494E-01
4.5346E-01	4.4495E-01	4.4081E-01	4.3601E-01	4.3593E-01
4.9494E-01	4.8665E-01	4.8262E-01	4.7795E-01	4.7787E-01
5.3714E-01	5.2907E-01	5.2516E-01	5.2061E-01	5.2054E-01
5.7983E-01	5.7201E-01	5.6821E-01	5.6381E-01	5.6373E-01
6.2283E-01	6.1526E-01	6.1158E-01	6.0732E-01	6.0724E-01
6.6591E-01	6.5860E-01	6.5504E-01	6.5093E-01	6.5086E-01
7.0886E-01	7.0182E-01	6.9839E-01	6.9443E-01	6.9436E-01
7.5147E-01	7.4470E-01	7.4142E-01	7.3761E-01	7.3754E-01
7.9353E-01	7.8705E-01	7.8390E-01	7.8025E-01	7.8019E-01
8.3483E-01	8.2865E-01	8.2564E-01	8.2216E-01	8.2210E-01
8.7518E-01	8.6929E-01	8.6643E-01	8.6312E-01	8.6306E-01
9.1436E-01	9.0878E-01	9.0607E-01	9.0293E-01	9.0288E-01
9.5219E-01	9.4693E-01	9.4437E-01	9.4140E-01	9.4135E-01
9.8847E-01	9.8353E-01	9.8113E-01	9.7835E-01	9.7830E-01
1.0230E+00	1.0184E+00	1.0162E+00	1.0136E+00	1.0135E+00
1.0557E+00	1.0514E+00	1.0494E+00	1.0469E+00	1.0469E+00
1.0863E+00	1.0824E+00	1.0805E+00	1.0783E+00	1.0782E+00
1.1147E+00	1.1111E+00	1.1094E+00	1.1074E+00	1.1073E+00
1.1408E+00	1.1376E+00	1.1360E+00	1.1341E+00	1.1341E+00
1.1644E+00	1.1615E+00	1.1601E+00	1.1585E+00	1.1584E+00
1.1854E+00	1.1828E+00	1.1816E+00	1.1802E+00	1.1802E+00
1.2037E+00	1.2015E+00	1.2004E+00	1.1992E+00	1.1992E+00
1.2192E+00	1.2174E+00	1.2165E+00	1.2154E+00	1.2154E+00
1.2318E+00	1.2303E+00	1.2296E+00	1.2288E+00	1.2288E+00
1.2415E+00	1.2404E+00	1.2399E+00	1.2392E+00	1.2392E+00
1.2482E+00	1.2475E+00	1.2471E+00	1.2467E+00	1.2467E+00
1.2519E+00	1.2515E+00	1.2513E+00	1.2511E+00	1.2511E+00
1.2525E+00	1.2525E+00	1.2525E+00	1.2525E+00	1.2525E+00
!M	CMTAB
!U	nd
3.1312E-01	3.1312E-01	3.1312E-01	3.1312E-01	3.1312E-01
3.1259E-01	3.1251E-01	3.1250E-01	3.1251E-01	3.1247E-01
3.1103E-01	3.1073E-01	3.1068E-01	3.1072E-01	3.1055E-01
3.0849E-01	3.0782E-01	3.0772E-01	3.0779E-01	3.0743E-01
3.0502E-01	3.0385E-01	3.0368E-01	3.0381E-01	3.0317E-01
3.0067E-01	2.9889E-01	2.9862E-01	2.9882E-01	2.9784E-01
2.9550E-01	2.9298E-01	2.9260E-01	2.9289E-01	2.9151E-01
2.8956E-01	2.8618E-01	2.8568E-01	2.8608E-01	2.8423E-01
2.8290E-01	2.7856E-01	2.7792E-01	2.7844E-01	2.7607E-01
2.7557E-01	2.7018E-01	2.6939E-01	2.7004E-01	2.6710E-01
2.6762E-01	2.6109E-01	2.6015E-01	2.6094E-01	2.5738E-01
2.5911E-01	2.5134E-01	2.5024E-01	2.5120E-01	2.4699E-01
2.5008E-01	2.4102E-01	2.3975E-01	2.4088E-01	2.3597E-01
2.4059E-01	2.3016E-01	2.2871E-01	2.3004E-01	2.2439E-01
2.3069E-01	2.1882E-01	2.1721E-01	2.1873E-01	2.1233E-01
2.2044E-01	2.0708E-01	2.0529E-01	2.0703E-01	1.9984E-01
2.0987E-01	1.9498E-01	1.9302E-01	1.9499E-01	1.8700E-01
1.9905E-01	1.8259E-01	1.8046E-01	1.8267E-01	1.7386E-01
1.8803E-01	1.6997E-01	1.6766E-01	1.7013E-01	1.6048E-01
1.7685E-01	1.5716E-01	1.5470E-01	1.5743E-01	1.4694E-01
1.6558E-01	1.4424E-01	1.4162E-01	1.4463E-01	1.3330E-01
1.5425E-01	1.3126E-01	1.2850E-01	1.3180E-01	1.1963E-01
1.4293E-01	1.1828E-01	1.1539E-01	1.1899E-01	1.0598E-01
1.3167E-01	1.0536E-01	1.0235E-01	1.0626E-01	9.2426E-02
1.2051E-01	9.2557E-02	8.9441E-02	9.3673E-02	7.9030E-02
1.0951E-01	7.9930E-02	7.6727E-02	8.1291E-02	6.5855E-02
9.8717E-02	6.7539E-02	6.4267E-02	6.9174E-02	5.2968E-02
8.8188E-02	5.5442E-02	5.2121E-02	5.7381E-02	4.0432E-02
7.7972E-02	4.3699E-02	4.0350E-02	4.5972E-02	2.8313E-02
6.8121E-02	3.2368E-02	2.9015E-02	3.5009E-02	1.6676E-02
5.8687E-02	2.1509E-02	1.8176E-02	2.4551E-02	5.5840E-03
4.9722E-02	1.1179E-02	7.8950E-03	1.4659E-02	-4.8970E-03
4.1277E-02	1.4390E-03	-1.7700E-03	5.3940E-03	-1.4703E-02
3.3404E-02	-7.6530E-03	-1.0756E-02	-3.1860E-03	-2.3769E-02
2.6154E-02	-1.6038E-02	-1.9003E-02	-1.1018E-02	-3.2030E-02
1.9580E-02	-2.3657E-02	-2.6451E-02	-1.8043E-02	-3.9422E-02
1.3732E-02	-3.0452E-02	-3.3039E-02	-2.4200E-02	-4.5879E-02
8.6630E-03	-3.6363E-02	-3.8706E-02	-2.9430E-02	-5.1338E-02
4.4250E-03	-4.1331E-02	-4.3392E-02	-3.3671E-02	-5.5733E-02
1.0680E-03	-4.5298E-02	-4.7036E-02	-3.6864E-02	-5.9000E-02
-1.3540E-03	-4.8204E-02	-4.9578E-02	-3.8966E-02	-6.1109E-02
-5.2670E-03	-4.8644E-02	-4.7462E-02	-3.9876E-02	-6.1894E-02
-4.9150E-03	-5.0600E-02	-6.5966E-02	-7.9556E-02	-9.3686E-02
-3.2389E-02	-7.0970E-02	-9.4480E-02	-1.0520E-01	-1.1210E-01
-6.4300E-02	-9.8900E-02	-1.1280E-01	-1.1760E-01	-1.1880E-01
-7.5700E-02	-1.1100E-01	-1.1720E-01	-1.1720E-01	-1.1660E-01
-9.9400E-02	-1.1650E-01	-1.1670E-01	-1.1560E-01	-1.1460E-01
-1.0590E-01	-1.1450E-01	-1.1180E-01	-1.1060E-01	-1.1030E-01
-1.0370E-01	-1.0730E-01	-1.0550E-01	-1.0450E-01	-1.0410E-01
-8.0900E-02	-8.3240E-02	-8.5500E-02	-8.3067E-02	-8.7583E-02
-5.4116E-02	-5.2000E-02	-5.3737E-02	-6.1326E-02	-6.4090E-02
-4.0194E-02	-4.3182E-02	-4.6802E-02	-6.1489E-02	-6.4646E-02
-4.2058E-02	-4.5135E-02	-4.9815E-02	-6.2461E-02	-6.5720E-02
-4.3283E-02	-4.7098E-02	-5.1744E-02	-6.4297E-02	-6.7629E-02
-4.5994E-02	-4.9964E-02	-5.4560E-02	-6.6979E-02	-7.0362E-02
-4.9590E-02	-5.3683E-02	-5.8214E-02	-7.0457E-02	-7.3871E-02
-5.4018E-02	-5.8200E-02	-6.2652E-02	-7.4682E-02	-7.8108E-02
-5.9223E-02	-6.3464E-02	-6.7824E-02	-7.9606E-02	-8.3026E-02
-6.5151E-02	-6.9423E-02	-7.3679E-02	-8.5179E-02	-8.8576E-02
-7.1748E-02	-7.6023E-02	-8.0164E-02	-9.1353E-02	-9.4710E-02
-7.8960E-02	-8.3213E-02	-8.7228E-02	-9.8078E-02	-1.0138E-01
-8.6732E-02	-9.0940E-02	-9.4820E-02	-1.0530E-01	-1.0854E-01
-9.5012E-02	-9.9152E-02	-1.0289E-01	-1.1299E-01	-1.1614E-01
-1.0375E-01	-1.0780E-01	-1.1138E-01	-1.2107E-01	-1.2413E-01
-1.1288E-01	-1.1682E-01	-1.2025E-01	-1.2951E-01	-1.3247E-01
-1.2235E-01	-1.2617E-01	-1.2944E-01	-1.3826E-01	-1.4111E-01
-1.3212E-01	-1.3580E-01	-1.3889E-01	-1.4726E-01	-1.4999E-01
-1.4212E-01	-1.4565E-01	-1.4857E-01	-1.5648E-01	-1.5907E-01
-1.5231E-01	-1.5567E-01	-1.5842E-01	-1.6585E-01	-1.6831E-01
-1.6262E-01	-1.6580E-01	-1.6838E-01	-1.7533E-01	-1.7765E-01
-1.7301E-01	-1.7601E-01	-1.7840E-01	-1.8487E-01	-1.8705E-01
-1.8342E-01	-1.8622E-01	-1.8844E-01	-1.9443E-01	-1.9645E-01
-1.9379E-01	-1.9640E-01	-1.9844E-01	-2.0395E-01	-2.0582E-01
-2.0408E-01	-2.0649E-01	-2.0835E-01	-2.1338E-01	-2.1510E-01
-2.1422E-01	-2.1643E-01	-2.1812E-01	-2.2268E-01	-2.2425E-01
-2.2417E-01	-2.2617E-01	-2.2769E-01	-2.3179E-01	-2.3322E-01
-2.3387E-01	-2.3567E-01	-2.3702E-01	-2.4067E-01	-2.4195E-01
-2.4327E-01	-2.4486E-01	-2.4605E-01	-2.4927E-01	-2.5040E-01
-2.5230E-01	-2.5370E-01	-2.5474E-01	-2.5754E-01	-2.5853E-01
-2.6093E-01	-2.6214E-01	-2.6303E-01	-2.6543E-01	-2.6628E-01
-2.6908E-01	-2.7011E-01	-2.7086E-01	-2.7289E-01	-2.7361E-01
-2.7672E-01	-2.7758E-01	-2.7820E-01	-2.7987E-01	-2.8047E-01
-2.8379E-01	-2.8448E-01	-2.8498E-01	-2.8633E-01	-2.8681E-01
-2.9022E-01	-2.9076E-01	-2.9115E-01	-2.9221E-01	-2.9259E-01
-2.9597E-01	-2.9638E-01	-2.9667E-01	-2.9746E-01	-2.9775E-01
-3.0099E-01	-3.0128E-01	-3.0149E-01	-3.0205E-01	-3.0225E-01
-3.0521E-01	-3.0540E-01	-3.0554E-01	-3.0590E-01	-3.0604E-01
-3.0859E-01	-3.0870E-01	-3.0878E-01	-3.0899E-01	-3.0906E-01
-3.1107E-01	-3.1112E-01	-3.1116E-01	-3.1125E-01	-3.1129E-01
-3.1260E-01	-3.1261E-01	-3.1262E-01	-3.1265E-01	-3.1266E-01
-3.1312E-01	-3.1312E-01	-3.1312E-01	-3.1312E-01	-3.1312E-01
