!T	AOACL
!U	deg
-90	
-88	
-86	
-84	
-82	
-80	
-78	
-76	
-74	
-72	
-70	
-68	
-66	
-64	
-62	
-60	
-58	
-56	
-54	
-52	
-50	
-48	
-46	
-44	
-42	
-40	
-38	
-36	
-34	
-32	
-30	
-28	
-26	
-24	
-22	
-20	
-18	
-16	
-14	
-12	
-10	
-8	
-6	
-4	
-2	
0	
2	
4	
6	
8	
10	
12	
14	
16	
18	
20	
22	
24	
26	
28	
30	
32	
34	
36	
38	
40	
42	
44	
46	
48	
50	
52	
54	
56	
58	
60	
62	
64	
66	
68	
70	
72	
74	
76	
78	
80	
82	
84	
86	
88	
90	
!T	AOACD
!U	deg
-90	
-88	
-86	
-84	
-82	
-80	
-78	
-76	
-74	
-72	
-70	
-68	
-66	
-64	
-62	
-60	
-58	
-56	
-54	
-52	
-50	
-48	
-46	
-44	
-42	
-40	
-38	
-36	
-34	
-32	
-30	
-28	
-26	
-24	
-22	
-20	
-18	
-16	
-14	
-12	
-10	
-8	
-6	
-4	
-2	
0	
2	
4	
6	
8	
10	
12	
14	
16	
18	
20	
22	
24	
26	
28	
30	
32	
34	
36	
38	
40	
42	
44	
46	
48	
50	
52	
54	
56	
58	
60	
62	
64	
66	
68	
70	
72	
74	
76	
78	
80	
82	
84	
86	
88	
90	
!T	AOACM
!U	deg
-90	
-88	
-86	
-84	
-82	
-80	
-78	
-76	
-74	
-72	
-70	
-68	
-66	
-64	
-62	
-60	
-58	
-56	
-54	
-52	
-50	
-48	
-46	
-44	
-42	
-40	
-38	
-36	
-34	
-32	
-30	
-28	
-26	
-24	
-22	
-20	
-18	
-16	
-14	
-12	
-10	
-8	
-6	
-4	
-2	
0	
2	
4	
6	
8	
10	
12	
14	
16	
18	
20	
22	
24	
26	
28	
30	
32	
34	
36	
38	
40	
42	
44	
46	
48	
50	
52	
54	
56	
58	
60	
62	
64	
66	
68	
70	
72	
74	
76	
78	
80	
82	
84	
86	
88	
90	
!T	RECL
!U	nd
50000	
100000	
150000	
200000	
250000	
!T	RECD
!U	nd
50000	
100000	
150000	
200000	
250000	
!T	RECM
!U	nd
50000	
100000	
150000	
200000	
250000	
!M	CLTAB
!U	nd
-0.0000E+00	-0.0000E+00	-0.0000E+00	-0.0000E+00	-0.0000E+00
-4.3717E-02	-4.3716E-02	-4.3715E-02	-4.3718E-02	-4.3716E-02
-8.7284E-02	-8.7283E-02	-8.7278E-02	-8.7291E-02	-8.7283E-02
-1.3049E-01	-1.3049E-01	-1.3048E-01	-1.3051E-01	-1.3049E-01
-1.7313E-01	-1.7312E-01	-1.7310E-01	-1.7316E-01	-1.7312E-01
-2.1499E-01	-2.1498E-01	-2.1495E-01	-2.1503E-01	-2.1498E-01
-2.5587E-01	-2.5586E-01	-2.5582E-01	-2.5594E-01	-2.5586E-01
-2.9558E-01	-2.9556E-01	-2.9550E-01	-2.9567E-01	-2.9556E-01
-3.3393E-01	-3.3390E-01	-3.3382E-01	-3.3404E-01	-3.3390E-01
-3.7072E-01	-3.7069E-01	-3.7059E-01	-3.7087E-01	-3.7069E-01
-4.0580E-01	-4.0576E-01	-4.0564E-01	-4.0598E-01	-4.0575E-01
-4.3899E-01	-4.3893E-01	-4.3879E-01	-4.3920E-01	-4.3893E-01
-4.7013E-01	-4.7007E-01	-4.6989E-01	-4.7039E-01	-4.7006E-01
-4.9908E-01	-4.9901E-01	-4.9880E-01	-4.9939E-01	-4.9900E-01
-5.2571E-01	-5.2562E-01	-5.2538E-01	-5.2607E-01	-5.2562E-01
-5.4989E-01	-5.4980E-01	-5.4952E-01	-5.5031E-01	-5.4979E-01
-5.7153E-01	-5.7141E-01	-5.7109E-01	-5.7200E-01	-5.7140E-01
-5.9051E-01	-5.9038E-01	-5.9002E-01	-5.9105E-01	-5.9037E-01
-6.0676E-01	-6.0662E-01	-6.0620E-01	-6.0737E-01	-6.0660E-01
-6.2022E-01	-6.2006E-01	-6.1959E-01	-6.2091E-01	-6.2004E-01
-6.3084E-01	-6.3065E-01	-6.3013E-01	-6.3161E-01	-6.3063E-01
-6.3857E-01	-6.3836E-01	-6.3778E-01	-6.3943E-01	-6.3834E-01
-6.4341E-01	-6.4318E-01	-6.4253E-01	-6.4436E-01	-6.4315E-01
-6.4534E-01	-6.4509E-01	-6.4437E-01	-6.4641E-01	-6.4506E-01
-6.4440E-01	-6.4411E-01	-6.4332E-01	-6.4558E-01	-6.4409E-01
-6.4060E-01	-6.4029E-01	-6.3941E-01	-6.4191E-01	-6.4026E-01
-6.3402E-01	-6.3367E-01	-6.3270E-01	-6.3546E-01	-6.3364E-01
-6.2471E-01	-6.2433E-01	-6.2326E-01	-6.2630E-01	-6.2429E-01
-6.1278E-01	-6.1236E-01	-6.1118E-01	-6.1454E-01	-6.1232E-01
-5.9835E-01	-5.9789E-01	-5.9658E-01	-6.0029E-01	-5.9784E-01
-5.8156E-01	-5.8105E-01	-5.7961E-01	-5.8371E-01	-5.8100E-01
-5.6260E-01	-5.6203E-01	-5.6043E-01	-5.6497E-01	-5.6198E-01
-5.4167E-01	-5.4104E-01	-5.3926E-01	-5.4430E-01	-5.4098E-01
-5.1904E-01	-5.1834E-01	-5.1636E-01	-5.2197E-01	-5.1827E-01
-4.9503E-01	-4.9424E-01	-4.9203E-01	-4.9830E-01	-4.9417E-01
-4.7005E-01	-4.6916E-01	-4.6667E-01	-4.7373E-01	-4.6908E-01
-4.4463E-01	-4.4363E-01	-4.4080E-01	-4.4881E-01	-4.4353E-01
-4.1951E-01	-4.1836E-01	-4.1513E-01	-4.2429E-01	-4.1825E-01
-3.9576E-01	-3.9443E-01	-3.9067E-01	-4.0131E-01	-3.9430E-01
-3.7504E-01	-3.7346E-01	-3.6902E-01	-3.8160E-01	-3.7331E-01
-3.6022E-01	-3.5831E-01	-3.5292E-01	-3.6685E-01	-3.5726E-01
-3.5434E-01	-3.5384E-01	-3.4871E-01	-3.6690E-01	-3.5420E-01
-3.7760E-01	-3.7160E-01	-3.4755E-01	-3.1582E-01	-2.9132E-01
-2.7214E-01	-1.9448E-01	-7.3971E-02	-5.8000E-03	3.0500E-02
-4.8600E-02	1.2570E-01	2.2550E-01	2.5900E-01	2.6700E-01
1.6840E-01	4.2330E-01	4.7230E-01	4.8360E-01	4.8165E-01
4.7690E-01	6.7460E-01	6.9130E-01	6.9050E-01	6.8750E-01
7.0590E-01	8.8950E-01	8.8790E-01	8.8580E-01	8.8450E-01
9.8463E-01	1.0794E+00	1.0756E+00	1.0985E+00	1.1018E+00
1.1986E+00	1.2416E+00	1.2129E+00	1.1886E+00	1.1717E+00
1.0218E+00	1.2218E+00	1.2786E+00	1.0319E+00	1.0047E+00
9.1916E-01	1.0746E+00	1.1426E+00	9.1826E-01	8.9931E-01
8.5591E-01	9.8442E-01	1.0357E+00	8.5514E-01	8.3912E-01
8.1589E-01	9.2659E-01	9.7074E-01	8.1523E-01	8.0143E-01
7.9073E-01	8.8738E-01	9.2594E-01	7.9015E-01	7.7810E-01
7.7532E-01	8.6058E-01	8.9458E-01	7.7481E-01	7.6419E-01
7.6638E-01	8.4216E-01	8.7238E-01	7.6592E-01	7.5648E-01
7.6165E-01	8.2941E-01	8.5643E-01	7.6125E-01	7.5280E-01
7.5957E-01	8.2042E-01	8.4469E-01	7.5920E-01	7.5162E-01
7.5895E-01	8.1378E-01	8.3566E-01	7.5862E-01	7.5179E-01
7.5893E-01	8.0846E-01	8.2822E-01	7.5863E-01	7.5246E-01
7.5882E-01	8.0364E-01	8.2151E-01	7.5856E-01	7.5297E-01
7.5811E-01	7.9870E-01	8.1489E-01	7.5787E-01	7.5281E-01
7.5637E-01	7.9314E-01	8.0781E-01	7.5616E-01	7.5157E-01
7.5328E-01	7.8658E-01	7.9987E-01	7.5308E-01	7.4892E-01
7.4855E-01	7.7870E-01	7.9072E-01	7.4837E-01	7.4461E-01
7.4199E-01	7.6924E-01	7.8011E-01	7.4182E-01	7.3843E-01
7.3342E-01	7.5802E-01	7.6783E-01	7.3327E-01	7.3021E-01
7.2272E-01	7.4488E-01	7.5371E-01	7.2259E-01	7.1983E-01
7.0981E-01	7.2970E-01	7.3764E-01	7.0969E-01	7.0721E-01
6.9461E-01	7.1242E-01	7.1952E-01	6.9451E-01	6.9229E-01
6.7710E-01	6.9298E-01	6.9932E-01	6.7700E-01	6.7502E-01
6.5726E-01	6.7136E-01	6.7698E-01	6.5717E-01	6.5542E-01
6.3511E-01	6.4756E-01	6.5253E-01	6.3503E-01	6.3348E-01
6.1068E-01	6.2161E-01	6.2597E-01	6.1061E-01	6.0925E-01
5.8403E-01	5.9356E-01	5.9736E-01	5.8397E-01	5.8278E-01
5.5522E-01	5.6347E-01	5.6676E-01	5.5518E-01	5.5415E-01
5.2436E-01	5.3142E-01	5.3424E-01	5.2432E-01	5.2344E-01
4.9154E-01	4.9752E-01	4.9990E-01	4.9150E-01	4.9076E-01
4.5688E-01	4.6188E-01	4.6387E-01	4.5685E-01	4.5623E-01
4.2052E-01	4.2463E-01	4.2627E-01	4.2049E-01	4.1998E-01
3.8260E-01	3.8591E-01	3.8723E-01	3.8258E-01	3.8216E-01
3.4327E-01	3.4588E-01	3.4692E-01	3.4326E-01	3.4293E-01
3.0272E-01	3.0471E-01	3.0550E-01	3.0270E-01	3.0245E-01
2.6110E-01	2.6256E-01	2.6314E-01	2.6109E-01	2.6091E-01
2.1861E-01	2.1962E-01	2.2002E-01	2.1860E-01	2.1848E-01
1.7544E-01	1.7609E-01	1.7635E-01	1.7544E-01	1.7536E-01
1.3179E-01	1.3215E-01	1.3230E-01	1.3179E-01	1.3174E-01
8.7861E-02	8.8022E-02	8.8086E-02	8.7860E-02	8.7840E-02
4.3861E-02	4.3901E-02	4.3917E-02	4.3861E-02	4.3856E-02
0.0000E+00	0.0000E+00	0.0000E+00	0.0000E+00	0.0000E+00
!M	CDTAB
!U	nd
1.2525E+00	1.2525E+00	1.2525E+00	1.2525E+00	1.2525E+00
1.2532E+00	1.2529E+00	1.2526E+00	1.2533E+00	1.2544E+00
1.2508E+00	1.2502E+00	1.2497E+00	1.2512E+00	1.2533E+00
1.2454E+00	1.2444E+00	1.2438E+00	1.2459E+00	1.2491E+00
1.2370E+00	1.2357E+00	1.2349E+00	1.2377E+00	1.2419E+00
1.2256E+00	1.2241E+00	1.2231E+00	1.2266E+00	1.2318E+00
1.2114E+00	1.2096E+00	1.2083E+00	1.2125E+00	1.2188E+00
1.1944E+00	1.1922E+00	1.1908E+00	1.1957E+00	1.2030E+00
1.1747E+00	1.1722E+00	1.1706E+00	1.1761E+00	1.1844E+00
1.1523E+00	1.1496E+00	1.1477E+00	1.1540E+00	1.1633E+00
1.1275E+00	1.1244E+00	1.1224E+00	1.1293E+00	1.1396E+00
1.1003E+00	1.0969E+00	1.0947E+00	1.1023E+00	1.1136E+00
1.0708E+00	1.0672E+00	1.0648E+00	1.0730E+00	1.0853E+00
1.0393E+00	1.0354E+00	1.0328E+00	1.0417E+00	1.0549E+00
1.0059E+00	1.0018E+00	9.9896E-01	1.0084E+00	1.0226E+00
9.7078E-01	9.6634E-01	9.6335E-01	9.7344E-01	9.8852E-01
9.3407E-01	9.2936E-01	9.2619E-01	9.3689E-01	9.5287E-01
8.9597E-01	8.9100E-01	8.8766E-01	8.9895E-01	9.1582E-01
8.5669E-01	8.5147E-01	8.4796E-01	8.5982E-01	8.7755E-01
8.1643E-01	8.1095E-01	8.0728E-01	8.1970E-01	8.3827E-01
7.7537E-01	7.6966E-01	7.6582E-01	7.7880E-01	7.9819E-01
7.3374E-01	7.2779E-01	7.2380E-01	7.3731E-01	7.5749E-01
6.9174E-01	6.8557E-01	6.8142E-01	6.9544E-01	7.1639E-01
6.4958E-01	6.4319E-01	6.3889E-01	6.5341E-01	6.7511E-01
6.0747E-01	6.0086E-01	5.9643E-01	6.1143E-01	6.3384E-01
5.6562E-01	5.5881E-01	5.5424E-01	5.6970E-01	5.9281E-01
5.2425E-01	5.1724E-01	5.1254E-01	5.2844E-01	5.5221E-01
4.8355E-01	4.7636E-01	4.7153E-01	4.8786E-01	5.1226E-01
4.4373E-01	4.3636E-01	4.3141E-01	4.4815E-01	4.7315E-01
4.0499E-01	3.9746E-01	3.9239E-01	4.0951E-01	4.3509E-01
3.6753E-01	3.5983E-01	3.5466E-01	3.7214E-01	3.9826E-01
3.3152E-01	3.2367E-01	3.1840E-01	3.3622E-01	3.6285E-01
2.9715E-01	2.8916E-01	2.8380E-01	3.0194E-01	3.2905E-01
2.6459E-01	2.5647E-01	2.5102E-01	2.6946E-01	2.9701E-01
2.3401E-01	2.2577E-01	2.2023E-01	2.3894E-01	2.6691E-01
2.0555E-01	1.9719E-01	1.9158E-01	2.1055E-01	2.3889E-01
1.7935E-01	1.7089E-01	1.6522E-01	1.8441E-01	2.1310E-01
1.5554E-01	1.4700E-01	1.4126E-01	1.6066E-01	1.8966E-01
1.3426E-01	1.2563E-01	1.1984E-01	1.3942E-01	1.6869E-01
1.1559E-01	1.0689E-01	1.0105E-01	1.2080E-01	1.5030E-01
9.9632E-02	9.0879E-02	8.4998E-02	1.0451E-01	1.3457E-01
8.7911E-02	8.3700E-02	7.6763E-02	9.1740E-02	1.2161E-01
7.6160E-02	6.4851E-02	5.5916E-02	4.7997E-02	4.2367E-02
4.1612E-02	2.4132E-02	1.9674E-02	1.6040E-02	1.3770E-02
2.9000E-02	2.0900E-02	1.5230E-02	1.2320E-02	1.0740E-02
2.7700E-02	1.7320E-02	1.1810E-02	9.4700E-03	8.2250E-03
3.4990E-02	1.6790E-02	1.1970E-02	1.0070E-02	9.0800E-03
4.1570E-02	1.6950E-02	1.2960E-02	1.1550E-02	1.0760E-02
4.2237E-02	1.8110E-02	1.5070E-02	1.3996E-02	1.4156E-02
2.3178E-02	3.2758E-02	2.3277E-02	1.9910E-02	2.0495E-02
3.7229E-02	4.8655E-02	5.4780E-02	3.2286E-02	3.4025E-02
5.1589E-02	6.5920E-02	6.9835E-02	4.9845E-02	5.1066E-02
7.0771E-02	8.5376E-02	9.0066E-02	6.9042E-02	7.0252E-02
9.2650E-02	1.0712E-01	1.1177E-01	9.0937E-02	9.2136E-02
1.1712E-01	1.3144E-01	1.3603E-01	1.1542E-01	1.1661E-01
1.4406E-01	1.5821E-01	1.6275E-01	1.4239E-01	1.4356E-01
1.7334E-01	1.8730E-01	1.9178E-01	1.7169E-01	1.7285E-01
2.0482E-01	2.1857E-01	2.2299E-01	2.0319E-01	2.0433E-01
2.3835E-01	2.5187E-01	2.5622E-01	2.3674E-01	2.3786E-01
2.7375E-01	2.8704E-01	2.9131E-01	2.7218E-01	2.7328E-01
3.1086E-01	3.2390E-01	3.2809E-01	3.0932E-01	3.1040E-01
3.4951E-01	3.6227E-01	3.6637E-01	3.4799E-01	3.4905E-01
3.8949E-01	4.0197E-01	4.0597E-01	3.8801E-01	3.8904E-01
4.3062E-01	4.4279E-01	4.4670E-01	4.2917E-01	4.3018E-01
4.7269E-01	4.8455E-01	4.8836E-01	4.7128E-01	4.7227E-01
5.1550E-01	5.2703E-01	5.3073E-01	5.1414E-01	5.1509E-01
5.5885E-01	5.7003E-01	5.7363E-01	5.5752E-01	5.5845E-01
6.0252E-01	6.1334E-01	6.1682E-01	6.0123E-01	6.0213E-01
6.4629E-01	6.5675E-01	6.6010E-01	6.4505E-01	6.4592E-01
6.8996E-01	7.0003E-01	7.0327E-01	6.8877E-01	6.8960E-01
7.3332E-01	7.4299E-01	7.4610E-01	7.3217E-01	7.3297E-01
7.7614E-01	7.8541E-01	7.8839E-01	7.7505E-01	7.7582E-01
8.1824E-01	8.2708E-01	8.2992E-01	8.1719E-01	8.1792E-01
8.5938E-01	8.6780E-01	8.7050E-01	8.5839E-01	8.5909E-01
8.9939E-01	9.0737E-01	9.0993E-01	8.9845E-01	8.9911E-01
9.3807E-01	9.4559E-01	9.4801E-01	9.3718E-01	9.3780E-01
9.7522E-01	9.8228E-01	9.8455E-01	9.7438E-01	9.7496E-01
1.0107E+00	1.0173E+00	1.0194E+00	1.0099E+00	1.0104E+00
1.0442E+00	1.0503E+00	1.0523E+00	1.0435E+00	1.0440E+00
1.0758E+00	1.0814E+00	1.0832E+00	1.0751E+00	1.0756E+00
1.1051E+00	1.1102E+00	1.1119E+00	1.1045E+00	1.1049E+00
1.1321E+00	1.1367E+00	1.1382E+00	1.1315E+00	1.1319E+00
1.1566E+00	1.1608E+00	1.1621E+00	1.1561E+00	1.1565E+00
1.1786E+00	1.1822E+00	1.1834E+00	1.1781E+00	1.1784E+00
1.1978E+00	1.2009E+00	1.2019E+00	1.1974E+00	1.1977E+00
1.2143E+00	1.2169E+00	1.2177E+00	1.2140E+00	1.2142E+00
1.2279E+00	1.2300E+00	1.2306E+00	1.2276E+00	1.2278E+00
1.2385E+00	1.2401E+00	1.2406E+00	1.2384E+00	1.2385E+00
1.2462E+00	1.2473E+00	1.2476E+00	1.2461E+00	1.2462E+00
1.2509E+00	1.2514E+00	1.2516E+00	1.2508E+00	1.2509E+00
1.2525E+00	1.2525E+00	1.2525E+00	1.2525E+00	1.2525E+00
!M	CMTAB
!U	nd
3.1312E-01	3.1312E-01	3.1312E-01	3.1312E-01	3.1312E-01
3.1256E-01	3.1253E-01	3.1252E-01	3.1253E-01	3.1254E-01
3.1088E-01	3.1079E-01	3.1075E-01	3.1077E-01	3.1082E-01
3.0817E-01	3.0796E-01	3.0788E-01	3.0792E-01	3.0803E-01
3.0446E-01	3.0409E-01	3.0395E-01	3.0402E-01	3.0423E-01
2.9981E-01	2.9925E-01	2.9904E-01	2.9915E-01	2.9946E-01
2.9429E-01	2.9350E-01	2.9319E-01	2.9336E-01	2.9380E-01
2.8794E-01	2.8689E-01	2.8648E-01	2.8671E-01	2.8729E-01
2.8081E-01	2.7947E-01	2.7895E-01	2.7926E-01	2.8001E-01
2.7298E-01	2.7131E-01	2.7067E-01	2.7107E-01	2.7199E-01
2.6448E-01	2.6247E-01	2.6169E-01	2.6219E-01	2.6331E-01
2.5537E-01	2.5300E-01	2.5207E-01	2.5269E-01	2.5402E-01
2.4571E-01	2.4297E-01	2.4188E-01	2.4263E-01	2.4418E-01
2.3556E-01	2.3242E-01	2.3117E-01	2.3206E-01	2.3384E-01
2.2497E-01	2.2142E-01	2.2000E-01	2.2104E-01	2.2307E-01
2.1399E-01	2.1002E-01	2.0843E-01	2.0965E-01	2.1192E-01
2.0268E-01	1.9829E-01	1.9651E-01	1.9792E-01	2.0046E-01
1.9110E-01	1.8628E-01	1.8432E-01	1.8593E-01	1.8873E-01
1.7930E-01	1.7405E-01	1.7189E-01	1.7373E-01	1.7680E-01
1.6733E-01	1.6165E-01	1.5931E-01	1.6138E-01	1.6472E-01
1.5525E-01	1.4916E-01	1.4661E-01	1.4894E-01	1.5256E-01
1.4311E-01	1.3661E-01	1.3387E-01	1.3648E-01	1.4037E-01
1.3098E-01	1.2407E-01	1.2114E-01	1.2404E-01	1.2820E-01
1.1890E-01	1.1160E-01	1.0848E-01	1.1169E-01	1.1613E-01
1.0693E-01	9.9265E-02	9.5949E-02	9.9494E-02	1.0419E-01
9.5125E-02	8.7109E-02	8.3605E-02	8.7502E-02	9.2467E-02
8.3541E-02	7.5196E-02	7.1507E-02	7.5777E-02	8.1000E-02
7.2232E-02	6.3583E-02	5.9715E-02	6.4379E-02	6.9852E-02
6.1254E-02	5.2330E-02	4.8287E-02	5.3366E-02	5.9082E-02
5.0662E-02	4.1492E-02	3.7281E-02	4.2798E-02	4.8747E-02
4.0510E-02	3.1130E-02	2.6758E-02	3.2735E-02	3.8905E-02
3.0854E-02	2.1299E-02	1.6775E-02	2.3235E-02	2.9614E-02
2.1748E-02	1.2059E-02	7.3920E-03	1.4358E-02	2.0933E-02
1.3249E-02	3.4680E-03	-1.3330E-03	6.1640E-03	1.2919E-02
5.4100E-03	-4.4170E-03	-9.3400E-03	-1.2880E-03	5.6310E-03
-1.7130E-03	-1.1538E-02	-1.6571E-02	-7.9390E-03	-8.7400E-04
-8.0650E-03	-1.7836E-02	-2.2967E-02	-1.3730E-02	-6.5370E-03
-1.3591E-02	-2.3255E-02	-2.8470E-02	-1.8601E-02	-1.1301E-02
-1.8235E-02	-2.7735E-02	-3.3019E-02	-2.2493E-02	-1.5107E-02
-2.1943E-02	-3.1219E-02	-3.6557E-02	-2.5346E-02	-1.7898E-02
-2.4660E-02	-3.3649E-02	-3.9025E-02	-2.8368E-02	-1.9690E-02
-2.6462E-02	-3.3386E-02	-3.8126E-02	-2.7700E-02	-2.0200E-02
-2.6900E-02	-3.6882E-02	-4.4907E-02	-5.5941E-02	-6.0941E-02
-5.0141E-02	-6.2511E-02	-8.3183E-02	-9.4600E-02	-1.0060E-01
-5.8400E-02	-8.7800E-02	-1.0210E-01	-1.0560E-01	-1.0520E-01
-6.6100E-02	-1.0300E-01	-1.0650E-01	-1.0550E-01	-1.0395E-01
-9.3000E-02	-1.0680E-01	-1.0460E-01	-1.0270E-01	-1.0130E-01
-1.0050E-01	-1.0270E-01	-9.8900E-02	-9.8000E-02	-9.7700E-02
-9.7008E-02	-9.4800E-02	-9.3200E-02	-9.1085E-02	-9.0158E-02
-8.1121E-02	-7.0025E-02	-7.7319E-02	-7.8400E-02	-8.2704E-02
-8.3852E-02	-5.9918E-02	-5.6300E-02	-7.8448E-02	-8.3186E-02
-8.6169E-02	-6.0603E-02	-5.6738E-02	-8.0021E-02	-8.4482E-02
-8.8161E-02	-6.2185E-02	-5.8162E-02	-8.1986E-02	-8.6489E-02
-9.0842E-02	-6.4586E-02	-6.0417E-02	-8.4666E-02	-8.9190E-02
-9.4171E-02	-6.7774E-02	-6.3491E-02	-8.8021E-02	-9.2544E-02
-9.8109E-02	-7.1701E-02	-6.7335E-02	-9.2009E-02	-9.6511E-02
-1.0262E-01	-7.6321E-02	-7.1902E-02	-9.6590E-02	-1.0105E-01
-1.0766E-01	-8.1588E-02	-7.7143E-02	-1.0172E-01	-1.0613E-01
-1.1318E-01	-8.7454E-02	-8.3010E-02	-1.0737E-01	-1.1170E-01
-1.1916E-01	-9.3875E-02	-8.9454E-02	-1.1348E-01	-1.1772E-01
-1.2556E-01	-1.0080E-01	-9.6429E-02	-1.2002E-01	-1.2416E-01
-1.3232E-01	-1.0819E-01	-1.0389E-01	-1.2695E-01	-1.3098E-01
-1.3942E-01	-1.1599E-01	-1.1177E-01	-1.3423E-01	-1.3813E-01
-1.4681E-01	-1.2416E-01	-1.2005E-01	-1.4181E-01	-1.4558E-01
-1.5446E-01	-1.3265E-01	-1.2866E-01	-1.4966E-01	-1.5328E-01
-1.6232E-01	-1.4141E-01	-1.3756E-01	-1.5774E-01	-1.6120E-01
-1.7035E-01	-1.5040E-01	-1.4670E-01	-1.6600E-01	-1.6929E-01
-1.7852E-01	-1.5957E-01	-1.5604E-01	-1.7440E-01	-1.7752E-01
-1.8679E-01	-1.6887E-01	-1.6551E-01	-1.8290E-01	-1.8585E-01
-1.9511E-01	-1.7826E-01	-1.7509E-01	-1.9147E-01	-1.9424E-01
-2.0345E-01	-1.8769E-01	-1.8471E-01	-2.0006E-01	-2.0264E-01
-2.1177E-01	-1.9712E-01	-1.9434E-01	-2.0862E-01	-2.1102E-01
-2.2003E-01	-2.0649E-01	-2.0391E-01	-2.1712E-01	-2.1934E-01
-2.2818E-01	-2.1577E-01	-2.1339E-01	-2.2553E-01	-2.2755E-01
-2.3620E-01	-2.2489E-01	-2.2272E-01	-2.3378E-01	-2.3563E-01
-2.4404E-01	-2.3383E-01	-2.3186E-01	-2.4186E-01	-2.4352E-01
-2.5165E-01	-2.4253E-01	-2.4076E-01	-2.4971E-01	-2.5119E-01
-2.5901E-01	-2.5094E-01	-2.4938E-01	-2.5729E-01	-2.5860E-01
-2.6607E-01	-2.5902E-01	-2.5765E-01	-2.6457E-01	-2.6572E-01
-2.7279E-01	-2.6672E-01	-2.6554E-01	-2.7150E-01	-2.7249E-01
-2.7913E-01	-2.7400E-01	-2.7299E-01	-2.7804E-01	-2.7888E-01
-2.8506E-01	-2.8080E-01	-2.7997E-01	-2.8416E-01	-2.8485E-01
-2.9053E-01	-2.8709E-01	-2.8641E-01	-2.8980E-01	-2.9036E-01
-2.9550E-01	-2.9281E-01	-2.9228E-01	-2.9493E-01	-2.9537E-01
-2.9994E-01	-2.9792E-01	-2.9752E-01	-2.9951E-01	-2.9984E-01
-3.0380E-01	-3.0237E-01	-3.0209E-01	-3.0350E-01	-3.0373E-01
-3.0705E-01	-3.0612E-01	-3.0593E-01	-3.0686E-01	-3.0701E-01
-3.0965E-01	-3.0911E-01	-3.0901E-01	-3.0954E-01	-3.0962E-01
-3.1155E-01	-3.1131E-01	-3.1126E-01	-3.1150E-01	-3.1154E-01
-3.1272E-01	-3.1266E-01	-3.1265E-01	-3.1271E-01	-3.1272E-01
-3.1312E-01	-3.1312E-01	-3.1312E-01	-3.1312E-01	-3.1312E-01
