!T	AOACL
!U	deg
-90	
-88	
-86	
-84	
-82	
-80	
-78	
-76	
-74	
-72	
-70	
-68	
-66	
-64	
-62	
-60	
-58	
-56	
-54	
-52	
-50	
-48	
-46	
-44	
-42	
-40	
-38	
-36	
-34	
-32	
-30	
-28	
-26	
-24	
-22	
-20	
-18	
-16	
-14	
-12	
-10	
-8	
-6	
-4	
-2	
0	
2	
4	
6	
8	
10	
12	
14	
16	
18	
20	
22	
24	
26	
28	
30	
32	
34	
36	
38	
40	
42	
44	
46	
48	
50	
52	
54	
56	
58	
60	
62	
64	
66	
68	
70	
72	
74	
76	
78	
80	
82	
84	
86	
88	
90	
!T	AOACD
!U	deg
-90	
-88	
-86	
-84	
-82	
-80	
-78	
-76	
-74	
-72	
-70	
-68	
-66	
-64	
-62	
-60	
-58	
-56	
-54	
-52	
-50	
-48	
-46	
-44	
-42	
-40	
-38	
-36	
-34	
-32	
-30	
-28	
-26	
-24	
-22	
-20	
-18	
-16	
-14	
-12	
-10	
-8	
-6	
-4	
-2	
0	
2	
4	
6	
8	
10	
12	
14	
16	
18	
20	
22	
24	
26	
28	
30	
32	
34	
36	
38	
40	
42	
44	
46	
48	
50	
52	
54	
56	
58	
60	
62	
64	
66	
68	
70	
72	
74	
76	
78	
80	
82	
84	
86	
88	
90	
!T	AOACM
!U	deg
-90	
-88	
-86	
-84	
-82	
-80	
-78	
-76	
-74	
-72	
-70	
-68	
-66	
-64	
-62	
-60	
-58	
-56	
-54	
-52	
-50	
-48	
-46	
-44	
-42	
-40	
-38	
-36	
-34	
-32	
-30	
-28	
-26	
-24	
-22	
-20	
-18	
-16	
-14	
-12	
-10	
-8	
-6	
-4	
-2	
0	
2	
4	
6	
8	
10	
12	
14	
16	
18	
20	
22	
24	
26	
28	
30	
32	
34	
36	
38	
40	
42	
44	
46	
48	
50	
52	
54	
56	
58	
60	
62	
64	
66	
68	
70	
72	
74	
76	
78	
80	
82	
84	
86	
88	
90	
!T	RECL
!U	nd
50000	
100000	
150000	
200000	
250000	
!T	RECD
!U	nd
50000	
100000	
150000	
200000	
250000	
!T	RECM
!U	nd
50000	
100000	
150000	
200000	
250000	
!M	CLTAB
!U	nd
-0.0000E+00	-0.0000E+00	-0.0000E+00	-0.0000E+00	-0.0000E+00
-4.3718E-02	-4.3717E-02	-4.3712E-02	-4.3718E-02	-4.3715E-02
-8.7289E-02	-8.7287E-02	-8.7265E-02	-8.7290E-02	-8.7277E-02
-1.3050E-01	-1.3050E-01	-1.3045E-01	-1.3050E-01	-1.3047E-01
-1.7315E-01	-1.7314E-01	-1.7305E-01	-1.7315E-01	-1.7310E-01
-2.1502E-01	-2.1501E-01	-2.1487E-01	-2.1502E-01	-2.1494E-01
-2.5592E-01	-2.5590E-01	-2.5570E-01	-2.5592E-01	-2.5580E-01
-2.9564E-01	-2.9562E-01	-2.9534E-01	-2.9565E-01	-2.9549E-01
-3.3400E-01	-3.3398E-01	-3.3361E-01	-3.3401E-01	-3.3380E-01
-3.7082E-01	-3.7078E-01	-3.7033E-01	-3.7083E-01	-3.7056E-01
-4.0592E-01	-4.0587E-01	-4.0531E-01	-4.0593E-01	-4.0560E-01
-4.3913E-01	-4.3908E-01	-4.3839E-01	-4.3915E-01	-4.3874E-01
-4.7031E-01	-4.7024E-01	-4.6941E-01	-4.7032E-01	-4.6984E-01
-4.9929E-01	-4.9921E-01	-4.9823E-01	-4.9931E-01	-4.9874E-01
-5.2595E-01	-5.2586E-01	-5.2472E-01	-5.2597E-01	-5.2531E-01
-5.5018E-01	-5.5007E-01	-5.4875E-01	-5.5020E-01	-5.4943E-01
-5.7185E-01	-5.7173E-01	-5.7021E-01	-5.7188E-01	-5.7100E-01
-5.9088E-01	-5.9074E-01	-5.8901E-01	-5.9091E-01	-5.8991E-01
-6.0718E-01	-6.0702E-01	-6.0507E-01	-6.0721E-01	-6.0608E-01
-6.2069E-01	-6.2051E-01	-6.1831E-01	-6.2073E-01	-6.1945E-01
-6.3137E-01	-6.3116E-01	-6.2870E-01	-6.3140E-01	-6.2997E-01
-6.3916E-01	-6.3894E-01	-6.3618E-01	-6.3921E-01	-6.3761E-01
-6.4406E-01	-6.4381E-01	-6.4075E-01	-6.4411E-01	-6.4233E-01
-6.4607E-01	-6.4580E-01	-6.4239E-01	-6.4613E-01	-6.4415E-01
-6.4521E-01	-6.4490E-01	-6.4112E-01	-6.4527E-01	-6.4308E-01
-6.4150E-01	-6.4116E-01	-6.3698E-01	-6.4157E-01	-6.3915E-01
-6.3501E-01	-6.3463E-01	-6.3002E-01	-6.3508E-01	-6.3241E-01
-6.2580E-01	-6.2539E-01	-6.2030E-01	-6.2589E-01	-6.2293E-01
-6.1399E-01	-6.1353E-01	-6.0791E-01	-6.1408E-01	-6.1082E-01
-5.9969E-01	-5.9918E-01	-5.9297E-01	-5.9978E-01	-5.9618E-01
-5.8304E-01	-5.8248E-01	-5.7562E-01	-5.8315E-01	-5.7917E-01
-5.6423E-01	-5.6361E-01	-5.5602E-01	-5.6435E-01	-5.5995E-01
-5.4348E-01	-5.4279E-01	-5.3436E-01	-5.4362E-01	-5.3873E-01
-5.2106E-01	-5.2029E-01	-5.1091E-01	-5.2121E-01	-5.1577E-01
-4.9728E-01	-4.9642E-01	-4.8593E-01	-4.9745E-01	-4.9137E-01
-4.7258E-01	-4.7162E-01	-4.5981E-01	-4.7277E-01	-4.6592E-01
-4.4751E-01	-4.4641E-01	-4.3302E-01	-4.4772E-01	-4.3996E-01
-4.2280E-01	-4.2155E-01	-4.0622E-01	-4.2305E-01	-4.1416E-01
-3.9958E-01	-3.9812E-01	-3.8033E-01	-3.9986E-01	-3.8954E-01
-3.7956E-01	-3.7783E-01	-3.5198E-01	-3.7989E-01	-3.6647E-01
-3.6571E-01	-3.6361E-01	-3.4022E-01	-3.6608E-01	-3.5130E-01
-3.6105E-01	-3.5999E-01	-3.3900E-01	-3.6477E-01	-3.6240E-01
-3.8690E-01	-3.8551E-01	-2.9374E-01	-3.1897E-01	-2.7530E-01
-2.7401E-01	-2.2934E-01	-7.4200E-02	-1.4600E-02	3.0700E-02
-4.9300E-02	1.2990E-01	2.2580E-01	2.6700E-01	2.6700E-01
1.6920E-01	4.2870E-01	4.7560E-01	4.8360E-01	4.8165E-01
4.7680E-01	6.7430E-01	6.9140E-01	6.9050E-01	6.8760E-01
7.0440E-01	8.8960E-01	8.8800E-01	8.8580E-01	8.8460E-01
1.0038E+00	1.1008E+00	1.1073E+00	1.0886E+00	1.1011E+00
1.1334E+00	1.2299E+00	1.1938E+00	1.2177E+00	1.1644E+00
1.0045E+00	1.0820E+00	1.0340E+00	1.0799E+00	9.9896E-01
9.0582E-01	9.5740E-01	9.2165E-01	9.5396E-01	8.9464E-01
8.4463E-01	8.8825E-01	8.5801E-01	8.8534E-01	8.3517E-01
8.0617E-01	8.4375E-01	8.1771E-01	8.4125E-01	7.9803E-01
7.8224E-01	8.1505E-01	7.9231E-01	8.1286E-01	7.7513E-01
7.6784E-01	7.9678E-01	7.7672E-01	7.9485E-01	7.6156E-01
7.5972E-01	7.8545E-01	7.6762E-01	7.8373E-01	7.5415E-01
7.5571E-01	7.7871E-01	7.6277E-01	7.7717E-01	7.5072E-01
7.5423E-01	7.7488E-01	7.6056E-01	7.7350E-01	7.4975E-01
7.5414E-01	7.7275E-01	7.5985E-01	7.7151E-01	7.5010E-01
7.5458E-01	7.7139E-01	7.5974E-01	7.7027E-01	7.5093E-01
7.5489E-01	7.7010E-01	7.5956E-01	7.6909E-01	7.5159E-01
7.5455E-01	7.6833E-01	7.5878E-01	7.6741E-01	7.5156E-01
7.5315E-01	7.6563E-01	7.5698E-01	7.6480E-01	7.5044E-01
7.5035E-01	7.6166E-01	7.5382E-01	7.6090E-01	7.4790E-01
7.4590E-01	7.5614E-01	7.4904E-01	7.5545E-01	7.4369E-01
7.3959E-01	7.4884E-01	7.4243E-01	7.4823E-01	7.3759E-01
7.3126E-01	7.3961E-01	7.3382E-01	7.3905E-01	7.2945E-01
7.2078E-01	7.2830E-01	7.2309E-01	7.2780E-01	7.1915E-01
7.0806E-01	7.1482E-01	7.1013E-01	7.1437E-01	7.0660E-01
6.9305E-01	6.9909E-01	6.9490E-01	6.9869E-01	6.9174E-01
6.7570E-01	6.8109E-01	6.7736E-01	6.8073E-01	6.7453E-01
6.5602E-01	6.6081E-01	6.5749E-01	6.6049E-01	6.5498E-01
6.3401E-01	6.3824E-01	6.3531E-01	6.3796E-01	6.3310E-01
6.0972E-01	6.1343E-01	6.1086E-01	6.1318E-01	6.0891E-01
5.8319E-01	5.8643E-01	5.8418E-01	5.8621E-01	5.8249E-01
5.5450E-01	5.5730E-01	5.5536E-01	5.5711E-01	5.5390E-01
5.2374E-01	5.2614E-01	5.2448E-01	5.2598E-01	5.2322E-01
4.9101E-01	4.9305E-01	4.9164E-01	4.9291E-01	4.9057E-01
4.5644E-01	4.5814E-01	4.5696E-01	4.5803E-01	4.5608E-01
4.2016E-01	4.2155E-01	4.2059E-01	4.2146E-01	4.1985E-01
3.8231E-01	3.8343E-01	3.8265E-01	3.8336E-01	3.8206E-01
3.4304E-01	3.4393E-01	3.4332E-01	3.4387E-01	3.4285E-01
3.0254E-01	3.0322E-01	3.0275E-01	3.0317E-01	3.0239E-01
2.6097E-01	2.6147E-01	2.6112E-01	2.6143E-01	2.6086E-01
2.1852E-01	2.1887E-01	2.1863E-01	2.1884E-01	2.1845E-01
1.7539E-01	1.7560E-01	1.7545E-01	1.7559E-01	1.7534E-01
1.3176E-01	1.3188E-01	1.3180E-01	1.3187E-01	1.3173E-01
8.7847E-02	8.7902E-02	8.7864E-02	8.7898E-02	8.7835E-02
4.3857E-02	4.3871E-02	4.3861E-02	4.3870E-02	4.3854E-02
0.0000E+00	0.0000E+00	0.0000E+00	0.0000E+00	0.0000E+00
!M	CDTAB
!U	nd
1.2525E+00	1.2525E+00	1.2525E+00	1.2525E+00	1.2525E+00
1.2533E+00	1.2530E+00	1.2539E+00	1.2532E+00	1.2538E+00
1.2510E+00	1.2504E+00	1.2523E+00	1.2509E+00	1.2521E+00
1.2457E+00	1.2449E+00	1.2476E+00	1.2455E+00	1.2474E+00
1.2374E+00	1.2363E+00	1.2400E+00	1.2372E+00	1.2397E+00
1.2262E+00	1.2248E+00	1.2294E+00	1.2259E+00	1.2290E+00
1.2121E+00	1.2104E+00	1.2159E+00	1.2117E+00	1.2155E+00
1.1951E+00	1.1932E+00	1.1996E+00	1.1948E+00	1.1991E+00
1.1755E+00	1.1733E+00	1.1806E+00	1.1751E+00	1.1800E+00
1.1533E+00	1.1508E+00	1.1589E+00	1.1528E+00	1.1583E+00
1.1285E+00	1.1258E+00	1.1348E+00	1.1280E+00	1.1341E+00
1.1014E+00	1.0984E+00	1.1083E+00	1.1009E+00	1.1076E+00
1.0721E+00	1.0688E+00	1.0796E+00	1.0715E+00	1.0788E+00
1.0407E+00	1.0372E+00	1.0488E+00	1.0400E+00	1.0479E+00
1.0074E+00	1.0036E+00	1.0160E+00	1.0067E+00	1.0151E+00
9.7233E-01	9.6829E-01	9.8153E-01	9.7158E-01	9.8053E-01
9.3571E-01	9.3142E-01	9.4546E-01	9.3492E-01	9.4440E-01
8.9770E-01	8.9318E-01	9.0799E-01	8.9687E-01	9.0687E-01
8.5851E-01	8.5376E-01	8.6933E-01	8.5764E-01	8.6815E-01
8.1833E-01	8.1335E-01	8.2966E-01	8.1741E-01	8.2843E-01
7.7736E-01	7.7217E-01	7.8919E-01	7.7641E-01	7.8790E-01
7.3581E-01	7.3040E-01	7.4813E-01	7.3482E-01	7.4679E-01
6.9389E-01	6.8827E-01	7.0668E-01	6.9285E-01	7.0528E-01
6.5181E-01	6.4599E-01	6.6504E-01	6.5073E-01	6.6360E-01
6.0977E-01	6.0376E-01	6.2345E-01	6.0866E-01	6.2196E-01
5.6800E-01	5.6180E-01	5.8209E-01	5.6685E-01	5.8056E-01
5.2669E-01	5.2031E-01	5.4119E-01	5.2551E-01	5.3961E-01
4.8605E-01	4.7951E-01	5.0094E-01	4.8485E-01	4.9932E-01
4.4630E-01	4.3959E-01	4.6155E-01	4.4506E-01	4.5989E-01
4.0762E-01	4.0076E-01	4.2322E-01	4.0635E-01	4.2152E-01
3.7021E-01	3.6321E-01	3.8614E-01	3.6891E-01	3.8441E-01
3.3426E-01	3.2711E-01	3.5050E-01	3.3294E-01	3.4873E-01
2.9994E-01	2.9267E-01	3.1648E-01	2.9859E-01	3.1467E-01
2.6742E-01	2.6004E-01	2.8423E-01	2.6606E-01	2.8240E-01
2.3688E-01	2.2938E-01	2.5394E-01	2.3549E-01	2.5208E-01
2.0846E-01	2.0086E-01	2.2575E-01	2.0705E-01	2.2386E-01
1.8229E-01	1.7460E-01	1.9979E-01	1.8087E-01	1.9789E-01
1.5852E-01	1.5075E-01	1.7621E-01	1.5709E-01	1.7428E-01
1.3726E-01	1.2942E-01	1.5512E-01	1.3581E-01	1.5317E-01
1.1862E-01	1.1071E-01	1.3811E-01	1.1716E-01	1.3348E-01
1.0268E-01	9.4718E-02	1.1989E-01	1.0058E-01	1.1883E-01
9.0838E-02	8.2221E-02	9.8849E-02	8.7423E-02	9.5797E-02
7.9240E-02	7.2083E-02	5.2101E-02	5.1354E-02	3.6405E-02
4.1980E-02	2.8851E-02	1.8890E-02	1.5970E-02	1.3790E-02
2.9040E-02	2.0900E-02	1.5230E-02	1.2110E-02	1.0740E-02
2.7760E-02	1.7450E-02	1.1840E-02	9.4700E-03	8.2300E-03
3.5030E-02	1.6810E-02	1.1980E-02	1.0070E-02	9.0900E-03
4.1670E-02	1.6960E-02	1.2970E-02	1.1560E-02	1.0770E-02
3.9834E-02	1.8268E-02	1.4485E-02	1.4167E-02	1.3974E-02
3.8722E-02	2.6148E-02	1.7770E-02	2.0930E-02	1.9116E-02
2.9892E-02	4.6629E-02	3.7227E-02	3.2652E-02	3.2653E-02
4.4879E-02	6.1664E-02	4.7732E-02	5.0397E-02	4.9703E-02
6.4115E-02	8.0766E-02	6.6945E-02	6.9589E-02	6.8901E-02
8.6057E-02	1.0255E-01	8.8860E-02	9.1479E-02	9.0798E-02
1.1060E-01	1.2692E-01	1.1337E-01	1.1596E-01	1.1529E-01
1.3761E-01	1.5374E-01	1.4036E-01	1.4292E-01	1.4225E-01
1.6698E-01	1.8289E-01	1.6969E-01	1.7221E-01	1.7156E-01
1.9856E-01	2.1423E-01	2.0122E-01	2.0371E-01	2.0306E-01
2.3218E-01	2.4760E-01	2.3480E-01	2.3725E-01	2.3661E-01
2.6769E-01	2.8285E-01	2.7027E-01	2.7267E-01	2.7205E-01
3.0492E-01	3.1978E-01	3.0745E-01	3.0981E-01	3.0919E-01
3.4369E-01	3.5824E-01	3.4616E-01	3.4847E-01	3.4787E-01
3.8380E-01	3.9803E-01	3.8622E-01	3.8848E-01	3.8789E-01
4.2507E-01	4.3895E-01	4.2742E-01	4.2963E-01	4.2906E-01
4.6728E-01	4.8080E-01	4.6958E-01	4.7173E-01	4.7117E-01
5.1025E-01	5.2339E-01	5.1248E-01	5.1457E-01	5.1402E-01
5.5375E-01	5.6650E-01	5.5592E-01	5.5794E-01	5.5741E-01
5.9758E-01	6.0992E-01	5.9968E-01	6.0164E-01	6.0113E-01
6.4153E-01	6.5345E-01	6.4355E-01	6.4544E-01	6.4495E-01
6.8537E-01	6.9686E-01	6.8732E-01	6.8915E-01	6.8867E-01
7.2891E-01	7.3994E-01	7.3078E-01	7.3253E-01	7.3208E-01
7.7192E-01	7.8249E-01	7.7372E-01	7.7539E-01	7.7496E-01
8.1420E-01	8.2429E-01	8.1592E-01	8.1752E-01	8.1710E-01
8.5555E-01	8.6515E-01	8.5718E-01	8.5870E-01	8.5831E-01
8.9576E-01	9.0485E-01	8.9730E-01	8.9875E-01	8.9837E-01
9.3464E-01	9.4322E-01	9.3610E-01	9.3746E-01	9.3710E-01
9.7200E-01	9.8005E-01	9.7337E-01	9.7464E-01	9.7431E-01
1.0077E+00	1.0152E+00	1.0089E+00	1.0101E+00	1.0098E+00
1.0414E+00	1.0484E+00	1.0426E+00	1.0437E+00	1.0434E+00
1.0732E+00	1.0796E+00	1.0743E+00	1.0753E+00	1.0750E+00
1.1027E+00	1.1086E+00	1.1037E+00	1.1047E+00	1.1044E+00
1.1300E+00	1.1353E+00	1.1309E+00	1.1317E+00	1.1315E+00
1.1547E+00	1.1595E+00	1.1555E+00	1.1563E+00	1.1561E+00
1.1769E+00	1.1811E+00	1.1776E+00	1.1783E+00	1.1781E+00
1.1964E+00	1.2000E+00	1.1970E+00	1.1976E+00	1.1974E+00
1.2131E+00	1.2161E+00	1.2136E+00	1.2141E+00	1.2139E+00
1.2269E+00	1.2293E+00	1.2273E+00	1.2277E+00	1.2276E+00
1.2378E+00	1.2396E+00	1.2381E+00	1.2384E+00	1.2383E+00
1.2457E+00	1.2469E+00	1.2459E+00	1.2461E+00	1.2461E+00
1.2506E+00	1.2512E+00	1.2507E+00	1.2508E+00	1.2508E+00
1.2525E+00	1.2525E+00	1.2525E+00	1.2525E+00	1.2525E+00
!M	CMTAB
!U	nd
3.1312E-01	3.1312E-01	3.1312E-01	3.1312E-01	3.1312E-01
3.1256E-01	3.1255E-01	3.1249E-01	3.1252E-01	3.1249E-01
3.1091E-01	3.1085E-01	3.1063E-01	3.1074E-01	3.1065E-01
3.0823E-01	3.0810E-01	3.0760E-01	3.0785E-01	3.0764E-01
3.0458E-01	3.0435E-01	3.0348E-01	3.0391E-01	3.0355E-01
3.0000E-01	2.9964E-01	2.9833E-01	2.9897E-01	2.9843E-01
2.9454E-01	2.9404E-01	2.9220E-01	2.9311E-01	2.9235E-01
2.8828E-01	2.8761E-01	2.8518E-01	2.8637E-01	2.8537E-01
2.8125E-01	2.8039E-01	2.7732E-01	2.7882E-01	2.7756E-01
2.7352E-01	2.7244E-01	2.6869E-01	2.7051E-01	2.6898E-01
2.6513E-01	2.6383E-01	2.5934E-01	2.6152E-01	2.5970E-01
2.5615E-01	2.5460E-01	2.4936E-01	2.5189E-01	2.4977E-01
2.4663E-01	2.4480E-01	2.3880E-01	2.4169E-01	2.3927E-01
2.3661E-01	2.3451E-01	2.2773E-01	2.3097E-01	2.2825E-01
2.2616E-01	2.2377E-01	2.1621E-01	2.1980E-01	2.1679E-01
2.1533E-01	2.1263E-01	2.0431E-01	2.0824E-01	2.0494E-01
2.0418E-01	2.0116E-01	1.9210E-01	1.9635E-01	1.9277E-01
1.9275E-01	1.8940E-01	1.7963E-01	1.8418E-01	1.8034E-01
1.8111E-01	1.7742E-01	1.6697E-01	1.7180E-01	1.6772E-01
1.6930E-01	1.6527E-01	1.5419E-01	1.5926E-01	1.5497E-01
1.5738E-01	1.5301E-01	1.4136E-01	1.4663E-01	1.4216E-01
1.4541E-01	1.4068E-01	1.2853E-01	1.3397E-01	1.2935E-01
1.3344E-01	1.2835E-01	1.1578E-01	1.2134E-01	1.1660E-01
1.2153E-01	1.1608E-01	1.0316E-01	1.0879E-01	1.0398E-01
1.0972E-01	1.0391E-01	9.0748E-02	9.6383E-02	9.1557E-02
9.8074E-02	9.1907E-02	7.8603E-02	8.4185E-02	7.9387E-02
8.6647E-02	8.0121E-02	6.6792E-02	7.2253E-02	6.7537E-02
7.5491E-02	6.8610E-02	5.5380E-02	6.0647E-02	5.6072E-02
6.4662E-02	5.7429E-02	4.4430E-02	4.9426E-02	4.5056E-02
5.4213E-02	4.6634E-02	3.4009E-02	3.8651E-02	3.4552E-02
4.4198E-02	3.6280E-02	2.4181E-02	2.8381E-02	2.4626E-02
3.4672E-02	2.6423E-02	1.5012E-02	1.8677E-02	1.5340E-02
2.5690E-02	1.7119E-02	6.5650E-03	9.5980E-03	6.7600E-03
1.7305E-02	8.4230E-03	-1.0920E-03	1.2040E-03	-1.0510E-03
9.5730E-03	3.9200E-04	-7.8970E-03	-6.4440E-03	-8.0280E-03
2.5460E-03	-6.9210E-03	-1.3782E-02	-1.3288E-02	-1.4108E-02
-3.7200E-03	-1.3458E-02	-1.8685E-02	-1.9267E-02	-1.9226E-02
-9.1710E-03	-1.9165E-02	-2.2539E-02	-2.4321E-02	-2.3319E-02
-1.3752E-02	-2.3985E-02	-2.5279E-02	-2.8390E-02	-2.6321E-02
-1.7410E-02	-2.7863E-02	-2.7772E-02	-3.1415E-02	-2.8216E-02
-2.0091E-02	-3.0744E-02	-2.7662E-02	-3.3368E-02	-2.8800E-02
-2.2217E-02	-3.2479E-02	-3.0827E-02	-3.4095E-02	-3.3409E-02
-2.2300E-02	-3.2759E-02	-5.1344E-02	-5.9493E-02	-6.9250E-02
-4.9707E-02	-5.8161E-02	-8.3200E-02	-9.3900E-02	-1.0060E-01
-5.8300E-02	-8.8200E-02	-1.0210E-01	-1.0520E-01	-1.0510E-01
-6.6300E-02	-1.0350E-01	-1.0640E-01	-1.0550E-01	-1.0395E-01
-9.3000E-02	-1.0670E-01	-1.0460E-01	-1.0270E-01	-1.0130E-01
-1.0030E-01	-1.0270E-01	-9.8900E-02	-9.8000E-02	-9.7700E-02
-9.6838E-02	-9.3717E-02	-9.2100E-02	-9.1507E-02	-9.0024E-02
-8.5180E-02	-7.4211E-02	-7.7100E-02	-7.9200E-02	-8.1504E-02
-8.8792E-02	-6.8278E-02	-7.9304E-02	-7.8583E-02	-8.1989E-02
-9.0333E-02	-7.1090E-02	-7.8730E-02	-7.9737E-02	-8.3291E-02
-9.2365E-02	-7.3045E-02	-8.0706E-02	-8.1622E-02	-8.5309E-02
-9.5065E-02	-7.5751E-02	-8.3401E-02	-8.4231E-02	-8.8024E-02
-9.8394E-02	-7.9166E-02	-8.6774E-02	-8.7524E-02	-9.1395E-02
-1.0231E-01	-8.3246E-02	-9.0785E-02	-9.1459E-02	-9.5383E-02
-1.0679E-01	-8.7950E-02	-9.5391E-02	-9.5995E-02	-9.9948E-02
-1.1177E-01	-9.3234E-02	-1.0055E-01	-1.0109E-01	-1.0505E-01
-1.1723E-01	-9.9056E-02	-1.0623E-01	-1.0670E-01	-1.1065E-01
-1.2313E-01	-1.0537E-01	-1.1237E-01	-1.1280E-01	-1.1671E-01
-1.2943E-01	-1.1214E-01	-1.1895E-01	-1.1932E-01	-1.2318E-01
-1.3609E-01	-1.1932E-01	-1.2592E-01	-1.2624E-01	-1.3003E-01
-1.4306E-01	-1.2686E-01	-1.3324E-01	-1.3352E-01	-1.3722E-01
-1.5033E-01	-1.3473E-01	-1.4086E-01	-1.4110E-01	-1.4470E-01
-1.5783E-01	-1.4288E-01	-1.4876E-01	-1.4896E-01	-1.5244E-01
-1.6555E-01	-1.5127E-01	-1.5688E-01	-1.5705E-01	-1.6040E-01
-1.7343E-01	-1.5985E-01	-1.6518E-01	-1.6532E-01	-1.6854E-01
-1.8144E-01	-1.6858E-01	-1.7363E-01	-1.7375E-01	-1.7682E-01
-1.8954E-01	-1.7743E-01	-1.8218E-01	-1.8227E-01	-1.8519E-01
-1.9770E-01	-1.8634E-01	-1.9079E-01	-1.9087E-01	-1.9362E-01
-2.0587E-01	-1.9527E-01	-1.9943E-01	-1.9948E-01	-2.0206E-01
-2.1401E-01	-2.0419E-01	-2.0804E-01	-2.0808E-01	-2.1049E-01
-2.2210E-01	-2.1304E-01	-2.1659E-01	-2.1662E-01	-2.1885E-01
-2.3008E-01	-2.2179E-01	-2.2504E-01	-2.2506E-01	-2.2711E-01
-2.3792E-01	-2.3039E-01	-2.3334E-01	-2.3335E-01	-2.3522E-01
-2.4559E-01	-2.3881E-01	-2.4147E-01	-2.4146E-01	-2.4316E-01
-2.5304E-01	-2.4699E-01	-2.4936E-01	-2.4935E-01	-2.5087E-01
-2.6023E-01	-2.5489E-01	-2.5699E-01	-2.5698E-01	-2.5832E-01
-2.6714E-01	-2.6248E-01	-2.6430E-01	-2.6429E-01	-2.6547E-01
-2.7371E-01	-2.6971E-01	-2.7127E-01	-2.7126E-01	-2.7227E-01
-2.7991E-01	-2.7653E-01	-2.7785E-01	-2.7784E-01	-2.7870E-01
-2.8570E-01	-2.8290E-01	-2.8400E-01	-2.8398E-01	-2.8470E-01
-2.9104E-01	-2.8879E-01	-2.8967E-01	-2.8966E-01	-2.9024E-01
-2.9591E-01	-2.9414E-01	-2.9483E-01	-2.9482E-01	-2.9528E-01
-3.0024E-01	-2.9892E-01	-2.9944E-01	-2.9943E-01	-2.9977E-01
-3.0402E-01	-3.0308E-01	-3.0345E-01	-3.0344E-01	-3.0368E-01
-3.0719E-01	-3.0658E-01	-3.0682E-01	-3.0682E-01	-3.0698E-01
-3.0973E-01	-3.0938E-01	-3.0952E-01	-3.0951E-01	-3.0961E-01
-3.1159E-01	-3.1143E-01	-3.1149E-01	-3.1149E-01	-3.1153E-01
-3.1273E-01	-3.1269E-01	-3.1271E-01	-3.1271E-01	-3.1272E-01
-3.1312E-01	-3.1312E-01	-3.1312E-01	-3.1312E-01	-3.1312E-01
