!T	AOACL
!U	deg
-90	
-88	
-86	
-84	
-82	
-80	
-78	
-76	
-74	
-72	
-70	
-68	
-66	
-64	
-62	
-60	
-58	
-56	
-54	
-52	
-50	
-48	
-46	
-44	
-42	
-40	
-38	
-36	
-34	
-32	
-30	
-28	
-26	
-24	
-22	
-20	
-18	
-16	
-14	
-12	
-10	
-8	
-6	
-4	
-2	
0	
2	
4	
6	
8	
10	
12	
14	
16	
18	
20	
22	
24	
26	
28	
30	
32	
34	
36	
38	
40	
42	
44	
46	
48	
50	
52	
54	
56	
58	
60	
62	
64	
66	
68	
70	
72	
74	
76	
78	
80	
82	
84	
86	
88	
90	
!T	AOACD
!U	deg
-90	
-88	
-86	
-84	
-82	
-80	
-78	
-76	
-74	
-72	
-70	
-68	
-66	
-64	
-62	
-60	
-58	
-56	
-54	
-52	
-50	
-48	
-46	
-44	
-42	
-40	
-38	
-36	
-34	
-32	
-30	
-28	
-26	
-24	
-22	
-20	
-18	
-16	
-14	
-12	
-10	
-8	
-6	
-4	
-2	
0	
2	
4	
6	
8	
10	
12	
14	
16	
18	
20	
22	
24	
26	
28	
30	
32	
34	
36	
38	
40	
42	
44	
46	
48	
50	
52	
54	
56	
58	
60	
62	
64	
66	
68	
70	
72	
74	
76	
78	
80	
82	
84	
86	
88	
90	
!T	AOACM
!U	deg
-90	
-88	
-86	
-84	
-82	
-80	
-78	
-76	
-74	
-72	
-70	
-68	
-66	
-64	
-62	
-60	
-58	
-56	
-54	
-52	
-50	
-48	
-46	
-44	
-42	
-40	
-38	
-36	
-34	
-32	
-30	
-28	
-26	
-24	
-22	
-20	
-18	
-16	
-14	
-12	
-10	
-8	
-6	
-4	
-2	
0	
2	
4	
6	
8	
10	
12	
14	
16	
18	
20	
22	
24	
26	
28	
30	
32	
34	
36	
38	
40	
42	
44	
46	
48	
50	
52	
54	
56	
58	
60	
62	
64	
66	
68	
70	
72	
74	
76	
78	
80	
82	
84	
86	
88	
90	
!T	RECL
!U	nd
50000	
100000	
150000	
200000	
250000	
!T	RECD
!U	nd
50000	
100000	
150000	
200000	
250000	
!T	RECM
!U	nd
50000	
100000	
150000	
200000	
250000	
!M	CLTAB
!U	nd
-0.0000E+00	-0.0000E+00	-0.0000E+00	-0.0000E+00	-0.0000E+00
-4.2632E-02	-4.2640E-02	-4.2640E-02	-4.2640E-02	-4.2643E-02
-8.5100E-02	-8.5134E-02	-8.5134E-02	-8.5135E-02	-8.5144E-02
-1.2720E-01	-1.2727E-01	-1.2727E-01	-1.2728E-01	-1.2730E-01
-1.6872E-01	-1.6886E-01	-1.6886E-01	-1.6886E-01	-1.6890E-01
-2.0947E-01	-2.0969E-01	-2.0968E-01	-2.0969E-01	-2.0975E-01
-2.4925E-01	-2.4956E-01	-2.4955E-01	-2.4956E-01	-2.4965E-01
-2.8787E-01	-2.8828E-01	-2.8828E-01	-2.8829E-01	-2.8841E-01
-3.2513E-01	-3.2567E-01	-3.2567E-01	-3.2569E-01	-3.2585E-01
-3.6087E-01	-3.6156E-01	-3.6155E-01	-3.6157E-01	-3.6178E-01
-3.9490E-01	-3.9576E-01	-3.9575E-01	-3.9578E-01	-3.9603E-01
-4.2708E-01	-4.2812E-01	-4.2811E-01	-4.2814E-01	-4.2845E-01
-4.5724E-01	-4.5848E-01	-4.5847E-01	-4.5851E-01	-4.5887E-01
-4.8524E-01	-4.8670E-01	-4.8670E-01	-4.8674E-01	-4.8717E-01
-5.1095E-01	-5.1266E-01	-5.1265E-01	-5.1271E-01	-5.1321E-01
-5.3425E-01	-5.3624E-01	-5.3622E-01	-5.3629E-01	-5.3687E-01
-5.5504E-01	-5.5732E-01	-5.5730E-01	-5.5737E-01	-5.5804E-01
-5.7322E-01	-5.7581E-01	-5.7580E-01	-5.7588E-01	-5.7664E-01
-5.8871E-01	-5.9165E-01	-5.9163E-01	-5.9172E-01	-5.9258E-01
-6.0145E-01	-6.0475E-01	-6.0473E-01	-6.0484E-01	-6.0581E-01
-6.1137E-01	-6.1508E-01	-6.1506E-01	-6.1517E-01	-6.1626E-01
-6.1846E-01	-6.2260E-01	-6.2257E-01	-6.2270E-01	-6.2392E-01
-6.2268E-01	-6.2728E-01	-6.2726E-01	-6.2740E-01	-6.2875E-01
-6.2403E-01	-6.2914E-01	-6.2911E-01	-6.2927E-01	-6.3077E-01
-6.2252E-01	-6.2818E-01	-6.2815E-01	-6.2833E-01	-6.2999E-01
-6.1818E-01	-6.2445E-01	-6.2441E-01	-6.2461E-01	-6.2645E-01
-6.1106E-01	-6.1798E-01	-6.1794E-01	-6.1816E-01	-6.2019E-01
-6.0121E-01	-6.0886E-01	-6.0882E-01	-6.0906E-01	-6.1130E-01
-5.8874E-01	-5.9718E-01	-5.9713E-01	-5.9740E-01	-5.9987E-01
-5.7373E-01	-5.8305E-01	-5.8300E-01	-5.8329E-01	-5.8603E-01
-5.5631E-01	-5.6661E-01	-5.6656E-01	-5.6688E-01	-5.6990E-01
-5.3664E-01	-5.4805E-01	-5.4798E-01	-5.4834E-01	-5.5169E-01
-5.1490E-01	-5.2756E-01	-5.2748E-01	-5.2788E-01	-5.3160E-01
-4.9130E-01	-5.0540E-01	-5.0531E-01	-5.0576E-01	-5.0989E-01
-4.6611E-01	-4.8187E-01	-4.8178E-01	-4.8228E-01	-4.8690E-01
-4.3965E-01	-4.5738E-01	-4.5728E-01	-4.5784E-01	-4.6304E-01
-4.1234E-01	-4.3245E-01	-4.3233E-01	-4.3296E-01	-4.3886E-01
-3.8474E-01	-4.0776E-01	-4.0763E-01	-4.0836E-01	-4.1512E-01
-3.5764E-01	-3.8437E-01	-3.8421E-01	-3.8505E-01	-3.9290E-01
-3.3225E-01	-3.6386E-01	-3.6368E-01	-3.6467E-01	-3.7395E-01
-3.1062E-01	-3.4898E-01	-3.4876E-01	-3.4997E-01	-3.6113E-01
-2.9668E-01	-3.4524E-01	-3.4491E-01	-3.5281E-01	-3.6242E-01
-3.0405E-01	-3.6430E-01	-3.6477E-01	-3.2976E-01	-3.4950E-01
-3.4480E-01	-2.5005E-01	-2.2013E-01	-6.4438E-02	-2.8500E-02
-6.6946E-02	1.8200E-02	2.4000E-01	2.9770E-01	3.1450E-01
3.6010E-01	4.8530E-01	5.8920E-01	6.4770E-01	6.6457E-01
5.5140E-01	7.8220E-01	8.7390E-01	9.2580E-01	9.5420E-01
9.0230E-01	1.1073E+00	1.1344E+00	1.1357E+00	1.1316E+00
1.2476E+00	1.2735E+00	1.2826E+00	1.3062E+00	1.3198E+00
1.2867E+00	1.3408E+00	1.3468E+00	1.2904E+00	1.2683E+00
1.1648E+00	1.1769E+00	1.1581E+00	1.0838E+00	1.0575E+00
1.0270E+00	1.0299E+00	1.0181E+00	9.6523E-01	9.4645E-01
9.4518E-01	9.4759E-01	9.3763E-01	8.9294E-01	8.7705E-01
8.9085E-01	8.9294E-01	8.8435E-01	8.4585E-01	8.3217E-01
8.5425E-01	8.5607E-01	8.4857E-01	8.1496E-01	8.0301E-01
8.2944E-01	8.3104E-01	8.2443E-01	7.9478E-01	7.8424E-01
8.1258E-01	8.1400E-01	8.0812E-01	7.8177E-01	7.7240E-01
8.0108E-01	8.0236E-01	7.9710E-01	7.7354E-01	7.6516E-01
7.9312E-01	7.9426E-01	7.8954E-01	7.6838E-01	7.6086E-01
7.8735E-01	7.8838E-01	7.8413E-01	7.6506E-01	7.5828E-01
7.8277E-01	7.8371E-01	7.7986E-01	7.6264E-01	7.5651E-01
7.7862E-01	7.7947E-01	7.7599E-01	7.6041E-01	7.5487E-01
7.7430E-01	7.7506E-01	7.7192E-01	7.5780E-01	7.5278E-01
7.6933E-01	7.7002E-01	7.6717E-01	7.5438E-01	7.4983E-01
7.6333E-01	7.6396E-01	7.6137E-01	7.4979E-01	7.4567E-01
7.5601E-01	7.5657E-01	7.5424E-01	7.4375E-01	7.4003E-01
7.4712E-01	7.4764E-01	7.4552E-01	7.3604E-01	7.3267E-01
7.3649E-01	7.3695E-01	7.3504E-01	7.2649E-01	7.2345E-01
7.2395E-01	7.2437E-01	7.2265E-01	7.1495E-01	7.1221E-01
7.0942E-01	7.0979E-01	7.0825E-01	7.0133E-01	6.9887E-01
6.9280E-01	6.9314E-01	6.9176E-01	6.8556E-01	6.8336E-01
6.7407E-01	6.7437E-01	6.7313E-01	6.6761E-01	6.6565E-01
6.5319E-01	6.5345E-01	6.5236E-01	6.4745E-01	6.4571E-01
6.3017E-01	6.3040E-01	6.2943E-01	6.2510E-01	6.2356E-01
6.0503E-01	6.0524E-01	6.0439E-01	6.0059E-01	5.9924E-01
5.7784E-01	5.7801E-01	5.7728E-01	5.7396E-01	5.7278E-01
5.4863E-01	5.4879E-01	5.4815E-01	5.4528E-01	5.4426E-01
5.1751E-01	5.1765E-01	5.1710E-01	5.1465E-01	5.1377E-01
4.8457E-01	4.8469E-01	4.8422E-01	4.8214E-01	4.8140E-01
4.4993E-01	4.5002E-01	4.4963E-01	4.4789E-01	4.4728E-01
4.1370E-01	4.1377E-01	4.1346E-01	4.1202E-01	4.1152E-01
3.7602E-01	3.7609E-01	3.7583E-01	3.7468E-01	3.7427E-01
3.3706E-01	3.3711E-01	3.3691E-01	3.3600E-01	3.3568E-01
2.9697E-01	2.9701E-01	2.9686E-01	2.9616E-01	2.9592E-01
2.5593E-01	2.5595E-01	2.5584E-01	2.5533E-01	2.5515E-01
2.1410E-01	2.1412E-01	2.1404E-01	2.1369E-01	2.1356E-01
1.7168E-01	1.7169E-01	1.7164E-01	1.7142E-01	1.7133E-01
1.2886E-01	1.2887E-01	1.2884E-01	1.2871E-01	1.2867E-01
8.5837E-02	8.5840E-02	8.5827E-02	8.5771E-02	8.5751E-02
4.2816E-02	4.2816E-02	4.2813E-02	4.2799E-02	4.2794E-02
0.0000E+00	0.0000E+00	0.0000E+00	0.0000E+00	0.0000E+00
!M	CDTAB
!U	nd
1.2217E+00	1.2217E+00	1.2217E+00	1.2217E+00	1.2217E+00
1.2227E+00	1.2227E+00	1.2226E+00	1.2226E+00	1.2228E+00
1.2207E+00	1.2208E+00	1.2206E+00	1.2207E+00	1.2209E+00
1.2157E+00	1.2159E+00	1.2156E+00	1.2157E+00	1.2161E+00
1.2079E+00	1.2081E+00	1.2077E+00	1.2079E+00	1.2084E+00
1.1971E+00	1.1974E+00	1.1969E+00	1.1971E+00	1.1978E+00
1.1836E+00	1.1839E+00	1.1833E+00	1.1836E+00	1.1844E+00
1.1673E+00	1.1677E+00	1.1670E+00	1.1673E+00	1.1682E+00
1.1484E+00	1.1488E+00	1.1480E+00	1.1484E+00	1.1494E+00
1.1269E+00	1.1274E+00	1.1265E+00	1.1269E+00	1.1280E+00
1.1030E+00	1.1036E+00	1.1025E+00	1.1030E+00	1.1042E+00
1.0768E+00	1.0774E+00	1.0763E+00	1.0767E+00	1.0781E+00
1.0484E+00	1.0490E+00	1.0478E+00	1.0483E+00	1.0499E+00
1.0180E+00	1.0187E+00	1.0174E+00	1.0179E+00	1.0196E+00
9.8569E-01	9.8644E-01	9.8506E-01	9.8564E-01	9.8740E-01
9.5170E-01	9.5250E-01	9.5102E-01	9.5164E-01	9.5351E-01
9.1618E-01	9.1702E-01	9.1546E-01	9.1611E-01	9.1810E-01
8.7931E-01	8.8019E-01	8.7854E-01	8.7923E-01	8.8133E-01
8.4127E-01	8.4220E-01	8.4047E-01	8.4120E-01	8.4340E-01
8.0226E-01	8.0324E-01	8.0142E-01	8.0218E-01	8.0449E-01
7.6248E-01	7.6350E-01	7.6161E-01	7.6240E-01	7.6481E-01
7.2213E-01	7.2319E-01	7.2122E-01	7.2205E-01	7.2455E-01
6.8141E-01	6.8251E-01	6.8046E-01	6.8132E-01	6.8392E-01
6.4052E-01	6.4167E-01	6.3954E-01	6.4043E-01	6.4313E-01
5.9968E-01	6.0086E-01	5.9867E-01	5.9959E-01	6.0237E-01
5.5908E-01	5.6030E-01	5.5804E-01	5.5898E-01	5.6185E-01
5.1894E-01	5.2019E-01	5.1786E-01	5.1884E-01	5.2179E-01
4.7944E-01	4.8073E-01	4.7834E-01	4.7934E-01	4.8237E-01
4.4080E-01	4.4211E-01	4.3967E-01	4.4069E-01	4.4380E-01
4.0319E-01	4.0454E-01	4.0204E-01	4.0309E-01	4.0626E-01
3.6682E-01	3.6820E-01	3.6565E-01	3.6672E-01	3.6996E-01
3.3187E-01	3.3327E-01	3.3067E-01	3.3176E-01	3.3507E-01
2.9850E-01	2.9993E-01	2.9728E-01	2.9839E-01	3.0175E-01
2.6688E-01	2.6834E-01	2.6564E-01	2.6677E-01	2.7019E-01
2.3718E-01	2.3866E-01	2.3592E-01	2.3706E-01	2.4054E-01
2.0954E-01	2.1103E-01	2.0826E-01	2.0942E-01	2.1294E-01
1.8410E-01	1.8561E-01	1.8280E-01	1.8398E-01	1.8754E-01
1.6098E-01	1.6251E-01	1.5967E-01	1.6086E-01	1.6446E-01
1.4030E-01	1.4184E-01	1.3898E-01	1.4018E-01	1.4381E-01
1.2217E-01	1.2372E-01	1.2084E-01	1.2205E-01	1.2571E-01
1.0667E-01	1.0823E-01	1.0533E-01	1.0655E-01	1.1032E-01
9.3881E-02	9.6510E-02	9.2904E-02	9.6780E-02	9.9113E-02
8.4703E-02	8.5450E-02	8.3905E-02	8.0945E-02	8.3760E-02
7.6680E-02	6.3418E-02	5.9444E-02	4.8921E-02	4.2890E-02
4.8461E-02	3.9030E-02	2.7470E-02	2.2440E-02	2.1580E-02
2.7900E-02	2.3740E-02	1.8300E-02	1.4710E-02	1.2407E-02
3.5220E-02	2.1830E-02	1.2650E-02	1.0470E-02	8.9200E-03
3.8845E-02	1.6480E-02	1.2790E-02	1.1760E-02	1.1430E-02
2.6794E-02	2.0643E-02	2.0592E-02	1.9445E-02	1.9289E-02
3.9944E-02	3.5609E-02	3.4130E-02	2.9302E-02	2.7979E-02
5.6797E-02	4.8128E-02	4.6276E-02	4.3195E-02	4.2362E-02
6.8178E-02	6.5318E-02	6.3148E-02	5.9436E-02	5.8384E-02
8.6745E-02	8.3908E-02	8.1756E-02	7.8073E-02	7.7029E-02
1.0792E-01	1.0511E-01	1.0298E-01	9.9329E-02	9.8295E-02
1.3160E-01	1.2882E-01	1.2671E-01	1.2310E-01	1.2208E-01
1.5767E-01	1.5492E-01	1.5284E-01	1.4927E-01	1.4826E-01
1.8600E-01	1.8329E-01	1.8124E-01	1.7772E-01	1.7672E-01
2.1646E-01	2.1379E-01	2.1176E-01	2.0829E-01	2.0731E-01
2.4889E-01	2.4626E-01	2.4427E-01	2.4086E-01	2.3989E-01
2.8313E-01	2.8055E-01	2.7859E-01	2.7524E-01	2.7429E-01
3.1902E-01	3.1649E-01	3.1457E-01	3.1128E-01	3.1035E-01
3.5639E-01	3.5391E-01	3.5202E-01	3.4881E-01	3.4789E-01
3.9504E-01	3.9261E-01	3.9077E-01	3.8763E-01	3.8673E-01
4.3479E-01	4.3242E-01	4.3063E-01	4.2756E-01	4.2668E-01
4.7544E-01	4.7314E-01	4.7139E-01	4.6840E-01	4.6755E-01
5.1680E-01	5.1456E-01	5.1286E-01	5.0995E-01	5.0913E-01
5.5866E-01	5.5649E-01	5.5484E-01	5.5202E-01	5.5122E-01
6.0082E-01	5.9871E-01	5.9712E-01	5.9439E-01	5.9361E-01
6.4306E-01	6.4103E-01	6.3949E-01	6.3686E-01	6.3611E-01
6.8519E-01	6.8324E-01	6.8175E-01	6.7921E-01	6.7849E-01
7.2700E-01	7.2512E-01	7.2370E-01	7.2126E-01	7.2057E-01
7.6828E-01	7.6648E-01	7.6511E-01	7.6278E-01	7.6211E-01
8.0883E-01	8.0711E-01	8.0580E-01	8.0357E-01	8.0294E-01
8.4844E-01	8.4681E-01	8.4557E-01	8.4344E-01	8.4284E-01
8.8693E-01	8.8538E-01	8.8421E-01	8.8219E-01	8.8162E-01
9.2410E-01	9.2264E-01	9.2153E-01	9.1963E-01	9.1910E-01
9.5978E-01	9.5841E-01	9.5737E-01	9.5559E-01	9.5508E-01
9.9379E-01	9.9250E-01	9.9153E-01	9.8987E-01	9.8940E-01
1.0259E+00	1.0248E+00	1.0239E+00	1.0223E+00	1.0219E+00
1.0561E+00	1.0550E+00	1.0542E+00	1.0528E+00	1.0524E+00
1.0841E+00	1.0831E+00	1.0824E+00	1.0811E+00	1.0807E+00
1.1099E+00	1.1090E+00	1.1083E+00	1.1071E+00	1.1068E+00
1.1332E+00	1.1324E+00	1.1318E+00	1.1307E+00	1.1304E+00
1.1540E+00	1.1533E+00	1.1527E+00	1.1518E+00	1.1515E+00
1.1721E+00	1.1715E+00	1.1711E+00	1.1703E+00	1.1700E+00
1.1876E+00	1.1870E+00	1.1867E+00	1.1860E+00	1.1858E+00
1.2002E+00	1.1998E+00	1.1995E+00	1.1989E+00	1.1988E+00
1.2100E+00	1.2097E+00	1.2094E+00	1.2090E+00	1.2089E+00
1.2168E+00	1.2166E+00	1.2165E+00	1.2162E+00	1.2161E+00
1.2207E+00	1.2206E+00	1.2205E+00	1.2204E+00	1.2204E+00
1.2217E+00	1.2217E+00	1.2217E+00	1.2217E+00	1.2217E+00
!M	CMTAB
!U	nd
3.0542E-01	3.0542E-01	3.0542E-01	3.0542E-01	3.0542E-01
3.0491E-01	3.0487E-01	3.0487E-01	3.0485E-01	3.0485E-01
3.0344E-01	3.0325E-01	3.0328E-01	3.0319E-01	3.0318E-01
3.0104E-01	3.0062E-01	3.0069E-01	3.0050E-01	3.0047E-01
2.9776E-01	2.9704E-01	2.9716E-01	2.9682E-01	2.9678E-01
2.9365E-01	2.9254E-01	2.9273E-01	2.9222E-01	2.9215E-01
2.8876E-01	2.8720E-01	2.8747E-01	2.8674E-01	2.8664E-01
2.8314E-01	2.8106E-01	2.8141E-01	2.8044E-01	2.8032E-01
2.7683E-01	2.7417E-01	2.7462E-01	2.7339E-01	2.7323E-01
2.6987E-01	2.6659E-01	2.6714E-01	2.6562E-01	2.6544E-01
2.6232E-01	2.5837E-01	2.5903E-01	2.5721E-01	2.5699E-01
2.5423E-01	2.4957E-01	2.5034E-01	2.4820E-01	2.4794E-01
2.4564E-01	2.4023E-01	2.4112E-01	2.3864E-01	2.3836E-01
2.3660E-01	2.3041E-01	2.3143E-01	2.2861E-01	2.2829E-01
2.2716E-01	2.2017E-01	2.2131E-01	2.1814E-01	2.1779E-01
2.1736E-01	2.0955E-01	2.1083E-01	2.0729E-01	2.0692E-01
2.0725E-01	1.9862E-01	2.0002E-01	1.9613E-01	1.9573E-01
1.9688E-01	1.8741E-01	1.8894E-01	1.8469E-01	1.8428E-01
1.8629E-01	1.7600E-01	1.7765E-01	1.7305E-01	1.7262E-01
1.7555E-01	1.6442E-01	1.6620E-01	1.6126E-01	1.6082E-01
1.6468E-01	1.5274E-01	1.5463E-01	1.4936E-01	1.4892E-01
1.5374E-01	1.4101E-01	1.4301E-01	1.3742E-01	1.3698E-01
1.4278E-01	1.2927E-01	1.3138E-01	1.2549E-01	1.2505E-01
1.3184E-01	1.1759E-01	1.1980E-01	1.1362E-01	1.1321E-01
1.2097E-01	1.0602E-01	1.0831E-01	1.0188E-01	1.0149E-01
1.1022E-01	9.4602E-02	9.6979E-02	9.0307E-02	8.9952E-02
9.9638E-02	8.3400E-02	8.5845E-02	7.8969E-02	7.8658E-02
8.9269E-02	7.2465E-02	7.4965E-02	6.7917E-02	6.7660E-02
7.9160E-02	6.1849E-02	6.4392E-02	5.7206E-02	5.7015E-02
6.9360E-02	5.1605E-02	5.4178E-02	4.6892E-02	4.6778E-02
5.9915E-02	4.1788E-02	4.4373E-02	3.7029E-02	3.7005E-02
5.0874E-02	3.2450E-02	3.5032E-02	2.7673E-02	2.7751E-02
4.2284E-02	2.3645E-02	2.6206E-02	1.8879E-02	1.9074E-02
3.4191E-02	1.5425E-02	1.7947E-02	1.0702E-02	1.1027E-02
2.6644E-02	7.8450E-03	1.0306E-02	3.1980E-03	3.6680E-03
1.9690E-02	9.5700E-04	3.3380E-03	-3.5800E-03	-2.9490E-03
1.3377E-02	-5.1860E-03	-2.9070E-03	-9.5740E-03	-8.7660E-03
7.7510E-03	-1.0529E-02	-8.3770E-03	-1.4731E-02	-1.3729E-02
2.8610E-03	-1.5021E-02	-1.3019E-02	-1.8995E-02	-1.7782E-02
-1.2460E-03	-1.8607E-02	-1.6781E-02	-2.2311E-02	-2.0868E-02
-4.5240E-03	-2.1234E-02	-1.9611E-02	-2.4624E-02	-2.2929E-02
-6.9230E-03	-2.2727E-02	-2.1400E-02	-2.4197E-02	-2.2584E-02
-8.6570E-03	-2.3400E-02	-2.1820E-02	-3.2628E-02	-3.1547E-02
-8.9000E-03	-4.7042E-02	-5.6275E-02	-8.6393E-02	-1.0250E-01
-6.7974E-02	-8.9200E-02	-1.2950E-01	-1.4090E-01	-1.4530E-01
-1.1700E-01	-1.4050E-01	-1.5670E-01	-1.6500E-01	-1.6857E-01
-1.2580E-01	-1.5850E-01	-1.6770E-01	-1.7440E-01	-1.7790E-01
-1.5440E-01	-1.6930E-01	-1.7170E-01	-1.7120E-01	-1.7040E-01
-1.5022E-01	-1.4894E-01	-1.4893E-01	-1.5008E-01	-1.5114E-01
-1.0964E-01	-1.2051E-01	-1.2680E-01	-1.3471E-01	-1.4013E-01
-1.0477E-01	-1.1883E-01	-1.2709E-01	-1.3515E-01	-1.4063E-01
-1.0747E-01	-1.1974E-01	-1.2803E-01	-1.3617E-01	-1.4167E-01
-1.0900E-01	-1.2124E-01	-1.2953E-01	-1.3771E-01	-1.4322E-01
-1.1115E-01	-1.2332E-01	-1.3157E-01	-1.3976E-01	-1.4525E-01
-1.1388E-01	-1.2594E-01	-1.3412E-01	-1.4229E-01	-1.4774E-01
-1.1717E-01	-1.2907E-01	-1.3716E-01	-1.4527E-01	-1.5066E-01
-1.2097E-01	-1.3268E-01	-1.4064E-01	-1.4867E-01	-1.5399E-01
-1.2526E-01	-1.3673E-01	-1.4455E-01	-1.5245E-01	-1.5768E-01
-1.2999E-01	-1.4120E-01	-1.4884E-01	-1.5660E-01	-1.6172E-01
-1.3513E-01	-1.4604E-01	-1.5349E-01	-1.6108E-01	-1.6607E-01
-1.4064E-01	-1.5124E-01	-1.5847E-01	-1.6587E-01	-1.7072E-01
-1.4650E-01	-1.5674E-01	-1.6375E-01	-1.7092E-01	-1.7562E-01
-1.5266E-01	-1.6253E-01	-1.6928E-01	-1.7623E-01	-1.8076E-01
-1.5909E-01	-1.6856E-01	-1.7506E-01	-1.8174E-01	-1.8610E-01
-1.6575E-01	-1.7481E-01	-1.8103E-01	-1.8745E-01	-1.9162E-01
-1.7261E-01	-1.8125E-01	-1.8717E-01	-1.9331E-01	-1.9729E-01
-1.7963E-01	-1.8783E-01	-1.9346E-01	-1.9929E-01	-2.0308E-01
-1.8678E-01	-1.9453E-01	-1.9985E-01	-2.0538E-01	-2.0896E-01
-1.9403E-01	-2.0132E-01	-2.0632E-01	-2.1154E-01	-2.1490E-01
-2.0133E-01	-2.0815E-01	-2.1284E-01	-2.1773E-01	-2.2088E-01
-2.0866E-01	-2.1501E-01	-2.1937E-01	-2.2394E-01	-2.2688E-01
-2.1597E-01	-2.2185E-01	-2.2589E-01	-2.3012E-01	-2.3285E-01
-2.2323E-01	-2.2864E-01	-2.3236E-01	-2.3627E-01	-2.3877E-01
-2.3041E-01	-2.3535E-01	-2.3876E-01	-2.4233E-01	-2.4462E-01
-2.3747E-01	-2.4195E-01	-2.4504E-01	-2.4829E-01	-2.5037E-01
-2.4437E-01	-2.4841E-01	-2.5119E-01	-2.5411E-01	-2.5599E-01
-2.5109E-01	-2.5468E-01	-2.5716E-01	-2.5977E-01	-2.6144E-01
-2.5758E-01	-2.6075E-01	-2.6293E-01	-2.6524E-01	-2.6671E-01
-2.6381E-01	-2.6657E-01	-2.6847E-01	-2.7048E-01	-2.7176E-01
-2.6974E-01	-2.7211E-01	-2.7374E-01	-2.7547E-01	-2.7658E-01
-2.7534E-01	-2.7734E-01	-2.7872E-01	-2.8018E-01	-2.8111E-01
-2.8058E-01	-2.8223E-01	-2.8337E-01	-2.8458E-01	-2.8535E-01
-2.8542E-01	-2.8675E-01	-2.8767E-01	-2.8864E-01	-2.8926E-01
-2.8982E-01	-2.9086E-01	-2.9157E-01	-2.9234E-01	-2.9282E-01
-2.9374E-01	-2.9452E-01	-2.9506E-01	-2.9563E-01	-2.9600E-01
-2.9716E-01	-2.9771E-01	-2.9809E-01	-2.9850E-01	-2.9876E-01
-3.0004E-01	-3.0040E-01	-3.0065E-01	-3.0091E-01	-3.0108E-01
-3.0234E-01	-3.0255E-01	-3.0269E-01	-3.0284E-01	-3.0294E-01
-3.0402E-01	-3.0412E-01	-3.0418E-01	-3.0425E-01	-3.0429E-01
-3.0506E-01	-3.0509E-01	-3.0510E-01	-3.0512E-01	-3.0513E-01
-3.0542E-01	-3.0542E-01	-3.0542E-01	-3.0542E-01	-3.0542E-01
