!T	AOACL
!U	deg
-90	
-88	
-86	
-84	
-82	
-80	
-78	
-76	
-74	
-72	
-70	
-68	
-66	
-64	
-62	
-60	
-58	
-56	
-54	
-52	
-50	
-48	
-46	
-44	
-42	
-40	
-38	
-36	
-34	
-32	
-30	
-28	
-26	
-24	
-22	
-20	
-18	
-16	
-14	
-12	
-10	
-8	
-6	
-4	
-2	
0	
2	
4	
6	
8	
10	
12	
14	
16	
18	
20	
22	
24	
26	
28	
30	
32	
34	
36	
38	
40	
42	
44	
46	
48	
50	
52	
54	
56	
58	
60	
62	
64	
66	
68	
70	
72	
74	
76	
78	
80	
82	
84	
86	
88	
90	
!T	AOACD
!U	deg
-90	
-88	
-86	
-84	
-82	
-80	
-78	
-76	
-74	
-72	
-70	
-68	
-66	
-64	
-62	
-60	
-58	
-56	
-54	
-52	
-50	
-48	
-46	
-44	
-42	
-40	
-38	
-36	
-34	
-32	
-30	
-28	
-26	
-24	
-22	
-20	
-18	
-16	
-14	
-12	
-10	
-8	
-6	
-4	
-2	
0	
2	
4	
6	
8	
10	
12	
14	
16	
18	
20	
22	
24	
26	
28	
30	
32	
34	
36	
38	
40	
42	
44	
46	
48	
50	
52	
54	
56	
58	
60	
62	
64	
66	
68	
70	
72	
74	
76	
78	
80	
82	
84	
86	
88	
90	
!T	AOACM
!U	deg
-90	
-88	
-86	
-84	
-82	
-80	
-78	
-76	
-74	
-72	
-70	
-68	
-66	
-64	
-62	
-60	
-58	
-56	
-54	
-52	
-50	
-48	
-46	
-44	
-42	
-40	
-38	
-36	
-34	
-32	
-30	
-28	
-26	
-24	
-22	
-20	
-18	
-16	
-14	
-12	
-10	
-8	
-6	
-4	
-2	
0	
2	
4	
6	
8	
10	
12	
14	
16	
18	
20	
22	
24	
26	
28	
30	
32	
34	
36	
38	
40	
42	
44	
46	
48	
50	
52	
54	
56	
58	
60	
62	
64	
66	
68	
70	
72	
74	
76	
78	
80	
82	
84	
86	
88	
90	
!T	RECL
!U	nd
50000	
100000	
150000	
200000	
250000	
!T	RECD
!U	nd
50000	
100000	
150000	
200000	
250000	
!T	RECM
!U	nd
50000	
100000	
150000	
200000	
250000	
!M	CLTAB
!U	nd
-0.0000E+00	-0.0000E+00	-0.0000E+00	-0.0000E+00	-0.0000E+00
-4.2634E-02	-4.2642E-02	-4.2644E-02	-4.2639E-02	-4.2616E-02
-8.5111E-02	-8.5142E-02	-8.5151E-02	-8.5131E-02	-8.5038E-02
-1.2722E-01	-1.2729E-01	-1.2731E-01	-1.2727E-01	-1.2706E-01
-1.6877E-01	-1.6889E-01	-1.6893E-01	-1.6885E-01	-1.6847E-01
-2.0954E-01	-2.0974E-01	-2.0979E-01	-2.0967E-01	-2.0908E-01
-2.4935E-01	-2.4963E-01	-2.4971E-01	-2.4953E-01	-2.4869E-01
-2.8800E-01	-2.8838E-01	-2.8849E-01	-2.8825E-01	-2.8709E-01
-3.2530E-01	-3.2581E-01	-3.2595E-01	-3.2563E-01	-3.2412E-01
-3.6108E-01	-3.6173E-01	-3.6191E-01	-3.6150E-01	-3.5958E-01
-3.9517E-01	-3.9597E-01	-3.9619E-01	-3.9569E-01	-3.9331E-01
-4.2740E-01	-4.2837E-01	-4.2864E-01	-4.2803E-01	-4.2513E-01
-4.5762E-01	-4.5879E-01	-4.5911E-01	-4.5838E-01	-4.5491E-01
-4.8569E-01	-4.8707E-01	-4.8745E-01	-4.8659E-01	-4.8249E-01
-5.1148E-01	-5.1309E-01	-5.1353E-01	-5.1253E-01	-5.0775E-01
-5.3487E-01	-5.3673E-01	-5.3724E-01	-5.3608E-01	-5.3055E-01
-5.5575E-01	-5.5788E-01	-5.5847E-01	-5.5714E-01	-5.5079E-01
-5.7403E-01	-5.7646E-01	-5.7713E-01	-5.7561E-01	-5.6838E-01
-5.8962E-01	-5.9237E-01	-5.9314E-01	-5.9141E-01	-5.8323E-01
-6.0247E-01	-6.0557E-01	-6.0643E-01	-6.0449E-01	-5.9527E-01
-6.1252E-01	-6.1600E-01	-6.1696E-01	-6.1478E-01	-6.0445E-01
-6.1974E-01	-6.2362E-01	-6.2470E-01	-6.2227E-01	-6.1073E-01
-6.2411E-01	-6.2843E-01	-6.2962E-01	-6.2692E-01	-6.1407E-01
-6.2561E-01	-6.3041E-01	-6.3174E-01	-6.2873E-01	-6.1447E-01
-6.2428E-01	-6.2959E-01	-6.3107E-01	-6.2773E-01	-6.1193E-01
-6.2012E-01	-6.2601E-01	-6.2764E-01	-6.2395E-01	-6.0646E-01
-6.1321E-01	-6.1970E-01	-6.2150E-01	-6.1743E-01	-5.9811E-01
-6.0359E-01	-6.1076E-01	-6.1275E-01	-6.0825E-01	-5.8693E-01
-5.9136E-01	-5.9928E-01	-6.0147E-01	-5.9650E-01	-5.7296E-01
-5.7662E-01	-5.8537E-01	-5.8779E-01	-5.8230E-01	-5.5631E-01
-5.5951E-01	-5.6917E-01	-5.7185E-01	-5.6579E-01	-5.3706E-01
-5.4019E-01	-5.5088E-01	-5.5385E-01	-5.4714E-01	-5.1533E-01
-5.1883E-01	-5.3070E-01	-5.3399E-01	-5.2655E-01	-4.9125E-01
-4.9568E-01	-5.0890E-01	-5.1256E-01	-5.0427E-01	-4.6497E-01
-4.7101E-01	-4.8579E-01	-4.8988E-01	-4.8062E-01	-4.3666E-01
-4.4516E-01	-4.6179E-01	-4.6640E-01	-4.5597E-01	-4.0652E-01
-4.1858E-01	-4.3744E-01	-4.4266E-01	-4.3084E-01	-3.7478E-01
-3.9189E-01	-4.1349E-01	-4.1947E-01	-4.0593E-01	-3.4172E-01
-3.6594E-01	-3.9101E-01	-3.9795E-01	-3.8223E-01	-3.0770E-01
-3.4206E-01	-3.7171E-01	-3.7726E-01	-3.6088E-01	-2.7320E-01
-3.2254E-01	-3.5852E-01	-3.6872E-01	-3.4437E-01	-2.4049E-01
-3.1171E-01	-3.5398E-01	-3.6021E-01	-3.2892E-01	-2.1310E-01
-3.2503E-01	-3.6269E-01	-3.5162E-01	-3.0766E-01	-1.5206E-01
-2.9543E-01	-2.2110E-01	-1.7753E-01	-9.7950E-02	-7.8853E-02
5.2553E-02	9.2900E-02	2.1120E-01	2.6760E-01	3.0000E-01
2.3850E-01	4.1250E-01	4.9460E-01	5.2300E-01	5.2650E-01
4.9320E-01	7.0270E-01	7.2150E-01	7.4180E-01	7.4180E-01
8.0120E-01	9.4540E-01	9.1897E-01	9.1620E-01	9.2977E-01
1.0111E+00	1.1051E+00	1.1305E+00	1.1440E+00	1.1322E+00
1.1852E+00	1.2002E+00	1.1879E+00	1.1146E+00	1.1846E+00
1.1896E+00	1.0791E+00	1.0297E+00	9.3935E-01	1.0130E+00
1.0370E+00	9.5119E-01	9.1430E-01	8.4931E-01	9.0405E-01
9.5360E-01	8.8106E-01	8.4987E-01	7.9490E-01	8.4120E-01
8.9811E-01	8.3562E-01	8.0875E-01	7.6140E-01	8.0129E-01
8.6059E-01	8.0602E-01	7.8256E-01	7.4122E-01	7.7604E-01
8.3502E-01	7.8690E-01	7.6620E-01	7.2974E-01	7.6045E-01
8.1754E-01	7.7477E-01	7.5637E-01	7.2396E-01	7.5126E-01
8.0552E-01	7.6727E-01	7.5083E-01	7.2185E-01	7.4626E-01
7.9711E-01	7.6275E-01	7.4799E-01	7.2196E-01	7.4388E-01
7.9094E-01	7.5999E-01	7.4668E-01	7.2323E-01	7.4298E-01
7.8602E-01	7.5806E-01	7.4604E-01	7.2485E-01	7.4270E-01
7.8156E-01	7.5626E-01	7.4538E-01	7.2622E-01	7.4236E-01
7.7696E-01	7.5405E-01	7.4420E-01	7.2684E-01	7.4146E-01
7.7174E-01	7.5098E-01	7.4206E-01	7.2633E-01	7.3957E-01
7.6551E-01	7.4671E-01	7.3863E-01	7.2438E-01	7.3638E-01
7.5798E-01	7.4097E-01	7.3365E-01	7.2076E-01	7.3162E-01
7.4891E-01	7.3352E-01	7.2691E-01	7.1525E-01	7.2507E-01
7.3810E-01	7.2421E-01	7.1824E-01	7.0772E-01	7.1658E-01
7.2541E-01	7.1290E-01	7.0752E-01	6.9805E-01	7.0603E-01
7.1072E-01	6.9949E-01	6.9466E-01	6.8615E-01	6.9332E-01
6.9397E-01	6.8392E-01	6.7959E-01	6.7198E-01	6.7839E-01
6.7511E-01	6.6614E-01	6.6229E-01	6.5549E-01	6.6121E-01
6.5411E-01	6.4615E-01	6.4273E-01	6.3670E-01	6.4178E-01
6.3098E-01	6.2395E-01	6.2093E-01	6.1560E-01	6.2009E-01
6.0575E-01	5.9958E-01	5.9693E-01	5.9225E-01	5.9619E-01
5.7846E-01	5.7308E-01	5.7077E-01	5.6669E-01	5.7012E-01
5.4918E-01	5.4452E-01	5.4252E-01	5.3900E-01	5.4197E-01
5.1798E-01	5.1399E-01	5.1228E-01	5.0926E-01	5.1180E-01
4.8497E-01	4.8159E-01	4.8014E-01	4.7758E-01	4.7974E-01
4.5025E-01	4.4743E-01	4.4622E-01	4.4408E-01	4.4588E-01
4.1397E-01	4.1164E-01	4.1065E-01	4.0889E-01	4.1037E-01
3.7624E-01	3.7437E-01	3.7357E-01	3.7215E-01	3.7334E-01
3.3724E-01	3.3576E-01	3.3513E-01	3.3401E-01	3.3495E-01
2.9710E-01	2.9598E-01	2.9550E-01	2.9464E-01	2.9536E-01
2.5602E-01	2.5520E-01	2.5484E-01	2.5422E-01	2.5474E-01
2.1416E-01	2.1359E-01	2.1335E-01	2.1291E-01	2.1328E-01
1.7172E-01	1.7136E-01	1.7120E-01	1.7092E-01	1.7116E-01
1.2888E-01	1.2868E-01	1.2859E-01	1.2843E-01	1.2856E-01
8.5847E-02	8.5756E-02	8.5717E-02	8.5648E-02	8.5706E-02
4.2818E-02	4.2796E-02	4.2786E-02	4.2769E-02	4.2783E-02
0.0000E+00	0.0000E+00	0.0000E+00	0.0000E+00	0.0000E+00
!M	CDTAB
!U	nd
1.2217E+00	1.2217E+00	1.2217E+00	1.2217E+00	1.2217E+00
1.2226E+00	1.2228E+00	1.2227E+00	1.2228E+00	1.2222E+00
1.2206E+00	1.2210E+00	1.2208E+00	1.2210E+00	1.2197E+00
1.2156E+00	1.2162E+00	1.2160E+00	1.2163E+00	1.2143E+00
1.2076E+00	1.2085E+00	1.2082E+00	1.2086E+00	1.2060E+00
1.1969E+00	1.1979E+00	1.1975E+00	1.1981E+00	1.1948E+00
1.1833E+00	1.1845E+00	1.1840E+00	1.1847E+00	1.1808E+00
1.1669E+00	1.1684E+00	1.1678E+00	1.1686E+00	1.1641E+00
1.1480E+00	1.1497E+00	1.1490E+00	1.1499E+00	1.1447E+00
1.1264E+00	1.1283E+00	1.1276E+00	1.1286E+00	1.1228E+00
1.1025E+00	1.1046E+00	1.1037E+00	1.1048E+00	1.0984E+00
1.0762E+00	1.0785E+00	1.0776E+00	1.0788E+00	1.0718E+00
1.0477E+00	1.0503E+00	1.0493E+00	1.0506E+00	1.0430E+00
1.0173E+00	1.0200E+00	1.0189E+00	1.0203E+00	1.0121E+00
9.8494E-01	9.8784E-01	9.8669E-01	9.8822E-01	9.7943E-01
9.5090E-01	9.5399E-01	9.5276E-01	9.5439E-01	9.4503E-01
9.1533E-01	9.1861E-01	9.1731E-01	9.1903E-01	9.0911E-01
8.7841E-01	8.8187E-01	8.8049E-01	8.8231E-01	8.7185E-01
8.4033E-01	8.4396E-01	8.4252E-01	8.4443E-01	8.3343E-01
8.0128E-01	8.0508E-01	8.0357E-01	8.0557E-01	7.9405E-01
7.6145E-01	7.6543E-01	7.6385E-01	7.6594E-01	7.5391E-01
7.2106E-01	7.2519E-01	7.2355E-01	7.2573E-01	7.1320E-01
6.8030E-01	6.8459E-01	6.8288E-01	6.8514E-01	6.7214E-01
6.3937E-01	6.4382E-01	6.4205E-01	6.4439E-01	6.3093E-01
5.9849E-01	6.0308E-01	6.0126E-01	6.0367E-01	5.8976E-01
5.5786E-01	5.6259E-01	5.6071E-01	5.6320E-01	5.4886E-01
5.1768E-01	5.2254E-01	5.2061E-01	5.2317E-01	5.0842E-01
4.7815E-01	4.8315E-01	4.8116E-01	4.8379E-01	4.6865E-01
4.3947E-01	4.4459E-01	4.4256E-01	4.4525E-01	4.2974E-01
4.0184E-01	4.0708E-01	4.0500E-01	4.0775E-01	3.9188E-01
3.6544E-01	3.7079E-01	3.6867E-01	3.7148E-01	3.5527E-01
3.3046E-01	3.3591E-01	3.3374E-01	3.3661E-01	3.2009E-01
2.9706E-01	3.0262E-01	3.0041E-01	3.0333E-01	2.8651E-01
2.6542E-01	2.7107E-01	2.6882E-01	2.7180E-01	2.5470E-01
2.3570E-01	2.4143E-01	2.3915E-01	2.4217E-01	2.2481E-01
2.0804E-01	2.1384E-01	2.1154E-01	2.1459E-01	1.9701E-01
1.8258E-01	1.8845E-01	1.8612E-01	1.8921E-01	1.7141E-01
1.5944E-01	1.6538E-01	1.6302E-01	1.6615E-01	1.4816E-01
1.3875E-01	1.4475E-01	1.4236E-01	1.4552E-01	1.2736E-01
1.2061E-01	1.2665E-01	1.3192E-01	1.2833E-01	1.0912E-01
1.0510E-01	1.1118E-01	1.1148E-01	1.1331E-01	9.3976E-02
9.2299E-02	9.9717E-02	1.0496E-01	1.0086E-01	8.2562E-02
8.3723E-02	8.6972E-02	9.7492E-02	9.0608E-02	6.5867E-02
6.1731E-02	4.8053E-02	3.9070E-02	3.2060E-02	4.7790E-02
2.6734E-02	2.0440E-02	1.6290E-02	1.3320E-02	1.1370E-02
2.3370E-02	1.7600E-02	1.2540E-02	9.6300E-03	8.0000E-03
3.1330E-02	1.7120E-02	1.1530E-02	9.4900E-03	8.4100E-03
3.6900E-02	1.5690E-02	1.2120E-02	1.0692E-02	1.0103E-02
3.0840E-02	1.8335E-02	1.7403E-02	1.6349E-02	1.6549E-02
4.2484E-02	3.4592E-02	3.1310E-02	2.5162E-02	2.6842E-02
6.3420E-02	4.8527E-02	4.3470E-02	3.9563E-02	4.0001E-02
8.0978E-02	6.5713E-02	6.0363E-02	5.5603E-02	5.6575E-02
9.9442E-02	8.4300E-02	7.8993E-02	7.4271E-02	7.5235E-02
1.2050E-01	1.0550E-01	1.0024E-01	9.5563E-02	9.6517E-02
1.4405E-01	1.2920E-01	1.2400E-01	1.1937E-01	1.2032E-01
1.6997E-01	1.5530E-01	1.5016E-01	1.4559E-01	1.4652E-01
1.9814E-01	1.8367E-01	1.7860E-01	1.7408E-01	1.7500E-01
2.2841E-01	2.1416E-01	2.0916E-01	2.0472E-01	2.0562E-01
2.6065E-01	2.4662E-01	2.4171E-01	2.3733E-01	2.3823E-01
2.9469E-01	2.8091E-01	2.7608E-01	2.7178E-01	2.7266E-01
3.3036E-01	3.1684E-01	3.1210E-01	3.0789E-01	3.0875E-01
3.6748E-01	3.5425E-01	3.4961E-01	3.4548E-01	3.4633E-01
4.0588E-01	3.9295E-01	3.8841E-01	3.8438E-01	3.8520E-01
4.4537E-01	4.3275E-01	4.2832E-01	4.2439E-01	4.2519E-01
4.8575E-01	4.7345E-01	4.6914E-01	4.6531E-01	4.6609E-01
5.2682E-01	5.1487E-01	5.1068E-01	5.0695E-01	5.0771E-01
5.6838E-01	5.5679E-01	5.5272E-01	5.4911E-01	5.4984E-01
6.1023E-01	5.9900E-01	5.9507E-01	5.9157E-01	5.9228E-01
6.5216E-01	6.4131E-01	6.3751E-01	6.3413E-01	6.3482E-01
6.9395E-01	6.8351E-01	6.7985E-01	6.7659E-01	6.7726E-01
7.3541E-01	7.2538E-01	7.2187E-01	7.1874E-01	7.1938E-01
7.7634E-01	7.6673E-01	7.6336E-01	7.6036E-01	7.6098E-01
8.1652E-01	8.0734E-01	8.0413E-01	8.0127E-01	8.0185E-01
8.5576E-01	8.4703E-01	8.4397E-01	8.4125E-01	8.4181E-01
8.9386E-01	8.8559E-01	8.8270E-01	8.8012E-01	8.8064E-01
9.3065E-01	9.2284E-01	9.2011E-01	9.1768E-01	9.1817E-01
9.6593E-01	9.5860E-01	9.5603E-01	9.5375E-01	9.5421E-01
9.9952E-01	9.9268E-01	9.9028E-01	9.8815E-01	9.8859E-01
1.0313E+00	1.0249E+00	1.0227E+00	1.0207E+00	1.0211E+00
1.0610E+00	1.0552E+00	1.0531E+00	1.0513E+00	1.0517E+00
1.0886E+00	1.0833E+00	1.0814E+00	1.0797E+00	1.0801E+00
1.1139E+00	1.1091E+00	1.1074E+00	1.1059E+00	1.1062E+00
1.1368E+00	1.1325E+00	1.1310E+00	1.1296E+00	1.1299E+00
1.1571E+00	1.1534E+00	1.1520E+00	1.1509E+00	1.1511E+00
1.1748E+00	1.1716E+00	1.1705E+00	1.1694E+00	1.1697E+00
1.1898E+00	1.1871E+00	1.1862E+00	1.1853E+00	1.1855E+00
1.2020E+00	1.1998E+00	1.1991E+00	1.1984E+00	1.1985E+00
1.2113E+00	1.2097E+00	1.2091E+00	1.2086E+00	1.2087E+00
1.2177E+00	1.2166E+00	1.2163E+00	1.2159E+00	1.2160E+00
1.2212E+00	1.2206E+00	1.2204E+00	1.2203E+00	1.2203E+00
1.2217E+00	1.2217E+00	1.2217E+00	1.2217E+00	1.2217E+00
!M	CMTAB
!U	nd
3.0542E-01	3.0542E-01	3.0542E-01	3.0542E-01	3.0542E-01
3.0489E-01	3.0485E-01	3.0480E-01	3.0480E-01	3.0480E-01
3.0335E-01	3.0319E-01	3.0298E-01	3.0300E-01	3.0299E-01
3.0083E-01	3.0049E-01	3.0003E-01	3.0006E-01	3.0005E-01
2.9740E-01	2.9680E-01	2.9601E-01	2.9606E-01	2.9604E-01
2.9310E-01	2.9219E-01	2.9099E-01	2.9106E-01	2.9102E-01
2.8798E-01	2.8670E-01	2.8503E-01	2.8512E-01	2.8506E-01
2.8210E-01	2.8039E-01	2.7819E-01	2.7831E-01	2.7820E-01
2.7550E-01	2.7332E-01	2.7053E-01	2.7067E-01	2.7052E-01
2.6823E-01	2.6555E-01	2.6213E-01	2.6228E-01	2.6207E-01
2.6034E-01	2.5712E-01	2.5304E-01	2.5321E-01	2.5291E-01
2.5188E-01	2.4810E-01	2.4333E-01	2.4350E-01	2.4311E-01
2.4291E-01	2.3853E-01	2.3306E-01	2.3323E-01	2.3272E-01
2.3347E-01	2.2848E-01	2.2229E-01	2.2246E-01	2.2181E-01
2.2362E-01	2.1801E-01	2.1109E-01	2.1124E-01	2.1044E-01
2.1339E-01	2.0715E-01	1.9953E-01	1.9965E-01	1.9866E-01
2.0286E-01	1.9598E-01	1.8767E-01	1.8774E-01	1.8655E-01
1.9205E-01	1.8454E-01	1.7556E-01	1.7558E-01	1.7415E-01
1.8103E-01	1.7290E-01	1.6328E-01	1.6323E-01	1.6153E-01
1.6984E-01	1.6110E-01	1.5089E-01	1.5074E-01	1.4875E-01
1.5854E-01	1.4921E-01	1.3845E-01	1.3819E-01	1.3588E-01
1.4717E-01	1.3727E-01	1.2602E-01	1.2564E-01	1.2297E-01
1.3578E-01	1.2535E-01	1.1368E-01	1.1315E-01	1.1007E-01
1.2443E-01	1.1350E-01	1.0148E-01	1.0077E-01	9.7266E-02
1.1316E-01	1.0177E-01	8.9484E-02	8.8583E-02	8.4602E-02
1.0203E-01	9.0226E-02	7.7761E-02	7.6639E-02	7.2144E-02
9.1086E-02	7.8915E-02	6.6374E-02	6.5003E-02	5.9951E-02
8.0375E-02	6.7895E-02	5.5385E-02	5.3737E-02	4.8085E-02
6.9949E-02	5.7222E-02	4.4859E-02	4.2905E-02	3.6606E-02
5.9858E-02	4.6950E-02	3.4860E-02	3.2568E-02	2.5574E-02
5.0152E-02	3.7136E-02	2.5450E-02	2.2788E-02	1.5052E-02
4.0882E-02	2.7836E-02	1.6695E-02	1.3630E-02	5.0980E-03
3.2098E-02	1.9103E-02	8.6580E-03	5.1530E-03	-4.2250E-03
2.3850E-02	1.0995E-02	1.4020E-03	-2.5780E-03	-1.2858E-02
1.6188E-02	3.5660E-03	-5.0080E-03	-9.5010E-03	-2.0738E-02
9.1620E-03	-3.1290E-03	-1.0509E-02	-1.5555E-02	-2.7807E-02
2.8230E-03	-9.0330E-03	-1.5037E-02	-2.0676E-02	-3.4003E-02
-2.7800E-03	-1.4091E-02	-1.8528E-02	-2.4803E-02	-3.9265E-02
-7.5970E-03	-1.8248E-02	-2.0918E-02	-2.7873E-02	-4.3532E-02
-1.1576E-02	-2.1448E-02	-2.1757E-02	-2.9448E-02	-4.6745E-02
-1.4669E-02	-2.3637E-02	-2.3150E-02	-3.0084E-02	-4.8416E-02
-1.6825E-02	-2.5503E-02	-2.5743E-02	-3.4679E-02	-4.7914E-02
-1.7983E-02	-2.6128E-02	-2.8039E-02	-4.0444E-02	-5.7968E-02
-3.1804E-02	-5.0867E-02	-6.2367E-02	-7.8825E-02	-7.2387E-02
-7.5707E-02	-8.0400E-02	-1.0220E-01	-1.1160E-01	-1.1680E-01
-7.5100E-02	-1.0590E-01	-1.1750E-01	-1.2040E-01	-1.2030E-01
-9.7800E-02	-1.2140E-01	-1.2220E-01	-1.2040E-01	-1.1920E-01
-1.1740E-01	-1.1850E-01	-1.1684E-01	-1.1548E-01	-1.1510E-01
-1.0957E-01	-1.0485E-01	-1.0317E-01	-1.0371E-01	-1.0433E-01
-7.3096E-02	-8.2168E-02	-8.5000E-02	-9.6035E-02	-9.0303E-02
-7.0879E-02	-7.9572E-02	-8.5358E-02	-9.6675E-02	-9.0754E-02
-7.1742E-02	-8.0684E-02	-8.6522E-02	-9.7991E-02	-9.1964E-02
-7.3372E-02	-8.2499E-02	-8.8368E-02	-9.9953E-02	-9.3838E-02
-7.5754E-02	-8.5011E-02	-9.0884E-02	-1.0253E-01	-9.6359E-02
-7.8846E-02	-8.8182E-02	-9.4035E-02	-1.0568E-01	-9.9490E-02
-8.2605E-02	-9.1971E-02	-9.7780E-02	-1.0938E-01	-1.0319E-01
-8.6990E-02	-9.6339E-02	-1.0208E-01	-1.1359E-01	-1.0743E-01
-9.1958E-02	-1.0125E-01	-1.0690E-01	-1.1827E-01	-1.1217E-01
-9.7465E-02	-1.0665E-01	-1.1220E-01	-1.2338E-01	-1.1737E-01
-1.0347E-01	-1.1252E-01	-1.1794E-01	-1.2890E-01	-1.2300E-01
-1.0993E-01	-1.1880E-01	-1.2408E-01	-1.3478E-01	-1.2901E-01
-1.1681E-01	-1.2546E-01	-1.3059E-01	-1.4100E-01	-1.3537E-01
-1.2405E-01	-1.3247E-01	-1.3743E-01	-1.4750E-01	-1.4205E-01
-1.3163E-01	-1.3978E-01	-1.4455E-01	-1.5427E-01	-1.4900E-01
-1.3949E-01	-1.4734E-01	-1.5192E-01	-1.6126E-01	-1.5619E-01
-1.4759E-01	-1.5513E-01	-1.5950E-01	-1.6844E-01	-1.6358E-01
-1.5590E-01	-1.6310E-01	-1.6726E-01	-1.7577E-01	-1.7114E-01
-1.6436E-01	-1.7121E-01	-1.7515E-01	-1.8322E-01	-1.7882E-01
-1.7294E-01	-1.7942E-01	-1.8313E-01	-1.9076E-01	-1.8660E-01
-1.8159E-01	-1.8769E-01	-1.9118E-01	-1.9834E-01	-1.9443E-01
-1.9028E-01	-1.9599E-01	-1.9924E-01	-2.0593E-01	-2.0227E-01
-1.9896E-01	-2.0427E-01	-2.0728E-01	-2.1349E-01	-2.1009E-01
-2.0758E-01	-2.1249E-01	-2.1527E-01	-2.2100E-01	-2.1786E-01
-2.1611E-01	-2.2061E-01	-2.2316E-01	-2.2841E-01	-2.2553E-01
-2.2450E-01	-2.2860E-01	-2.3091E-01	-2.3569E-01	-2.3307E-01
-2.3271E-01	-2.3641E-01	-2.3850E-01	-2.4280E-01	-2.4044E-01
-2.4069E-01	-2.4401E-01	-2.4587E-01	-2.4971E-01	-2.4760E-01
-2.4841E-01	-2.5135E-01	-2.5299E-01	-2.5639E-01	-2.5452E-01
-2.5583E-01	-2.5839E-01	-2.5982E-01	-2.6279E-01	-2.6116E-01
-2.6289E-01	-2.6510E-01	-2.6633E-01	-2.6888E-01	-2.6748E-01
-2.6957E-01	-2.7144E-01	-2.7248E-01	-2.7463E-01	-2.7344E-01
-2.7581E-01	-2.7736E-01	-2.7822E-01	-2.8000E-01	-2.7902E-01
-2.8157E-01	-2.8282E-01	-2.8352E-01	-2.8496E-01	-2.8416E-01
-2.8681E-01	-2.8779E-01	-2.8834E-01	-2.8946E-01	-2.8884E-01
-2.9149E-01	-2.9223E-01	-2.9264E-01	-2.9348E-01	-2.9302E-01
-2.9557E-01	-2.9609E-01	-2.9638E-01	-2.9698E-01	-2.9665E-01
-2.9900E-01	-2.9934E-01	-2.9953E-01	-2.9992E-01	-2.9971E-01
-3.0174E-01	-3.0194E-01	-3.0205E-01	-3.0227E-01	-3.0215E-01
-3.0376E-01	-3.0384E-01	-3.0389E-01	-3.0400E-01	-3.0394E-01
-3.0499E-01	-3.0502E-01	-3.0503E-01	-3.0506E-01	-3.0504E-01
-3.0542E-01	-3.0542E-01	-3.0542E-01	-3.0542E-01	-3.0542E-01
