!T	AOACL
!U	deg
-90	
-88	
-86	
-84	
-82	
-80	
-78	
-76	
-74	
-72	
-70	
-68	
-66	
-64	
-62	
-60	
-58	
-56	
-54	
-52	
-50	
-48	
-46	
-44	
-42	
-40	
-38	
-36	
-34	
-32	
-30	
-28	
-26	
-24	
-22	
-20	
-18	
-16	
-14	
-12	
-10	
-8	
-6	
-4	
-2	
0	
2	
4	
6	
8	
10	
12	
14	
16	
18	
20	
22	
24	
26	
28	
30	
32	
34	
36	
38	
40	
42	
44	
46	
48	
50	
52	
54	
56	
58	
60	
62	
64	
66	
68	
70	
72	
74	
76	
78	
80	
82	
84	
86	
88	
90	
!T	AOACD
!U	deg
-90	
-88	
-86	
-84	
-82	
-80	
-78	
-76	
-74	
-72	
-70	
-68	
-66	
-64	
-62	
-60	
-58	
-56	
-54	
-52	
-50	
-48	
-46	
-44	
-42	
-40	
-38	
-36	
-34	
-32	
-30	
-28	
-26	
-24	
-22	
-20	
-18	
-16	
-14	
-12	
-10	
-8	
-6	
-4	
-2	
0	
2	
4	
6	
8	
10	
12	
14	
16	
18	
20	
22	
24	
26	
28	
30	
32	
34	
36	
38	
40	
42	
44	
46	
48	
50	
52	
54	
56	
58	
60	
62	
64	
66	
68	
70	
72	
74	
76	
78	
80	
82	
84	
86	
88	
90	
!T	AOACM
!U	deg
-90	
-88	
-86	
-84	
-82	
-80	
-78	
-76	
-74	
-72	
-70	
-68	
-66	
-64	
-62	
-60	
-58	
-56	
-54	
-52	
-50	
-48	
-46	
-44	
-42	
-40	
-38	
-36	
-34	
-32	
-30	
-28	
-26	
-24	
-22	
-20	
-18	
-16	
-14	
-12	
-10	
-8	
-6	
-4	
-2	
0	
2	
4	
6	
8	
10	
12	
14	
16	
18	
20	
22	
24	
26	
28	
30	
32	
34	
36	
38	
40	
42	
44	
46	
48	
50	
52	
54	
56	
58	
60	
62	
64	
66	
68	
70	
72	
74	
76	
78	
80	
82	
84	
86	
88	
90	
!T	RECL
!U	nd
50000	
100000	
150000	
200000	
250000	
!T	RECD
!U	nd
50000	
100000	
150000	
200000	
250000	
!T	RECM
!U	nd
50000	
100000	
150000	
200000	
250000	
!M	CLTAB
!U	nd
-0.0000E+00	-0.0000E+00	-0.0000E+00	-0.0000E+00	-0.0000E+00
-4.2633E-02	-4.2637E-02	-4.2625E-02	-4.2620E-02	-4.2621E-02
-8.5107E-02	-8.5122E-02	-8.5073E-02	-8.5052E-02	-8.5058E-02
-1.2721E-01	-1.2725E-01	-1.2714E-01	-1.2709E-01	-1.2710E-01
-1.6875E-01	-1.6881E-01	-1.6861E-01	-1.6853E-01	-1.6855E-01
-2.0952E-01	-2.0961E-01	-2.0930E-01	-2.0917E-01	-2.0921E-01
-2.4931E-01	-2.4945E-01	-2.4900E-01	-2.4882E-01	-2.4887E-01
-2.8795E-01	-2.8813E-01	-2.8752E-01	-2.8727E-01	-2.8734E-01
-3.2524E-01	-3.2548E-01	-3.2468E-01	-3.2435E-01	-3.2444E-01
-3.6101E-01	-3.6131E-01	-3.6030E-01	-3.5987E-01	-3.5999E-01
-3.9508E-01	-3.9546E-01	-3.9420E-01	-3.9367E-01	-3.9382E-01
-4.2729E-01	-4.2775E-01	-4.2622E-01	-4.2558E-01	-4.2576E-01
-4.5749E-01	-4.5804E-01	-4.5621E-01	-4.5544E-01	-4.5566E-01
-4.8553E-01	-4.8619E-01	-4.8402E-01	-4.8312E-01	-4.8338E-01
-5.1130E-01	-5.1206E-01	-5.0953E-01	-5.0848E-01	-5.0878E-01
-5.3466E-01	-5.3554E-01	-5.3262E-01	-5.3139E-01	-5.3174E-01
-5.5550E-01	-5.5652E-01	-5.5317E-01	-5.5176E-01	-5.5216E-01
-5.7375E-01	-5.7490E-01	-5.7108E-01	-5.6949E-01	-5.6994E-01
-5.8931E-01	-5.9061E-01	-5.8629E-01	-5.8449E-01	-5.8500E-01
-6.0212E-01	-6.0359E-01	-5.9872E-01	-5.9669E-01	-5.9727E-01
-6.1213E-01	-6.1377E-01	-6.0832E-01	-6.0603E-01	-6.0669E-01
-6.1930E-01	-6.2114E-01	-6.1504E-01	-6.1249E-01	-6.1322E-01
-6.2361E-01	-6.2566E-01	-6.1887E-01	-6.1603E-01	-6.1684E-01
-6.2506E-01	-6.2734E-01	-6.1981E-01	-6.1665E-01	-6.1755E-01
-6.2367E-01	-6.2619E-01	-6.1784E-01	-6.1435E-01	-6.1534E-01
-6.1945E-01	-6.2224E-01	-6.1301E-01	-6.0914E-01	-6.1024E-01
-6.1246E-01	-6.1554E-01	-6.0534E-01	-6.0107E-01	-6.0229E-01
-6.0277E-01	-6.0617E-01	-5.9491E-01	-5.9019E-01	-5.9153E-01
-5.9045E-01	-5.9420E-01	-5.8177E-01	-5.7657E-01	-5.7805E-01
-5.7562E-01	-5.7976E-01	-5.6604E-01	-5.6029E-01	-5.6193E-01
-5.5840E-01	-5.6299E-01	-5.4781E-01	-5.4146E-01	-5.4327E-01
-5.3896E-01	-5.4403E-01	-5.2723E-01	-5.2020E-01	-5.2221E-01
-5.1747E-01	-5.2310E-01	-5.0446E-01	-4.9666E-01	-4.9888E-01
-4.9416E-01	-5.0043E-01	-4.7968E-01	-4.7099E-01	-4.7346E-01
-4.6931E-01	-4.7632E-01	-4.5311E-01	-4.4339E-01	-4.4616E-01
-4.4325E-01	-4.5114E-01	-4.2502E-01	-4.1409E-01	-4.1720E-01
-4.1642E-01	-4.2536E-01	-3.9576E-01	-3.8336E-01	-3.8689E-01
-3.8942E-01	-3.9965E-01	-3.6574E-01	-3.5155E-01	-3.5559E-01
-3.6307E-01	-3.7495E-01	-3.3559E-01	-3.1911E-01	-3.2380E-01
-3.3867E-01	-3.5272E-01	-3.0618E-01	-2.8669E-01	-2.9224E-01
-3.1842E-01	-3.3548E-01	-2.7898E-01	-2.5533E-01	-2.6465E-01
-3.0651E-01	-3.2709E-01	-2.5844E-01	-2.2916E-01	-2.3178E-01
-3.1101E-01	-3.4571E-01	-2.4570E-01	-2.0797E-01	-1.5995E-01
-3.6470E-01	-2.2486E-01	-5.4646E-02	5.0540E-03	8.5400E-02
-2.1814E-01	1.5090E-01	2.6550E-01	3.4120E-01	3.8417E-01
1.7510E-01	4.7340E-01	5.9540E-01	6.5770E-01	6.9030E-01
4.8260E-01	8.2060E-01	8.8210E-01	8.8650E-01	8.8540E-01
8.6250E-01	1.0756E+00	1.0656E+00	1.0513E+00	1.0433E+00
1.2000E+00	1.2463E+00	1.2197E+00	1.2062E+00	1.2023E+00
1.3790E+00	1.3825E+00	1.3369E+00	1.3300E+00	1.3353E+00
1.4530E+00	1.4585E+00	1.4418E+00	1.4570E+00	1.4796E+00
1.2923E+00	1.5578E+00	1.5588E+00	1.5636E+00	1.5358E+00
1.1973E+00	1.4436E+00	1.5174E+00	1.4448E+00	1.3863E+00
1.1081E+00	1.3042E+00	1.3693E+00	1.3083E+00	1.2615E+00
1.0439E+00	1.2152E+00	1.2716E+00	1.2188E+00	1.1779E+00
9.9672E-01	1.1478E+00	1.1976E+00	1.1509E+00	1.1149E+00
9.6127E-01	1.0955E+00	1.1398E+00	1.0984E+00	1.0663E+00
9.3403E-01	1.0541E+00	1.0937E+00	1.0566E+00	1.0279E+00
9.1252E-01	1.0203E+00	1.0559E+00	1.0226E+00	9.9686E-01
8.9494E-01	9.9210E-01	1.0241E+00	9.9414E-01	9.7095E-01
8.7996E-01	9.6773E-01	9.9667E-01	9.6957E-01	9.4862E-01
8.6656E-01	9.4596E-01	9.7215E-01	9.4763E-01	9.2868E-01
8.5394E-01	9.2585E-01	9.4957E-01	9.2736E-01	9.1019E-01
8.4147E-01	9.0663E-01	9.2811E-01	9.0799E-01	8.9244E-01
8.2868E-01	8.8769E-01	9.0716E-01	8.8893E-01	8.7484E-01
8.1516E-01	8.6857E-01	8.8619E-01	8.6969E-01	8.5694E-01
8.0060E-01	8.4889E-01	8.6482E-01	8.4990E-01	8.3837E-01
7.8475E-01	8.2833E-01	8.4271E-01	8.2925E-01	8.1884E-01
7.6742E-01	8.0667E-01	8.1961E-01	8.0749E-01	7.9812E-01
7.4845E-01	7.8371E-01	7.9533E-01	7.8444E-01	7.7603E-01
7.2775E-01	7.5931E-01	7.6972E-01	7.5997E-01	7.5244E-01
7.0523E-01	7.3338E-01	7.4266E-01	7.3397E-01	7.2725E-01
6.8086E-01	7.0584E-01	7.1408E-01	7.0637E-01	7.0040E-01
6.5461E-01	6.7667E-01	6.8395E-01	6.7714E-01	6.7187E-01
6.2649E-01	6.4586E-01	6.5225E-01	6.4627E-01	6.4165E-01
5.9654E-01	6.1343E-01	6.1900E-01	6.1378E-01	6.0975E-01
5.6481E-01	5.7941E-01	5.8423E-01	5.7972E-01	5.7623E-01
5.3137E-01	5.4388E-01	5.4800E-01	5.4414E-01	5.4116E-01
4.9631E-01	5.0690E-01	5.1040E-01	5.0713E-01	5.0460E-01
4.5973E-01	4.6859E-01	4.7151E-01	4.6877E-01	4.6666E-01
4.2176E-01	4.2905E-01	4.3145E-01	4.2920E-01	4.2746E-01
3.8253E-01	3.8841E-01	3.9034E-01	3.8853E-01	3.8713E-01
3.4219E-01	3.4681E-01	3.4833E-01	3.4691E-01	3.4580E-01
3.0088E-01	3.0441E-01	3.0557E-01	3.0449E-01	3.0364E-01
2.5879E-01	2.6137E-01	2.6223E-01	2.6143E-01	2.6081E-01
2.1608E-01	2.1787E-01	2.1846E-01	2.1791E-01	2.1748E-01
1.7294E-01	1.7409E-01	1.7447E-01	1.7411E-01	1.7384E-01
1.2957E-01	1.3021E-01	1.3043E-01	1.3023E-01	1.3007E-01
8.6153E-02	8.6438E-02	8.6532E-02	8.6444E-02	8.6376E-02
4.2895E-02	4.2966E-02	4.2989E-02	4.2967E-02	4.2950E-02
0.0000E+00	0.0000E+00	0.0000E+00	0.0000E+00	0.0000E+00
!M	CDTAB
!U	nd
1.2217E+00	1.2217E+00	1.2217E+00	1.2217E+00	1.2217E+00
1.2235E+00	1.2234E+00	1.2224E+00	1.2224E+00	1.2233E+00
1.2223E+00	1.2222E+00	1.2202E+00	1.2201E+00	1.2219E+00
1.2181E+00	1.2181E+00	1.2150E+00	1.2148E+00	1.2176E+00
1.2111E+00	1.2110E+00	1.2069E+00	1.2067E+00	1.2104E+00
1.2011E+00	1.2011E+00	1.1959E+00	1.1957E+00	1.2003E+00
1.1884E+00	1.1883E+00	1.1821E+00	1.1818E+00	1.1874E+00
1.1729E+00	1.1728E+00	1.1656E+00	1.1653E+00	1.1717E+00
1.1547E+00	1.1546E+00	1.1465E+00	1.1460E+00	1.1534E+00
1.1340E+00	1.1339E+00	1.1247E+00	1.1243E+00	1.1325E+00
1.1109E+00	1.1107E+00	1.1006E+00	1.1001E+00	1.1092E+00
1.0854E+00	1.0853E+00	1.0742E+00	1.0736E+00	1.0836E+00
1.0578E+00	1.0576E+00	1.0455E+00	1.0449E+00	1.0558E+00
1.0281E+00	1.0279E+00	1.0149E+00	1.0142E+00	1.0260E+00
9.9650E-01	9.9631E-01	9.8240E-01	9.8169E-01	9.9425E-01
9.6322E-01	9.6301E-01	9.4819E-01	9.4744E-01	9.6081E-01
9.2838E-01	9.2817E-01	9.1246E-01	9.1166E-01	9.2584E-01
8.9218E-01	8.9195E-01	8.7538E-01	8.7454E-01	8.8950E-01
8.5480E-01	8.5456E-01	8.3714E-01	8.3626E-01	8.5198E-01
8.1644E-01	8.1619E-01	7.9794E-01	7.9701E-01	8.1348E-01
7.7728E-01	7.7702E-01	7.5797E-01	7.5700E-01	7.7419E-01
7.3754E-01	7.3726E-01	7.1743E-01	7.1642E-01	7.3432E-01
6.9740E-01	6.9712E-01	6.7653E-01	6.7548E-01	6.9407E-01
6.5709E-01	6.5679E-01	6.3547E-01	6.3439E-01	6.5363E-01
6.1679E-01	6.1649E-01	5.9446E-01	5.9334E-01	6.1322E-01
5.7672E-01	5.7641E-01	5.5371E-01	5.5255E-01	5.7304E-01
5.3708E-01	5.3676E-01	5.1341E-01	5.1222E-01	5.3329E-01
4.9807E-01	4.9774E-01	4.7376E-01	4.7254E-01	4.9418E-01
4.5988E-01	4.5955E-01	4.3498E-01	4.3373E-01	4.5590E-01
4.2272E-01	4.2238E-01	3.9724E-01	3.9596E-01	4.1865E-01
3.8677E-01	3.8641E-01	3.6075E-01	3.5944E-01	3.8261E-01
3.5220E-01	3.5184E-01	3.2567E-01	3.2434E-01	3.4796E-01
3.1919E-01	3.1883E-01	2.9219E-01	2.9083E-01	3.1488E-01
2.8792E-01	2.8755E-01	2.6047E-01	2.5909E-01	2.8353E-01
2.5853E-01	2.5815E-01	2.3068E-01	2.2928E-01	2.5408E-01
2.3118E-01	2.3080E-01	2.0295E-01	2.0153E-01	2.2666E-01
2.0600E-01	2.0561E-01	1.7742E-01	1.7599E-01	2.0143E-01
1.8311E-01	1.8272E-01	1.5423E-01	1.5278E-01	1.7849E-01
1.6264E-01	1.6225E-01	1.3349E-01	1.3203E-01	1.5798E-01
1.4469E-01	1.4429E-01	1.1531E-01	1.1383E-01	1.3999E-01
1.2934E-01	1.2895E-01	9.9759E-02	9.8271E-02	1.2887E-01
1.1668E-01	1.1641E-01	8.9273E-02	8.6631E-02	1.0864E-01
1.0727E-01	1.0734E-01	7.6890E-02	7.7323E-02	5.9472E-02
9.9650E-02	5.2117E-02	2.7550E-02	2.7461E-02	1.7130E-02
5.3147E-02	2.9900E-02	2.1330E-02	1.6200E-02	1.3293E-02
4.3910E-02	2.4530E-02	1.5670E-02	1.2270E-02	1.0750E-02
4.1760E-02	1.7030E-02	1.2960E-02	1.1670E-02	1.1070E-02
3.6860E-02	1.8310E-02	1.5300E-02	1.3810E-02	1.2920E-02
3.4970E-02	2.2140E-02	1.8600E-02	1.6850E-02	1.5770E-02
4.2756E-02	2.6450E-02	2.2450E-02	2.0540E-02	1.9500E-02
5.5764E-02	3.1262E-02	2.7580E-02	2.5382E-02	2.3867E-02
7.8605E-02	3.8716E-02	3.4784E-02	3.2333E-02	3.2930E-02
8.5610E-02	5.6999E-02	5.0634E-02	5.0315E-02	5.1860E-02
1.0680E-01	7.9190E-02	7.2337E-02	7.1510E-02	7.3281E-02
1.3049E-01	1.0318E-01	9.6309E-02	9.5578E-02	9.7330E-02
1.5657E-01	1.2959E-01	1.2280E-01	1.2208E-01	1.2381E-01
1.8492E-01	1.5829E-01	1.5160E-01	1.5088E-01	1.5259E-01
2.1539E-01	1.8915E-01	1.8256E-01	1.8186E-01	1.8354E-01
2.4784E-01	2.2203E-01	2.1554E-01	2.1484E-01	2.1650E-01
2.8210E-01	2.5674E-01	2.5037E-01	2.4969E-01	2.5132E-01
3.1801E-01	2.9314E-01	2.8689E-01	2.8622E-01	2.8782E-01
3.5539E-01	3.3104E-01	3.2492E-01	3.2426E-01	3.2583E-01
3.9407E-01	3.7026E-01	3.6427E-01	3.6363E-01	3.6516E-01
4.3384E-01	4.1061E-01	4.0476E-01	4.0414E-01	4.0563E-01
4.7452E-01	4.5189E-01	4.4620E-01	4.4559E-01	4.4704E-01
5.1590E-01	4.9390E-01	4.8837E-01	4.8778E-01	4.8919E-01
5.5779E-01	5.3645E-01	5.3108E-01	5.3051E-01	5.3188E-01
5.9998E-01	5.7932E-01	5.7412E-01	5.7357E-01	5.7490E-01
6.4225E-01	6.2230E-01	6.1729E-01	6.1675E-01	6.1803E-01
6.8441E-01	6.6520E-01	6.6036E-01	6.5985E-01	6.6108E-01
7.2625E-01	7.0779E-01	7.0315E-01	7.0265E-01	7.0384E-01
7.6756E-01	7.4988E-01	7.4543E-01	7.4496E-01	7.4609E-01
8.0814E-01	7.9126E-01	7.8701E-01	7.8656E-01	7.8764E-01
8.4779E-01	8.3173E-01	8.2769E-01	8.2726E-01	8.2829E-01
8.8631E-01	8.7109E-01	8.6726E-01	8.6686E-01	8.6783E-01
9.2352E-01	9.0916E-01	9.0555E-01	9.0516E-01	9.0609E-01
9.5923E-01	9.4575E-01	9.4236E-01	9.4200E-01	9.4286E-01
9.9327E-01	9.8068E-01	9.7752E-01	9.7718E-01	9.7799E-01
1.0255E+00	1.0138E+00	1.0109E+00	1.0105E+00	1.0113E+00
1.0557E+00	1.0449E+00	1.0422E+00	1.0419E+00	1.0426E+00
1.0837E+00	1.0739E+00	1.0714E+00	1.0712E+00	1.0718E+00
1.1095E+00	1.1006E+00	1.0984E+00	1.0982E+00	1.0987E+00
1.1329E+00	1.1249E+00	1.1229E+00	1.1227E+00	1.1232E+00
1.1537E+00	1.1467E+00	1.1450E+00	1.1448E+00	1.1452E+00
1.1719E+00	1.1659E+00	1.1644E+00	1.1642E+00	1.1646E+00
1.1874E+00	1.1824E+00	1.1811E+00	1.1810E+00	1.1813E+00
1.2000E+00	1.1960E+00	1.1950E+00	1.1949E+00	1.1952E+00
1.2098E+00	1.2068E+00	1.2061E+00	1.2060E+00	1.2062E+00
1.2167E+00	1.2147E+00	1.2142E+00	1.2142E+00	1.2143E+00
1.2207E+00	1.2197E+00	1.2194E+00	1.2194E+00	1.2195E+00
1.2217E+00	1.2217E+00	1.2217E+00	1.2217E+00	1.2217E+00
!M	CMTAB
!U	nd
3.0542E-01	3.0542E-01	3.0542E-01	3.0542E-01	3.0542E-01
3.0493E-01	3.0490E-01	3.0481E-01	3.0480E-01	3.0481E-01
3.0351E-01	3.0338E-01	3.0304E-01	3.0300E-01	3.0302E-01
3.0120E-01	3.0091E-01	3.0015E-01	3.0006E-01	3.0011E-01
2.9803E-01	2.9754E-01	2.9622E-01	2.9605E-01	2.9615E-01
2.9407E-01	2.9332E-01	2.9129E-01	2.9103E-01	2.9120E-01
2.8936E-01	2.8830E-01	2.8542E-01	2.8505E-01	2.8531E-01
2.8393E-01	2.8252E-01	2.7867E-01	2.7818E-01	2.7855E-01
2.7784E-01	2.7604E-01	2.7111E-01	2.7048E-01	2.7098E-01
2.7114E-01	2.6892E-01	2.6279E-01	2.6200E-01	2.6266E-01
2.6386E-01	2.6118E-01	2.5376E-01	2.5280E-01	2.5365E-01
2.5606E-01	2.5289E-01	2.4410E-01	2.4295E-01	2.4401E-01
2.4777E-01	2.4410E-01	2.3384E-01	2.3250E-01	2.3381E-01
2.3905E-01	2.3486E-01	2.2307E-01	2.2152E-01	2.2310E-01
2.2995E-01	2.2521E-01	2.1182E-01	2.1005E-01	2.1195E-01
2.2049E-01	2.1521E-01	2.0016E-01	1.9817E-01	2.0041E-01
2.1074E-01	2.0491E-01	1.8816E-01	1.8592E-01	1.8856E-01
2.0075E-01	1.9434E-01	1.7586E-01	1.7338E-01	1.7644E-01
1.9054E-01	1.8358E-01	1.6332E-01	1.6059E-01	1.6413E-01
1.8017E-01	1.7266E-01	1.5062E-01	1.4762E-01	1.5167E-01
1.6969E-01	1.6163E-01	1.3779E-01	1.3453E-01	1.3914E-01
1.5914E-01	1.5055E-01	1.2491E-01	1.2138E-01	1.2660E-01
1.4857E-01	1.3945E-01	1.1202E-01	1.0822E-01	1.1410E-01
1.3802E-01	1.2841E-01	9.9199E-02	9.5123E-02	1.0171E-01
1.2754E-01	1.1746E-01	8.6491E-02	8.2137E-02	8.9488E-02
1.1718E-01	1.0665E-01	7.3958E-02	6.9325E-02	7.7495E-02
1.0697E-01	9.6029E-02	6.1659E-02	5.6747E-02	6.5792E-02
9.6971E-02	8.5654E-02	4.9653E-02	4.4462E-02	5.4441E-02
8.7222E-02	7.5571E-02	3.7997E-02	3.2529E-02	4.3504E-02
7.7771E-02	6.5830E-02	2.6750E-02	2.1008E-02	3.3040E-02
6.8663E-02	5.6481E-02	1.5972E-02	9.9580E-03	2.3112E-02
5.9944E-02	4.7573E-02	5.7190E-03	-5.6100E-04	1.3781E-02
5.1660E-02	3.9156E-02	-3.9480E-03	-1.0491E-02	5.1080E-03
4.3856E-02	3.1280E-02	-1.2973E-02	-1.9771E-02	-2.8460E-03
3.6578E-02	2.3994E-02	-2.1295E-02	-2.8343E-02	-1.0019E-02
2.9872E-02	1.7349E-02	-2.8858E-02	-3.6147E-02	-1.6351E-02
2.3783E-02	1.1393E-02	-3.5602E-02	-4.3124E-02	-2.1781E-02
1.8358E-02	6.1770E-03	-4.1469E-02	-4.9214E-02	-2.6246E-02
1.3642E-02	1.7510E-03	-4.6400E-02	-5.4359E-02	-2.9686E-02
9.6810E-03	-1.8370E-03	-5.0337E-02	-5.8498E-02	-3.2040E-02
6.5200E-03	-4.5350E-03	-5.3222E-02	-6.1572E-02	-2.9812E-02
4.2060E-03	-6.5530E-03	-5.2381E-02	-6.1872E-02	-3.8400E-02
1.9710E-03	-6.7410E-03	-5.5600E-02	-6.1712E-02	-8.4400E-02
2.3000E-03	-7.5528E-02	-1.1504E-01	-1.2068E-01	-1.3780E-01
-5.8533E-02	-1.1920E-01	-1.3400E-01	-1.4360E-01	-1.4960E-01
-1.0060E-01	-1.3410E-01	-1.4940E-01	-1.5940E-01	-1.6540E-01
-1.1360E-01	-1.4870E-01	-1.5790E-01	-1.5900E-01	-1.5780E-01
-1.3000E-01	-1.5170E-01	-1.4860E-01	-1.4540E-01	-1.4370E-01
-1.3930E-01	-1.4090E-01	-1.3510E-01	-1.3230E-01	-1.3150E-01
-1.2847E-01	-1.2530E-01	-1.1660E-01	-1.1610E-01	-1.1650E-01
-1.0390E-01	-1.0078E-01	-9.9700E-02	-1.0044E-01	-1.0084E-01
-1.0059E-01	-8.3843E-02	-8.3172E-02	-8.4971E-02	-8.6300E-02
-9.8276E-02	-7.9334E-02	-7.5174E-02	-8.1381E-02	-8.5679E-02
-9.9953E-02	-8.1437E-02	-7.7156E-02	-8.3922E-02	-8.7970E-02
-1.0231E-01	-8.3343E-02	-7.8824E-02	-8.5807E-02	-8.9990E-02
-1.0531E-01	-8.6022E-02	-8.1305E-02	-8.8456E-02	-9.2742E-02
-1.0892E-01	-8.9427E-02	-8.4555E-02	-9.1823E-02	-9.6181E-02
-1.1308E-01	-9.3511E-02	-8.8525E-02	-9.5862E-02	-1.0026E-01
-1.1777E-01	-9.8229E-02	-9.3168E-02	-1.0053E-01	-1.0494E-01
-1.2294E-01	-1.0353E-01	-9.8434E-02	-1.0577E-01	-1.1018E-01
-1.2855E-01	-1.0938E-01	-1.0428E-01	-1.1155E-01	-1.1592E-01
-1.3457E-01	-1.1571E-01	-1.1064E-01	-1.1782E-01	-1.2213E-01
-1.4095E-01	-1.2250E-01	-1.1749E-01	-1.2453E-01	-1.2876E-01
-1.4765E-01	-1.2969E-01	-1.2476E-01	-1.3164E-01	-1.3577E-01
-1.5463E-01	-1.3723E-01	-1.3241E-01	-1.3909E-01	-1.4311E-01
-1.6186E-01	-1.4508E-01	-1.4039E-01	-1.4686E-01	-1.5074E-01
-1.6930E-01	-1.5318E-01	-1.4866E-01	-1.5487E-01	-1.5861E-01
-1.7689E-01	-1.6151E-01	-1.5716E-01	-1.6311E-01	-1.6668E-01
-1.8462E-01	-1.7000E-01	-1.6585E-01	-1.7151E-01	-1.7491E-01
-1.9242E-01	-1.7862E-01	-1.7467E-01	-1.8002E-01	-1.8324E-01
-2.0028E-01	-1.8731E-01	-1.8359E-01	-1.8862E-01	-1.9165E-01
-2.0813E-01	-1.9603E-01	-1.9254E-01	-1.9724E-01	-2.0007E-01
-2.1595E-01	-2.0473E-01	-2.0148E-01	-2.0585E-01	-2.0847E-01
-2.2370E-01	-2.1337E-01	-2.1036E-01	-2.1439E-01	-2.1681E-01
-2.3133E-01	-2.2190E-01	-2.1914E-01	-2.2282E-01	-2.2504E-01
-2.3881E-01	-2.3027E-01	-2.2776E-01	-2.3110E-01	-2.3311E-01
-2.4610E-01	-2.3844E-01	-2.3618E-01	-2.3918E-01	-2.4098E-01
-2.5315E-01	-2.4635E-01	-2.4435E-01	-2.4701E-01	-2.4861E-01
-2.5992E-01	-2.5398E-01	-2.5222E-01	-2.5455E-01	-2.5595E-01
-2.6639E-01	-2.6126E-01	-2.5973E-01	-2.6175E-01	-2.6295E-01
-2.7250E-01	-2.6815E-01	-2.6685E-01	-2.6856E-01	-2.6959E-01
-2.7821E-01	-2.7460E-01	-2.7352E-01	-2.7494E-01	-2.7580E-01
-2.8350E-01	-2.8057E-01	-2.7970E-01	-2.8085E-01	-2.8154E-01
-2.8831E-01	-2.8602E-01	-2.8533E-01	-2.8623E-01	-2.8677E-01
-2.9261E-01	-2.9088E-01	-2.9036E-01	-2.9104E-01	-2.9145E-01
-2.9636E-01	-2.9513E-01	-2.9476E-01	-2.9524E-01	-2.9553E-01
-2.9951E-01	-2.9871E-01	-2.9847E-01	-2.9878E-01	-2.9897E-01
-3.0203E-01	-3.0157E-01	-3.0143E-01	-3.0162E-01	-3.0173E-01
-3.0389E-01	-3.0368E-01	-3.0361E-01	-3.0370E-01	-3.0375E-01
-3.0503E-01	-3.0497E-01	-3.0496E-01	-3.0498E-01	-3.0499E-01
-3.0542E-01	-3.0542E-01	-3.0542E-01	-3.0542E-01	-3.0542E-01
