!T	AOACL
!U	deg
-90	
-88	
-86	
-84	
-82	
-80	
-78	
-76	
-74	
-72	
-70	
-68	
-66	
-64	
-62	
-60	
-58	
-56	
-54	
-52	
-50	
-48	
-46	
-44	
-42	
-40	
-38	
-36	
-34	
-32	
-30	
-28	
-26	
-24	
-22	
-20	
-18	
-16	
-14	
-12	
-10	
-8	
-6	
-4	
-2	
0	
2	
4	
6	
8	
10	
12	
14	
16	
18	
20	
22	
24	
26	
28	
30	
32	
34	
36	
38	
40	
42	
44	
46	
48	
50	
52	
54	
56	
58	
60	
62	
64	
66	
68	
70	
72	
74	
76	
78	
80	
82	
84	
86	
88	
90	
!T	AOACD
!U	deg
-90	
-88	
-86	
-84	
-82	
-80	
-78	
-76	
-74	
-72	
-70	
-68	
-66	
-64	
-62	
-60	
-58	
-56	
-54	
-52	
-50	
-48	
-46	
-44	
-42	
-40	
-38	
-36	
-34	
-32	
-30	
-28	
-26	
-24	
-22	
-20	
-18	
-16	
-14	
-12	
-10	
-8	
-6	
-4	
-2	
0	
2	
4	
6	
8	
10	
12	
14	
16	
18	
20	
22	
24	
26	
28	
30	
32	
34	
36	
38	
40	
42	
44	
46	
48	
50	
52	
54	
56	
58	
60	
62	
64	
66	
68	
70	
72	
74	
76	
78	
80	
82	
84	
86	
88	
90	
!T	AOACM
!U	deg
-90	
-88	
-86	
-84	
-82	
-80	
-78	
-76	
-74	
-72	
-70	
-68	
-66	
-64	
-62	
-60	
-58	
-56	
-54	
-52	
-50	
-48	
-46	
-44	
-42	
-40	
-38	
-36	
-34	
-32	
-30	
-28	
-26	
-24	
-22	
-20	
-18	
-16	
-14	
-12	
-10	
-8	
-6	
-4	
-2	
0	
2	
4	
6	
8	
10	
12	
14	
16	
18	
20	
22	
24	
26	
28	
30	
32	
34	
36	
38	
40	
42	
44	
46	
48	
50	
52	
54	
56	
58	
60	
62	
64	
66	
68	
70	
72	
74	
76	
78	
80	
82	
84	
86	
88	
90	
!T	RECL
!U	nd
50000	
100000	
150000	
200000	
250000	
!T	RECD
!U	nd
50000	
100000	
150000	
200000	
250000	
!T	RECM
!U	nd
50000	
100000	
150000	
200000	
250000	
!M	CLTAB
!U	nd
-0.0000E+00	-0.0000E+00	-0.0000E+00	-0.0000E+00	-0.0000E+00
-4.3708E-02	-4.3721E-02	-4.3719E-02	-4.3714E-02	-4.3701E-02
-8.7248E-02	-8.7300E-02	-8.7293E-02	-8.7272E-02	-8.7222E-02
-1.3041E-01	-1.3053E-01	-1.3051E-01	-1.3046E-01	-1.3035E-01
-1.7298E-01	-1.7319E-01	-1.7316E-01	-1.7308E-01	-1.7288E-01
-2.1476E-01	-2.1509E-01	-2.1505E-01	-2.1491E-01	-2.1460E-01
-2.5554E-01	-2.5601E-01	-2.5595E-01	-2.5576E-01	-2.5531E-01
-2.9513E-01	-2.9577E-01	-2.9569E-01	-2.9543E-01	-2.9481E-01
-3.3333E-01	-3.3418E-01	-3.3407E-01	-3.3373E-01	-3.3292E-01
-3.6997E-01	-3.7104E-01	-3.7091E-01	-3.7048E-01	-3.6944E-01
-4.0486E-01	-4.0619E-01	-4.0603E-01	-4.0549E-01	-4.0421E-01
-4.3784E-01	-4.3947E-01	-4.3926E-01	-4.3861E-01	-4.3706E-01
-4.6876E-01	-4.7070E-01	-4.7046E-01	-4.6968E-01	-4.6782E-01
-4.9747E-01	-4.9976E-01	-4.9947E-01	-4.9855E-01	-4.9635E-01
-5.2383E-01	-5.2650E-01	-5.2616E-01	-5.2509E-01	-5.2253E-01
-5.4772E-01	-5.5081E-01	-5.5042E-01	-5.4918E-01	-5.4621E-01
-5.6903E-01	-5.7258E-01	-5.7213E-01	-5.7071E-01	-5.6730E-01
-5.8766E-01	-5.9171E-01	-5.9120E-01	-5.8958E-01	-5.8570E-01
-6.0354E-01	-6.0812E-01	-6.0754E-01	-6.0571E-01	-6.0131E-01
-6.1660E-01	-6.2175E-01	-6.2110E-01	-6.1904E-01	-6.1408E-01
-6.2677E-01	-6.3255E-01	-6.3182E-01	-6.2950E-01	-6.2395E-01
-6.3403E-01	-6.4048E-01	-6.3967E-01	-6.3708E-01	-6.3088E-01
-6.3835E-01	-6.4554E-01	-6.4463E-01	-6.4175E-01	-6.3485E-01
-6.3973E-01	-6.4771E-01	-6.4670E-01	-6.4350E-01	-6.3584E-01
-6.3817E-01	-6.4702E-01	-6.4590E-01	-6.4236E-01	-6.3387E-01
-6.3372E-01	-6.4350E-01	-6.4227E-01	-6.3835E-01	-6.2896E-01
-6.2641E-01	-6.3722E-01	-6.3586E-01	-6.3153E-01	-6.2115E-01
-6.1631E-01	-6.2825E-01	-6.2674E-01	-6.2196E-01	-6.1050E-01
-6.0352E-01	-6.1669E-01	-6.1503E-01	-6.0975E-01	-5.9710E-01
-5.8812E-01	-6.0267E-01	-6.0083E-01	-5.9500E-01	-5.8104E-01
-5.7025E-01	-5.8633E-01	-5.8430E-01	-5.7786E-01	-5.6243E-01
-5.5008E-01	-5.6788E-01	-5.6563E-01	-5.5850E-01	-5.4141E-01
-5.2778E-01	-5.4753E-01	-5.4504E-01	-5.3712E-01	-5.1816E-01
-5.0357E-01	-5.2556E-01	-5.2279E-01	-5.1398E-01	-4.9286E-01
-4.7773E-01	-5.0232E-01	-4.9922E-01	-4.8937E-01	-4.6575E-01
-4.5058E-01	-4.7825E-01	-4.7476E-01	-4.6368E-01	-4.3711E-01
-4.2256E-01	-4.5393E-01	-4.4997E-01	-4.3741E-01	-4.0728E-01
-3.9423E-01	-4.3017E-01	-4.2563E-01	-4.1124E-01	-3.7674E-01
-3.6641E-01	-4.0813E-01	-4.0286E-01	-3.8615E-01	-3.4610E-01
-3.4034E-01	-3.8966E-01	-3.8344E-01	-3.6368E-01	-3.1266E-01
-3.1810E-01	-3.7797E-01	-3.7041E-01	-3.4581E-01	-2.9674E-01
-3.0371E-01	-3.7441E-01	-3.6131E-01	-3.4365E-01	-2.9399E-01
-3.2089E-01	-3.9500E-01	-3.7840E-01	-3.0983E-01	-2.4990E-01
-3.0283E-01	-2.0533E-01	-7.9463E-02	-2.7000E-03	3.3500E-02
-5.3858E-02	1.2890E-01	2.2560E-01	2.5910E-01	2.6700E-01
1.7060E-01	4.3370E-01	4.7780E-01	4.8290E-01	4.7090E-01
4.7590E-01	6.7430E-01	6.9140E-01	6.9060E-01	6.8850E-01
7.0220E-01	8.8980E-01	8.8810E-01	8.8590E-01	8.8460E-01
9.7787E-01	1.0796E+00	1.1213E+00	1.0809E+00	1.0894E+00
1.2025E+00	1.2232E+00	1.1595E+00	1.2176E+00	1.1778E+00
1.0238E+00	1.2311E+00	9.9508E-01	1.0800E+00	1.0233E+00
9.2257E-01	1.1053E+00	8.9148E-01	9.5403E-01	9.1120E-01
8.5879E-01	1.0109E+00	8.3249E-01	8.8540E-01	8.4918E-01
8.1838E-01	9.4942E-01	7.9572E-01	8.4130E-01	8.1009E-01
7.9290E-01	9.0732E-01	7.7312E-01	8.1291E-01	7.8566E-01
7.7724E-01	8.7816E-01	7.5979E-01	7.9488E-01	7.7085E-01
7.6808E-01	8.5778E-01	7.5257E-01	7.8377E-01	7.6241E-01
7.6318E-01	8.4338E-01	7.4931E-01	7.7720E-01	7.5811E-01
7.6093E-01	8.3297E-01	7.4848E-01	7.7353E-01	7.5638E-01
7.6018E-01	8.2509E-01	7.4896E-01	7.7153E-01	7.5608E-01
7.6004E-01	8.1867E-01	7.4990E-01	7.7029E-01	7.5633E-01
7.5983E-01	8.1288E-01	7.5066E-01	7.6911E-01	7.5648E-01
7.5902E-01	8.0707E-01	7.5072E-01	7.6743E-01	7.5599E-01
7.5720E-01	8.0073E-01	7.4967E-01	7.6481E-01	7.5445E-01
7.5402E-01	7.9345E-01	7.4721E-01	7.6092E-01	7.5153E-01
7.4923E-01	7.8491E-01	7.4306E-01	7.5547E-01	7.4697E-01
7.4260E-01	7.7486E-01	7.3702E-01	7.4824E-01	7.4056E-01
7.3397E-01	7.6309E-01	7.2894E-01	7.3906E-01	7.3213E-01
7.2322E-01	7.4945E-01	7.1869E-01	7.2781E-01	7.2157E-01
7.1025E-01	7.3381E-01	7.0618E-01	7.1437E-01	7.0877E-01
6.9501E-01	7.1610E-01	6.9137E-01	6.9870E-01	6.9368E-01
6.7745E-01	6.9626E-01	6.7420E-01	6.8074E-01	6.7627E-01
6.5757E-01	6.7427E-01	6.5469E-01	6.6049E-01	6.5652E-01
6.3539E-01	6.5013E-01	6.3284E-01	6.3797E-01	6.3445E-01
6.1092E-01	6.2387E-01	6.0869E-01	6.1319E-01	6.1011E-01
5.8424E-01	5.9553E-01	5.8229E-01	5.8622E-01	5.8353E-01
5.5541E-01	5.6517E-01	5.5372E-01	5.5712E-01	5.5479E-01
5.2452E-01	5.3288E-01	5.2307E-01	5.2598E-01	5.2399E-01
4.9167E-01	4.9875E-01	4.9045E-01	4.9291E-01	4.9123E-01
4.5699E-01	4.6291E-01	4.5597E-01	4.5803E-01	4.5662E-01
4.2061E-01	4.2548E-01	4.1977E-01	4.2146E-01	4.2030E-01
3.8267E-01	3.8660E-01	3.8199E-01	3.8336E-01	3.8242E-01
3.4333E-01	3.4642E-01	3.4280E-01	3.4387E-01	3.4314E-01
3.0276E-01	3.0512E-01	3.0235E-01	3.0317E-01	3.0261E-01
2.6113E-01	2.6286E-01	2.6083E-01	2.6143E-01	2.6102E-01
2.1863E-01	2.1983E-01	2.1843E-01	2.1884E-01	2.1856E-01
1.7546E-01	1.7622E-01	1.7532E-01	1.7559E-01	1.7541E-01
1.3180E-01	1.3223E-01	1.3172E-01	1.3187E-01	1.3177E-01
8.7865E-02	8.8055E-02	8.7832E-02	8.7898E-02	8.7853E-02
4.3862E-02	4.3909E-02	4.3853E-02	4.3870E-02	4.3859E-02
0.0000E+00	0.0000E+00	0.0000E+00	0.0000E+00	0.0000E+00
!M	CDTAB
!U	nd
1.2525E+00	1.2525E+00	1.2525E+00	1.2525E+00	1.2525E+00
1.2523E+00	1.2529E+00	1.2527E+00	1.2525E+00	1.2535E+00
1.2490E+00	1.2503E+00	1.2499E+00	1.2495E+00	1.2515E+00
1.2427E+00	1.2447E+00	1.2441E+00	1.2434E+00	1.2464E+00
1.2334E+00	1.2361E+00	1.2353E+00	1.2344E+00	1.2383E+00
1.2212E+00	1.2245E+00	1.2235E+00	1.2224E+00	1.2273E+00
1.2061E+00	1.2101E+00	1.2089E+00	1.2075E+00	1.2134E+00
1.1882E+00	1.1928E+00	1.1915E+00	1.1899E+00	1.1967E+00
1.1676E+00	1.1729E+00	1.1713E+00	1.1695E+00	1.1773E+00
1.1443E+00	1.1503E+00	1.1486E+00	1.1465E+00	1.1553E+00
1.1187E+00	1.1253E+00	1.1233E+00	1.1211E+00	1.1308E+00
1.0906E+00	1.0979E+00	1.0957E+00	1.0933E+00	1.1039E+00
1.0604E+00	1.0682E+00	1.0659E+00	1.0633E+00	1.0748E+00
1.0280E+00	1.0365E+00	1.0340E+00	1.0312E+00	1.0436E+00
9.9384E-01	1.0029E+00	1.0002E+00	9.9719E-01	1.0105E+00
9.5790E-01	9.6758E-01	9.6473E-01	9.6147E-01	9.7560E-01
9.2041E-01	9.3067E-01	9.2765E-01	9.2419E-01	9.3917E-01
8.8157E-01	8.9239E-01	8.8920E-01	8.8555E-01	9.0136E-01
8.4155E-01	8.5293E-01	8.4957E-01	8.4574E-01	8.6235E-01
8.0057E-01	8.1248E-01	8.0897E-01	8.0496E-01	8.2236E-01
7.5882E-01	7.7126E-01	7.6759E-01	7.6340E-01	7.8156E-01
7.1651E-01	7.2946E-01	7.2564E-01	7.2128E-01	7.4019E-01
6.7385E-01	6.8729E-01	6.8333E-01	6.7880E-01	6.9843E-01
6.3105E-01	6.4497E-01	6.4087E-01	6.3618E-01	6.5651E-01
5.8833E-01	6.0271E-01	5.9847E-01	5.9363E-01	6.1463E-01
5.4589E-01	5.6071E-01	5.5634E-01	5.5135E-01	5.7300E-01
5.0395E-01	5.1920E-01	5.1470E-01	5.0957E-01	5.3184E-01
4.6271E-01	4.7836E-01	4.7375E-01	4.6848E-01	4.9134E-01
4.2237E-01	4.3842E-01	4.3369E-01	4.2829E-01	4.5171E-01
3.8315E-01	3.9956E-01	3.9472E-01	3.8919E-01	4.1316E-01
3.4522E-01	3.6198E-01	3.5704E-01	3.5139E-01	3.7587E-01
3.0878E-01	3.2586E-01	3.2083E-01	3.1507E-01	3.4002E-01
2.7400E-01	2.9139E-01	2.8626E-01	2.8041E-01	3.0581E-01
2.4106E-01	2.5874E-01	2.5353E-01	2.4757E-01	2.7339E-01
2.1012E-01	2.2807E-01	2.2278E-01	2.1673E-01	2.4294E-01
1.8134E-01	1.9952E-01	1.9416E-01	1.8804E-01	2.1460E-01
1.5485E-01	1.7325E-01	1.6783E-01	1.6163E-01	1.8851E-01
1.3078E-01	1.4939E-01	1.4390E-01	1.3764E-01	1.6480E-01
1.0926E-01	1.2804E-01	1.2250E-01	1.1618E-01	1.4360E-01
9.0391E-02	1.0932E-01	1.0374E-01	9.7366E-02	1.2286E-01
7.4263E-02	9.3322E-02	8.7702E-02	8.1808E-02	1.0486E-01
6.0958E-02	8.3718E-02	7.7532E-02	7.8777E-02	7.6653E-02
5.6126E-02	6.7216E-02	5.9058E-02	4.8889E-02	1.8510E-02
4.3177E-02	2.5441E-02	2.0379E-02	1.5940E-02	1.3740E-02
2.9178E-02	2.0900E-02	1.5240E-02	1.2320E-02	1.0740E-02
2.7890E-02	1.7400E-02	1.1790E-02	9.4300E-03	8.2500E-03
3.5140E-02	1.6830E-02	1.2000E-02	1.0090E-02	9.1100E-03
4.1840E-02	1.7000E-02	1.2990E-02	1.1570E-02	1.0780E-02
4.2901E-02	1.8170E-02	1.5051E-02	1.4021E-02	1.3851E-02
2.3165E-02	3.2575E-02	2.2455E-02	2.0904E-02	1.5970E-02
3.6278E-02	5.2267E-02	3.5974E-02	3.2592E-02	2.8519E-02
5.0720E-02	7.2103E-02	5.3000E-02	5.0338E-02	4.5954E-02
6.9909E-02	8.7662E-02	7.2171E-02	6.9530E-02	6.5181E-02
9.1797E-02	1.0938E-01	9.4038E-02	9.1421E-02	8.7113E-02
1.1628E-01	1.3368E-01	1.1849E-01	1.1590E-01	1.1164E-01
1.4323E-01	1.6042E-01	1.4542E-01	1.4286E-01	1.3865E-01
1.7252E-01	1.8948E-01	1.7468E-01	1.7216E-01	1.6800E-01
2.0401E-01	2.2072E-01	2.0614E-01	2.0365E-01	1.9956E-01
2.3755E-01	2.5399E-01	2.3964E-01	2.3720E-01	2.3317E-01
2.7297E-01	2.8912E-01	2.7502E-01	2.7262E-01	2.6866E-01
3.1009E-01	3.2594E-01	3.1211E-01	3.0976E-01	3.0587E-01
3.4875E-01	3.6427E-01	3.5073E-01	3.4842E-01	3.4462E-01
3.8875E-01	4.0392E-01	3.9068E-01	3.8843E-01	3.8471E-01
4.2990E-01	4.4470E-01	4.3178E-01	4.2958E-01	4.2595E-01
4.7199E-01	4.8640E-01	4.7382E-01	4.7168E-01	4.6815E-01
5.1482E-01	5.2884E-01	5.1661E-01	5.1452E-01	5.1109E-01
5.5819E-01	5.7178E-01	5.5992E-01	5.5790E-01	5.5457E-01
6.0188E-01	6.1504E-01	6.0355E-01	6.0159E-01	5.9837E-01
6.4567E-01	6.5838E-01	6.4729E-01	6.4540E-01	6.4229E-01
6.8937E-01	7.0161E-01	6.9093E-01	6.8911E-01	6.8611E-01
7.3275E-01	7.4451E-01	7.3425E-01	7.3250E-01	7.2961E-01
7.7560E-01	7.8686E-01	7.7703E-01	7.7536E-01	7.7260E-01
8.1771E-01	8.2847E-01	8.1908E-01	8.1748E-01	8.1485E-01
8.5889E-01	8.6912E-01	8.6019E-01	8.5867E-01	8.5616E-01
8.9892E-01	9.0862E-01	9.0016E-01	8.9872E-01	8.9634E-01
9.3762E-01	9.4677E-01	9.3879E-01	9.3743E-01	9.3519E-01
9.7480E-01	9.8339E-01	9.7589E-01	9.7462E-01	9.7251E-01
1.0103E+00	1.0183E+00	1.0113E+00	1.0101E+00	1.0081E+00
1.0439E+00	1.0513E+00	1.0448E+00	1.0437E+00	1.0419E+00
1.0754E+00	1.0823E+00	1.0763E+00	1.0753E+00	1.0736E+00
1.1048E+00	1.1110E+00	1.1056E+00	1.1047E+00	1.1031E+00
1.1318E+00	1.1375E+00	1.1325E+00	1.1317E+00	1.1303E+00
1.1564E+00	1.1614E+00	1.1570E+00	1.1563E+00	1.1550E+00
1.1783E+00	1.1828E+00	1.1789E+00	1.1783E+00	1.1772E+00
1.1976E+00	1.2014E+00	1.1981E+00	1.1975E+00	1.1966E+00
1.2141E+00	1.2173E+00	1.2145E+00	1.2141E+00	1.2133E+00
1.2277E+00	1.2303E+00	1.2281E+00	1.2277E+00	1.2271E+00
1.2384E+00	1.2404E+00	1.2387E+00	1.2384E+00	1.2379E+00
1.2462E+00	1.2474E+00	1.2463E+00	1.2461E+00	1.2458E+00
1.2508E+00	1.2515E+00	1.2509E+00	1.2508E+00	1.2507E+00
1.2525E+00	1.2525E+00	1.2525E+00	1.2525E+00	1.2525E+00
!M	CMTAB
!U	nd
3.1312E-01	3.1312E-01	3.1312E-01	3.1312E-01	3.1312E-01
3.1253E-01	3.1254E-01	3.1253E-01	3.1250E-01	3.1246E-01
3.1080E-01	3.1083E-01	3.1078E-01	3.1068E-01	3.1051E-01
3.0798E-01	3.0806E-01	3.0793E-01	3.0772E-01	3.0734E-01
3.0412E-01	3.0426E-01	3.0404E-01	3.0368E-01	3.0302E-01
2.9929E-01	2.9951E-01	2.9918E-01	2.9862E-01	2.9763E-01
2.9355E-01	2.9387E-01	2.9339E-01	2.9260E-01	2.9122E-01
2.8694E-01	2.8738E-01	2.8673E-01	2.8569E-01	2.8387E-01
2.7952E-01	2.8010E-01	2.7927E-01	2.7795E-01	2.7564E-01
2.7136E-01	2.7209E-01	2.7107E-01	2.6943E-01	2.6661E-01
2.6250E-01	2.6341E-01	2.6217E-01	2.6020E-01	2.5685E-01
2.5301E-01	2.5411E-01	2.5264E-01	2.5032E-01	2.4641E-01
2.4293E-01	2.4426E-01	2.4254E-01	2.3986E-01	2.3537E-01
2.3233E-01	2.3390E-01	2.3192E-01	2.2886E-01	2.2381E-01
2.2126E-01	2.2309E-01	2.2084E-01	2.1740E-01	2.1178E-01
2.0978E-01	2.1190E-01	2.0937E-01	2.0553E-01	1.9935E-01
1.9795E-01	2.0037E-01	1.9755E-01	1.9332E-01	1.8660E-01
1.8581E-01	1.8857E-01	1.8545E-01	1.8082E-01	1.7360E-01
1.7344E-01	1.7654E-01	1.7313E-01	1.6810E-01	1.6040E-01
1.6087E-01	1.6436E-01	1.6063E-01	1.5522E-01	1.4709E-01
1.4818E-01	1.5206E-01	1.4803E-01	1.4225E-01	1.3372E-01
1.3541E-01	1.3972E-01	1.3538E-01	1.2923E-01	1.2037E-01
1.2262E-01	1.2738E-01	1.2273E-01	1.1624E-01	1.0711E-01
1.0988E-01	1.1511E-01	1.1016E-01	1.0333E-01	9.3996E-02
9.7223E-02	1.0296E-01	9.7700E-02	9.0565E-02	8.1109E-02
8.4723E-02	9.0984E-02	8.5426E-02	7.8008E-02	6.8514E-02
7.2430E-02	7.9243E-02	7.3391E-02	6.5719E-02	5.6278E-02
6.0401E-02	6.7793E-02	6.1655E-02	5.3759E-02	4.4471E-02
4.8692E-02	5.6690E-02	5.0274E-02	4.2189E-02	3.3161E-02
3.7360E-02	4.5990E-02	3.9307E-02	3.1070E-02	2.2417E-02
2.6460E-02	3.5751E-02	2.8812E-02	2.0464E-02	1.2307E-02
1.6050E-02	2.6030E-02	1.8847E-02	1.0432E-02	2.8990E-03
6.1860E-03	1.6882E-02	9.4700E-03	1.0350E-03	-5.7370E-03
-3.0770E-03	8.3650E-03	7.4000E-04	-7.6660E-03	-1.3533E-02
-1.1682E-02	5.3500E-04	-7.2860E-03	-1.5609E-02	-2.0420E-02
-1.9572E-02	-6.5510E-03	-1.4549E-02	-2.2733E-02	-2.6331E-02
-2.6691E-02	-1.2837E-02	-2.0992E-02	-2.8978E-02	-3.1196E-02
-3.2984E-02	-1.8265E-02	-2.6556E-02	-3.4282E-02	-3.4947E-02
-3.8393E-02	-2.2779E-02	-3.1183E-02	-3.8583E-02	-3.7515E-02
-4.2862E-02	-2.6323E-02	-3.4816E-02	-4.1821E-02	-3.8876E-02
-4.6335E-02	-2.8839E-02	-3.7395E-02	-4.3943E-02	-4.3710E-02
-4.8756E-02	-3.0093E-02	-3.7838E-02	-3.9083E-02	-5.8074E-02
-4.5867E-02	-3.3064E-02	-4.4108E-02	-5.6459E-02	-8.6800E-02
-4.6335E-02	-6.0892E-02	-8.2824E-02	-9.4900E-02	-1.0080E-01
-5.8061E-02	-8.8400E-02	-1.0210E-01	-1.0560E-01	-1.0510E-01
-6.6700E-02	-1.0390E-01	-1.0650E-01	-1.0510E-01	-1.0390E-01
-9.2800E-02	-1.0660E-01	-1.0460E-01	-1.0270E-01	-1.0130E-01
-1.0010E-01	-1.0270E-01	-9.8900E-02	-9.8000E-02	-9.7700E-02
-9.6654E-02	-9.4800E-02	-9.1043E-02	-9.1794E-02	-9.0093E-02
-8.2665E-02	-6.9470E-02	-8.0304E-02	-7.9087E-02	-7.7500E-02
-8.4506E-02	-5.4029E-02	-8.0791E-02	-7.8583E-02	-7.7883E-02
-8.6963E-02	-5.0781E-02	-8.2101E-02	-7.9737E-02	-7.9127E-02
-8.8948E-02	-5.4870E-02	-8.4129E-02	-8.1622E-02	-8.1100E-02
-9.1619E-02	-5.7059E-02	-8.6857E-02	-8.4231E-02	-8.3791E-02
-9.4937E-02	-6.0087E-02	-9.0246E-02	-8.7524E-02	-8.7158E-02
-9.8861E-02	-6.3905E-02	-9.4255E-02	-9.1459E-02	-9.1161E-02
-1.0335E-01	-6.8464E-02	-9.8844E-02	-9.5995E-02	-9.5760E-02
-1.0837E-01	-7.3716E-02	-1.0397E-01	-1.0109E-01	-1.0091E-01
-1.1388E-01	-7.9609E-02	-1.0960E-01	-1.0670E-01	-1.0658E-01
-1.1984E-01	-8.6096E-02	-1.1569E-01	-1.1280E-01	-1.1271E-01
-1.2621E-01	-9.3128E-02	-1.2220E-01	-1.1932E-01	-1.1928E-01
-1.3295E-01	-1.0065E-01	-1.2908E-01	-1.2624E-01	-1.2624E-01
-1.4003E-01	-1.0863E-01	-1.3631E-01	-1.3352E-01	-1.3354E-01
-1.4739E-01	-1.1700E-01	-1.4383E-01	-1.4110E-01	-1.4116E-01
-1.5501E-01	-1.2571E-01	-1.5161E-01	-1.4896E-01	-1.4904E-01
-1.6284E-01	-1.3473E-01	-1.5961E-01	-1.5705E-01	-1.5714E-01
-1.7085E-01	-1.4399E-01	-1.6779E-01	-1.6532E-01	-1.6543E-01
-1.7899E-01	-1.5345E-01	-1.7611E-01	-1.7375E-01	-1.7387E-01
-1.8723E-01	-1.6307E-01	-1.8452E-01	-1.8227E-01	-1.8240E-01
-1.9553E-01	-1.7278E-01	-1.9300E-01	-1.9087E-01	-1.9100E-01
-2.0384E-01	-1.8255E-01	-2.0149E-01	-1.9948E-01	-1.9962E-01
-2.1213E-01	-1.9232E-01	-2.0996E-01	-2.0808E-01	-2.0822E-01
-2.2035E-01	-2.0205E-01	-2.1836E-01	-2.1662E-01	-2.1676E-01
-2.2848E-01	-2.1168E-01	-2.2666E-01	-2.2506E-01	-2.2519E-01
-2.3647E-01	-2.2116E-01	-2.3482E-01	-2.3335E-01	-2.3348E-01
-2.4428E-01	-2.3045E-01	-2.4280E-01	-2.4146E-01	-2.4159E-01
-2.5187E-01	-2.3950E-01	-2.5055E-01	-2.4935E-01	-2.4947E-01
-2.5920E-01	-2.4826E-01	-2.5804E-01	-2.5698E-01	-2.5708E-01
-2.6623E-01	-2.5667E-01	-2.6522E-01	-2.6429E-01	-2.6439E-01
-2.7293E-01	-2.6470E-01	-2.7206E-01	-2.7126E-01	-2.7134E-01
-2.7925E-01	-2.7228E-01	-2.7852E-01	-2.7784E-01	-2.7791E-01
-2.8515E-01	-2.7938E-01	-2.8455E-01	-2.8398E-01	-2.8405E-01
-2.9061E-01	-2.8593E-01	-2.9012E-01	-2.8966E-01	-2.8971E-01
-2.9556E-01	-2.9191E-01	-2.9518E-01	-2.9482E-01	-2.9486E-01
-2.9999E-01	-2.9724E-01	-2.9970E-01	-2.9943E-01	-2.9946E-01
-3.0384E-01	-3.0189E-01	-3.0364E-01	-3.0344E-01	-3.0347E-01
-3.0707E-01	-3.0580E-01	-3.0695E-01	-3.0682E-01	-3.0683E-01
-3.0966E-01	-3.0893E-01	-3.0959E-01	-3.0951E-01	-3.0952E-01
-3.1156E-01	-3.1123E-01	-3.1153E-01	-3.1149E-01	-3.1150E-01
-3.1273E-01	-3.1264E-01	-3.1272E-01	-3.1271E-01	-3.1271E-01
-3.1312E-01	-3.1312E-01	-3.1312E-01	-3.1312E-01	-3.1312E-01
