!T	AOACL
!U	deg
-90	
-88	
-86	
-84	
-82	
-80	
-78	
-76	
-74	
-72	
-70	
-68	
-66	
-64	
-62	
-60	
-58	
-56	
-54	
-52	
-50	
-48	
-46	
-44	
-42	
-40	
-38	
-36	
-34	
-32	
-30	
-28	
-26	
-24	
-22	
-20	
-18	
-16	
-14	
-12	
-10	
-8	
-6	
-4	
-2	
0	
2	
4	
6	
8	
10	
12	
14	
16	
18	
20	
22	
24	
26	
28	
30	
32	
34	
36	
38	
40	
42	
44	
46	
48	
50	
52	
54	
56	
58	
60	
62	
64	
66	
68	
70	
72	
74	
76	
78	
80	
82	
84	
86	
88	
90	
!T	AOACD
!U	deg
-90	
-88	
-86	
-84	
-82	
-80	
-78	
-76	
-74	
-72	
-70	
-68	
-66	
-64	
-62	
-60	
-58	
-56	
-54	
-52	
-50	
-48	
-46	
-44	
-42	
-40	
-38	
-36	
-34	
-32	
-30	
-28	
-26	
-24	
-22	
-20	
-18	
-16	
-14	
-12	
-10	
-8	
-6	
-4	
-2	
0	
2	
4	
6	
8	
10	
12	
14	
16	
18	
20	
22	
24	
26	
28	
30	
32	
34	
36	
38	
40	
42	
44	
46	
48	
50	
52	
54	
56	
58	
60	
62	
64	
66	
68	
70	
72	
74	
76	
78	
80	
82	
84	
86	
88	
90	
!T	AOACM
!U	deg
-90	
-88	
-86	
-84	
-82	
-80	
-78	
-76	
-74	
-72	
-70	
-68	
-66	
-64	
-62	
-60	
-58	
-56	
-54	
-52	
-50	
-48	
-46	
-44	
-42	
-40	
-38	
-36	
-34	
-32	
-30	
-28	
-26	
-24	
-22	
-20	
-18	
-16	
-14	
-12	
-10	
-8	
-6	
-4	
-2	
0	
2	
4	
6	
8	
10	
12	
14	
16	
18	
20	
22	
24	
26	
28	
30	
32	
34	
36	
38	
40	
42	
44	
46	
48	
50	
52	
54	
56	
58	
60	
62	
64	
66	
68	
70	
72	
74	
76	
78	
80	
82	
84	
86	
88	
90	
!T	RECL
!U	nd
50000	
100000	
150000	
200000	
250000	
!T	RECD
!U	nd
50000	
100000	
150000	
200000	
250000	
!T	RECM
!U	nd
50000	
100000	
150000	
200000	
250000	
!M	CLTAB
!U	nd
-0.0000E+00	-0.0000E+00	-0.0000E+00	-0.0000E+00	-0.0000E+00
-4.2639E-02	-4.2640E-02	-4.2640E-02	-4.2639E-02	-4.2634E-02
-8.5130E-02	-8.5133E-02	-8.5132E-02	-8.5128E-02	-8.5108E-02
-1.2727E-01	-1.2727E-01	-1.2727E-01	-1.2726E-01	-1.2722E-01
-1.6884E-01	-1.6886E-01	-1.6885E-01	-1.6883E-01	-1.6875E-01
-2.0966E-01	-2.0968E-01	-2.0968E-01	-2.0965E-01	-2.0952E-01
-2.4952E-01	-2.4955E-01	-2.4954E-01	-2.4950E-01	-2.4932E-01
-2.8824E-01	-2.8827E-01	-2.8826E-01	-2.8821E-01	-2.8796E-01
-3.2561E-01	-3.2566E-01	-3.2565E-01	-3.2558E-01	-3.2525E-01
-3.6148E-01	-3.6154E-01	-3.6152E-01	-3.6143E-01	-3.6102E-01
-3.9566E-01	-3.9574E-01	-3.9572E-01	-3.9560E-01	-3.9509E-01
-4.2800E-01	-4.2809E-01	-4.2807E-01	-4.2793E-01	-4.2730E-01
-4.5834E-01	-4.5845E-01	-4.5842E-01	-4.5825E-01	-4.5750E-01
-4.8655E-01	-4.8667E-01	-4.8664E-01	-4.8644E-01	-4.8556E-01
-5.1248E-01	-5.1262E-01	-5.1258E-01	-5.1235E-01	-5.1132E-01
-5.3602E-01	-5.3619E-01	-5.3615E-01	-5.3588E-01	-5.3468E-01
-5.5707E-01	-5.5726E-01	-5.5721E-01	-5.5690E-01	-5.5554E-01
-5.7553E-01	-5.7575E-01	-5.7569E-01	-5.7534E-01	-5.7378E-01
-5.9133E-01	-5.9158E-01	-5.9151E-01	-5.9111E-01	-5.8935E-01
-6.0439E-01	-6.0467E-01	-6.0460E-01	-6.0415E-01	-6.0216E-01
-6.1468E-01	-6.1499E-01	-6.1491E-01	-6.1441E-01	-6.1218E-01
-6.2214E-01	-6.2250E-01	-6.2241E-01	-6.2184E-01	-6.1936E-01
-6.2678E-01	-6.2718E-01	-6.2707E-01	-6.2645E-01	-6.2368E-01
-6.2858E-01	-6.2902E-01	-6.2891E-01	-6.2821E-01	-6.2513E-01
-6.2757E-01	-6.2805E-01	-6.2793E-01	-6.2716E-01	-6.2375E-01
-6.2377E-01	-6.2430E-01	-6.2416E-01	-6.2331E-01	-6.1954E-01
-6.1723E-01	-6.1782E-01	-6.1767E-01	-6.1673E-01	-6.1256E-01
-6.0803E-01	-6.0868E-01	-6.0851E-01	-6.0747E-01	-6.0287E-01
-5.9626E-01	-5.9698E-01	-5.9679E-01	-5.9565E-01	-5.9057E-01
-5.8203E-01	-5.8283E-01	-5.8262E-01	-5.8136E-01	-5.7575E-01
-5.6549E-01	-5.6637E-01	-5.6615E-01	-5.6475E-01	-5.5855E-01
-5.4681E-01	-5.4778E-01	-5.4753E-01	-5.4598E-01	-5.3912E-01
-5.2618E-01	-5.2726E-01	-5.2698E-01	-5.2526E-01	-5.1765E-01
-5.0386E-01	-5.0507E-01	-5.0475E-01	-5.0284E-01	-4.9436E-01
-4.8016E-01	-4.8150E-01	-4.8116E-01	-4.7901E-01	-4.6953E-01
-4.5545E-01	-4.5697E-01	-4.5658E-01	-4.5417E-01	-4.4350E-01
-4.3026E-01	-4.3198E-01	-4.3153E-01	-4.2880E-01	-4.1670E-01
-4.0526E-01	-4.0723E-01	-4.0672E-01	-4.0359E-01	-3.8974E-01
-3.8146E-01	-3.8374E-01	-3.8315E-01	-3.7952E-01	-3.6299E-01
-3.6042E-01	-3.6312E-01	-3.6242E-01	-3.5812E-01	-3.4263E-01
-3.4481E-01	-3.4809E-01	-3.4724E-01	-3.4112E-01	-3.2309E-01
-3.3927E-01	-3.4332E-01	-3.4235E-01	-3.3630E-01	-3.0910E-01
-3.6015E-01	-3.6809E-01	-3.6155E-01	-3.3141E-01	-2.9460E-01
-3.0229E-01	-2.4952E-01	-1.8006E-01	-8.2000E-03	4.1700E-02
8.9200E-02	1.1060E-01	2.3430E-01	2.9910E-01	3.3150E-01
2.8320E-01	4.5920E-01	5.2350E-01	5.6430E-01	5.7740E-01
5.0640E-01	7.3640E-01	7.9070E-01	8.0210E-01	8.0850E-01
8.7296E-01	9.9940E-01	9.9480E-01	1.0283E+00	9.9630E-01
1.1887E+00	1.2211E+00	1.2042E+00	1.2042E+00	1.2084E+00
1.0592E+00	1.1284E+00	1.1559E+00	1.0479E+00	1.1683E+00
8.9934E-01	9.6487E-01	9.7114E-01	9.0029E-01	9.8061E-01
8.1732E-01	8.7131E-01	8.7545E-01	8.1810E-01	8.8324E-01
7.6785E-01	8.1351E-01	8.1701E-01	7.6851E-01	8.2360E-01
7.3810E-01	7.7743E-01	7.8045E-01	7.3867E-01	7.8612E-01
7.2087E-01	7.5522E-01	7.5785E-01	7.2137E-01	7.6281E-01
7.1179E-01	7.4208E-01	7.4441E-01	7.1223E-01	7.4878E-01
7.0801E-01	7.3493E-01	7.3700E-01	7.0840E-01	7.4088E-01
7.0758E-01	7.3166E-01	7.3350E-01	7.0793E-01	7.3698E-01
7.0915E-01	7.3077E-01	7.3243E-01	7.0946E-01	7.3555E-01
7.1168E-01	7.3116E-01	7.3266E-01	7.1196E-01	7.3547E-01
7.1442E-01	7.3202E-01	7.3337E-01	7.1468E-01	7.3591E-01
7.1678E-01	7.3271E-01	7.3393E-01	7.1701E-01	7.3623E-01
7.1829E-01	7.3271E-01	7.3382E-01	7.1850E-01	7.3590E-01
7.1859E-01	7.3165E-01	7.3265E-01	7.1878E-01	7.3454E-01
7.1737E-01	7.2920E-01	7.3011E-01	7.1754E-01	7.3182E-01
7.1441E-01	7.2512E-01	7.2594E-01	7.1456E-01	7.2749E-01
7.0951E-01	7.1920E-01	7.1994E-01	7.0965E-01	7.2134E-01
7.0254E-01	7.1128E-01	7.1195E-01	7.0267E-01	7.1321E-01
6.9339E-01	7.0126E-01	7.0186E-01	6.9350E-01	7.0300E-01
6.8196E-01	6.8903E-01	6.8958E-01	6.8207E-01	6.9060E-01
6.6823E-01	6.7456E-01	6.7504E-01	6.6832E-01	6.7595E-01
6.5215E-01	6.5779E-01	6.5823E-01	6.5223E-01	6.5904E-01
6.3373E-01	6.3874E-01	6.3912E-01	6.3380E-01	6.3984E-01
6.1298E-01	6.1740E-01	6.1774E-01	6.1304E-01	6.1838E-01
5.8995E-01	5.9383E-01	5.9413E-01	5.9000E-01	5.9469E-01
5.6468E-01	5.6807E-01	5.6833E-01	5.6473E-01	5.6882E-01
5.3726E-01	5.4019E-01	5.4041E-01	5.3730E-01	5.4084E-01
5.0777E-01	5.1028E-01	5.1047E-01	5.0781E-01	5.1084E-01
4.7632E-01	4.7845E-01	4.7861E-01	4.7635E-01	4.7892E-01
4.4303E-01	4.4481E-01	4.4494E-01	4.4305E-01	4.4520E-01
4.0802E-01	4.0948E-01	4.0960E-01	4.0804E-01	4.0981E-01
3.7145E-01	3.7263E-01	3.7272E-01	3.7147E-01	3.7289E-01
3.3346E-01	3.3439E-01	3.3446E-01	3.3348E-01	3.3459E-01
2.9423E-01	2.9493E-01	2.9499E-01	2.9424E-01	2.9509E-01
2.5391E-01	2.5443E-01	2.5447E-01	2.5392E-01	2.5454E-01
2.1270E-01	2.1306E-01	2.1309E-01	2.1271E-01	2.1314E-01
1.7079E-01	1.7102E-01	1.7103E-01	1.7079E-01	1.7107E-01
1.2836E-01	1.2849E-01	1.2850E-01	1.2836E-01	1.2851E-01
8.5614E-02	8.5672E-02	8.5676E-02	8.5615E-02	8.5684E-02
4.2760E-02	4.2774E-02	4.2776E-02	4.2760E-02	4.2778E-02
0.0000E+00	0.0000E+00	0.0000E+00	0.0000E+00	0.0000E+00
!M	CDTAB
!U	nd
1.2217E+00	1.2217E+00	1.2217E+00	1.2217E+00	1.2217E+00
1.2229E+00	1.2226E+00	1.2226E+00	1.2229E+00	1.2227E+00
1.2211E+00	1.2206E+00	1.2206E+00	1.2211E+00	1.2208E+00
1.2164E+00	1.2157E+00	1.2156E+00	1.2163E+00	1.2159E+00
1.2087E+00	1.2078E+00	1.2077E+00	1.2087E+00	1.2081E+00
1.1982E+00	1.1971E+00	1.1970E+00	1.1981E+00	1.1975E+00
1.1848E+00	1.1835E+00	1.1834E+00	1.1848E+00	1.1840E+00
1.1688E+00	1.1672E+00	1.1671E+00	1.1687E+00	1.1678E+00
1.1500E+00	1.1483E+00	1.1481E+00	1.1500E+00	1.1489E+00
1.1288E+00	1.1268E+00	1.1266E+00	1.1287E+00	1.1275E+00
1.1051E+00	1.1029E+00	1.1026E+00	1.1050E+00	1.1036E+00
1.0790E+00	1.0767E+00	1.0764E+00	1.0790E+00	1.0775E+00
1.0508E+00	1.0483E+00	1.0480E+00	1.0508E+00	1.0491E+00
1.0206E+00	1.0179E+00	1.0175E+00	1.0205E+00	1.0188E+00
9.8851E-01	9.8556E-01	9.8519E-01	9.8842E-01	9.8655E-01
9.5471E-01	9.5156E-01	9.5117E-01	9.5460E-01	9.5262E-01
9.1936E-01	9.1603E-01	9.1561E-01	9.1925E-01	9.1715E-01
8.8266E-01	8.7915E-01	8.7871E-01	8.8255E-01	8.8033E-01
8.4480E-01	8.4110E-01	8.4064E-01	8.4467E-01	8.4235E-01
8.0596E-01	8.0209E-01	8.0160E-01	8.0583E-01	8.0339E-01
7.6634E-01	7.6230E-01	7.6179E-01	7.6621E-01	7.6366E-01
7.2615E-01	7.2194E-01	7.2141E-01	7.2601E-01	7.2335E-01
6.8558E-01	6.8121E-01	6.8066E-01	6.8543E-01	6.8268E-01
6.4484E-01	6.4032E-01	6.3975E-01	6.4469E-01	6.4184E-01
6.0414E-01	5.9947E-01	5.9888E-01	6.0398E-01	6.0104E-01
5.6368E-01	5.5886E-01	5.5826E-01	5.6352E-01	5.6049E-01
5.2367E-01	5.1871E-01	5.1809E-01	5.2350E-01	5.2038E-01
4.8430E-01	4.7921E-01	4.7857E-01	4.8413E-01	4.8092E-01
4.4577E-01	4.4056E-01	4.3991E-01	4.4560E-01	4.4232E-01
4.0829E-01	4.0295E-01	4.0229E-01	4.0811E-01	4.0475E-01
3.7203E-01	3.6658E-01	3.6590E-01	3.7184E-01	3.6841E-01
3.3717E-01	3.3161E-01	3.3092E-01	3.3698E-01	3.3349E-01
3.0390E-01	2.9824E-01	2.9754E-01	3.0371E-01	3.0015E-01
2.7237E-01	2.6662E-01	2.6591E-01	2.7218E-01	2.6856E-01
2.4275E-01	2.3692E-01	2.3619E-01	2.4255E-01	2.3888E-01
2.1518E-01	2.0927E-01	2.0853E-01	2.1499E-01	2.1126E-01
1.8981E-01	1.8382E-01	1.8308E-01	1.8961E-01	1.8584E-01
1.6675E-01	1.6070E-01	1.5995E-01	1.6655E-01	1.6274E-01
1.4613E-01	1.4002E-01	1.3926E-01	1.4592E-01	1.4339E-01
1.2804E-01	1.2189E-01	1.2112E-01	1.2784E-01	1.2815E-01
1.1258E-01	1.0639E-01	1.0562E-01	1.1364E-01	1.1367E-01
1.0040E-01	9.4237E-02	9.3403E-02	9.9620E-02	1.0569E-01
9.1237E-02	8.5346E-02	8.5214E-02	8.8041E-02	9.7050E-02
6.6937E-02	5.6449E-02	4.2723E-02	2.2290E-02	1.5800E-02
2.7970E-02	2.2000E-02	1.7880E-02	1.4630E-02	1.2540E-02
2.3970E-02	1.9110E-02	1.3880E-02	1.0590E-02	8.6400E-03
3.2510E-02	1.7090E-02	1.2230E-02	9.7000E-03	8.4900E-03
3.7546E-02	1.6330E-02	1.2298E-02	1.1058E-02	1.0210E-02
2.8102E-02	1.3543E-02	1.8045E-02	1.0821E-02	1.7420E-02
3.9191E-02	2.6359E-02	2.8148E-02	2.4604E-02	2.6620E-02
4.5954E-02	2.2863E-02	4.2531E-02	2.3104E-02	4.1012E-02
6.1864E-02	3.8929E-02	5.8551E-02	3.9169E-02	5.7043E-02
8.0481E-02	5.7731E-02	7.7195E-02	5.7968E-02	7.5699E-02
1.0171E-01	7.9177E-02	9.8460E-02	7.9412E-02	9.6978E-02
1.2546E-01	1.0316E-01	1.2224E-01	1.0340E-01	1.2077E-01
1.5161E-01	1.2957E-01	1.4842E-01	1.2980E-01	1.4697E-01
1.8002E-01	1.5828E-01	1.7688E-01	1.5851E-01	1.7545E-01
2.1056E-01	1.8914E-01	2.0747E-01	1.8937E-01	2.0606E-01
2.4309E-01	2.2201E-01	2.4004E-01	2.2223E-01	2.3866E-01
2.7743E-01	2.5673E-01	2.7444E-01	2.5695E-01	2.7308E-01
3.1343E-01	2.9313E-01	3.1050E-01	2.9334E-01	3.0916E-01
3.5091E-01	3.3103E-01	3.4804E-01	3.3124E-01	3.4673E-01
3.8969E-01	3.7025E-01	3.8688E-01	3.7045E-01	3.8560E-01
4.2956E-01	4.1059E-01	4.2682E-01	4.1079E-01	4.2558E-01
4.7035E-01	4.5188E-01	4.6768E-01	4.5207E-01	4.6647E-01
5.1185E-01	4.9389E-01	5.0926E-01	4.9408E-01	5.0808E-01
5.5386E-01	5.3644E-01	5.5134E-01	5.3662E-01	5.5020E-01
5.9617E-01	5.7931E-01	5.9374E-01	5.7948E-01	5.9263E-01
6.3858E-01	6.2229E-01	6.3623E-01	6.2246E-01	6.3516E-01
6.8088E-01	6.6519E-01	6.7861E-01	6.6535E-01	6.7758E-01
7.2285E-01	7.0778E-01	7.2068E-01	7.0794E-01	7.1968E-01
7.6431E-01	7.4987E-01	7.6222E-01	7.5002E-01	7.6127E-01
8.0503E-01	7.9125E-01	8.0304E-01	7.9139E-01	8.0213E-01
8.4483E-01	8.3172E-01	8.4294E-01	8.3186E-01	8.4207E-01
8.8351E-01	8.7108E-01	8.8171E-01	8.7121E-01	8.8090E-01
9.2088E-01	9.0915E-01	9.1918E-01	9.0928E-01	9.1841E-01
9.5675E-01	9.4574E-01	9.5516E-01	9.4586E-01	9.5444E-01
9.9096E-01	9.8068E-01	9.8947E-01	9.8079E-01	9.8879E-01
1.0233E+00	1.0138E+00	1.0219E+00	1.0139E+00	1.0213E+00
1.0537E+00	1.0449E+00	1.0524E+00	1.0450E+00	1.0518E+00
1.0819E+00	1.0739E+00	1.0808E+00	1.0740E+00	1.0802E+00
1.1079E+00	1.1006E+00	1.1068E+00	1.1007E+00	1.1063E+00
1.1314E+00	1.1249E+00	1.1305E+00	1.1250E+00	1.1300E+00
1.1524E+00	1.1467E+00	1.1516E+00	1.1468E+00	1.1512E+00
1.1708E+00	1.1659E+00	1.1701E+00	1.1660E+00	1.1698E+00
1.1864E+00	1.1824E+00	1.1858E+00	1.1824E+00	1.1856E+00
1.1993E+00	1.1960E+00	1.1988E+00	1.1961E+00	1.1986E+00
1.2093E+00	1.2068E+00	1.2089E+00	1.2069E+00	1.2088E+00
1.2164E+00	1.2147E+00	1.2161E+00	1.2147E+00	1.2160E+00
1.2205E+00	1.2197E+00	1.2204E+00	1.2197E+00	1.2203E+00
1.2217E+00	1.2217E+00	1.2217E+00	1.2217E+00	1.2217E+00
!M	CMTAB
!U	nd
3.0542E-01	3.0542E-01	3.0542E-01	3.0542E-01	3.0542E-01
3.0488E-01	3.0487E-01	3.0487E-01	3.0483E-01	3.0477E-01
3.0329E-01	3.0326E-01	3.0325E-01	3.0312E-01	3.0288E-01
3.0070E-01	3.0064E-01	3.0063E-01	3.0035E-01	2.9981E-01
2.9718E-01	2.9707E-01	2.9705E-01	2.9656E-01	2.9563E-01
2.9276E-01	2.9260E-01	2.9256E-01	2.9182E-01	2.9041E-01
2.8750E-01	2.8728E-01	2.8723E-01	2.8618E-01	2.8420E-01
2.8146E-01	2.8116E-01	2.8109E-01	2.7971E-01	2.7709E-01
2.7468E-01	2.7431E-01	2.7421E-01	2.7246E-01	2.6914E-01
2.6722E-01	2.6676E-01	2.6664E-01	2.6448E-01	2.6040E-01
2.5914E-01	2.5857E-01	2.5843E-01	2.5584E-01	2.5096E-01
2.5047E-01	2.4979E-01	2.4963E-01	2.4660E-01	2.4088E-01
2.4128E-01	2.4049E-01	2.4029E-01	2.3680E-01	2.3023E-01
2.3161E-01	2.3071E-01	2.3048E-01	2.2652E-01	2.1906E-01
2.2153E-01	2.2050E-01	2.2024E-01	2.1580E-01	2.0746E-01
2.1108E-01	2.0991E-01	2.0963E-01	2.0470E-01	1.9548E-01
2.0031E-01	1.9901E-01	1.9869E-01	1.9329E-01	1.8320E-01
1.8927E-01	1.8784E-01	1.8748E-01	1.8162E-01	1.7067E-01
1.7802E-01	1.7646E-01	1.7606E-01	1.6975E-01	1.5798E-01
1.6662E-01	1.6491E-01	1.6448E-01	1.5773E-01	1.4518E-01
1.5510E-01	1.5325E-01	1.5279E-01	1.4563E-01	1.3234E-01
1.4353E-01	1.4154E-01	1.4104E-01	1.3349E-01	1.1953E-01
1.3196E-01	1.2982E-01	1.2929E-01	1.2139E-01	1.0682E-01
1.2043E-01	1.1816E-01	1.1759E-01	1.0937E-01	9.4274E-02
1.0901E-01	1.0660E-01	1.0599E-01	9.7495E-02	8.1957E-02
9.7741E-02	9.5187E-02	9.4549E-02	8.5823E-02	6.9937E-02
8.6677E-02	8.3987E-02	8.3314E-02	7.4412E-02	5.8283E-02
7.5871E-02	7.3048E-02	7.2342E-02	6.3318E-02	4.7060E-02
6.5374E-02	6.2422E-02	6.1684E-02	5.2599E-02	3.6337E-02
5.5240E-02	5.2163E-02	5.1394E-02	4.2314E-02	2.6179E-02
4.5520E-02	4.2324E-02	4.1525E-02	3.2520E-02	1.6655E-02
3.6267E-02	3.2957E-02	3.2129E-02	2.3274E-02	7.8320E-03
2.7533E-02	2.4115E-02	2.3260E-02	1.4634E-02	-2.2400E-04
1.9369E-02	1.5851E-02	1.4971E-02	6.6590E-03	-7.4460E-03
1.1829E-02	8.2180E-03	7.3150E-03	-5.9400E-04	-1.3766E-02
4.9640E-03	1.2690E-03	3.4500E-04	-7.0670E-03	-1.9116E-02
-1.1730E-03	-4.9440E-03	-5.8870E-03	-1.2703E-02	-2.3431E-02
-6.5300E-03	-1.0367E-02	-1.1326E-02	-1.7444E-02	-2.6643E-02
-1.1055E-02	-1.4948E-02	-1.5921E-02	-2.1232E-02	-2.8488E-02
-1.4696E-02	-1.8634E-02	-1.9618E-02	-2.4009E-02	-2.8006E-02
-1.7401E-02	-2.1371E-02	-2.2364E-02	-2.5832E-02	-3.2905E-02
-1.9366E-02	-2.3260E-02	-2.4101E-02	-2.6300E-02	-3.7717E-02
-1.9576E-02	-2.2570E-02	-2.3570E-02	-3.0827E-02	-4.2100E-02
-3.3917E-02	-5.0525E-02	-6.6752E-02	-1.0090E-01	-1.1130E-01
-8.8800E-02	-9.0800E-02	-1.1310E-01	-1.2380E-01	-1.2960E-01
-8.9100E-02	-1.1840E-01	-1.3010E-01	-1.3610E-01	-1.3880E-01
-1.0610E-01	-1.3460E-01	-1.4030E-01	-1.4110E-01	-1.4095E-01
-1.3031E-01	-1.3780E-01	-1.3715E-01	-1.3417E-01	-1.3590E-01
-1.2336E-01	-1.1747E-01	-1.1915E-01	-1.2081E-01	-1.2099E-01
-1.0796E-01	-1.0538E-01	-1.0853E-01	-1.1778E-01	-1.1133E-01
-1.1246E-01	-1.0756E-01	-1.0913E-01	-1.1896E-01	-1.1193E-01
-1.1381E-01	-1.0887E-01	-1.1037E-01	-1.2033E-01	-1.1314E-01
-1.1575E-01	-1.1080E-01	-1.1222E-01	-1.2226E-01	-1.1496E-01
-1.1825E-01	-1.1330E-01	-1.1464E-01	-1.2473E-01	-1.1735E-01
-1.2126E-01	-1.1634E-01	-1.1761E-01	-1.2769E-01	-1.2028E-01
-1.2477E-01	-1.1989E-01	-1.2108E-01	-1.3111E-01	-1.2370E-01
-1.2873E-01	-1.2392E-01	-1.2504E-01	-1.3498E-01	-1.2760E-01
-1.3312E-01	-1.2838E-01	-1.2944E-01	-1.3925E-01	-1.3194E-01
-1.3790E-01	-1.3326E-01	-1.3425E-01	-1.4389E-01	-1.3668E-01
-1.4304E-01	-1.3851E-01	-1.3944E-01	-1.4888E-01	-1.4180E-01
-1.4851E-01	-1.4410E-01	-1.4497E-01	-1.5418E-01	-1.4725E-01
-1.5427E-01	-1.5000E-01	-1.5081E-01	-1.5976E-01	-1.5301E-01
-1.6030E-01	-1.5618E-01	-1.5693E-01	-1.6559E-01	-1.5904E-01
-1.6657E-01	-1.6260E-01	-1.6329E-01	-1.7165E-01	-1.6531E-01
-1.7303E-01	-1.6922E-01	-1.6987E-01	-1.7789E-01	-1.7179E-01
-1.7966E-01	-1.7602E-01	-1.7662E-01	-1.8429E-01	-1.7845E-01
-1.8642E-01	-1.8297E-01	-1.8351E-01	-1.9082E-01	-1.8525E-01
-1.9329E-01	-1.9002E-01	-1.9052E-01	-1.9745E-01	-1.9215E-01
-2.0022E-01	-1.9714E-01	-1.9760E-01	-2.0414E-01	-1.9913E-01
-2.0720E-01	-2.0431E-01	-2.0473E-01	-2.1087E-01	-2.0616E-01
-2.1418E-01	-2.1149E-01	-2.1186E-01	-2.1760E-01	-2.1319E-01
-2.2113E-01	-2.1864E-01	-2.1898E-01	-2.2430E-01	-2.2021E-01
-2.2803E-01	-2.2573E-01	-2.2604E-01	-2.3094E-01	-2.2717E-01
-2.3484E-01	-2.3274E-01	-2.3300E-01	-2.3750E-01	-2.3403E-01
-2.4152E-01	-2.3961E-01	-2.3985E-01	-2.4394E-01	-2.4078E-01
-2.4805E-01	-2.4633E-01	-2.4654E-01	-2.5022E-01	-2.4738E-01
-2.5439E-01	-2.5286E-01	-2.5304E-01	-2.5633E-01	-2.5378E-01
-2.6051E-01	-2.5916E-01	-2.5931E-01	-2.6222E-01	-2.5997E-01
-2.6638E-01	-2.6520E-01	-2.6533E-01	-2.6787E-01	-2.6590E-01
-2.7196E-01	-2.7095E-01	-2.7106E-01	-2.7324E-01	-2.7155E-01
-2.7723E-01	-2.7638E-01	-2.7647E-01	-2.7831E-01	-2.7688E-01
-2.8215E-01	-2.8144E-01	-2.8152E-01	-2.8304E-01	-2.8186E-01
-2.8669E-01	-2.8612E-01	-2.8618E-01	-2.8741E-01	-2.8645E-01
-2.9082E-01	-2.9037E-01	-2.9041E-01	-2.9138E-01	-2.9063E-01
-2.9450E-01	-2.9416E-01	-2.9419E-01	-2.9492E-01	-2.9435E-01
-2.9770E-01	-2.9746E-01	-2.9748E-01	-2.9800E-01	-2.9760E-01
-3.0039E-01	-3.0024E-01	-3.0025E-01	-3.0058E-01	-3.0032E-01
-3.0254E-01	-3.0245E-01	-3.0246E-01	-3.0265E-01	-3.0250E-01
-3.0412E-01	-3.0408E-01	-3.0408E-01	-3.0417E-01	-3.0410E-01
-3.0509E-01	-3.0508E-01	-3.0508E-01	-3.0510E-01	-3.0508E-01
-3.0542E-01	-3.0542E-01	-3.0542E-01	-3.0542E-01	-3.0542E-01
