!T	AOACL
!U	deg
-90	
-88	
-86	
-84	
-82	
-80	
-78	
-76	
-74	
-72	
-70	
-68	
-66	
-64	
-62	
-60	
-58	
-56	
-54	
-52	
-50	
-48	
-46	
-44	
-42	
-40	
-38	
-36	
-34	
-32	
-30	
-28	
-26	
-24	
-22	
-20	
-18	
-16	
-14	
-12	
-10	
-8	
-6	
-4	
-2	
0	
2	
4	
6	
8	
10	
12	
14	
16	
18	
20	
22	
24	
26	
28	
30	
32	
34	
36	
38	
40	
42	
44	
46	
48	
50	
52	
54	
56	
58	
60	
62	
64	
66	
68	
70	
72	
74	
76	
78	
80	
82	
84	
86	
88	
90	
!T	AOACD
!U	deg
-90	
-88	
-86	
-84	
-82	
-80	
-78	
-76	
-74	
-72	
-70	
-68	
-66	
-64	
-62	
-60	
-58	
-56	
-54	
-52	
-50	
-48	
-46	
-44	
-42	
-40	
-38	
-36	
-34	
-32	
-30	
-28	
-26	
-24	
-22	
-20	
-18	
-16	
-14	
-12	
-10	
-8	
-6	
-4	
-2	
0	
2	
4	
6	
8	
10	
12	
14	
16	
18	
20	
22	
24	
26	
28	
30	
32	
34	
36	
38	
40	
42	
44	
46	
48	
50	
52	
54	
56	
58	
60	
62	
64	
66	
68	
70	
72	
74	
76	
78	
80	
82	
84	
86	
88	
90	
!T	AOACM
!U	deg
-90	
-88	
-86	
-84	
-82	
-80	
-78	
-76	
-74	
-72	
-70	
-68	
-66	
-64	
-62	
-60	
-58	
-56	
-54	
-52	
-50	
-48	
-46	
-44	
-42	
-40	
-38	
-36	
-34	
-32	
-30	
-28	
-26	
-24	
-22	
-20	
-18	
-16	
-14	
-12	
-10	
-8	
-6	
-4	
-2	
0	
2	
4	
6	
8	
10	
12	
14	
16	
18	
20	
22	
24	
26	
28	
30	
32	
34	
36	
38	
40	
42	
44	
46	
48	
50	
52	
54	
56	
58	
60	
62	
64	
66	
68	
70	
72	
74	
76	
78	
80	
82	
84	
86	
88	
90	
!T	RECL
!U	nd
50000	
100000	
150000	
200000	
250000	
!T	RECD
!U	nd
50000	
100000	
150000	
200000	
250000	
!T	RECM
!U	nd
50000	
100000	
150000	
200000	
250000	
!M	CLTAB
!U	nd
-0.0000E+00	-0.0000E+00	-0.0000E+00	-0.0000E+00	-0.0000E+00
-4.3717E-02	-4.3716E-02	-4.3718E-02	-4.3713E-02	-4.3714E-02
-8.7285E-02	-8.7283E-02	-8.7291E-02	-8.7269E-02	-8.7272E-02
-1.3049E-01	-1.3049E-01	-1.3051E-01	-1.3046E-01	-1.3046E-01
-1.7313E-01	-1.7312E-01	-1.7315E-01	-1.7306E-01	-1.7308E-01
-2.1499E-01	-2.1498E-01	-2.1503E-01	-2.1489E-01	-2.1491E-01
-2.5588E-01	-2.5586E-01	-2.5593E-01	-2.5573E-01	-2.5576E-01
-2.9559E-01	-2.9557E-01	-2.9566E-01	-2.9539E-01	-2.9543E-01
-3.3394E-01	-3.3391E-01	-3.3403E-01	-3.3367E-01	-3.3373E-01
-3.7074E-01	-3.7070E-01	-3.7085E-01	-3.7040E-01	-3.7048E-01
-4.0582E-01	-4.0577E-01	-4.0596E-01	-4.0539E-01	-4.0549E-01
-4.3901E-01	-4.3895E-01	-4.3918E-01	-4.3849E-01	-4.3861E-01
-4.7016E-01	-4.7009E-01	-4.7036E-01	-4.6954E-01	-4.6968E-01
-4.9912E-01	-4.9903E-01	-4.9935E-01	-4.9838E-01	-4.9855E-01
-5.2575E-01	-5.2565E-01	-5.2603E-01	-5.2490E-01	-5.2509E-01
-5.4994E-01	-5.4983E-01	-5.5026E-01	-5.4895E-01	-5.4918E-01
-5.7158E-01	-5.7145E-01	-5.7195E-01	-5.7045E-01	-5.7071E-01
-5.9057E-01	-5.9042E-01	-5.9099E-01	-5.8928E-01	-5.8957E-01
-6.0684E-01	-6.0666E-01	-6.0731E-01	-6.0537E-01	-6.0571E-01
-6.2030E-01	-6.2011E-01	-6.2084E-01	-6.1865E-01	-6.1903E-01
-6.3093E-01	-6.3071E-01	-6.3153E-01	-6.2908E-01	-6.2950E-01
-6.3867E-01	-6.3843E-01	-6.3934E-01	-6.3660E-01	-6.3708E-01
-6.4352E-01	-6.4325E-01	-6.4426E-01	-6.4122E-01	-6.4174E-01
-6.4547E-01	-6.4517E-01	-6.4629E-01	-6.4291E-01	-6.4350E-01
-6.4454E-01	-6.4420E-01	-6.4545E-01	-6.4171E-01	-6.4235E-01
-6.4076E-01	-6.4039E-01	-6.4177E-01	-6.3763E-01	-6.3834E-01
-6.3419E-01	-6.3378E-01	-6.3531E-01	-6.3073E-01	-6.3152E-01
-6.2490E-01	-6.2445E-01	-6.2613E-01	-6.2108E-01	-6.2195E-01
-6.1299E-01	-6.1250E-01	-6.1435E-01	-6.0877E-01	-6.0974E-01
-5.9858E-01	-5.9804E-01	-6.0009E-01	-5.9393E-01	-5.9499E-01
-5.8182E-01	-5.8122E-01	-5.8348E-01	-5.7668E-01	-5.7785E-01
-5.6288E-01	-5.6221E-01	-5.6472E-01	-5.5719E-01	-5.5849E-01
-5.4198E-01	-5.4124E-01	-5.4403E-01	-5.3566E-01	-5.3711E-01
-5.1939E-01	-5.1856E-01	-5.2167E-01	-5.1235E-01	-5.1396E-01
-4.9542E-01	-4.9450E-01	-4.9796E-01	-4.8755E-01	-4.8934E-01
-4.7048E-01	-4.6945E-01	-4.7335E-01	-4.6163E-01	-4.6365E-01
-4.4512E-01	-4.4395E-01	-4.4837E-01	-4.3509E-01	-4.3738E-01
-4.2008E-01	-4.1873E-01	-4.2380E-01	-4.0858E-01	-4.1120E-01
-3.9641E-01	-3.9485E-01	-4.0073E-01	-3.8307E-01	-3.8611E-01
-3.7581E-01	-3.7396E-01	-3.8092E-01	-3.6003E-01	-3.6363E-01
-3.6116E-01	-3.5892E-01	-3.6736E-01	-3.4201E-01	-3.4513E-01
-3.5541E-01	-3.5510E-01	-3.6112E-01	-3.3851E-01	-3.0031E-01
-3.7920E-01	-3.7922E-01	-3.4881E-01	-3.2085E-01	-2.4304E-01
-2.7167E-01	-2.2791E-01	-7.4058E-02	-2.6000E-02	3.0400E-02
-4.8300E-02	1.2910E-01	2.2530E-01	2.5890E-01	2.6700E-01
1.6830E-01	4.2750E-01	4.7220E-01	4.8350E-01	4.7317E-01
4.7730E-01	6.7460E-01	6.9120E-01	6.9050E-01	6.8760E-01
7.0590E-01	8.8940E-01	8.8800E-01	8.8580E-01	8.9360E-01
9.6726E-01	1.0996E+00	1.0963E+00	1.1283E+00	1.1143E+00
1.2265E+00	1.2086E+00	1.2108E+00	1.1817E+00	1.0837E+00
1.0506E+00	1.0681E+00	1.0740E+00	1.0012E+00	9.2635E-01
9.4301E-01	9.4446E-01	9.4918E-01	9.0154E-01	8.4079E-01
8.7608E-01	8.7730E-01	8.8129E-01	8.4101E-01	7.8963E-01
8.3326E-01	8.3432E-01	8.3776E-01	8.0306E-01	7.5880E-01
8.0590E-01	8.0682E-01	8.0982E-01	7.7952E-01	7.4088E-01
7.8870E-01	7.8951E-01	7.9216E-01	7.6544E-01	7.3135E-01
7.7827E-01	7.7899E-01	7.8134E-01	7.5759E-01	7.2729E-01
7.7229E-01	7.7293E-01	7.7504E-01	7.5380E-01	7.2671E-01
7.6912E-01	7.6970E-01	7.7159E-01	7.5251E-01	7.2818E-01
7.6755E-01	7.6808E-01	7.6978E-01	7.5259E-01	7.3067E-01
7.6670E-01	7.6717E-01	7.6871E-01	7.5318E-01	7.3338E-01
7.6586E-01	7.6628E-01	7.6768E-01	7.5363E-01	7.3571E-01
7.6448E-01	7.6487E-01	7.6613E-01	7.5341E-01	7.3718E-01
7.6214E-01	7.6250E-01	7.6364E-01	7.5211E-01	7.3741E-01
7.5850E-01	7.5882E-01	7.5985E-01	7.4941E-01	7.3610E-01
7.5328E-01	7.5357E-01	7.5450E-01	7.4506E-01	7.3300E-01
7.4626E-01	7.4652E-01	7.4737E-01	7.3883E-01	7.2793E-01
7.3728E-01	7.3752E-01	7.3828E-01	7.3057E-01	7.2073E-01
7.2620E-01	7.2641E-01	7.2710E-01	7.2016E-01	7.1130E-01
7.1293E-01	7.1312E-01	7.1374E-01	7.0750E-01	6.9955E-01
6.9741E-01	6.9758E-01	6.9813E-01	6.9255E-01	6.8542E-01
6.7959E-01	6.7974E-01	6.8023E-01	6.7526E-01	6.6890E-01
6.5947E-01	6.5960E-01	6.6004E-01	6.5562E-01	6.4999E-01
6.3706E-01	6.3718E-01	6.3757E-01	6.3366E-01	6.2868E-01
6.1240E-01	6.1250E-01	6.1284E-01	6.0941E-01	6.0504E-01
5.8552E-01	5.8561E-01	5.8591E-01	5.8292E-01	5.7911E-01
5.5652E-01	5.5660E-01	5.5685E-01	5.5427E-01	5.5097E-01
5.2547E-01	5.2554E-01	5.2576E-01	5.2354E-01	5.2072E-01
4.9248E-01	4.9254E-01	4.9272E-01	4.9085E-01	4.8846E-01
4.5767E-01	4.5771E-01	4.5787E-01	4.5630E-01	4.5430E-01
4.2116E-01	4.2120E-01	4.2133E-01	4.2004E-01	4.1840E-01
3.8312E-01	3.8315E-01	3.8325E-01	3.8221E-01	3.8089E-01
3.4368E-01	3.4371E-01	3.4379E-01	3.4297E-01	3.4193E-01
3.0303E-01	3.0305E-01	3.0311E-01	3.0248E-01	3.0169E-01
2.6133E-01	2.6134E-01	2.6139E-01	2.6093E-01	2.6035E-01
2.1877E-01	2.1878E-01	2.1881E-01	2.1849E-01	2.1809E-01
1.7554E-01	1.7555E-01	1.7557E-01	1.7537E-01	1.7511E-01
1.3185E-01	1.3185E-01	1.3186E-01	1.3175E-01	1.3160E-01
8.7886E-02	8.7888E-02	8.7893E-02	8.7842E-02	8.7778E-02
4.3867E-02	4.3868E-02	4.3869E-02	4.3856E-02	4.3840E-02
0.0000E+00	0.0000E+00	0.0000E+00	0.0000E+00	0.0000E+00
!M	CDTAB
!U	nd
1.2525E+00	1.2525E+00	1.2525E+00	1.2525E+00	1.2525E+00
1.2531E+00	1.2528E+00	1.2529E+00	1.2526E+00	1.2538E+00
1.2507E+00	1.2501E+00	1.2503E+00	1.2497E+00	1.2521E+00
1.2453E+00	1.2444E+00	1.2447E+00	1.2437E+00	1.2473E+00
1.2369E+00	1.2357E+00	1.2360E+00	1.2348E+00	1.2395E+00
1.2255E+00	1.2240E+00	1.2245E+00	1.2229E+00	1.2288E+00
1.2113E+00	1.2095E+00	1.2100E+00	1.2082E+00	1.2152E+00
1.1942E+00	1.1922E+00	1.1927E+00	1.1906E+00	1.1988E+00
1.1745E+00	1.1721E+00	1.1728E+00	1.1703E+00	1.1797E+00
1.1521E+00	1.1495E+00	1.1502E+00	1.1475E+00	1.1579E+00
1.1272E+00	1.1243E+00	1.1251E+00	1.1221E+00	1.1337E+00
1.1000E+00	1.0968E+00	1.0977E+00	1.0944E+00	1.1071E+00
1.0705E+00	1.0671E+00	1.0681E+00	1.0645E+00	1.0783E+00
1.0390E+00	1.0353E+00	1.0364E+00	1.0325E+00	1.0473E+00
1.0056E+00	1.0016E+00	1.0027E+00	9.9856E-01	1.0145E+00
9.7042E-01	9.6616E-01	9.6738E-01	9.6293E-01	9.7990E-01
9.3368E-01	9.2917E-01	9.3046E-01	9.2575E-01	9.4373E-01
8.9557E-01	8.9080E-01	8.9217E-01	8.8719E-01	9.0617E-01
8.5627E-01	8.5126E-01	8.5269E-01	8.4747E-01	8.6741E-01
8.1598E-01	8.1074E-01	8.1224E-01	8.0676E-01	8.2766E-01
7.7491E-01	7.6943E-01	7.7100E-01	7.6528E-01	7.8710E-01
7.3326E-01	7.2756E-01	7.2919E-01	7.2324E-01	7.4595E-01
6.9124E-01	6.8532E-01	6.8702E-01	6.8083E-01	7.0441E-01
6.4906E-01	6.4293E-01	6.4469E-01	6.3829E-01	6.6270E-01
6.0693E-01	6.0060E-01	6.0242E-01	5.9580E-01	6.2103E-01
5.6507E-01	5.5854E-01	5.6041E-01	5.5360E-01	5.7960E-01
5.2368E-01	5.1697E-01	5.1889E-01	5.1187E-01	5.3862E-01
4.8296E-01	4.7607E-01	4.7804E-01	4.7085E-01	4.9830E-01
4.4313E-01	4.3607E-01	4.3809E-01	4.3072E-01	4.5885E-01
4.0438E-01	3.9715E-01	3.9922E-01	3.9168E-01	4.2046E-01
3.6690E-01	3.5952E-01	3.6163E-01	3.5393E-01	3.8332E-01
3.3088E-01	3.2336E-01	3.2551E-01	3.1766E-01	3.4763E-01
2.9650E-01	2.8885E-01	2.9104E-01	2.8304E-01	3.1355E-01
2.6393E-01	2.5615E-01	2.5838E-01	2.5025E-01	2.8126E-01
2.3334E-01	2.2544E-01	2.2770E-01	2.1945E-01	2.5092E-01
2.0486E-01	1.9686E-01	1.9915E-01	1.9079E-01	2.2268E-01
1.7866E-01	1.7056E-01	1.7288E-01	1.6442E-01	1.9669E-01
1.5485E-01	1.4666E-01	1.4900E-01	1.4045E-01	1.7308E-01
1.3355E-01	1.2529E-01	1.2765E-01	1.1902E-01	1.5196E-01
1.1488E-01	1.0655E-01	1.0893E-01	1.0023E-01	1.3343E-01
9.8919E-02	9.0531E-02	9.2931E-02	8.4171E-02	1.1585E-01
8.7211E-02	7.8163E-02	8.5040E-02	7.3559E-02	7.6091E-02
7.5440E-02	6.8313E-02	5.9439E-02	5.2220E-02	4.0307E-02
4.1438E-02	2.8207E-02	1.9685E-02	1.5880E-02	1.3770E-02
2.8980E-02	2.0890E-02	1.5230E-02	1.2330E-02	1.0740E-02
2.7680E-02	1.7460E-02	1.1810E-02	9.4700E-03	8.3170E-03
3.4970E-02	1.6790E-02	1.1970E-02	1.0060E-02	9.0800E-03
4.1560E-02	1.6950E-02	1.2960E-02	1.1550E-02	1.0870E-02
4.3546E-02	1.7883E-02	1.4892E-02	1.2183E-02	1.3375E-02
2.2460E-02	2.3615E-02	2.2223E-02	1.5875E-02	3.8052E-02
3.8581E-02	3.5579E-02	3.3916E-02	2.5594E-02	3.3093E-02
5.2364E-02	5.3303E-02	5.1652E-02	4.1051E-02	4.9145E-02
7.1540E-02	7.2471E-02	7.0834E-02	6.0318E-02	6.8347E-02
9.3413E-02	9.4335E-02	9.2713E-02	8.2295E-02	9.0249E-02
1.1787E-01	1.1879E-01	1.1718E-01	1.0687E-01	1.1474E-01
1.4481E-01	1.4571E-01	1.4412E-01	1.3394E-01	1.4171E-01
1.7408E-01	1.7497E-01	1.7340E-01	1.6335E-01	1.7103E-01
2.0555E-01	2.0642E-01	2.0488E-01	1.9498E-01	2.0254E-01
2.3906E-01	2.3992E-01	2.3840E-01	2.2866E-01	2.3610E-01
2.7445E-01	2.7530E-01	2.7381E-01	2.6424E-01	2.7154E-01
3.1155E-01	3.1238E-01	3.1092E-01	3.0153E-01	3.0870E-01
3.5018E-01	3.5099E-01	3.4956E-01	3.4037E-01	3.4739E-01
3.9015E-01	3.9094E-01	3.8954E-01	3.8056E-01	3.8742E-01
4.3126E-01	4.3203E-01	4.3067E-01	4.2190E-01	4.2859E-01
4.7331E-01	4.7407E-01	4.7274E-01	4.6420E-01	4.7072E-01
5.1611E-01	5.1684E-01	5.1555E-01	5.0725E-01	5.1359E-01
5.5944E-01	5.6015E-01	5.5890E-01	5.5084E-01	5.5699E-01
6.0308E-01	6.0377E-01	6.0256E-01	5.9476E-01	6.0072E-01
6.4684E-01	6.4751E-01	6.4634E-01	6.3881E-01	6.4455E-01
6.9049E-01	6.9114E-01	6.9001E-01	6.8275E-01	6.8829E-01
7.3383E-01	7.3444E-01	7.3336E-01	7.2639E-01	7.3171E-01
7.7663E-01	7.7722E-01	7.7618E-01	7.6951E-01	7.7461E-01
8.1870E-01	8.1927E-01	8.1827E-01	8.1190E-01	8.1677E-01
8.5983E-01	8.6037E-01	8.5942E-01	8.5336E-01	8.5799E-01
8.9981E-01	9.0032E-01	8.9943E-01	8.9368E-01	8.9807E-01
9.3846E-01	9.3894E-01	9.3810E-01	9.3268E-01	9.3682E-01
9.7559E-01	9.7604E-01	9.7525E-01	9.7016E-01	9.7404E-01
1.0110E+00	1.0114E+00	1.0107E+00	1.0059E+00	1.0096E+00
1.0446E+00	1.0449E+00	1.0443E+00	1.0398E+00	1.0432E+00
1.0761E+00	1.0764E+00	1.0758E+00	1.0717E+00	1.0748E+00
1.1054E+00	1.1057E+00	1.1051E+00	1.1014E+00	1.1042E+00
1.1323E+00	1.1326E+00	1.1321E+00	1.1288E+00	1.1313E+00
1.1568E+00	1.1571E+00	1.1566E+00	1.1536E+00	1.1559E+00
1.1788E+00	1.1790E+00	1.1786E+00	1.1760E+00	1.1780E+00
1.1980E+00	1.1982E+00	1.1978E+00	1.1956E+00	1.1973E+00
1.2144E+00	1.2146E+00	1.2143E+00	1.2124E+00	1.2138E+00
1.2280E+00	1.2281E+00	1.2279E+00	1.2264E+00	1.2275E+00
1.2386E+00	1.2387E+00	1.2385E+00	1.2374E+00	1.2383E+00
1.2463E+00	1.2463E+00	1.2462E+00	1.2455E+00	1.2460E+00
1.2509E+00	1.2509E+00	1.2509E+00	1.2505E+00	1.2508E+00
1.2525E+00	1.2525E+00	1.2525E+00	1.2525E+00	1.2525E+00
!M	CMTAB
!U	nd
3.1312E-01	3.1312E-01	3.1312E-01	3.1312E-01	3.1312E-01
3.1255E-01	3.1255E-01	3.1254E-01	3.1251E-01	3.1252E-01
3.1087E-01	3.1085E-01	3.1081E-01	3.1069E-01	3.1074E-01
3.0814E-01	3.0809E-01	3.0800E-01	3.0774E-01	3.0786E-01
3.0442E-01	3.0432E-01	3.0417E-01	3.0371E-01	3.0393E-01
2.9975E-01	2.9960E-01	2.9937E-01	2.9867E-01	2.9900E-01
2.9419E-01	2.9399E-01	2.9366E-01	2.9268E-01	2.9315E-01
2.8781E-01	2.8753E-01	2.8710E-01	2.8579E-01	2.8643E-01
2.8065E-01	2.8029E-01	2.7975E-01	2.7807E-01	2.7891E-01
2.7277E-01	2.7232E-01	2.7166E-01	2.6957E-01	2.7064E-01
2.6423E-01	2.6368E-01	2.6289E-01	2.6037E-01	2.6169E-01
2.5508E-01	2.5443E-01	2.5350E-01	2.5051E-01	2.5211E-01
2.4538E-01	2.4461E-01	2.4355E-01	2.4006E-01	2.4196E-01
2.3517E-01	2.3428E-01	2.3309E-01	2.2909E-01	2.3131E-01
2.2453E-01	2.2351E-01	2.2218E-01	2.1764E-01	2.2022E-01
2.1350E-01	2.1234E-01	2.1088E-01	2.0578E-01	2.0875E-01
2.0213E-01	2.0084E-01	1.9925E-01	1.9358E-01	1.9696E-01
1.9049E-01	1.8905E-01	1.8734E-01	1.8109E-01	1.8490E-01
1.7863E-01	1.7703E-01	1.7521E-01	1.6837E-01	1.7264E-01
1.6660E-01	1.6485E-01	1.6292E-01	1.5548E-01	1.6024E-01
1.5446E-01	1.5254E-01	1.5052E-01	1.4249E-01	1.4777E-01
1.4226E-01	1.4019E-01	1.3808E-01	1.2945E-01	1.3527E-01
1.3007E-01	1.2782E-01	1.2565E-01	1.1643E-01	1.2282E-01
1.1793E-01	1.1551E-01	1.1328E-01	1.0348E-01	1.1047E-01
1.0590E-01	1.0331E-01	1.0104E-01	9.0673E-02	9.8277E-02
9.4035E-02	9.1268E-02	8.8991E-02	7.8059E-02	8.6311E-02
8.2393E-02	7.9448E-02	7.7177E-02	6.5703E-02	7.4630E-02
7.1028E-02	6.7904E-02	6.5661E-02	5.3666E-02	6.3293E-02
5.9995E-02	5.6691E-02	5.4501E-02	4.2006E-02	5.2361E-02
4.9350E-02	4.5864E-02	4.3754E-02	3.0786E-02	4.1895E-02
3.9147E-02	3.5481E-02	3.3477E-02	2.0066E-02	3.1955E-02
2.9443E-02	2.5596E-02	2.3729E-02	9.9060E-03	2.2603E-02
2.0292E-02	1.6265E-02	1.4566E-02	3.6700E-04	1.3897E-02
1.1749E-02	7.5440E-03	6.0460E-03	-8.4900E-03	5.9000E-03
3.8710E-03	-5.1100E-04	-1.7730E-03	-1.6605E-02	-1.3280E-03
-3.2870E-03	-7.8450E-03	-8.8350E-03	-2.3918E-02	-7.7270E-03
-9.6710E-03	-1.4401E-02	-1.5081E-02	-3.0367E-02	-1.3236E-02
-1.5224E-02	-2.0124E-02	-2.0454E-02	-3.5892E-02	-1.7795E-02
-1.9892E-02	-2.4958E-02	-2.4897E-02	-4.0434E-02	-2.1342E-02
-2.3619E-02	-2.8848E-02	-2.8352E-02	-4.3929E-02	-2.3818E-02
-2.6349E-02	-3.1737E-02	-3.0762E-02	-4.6320E-02	-2.5211E-02
-2.7996E-02	-3.3481E-02	-3.1356E-02	-4.5656E-02	-4.5723E-02
-2.8600E-02	-3.3172E-02	-4.1652E-02	-5.4633E-02	-7.0341E-02
-5.0452E-02	-5.8184E-02	-8.3141E-02	-9.3000E-02	-1.0050E-01
-5.8400E-02	-8.8000E-02	-1.0200E-01	-1.0560E-01	-1.0510E-01
-6.6000E-02	-1.0330E-01	-1.0650E-01	-1.0550E-01	-1.0373E-01
-9.3000E-02	-1.0680E-01	-1.0470E-01	-1.0270E-01	-1.0140E-01
-1.0050E-01	-1.0270E-01	-9.9000E-02	-9.8000E-02	-9.7600E-02
-9.6948E-02	-9.3984E-02	-9.2600E-02	-9.0569E-02	-8.9640E-02
-7.6300E-02	-7.6728E-02	-7.7844E-02	-8.0322E-02	-8.6638E-02
-7.4541E-02	-7.6086E-02	-7.7284E-02	-8.2582E-02	-8.4797E-02
-7.7936E-02	-7.7252E-02	-7.8445E-02	-8.4285E-02	-8.6178E-02
-7.9918E-02	-7.9157E-02	-8.0340E-02	-8.6373E-02	-8.8325E-02
-8.2623E-02	-8.1794E-02	-8.2964E-02	-8.9146E-02	-9.1144E-02
-8.6007E-02	-8.5122E-02	-8.6275E-02	-9.2565E-02	-9.4596E-02
-9.0031E-02	-8.9099E-02	-9.0232E-02	-9.6591E-02	-9.8642E-02
-9.4653E-02	-9.3683E-02	-9.4793E-02	-1.0118E-01	-1.0324E-01
-9.9831E-02	-9.8833E-02	-9.9916E-02	-1.0631E-01	-1.0836E-01
-1.0552E-01	-1.0451E-01	-1.0556E-01	-1.1192E-01	-1.1396E-01
-1.1169E-01	-1.1066E-01	-1.1169E-01	-1.1797E-01	-1.2000E-01
-1.1829E-01	-1.1726E-01	-1.1825E-01	-1.2444E-01	-1.2643E-01
-1.2529E-01	-1.2425E-01	-1.2521E-01	-1.3128E-01	-1.3323E-01
-1.3263E-01	-1.3160E-01	-1.3252E-01	-1.3845E-01	-1.4035E-01
-1.4028E-01	-1.3927E-01	-1.4015E-01	-1.4591E-01	-1.4775E-01
-1.4820E-01	-1.4721E-01	-1.4805E-01	-1.5362E-01	-1.5540E-01
-1.5635E-01	-1.5539E-01	-1.5618E-01	-1.6154E-01	-1.6326E-01
-1.6468E-01	-1.6375E-01	-1.6451E-01	-1.6964E-01	-1.7128E-01
-1.7316E-01	-1.7226E-01	-1.7297E-01	-1.7786E-01	-1.7943E-01
-1.8174E-01	-1.8088E-01	-1.8155E-01	-1.8619E-01	-1.8767E-01
-1.9038E-01	-1.8956E-01	-1.9019E-01	-1.9456E-01	-1.9597E-01
-1.9904E-01	-1.9827E-01	-1.9885E-01	-2.0296E-01	-2.0427E-01
-2.0769E-01	-2.0696E-01	-2.0750E-01	-2.1132E-01	-2.1255E-01
-2.1627E-01	-2.1559E-01	-2.1608E-01	-2.1963E-01	-2.2076E-01
-2.2474E-01	-2.2412E-01	-2.2457E-01	-2.2782E-01	-2.2887E-01
-2.3308E-01	-2.3250E-01	-2.3291E-01	-2.3588E-01	-2.3683E-01
-2.4122E-01	-2.4070E-01	-2.4107E-01	-2.4375E-01	-2.4462E-01
-2.4914E-01	-2.4867E-01	-2.4900E-01	-2.5141E-01	-2.5218E-01
-2.5679E-01	-2.5638E-01	-2.5666E-01	-2.5880E-01	-2.5948E-01
-2.6414E-01	-2.6377E-01	-2.6402E-01	-2.6589E-01	-2.6648E-01
-2.7113E-01	-2.7081E-01	-2.7103E-01	-2.7264E-01	-2.7315E-01
-2.7773E-01	-2.7746E-01	-2.7764E-01	-2.7901E-01	-2.7944E-01
-2.8390E-01	-2.8367E-01	-2.8382E-01	-2.8496E-01	-2.8532E-01
-2.8959E-01	-2.8941E-01	-2.8953E-01	-2.9045E-01	-2.9074E-01
-2.9477E-01	-2.9463E-01	-2.9472E-01	-2.9544E-01	-2.9567E-01
-2.9939E-01	-2.9928E-01	-2.9935E-01	-2.9989E-01	-3.0007E-01
-3.0342E-01	-3.0334E-01	-3.0339E-01	-3.0377E-01	-3.0390E-01
-3.0680E-01	-3.0675E-01	-3.0678E-01	-3.0703E-01	-3.0711E-01
-3.0951E-01	-3.0948E-01	-3.0950E-01	-3.0964E-01	-3.0968E-01
-3.1149E-01	-3.1148E-01	-3.1148E-01	-3.1155E-01	-3.1157E-01
-3.1271E-01	-3.1271E-01	-3.1271E-01	-3.1272E-01	-3.1273E-01
-3.1312E-01	-3.1312E-01	-3.1312E-01	-3.1312E-01	-3.1312E-01
