!T	AOACL
!U	deg
-90	
-88	
-86	
-84	
-82	
-80	
-78	
-76	
-74	
-72	
-70	
-68	
-66	
-64	
-62	
-60	
-58	
-56	
-54	
-52	
-50	
-48	
-46	
-44	
-42	
-40	
-38	
-36	
-34	
-32	
-30	
-28	
-26	
-24	
-22	
-20	
-18	
-16	
-14	
-12	
-10	
-8	
-6	
-4	
-2	
0	
2	
4	
6	
8	
10	
12	
14	
16	
18	
20	
22	
24	
26	
28	
30	
32	
34	
36	
38	
40	
42	
44	
46	
48	
50	
52	
54	
56	
58	
60	
62	
64	
66	
68	
70	
72	
74	
76	
78	
80	
82	
84	
86	
88	
90	
!T	AOACD
!U	deg
-90	
-88	
-86	
-84	
-82	
-80	
-78	
-76	
-74	
-72	
-70	
-68	
-66	
-64	
-62	
-60	
-58	
-56	
-54	
-52	
-50	
-48	
-46	
-44	
-42	
-40	
-38	
-36	
-34	
-32	
-30	
-28	
-26	
-24	
-22	
-20	
-18	
-16	
-14	
-12	
-10	
-8	
-6	
-4	
-2	
0	
2	
4	
6	
8	
10	
12	
14	
16	
18	
20	
22	
24	
26	
28	
30	
32	
34	
36	
38	
40	
42	
44	
46	
48	
50	
52	
54	
56	
58	
60	
62	
64	
66	
68	
70	
72	
74	
76	
78	
80	
82	
84	
86	
88	
90	
!T	AOACM
!U	deg
-90	
-88	
-86	
-84	
-82	
-80	
-78	
-76	
-74	
-72	
-70	
-68	
-66	
-64	
-62	
-60	
-58	
-56	
-54	
-52	
-50	
-48	
-46	
-44	
-42	
-40	
-38	
-36	
-34	
-32	
-30	
-28	
-26	
-24	
-22	
-20	
-18	
-16	
-14	
-12	
-10	
-8	
-6	
-4	
-2	
0	
2	
4	
6	
8	
10	
12	
14	
16	
18	
20	
22	
24	
26	
28	
30	
32	
34	
36	
38	
40	
42	
44	
46	
48	
50	
52	
54	
56	
58	
60	
62	
64	
66	
68	
70	
72	
74	
76	
78	
80	
82	
84	
86	
88	
90	
!T	RECL
!U	nd
50000	
100000	
150000	
200000	
250000	
!T	RECD
!U	nd
50000	
100000	
150000	
200000	
250000	
!T	RECM
!U	nd
50000	
100000	
150000	
200000	
250000	
!M	CLTAB
!U	nd
-0.0000E+00	-0.0000E+00	-0.0000E+00	-0.0000E+00	-0.0000E+00
-4.2641E-02	-4.2632E-02	-4.2651E-02	-4.2642E-02	-4.2641E-02
-8.5136E-02	-8.5102E-02	-8.5178E-02	-8.5143E-02	-8.5139E-02
-1.2728E-01	-1.2720E-01	-1.2737E-01	-1.2729E-01	-1.2729E-01
-1.6887E-01	-1.6873E-01	-1.6904E-01	-1.6890E-01	-1.6888E-01
-2.0970E-01	-2.0949E-01	-2.0996E-01	-2.0974E-01	-2.0972E-01
-2.4957E-01	-2.4927E-01	-2.4996E-01	-2.4964E-01	-2.4961E-01
-2.8831E-01	-2.8789E-01	-2.8883E-01	-2.8840E-01	-2.8835E-01
-3.2571E-01	-3.2516E-01	-3.2639E-01	-3.2582E-01	-3.2576E-01
-3.6160E-01	-3.6091E-01	-3.6247E-01	-3.6175E-01	-3.6167E-01
-3.9581E-01	-3.9495E-01	-3.9689E-01	-3.9599E-01	-3.9590E-01
-4.2818E-01	-4.2714E-01	-4.2949E-01	-4.2840E-01	-4.2829E-01
-4.5856E-01	-4.5731E-01	-4.6012E-01	-4.5882E-01	-4.5868E-01
-4.8680E-01	-4.8533E-01	-4.8865E-01	-4.8711E-01	-4.8695E-01
-5.1277E-01	-5.1105E-01	-5.1493E-01	-5.1313E-01	-5.1295E-01
-5.3636E-01	-5.3437E-01	-5.3886E-01	-5.3678E-01	-5.3656E-01
-5.5746E-01	-5.5518E-01	-5.6033E-01	-5.5794E-01	-5.5769E-01
-5.7598E-01	-5.7338E-01	-5.7924E-01	-5.7652E-01	-5.7624E-01
-5.9183E-01	-5.8889E-01	-5.9553E-01	-5.9245E-01	-5.9213E-01
-6.0496E-01	-6.0165E-01	-6.0912E-01	-6.0566E-01	-6.0530E-01
-6.1531E-01	-6.1160E-01	-6.1998E-01	-6.1610E-01	-6.1569E-01
-6.2286E-01	-6.1871E-01	-6.2807E-01	-6.2373E-01	-6.2328E-01
-6.2758E-01	-6.2296E-01	-6.3338E-01	-6.2855E-01	-6.2804E-01
-6.2947E-01	-6.2434E-01	-6.3591E-01	-6.3055E-01	-6.2999E-01
-6.2855E-01	-6.2286E-01	-6.3569E-01	-6.2974E-01	-6.2912E-01
-6.2485E-01	-6.1856E-01	-6.3275E-01	-6.2617E-01	-6.2548E-01
-6.1842E-01	-6.1148E-01	-6.2715E-01	-6.1989E-01	-6.1913E-01
-6.0935E-01	-6.0168E-01	-6.1898E-01	-6.1096E-01	-6.1012E-01
-5.9771E-01	-5.8925E-01	-6.0835E-01	-5.9950E-01	-5.9857E-01
-5.8364E-01	-5.7429E-01	-5.9539E-01	-5.8561E-01	-5.8459E-01
-5.6727E-01	-5.5694E-01	-5.8025E-01	-5.6945E-01	-5.6831E-01
-5.4877E-01	-5.3734E-01	-5.6314E-01	-5.5118E-01	-5.4993E-01
-5.2836E-01	-5.1567E-01	-5.4431E-01	-5.3104E-01	-5.2965E-01
-5.0629E-01	-4.9216E-01	-5.2405E-01	-5.0927E-01	-5.0772E-01
-4.8287E-01	-4.6707E-01	-5.0273E-01	-4.8620E-01	-4.8447E-01
-4.5851E-01	-4.4073E-01	-4.8085E-01	-4.6226E-01	-4.6031E-01
-4.3372E-01	-4.1357E-01	-4.5905E-01	-4.3797E-01	-4.3576E-01
-4.0923E-01	-3.8614E-01	-4.3824E-01	-4.1409E-01	-4.1156E-01
-3.8606E-01	-3.5927E-01	-4.2044E-01	-3.9308E-01	-3.8901E-01
-3.6586E-01	-3.3417E-01	-4.0407E-01	-3.7499E-01	-3.6890E-01
-3.5142E-01	-3.1296E-01	-3.2904E-01	-3.0335E-01	-3.5017E-01
-3.4591E-01	-3.0827E-01	-2.9775E-01	-2.7258E-01	-3.2619E-01
-3.6496E-01	-2.8611E-01	-2.7538E-01	-2.4890E-01	-3.0353E-01
-2.6566E-01	-2.1421E-01	-1.9143E-01	-9.7750E-02	-5.8200E-02
2.9600E-02	7.8600E-02	1.9040E-01	2.4320E-01	2.6660E-01
1.9960E-01	4.0200E-01	4.7320E-01	4.8010E-01	4.7200E-01
4.8350E-01	6.7190E-01	6.8780E-01	6.8720E-01	6.8460E-01
7.2730E-01	8.7710E-01	8.9560E-01	8.7640E-01	8.9014E-01
9.8787E-01	1.0643E+00	1.0949E+00	1.0972E+00	1.1098E+00
1.1484E+00	1.1854E+00	1.1438E+00	1.0730E+00	1.0220E+00
1.0587E+00	1.0435E+00	9.8457E-01	9.2073E-01	8.8343E-01
9.4384E-01	9.3352E-01	8.8370E-01	8.3432E-01	8.0421E-01
8.7484E-01	8.6612E-01	8.2399E-01	7.8222E-01	7.5676E-01
8.3027E-01	8.2275E-01	7.8646E-01	7.5048E-01	7.2855E-01
8.0135E-01	7.9479E-01	7.6310E-01	7.3169E-01	7.1254E-01
7.8277E-01	7.7699E-01	7.4904E-01	7.2133E-01	7.0444E-01
7.7110E-01	7.6596E-01	7.4111E-01	7.1649E-01	7.0147E-01
7.6400E-01	7.5940E-01	7.3718E-01	7.1517E-01	7.0174E-01
7.5981E-01	7.5568E-01	7.3573E-01	7.1596E-01	7.0390E-01
7.5734E-01	7.5361E-01	7.3564E-01	7.1782E-01	7.0695E-01
7.5567E-01	7.5230E-01	7.3606E-01	7.1996E-01	7.1015E-01
7.5410E-01	7.5105E-01	7.3636E-01	7.2180E-01	7.1292E-01
7.5209E-01	7.4933E-01	7.3602E-01	7.2283E-01	7.1479E-01
7.4920E-01	7.4670E-01	7.3465E-01	7.2270E-01	7.1542E-01
7.4510E-01	7.4284E-01	7.3192E-01	7.2110E-01	7.1450E-01
7.3951E-01	7.3746E-01	7.2758E-01	7.1778E-01	7.1181E-01
7.3221E-01	7.3035E-01	7.2142E-01	7.1256E-01	7.0716E-01
7.2302E-01	7.2135E-01	7.1329E-01	7.0530E-01	7.0042E-01
7.1183E-01	7.1033E-01	7.0306E-01	6.9586E-01	6.9147E-01
6.9853E-01	6.9718E-01	6.9066E-01	6.8419E-01	6.8025E-01
6.8306E-01	6.8185E-01	6.7601E-01	6.7022E-01	6.6669E-01
6.6537E-01	6.6429E-01	6.5909E-01	6.5393E-01	6.5078E-01
6.4547E-01	6.4451E-01	6.3989E-01	6.3531E-01	6.3251E-01
6.2335E-01	6.2250E-01	6.1842E-01	6.1437E-01	6.1191E-01
5.9905E-01	5.9831E-01	5.9472E-01	5.9117E-01	5.8900E-01
5.7262E-01	5.7197E-01	5.6885E-01	5.6575E-01	5.6386E-01
5.4412E-01	5.4356E-01	5.4086E-01	5.3818E-01	5.3655E-01
5.1365E-01	5.1317E-01	5.1086E-01	5.0856E-01	5.0716E-01
4.8130E-01	4.8090E-01	4.7893E-01	4.7699E-01	4.7581E-01
4.4719E-01	4.4685E-01	4.4521E-01	4.4359E-01	4.4260E-01
4.1145E-01	4.1117E-01	4.0982E-01	4.0848E-01	4.0767E-01
3.7421E-01	3.7399E-01	3.7290E-01	3.7182E-01	3.7116E-01
3.3564E-01	3.3546E-01	3.3460E-01	3.3375E-01	3.3324E-01
2.9588E-01	2.9575E-01	2.9509E-01	2.9445E-01	2.9405E-01
2.5513E-01	2.5503E-01	2.5455E-01	2.5407E-01	2.5378E-01
2.1354E-01	2.1347E-01	2.1314E-01	2.1282E-01	2.1261E-01
1.7132E-01	1.7128E-01	1.7107E-01	1.7086E-01	1.7073E-01
1.2866E-01	1.2863E-01	1.2852E-01	1.2840E-01	1.2833E-01
8.5749E-02	8.5738E-02	8.5685E-02	8.5632E-02	8.5601E-02
4.2794E-02	4.2791E-02	4.2778E-02	4.2765E-02	4.2757E-02
0.0000E+00	0.0000E+00	0.0000E+00	0.0000E+00	0.0000E+00
!M	CDTAB
!U	nd
1.2217E+00	1.2217E+00	1.2217E+00	1.2217E+00	1.2217E+00
1.2227E+00	1.2224E+00	1.2238E+00	1.2236E+00	1.2229E+00
1.2209E+00	1.2202E+00	1.2230E+00	1.2226E+00	1.2211E+00
1.2160E+00	1.2151E+00	1.2192E+00	1.2187E+00	1.2164E+00
1.2083E+00	1.2070E+00	1.2125E+00	1.2118E+00	1.2087E+00
1.1976E+00	1.1961E+00	1.2029E+00	1.2021E+00	1.1982E+00
1.1842E+00	1.1823E+00	1.1905E+00	1.1895E+00	1.1849E+00
1.1680E+00	1.1658E+00	1.1753E+00	1.1742E+00	1.1688E+00
1.1492E+00	1.1467E+00	1.1575E+00	1.1562E+00	1.1501E+00
1.1278E+00	1.1250E+00	1.1371E+00	1.1357E+00	1.1288E+00
1.1040E+00	1.1009E+00	1.1143E+00	1.1127E+00	1.1051E+00
1.0778E+00	1.0745E+00	1.0892E+00	1.0874E+00	1.0791E+00
1.0495E+00	1.0459E+00	1.0618E+00	1.0599E+00	1.0509E+00
1.0192E+00	1.0153E+00	1.0324E+00	1.0304E+00	1.0206E+00
9.8701E-01	9.8283E-01	1.0012E+00	9.9902E-01	9.8855E-01
9.5311E-01	9.4865E-01	9.6820E-01	9.6589E-01	9.5474E-01
9.1767E-01	9.1295E-01	9.3366E-01	9.3122E-01	9.1940E-01
8.8088E-01	8.7590E-01	8.9776E-01	8.9518E-01	8.8271E-01
8.4292E-01	8.3769E-01	8.6066E-01	8.5795E-01	8.4484E-01
8.0399E-01	7.9851E-01	8.2258E-01	8.1973E-01	8.0601E-01
7.6429E-01	7.5856E-01	7.8369E-01	7.8072E-01	7.6639E-01
7.2401E-01	7.1805E-01	7.4421E-01	7.4112E-01	7.2620E-01
6.8336E-01	6.7717E-01	7.0433E-01	7.0112E-01	6.8563E-01
6.4254E-01	6.3614E-01	6.6426E-01	6.6094E-01	6.4490E-01
6.0177E-01	5.9515E-01	6.2420E-01	6.2077E-01	6.0420E-01
5.6123E-01	5.5441E-01	5.8436E-01	5.8082E-01	5.6374E-01
5.2115E-01	5.1413E-01	5.4494E-01	5.4130E-01	5.2373E-01
4.8172E-01	4.7451E-01	5.0614E-01	5.0240E-01	4.8436E-01
4.4313E-01	4.3574E-01	4.6815E-01	4.6432E-01	4.4584E-01
4.0558E-01	3.9803E-01	4.3118E-01	4.2726E-01	4.0835E-01
3.6926E-01	3.6155E-01	3.9540E-01	3.9140E-01	3.7209E-01
3.3435E-01	3.2649E-01	3.6100E-01	3.5692E-01	3.3724E-01
3.0102E-01	2.9302E-01	3.2815E-01	3.2401E-01	3.0397E-01
2.6945E-01	2.6131E-01	2.9703E-01	2.9281E-01	2.7244E-01
2.3979E-01	2.3153E-01	2.6777E-01	2.6349E-01	2.4282E-01
2.1218E-01	2.0381E-01	2.4055E-01	2.3621E-01	2.1526E-01
1.8677E-01	1.7830E-01	2.1548E-01	2.1109E-01	1.8988E-01
1.6368E-01	1.5512E-01	1.9270E-01	1.8826E-01	1.6683E-01
1.4303E-01	1.3439E-01	1.7235E-01	1.6825E-01	1.4637E-01
1.2492E-01	1.1621E-01	1.5506E-01	1.5069E-01	1.3074E-01
1.0944E-01	1.0067E-01	1.0608E-01	1.0351E-01	1.1473E-01
9.8133E-02	9.0682E-02	9.2056E-02	9.0050E-02	1.0447E-01
8.6528E-02	7.5061E-02	8.2206E-02	8.0524E-02	9.3679E-02
5.5054E-02	5.2777E-02	5.4773E-02	3.5535E-02	2.4342E-02
2.5000E-02	1.8930E-02	1.5010E-02	1.2410E-02	1.0750E-02
2.3020E-02	1.6820E-02	1.1570E-02	9.2000E-03	7.8400E-03
3.0670E-02	1.6340E-02	1.1400E-02	9.4000E-03	8.4300E-03
3.7830E-02	1.5560E-02	1.2220E-02	1.0780E-02	1.0159E-02
3.1483E-02	1.7498E-02	1.6252E-02	1.5010E-02	7.9150E-03
3.7602E-02	2.3454E-02	3.5841E-02	4.1775E-02	1.8385E-02
5.7826E-02	5.0899E-02	3.9207E-02	3.2345E-02	1.5658E-02
6.6942E-02	5.9259E-02	5.2172E-02	4.7981E-02	3.1773E-02
8.5518E-02	7.7898E-02	7.0867E-02	6.6710E-02	5.0632E-02
1.0671E-01	9.9156E-02	9.2191E-02	8.8072E-02	7.2144E-02
1.3040E-01	1.2293E-01	1.1604E-01	1.1196E-01	9.6205E-02
1.5648E-01	1.4910E-01	1.4230E-01	1.3827E-01	1.2270E-01
1.8483E-01	1.7755E-01	1.7083E-01	1.6686E-01	1.5150E-01
2.1530E-01	2.0813E-01	2.0151E-01	1.9760E-01	1.8246E-01
2.4775E-01	2.4069E-01	2.3418E-01	2.3033E-01	2.1544E-01
2.8202E-01	2.7508E-01	2.6868E-01	2.6490E-01	2.5027E-01
3.1793E-01	3.1113E-01	3.0485E-01	3.0114E-01	2.8679E-01
3.5531E-01	3.4865E-01	3.4251E-01	3.3887E-01	3.2482E-01
3.9399E-01	3.8748E-01	3.8147E-01	3.7792E-01	3.6418E-01
4.3376E-01	4.2741E-01	4.2155E-01	4.1808E-01	4.0468E-01
4.7444E-01	4.6825E-01	4.6254E-01	4.5917E-01	4.4611E-01
5.1583E-01	5.0981E-01	5.0426E-01	5.0098E-01	4.8829E-01
5.5772E-01	5.5188E-01	5.4650E-01	5.4331E-01	5.3100E-01
5.9991E-01	5.9426E-01	5.8905E-01	5.8596E-01	5.7404E-01
6.4219E-01	6.3673E-01	6.3170E-01	6.2872E-01	6.1721E-01
6.8435E-01	6.7909E-01	6.7424E-01	6.7138E-01	6.6029E-01
7.2619E-01	7.2114E-01	7.1648E-01	7.1373E-01	7.0308E-01
7.6750E-01	7.6267E-01	7.5821E-01	7.5557E-01	7.4537E-01
8.0808E-01	8.0347E-01	7.9921E-01	7.9669E-01	7.8695E-01
8.4773E-01	8.4334E-01	8.3929E-01	8.3689E-01	8.2763E-01
8.8626E-01	8.8210E-01	8.7826E-01	8.7599E-01	8.6721E-01
9.2347E-01	9.1954E-01	9.1592E-01	9.1378E-01	9.0550E-01
9.5919E-01	9.5550E-01	9.5210E-01	9.5009E-01	9.4231E-01
9.9323E-01	9.8979E-01	9.8661E-01	9.8473E-01	9.7747E-01
1.0254E+00	1.0222E+00	1.0193E+00	1.0176E+00	1.0108E+00
1.0556E+00	1.0527E+00	1.0500E+00	1.0484E+00	1.0422E+00
1.0837E+00	1.0810E+00	1.0785E+00	1.0771E+00	1.0714E+00
1.1095E+00	1.1070E+00	1.1048E+00	1.1035E+00	1.0984E+00
1.1328E+00	1.1307E+00	1.1287E+00	1.1275E+00	1.1229E+00
1.1537E+00	1.1518E+00	1.1500E+00	1.1490E+00	1.1450E+00
1.1719E+00	1.1702E+00	1.1687E+00	1.1678E+00	1.1644E+00
1.1873E+00	1.1860E+00	1.1847E+00	1.1840E+00	1.1811E+00
1.2000E+00	1.1989E+00	1.1979E+00	1.1973E+00	1.1950E+00
1.2098E+00	1.2090E+00	1.2082E+00	1.2078E+00	1.2061E+00
1.2167E+00	1.2162E+00	1.2157E+00	1.2154E+00	1.2142E+00
1.2207E+00	1.2204E+00	1.2202E+00	1.2200E+00	1.2194E+00
1.2217E+00	1.2217E+00	1.2217E+00	1.2217E+00	1.2217E+00
!M	CMTAB
!U	nd
3.0542E-01	3.0542E-01	3.0542E-01	3.0542E-01	3.0542E-01
3.0488E-01	3.0484E-01	3.0480E-01	3.0480E-01	3.0478E-01
3.0329E-01	3.0313E-01	3.0301E-01	3.0299E-01	3.0294E-01
3.0072E-01	3.0036E-01	3.0009E-01	3.0005E-01	2.9994E-01
2.9720E-01	2.9658E-01	2.9611E-01	2.9605E-01	2.9585E-01
2.9280E-01	2.9185E-01	2.9114E-01	2.9104E-01	2.9074E-01
2.8756E-01	2.8621E-01	2.8525E-01	2.8510E-01	2.8467E-01
2.8154E-01	2.7974E-01	2.7849E-01	2.7829E-01	2.7771E-01
2.7479E-01	2.7249E-01	2.7092E-01	2.7067E-01	2.6992E-01
2.6736E-01	2.6451E-01	2.6262E-01	2.6231E-01	2.6137E-01
2.5931E-01	2.5586E-01	2.5365E-01	2.5327E-01	2.5213E-01
2.5068E-01	2.4659E-01	2.4406E-01	2.4362E-01	2.4225E-01
2.4154E-01	2.3677E-01	2.3393E-01	2.3341E-01	2.3181E-01
2.3192E-01	2.2645E-01	2.2332E-01	2.2272E-01	2.2087E-01
2.2189E-01	2.1569E-01	2.1228E-01	2.1161E-01	2.0949E-01
2.1150E-01	2.0454E-01	2.0090E-01	2.0014E-01	1.9774E-01
2.0080E-01	1.9306E-01	1.8922E-01	1.8838E-01	1.8568E-01
1.8983E-01	1.8131E-01	1.7731E-01	1.7639E-01	1.7339E-01
1.7866E-01	1.6934E-01	1.6524E-01	1.6423E-01	1.6092E-01
1.6734E-01	1.5721E-01	1.5307E-01	1.5197E-01	1.4834E-01
1.5591E-01	1.4498E-01	1.4087E-01	1.3968E-01	1.3571E-01
1.4444E-01	1.3270E-01	1.2869E-01	1.2742E-01	1.2311E-01
1.3297E-01	1.2044E-01	1.1661E-01	1.1524E-01	1.1059E-01
1.2155E-01	1.0824E-01	1.0468E-01	1.0323E-01	9.8219E-02
1.1025E-01	9.6166E-02	9.2966E-02	9.1431E-02	8.6066E-02
9.9101E-02	8.4273E-02	8.1538E-02	7.9921E-02	7.4194E-02
8.8167E-02	7.2616E-02	7.0458E-02	6.8761E-02	6.2668E-02
7.7499E-02	6.1254E-02	5.9788E-02	5.8014E-02	5.1554E-02
6.7148E-02	5.0243E-02	4.9593E-02	4.7745E-02	4.0916E-02
5.7166E-02	3.9639E-02	3.9936E-02	3.8019E-02	3.0820E-02
4.7608E-02	2.9500E-02	3.0881E-02	2.8898E-02	2.1331E-02
3.8523E-02	1.9881E-02	2.2493E-02	2.0449E-02	1.2514E-02
2.9966E-02	1.0841E-02	1.4833E-02	1.2734E-02	4.4340E-03
2.1989E-02	2.4350E-03	7.9680E-03	5.8190E-03	-2.8440E-03
1.4643E-02	-5.2810E-03	1.9590E-03	-2.3300E-04	-9.2540E-03
7.9810E-03	-1.2248E-02	-3.1280E-03	-5.3570E-03	-1.4731E-02
2.0570E-03	-1.8411E-02	-7.2300E-03	-9.4890E-03	-1.9211E-02
-3.0790E-03	-2.3712E-02	-1.0284E-02	-1.2565E-02	-2.2627E-02
-7.3740E-03	-2.8096E-02	-1.1898E-02	-1.4197E-02	-2.4810E-02
-1.0775E-02	-3.1505E-02	-1.2885E-02	-1.4594E-02	-2.4387E-02
-1.3230E-02	-3.3882E-02	-3.0871E-02	-3.6023E-02	-2.8971E-02
-1.5865E-02	-3.3831E-02	-3.7384E-02	-4.3920E-02	-3.5495E-02
-1.5269E-02	-3.7205E-02	-4.1640E-02	-4.9200E-02	-4.1277E-02
-3.6569E-02	-4.6106E-02	-5.6000E-02	-7.6450E-02	-8.4975E-02
-6.6000E-02	-7.3200E-02	-9.3500E-02	-1.0190E-01	-1.0500E-01
-6.4000E-02	-9.9100E-02	-1.0690E-01	-1.0630E-01	-1.0460E-01
-9.1500E-02	-1.0950E-01	-1.0660E-01	-1.0410E-01	-1.0250E-01
-1.0810E-01	-1.0480E-01	-1.0000E-01	-9.9700E-02	-9.9146E-02
-9.9339E-02	-9.1882E-02	-9.0044E-02	-9.0193E-02	-9.0241E-02
-6.1413E-02	-6.7232E-02	-8.0672E-02	-8.7756E-02	-8.8299E-02
-5.4985E-02	-7.0475E-02	-8.0836E-02	-8.7033E-02	-8.9566E-02
-5.6147E-02	-7.0646E-02	-8.1843E-02	-8.8383E-02	-9.1078E-02
-5.8070E-02	-7.2541E-02	-8.3805E-02	-9.0436E-02	-9.3247E-02
-6.0776E-02	-7.5166E-02	-8.6446E-02	-9.3132E-02	-9.6035E-02
-6.4222E-02	-7.8479E-02	-8.9725E-02	-9.6433E-02	-9.9408E-02
-6.8361E-02	-8.2437E-02	-9.3605E-02	-1.0030E-01	-1.0333E-01
-7.3151E-02	-8.7000E-02	-9.8046E-02	-1.0470E-01	-1.0776E-01
-7.8546E-02	-9.2125E-02	-1.0301E-01	-1.0960E-01	-1.1267E-01
-8.4503E-02	-9.7772E-02	-1.0846E-01	-1.1495E-01	-1.1802E-01
-9.0976E-02	-1.0390E-01	-1.1435E-01	-1.2072E-01	-1.2377E-01
-9.7921E-02	-1.1046E-01	-1.2065E-01	-1.2688E-01	-1.2989E-01
-1.0529E-01	-1.1743E-01	-1.2731E-01	-1.3338E-01	-1.3634E-01
-1.1305E-01	-1.2474E-01	-1.3430E-01	-1.4019E-01	-1.4308E-01
-1.2115E-01	-1.3238E-01	-1.4158E-01	-1.4727E-01	-1.5009E-01
-1.2954E-01	-1.4028E-01	-1.4911E-01	-1.5458E-01	-1.5732E-01
-1.3817E-01	-1.4841E-01	-1.5686E-01	-1.6210E-01	-1.6473E-01
-1.4702E-01	-1.5674E-01	-1.6477E-01	-1.6977E-01	-1.7230E-01
-1.5603E-01	-1.6521E-01	-1.7282E-01	-1.7757E-01	-1.7998E-01
-1.6515E-01	-1.7379E-01	-1.8096E-01	-1.8545E-01	-1.8774E-01
-1.7434E-01	-1.8243E-01	-1.8916E-01	-1.9338E-01	-1.9554E-01
-1.8357E-01	-1.9110E-01	-1.9738E-01	-2.0132E-01	-2.0335E-01
-1.9277E-01	-1.9975E-01	-2.0557E-01	-2.0923E-01	-2.1113E-01
-2.0192E-01	-2.0834E-01	-2.1371E-01	-2.1709E-01	-2.1885E-01
-2.1096E-01	-2.1682E-01	-2.2174E-01	-2.2484E-01	-2.2646E-01
-2.1985E-01	-2.2517E-01	-2.2964E-01	-2.3246E-01	-2.3394E-01
-2.2854E-01	-2.3333E-01	-2.3736E-01	-2.3990E-01	-2.4124E-01
-2.3700E-01	-2.4127E-01	-2.4486E-01	-2.4713E-01	-2.4833E-01
-2.4517E-01	-2.4893E-01	-2.5211E-01	-2.5411E-01	-2.5518E-01
-2.5302E-01	-2.5629E-01	-2.5906E-01	-2.6081E-01	-2.6175E-01
-2.6049E-01	-2.6330E-01	-2.6568E-01	-2.6719E-01	-2.6799E-01
-2.6755E-01	-2.6992E-01	-2.7193E-01	-2.7320E-01	-2.7389E-01
-2.7414E-01	-2.7610E-01	-2.7777E-01	-2.7882E-01	-2.7939E-01
-2.8023E-01	-2.8181E-01	-2.8315E-01	-2.8401E-01	-2.8447E-01
-2.8577E-01	-2.8701E-01	-2.8806E-01	-2.8872E-01	-2.8908E-01
-2.9072E-01	-2.9164E-01	-2.9243E-01	-2.9293E-01	-2.9320E-01
-2.9502E-01	-2.9568E-01	-2.9623E-01	-2.9659E-01	-2.9678E-01
-2.9865E-01	-2.9907E-01	-2.9944E-01	-2.9967E-01	-2.9979E-01
-3.0154E-01	-3.0179E-01	-3.0199E-01	-3.0213E-01	-3.0220E-01
-3.0366E-01	-3.0378E-01	-3.0387E-01	-3.0393E-01	-3.0396E-01
-3.0497E-01	-3.0500E-01	-3.0502E-01	-3.0504E-01	-3.0505E-01
-3.0542E-01	-3.0542E-01	-3.0542E-01	-3.0542E-01	-3.0542E-01
