!T	AOACL
!U	deg
-90	
-88	
-86	
-84	
-82	
-80	
-78	
-76	
-74	
-72	
-70	
-68	
-66	
-64	
-62	
-60	
-58	
-56	
-54	
-52	
-50	
-48	
-46	
-44	
-42	
-40	
-38	
-36	
-34	
-32	
-30	
-28	
-26	
-24	
-22	
-20	
-18	
-16	
-14	
-12	
-10	
-8	
-6	
-4	
-2	
0	
2	
4	
6	
8	
10	
12	
14	
16	
18	
20	
22	
24	
26	
28	
30	
32	
34	
36	
38	
40	
42	
44	
46	
48	
50	
52	
54	
56	
58	
60	
62	
64	
66	
68	
70	
72	
74	
76	
78	
80	
82	
84	
86	
88	
90	
!T	AOACD
!U	deg
-90	
-88	
-86	
-84	
-82	
-80	
-78	
-76	
-74	
-72	
-70	
-68	
-66	
-64	
-62	
-60	
-58	
-56	
-54	
-52	
-50	
-48	
-46	
-44	
-42	
-40	
-38	
-36	
-34	
-32	
-30	
-28	
-26	
-24	
-22	
-20	
-18	
-16	
-14	
-12	
-10	
-8	
-6	
-4	
-2	
0	
2	
4	
6	
8	
10	
12	
14	
16	
18	
20	
22	
24	
26	
28	
30	
32	
34	
36	
38	
40	
42	
44	
46	
48	
50	
52	
54	
56	
58	
60	
62	
64	
66	
68	
70	
72	
74	
76	
78	
80	
82	
84	
86	
88	
90	
!T	AOACM
!U	deg
-90	
-88	
-86	
-84	
-82	
-80	
-78	
-76	
-74	
-72	
-70	
-68	
-66	
-64	
-62	
-60	
-58	
-56	
-54	
-52	
-50	
-48	
-46	
-44	
-42	
-40	
-38	
-36	
-34	
-32	
-30	
-28	
-26	
-24	
-22	
-20	
-18	
-16	
-14	
-12	
-10	
-8	
-6	
-4	
-2	
0	
2	
4	
6	
8	
10	
12	
14	
16	
18	
20	
22	
24	
26	
28	
30	
32	
34	
36	
38	
40	
42	
44	
46	
48	
50	
52	
54	
56	
58	
60	
62	
64	
66	
68	
70	
72	
74	
76	
78	
80	
82	
84	
86	
88	
90	
!T	RECL
!U	nd
50000	
100000	
150000	
200000	
250000	
!T	RECD
!U	nd
50000	
100000	
150000	
200000	
250000	
!T	RECM
!U	nd
50000	
100000	
150000	
200000	
250000	
!M	CLTAB
!U	nd
-0.0000E+00	-0.0000E+00	-0.0000E+00	-0.0000E+00	-0.0000E+00
-4.2634E-02	-4.2632E-02	-4.2643E-02	-4.2642E-02	-4.2642E-02
-8.5111E-02	-8.5101E-02	-8.5146E-02	-8.5141E-02	-8.5141E-02
-1.2722E-01	-1.2720E-01	-1.2730E-01	-1.2729E-01	-1.2729E-01
-1.6877E-01	-1.6873E-01	-1.6891E-01	-1.6889E-01	-1.6889E-01
-2.0954E-01	-2.0948E-01	-2.0976E-01	-2.0973E-01	-2.0973E-01
-2.4935E-01	-2.4926E-01	-2.4967E-01	-2.4962E-01	-2.4962E-01
-2.8800E-01	-2.8788E-01	-2.8844E-01	-2.8837E-01	-2.8837E-01
-3.2531E-01	-3.2515E-01	-3.2588E-01	-3.2578E-01	-3.2579E-01
-3.6109E-01	-3.6089E-01	-3.6182E-01	-3.6170E-01	-3.6170E-01
-3.9518E-01	-3.9493E-01	-3.9608E-01	-3.9593E-01	-3.9593E-01
-4.2742E-01	-4.2711E-01	-4.2851E-01	-4.2833E-01	-4.2833E-01
-4.5764E-01	-4.5728E-01	-4.5895E-01	-4.5873E-01	-4.5874E-01
-4.8572E-01	-4.8529E-01	-4.8726E-01	-4.8701E-01	-4.8701E-01
-5.1151E-01	-5.1101E-01	-5.1331E-01	-5.1301E-01	-5.1302E-01
-5.3490E-01	-5.3433E-01	-5.3699E-01	-5.3664E-01	-5.3665E-01
-5.5579E-01	-5.5512E-01	-5.5818E-01	-5.5778E-01	-5.5779E-01
-5.7407E-01	-5.7332E-01	-5.7679E-01	-5.7634E-01	-5.7635E-01
-5.8967E-01	-5.8882E-01	-5.9276E-01	-5.9225E-01	-5.9225E-01
-6.0253E-01	-6.0157E-01	-6.0600E-01	-6.0543E-01	-6.0543E-01
-6.1259E-01	-6.1151E-01	-6.1648E-01	-6.1584E-01	-6.1584E-01
-6.1982E-01	-6.1861E-01	-6.2416E-01	-6.2345E-01	-6.2345E-01
-6.2419E-01	-6.2284E-01	-6.2903E-01	-6.2823E-01	-6.2824E-01
-6.2570E-01	-6.2421E-01	-6.3108E-01	-6.3019E-01	-6.3020E-01
-6.2438E-01	-6.2272E-01	-6.3033E-01	-6.2935E-01	-6.2936E-01
-6.2023E-01	-6.1840E-01	-6.2682E-01	-6.2574E-01	-6.2574E-01
-6.1333E-01	-6.1131E-01	-6.2060E-01	-6.1940E-01	-6.1942E-01
-6.0372E-01	-6.0149E-01	-6.1176E-01	-6.1043E-01	-6.1044E-01
-5.9150E-01	-5.8904E-01	-6.0037E-01	-5.9891E-01	-5.9893E-01
-5.7678E-01	-5.7406E-01	-5.8658E-01	-5.8496E-01	-5.8498E-01
-5.5969E-01	-5.5668E-01	-5.7051E-01	-5.6873E-01	-5.6875E-01
-5.4038E-01	-5.3706E-01	-5.5236E-01	-5.5039E-01	-5.5041E-01
-5.1905E-01	-5.1536E-01	-5.3235E-01	-5.3016E-01	-5.3018E-01
-4.9593E-01	-4.9181E-01	-5.1073E-01	-5.0829E-01	-5.0831E-01
-4.7128E-01	-4.6668E-01	-4.8784E-01	-4.8511E-01	-4.8513E-01
-4.4547E-01	-4.4029E-01	-4.6409E-01	-4.6102E-01	-4.6105E-01
-4.1894E-01	-4.1307E-01	-4.4005E-01	-4.3657E-01	-4.3661E-01
-3.9229E-01	-3.8557E-01	-4.1648E-01	-4.1249E-01	-4.1253E-01
-3.6640E-01	-3.5860E-01	-3.9448E-01	-3.8985E-01	-3.8990E-01
-3.4262E-01	-3.3339E-01	-3.7582E-01	-3.7034E-01	-3.7040E-01
-3.2321E-01	-3.1201E-01	-3.6351E-01	-3.5686E-01	-3.5692E-01
-3.1256E-01	-2.9843E-01	-3.6112E-01	-3.5558E-01	-3.5331E-01
-3.2438E-01	-3.0921E-01	-3.8890E-01	-3.4119E-01	-3.4821E-01
-3.6182E-01	-3.3651E-01	-2.9320E-01	1.3100E-02	-1.2949E-01
-1.2686E-01	-5.1925E-02	1.3900E-01	1.4974E-01	2.6230E-01
2.4680E-01	3.9850E-01	5.1610E-01	5.9060E-01	6.3690E-01
4.6020E-01	7.3205E-01	8.3280E-01	8.9660E-01	9.3260E-01
8.5960E-01	1.0952E+00	1.1343E+00	1.1338E+00	1.1280E+00
1.2398E+00	1.2565E+00	1.2876E+00	1.2972E+00	1.3153E+00
1.3386E+00	1.3951E+00	1.3452E+00	1.3361E+00	1.3145E+00
1.3895E+00	1.3329E+00	1.1565E+00	1.1329E+00	1.1026E+00
1.2282E+00	1.1511E+00	1.0170E+00	1.0016E+00	9.8057E-01
1.1165E+00	1.0501E+00	9.3674E-01	9.2367E-01	9.0591E-01
1.0384E+00	9.8122E-01	8.8359E-01	8.7233E-01	8.5703E-01
9.8312E-01	9.3315E-01	8.4791E-01	8.3808E-01	8.2472E-01
9.4310E-01	8.9903E-01	8.2384E-01	8.1517E-01	8.0338E-01
9.1361E-01	8.7444E-01	8.0760E-01	7.9990E-01	7.8942E-01
8.9142E-01	8.5639E-01	7.9663E-01	7.8974E-01	7.8038E-01
8.7425E-01	8.4279E-01	7.8912E-01	7.8293E-01	7.7452E-01
8.6046E-01	8.3211E-01	7.8375E-01	7.7817E-01	7.7059E-01
8.4881E-01	8.2321E-01	7.7952E-01	7.7448E-01	7.6764E-01
8.3838E-01	8.1521E-01	7.7568E-01	7.7112E-01	7.6493E-01
8.2841E-01	8.0743E-01	7.7164E-01	7.6751E-01	7.6190E-01
8.1835E-01	7.9934E-01	7.6691E-01	7.6317E-01	7.5809E-01
8.0773E-01	7.9052E-01	7.6114E-01	7.5776E-01	7.5315E-01
7.9620E-01	7.8062E-01	7.5403E-01	7.5096E-01	7.4679E-01
7.8346E-01	7.6937E-01	7.4533E-01	7.4256E-01	7.3879E-01
7.6928E-01	7.5657E-01	7.3487E-01	7.3237E-01	7.2897E-01
7.5349E-01	7.4204E-01	7.2250E-01	7.2025E-01	7.1718E-01
7.3594E-01	7.2566E-01	7.0811E-01	7.0609E-01	7.0334E-01
7.1655E-01	7.0734E-01	6.9164E-01	6.8982E-01	6.8736E-01
6.9525E-01	6.8703E-01	6.7302E-01	6.7141E-01	6.6921E-01
6.7199E-01	6.6470E-01	6.5226E-01	6.5083E-01	6.4888E-01
6.4677E-01	6.4033E-01	6.2935E-01	6.2808E-01	6.2636E-01
6.1961E-01	6.1396E-01	6.0432E-01	6.0320E-01	6.0169E-01
5.9054E-01	5.8562E-01	5.7721E-01	5.7624E-01	5.7492E-01
5.5963E-01	5.5536E-01	5.4809E-01	5.4726E-01	5.4612E-01
5.2693E-01	5.2328E-01	5.1705E-01	5.1633E-01	5.1536E-01
4.9255E-01	4.8946E-01	4.8418E-01	4.8357E-01	4.8275E-01
4.5659E-01	4.5401E-01	4.4960E-01	4.4909E-01	4.4840E-01
4.1918E-01	4.1705E-01	4.1343E-01	4.1301E-01	4.1244E-01
3.8045E-01	3.7873E-01	3.7581E-01	3.7547E-01	3.7501E-01
3.4054E-01	3.3919E-01	3.3689E-01	3.3663E-01	3.3627E-01
2.9963E-01	2.9860E-01	2.9684E-01	2.9664E-01	2.9636E-01
2.5787E-01	2.5712E-01	2.5583E-01	2.5568E-01	2.5548E-01
2.1544E-01	2.1492E-01	2.1403E-01	2.1393E-01	2.1379E-01
1.7254E-01	1.7220E-01	1.7164E-01	1.7157E-01	1.7148E-01
1.2934E-01	1.2915E-01	1.2883E-01	1.2880E-01	1.2875E-01
8.6051E-02	8.5968E-02	8.5826E-02	8.5810E-02	8.5787E-02
4.2869E-02	4.2849E-02	4.2813E-02	4.2809E-02	4.2803E-02
0.0000E+00	0.0000E+00	0.0000E+00	0.0000E+00	0.0000E+00
!M	CDTAB
!U	nd
1.2217E+00	1.2217E+00	1.2217E+00	1.2217E+00	1.2217E+00
1.2230E+00	1.2227E+00	1.2229E+00	1.2229E+00	1.2230E+00
1.2214E+00	1.2207E+00	1.2212E+00	1.2212E+00	1.2213E+00
1.2168E+00	1.2158E+00	1.2165E+00	1.2165E+00	1.2167E+00
1.2092E+00	1.2079E+00	1.2090E+00	1.2090E+00	1.2091E+00
1.1989E+00	1.1972E+00	1.1985E+00	1.1985E+00	1.1987E+00
1.1857E+00	1.1837E+00	1.1852E+00	1.1852E+00	1.1855E+00
1.1697E+00	1.1674E+00	1.1692E+00	1.1692E+00	1.1695E+00
1.1511E+00	1.1485E+00	1.1505E+00	1.1505E+00	1.1509E+00
1.1300E+00	1.1271E+00	1.1293E+00	1.1293E+00	1.1297E+00
1.1064E+00	1.1032E+00	1.1057E+00	1.1057E+00	1.1061E+00
1.0805E+00	1.0770E+00	1.0797E+00	1.0797E+00	1.0802E+00
1.0524E+00	1.0486E+00	1.0516E+00	1.0516E+00	1.0521E+00
1.0223E+00	1.0182E+00	1.0214E+00	1.0214E+00	1.0220E+00
9.9033E-01	9.8590E-01	9.8936E-01	9.8937E-01	9.8997E-01
9.5664E-01	9.5192E-01	9.5561E-01	9.5561E-01	9.5625E-01
9.2142E-01	9.1641E-01	9.2031E-01	9.2032E-01	9.2100E-01
8.8483E-01	8.7955E-01	8.8367E-01	8.8368E-01	8.8439E-01
8.4708E-01	8.4152E-01	8.4586E-01	8.4587E-01	8.4662E-01
8.0835E-01	8.0253E-01	8.0707E-01	8.0708E-01	8.0786E-01
7.6884E-01	7.6276E-01	7.6750E-01	7.6751E-01	7.6833E-01
7.2874E-01	7.2242E-01	7.2735E-01	7.2736E-01	7.2822E-01
6.8827E-01	6.8171E-01	6.8683E-01	6.8684E-01	6.8773E-01
6.4763E-01	6.4083E-01	6.4614E-01	6.4615E-01	6.4707E-01
6.0702E-01	6.0000E-01	6.0548E-01	6.0549E-01	6.0644E-01
5.6665E-01	5.5941E-01	5.6506E-01	5.6507E-01	5.6605E-01
5.2672E-01	5.1927E-01	5.2509E-01	5.2510E-01	5.2611E-01
4.8744E-01	4.7979E-01	4.8575E-01	4.8577E-01	4.8680E-01
4.4899E-01	4.4115E-01	4.4727E-01	4.4728E-01	4.4834E-01
4.1158E-01	4.0356E-01	4.0981E-01	4.0983E-01	4.1091E-01
3.7539E-01	3.6719E-01	3.7358E-01	3.7360E-01	3.7471E-01
3.4059E-01	3.3225E-01	3.3876E-01	3.3878E-01	3.3990E-01
3.0738E-01	2.9888E-01	3.0551E-01	3.0553E-01	3.0668E-01
2.7591E-01	2.6727E-01	2.7401E-01	2.7403E-01	2.7520E-01
2.4635E-01	2.3758E-01	2.4442E-01	2.4444E-01	2.4562E-01
2.1883E-01	2.0994E-01	2.1687E-01	2.1689E-01	2.1809E-01
1.9350E-01	1.8450E-01	1.9152E-01	1.9154E-01	1.9275E-01
1.7048E-01	1.6139E-01	1.6848E-01	1.6850E-01	1.6973E-01
1.4989E-01	1.4072E-01	1.4787E-01	1.4789E-01	1.4913E-01
1.3184E-01	1.2259E-01	1.2980E-01	1.2982E-01	1.3107E-01
1.1640E-01	1.0709E-01	1.1435E-01	1.1437E-01	1.1563E-01
1.0367E-01	9.4305E-02	1.0252E-01	1.0221E-01	1.0420E-01
9.4539E-02	8.5739E-02	9.1630E-02	9.0392E-02	8.8671E-02
8.5331E-02	7.5427E-02	7.2377E-02	4.7180E-02	5.7801E-02
5.7486E-02	4.8826E-02	3.7288E-02	3.6340E-02	2.7747E-02
3.3420E-02	2.7140E-02	2.0940E-02	1.6440E-02	1.3840E-02
3.4650E-02	2.1800E-02	1.4190E-02	1.0480E-02	8.8600E-03
3.7250E-02	1.6250E-02	1.3010E-02	1.2220E-02	1.1900E-02
2.6500E-02	2.0346E-02	2.0287E-02	1.9828E-02	1.9169E-02
3.7463E-02	3.5529E-02	3.0370E-02	2.8442E-02	2.6824E-02
6.8856E-02	5.6733E-02	4.2722E-02	4.1592E-02	4.0731E-02
7.1480E-02	7.4304E-02	5.9435E-02	5.8154E-02	5.6989E-02
8.8530E-02	9.2821E-02	7.8071E-02	7.6801E-02	7.5645E-02
1.0969E-01	1.1394E-01	9.9328E-02	9.8070E-02	9.6925E-02
1.3335E-01	1.3756E-01	1.2310E-01	1.2186E-01	1.2072E-01
1.5940E-01	1.6356E-01	1.4927E-01	1.4804E-01	1.4692E-01
1.8771E-01	1.9181E-01	1.7772E-01	1.7650E-01	1.7540E-01
2.1814E-01	2.2218E-01	2.0829E-01	2.0710E-01	2.0601E-01
2.5054E-01	2.5452E-01	2.4085E-01	2.3968E-01	2.3861E-01
2.8476E-01	2.8866E-01	2.7524E-01	2.7408E-01	2.7303E-01
3.2062E-01	3.2445E-01	3.1128E-01	3.1015E-01	3.0912E-01
3.5795E-01	3.6170E-01	3.4880E-01	3.4769E-01	3.4669E-01
3.9656E-01	4.0023E-01	3.8763E-01	3.8654E-01	3.8555E-01
4.3627E-01	4.3985E-01	4.2755E-01	4.2650E-01	4.2553E-01
4.7689E-01	4.8037E-01	4.6840E-01	4.6736E-01	4.6643E-01
5.1821E-01	5.2160E-01	5.0995E-01	5.0895E-01	5.0804E-01
5.6003E-01	5.6331E-01	5.5202E-01	5.5104E-01	5.5016E-01
6.0214E-01	6.0532E-01	5.9439E-01	5.9345E-01	5.9259E-01
6.4434E-01	6.4741E-01	6.3685E-01	6.3595E-01	6.3512E-01
6.8643E-01	6.8939E-01	6.7921E-01	6.7834E-01	6.7754E-01
7.2818E-01	7.3103E-01	7.2126E-01	7.2041E-01	7.1965E-01
7.6941E-01	7.7214E-01	7.6278E-01	7.6197E-01	7.6124E-01
8.0991E-01	8.1251E-01	8.0357E-01	8.0280E-01	8.0210E-01
8.4947E-01	8.5194E-01	8.4344E-01	8.4271E-01	8.4204E-01
8.8790E-01	8.9025E-01	8.8219E-01	8.8150E-01	8.8087E-01
9.2502E-01	9.2724E-01	9.1963E-01	9.1898E-01	9.1839E-01
9.6064E-01	9.6272E-01	9.5559E-01	9.5497E-01	9.5441E-01
9.9459E-01	9.9653E-01	9.8987E-01	9.8929E-01	9.8877E-01
1.0267E+00	1.0285E+00	1.0223E+00	1.0218E+00	1.0213E+00
1.0568E+00	1.0585E+00	1.0528E+00	1.0523E+00	1.0518E+00
1.0848E+00	1.0863E+00	1.0811E+00	1.0806E+00	1.0802E+00
1.1104E+00	1.1118E+00	1.1071E+00	1.1067E+00	1.1063E+00
1.1337E+00	1.1349E+00	1.1307E+00	1.1304E+00	1.1300E+00
1.1544E+00	1.1555E+00	1.1518E+00	1.1515E+00	1.1512E+00
1.1725E+00	1.1734E+00	1.1703E+00	1.1700E+00	1.1697E+00
1.1879E+00	1.1886E+00	1.1860E+00	1.1858E+00	1.1856E+00
1.2004E+00	1.2011E+00	1.1989E+00	1.1988E+00	1.1986E+00
1.2102E+00	1.2106E+00	1.2090E+00	1.2089E+00	1.2088E+00
1.2169E+00	1.2173E+00	1.2162E+00	1.2161E+00	1.2160E+00
1.2208E+00	1.2209E+00	1.2204E+00	1.2204E+00	1.2203E+00
1.2217E+00	1.2217E+00	1.2217E+00	1.2217E+00	1.2217E+00
!M	CMTAB
!U	nd
3.0542E-01	3.0542E-01	3.0542E-01	3.0542E-01	3.0542E-01
3.0492E-01	3.0489E-01	3.0489E-01	3.0486E-01	3.0486E-01
3.0347E-01	3.0335E-01	3.0333E-01	3.0321E-01	3.0324E-01
3.0111E-01	3.0085E-01	3.0080E-01	3.0054E-01	3.0061E-01
2.9789E-01	2.9743E-01	2.9734E-01	2.9690E-01	2.9702E-01
2.9385E-01	2.9314E-01	2.9301E-01	2.9233E-01	2.9252E-01
2.8904E-01	2.8804E-01	2.8786E-01	2.8690E-01	2.8716E-01
2.8351E-01	2.8218E-01	2.8194E-01	2.8067E-01	2.8101E-01
2.7730E-01	2.7559E-01	2.7530E-01	2.7367E-01	2.7411E-01
2.7047E-01	2.6834E-01	2.6800E-01	2.6598E-01	2.6652E-01
2.6305E-01	2.6047E-01	2.6007E-01	2.5765E-01	2.5829E-01
2.5509E-01	2.5203E-01	2.5159E-01	2.4872E-01	2.4948E-01
2.4665E-01	2.4308E-01	2.4259E-01	2.3926E-01	2.4014E-01
2.3777E-01	2.3365E-01	2.3312E-01	2.2932E-01	2.3032E-01
2.2849E-01	2.2381E-01	2.2325E-01	2.1896E-01	2.2008E-01
2.1886E-01	2.1360E-01	2.1302E-01	2.0822E-01	2.0947E-01
2.0894E-01	2.0307E-01	2.0248E-01	1.9717E-01	1.9854E-01
1.9875E-01	1.9226E-01	1.9168E-01	1.8586E-01	1.8735E-01
1.8836E-01	1.8124E-01	1.8068E-01	1.7434E-01	1.7595E-01
1.7781E-01	1.7005E-01	1.6953E-01	1.6267E-01	1.6440E-01
1.6714E-01	1.5873E-01	1.5827E-01	1.5091E-01	1.5274E-01
1.5641E-01	1.4735E-01	1.4696E-01	1.3911E-01	1.4105E-01
1.4566E-01	1.3594E-01	1.3565E-01	1.2732E-01	1.2935E-01
1.3493E-01	1.2456E-01	1.2439E-01	1.1559E-01	1.1772E-01
1.2428E-01	1.1326E-01	1.1323E-01	1.0399E-01	1.0620E-01
1.1375E-01	1.0209E-01	1.0223E-01	9.2572E-02	9.4849E-02
1.0338E-01	9.1089E-02	9.1435E-02	8.1384E-02	8.3720E-02
9.3226E-02	8.0318E-02	8.0895E-02	7.0484E-02	7.2867E-02
8.3333E-02	6.9823E-02	7.0663E-02	5.9927E-02	6.2342E-02
7.3747E-02	5.9654E-02	6.0791E-02	4.9767E-02	5.2200E-02
6.4515E-02	4.9861E-02	5.1329E-02	4.0060E-02	4.2495E-02
5.5684E-02	4.0493E-02	4.2329E-02	3.0861E-02	3.3279E-02
4.7300E-02	3.1599E-02	3.3842E-02	2.2224E-02	2.4608E-02
3.9411E-02	2.3230E-02	2.5920E-02	1.4204E-02	1.6535E-02
3.2063E-02	1.5435E-02	1.8614E-02	6.8550E-03	9.1130E-03
2.5303E-02	8.2640E-03	1.1975E-02	2.3400E-04	2.3960E-03
1.9178E-02	1.7660E-03	6.0550E-03	-5.6060E-03	-3.5620E-03
1.3734E-02	-4.0080E-03	9.0500E-04	-1.0609E-02	-8.7070E-03
9.0190E-03	-9.0100E-03	-3.4240E-03	-1.4720E-02	-1.2986E-02
5.0790E-03	-1.3190E-02	-6.8800E-03	-1.7886E-02	-1.6345E-02
1.9610E-03	-1.6498E-02	-9.4130E-03	-2.0050E-02	-1.8731E-02
-2.8800E-04	-1.8883E-02	-1.1434E-02	-2.0495E-02	-1.9746E-02
-2.4710E-03	-1.9306E-02	-1.1500E-02	-2.6535E-02	-2.8448E-02
-3.4620E-03	-2.1825E-02	-3.5265E-02	-9.0000E-02	-7.5298E-02
-5.0809E-02	-7.2643E-02	-1.0948E-01	-1.1208E-01	-1.3427E-01
-1.0390E-01	-1.2750E-01	-1.4480E-01	-1.5500E-01	-1.6090E-01
-1.1140E-01	-1.4750E-01	-1.6010E-01	-1.6950E-01	-1.7690E-01
-1.4353E-01	-1.6740E-01	-1.7260E-01	-1.7210E-01	-1.7100E-01
-1.5140E-01	-1.5147E-01	-1.4998E-01	-1.5084E-01	-1.5222E-01
-1.1617E-01	-1.2648E-01	-1.2890E-01	-1.3450E-01	-1.3991E-01
-1.0666E-01	-1.2610E-01	-1.2869E-01	-1.3486E-01	-1.4034E-01
-1.0456E-01	-1.2684E-01	-1.3012E-01	-1.3582E-01	-1.4132E-01
-1.0542E-01	-1.2815E-01	-1.3160E-01	-1.3731E-01	-1.4282E-01
-1.0733E-01	-1.3003E-01	-1.3361E-01	-1.3931E-01	-1.4481E-01
-1.0988E-01	-1.3245E-01	-1.3614E-01	-1.4180E-01	-1.4726E-01
-1.1300E-01	-1.3537E-01	-1.3913E-01	-1.4474E-01	-1.5015E-01
-1.1669E-01	-1.3876E-01	-1.4258E-01	-1.4811E-01	-1.5344E-01
-1.2089E-01	-1.4259E-01	-1.4644E-01	-1.5188E-01	-1.5711E-01
-1.2556E-01	-1.4683E-01	-1.5068E-01	-1.5601E-01	-1.6114E-01
-1.3068E-01	-1.5144E-01	-1.5528E-01	-1.6048E-01	-1.6548E-01
-1.3620E-01	-1.5640E-01	-1.6020E-01	-1.6526E-01	-1.7012E-01
-1.4208E-01	-1.6167E-01	-1.6541E-01	-1.7031E-01	-1.7502E-01
-1.4830E-01	-1.6721E-01	-1.7089E-01	-1.7561E-01	-1.8016E-01
-1.5481E-01	-1.7301E-01	-1.7659E-01	-1.8114E-01	-1.8551E-01
-1.6158E-01	-1.7902E-01	-1.8249E-01	-1.8685E-01	-1.9104E-01
-1.6856E-01	-1.8521E-01	-1.8856E-01	-1.9272E-01	-1.9672E-01
-1.7572E-01	-1.9155E-01	-1.9478E-01	-1.9873E-01	-2.0253E-01
-1.8303E-01	-1.9801E-01	-2.0109E-01	-2.0483E-01	-2.0843E-01
-1.9045E-01	-2.0455E-01	-2.0749E-01	-2.1101E-01	-2.1439E-01
-1.9793E-01	-2.1116E-01	-2.1393E-01	-2.1723E-01	-2.2040E-01
-2.0545E-01	-2.1778E-01	-2.2039E-01	-2.2346E-01	-2.2642E-01
-2.1296E-01	-2.2439E-01	-2.2683E-01	-2.2968E-01	-2.3242E-01
-2.2043E-01	-2.3096E-01	-2.3322E-01	-2.3585E-01	-2.3837E-01
-2.2782E-01	-2.3746E-01	-2.3954E-01	-2.4194E-01	-2.4425E-01
-2.3510E-01	-2.4385E-01	-2.4575E-01	-2.4793E-01	-2.5003E-01
-2.4222E-01	-2.5010E-01	-2.5182E-01	-2.5379E-01	-2.5567E-01
-2.4915E-01	-2.5618E-01	-2.5773E-01	-2.5948E-01	-2.6116E-01
-2.5586E-01	-2.6206E-01	-2.6343E-01	-2.6498E-01	-2.6646E-01
-2.6230E-01	-2.6770E-01	-2.6891E-01	-2.7025E-01	-2.7154E-01
-2.6843E-01	-2.7308E-01	-2.7412E-01	-2.7527E-01	-2.7638E-01
-2.7423E-01	-2.7815E-01	-2.7904E-01	-2.8001E-01	-2.8095E-01
-2.7966E-01	-2.8290E-01	-2.8363E-01	-2.8444E-01	-2.8522E-01
-2.8467E-01	-2.8728E-01	-2.8788E-01	-2.8853E-01	-2.8915E-01
-2.8923E-01	-2.9127E-01	-2.9174E-01	-2.9225E-01	-2.9274E-01
-2.9330E-01	-2.9483E-01	-2.9518E-01	-2.9556E-01	-2.9593E-01
-2.9685E-01	-2.9793E-01	-2.9818E-01	-2.9845E-01	-2.9871E-01
-2.9983E-01	-3.0054E-01	-3.0070E-01	-3.0088E-01	-3.0105E-01
-3.0222E-01	-3.0262E-01	-3.0272E-01	-3.0282E-01	-3.0292E-01
-3.0397E-01	-3.0415E-01	-3.0420E-01	-3.0424E-01	-3.0429E-01
-3.0505E-01	-3.0510E-01	-3.0511E-01	-3.0512E-01	-3.0513E-01
-3.0542E-01	-3.0542E-01	-3.0542E-01	-3.0542E-01	-3.0542E-01
