Airfoil_rR0.656417.txt
1.000000     0.000391
0.990000     0.004613
0.980000     0.008762
0.970000     0.012447
0.960000     0.015916
0.950000     0.018860
0.940000     0.021727
0.930000     0.024269
0.920000     0.026812
0.910000     0.029193
0.900000     0.031508
0.890000     0.033744
0.880000     0.035786
0.870000     0.037821
0.860000     0.039857
0.850000     0.041772
0.840000     0.043615
0.830000     0.045483
0.820000     0.047343
0.810000     0.049032
0.800000     0.050720
0.790000     0.052318
0.780000     0.053908
0.770000     0.055362
0.760000     0.056816
0.750000     0.058270
0.740000     0.059733
0.730000     0.061054
0.720000     0.062369
0.710000     0.063685
0.700000     0.065001
0.690000     0.066146
0.680000     0.067246
0.670000     0.068345
0.660000     0.069445
0.650000     0.070544
0.640000     0.071501
0.630000     0.072462
0.620000     0.073431
0.610000     0.074400
0.600000     0.075337
0.590000     0.076058
0.580000     0.076780
0.570000     0.077516
0.560000     0.078255
0.550000     0.078937
0.540000     0.079529
0.530000     0.080122
0.520000     0.080715
0.510000     0.081323
0.500000     0.081859
0.490000     0.082206
0.480000     0.082553
0.470000     0.082900
0.460000     0.083251
0.450000     0.083517
0.440000     0.083725
0.430000     0.083933
0.420000     0.084140
0.410000     0.084348
0.400000     0.084443
0.390000     0.084339
0.380000     0.084234
0.370000     0.084129
0.360000     0.084018
0.350000     0.083746
0.340000     0.083486
0.330000     0.083228
0.320000     0.082969
0.310000     0.082633
0.300000     0.082199
0.290000     0.081594
0.280000     0.080993
0.270000     0.080388
0.260000     0.079589
0.250000     0.078791
0.240000     0.077857
0.230000     0.076929
0.220000     0.075820
0.210000     0.074678
0.200000     0.073535
0.190000     0.072230
0.180000     0.070699
0.170000     0.069148
0.160000     0.067597
0.150000     0.065963
0.140000     0.063916
0.130000     0.061869
0.120000     0.059814
0.110000     0.057427
0.100000     0.055041
0.090000     0.052404
0.080000     0.049393
0.070000     0.046265
0.060000     0.042719
0.050000     0.038937
0.040000     0.034471
0.030000     0.029595
0.020000     0.023620
0.010000     0.015381
0.000000     0.002004
0.010000     -0.007463
0.020000     -0.009929
0.030000     -0.010925
0.040000     -0.011309
0.050000     -0.011546
0.060000     -0.011341
0.070000     -0.011042
0.080000     -0.010627
0.090000     -0.010108
0.100000     -0.009535
0.110000     -0.008817
0.120000     -0.008105
0.130000     -0.007371
0.140000     -0.006635
0.150000     -0.005899
0.160000     -0.005058
0.170000     -0.004235
0.180000     -0.003412
0.190000     -0.002587
0.200000     -0.001751
0.210000     -0.000902
0.220000     -0.000054
0.230000     0.000799
0.240000     0.001672
0.250000     0.002499
0.260000     0.003293
0.270000     0.004088
0.280000     0.004904
0.290000     0.005721
0.300000     0.006495
0.310000     0.007225
0.320000     0.007967
0.330000     0.008717
0.340000     0.009468
0.350000     0.010210
0.360000     0.010843
0.370000     0.011495
0.380000     0.012147
0.390000     0.012799
0.400000     0.013450
0.410000     0.014051
0.420000     0.014603
0.430000     0.015155
0.440000     0.015708
0.450000     0.016260
0.460000     0.016818
0.470000     0.017286
0.480000     0.017720
0.490000     0.018155
0.500000     0.018589
0.510000     0.019045
0.520000     0.019509
0.530000     0.019842
0.540000     0.020167
0.550000     0.020492
0.560000     0.020828
0.570000     0.021170
0.580000     0.021490
0.590000     0.021678
0.600000     0.021866
0.610000     0.022066
0.620000     0.022269
0.630000     0.022471
0.640000     0.022608
0.650000     0.022656
0.660000     0.022719
0.670000     0.022783
0.680000     0.022847
0.690000     0.022911
0.700000     0.022832
0.710000     0.022728
0.720000     0.022624
0.730000     0.022520
0.740000     0.022417
0.750000     0.022229
0.760000     0.021963
0.770000     0.021698
0.780000     0.021433
0.790000     0.021183
0.800000     0.020816
0.810000     0.020352
0.820000     0.019888
0.830000     0.019443
0.840000     0.018999
0.850000     0.018335
0.860000     0.017679
0.870000     0.017037
0.880000     0.016394
0.890000     0.015524
0.900000     0.014641
0.910000     0.013754
0.920000     0.012786
0.930000     0.011593
0.940000     0.010401
0.950000     0.009131
0.960000     0.007500
0.970000     0.005929
0.980000     0.003955
0.990000     0.001903
1.000000     -0.000391
