Airfoil_rR0.603033.txt
1.000000     0.000185
0.990000     0.004832
0.980000     0.009417
0.970000     0.013393
0.960000     0.017137
0.950000     0.020170
0.940000     0.023198
0.930000     0.025804
0.920000     0.028410
0.910000     0.030831
0.900000     0.033176
0.890000     0.035488
0.880000     0.037542
0.870000     0.039620
0.860000     0.041698
0.850000     0.043613
0.840000     0.045430
0.830000     0.047311
0.820000     0.049183
0.810000     0.050823
0.800000     0.052462
0.790000     0.054084
0.780000     0.055711
0.770000     0.057155
0.760000     0.058599
0.750000     0.060042
0.740000     0.061509
0.730000     0.062797
0.720000     0.064079
0.710000     0.065360
0.700000     0.066642
0.690000     0.067782
0.680000     0.068881
0.670000     0.069979
0.660000     0.071078
0.650000     0.072177
0.640000     0.073082
0.630000     0.074006
0.620000     0.074950
0.610000     0.075894
0.600000     0.076795
0.590000     0.077503
0.580000     0.078211
0.570000     0.078958
0.560000     0.079711
0.550000     0.080386
0.540000     0.080941
0.530000     0.081496
0.520000     0.082053
0.510000     0.082648
0.500000     0.083146
0.490000     0.083498
0.480000     0.083850
0.470000     0.084201
0.460000     0.084563
0.450000     0.084824
0.440000     0.085006
0.430000     0.085189
0.420000     0.085371
0.410000     0.085554
0.400000     0.085593
0.390000     0.085530
0.380000     0.085467
0.370000     0.085405
0.360000     0.085333
0.350000     0.085044
0.340000     0.084787
0.330000     0.084533
0.320000     0.084279
0.310000     0.083920
0.300000     0.083428
0.290000     0.082877
0.280000     0.082338
0.270000     0.081793
0.260000     0.080986
0.250000     0.080180
0.240000     0.079327
0.230000     0.078487
0.220000     0.077404
0.210000     0.076275
0.200000     0.075145
0.190000     0.073958
0.180000     0.072466
0.170000     0.070948
0.160000     0.069429
0.150000     0.067803
0.140000     0.065820
0.130000     0.063837
0.120000     0.061844
0.110000     0.059403
0.100000     0.056965
0.090000     0.054374
0.080000     0.051277
0.070000     0.048120
0.060000     0.044503
0.050000     0.040557
0.040000     0.036005
0.030000     0.030885
0.020000     0.024542
0.010000     0.016137
0.000000     0.002879
0.010000     -0.008250
0.020000     -0.010653
0.030000     -0.011693
0.040000     -0.012070
0.050000     -0.012192
0.060000     -0.011982
0.070000     -0.011613
0.080000     -0.011116
0.090000     -0.010549
0.100000     -0.009859
0.110000     -0.009086
0.120000     -0.008323
0.130000     -0.007482
0.140000     -0.006638
0.150000     -0.005794
0.160000     -0.004873
0.170000     -0.003964
0.180000     -0.003055
0.190000     -0.002141
0.200000     -0.001180
0.210000     -0.000261
0.220000     0.000658
0.230000     0.001587
0.240000     0.002569
0.250000     0.003488
0.260000     0.004355
0.270000     0.005222
0.280000     0.006146
0.290000     0.007071
0.300000     0.007937
0.310000     0.008740
0.320000     0.009572
0.330000     0.010426
0.340000     0.011280
0.350000     0.012123
0.360000     0.012818
0.370000     0.013560
0.380000     0.014305
0.390000     0.015049
0.400000     0.015793
0.410000     0.016477
0.420000     0.017112
0.430000     0.017747
0.440000     0.018382
0.450000     0.019016
0.460000     0.019668
0.470000     0.020211
0.480000     0.020708
0.490000     0.021205
0.500000     0.021702
0.510000     0.022231
0.520000     0.022780
0.530000     0.023153
0.540000     0.023516
0.550000     0.023878
0.560000     0.024267
0.570000     0.024672
0.580000     0.025048
0.590000     0.025246
0.600000     0.025443
0.610000     0.025677
0.620000     0.025920
0.630000     0.026163
0.640000     0.026317
0.650000     0.026350
0.660000     0.026426
0.670000     0.026501
0.680000     0.026576
0.690000     0.026652
0.700000     0.026544
0.710000     0.026429
0.720000     0.026315
0.730000     0.026200
0.740000     0.026087
0.750000     0.025881
0.760000     0.025570
0.770000     0.025260
0.780000     0.024949
0.790000     0.024678
0.800000     0.024252
0.810000     0.023711
0.820000     0.023170
0.830000     0.022679
0.840000     0.022190
0.850000     0.021404
0.860000     0.020638
0.870000     0.019907
0.880000     0.019176
0.890000     0.018143
0.900000     0.017119
0.910000     0.016097
0.920000     0.014977
0.930000     0.013580
0.940000     0.012182
0.950000     0.010726
0.960000     0.008804
0.970000     0.007035
0.980000     0.004759
0.990000     0.002443
1.000000     -0.000185
