Airfoil_rR0.256067.txt
1.000000     0.000000
0.990000     0.005254
0.980000     0.010516
0.970000     0.014937
0.960000     0.019184
0.950000     0.022393
0.940000     0.025761
0.930000     0.028558
0.920000     0.031354
0.910000     0.033974
0.900000     0.036518
0.890000     0.039061
0.880000     0.041241
0.870000     0.043545
0.860000     0.045850
0.850000     0.047915
0.840000     0.049838
0.830000     0.051939
0.820000     0.054027
0.810000     0.055774
0.800000     0.057521
0.790000     0.059336
0.780000     0.061205
0.770000     0.062806
0.760000     0.064407
0.750000     0.066008
0.740000     0.067671
0.730000     0.069113
0.720000     0.070546
0.710000     0.071978
0.700000     0.073410
0.690000     0.074700
0.680000     0.075987
0.670000     0.077274
0.660000     0.078560
0.650000     0.079847
0.640000     0.080850
0.630000     0.081917
0.620000     0.083037
0.610000     0.084157
0.600000     0.085213
0.590000     0.086055
0.580000     0.086897
0.570000     0.087845
0.560000     0.088812
0.550000     0.089664
0.540000     0.090341
0.530000     0.091017
0.520000     0.091700
0.510000     0.092489
0.500000     0.093135
0.490000     0.093643
0.480000     0.094150
0.470000     0.094658
0.460000     0.095193
0.450000     0.095620
0.440000     0.095932
0.430000     0.096244
0.420000     0.096556
0.410000     0.096868
0.400000     0.096993
0.390000     0.097102
0.380000     0.097211
0.370000     0.097320
0.360000     0.097414
0.350000     0.097192
0.340000     0.097059
0.330000     0.096932
0.320000     0.096806
0.310000     0.096526
0.300000     0.096052
0.290000     0.095625
0.280000     0.095234
0.270000     0.094832
0.260000     0.094048
0.250000     0.093265
0.240000     0.092520
0.230000     0.091813
0.220000     0.090750
0.210000     0.089619
0.200000     0.088488
0.190000     0.087406
0.180000     0.085883
0.170000     0.084322
0.160000     0.082760
0.150000     0.081051
0.140000     0.078977
0.130000     0.076902
0.120000     0.074812
0.110000     0.072074
0.100000     0.069341
0.090000     0.066524
0.080000     0.062962
0.070000     0.059382
0.060000     0.055208
0.050000     0.050526
0.040000     0.045191
0.030000     0.038984
0.020000     0.031131
0.010000     0.020888
0.000000     0.004677
0.010000     -0.013022
0.020000     -0.017121
0.030000     -0.019470
0.040000     -0.020777
0.050000     -0.021558
0.060000     -0.021980
0.070000     -0.022081
0.080000     -0.021938
0.090000     -0.021753
0.100000     -0.021244
0.110000     -0.020700
0.120000     -0.020170
0.130000     -0.019397
0.140000     -0.018619
0.150000     -0.017840
0.160000     -0.016956
0.170000     -0.016057
0.180000     -0.015158
0.190000     -0.014243
0.200000     -0.013172
0.210000     -0.012219
0.220000     -0.011267
0.230000     -0.010287
0.240000     -0.009160
0.250000     -0.008125
0.260000     -0.007185
0.270000     -0.006245
0.280000     -0.005149
0.290000     -0.004048
0.300000     -0.003033
0.310000     -0.002132
0.320000     -0.001152
0.330000     -0.000109
0.340000     0.000934
0.350000     0.001962
0.360000     0.002772
0.370000     0.003713
0.380000     0.004660
0.390000     0.005606
0.400000     0.006553
0.410000     0.007410
0.420000     0.008241
0.430000     0.009072
0.440000     0.009904
0.450000     0.010735
0.460000     0.011614
0.470000     0.012369
0.480000     0.013058
0.490000     0.013747
0.500000     0.014436
0.510000     0.015181
0.520000     0.015986
0.530000     0.016531
0.540000     0.017062
0.550000     0.017592
0.560000     0.018194
0.570000     0.018843
0.580000     0.019450
0.590000     0.019795
0.600000     0.020140
0.610000     0.020574
0.620000     0.021033
0.630000     0.021493
0.640000     0.021821
0.650000     0.021976
0.660000     0.022247
0.670000     0.022519
0.680000     0.022790
0.690000     0.023061
0.700000     0.023088
0.710000     0.023139
0.720000     0.023189
0.730000     0.023240
0.740000     0.023295
0.750000     0.023272
0.760000     0.023097
0.770000     0.022922
0.780000     0.022747
0.790000     0.022681
0.800000     0.022398
0.810000     0.021947
0.820000     0.021496
0.830000     0.021185
0.840000     0.020879
0.850000     0.020139
0.860000     0.019456
0.870000     0.018871
0.880000     0.018285
0.890000     0.017269
0.900000     0.016343
0.910000     0.015418
0.920000     0.014378
0.930000     0.013004
0.940000     0.011631
0.950000     0.010302
0.960000     0.008318
0.970000     0.006761
0.980000     0.004563
0.990000     0.002491
1.000000     0.000000
