Airfoil_rR0.336133.txt
1.000000     0.000000
0.990000     0.005069
0.980000     0.010116
0.970000     0.014388
0.960000     0.018455
0.950000     0.021582
0.940000     0.024813
0.930000     0.027514
0.920000     0.030215
0.910000     0.032729
0.900000     0.035164
0.890000     0.037599
0.880000     0.039701
0.870000     0.041890
0.860000     0.044079
0.850000     0.046052
0.840000     0.047895
0.830000     0.049876
0.820000     0.051844
0.810000     0.053504
0.800000     0.055164
0.790000     0.056877
0.780000     0.058624
0.770000     0.060130
0.760000     0.061635
0.750000     0.063140
0.740000     0.064694
0.730000     0.066036
0.720000     0.067369
0.710000     0.068701
0.700000     0.070034
0.690000     0.071236
0.680000     0.072418
0.670000     0.073600
0.660000     0.074782
0.650000     0.075964
0.640000     0.076890
0.630000     0.077863
0.620000     0.078877
0.610000     0.079891
0.600000     0.080848
0.590000     0.081610
0.580000     0.082372
0.570000     0.083216
0.560000     0.084074
0.550000     0.084829
0.540000     0.085424
0.530000     0.086020
0.520000     0.086620
0.510000     0.087302
0.500000     0.087855
0.490000     0.088282
0.480000     0.088710
0.470000     0.089137
0.460000     0.089586
0.450000     0.089925
0.440000     0.090160
0.430000     0.090395
0.420000     0.090631
0.410000     0.090866
0.400000     0.090926
0.390000     0.090964
0.380000     0.091002
0.370000     0.091040
0.360000     0.091065
0.350000     0.090803
0.340000     0.090610
0.330000     0.090422
0.320000     0.090234
0.310000     0.089907
0.300000     0.089404
0.290000     0.088938
0.280000     0.088499
0.270000     0.088050
0.260000     0.087256
0.250000     0.086462
0.240000     0.085698
0.230000     0.084963
0.220000     0.083906
0.210000     0.082787
0.200000     0.081668
0.190000     0.080586
0.180000     0.079105
0.170000     0.077587
0.160000     0.076070
0.150000     0.074417
0.140000     0.072429
0.130000     0.070441
0.120000     0.068440
0.110000     0.065849
0.100000     0.063264
0.090000     0.060601
0.080000     0.057266
0.070000     0.053917
0.060000     0.050029
0.050000     0.045689
0.040000     0.040765
0.030000     0.035062
0.020000     0.027894
0.010000     0.018613
0.000000     0.004101
0.010000     -0.010747
0.020000     -0.013883
0.030000     -0.015548
0.040000     -0.016352
0.050000     -0.016722
0.060000     -0.016801
0.070000     -0.016615
0.080000     -0.016242
0.090000     -0.015830
0.100000     -0.015166
0.110000     -0.014476
0.120000     -0.013797
0.130000     -0.012937
0.140000     -0.012071
0.150000     -0.011205
0.160000     -0.010266
0.170000     -0.009322
0.180000     -0.008379
0.190000     -0.007423
0.200000     -0.006352
0.210000     -0.005387
0.220000     -0.004422
0.230000     -0.003437
0.240000     -0.002338
0.250000     -0.001323
0.260000     -0.000393
0.270000     0.000536
0.280000     0.001586
0.290000     0.002639
0.300000     0.003615
0.310000     0.004487
0.320000     0.005420
0.330000     0.006402
0.340000     0.007384
0.350000     0.008351
0.360000     0.009122
0.370000     0.009993
0.380000     0.010869
0.390000     0.011745
0.400000     0.012621
0.410000     0.013411
0.420000     0.014166
0.430000     0.014921
0.440000     0.015675
0.450000     0.016430
0.460000     0.017221
0.470000     0.017890
0.480000     0.018498
0.490000     0.019107
0.500000     0.019716
0.510000     0.020368
0.520000     0.021065
0.530000     0.021529
0.540000     0.021978
0.550000     0.022427
0.560000     0.022932
0.570000     0.023473
0.580000     0.023975
0.590000     0.024240
0.600000     0.024506
0.610000     0.024840
0.620000     0.025193
0.630000     0.025547
0.640000     0.025782
0.650000     0.025859
0.660000     0.026025
0.670000     0.026192
0.680000     0.026359
0.690000     0.026525
0.700000     0.026464
0.710000     0.026415
0.720000     0.026367
0.730000     0.026318
0.740000     0.026272
0.750000     0.026139
0.760000     0.025868
0.770000     0.025598
0.780000     0.025327
0.790000     0.025141
0.800000     0.024754
0.810000     0.024216
0.820000     0.023678
0.830000     0.023248
0.840000     0.022822
0.850000     0.022002
0.860000     0.021227
0.870000     0.020526
0.880000     0.019826
0.890000     0.018731
0.900000     0.017697
0.910000     0.016663
0.920000     0.015517
0.930000     0.014048
0.940000     0.012579
0.950000     0.011113
0.960000     0.009047
0.970000     0.007309
0.980000     0.004962
0.990000     0.002676
1.000000     0.000000
