Airfoil_rR0.629717.txt
1.000000     0.000300
0.990000     0.004733
0.980000     0.009097
0.970000     0.012930
0.960000     0.016536
0.950000     0.019531
0.940000     0.022480
0.930000     0.025059
0.920000     0.027638
0.910000     0.030043
0.900000     0.032378
0.890000     0.034654
0.880000     0.036707
0.870000     0.038766
0.860000     0.040825
0.850000     0.042744
0.840000     0.044579
0.830000     0.046455
0.820000     0.048324
0.810000     0.049992
0.800000     0.051660
0.790000     0.053272
0.780000     0.054881
0.770000     0.056332
0.760000     0.057784
0.750000     0.059235
0.740000     0.060701
0.730000     0.062008
0.720000     0.063309
0.710000     0.064610
0.700000     0.065910
0.690000     0.067055
0.680000     0.068155
0.670000     0.069254
0.660000     0.070354
0.650000     0.071454
0.640000     0.072387
0.630000     0.073332
0.620000     0.074289
0.610000     0.075246
0.600000     0.076165
0.590000     0.076881
0.580000     0.077597
0.570000     0.078337
0.560000     0.079082
0.550000     0.079760
0.540000     0.080334
0.530000     0.080909
0.520000     0.081485
0.510000     0.082086
0.500000     0.082602
0.490000     0.082951
0.480000     0.083299
0.470000     0.083647
0.460000     0.084002
0.450000     0.084264
0.440000     0.084458
0.430000     0.084652
0.420000     0.084847
0.410000     0.085041
0.400000     0.085108
0.390000     0.085021
0.380000     0.084934
0.370000     0.084848
0.360000     0.084753
0.350000     0.084472
0.340000     0.084211
0.330000     0.083952
0.320000     0.083693
0.310000     0.083345
0.300000     0.082882
0.290000     0.082300
0.280000     0.081726
0.270000     0.081146
0.260000     0.080342
0.250000     0.079538
0.240000     0.078640
0.230000     0.077751
0.220000     0.076652
0.210000     0.075514
0.200000     0.074375
0.190000     0.073123
0.180000     0.071607
0.170000     0.070069
0.160000     0.068530
0.150000     0.066897
0.140000     0.064877
0.130000     0.062856
0.120000     0.060826
0.110000     0.058411
0.100000     0.055998
0.090000     0.053378
0.080000     0.050323
0.070000     0.047176
0.060000     0.043592
0.050000     0.039730
0.040000     0.035217
0.030000     0.030220
0.020000     0.024066
0.010000     0.015737
0.000000     0.002402
0.010000     -0.007835
0.020000     -0.010276
0.030000     -0.011288
0.040000     -0.011668
0.050000     -0.011852
0.060000     -0.011643
0.070000     -0.011312
0.080000     -0.010859
0.090000     -0.010317
0.100000     -0.009692
0.110000     -0.008947
0.120000     -0.008212
0.130000     -0.007429
0.140000     -0.006645
0.150000     -0.005861
0.160000     -0.004983
0.170000     -0.004120
0.180000     -0.003258
0.190000     -0.002392
0.200000     -0.001500
0.210000     -0.000619
0.220000     0.000263
0.230000     0.001151
0.240000     0.002073
0.250000     0.002941
0.260000     0.003770
0.270000     0.004599
0.280000     0.005465
0.290000     0.006332
0.300000     0.007148
0.310000     0.007915
0.320000     0.008700
0.330000     0.009500
0.340000     0.010300
0.350000     0.011090
0.360000     0.011754
0.370000     0.012447
0.380000     0.013143
0.390000     0.013838
0.400000     0.014533
0.410000     0.015175
0.420000     0.015767
0.430000     0.016360
0.440000     0.016953
0.450000     0.017545
0.460000     0.018149
0.470000     0.018653
0.480000     0.019117
0.490000     0.019582
0.500000     0.020046
0.510000     0.020538
0.520000     0.021044
0.530000     0.021398
0.540000     0.021743
0.550000     0.022087
0.560000     0.022449
0.570000     0.022821
0.580000     0.023169
0.590000     0.023362
0.600000     0.023556
0.610000     0.023774
0.620000     0.023997
0.630000     0.024221
0.640000     0.024367
0.650000     0.024410
0.660000     0.024481
0.670000     0.024551
0.680000     0.024621
0.690000     0.024691
0.700000     0.024600
0.710000     0.024493
0.720000     0.024386
0.730000     0.024279
0.740000     0.024172
0.750000     0.023977
0.760000     0.023691
0.770000     0.023406
0.780000     0.023120
0.790000     0.022860
0.800000     0.022466
0.810000     0.021967
0.820000     0.021469
0.830000     0.021003
0.840000     0.020539
0.850000     0.019819
0.860000     0.019112
0.870000     0.018427
0.880000     0.017743
0.890000     0.016796
0.900000     0.015845
0.910000     0.014895
0.920000     0.013855
0.930000     0.012565
0.940000     0.011274
0.950000     0.009913
0.960000     0.008143
0.970000     0.006473
0.980000     0.004349
0.990000     0.002162
1.000000     -0.000300
