Airfoil_rR0.960100.txt
1.000000     0.000843
0.990000     0.003040
0.980000     0.005238
0.970000     0.007436
0.960000     0.009634
0.950000     0.011832
0.940000     0.013854
0.930000     0.015877
0.920000     0.017899
0.910000     0.019922
0.900000     0.021944
0.890000     0.023711
0.880000     0.025477
0.870000     0.027244
0.860000     0.029010
0.850000     0.030777
0.840000     0.032543
0.830000     0.034310
0.820000     0.036076
0.810000     0.037843
0.800000     0.039609
0.790000     0.041047
0.780000     0.042485
0.770000     0.043922
0.760000     0.045360
0.750000     0.046797
0.740000     0.048235
0.730000     0.049672
0.720000     0.051110
0.710000     0.052547
0.700000     0.053985
0.690000     0.055118
0.680000     0.056251
0.670000     0.057385
0.660000     0.058518
0.650000     0.059651
0.640000     0.060784
0.630000     0.061918
0.620000     0.063051
0.610000     0.064184
0.600000     0.065318
0.590000     0.066112
0.580000     0.066907
0.570000     0.067702
0.560000     0.068497
0.550000     0.069292
0.540000     0.070087
0.530000     0.070882
0.520000     0.071676
0.510000     0.072471
0.500000     0.073266
0.490000     0.073698
0.480000     0.074131
0.470000     0.074563
0.460000     0.074995
0.450000     0.075428
0.440000     0.075860
0.430000     0.076292
0.420000     0.076724
0.410000     0.077157
0.400000     0.077589
0.390000     0.077475
0.380000     0.077361
0.370000     0.077247
0.360000     0.077133
0.350000     0.077020
0.340000     0.076906
0.330000     0.076792
0.320000     0.076678
0.310000     0.076564
0.300000     0.076450
0.290000     0.075789
0.280000     0.075127
0.270000     0.074466
0.260000     0.073805
0.250000     0.073144
0.240000     0.072054
0.230000     0.070964
0.220000     0.069874
0.210000     0.068784
0.200000     0.067695
0.190000     0.066146
0.180000     0.064597
0.170000     0.063048
0.160000     0.061498
0.150000     0.059949
0.140000     0.057814
0.130000     0.055679
0.120000     0.053543
0.110000     0.051408
0.100000     0.049272
0.090000     0.046621
0.080000     0.043969
0.070000     0.041034
0.060000     0.037815
0.050000     0.034596
0.040000     0.030559
0.030000     0.026522
0.020000     0.021739
0.010000     0.014072
0.000000     0.000000
0.010000     -0.005992
0.020000     -0.009059
0.030000     -0.010522
0.040000     -0.011359
0.050000     -0.012196
0.060000     -0.012295
0.070000     -0.012394
0.080000     -0.012349
0.090000     -0.012161
0.100000     -0.011972
0.110000     -0.011548
0.120000     -0.011123
0.130000     -0.010699
0.140000     -0.010274
0.150000     -0.009849
0.160000     -0.009298
0.170000     -0.008748
0.180000     -0.008197
0.190000     -0.007646
0.200000     -0.007095
0.210000     -0.006484
0.220000     -0.005874
0.230000     -0.005264
0.240000     -0.004654
0.250000     -0.004044
0.260000     -0.003525
0.270000     -0.003006
0.280000     -0.002487
0.290000     -0.001969
0.300000     -0.001450
0.310000     -0.001064
0.320000     -0.000678
0.330000     -0.000292
0.340000     0.000094
0.350000     0.000480
0.360000     0.000867
0.370000     0.001253
0.380000     0.001639
0.390000     0.002025
0.400000     0.002411
0.410000     0.002633
0.420000     0.002856
0.430000     0.003078
0.440000     0.003300
0.450000     0.003522
0.460000     0.003745
0.470000     0.003967
0.480000     0.004189
0.490000     0.004412
0.500000     0.004634
0.510000     0.004779
0.520000     0.004924
0.530000     0.005068
0.540000     0.005213
0.550000     0.005358
0.560000     0.005503
0.570000     0.005648
0.580000     0.005793
0.590000     0.005938
0.600000     0.006082
0.610000     0.006116
0.620000     0.006149
0.630000     0.006182
0.640000     0.006216
0.650000     0.006249
0.660000     0.006282
0.670000     0.006315
0.680000     0.006349
0.690000     0.006382
0.700000     0.006415
0.710000     0.006313
0.720000     0.006210
0.730000     0.006108
0.740000     0.006005
0.750000     0.005903
0.760000     0.005800
0.770000     0.005698
0.780000     0.005595
0.790000     0.005493
0.800000     0.005391
0.810000     0.005147
0.820000     0.004904
0.830000     0.004660
0.840000     0.004417
0.850000     0.004173
0.860000     0.003930
0.870000     0.003686
0.880000     0.003443
0.890000     0.003199
0.900000     0.002956
0.910000     0.002618
0.920000     0.002281
0.930000     0.001943
0.940000     0.001606
0.950000     0.001268
0.960000     0.000846
0.970000     0.000424
0.980000     0.000002
0.990000     -0.000420
1.000000     -0.000843
