Airfoil_rR0.990400.txt
1.000000     0.000846
0.990000     0.003047
0.980000     0.005248
0.970000     0.007450
0.960000     0.009651
0.950000     0.011852
0.940000     0.013878
0.930000     0.015904
0.920000     0.017930
0.910000     0.019955
0.900000     0.021981
0.890000     0.023750
0.880000     0.025520
0.870000     0.027289
0.860000     0.029059
0.850000     0.030828
0.840000     0.032598
0.830000     0.034367
0.820000     0.036137
0.810000     0.037906
0.800000     0.039675
0.790000     0.041115
0.780000     0.042556
0.770000     0.043996
0.760000     0.045436
0.750000     0.046876
0.740000     0.048316
0.730000     0.049756
0.720000     0.051196
0.710000     0.052636
0.700000     0.054076
0.690000     0.055212
0.680000     0.056347
0.670000     0.057483
0.660000     0.058618
0.650000     0.059754
0.640000     0.060890
0.630000     0.062025
0.620000     0.063161
0.610000     0.064296
0.600000     0.065432
0.590000     0.066228
0.580000     0.067025
0.570000     0.067822
0.560000     0.068618
0.550000     0.069415
0.540000     0.070212
0.530000     0.071008
0.520000     0.071805
0.510000     0.072602
0.500000     0.073398
0.490000     0.073832
0.480000     0.074265
0.470000     0.074699
0.460000     0.075133
0.450000     0.075566
0.440000     0.076000
0.430000     0.076433
0.420000     0.076867
0.410000     0.077300
0.400000     0.077734
0.390000     0.077620
0.380000     0.077507
0.370000     0.077394
0.360000     0.077280
0.350000     0.077167
0.340000     0.077054
0.330000     0.076940
0.320000     0.076827
0.310000     0.076713
0.300000     0.076600
0.290000     0.075938
0.280000     0.075277
0.270000     0.074615
0.260000     0.073954
0.250000     0.073292
0.240000     0.072201
0.230000     0.071111
0.220000     0.070020
0.210000     0.068929
0.200000     0.067839
0.190000     0.066288
0.180000     0.064737
0.170000     0.063186
0.160000     0.061635
0.150000     0.060084
0.140000     0.057945
0.130000     0.055806
0.120000     0.053668
0.110000     0.051529
0.100000     0.049390
0.090000     0.046734
0.080000     0.044078
0.070000     0.041137
0.060000     0.037912
0.050000     0.034686
0.040000     0.030640
0.030000     0.026594
0.020000     0.021798
0.010000     0.014111
0.000000     0.000000
0.010000     -0.006031
0.020000     -0.009118
0.030000     -0.010594
0.040000     -0.011440
0.050000     -0.012286
0.060000     -0.012392
0.070000     -0.012497
0.080000     -0.012458
0.090000     -0.012274
0.100000     -0.012090
0.110000     -0.011669
0.120000     -0.011248
0.130000     -0.010826
0.140000     -0.010405
0.150000     -0.009984
0.160000     -0.009435
0.170000     -0.008886
0.180000     -0.008337
0.190000     -0.007788
0.200000     -0.007239
0.210000     -0.006629
0.220000     -0.006020
0.230000     -0.005411
0.240000     -0.004801
0.250000     -0.004192
0.260000     -0.003674
0.270000     -0.003155
0.280000     -0.002637
0.290000     -0.002118
0.300000     -0.001600
0.310000     -0.001213
0.320000     -0.000827
0.330000     -0.000440
0.340000     -0.000054
0.350000     0.000333
0.360000     0.000720
0.370000     0.001106
0.380000     0.001493
0.390000     0.001880
0.400000     0.002266
0.410000     0.002490
0.420000     0.002713
0.430000     0.002937
0.440000     0.003160
0.450000     0.003384
0.460000     0.003607
0.470000     0.003831
0.480000     0.004055
0.490000     0.004278
0.500000     0.004502
0.510000     0.004648
0.520000     0.004795
0.530000     0.004942
0.540000     0.005088
0.550000     0.005235
0.560000     0.005382
0.570000     0.005528
0.580000     0.005675
0.590000     0.005822
0.600000     0.005968
0.610000     0.006004
0.620000     0.006039
0.630000     0.006075
0.640000     0.006110
0.650000     0.006146
0.660000     0.006182
0.670000     0.006217
0.680000     0.006253
0.690000     0.006288
0.700000     0.006324
0.710000     0.006224
0.720000     0.006124
0.730000     0.006024
0.740000     0.005924
0.750000     0.005824
0.760000     0.005724
0.770000     0.005624
0.780000     0.005524
0.790000     0.005425
0.800000     0.005325
0.810000     0.005084
0.820000     0.004843
0.830000     0.004603
0.840000     0.004362
0.850000     0.004122
0.860000     0.003881
0.870000     0.003641
0.880000     0.003400
0.890000     0.003160
0.900000     0.002919
0.910000     0.002585
0.920000     0.002250
0.930000     0.001916
0.940000     0.001582
0.950000     0.001248
0.960000     0.000829
0.970000     0.000410
0.980000     -0.000008
0.990000     -0.000427
1.000000     -0.000846
