Airfoil_rR0.496283.txt
1.000000     0.000000
0.990000     0.004951
0.980000     0.009863
0.970000     0.014040
0.960000     0.017992
0.950000     0.021067
0.940000     0.024211
0.930000     0.026852
0.920000     0.029492
0.910000     0.031939
0.900000     0.034305
0.890000     0.036671
0.880000     0.038723
0.870000     0.040839
0.860000     0.042954
0.850000     0.044868
0.840000     0.046661
0.830000     0.048566
0.820000     0.050458
0.810000     0.052063
0.800000     0.053668
0.790000     0.055315
0.780000     0.056986
0.770000     0.058431
0.760000     0.059875
0.750000     0.061320
0.740000     0.062803
0.730000     0.064081
0.720000     0.065351
0.710000     0.066621
0.700000     0.067890
0.690000     0.069036
0.680000     0.070151
0.670000     0.071267
0.660000     0.072383
0.650000     0.073499
0.640000     0.074375
0.630000     0.075288
0.620000     0.076235
0.610000     0.077182
0.600000     0.078075
0.590000     0.078787
0.580000     0.079498
0.570000     0.080276
0.560000     0.081065
0.550000     0.081758
0.540000     0.082302
0.530000     0.082846
0.520000     0.083394
0.510000     0.084009
0.500000     0.084502
0.490000     0.084878
0.480000     0.085255
0.470000     0.085631
0.460000     0.086025
0.450000     0.086309
0.440000     0.086495
0.430000     0.086682
0.420000     0.086868
0.410000     0.087054
0.400000     0.087072
0.390000     0.087065
0.380000     0.087058
0.370000     0.087051
0.360000     0.087032
0.350000     0.086746
0.340000     0.086515
0.330000     0.086287
0.320000     0.086060
0.310000     0.085703
0.300000     0.085183
0.290000     0.084692
0.280000     0.084222
0.270000     0.083744
0.260000     0.082943
0.250000     0.082143
0.240000     0.081366
0.230000     0.080613
0.220000     0.079559
0.210000     0.078448
0.200000     0.077337
0.190000     0.076255
0.180000     0.074800
0.170000     0.073311
0.160000     0.071822
0.150000     0.070203
0.140000     0.068271
0.130000     0.066338
0.120000     0.064393
0.110000     0.061897
0.100000     0.059404
0.090000     0.056840
0.080000     0.053648
0.070000     0.050446
0.060000     0.046740
0.050000     0.042618
0.040000     0.037955
0.030000     0.032572
0.020000     0.025838
0.010000     0.017169
0.000000     0.003736
0.010000     -0.009302
0.020000     -0.011828
0.030000     -0.013057
0.040000     -0.013541
0.050000     -0.013651
0.060000     -0.013512
0.070000     -0.013145
0.080000     -0.012625
0.090000     -0.012069
0.100000     -0.011307
0.110000     -0.010523
0.120000     -0.009751
0.130000     -0.008834
0.140000     -0.007913
0.150000     -0.006992
0.160000     -0.006017
0.170000     -0.005046
0.180000     -0.004074
0.190000     -0.003092
0.200000     -0.002020
0.210000     -0.001048
0.220000     -0.000076
0.230000     0.000913
0.240000     0.001994
0.250000     0.002997
0.260000     0.003920
0.270000     0.004842
0.280000     0.005863
0.290000     0.006885
0.300000     0.007836
0.310000     0.008690
0.320000     0.009594
0.330000     0.010536
0.340000     0.011479
0.350000     0.012408
0.360000     0.013154
0.370000     0.013981
0.380000     0.014812
0.390000     0.015643
0.400000     0.016474
0.410000     0.017223
0.420000     0.017929
0.430000     0.018635
0.440000     0.019341
0.450000     0.020047
0.460000     0.020782
0.470000     0.021396
0.480000     0.021953
0.490000     0.022511
0.500000     0.023069
0.510000     0.023662
0.520000     0.024291
0.530000     0.024702
0.540000     0.025100
0.550000     0.025498
0.560000     0.025941
0.570000     0.026413
0.580000     0.026848
0.590000     0.027063
0.600000     0.027279
0.610000     0.027549
0.620000     0.027835
0.630000     0.028121
0.640000     0.028297
0.650000     0.028324
0.660000     0.028425
0.670000     0.028525
0.680000     0.028625
0.690000     0.028726
0.700000     0.028608
0.710000     0.028496
0.720000     0.028384
0.730000     0.028272
0.740000     0.028163
0.750000     0.027960
0.760000     0.027628
0.770000     0.027297
0.780000     0.026965
0.790000     0.026702
0.800000     0.026250
0.810000     0.025657
0.820000     0.025064
0.830000     0.024558
0.840000     0.024056
0.850000     0.023186
0.860000     0.022351
0.870000     0.021577
0.880000     0.020804
0.890000     0.019659
0.900000     0.018557
0.910000     0.017454
0.920000     0.016240
0.930000     0.014711
0.940000     0.013181
0.950000     0.011628
0.960000     0.009510
0.970000     0.007658
0.980000     0.005216
0.990000     0.002794
1.000000     0.000000
