Airfoil_rR0.816550.txt
1.000000     0.000713
0.990000     0.003728
0.980000     0.006701
0.970000     0.009510
0.960000     0.012215
0.950000     0.014747
0.940000     0.017116
0.930000     0.019369
0.920000     0.021623
0.910000     0.023804
0.900000     0.025957
0.890000     0.027922
0.880000     0.029820
0.870000     0.031699
0.860000     0.033578
0.850000     0.035417
0.840000     0.037232
0.830000     0.039039
0.820000     0.040843
0.810000     0.042591
0.800000     0.044339
0.790000     0.045843
0.780000     0.047335
0.770000     0.048782
0.760000     0.050230
0.750000     0.051677
0.740000     0.053122
0.730000     0.054512
0.720000     0.055901
0.710000     0.057289
0.700000     0.058677
0.690000     0.059816
0.680000     0.060929
0.670000     0.062041
0.660000     0.063154
0.650000     0.064267
0.640000     0.065332
0.630000     0.066392
0.620000     0.067450
0.610000     0.068508
0.600000     0.069555
0.590000     0.070316
0.580000     0.071078
0.570000     0.071834
0.560000     0.072589
0.550000     0.073326
0.540000     0.074033
0.530000     0.074740
0.520000     0.075447
0.510000     0.076149
0.500000     0.076827
0.490000     0.077210
0.480000     0.077594
0.470000     0.077977
0.460000     0.078360
0.450000     0.078706
0.440000     0.079034
0.430000     0.079361
0.420000     0.079689
0.410000     0.080016
0.400000     0.080302
0.390000     0.080170
0.380000     0.080037
0.370000     0.079905
0.360000     0.079770
0.350000     0.079583
0.340000     0.079391
0.330000     0.079199
0.320000     0.079007
0.310000     0.078789
0.300000     0.078539
0.290000     0.077879
0.280000     0.077217
0.270000     0.076553
0.260000     0.075825
0.250000     0.075097
0.240000     0.074047
0.230000     0.072995
0.220000     0.071884
0.210000     0.070761
0.200000     0.069638
0.190000     0.068157
0.180000     0.066599
0.170000     0.065035
0.160000     0.063471
0.150000     0.061877
0.140000     0.059758
0.130000     0.057640
0.120000     0.055518
0.110000     0.053286
0.100000     0.051053
0.090000     0.048393
0.080000     0.045609
0.070000     0.042597
0.060000     0.039257
0.050000     0.035844
0.040000     0.031645
0.030000     0.027318
0.020000     0.022131
0.010000     0.014288
0.000000     0.000574
0.010000     -0.006276
0.020000     -0.009032
0.030000     -0.010210
0.040000     -0.010802
0.050000     -0.011374
0.060000     -0.011308
0.070000     -0.011228
0.080000     -0.011026
0.090000     -0.010683
0.100000     -0.010351
0.110000     -0.009797
0.120000     -0.009247
0.130000     -0.008713
0.140000     -0.008179
0.150000     -0.007645
0.160000     -0.006983
0.170000     -0.006334
0.180000     -0.005685
0.190000     -0.005036
0.200000     -0.004400
0.210000     -0.003702
0.220000     -0.003004
0.230000     -0.002308
0.240000     -0.001617
0.250000     -0.000943
0.260000     -0.000319
0.270000     0.000304
0.280000     0.000921
0.290000     0.001537
0.300000     0.002139
0.310000     0.002665
0.320000     0.003187
0.330000     0.003706
0.340000     0.004225
0.350000     0.004741
0.360000     0.005222
0.370000     0.005696
0.380000     0.006170
0.390000     0.006644
0.400000     0.007118
0.410000     0.007491
0.420000     0.007838
0.430000     0.008185
0.440000     0.008533
0.450000     0.008880
0.460000     0.009225
0.470000     0.009533
0.480000     0.009830
0.490000     0.010127
0.500000     0.010424
0.510000     0.010688
0.520000     0.010950
0.530000     0.011168
0.540000     0.011384
0.550000     0.011600
0.560000     0.011812
0.570000     0.012023
0.580000     0.012226
0.590000     0.012385
0.600000     0.012545
0.610000     0.012642
0.620000     0.012739
0.630000     0.012835
0.640000     0.012910
0.650000     0.012954
0.660000     0.012993
0.670000     0.013033
0.680000     0.013072
0.690000     0.013111
0.700000     0.013099
0.710000     0.012997
0.720000     0.012895
0.730000     0.012794
0.740000     0.012692
0.750000     0.012550
0.760000     0.012383
0.770000     0.012216
0.780000     0.012050
0.790000     0.011878
0.800000     0.011665
0.810000     0.011344
0.820000     0.011022
0.830000     0.010694
0.840000     0.010366
0.850000     0.009965
0.860000     0.009562
0.870000     0.009153
0.880000     0.008745
0.890000     0.008259
0.900000     0.007754
0.910000     0.007198
0.920000     0.006610
0.930000     0.005933
0.940000     0.005256
0.950000     0.004528
0.960000     0.003629
0.970000     0.002711
0.980000     0.001640
0.990000     0.000507
1.000000     -0.000713
