Airfoil_rR0.709800.txt
1.000000     0.000531
0.990000     0.004339
0.980000     0.008079
0.970000     0.011471
0.960000     0.014676
0.950000     0.017497
0.940000     0.020197
0.930000     0.022652
0.920000     0.025108
0.910000     0.027429
0.900000     0.029697
0.890000     0.031845
0.880000     0.033850
0.870000     0.035834
0.860000     0.037819
0.850000     0.039716
0.840000     0.041560
0.830000     0.043407
0.820000     0.045250
0.810000     0.046966
0.800000     0.048683
0.790000     0.050250
0.780000     0.051804
0.770000     0.053259
0.760000     0.054713
0.750000     0.056168
0.740000     0.057624
0.730000     0.058969
0.720000     0.060311
0.710000     0.061652
0.700000     0.062994
0.690000     0.064138
0.680000     0.065239
0.670000     0.066341
0.660000     0.067442
0.650000     0.068543
0.640000     0.069539
0.630000     0.070534
0.620000     0.071529
0.610000     0.072525
0.600000     0.073497
0.590000     0.074230
0.580000     0.074964
0.570000     0.075700
0.560000     0.076437
0.550000     0.077131
0.540000     0.077760
0.530000     0.078390
0.520000     0.079019
0.510000     0.079651
0.500000     0.080230
0.490000     0.080582
0.480000     0.080935
0.470000     0.081287
0.460000     0.081641
0.450000     0.081925
0.440000     0.082167
0.430000     0.082409
0.420000     0.082651
0.410000     0.082892
0.400000     0.083048
0.390000     0.082922
0.380000     0.082797
0.370000     0.082671
0.360000     0.082540
0.350000     0.082292
0.340000     0.082046
0.330000     0.081800
0.320000     0.081554
0.310000     0.081252
0.300000     0.080878
0.290000     0.080242
0.280000     0.079607
0.270000     0.078968
0.260000     0.078188
0.250000     0.077408
0.240000     0.076421
0.230000     0.075436
0.220000     0.074319
0.210000     0.073176
0.200000     0.072034
0.190000     0.070652
0.180000     0.069102
0.170000     0.067538
0.160000     0.065975
0.150000     0.064349
0.140000     0.062266
0.130000     0.060183
0.120000     0.058094
0.110000     0.055761
0.100000     0.053429
0.090000     0.050774
0.080000     0.047846
0.070000     0.044756
0.060000     0.041284
0.050000     0.037644
0.040000     0.033272
0.030000     0.028606
0.020000     0.022938
0.010000     0.014856
0.000000     0.001390
0.010000     -0.006907
0.020000     -0.009444
0.030000     -0.010457
0.040000     -0.010883
0.050000     -0.011227
0.060000     -0.011050
0.070000     -0.010819
0.080000     -0.010474
0.090000     -0.010007
0.100000     -0.009524
0.110000     -0.008859
0.120000     -0.008198
0.130000     -0.007542
0.140000     -0.006885
0.150000     -0.006229
0.160000     -0.005453
0.170000     -0.004697
0.180000     -0.003940
0.190000     -0.003183
0.200000     -0.002432
0.210000     -0.001640
0.220000     -0.000848
0.230000     -0.000055
0.240000     0.000741
0.250000     0.001503
0.260000     0.002236
0.270000     0.002968
0.280000     0.003704
0.290000     0.004440
0.300000     0.005144
0.310000     0.005805
0.320000     0.006467
0.330000     0.007131
0.340000     0.007795
0.350000     0.008453
0.360000     0.009031
0.370000     0.009612
0.380000     0.010192
0.390000     0.010773
0.400000     0.011354
0.410000     0.011876
0.420000     0.012354
0.430000     0.012832
0.440000     0.013310
0.450000     0.013788
0.460000     0.014267
0.470000     0.014673
0.480000     0.015055
0.490000     0.015437
0.500000     0.015819
0.510000     0.016206
0.520000     0.016595
0.530000     0.016888
0.540000     0.017175
0.550000     0.017463
0.560000     0.017752
0.570000     0.018042
0.580000     0.018316
0.590000     0.018494
0.600000     0.018672
0.610000     0.018835
0.620000     0.019000
0.630000     0.019164
0.640000     0.019280
0.650000     0.019330
0.660000     0.019383
0.670000     0.019436
0.680000     0.019489
0.690000     0.019541
0.700000     0.019486
0.710000     0.019385
0.720000     0.019283
0.730000     0.019182
0.740000     0.019080
0.750000     0.018907
0.760000     0.018677
0.770000     0.018447
0.780000     0.018217
0.790000     0.017990
0.800000     0.017675
0.810000     0.017267
0.820000     0.016859
0.830000     0.016454
0.840000     0.016049
0.850000     0.015483
0.860000     0.014917
0.870000     0.014354
0.880000     0.013792
0.890000     0.013060
0.900000     0.012306
0.910000     0.011535
0.920000     0.010701
0.930000     0.009690
0.940000     0.008678
0.950000     0.007589
0.960000     0.006216
0.970000     0.004853
0.980000     0.003179
0.990000     0.001416
1.000000     -0.000531
