Airfoil_rR0.176550.txt
1.000000     0.000000
0.990000     0.005887
0.980000     0.011877
0.970000     0.016807
0.960000     0.021670
0.950000     0.025158
0.940000     0.028993
0.930000     0.032115
0.920000     0.035236
0.910000     0.038218
0.900000     0.041132
0.890000     0.044045
0.880000     0.046491
0.870000     0.049188
0.860000     0.051886
0.850000     0.054268
0.840000     0.056461
0.830000     0.058973
0.820000     0.061466
0.810000     0.063510
0.800000     0.065553
0.790000     0.067719
0.780000     0.070000
0.770000     0.071927
0.760000     0.073854
0.750000     0.075781
0.740000     0.077820
0.730000     0.079605
0.720000     0.081376
0.710000     0.083147
0.700000     0.084919
0.690000     0.086510
0.680000     0.088153
0.670000     0.089796
0.660000     0.091439
0.650000     0.093082
0.640000     0.094350
0.630000     0.095736
0.620000     0.097217
0.610000     0.098698
0.600000     0.100095
0.590000     0.101209
0.580000     0.102322
0.570000     0.103626
0.560000     0.104962
0.550000     0.106147
0.540000     0.107099
0.530000     0.108052
0.520000     0.109016
0.510000     0.110169
0.500000     0.111133
0.490000     0.111915
0.480000     0.112696
0.470000     0.113478
0.460000     0.114308
0.450000     0.115033
0.440000     0.115606
0.430000     0.116180
0.420000     0.116753
0.410000     0.117327
0.400000     0.117677
0.390000     0.118027
0.380000     0.118377
0.370000     0.118727
0.360000     0.119059
0.350000     0.118971
0.340000     0.119042
0.330000     0.119125
0.320000     0.119208
0.310000     0.119089
0.300000     0.118713
0.290000     0.118421
0.280000     0.118191
0.270000     0.117948
0.260000     0.117200
0.250000     0.116452
0.240000     0.115774
0.230000     0.115163
0.220000     0.114081
0.210000     0.112910
0.200000     0.111738
0.190000     0.110653
0.180000     0.108991
0.170000     0.107278
0.160000     0.105565
0.150000     0.103667
0.140000     0.101296
0.130000     0.098926
0.120000     0.096534
0.110000     0.093291
0.100000     0.090058
0.090000     0.086713
0.080000     0.082378
0.070000     0.078012
0.060000     0.072860
0.050000     0.067011
0.040000     0.060278
0.030000     0.052352
0.020000     0.042167
0.010000     0.028643
0.000000     0.006640
0.010000     -0.020777
0.020000     -0.028156
0.030000     -0.032838
0.040000     -0.035864
0.050000     -0.038044
0.060000     -0.039632
0.070000     -0.040711
0.080000     -0.041354
0.090000     -0.041942
0.100000     -0.041960
0.110000     -0.041917
0.120000     -0.041892
0.130000     -0.041421
0.140000     -0.040938
0.150000     -0.040456
0.160000     -0.039760
0.170000     -0.039013
0.180000     -0.038266
0.190000     -0.037490
0.200000     -0.036422
0.210000     -0.035510
0.220000     -0.034598
0.230000     -0.033637
0.240000     -0.032414
0.250000     -0.031313
0.260000     -0.030337
0.270000     -0.029361
0.280000     -0.028106
0.290000     -0.026844
0.300000     -0.025693
0.310000     -0.024695
0.320000     -0.023554
0.330000     -0.022302
0.340000     -0.021049
0.350000     -0.019817
0.360000     -0.018872
0.370000     -0.017694
0.380000     -0.016507
0.390000     -0.015319
0.400000     -0.014131
0.410000     -0.013049
0.420000     -0.011956
0.430000     -0.010864
0.440000     -0.009771
0.450000     -0.008678
0.460000     -0.007501
0.470000     -0.006451
0.480000     -0.005488
0.490000     -0.004525
0.500000     -0.003563
0.510000     -0.002499
0.520000     -0.001330
0.530000     -0.000503
0.540000     0.000303
0.550000     0.001109
0.560000     0.002044
0.570000     0.003063
0.580000     0.004025
0.590000     0.004641
0.600000     0.005258
0.610000     0.006032
0.620000     0.006853
0.630000     0.007674
0.640000     0.008322
0.650000     0.008741
0.660000     0.009369
0.670000     0.009996
0.680000     0.010624
0.690000     0.011251
0.700000     0.011580
0.710000     0.011969
0.720000     0.012359
0.730000     0.012749
0.740000     0.013146
0.750000     0.013498
0.760000     0.013649
0.770000     0.013800
0.780000     0.013951
0.790000     0.014299
0.800000     0.014365
0.810000     0.014211
0.820000     0.014056
0.830000     0.014151
0.840000     0.014256
0.850000     0.013787
0.860000     0.013420
0.870000     0.013228
0.880000     0.013036
0.890000     0.012285
0.900000     0.011730
0.910000     0.011175
0.920000     0.010496
0.930000     0.009447
0.940000     0.008399
0.950000     0.007537
0.960000     0.005833
0.970000     0.004891
0.980000     0.003201
0.990000     0.001859
1.000000     0.000000
