Airfoil_rR0.970200.txt
1.000000     0.000844
0.990000     0.003043
0.980000     0.005242
0.970000     0.007441
0.960000     0.009640
0.950000     0.011839
0.940000     0.013862
0.930000     0.015886
0.920000     0.017909
0.910000     0.019933
0.900000     0.021957
0.890000     0.023724
0.880000     0.025492
0.870000     0.027259
0.860000     0.029027
0.850000     0.030794
0.840000     0.032562
0.830000     0.034329
0.820000     0.036096
0.810000     0.037864
0.800000     0.039631
0.790000     0.041070
0.780000     0.042508
0.770000     0.043947
0.760000     0.045385
0.750000     0.046823
0.740000     0.048262
0.730000     0.049700
0.720000     0.051139
0.710000     0.052577
0.700000     0.054015
0.690000     0.055149
0.680000     0.056283
0.670000     0.057417
0.660000     0.058551
0.650000     0.059685
0.640000     0.060819
0.630000     0.061953
0.620000     0.063088
0.610000     0.064222
0.600000     0.065356
0.590000     0.066151
0.580000     0.066947
0.570000     0.067742
0.560000     0.068537
0.550000     0.069333
0.540000     0.070128
0.530000     0.070924
0.520000     0.071719
0.510000     0.072515
0.500000     0.073310
0.490000     0.073743
0.480000     0.074176
0.470000     0.074608
0.460000     0.075041
0.450000     0.075474
0.440000     0.075906
0.430000     0.076339
0.420000     0.076772
0.410000     0.077205
0.400000     0.077637
0.390000     0.077524
0.380000     0.077410
0.370000     0.077296
0.360000     0.077182
0.350000     0.077069
0.340000     0.076955
0.330000     0.076841
0.320000     0.076727
0.310000     0.076614
0.300000     0.076500
0.290000     0.075839
0.280000     0.075177
0.270000     0.074516
0.260000     0.073854
0.250000     0.073193
0.240000     0.072103
0.230000     0.071013
0.220000     0.069923
0.210000     0.068833
0.200000     0.067743
0.190000     0.066193
0.180000     0.064643
0.170000     0.063094
0.160000     0.061544
0.150000     0.059994
0.140000     0.057858
0.130000     0.055721
0.120000     0.053585
0.110000     0.051448
0.100000     0.049311
0.090000     0.046658
0.080000     0.044006
0.070000     0.041068
0.060000     0.037847
0.050000     0.034626
0.040000     0.030586
0.030000     0.026546
0.020000     0.021758
0.010000     0.014085
0.000000     0.000000
0.010000     -0.006005
0.020000     -0.009078
0.030000     -0.010546
0.040000     -0.011386
0.050000     -0.012226
0.060000     -0.012327
0.070000     -0.012428
0.080000     -0.012386
0.090000     -0.012198
0.100000     -0.012011
0.110000     -0.011588
0.120000     -0.011165
0.130000     -0.010741
0.140000     -0.010318
0.150000     -0.009894
0.160000     -0.009344
0.170000     -0.008794
0.180000     -0.008243
0.190000     -0.007693
0.200000     -0.007143
0.210000     -0.006533
0.220000     -0.005923
0.230000     -0.005313
0.240000     -0.004703
0.250000     -0.004093
0.260000     -0.003574
0.270000     -0.003056
0.280000     -0.002537
0.290000     -0.002019
0.300000     -0.001500
0.310000     -0.001114
0.320000     -0.000727
0.330000     -0.000341
0.340000     0.000045
0.350000     0.000431
0.360000     0.000818
0.370000     0.001204
0.380000     0.001590
0.390000     0.001976
0.400000     0.002363
0.410000     0.002585
0.420000     0.002808
0.430000     0.003031
0.440000     0.003254
0.450000     0.003476
0.460000     0.003699
0.470000     0.003922
0.480000     0.004144
0.490000     0.004367
0.500000     0.004590
0.510000     0.004735
0.520000     0.004881
0.530000     0.005026
0.540000     0.005172
0.550000     0.005317
0.560000     0.005463
0.570000     0.005608
0.580000     0.005753
0.590000     0.005899
0.600000     0.006044
0.610000     0.006078
0.620000     0.006112
0.630000     0.006147
0.640000     0.006181
0.650000     0.006215
0.660000     0.006249
0.670000     0.006283
0.680000     0.006317
0.690000     0.006351
0.700000     0.006385
0.710000     0.006283
0.720000     0.006181
0.730000     0.006080
0.740000     0.005978
0.750000     0.005877
0.760000     0.005775
0.770000     0.005673
0.780000     0.005572
0.790000     0.005470
0.800000     0.005369
0.810000     0.005126
0.820000     0.004884
0.830000     0.004641
0.840000     0.004398
0.850000     0.004156
0.860000     0.003913
0.870000     0.003671
0.880000     0.003428
0.890000     0.003186
0.900000     0.002943
0.910000     0.002607
0.920000     0.002271
0.930000     0.001934
0.940000     0.001598
0.950000     0.001261
0.960000     0.000840
0.970000     0.000419
0.980000     -0.000002
0.990000     -0.000423
1.000000     -0.000844
