Airfoil_rR0.896617.txt
1.000000     0.000805
0.990000     0.003239
0.980000     0.005658
0.970000     0.008032
0.960000     0.010374
0.950000     0.012668
0.940000     0.014789
0.930000     0.016877
0.920000     0.018966
0.910000     0.021032
0.900000     0.023091
0.890000     0.024913
0.880000     0.026716
0.870000     0.028513
0.860000     0.030309
0.850000     0.032095
0.840000     0.033874
0.830000     0.035649
0.820000     0.037424
0.810000     0.039183
0.800000     0.040942
0.790000     0.042396
0.780000     0.043846
0.770000     0.045284
0.760000     0.046722
0.750000     0.048160
0.740000     0.049597
0.730000     0.051018
0.720000     0.052438
0.710000     0.053859
0.700000     0.055279
0.690000     0.056412
0.680000     0.057536
0.670000     0.058661
0.660000     0.059785
0.650000     0.060909
0.640000     0.062021
0.630000     0.063130
0.620000     0.064238
0.610000     0.065346
0.600000     0.066452
0.590000     0.067234
0.580000     0.068017
0.570000     0.068798
0.560000     0.069578
0.550000     0.070353
0.540000     0.071120
0.530000     0.071887
0.520000     0.072653
0.510000     0.073418
0.500000     0.074176
0.490000     0.074591
0.480000     0.075007
0.470000     0.075422
0.460000     0.075837
0.450000     0.076242
0.440000     0.076641
0.430000     0.077040
0.420000     0.077440
0.410000     0.077839
0.400000     0.078226
0.390000     0.078105
0.380000     0.077983
0.370000     0.077861
0.360000     0.077739
0.350000     0.077602
0.340000     0.077464
0.330000     0.077325
0.320000     0.077186
0.310000     0.077040
0.300000     0.076885
0.290000     0.076223
0.280000     0.075560
0.270000     0.074896
0.260000     0.074215
0.250000     0.073533
0.240000     0.072454
0.230000     0.071374
0.220000     0.070278
0.210000     0.069179
0.200000     0.068079
0.190000     0.066550
0.180000     0.064999
0.170000     0.063446
0.160000     0.061894
0.150000     0.060333
0.140000     0.058204
0.130000     0.056076
0.120000     0.053946
0.110000     0.051786
0.100000     0.049626
0.090000     0.046976
0.080000     0.044292
0.070000     0.041340
0.060000     0.038093
0.050000     0.034827
0.040000     0.030753
0.030000     0.026645
0.020000     0.021762
0.010000     0.014071
0.000000     0.000149
0.010000     -0.006010
0.020000     -0.008959
0.030000     -0.010319
0.040000     -0.011070
0.050000     -0.011818
0.060000     -0.011858
0.070000     -0.011897
0.080000     -0.011800
0.090000     -0.011560
0.100000     -0.011325
0.110000     -0.010859
0.120000     -0.010393
0.130000     -0.009934
0.140000     -0.009476
0.150000     -0.009017
0.160000     -0.008432
0.170000     -0.007851
0.180000     -0.007270
0.190000     -0.006690
0.200000     -0.006115
0.210000     -0.005479
0.220000     -0.004842
0.230000     -0.004207
0.240000     -0.003574
0.250000     -0.002946
0.260000     -0.002397
0.270000     -0.001848
0.280000     -0.001302
0.290000     -0.000756
0.300000     -0.000215
0.310000     0.000212
0.320000     0.000636
0.330000     0.001060
0.340000     0.001483
0.350000     0.001906
0.360000     0.002318
0.370000     0.002728
0.380000     0.003138
0.390000     0.003548
0.400000     0.003957
0.410000     0.004222
0.420000     0.004479
0.430000     0.004736
0.440000     0.004992
0.450000     0.005249
0.460000     0.005505
0.470000     0.005750
0.480000     0.005992
0.490000     0.006234
0.500000     0.006476
0.510000     0.006653
0.520000     0.006829
0.530000     0.006994
0.540000     0.007157
0.550000     0.007321
0.560000     0.007483
0.570000     0.007644
0.580000     0.007803
0.590000     0.007950
0.600000     0.008097
0.610000     0.008146
0.620000     0.008195
0.630000     0.008244
0.640000     0.008287
0.650000     0.008322
0.660000     0.008354
0.670000     0.008386
0.680000     0.008418
0.690000     0.008451
0.700000     0.008468
0.710000     0.008363
0.720000     0.008258
0.730000     0.008154
0.740000     0.008049
0.750000     0.007932
0.760000     0.007808
0.770000     0.007684
0.780000     0.007560
0.790000     0.007434
0.800000     0.007296
0.810000     0.007028
0.820000     0.006759
0.830000     0.006488
0.840000     0.006216
0.850000     0.005925
0.860000     0.005632
0.870000     0.005337
0.880000     0.005042
0.890000     0.004725
0.900000     0.004402
0.910000     0.003998
0.920000     0.003584
0.930000     0.003144
0.940000     0.002705
0.950000     0.002249
0.960000     0.001684
0.970000     0.001111
0.980000     0.000494
0.990000     -0.000143
1.000000     -0.000805
