Airfoil_rR0.763167.txt
1.000000     0.000634
0.990000     0.004043
0.980000     0.007394
0.970000     0.010495
0.960000     0.013448
0.950000     0.016130
0.940000     0.018665
0.930000     0.021024
0.920000     0.023382
0.910000     0.025637
0.900000     0.027850
0.890000     0.029909
0.880000     0.031864
0.870000     0.033797
0.860000     0.035730
0.850000     0.037601
0.840000     0.039435
0.830000     0.041263
0.820000     0.043087
0.810000     0.044823
0.800000     0.046559
0.790000     0.048096
0.780000     0.049618
0.770000     0.051071
0.760000     0.052523
0.750000     0.053976
0.740000     0.055426
0.730000     0.056795
0.720000     0.058161
0.710000     0.059528
0.700000     0.060894
0.690000     0.062037
0.680000     0.063143
0.670000     0.064250
0.660000     0.065356
0.650000     0.066463
0.640000     0.067495
0.630000     0.068523
0.620000     0.069549
0.610000     0.070576
0.600000     0.071585
0.590000     0.072333
0.580000     0.073080
0.570000     0.073824
0.560000     0.074568
0.550000     0.075282
0.540000     0.075950
0.530000     0.076618
0.520000     0.077286
0.510000     0.077951
0.500000     0.078578
0.490000     0.078944
0.480000     0.079310
0.470000     0.079676
0.460000     0.080042
0.450000     0.080355
0.440000     0.080637
0.430000     0.080920
0.420000     0.081203
0.410000     0.081486
0.400000     0.081706
0.390000     0.081573
0.380000     0.081440
0.370000     0.081307
0.360000     0.081171
0.350000     0.080951
0.340000     0.080730
0.330000     0.080507
0.320000     0.080285
0.310000     0.080023
0.300000     0.079711
0.290000     0.079058
0.280000     0.078405
0.270000     0.077748
0.260000     0.076993
0.250000     0.076237
0.240000     0.075214
0.230000     0.074189
0.220000     0.073072
0.210000     0.071937
0.200000     0.070802
0.190000     0.069363
0.180000     0.067806
0.170000     0.066238
0.160000     0.064671
0.150000     0.063059
0.140000     0.060953
0.130000     0.058847
0.120000     0.056737
0.110000     0.054455
0.100000     0.052172
0.090000     0.049510
0.080000     0.046655
0.070000     0.043603
0.060000     0.040197
0.050000     0.036675
0.040000     0.032389
0.030000     0.027900
0.020000     0.022485
0.010000     0.014526
0.000000     0.000934
0.010000     -0.006545
0.020000     -0.009188
0.030000     -0.010271
0.040000     -0.010773
0.050000     -0.011232
0.060000     -0.011105
0.070000     -0.010949
0.080000     -0.010678
0.090000     -0.010271
0.100000     -0.009868
0.110000     -0.009259
0.120000     -0.008653
0.130000     -0.008063
0.140000     -0.007473
0.150000     -0.006882
0.160000     -0.006166
0.170000     -0.005467
0.180000     -0.004767
0.190000     -0.004068
0.200000     -0.003382
0.210000     -0.002639
0.220000     -0.001897
0.230000     -0.001155
0.240000     -0.000417
0.250000     0.000296
0.260000     0.000972
0.270000     0.001648
0.280000     0.002320
0.290000     0.002991
0.300000     0.003640
0.310000     0.004232
0.320000     0.004823
0.330000     0.005411
0.340000     0.005999
0.350000     0.006583
0.360000     0.007111
0.370000     0.007635
0.380000     0.008159
0.390000     0.008682
0.400000     0.009206
0.410000     0.009652
0.420000     0.010063
0.430000     0.010474
0.440000     0.010885
0.450000     0.011296
0.460000     0.011705
0.470000     0.012060
0.480000     0.012397
0.490000     0.012734
0.500000     0.013072
0.510000     0.013397
0.520000     0.013720
0.530000     0.013975
0.540000     0.014227
0.550000     0.014478
0.560000     0.014728
0.570000     0.014976
0.580000     0.015213
0.590000     0.015381
0.600000     0.015550
0.610000     0.015681
0.620000     0.015810
0.630000     0.015940
0.640000     0.016036
0.650000     0.016085
0.660000     0.016131
0.670000     0.016176
0.680000     0.016222
0.690000     0.016268
0.700000     0.016235
0.710000     0.016135
0.720000     0.016034
0.730000     0.015934
0.740000     0.015833
0.750000     0.015676
0.760000     0.015479
0.770000     0.015283
0.780000     0.015086
0.790000     0.014886
0.800000     0.014623
0.810000     0.014262
0.820000     0.013900
0.830000     0.013535
0.840000     0.013169
0.850000     0.012690
0.860000     0.012209
0.870000     0.011724
0.880000     0.011240
0.890000     0.010635
0.900000     0.010008
0.910000     0.009347
0.920000     0.008639
0.930000     0.007799
0.940000     0.006959
0.950000     0.006051
0.960000     0.004921
0.970000     0.003778
0.980000     0.002405
0.990000     0.000952
1.000000     -0.000634
