Airfoil_rR0.789867.txt
1.000000     0.000676
0.990000     0.003887
0.980000     0.007047
0.970000     0.010001
0.960000     0.012830
0.950000     0.015437
0.940000     0.017889
0.930000     0.020195
0.920000     0.022502
0.910000     0.024720
0.900000     0.026904
0.890000     0.028915
0.880000     0.030843
0.870000     0.032749
0.860000     0.034655
0.850000     0.036510
0.840000     0.038335
0.830000     0.040152
0.820000     0.041966
0.810000     0.043708
0.800000     0.045450
0.790000     0.046971
0.780000     0.048477
0.770000     0.049927
0.760000     0.051378
0.750000     0.052828
0.740000     0.054275
0.730000     0.055654
0.720000     0.057032
0.710000     0.058409
0.700000     0.059786
0.690000     0.060927
0.680000     0.062036
0.670000     0.063145
0.660000     0.064255
0.650000     0.065364
0.640000     0.066413
0.630000     0.067457
0.620000     0.068498
0.610000     0.069540
0.600000     0.070568
0.590000     0.071322
0.580000     0.072076
0.570000     0.072826
0.560000     0.073575
0.550000     0.074300
0.540000     0.074987
0.530000     0.075674
0.520000     0.076362
0.510000     0.077044
0.500000     0.077696
0.490000     0.078071
0.480000     0.078445
0.470000     0.078819
0.460000     0.079192
0.450000     0.079521
0.440000     0.079826
0.430000     0.080131
0.420000     0.080436
0.410000     0.080740
0.400000     0.080993
0.390000     0.080859
0.380000     0.080726
0.370000     0.080592
0.360000     0.080456
0.350000     0.080252
0.340000     0.080044
0.330000     0.079837
0.320000     0.079629
0.310000     0.079389
0.300000     0.079107
0.290000     0.078450
0.280000     0.077791
0.270000     0.077130
0.260000     0.076388
0.250000     0.075646
0.240000     0.074608
0.230000     0.073569
0.220000     0.072454
0.210000     0.071325
0.200000     0.070195
0.190000     0.068734
0.180000     0.067176
0.170000     0.065610
0.160000     0.064043
0.150000     0.062440
0.140000     0.060327
0.130000     0.058214
0.120000     0.056098
0.110000     0.053841
0.100000     0.051584
0.090000     0.048922
0.080000     0.046104
0.070000     0.043072
0.060000     0.039700
0.050000     0.036234
0.040000     0.031993
0.030000     0.027587
0.020000     0.022290
0.010000     0.014393
0.000000     0.000744
0.010000     -0.006396
0.020000     -0.009092
0.030000     -0.010219
0.040000     -0.010763
0.050000     -0.011278
0.060000     -0.011180
0.070000     -0.011061
0.080000     -0.010823
0.090000     -0.010448
0.100000     -0.010081
0.110000     -0.009499
0.120000     -0.008920
0.130000     -0.008359
0.140000     -0.007798
0.150000     -0.007236
0.160000     -0.006548
0.170000     -0.005874
0.180000     -0.005200
0.190000     -0.004526
0.200000     -0.003867
0.210000     -0.003147
0.220000     -0.002427
0.230000     -0.001708
0.240000     -0.000995
0.250000     -0.000302
0.260000     0.000347
0.270000     0.000997
0.280000     0.001640
0.290000     0.002282
0.300000     0.002907
0.310000     0.003466
0.320000     0.004022
0.330000     0.004575
0.340000     0.005128
0.350000     0.005677
0.360000     0.006181
0.370000     0.006679
0.380000     0.007177
0.390000     0.007675
0.400000     0.008173
0.410000     0.008582
0.420000     0.008960
0.430000     0.009339
0.440000     0.009718
0.450000     0.010096
0.460000     0.010473
0.470000     0.010803
0.480000     0.011120
0.490000     0.011437
0.500000     0.011753
0.510000     0.012047
0.520000     0.012339
0.530000     0.012576
0.540000     0.012809
0.550000     0.013042
0.560000     0.013273
0.570000     0.013501
0.580000     0.013721
0.590000     0.013885
0.600000     0.014049
0.610000     0.014162
0.620000     0.014275
0.630000     0.014388
0.640000     0.014473
0.650000     0.014520
0.660000     0.014562
0.670000     0.014604
0.680000     0.014646
0.690000     0.014688
0.700000     0.014666
0.710000     0.014564
0.720000     0.014463
0.730000     0.014362
0.740000     0.014261
0.750000     0.014111
0.760000     0.013930
0.770000     0.013748
0.780000     0.013566
0.790000     0.013379
0.800000     0.013142
0.810000     0.012801
0.820000     0.012460
0.830000     0.012113
0.840000     0.011766
0.850000     0.011326
0.860000     0.010884
0.870000     0.010438
0.880000     0.009991
0.890000     0.009447
0.900000     0.008880
0.910000     0.008272
0.920000     0.007624
0.930000     0.006866
0.940000     0.006108
0.950000     0.005290
0.960000     0.004277
0.970000     0.003245
0.980000     0.002023
0.990000     0.000728
1.000000     -0.000676
