Airfoil_rR0.309450.txt
1.000000     0.000000
0.990000     0.005103
0.980000     0.010189
0.970000     0.014488
0.960000     0.018588
0.950000     0.021730
0.940000     0.024986
0.930000     0.027705
0.920000     0.030423
0.910000     0.032956
0.900000     0.035411
0.890000     0.037866
0.880000     0.039982
0.870000     0.042192
0.860000     0.044402
0.850000     0.046392
0.840000     0.048250
0.830000     0.050252
0.820000     0.052242
0.810000     0.053918
0.800000     0.055594
0.790000     0.057326
0.780000     0.059095
0.770000     0.060618
0.760000     0.062141
0.750000     0.063664
0.740000     0.065237
0.730000     0.066597
0.720000     0.067948
0.710000     0.069299
0.700000     0.070650
0.690000     0.071868
0.680000     0.073069
0.670000     0.074270
0.660000     0.075472
0.650000     0.076673
0.640000     0.077613
0.630000     0.078603
0.620000     0.079636
0.610000     0.080670
0.600000     0.081644
0.590000     0.082421
0.580000     0.083197
0.570000     0.084061
0.560000     0.084939
0.550000     0.085711
0.540000     0.086321
0.530000     0.086932
0.520000     0.087547
0.510000     0.088249
0.500000     0.088818
0.490000     0.089260
0.480000     0.089703
0.470000     0.090145
0.460000     0.090609
0.450000     0.090964
0.440000     0.091214
0.430000     0.091463
0.420000     0.091712
0.410000     0.091961
0.400000     0.092033
0.390000     0.092084
0.380000     0.092135
0.370000     0.092186
0.360000     0.092223
0.350000     0.091969
0.340000     0.091787
0.330000     0.091610
0.320000     0.091433
0.310000     0.091115
0.300000     0.090617
0.290000     0.090159
0.280000     0.089728
0.270000     0.089288
0.260000     0.088496
0.250000     0.087704
0.240000     0.086943
0.230000     0.086213
0.220000     0.085155
0.210000     0.084034
0.200000     0.082912
0.190000     0.081831
0.180000     0.080342
0.170000     0.078816
0.160000     0.077291
0.150000     0.075627
0.140000     0.073624
0.130000     0.071620
0.120000     0.069602
0.110000     0.066985
0.100000     0.064373
0.090000     0.061682
0.080000     0.058305
0.070000     0.054914
0.060000     0.050974
0.050000     0.046572
0.040000     0.041573
0.030000     0.035778
0.020000     0.028485
0.010000     0.019028
0.000000     0.004206
0.010000     -0.011162
0.020000     -0.014474
0.030000     -0.016264
0.040000     -0.017159
0.050000     -0.017604
0.060000     -0.017746
0.070000     -0.017613
0.080000     -0.017281
0.090000     -0.016911
0.100000     -0.016275
0.110000     -0.015611
0.120000     -0.014960
0.130000     -0.014116
0.140000     -0.013266
0.150000     -0.012416
0.160000     -0.011487
0.170000     -0.010551
0.180000     -0.009616
0.190000     -0.008668
0.200000     -0.007596
0.210000     -0.006634
0.220000     -0.005671
0.230000     -0.004687
0.240000     -0.003583
0.250000     -0.002564
0.260000     -0.001633
0.270000     -0.000701
0.280000     0.000357
0.290000     0.001419
0.300000     0.002402
0.310000     0.003279
0.320000     0.004221
0.330000     0.005214
0.340000     0.006207
0.350000     0.007185
0.360000     0.007963
0.370000     0.008847
0.380000     0.009736
0.390000     0.010625
0.400000     0.011513
0.410000     0.012316
0.420000     0.013085
0.430000     0.013854
0.440000     0.014622
0.450000     0.015391
0.460000     0.016198
0.470000     0.016882
0.480000     0.017505
0.490000     0.018129
0.500000     0.018752
0.510000     0.019422
0.520000     0.020138
0.530000     0.020617
0.540000     0.021081
0.550000     0.021545
0.560000     0.022067
0.570000     0.022628
0.580000     0.023149
0.590000     0.023429
0.600000     0.023709
0.610000     0.024061
0.620000     0.024434
0.630000     0.024807
0.640000     0.025059
0.650000     0.025150
0.660000     0.025336
0.670000     0.025522
0.680000     0.025707
0.690000     0.025893
0.700000     0.025848
0.710000     0.025817
0.720000     0.025787
0.730000     0.025756
0.740000     0.025729
0.750000     0.025616
0.760000     0.025363
0.770000     0.025109
0.780000     0.024856
0.790000     0.024692
0.800000     0.024324
0.810000     0.023802
0.820000     0.023280
0.830000     0.022872
0.840000     0.022468
0.850000     0.021662
0.860000     0.020904
0.870000     0.020224
0.880000     0.019545
0.890000     0.018464
0.900000     0.017450
0.910000     0.016436
0.920000     0.015309
0.930000     0.013857
0.940000     0.012406
0.950000     0.010965
0.960000     0.008914
0.970000     0.007209
0.980000     0.004889
0.990000     0.002642
1.000000     0.000000
