Airfoil_rR0.576350.txt
1.000000     0.000040
0.990000     0.004908
0.980000     0.009728
0.970000     0.013848
0.960000     0.017736
0.950000     0.020794
0.940000     0.023899
0.930000     0.026523
0.920000     0.029146
0.910000     0.031575
0.900000     0.033925
0.890000     0.036267
0.880000     0.038312
0.870000     0.040406
0.860000     0.042500
0.850000     0.044404
0.840000     0.046193
0.830000     0.048078
0.820000     0.049952
0.810000     0.051554
0.800000     0.053155
0.790000     0.054785
0.780000     0.056432
0.770000     0.057865
0.760000     0.059298
0.750000     0.060731
0.740000     0.062197
0.730000     0.063465
0.720000     0.064725
0.710000     0.065984
0.700000     0.067244
0.690000     0.068378
0.680000     0.069477
0.670000     0.070576
0.660000     0.071675
0.650000     0.072774
0.640000     0.073647
0.630000     0.074551
0.620000     0.075483
0.610000     0.076416
0.600000     0.077298
0.590000     0.077998
0.580000     0.078699
0.570000     0.079457
0.560000     0.080225
0.550000     0.080901
0.540000     0.081437
0.530000     0.081973
0.520000     0.082512
0.510000     0.083108
0.500000     0.083590
0.490000     0.083951
0.480000     0.084312
0.470000     0.084672
0.460000     0.085048
0.450000     0.085315
0.440000     0.085490
0.430000     0.085665
0.420000     0.085841
0.410000     0.086016
0.400000     0.086029
0.390000     0.086001
0.380000     0.085973
0.370000     0.085945
0.360000     0.085905
0.350000     0.085612
0.340000     0.085367
0.330000     0.085126
0.320000     0.084884
0.310000     0.084521
0.300000     0.084002
0.290000     0.083492
0.280000     0.083001
0.270000     0.082502
0.260000     0.081699
0.250000     0.080895
0.240000     0.080099
0.230000     0.079324
0.220000     0.078264
0.210000     0.077149
0.200000     0.076035
0.190000     0.074931
0.180000     0.073472
0.170000     0.071981
0.160000     0.070491
0.150000     0.068877
0.140000     0.066944
0.130000     0.065011
0.120000     0.063066
0.110000     0.060599
0.100000     0.058136
0.090000     0.055585
0.080000     0.052440
0.070000     0.049275
0.060000     0.045623
0.050000     0.041580
0.040000     0.036990
0.030000     0.031725
0.020000     0.025158
0.010000     0.016663
0.000000     0.003479
0.010000     -0.008792
0.020000     -0.011171
0.030000     -0.012272
0.040000     -0.012668
0.050000     -0.012729
0.060000     -0.012531
0.070000     -0.012127
0.080000     -0.011582
0.090000     -0.010995
0.100000     -0.010229
0.110000     -0.009429
0.120000     -0.008639
0.130000     -0.007727
0.140000     -0.006812
0.150000     -0.005897
0.160000     -0.004927
0.170000     -0.003963
0.180000     -0.002999
0.190000     -0.002027
0.200000     -0.000978
0.210000     -0.000016
0.220000     0.000946
0.230000     0.001924
0.240000     0.002979
0.250000     0.003962
0.260000     0.004872
0.270000     0.005782
0.280000     0.006776
0.290000     0.007772
0.300000     0.008700
0.310000     0.009540
0.320000     0.010423
0.330000     0.011339
0.340000     0.012256
0.350000     0.013160
0.360000     0.013890
0.370000     0.014691
0.380000     0.015494
0.390000     0.016298
0.400000     0.017102
0.410000     0.017829
0.420000     0.018511
0.430000     0.019193
0.440000     0.019875
0.450000     0.020557
0.460000     0.021264
0.470000     0.021852
0.480000     0.022387
0.490000     0.022922
0.500000     0.023457
0.510000     0.024025
0.520000     0.024625
0.530000     0.025018
0.540000     0.025399
0.550000     0.025780
0.560000     0.026199
0.570000     0.026644
0.580000     0.027054
0.590000     0.027256
0.600000     0.027457
0.610000     0.027707
0.620000     0.027972
0.630000     0.028236
0.640000     0.028396
0.650000     0.028415
0.660000     0.028498
0.670000     0.028580
0.680000     0.028662
0.690000     0.028744
0.700000     0.028617
0.710000     0.028493
0.720000     0.028368
0.730000     0.028243
0.740000     0.028121
0.750000     0.027904
0.760000     0.027565
0.770000     0.027226
0.780000     0.026887
0.790000     0.026606
0.800000     0.026147
0.810000     0.025554
0.820000     0.024961
0.830000     0.024444
0.840000     0.023929
0.850000     0.023066
0.860000     0.022234
0.870000     0.021455
0.880000     0.020675
0.890000     0.019544
0.900000     0.018443
0.910000     0.017343
0.920000     0.016136
0.930000     0.014621
0.940000     0.013106
0.950000     0.011555
0.960000     0.009466
0.970000     0.007606
0.980000     0.005177
0.990000     0.002747
1.000000     -0.000040
