Airfoil_rR0.336133.txt
1.000000     0.000898
0.990000     0.005638
0.980000     0.010363
0.970000     0.014577
0.960000     0.018653
0.950000     0.022110
0.940000     0.025542
0.930000     0.028624
0.920000     0.031707
0.910000     0.034664
0.900000     0.037570
0.890000     0.040330
0.880000     0.042870
0.870000     0.045466
0.860000     0.048063
0.850000     0.050517
0.840000     0.052886
0.830000     0.055344
0.820000     0.057794
0.810000     0.060041
0.800000     0.062289
0.790000     0.064391
0.780000     0.066515
0.770000     0.068480
0.760000     0.070444
0.750000     0.072409
0.740000     0.074405
0.730000     0.076261
0.720000     0.078112
0.710000     0.079962
0.700000     0.081812
0.690000     0.083412
0.680000     0.084998
0.670000     0.086584
0.660000     0.088171
0.650000     0.089757
0.640000     0.091174
0.630000     0.092622
0.620000     0.094097
0.610000     0.095572
0.600000     0.097008
0.590000     0.098120
0.580000     0.099232
0.570000     0.100398
0.560000     0.101572
0.550000     0.102679
0.540000     0.103680
0.530000     0.104682
0.520000     0.105687
0.510000     0.106745
0.500000     0.107717
0.490000     0.108381
0.480000     0.109046
0.470000     0.109710
0.460000     0.110388
0.450000     0.110993
0.440000     0.111530
0.430000     0.112067
0.420000     0.112603
0.410000     0.113140
0.400000     0.113561
0.390000     0.113644
0.380000     0.113727
0.370000     0.113810
0.360000     0.113884
0.350000     0.113770
0.340000     0.113700
0.330000     0.113633
0.320000     0.113567
0.310000     0.113409
0.300000     0.113135
0.290000     0.112550
0.280000     0.111982
0.270000     0.111407
0.260000     0.110606
0.250000     0.109804
0.240000     0.108755
0.230000     0.107724
0.220000     0.106481
0.210000     0.105198
0.200000     0.103915
0.190000     0.102312
0.180000     0.100446
0.170000     0.098556
0.160000     0.096666
0.150000     0.094687
0.140000     0.092030
0.130000     0.089372
0.120000     0.086706
0.110000     0.083652
0.100000     0.080601
0.090000     0.077052
0.080000     0.073059
0.070000     0.068806
0.060000     0.063948
0.050000     0.058791
0.040000     0.052408
0.030000     0.045513
0.020000     0.036901
0.010000     0.024296
0.000000     0.002694
0.010000     -0.016357
0.020000     -0.023339
0.030000     -0.027183
0.040000     -0.029751
0.050000     -0.032037
0.060000     -0.033317
0.070000     -0.034424
0.080000     -0.035205
0.090000     -0.035756
0.100000     -0.036142
0.110000     -0.036158
0.120000     -0.036183
0.130000     -0.036089
0.140000     -0.035991
0.150000     -0.035894
0.160000     -0.035446
0.170000     -0.034997
0.180000     -0.034548
0.190000     -0.034090
0.200000     -0.033558
0.210000     -0.032887
0.220000     -0.032216
0.230000     -0.031531
0.240000     -0.030773
0.250000     -0.030070
0.260000     -0.029331
0.270000     -0.028593
0.280000     -0.027776
0.290000     -0.026957
0.300000     -0.026188
0.310000     -0.025382
0.320000     -0.024536
0.330000     -0.023659
0.340000     -0.022781
0.350000     -0.021913
0.360000     -0.021174
0.370000     -0.020370
0.380000     -0.019563
0.390000     -0.018757
0.400000     -0.017950
0.410000     -0.017115
0.420000     -0.016304
0.430000     -0.015494
0.440000     -0.014683
0.450000     -0.013873
0.460000     -0.013039
0.470000     -0.012286
0.480000     -0.011573
0.490000     -0.010859
0.500000     -0.010145
0.510000     -0.009326
0.520000     -0.008477
0.530000     -0.007782
0.540000     -0.007096
0.550000     -0.006411
0.560000     -0.005689
0.570000     -0.004944
0.580000     -0.004225
0.590000     -0.003661
0.600000     -0.003097
0.610000     -0.002444
0.620000     -0.001778
0.630000     -0.001112
0.640000     -0.000523
0.650000     -0.000039
0.660000     0.000503
0.670000     0.001045
0.680000     0.001587
0.690000     0.002130
0.700000     0.002521
0.710000     0.002937
0.720000     0.003352
0.730000     0.003767
0.740000     0.004184
0.750000     0.004543
0.760000     0.004812
0.770000     0.005080
0.780000     0.005348
0.790000     0.005671
0.800000     0.005863
0.810000     0.005975
0.820000     0.006088
0.830000     0.006270
0.840000     0.006455
0.850000     0.006381
0.860000     0.006336
0.870000     0.006339
0.880000     0.006343
0.890000     0.006086
0.900000     0.005869
0.910000     0.005679
0.920000     0.005415
0.930000     0.004937
0.940000     0.004459
0.950000     0.003981
0.960000     0.003113
0.970000     0.002458
0.980000     0.001400
0.990000     0.000380
1.000000     -0.000898
