Airfoil_rR1.000000.txt
1.000000     0.001082
0.990000     0.003531
0.980000     0.005981
0.970000     0.008431
0.960000     0.010881
0.950000     0.013330
0.940000     0.015592
0.930000     0.017853
0.920000     0.020115
0.910000     0.022376
0.900000     0.024638
0.890000     0.026621
0.880000     0.028603
0.870000     0.030586
0.860000     0.032568
0.850000     0.034551
0.840000     0.036533
0.830000     0.038516
0.820000     0.040498
0.810000     0.042481
0.800000     0.044463
0.790000     0.046090
0.780000     0.047717
0.770000     0.049344
0.760000     0.050971
0.750000     0.052598
0.740000     0.054225
0.730000     0.055852
0.720000     0.057479
0.710000     0.059106
0.700000     0.060732
0.690000     0.062031
0.680000     0.063330
0.670000     0.064629
0.660000     0.065927
0.650000     0.067226
0.640000     0.068525
0.630000     0.069824
0.620000     0.071122
0.610000     0.072421
0.600000     0.073720
0.590000     0.074648
0.580000     0.075576
0.570000     0.076504
0.560000     0.077433
0.550000     0.078361
0.540000     0.079289
0.530000     0.080217
0.520000     0.081145
0.510000     0.082073
0.500000     0.083002
0.490000     0.083527
0.480000     0.084052
0.470000     0.084577
0.460000     0.085102
0.450000     0.085627
0.440000     0.086152
0.430000     0.086678
0.420000     0.087203
0.410000     0.087728
0.400000     0.088253
0.390000     0.088178
0.380000     0.088102
0.370000     0.088027
0.360000     0.087952
0.350000     0.087876
0.340000     0.087801
0.330000     0.087726
0.320000     0.087651
0.310000     0.087575
0.300000     0.087500
0.290000     0.086818
0.280000     0.086137
0.270000     0.085455
0.260000     0.084774
0.250000     0.084092
0.240000     0.082935
0.230000     0.081777
0.220000     0.080619
0.210000     0.079461
0.200000     0.078303
0.190000     0.076613
0.180000     0.074922
0.170000     0.073232
0.160000     0.071541
0.150000     0.069850
0.140000     0.067472
0.130000     0.065094
0.120000     0.062716
0.110000     0.060338
0.100000     0.057959
0.090000     0.054959
0.080000     0.051958
0.070000     0.048613
0.060000     0.044923
0.050000     0.041233
0.040000     0.036505
0.030000     0.031777
0.020000     0.026107
0.010000     0.016919
0.000000     0.000000
0.010000     -0.008839
0.020000     -0.013427
0.030000     -0.015777
0.040000     -0.017305
0.050000     -0.018833
0.060000     -0.019403
0.070000     -0.019973
0.080000     -0.020338
0.090000     -0.020499
0.100000     -0.020659
0.110000     -0.020478
0.120000     -0.020296
0.130000     -0.020114
0.140000     -0.019932
0.150000     -0.019750
0.160000     -0.019341
0.170000     -0.018932
0.180000     -0.018522
0.190000     -0.018113
0.200000     -0.017703
0.210000     -0.017161
0.220000     -0.016619
0.230000     -0.016077
0.240000     -0.015535
0.250000     -0.014992
0.260000     -0.014494
0.270000     -0.013995
0.280000     -0.013497
0.290000     -0.012998
0.300000     -0.012500
0.310000     -0.012075
0.320000     -0.011651
0.330000     -0.011226
0.340000     -0.010801
0.350000     -0.010376
0.360000     -0.009952
0.370000     -0.009527
0.380000     -0.009102
0.390000     -0.008678
0.400000     -0.008253
0.410000     -0.007938
0.420000     -0.007623
0.430000     -0.007308
0.440000     -0.006992
0.450000     -0.006677
0.460000     -0.006362
0.470000     -0.006047
0.480000     -0.005732
0.490000     -0.005417
0.500000     -0.005102
0.510000     -0.004823
0.520000     -0.004545
0.530000     -0.004267
0.540000     -0.003989
0.550000     -0.003711
0.560000     -0.003433
0.570000     -0.003154
0.580000     -0.002876
0.590000     -0.002598
0.600000     -0.002320
0.610000     -0.002121
0.620000     -0.001922
0.630000     -0.001724
0.640000     -0.001525
0.650000     -0.001326
0.660000     -0.001127
0.670000     -0.000929
0.680000     -0.000730
0.690000     -0.000531
0.700000     -0.000332
0.710000     -0.000246
0.720000     -0.000159
0.730000     -0.000072
0.740000     0.000015
0.750000     0.000102
0.760000     0.000189
0.770000     0.000276
0.780000     0.000363
0.790000     0.000450
0.800000     0.000537
0.810000     0.000509
0.820000     0.000482
0.830000     0.000454
0.840000     0.000427
0.850000     0.000399
0.860000     0.000372
0.870000     0.000344
0.880000     0.000317
0.890000     0.000289
0.900000     0.000262
0.910000     0.000164
0.920000     0.000065
0.930000     -0.000033
0.940000     -0.000132
0.950000     -0.000230
0.960000     -0.000401
0.970000     -0.000571
0.980000     -0.000741
0.990000     -0.000911
1.000000     -0.001082
