Airfoil_rR0.789867.txt
1.000000     0.001079
0.990000     0.003527
0.980000     0.005974
0.970000     0.008422
0.960000     0.010869
0.950000     0.013317
0.940000     0.015576
0.930000     0.017836
0.920000     0.020095
0.910000     0.022354
0.900000     0.024614
0.890000     0.026594
0.880000     0.028575
0.870000     0.030555
0.860000     0.032536
0.850000     0.034517
0.840000     0.036497
0.830000     0.038478
0.820000     0.040458
0.810000     0.042439
0.800000     0.044419
0.790000     0.046045
0.780000     0.047670
0.770000     0.049295
0.760000     0.050920
0.750000     0.052545
0.740000     0.054171
0.730000     0.055796
0.720000     0.057421
0.710000     0.059046
0.700000     0.060671
0.690000     0.061969
0.680000     0.063266
0.670000     0.064563
0.660000     0.065860
0.650000     0.067158
0.640000     0.068455
0.630000     0.069752
0.620000     0.071049
0.610000     0.072347
0.600000     0.073644
0.590000     0.074571
0.580000     0.075498
0.570000     0.076425
0.560000     0.077352
0.550000     0.078279
0.540000     0.079206
0.530000     0.080133
0.520000     0.081060
0.510000     0.081987
0.500000     0.082913
0.490000     0.083438
0.480000     0.083962
0.470000     0.084486
0.460000     0.085011
0.450000     0.085535
0.440000     0.086059
0.430000     0.086584
0.420000     0.087108
0.410000     0.087632
0.400000     0.088156
0.390000     0.088081
0.380000     0.088005
0.370000     0.087929
0.360000     0.087854
0.350000     0.087778
0.340000     0.087703
0.330000     0.087627
0.320000     0.087551
0.310000     0.087476
0.300000     0.087400
0.290000     0.086719
0.280000     0.086037
0.270000     0.085356
0.260000     0.084675
0.250000     0.083993
0.240000     0.082836
0.230000     0.081679
0.220000     0.080522
0.210000     0.079365
0.200000     0.078207
0.190000     0.076518
0.180000     0.074829
0.170000     0.073139
0.160000     0.071450
0.150000     0.069761
0.140000     0.067385
0.130000     0.065009
0.120000     0.062633
0.110000     0.060257
0.100000     0.057881
0.090000     0.054883
0.080000     0.051886
0.070000     0.048544
0.060000     0.044859
0.050000     0.041173
0.040000     0.036451
0.030000     0.031729
0.020000     0.026068
0.010000     0.016893
0.000000     0.000000
0.010000     -0.008813
0.020000     -0.013388
0.030000     -0.015729
0.040000     -0.017251
0.050000     -0.018773
0.060000     -0.019339
0.070000     -0.019904
0.080000     -0.020266
0.090000     -0.020423
0.100000     -0.020581
0.110000     -0.020397
0.120000     -0.020213
0.130000     -0.020029
0.140000     -0.019845
0.150000     -0.019661
0.160000     -0.019250
0.170000     -0.018839
0.180000     -0.018429
0.190000     -0.018018
0.200000     -0.017607
0.210000     -0.017065
0.220000     -0.016522
0.230000     -0.015979
0.240000     -0.015436
0.250000     -0.014893
0.260000     -0.014395
0.270000     -0.013896
0.280000     -0.013397
0.290000     -0.012899
0.300000     -0.012400
0.310000     -0.011976
0.320000     -0.011551
0.330000     -0.011127
0.340000     -0.010703
0.350000     -0.010278
0.360000     -0.009854
0.370000     -0.009429
0.380000     -0.009005
0.390000     -0.008581
0.400000     -0.008156
0.410000     -0.007842
0.420000     -0.007528
0.430000     -0.007214
0.440000     -0.006899
0.450000     -0.006585
0.460000     -0.006271
0.470000     -0.005956
0.480000     -0.005642
0.490000     -0.005328
0.500000     -0.005013
0.510000     -0.004737
0.520000     -0.004460
0.530000     -0.004183
0.540000     -0.003906
0.550000     -0.003629
0.560000     -0.003352
0.570000     -0.003075
0.580000     -0.002798
0.590000     -0.002521
0.600000     -0.002244
0.610000     -0.002047
0.620000     -0.001849
0.630000     -0.001652
0.640000     -0.001455
0.650000     -0.001258
0.660000     -0.001060
0.670000     -0.000863
0.680000     -0.000666
0.690000     -0.000469
0.700000     -0.000271
0.710000     -0.000186
0.720000     -0.000101
0.730000     -0.000016
0.740000     0.000069
0.750000     0.000155
0.760000     0.000240
0.770000     0.000325
0.780000     0.000410
0.790000     0.000495
0.800000     0.000581
0.810000     0.000551
0.820000     0.000522
0.830000     0.000492
0.840000     0.000463
0.850000     0.000433
0.860000     0.000404
0.870000     0.000375
0.880000     0.000345
0.890000     0.000316
0.900000     0.000286
0.910000     0.000186
0.920000     0.000085
0.930000     -0.000016
0.940000     -0.000116
0.950000     -0.000217
0.960000     -0.000389
0.970000     -0.000562
0.980000     -0.000734
0.990000     -0.000907
1.000000     -0.001079
