Airfoil_rR0.995453.txt
1.000000     0.001080
0.990000     0.003529
0.980000     0.005978
0.970000     0.008426
0.960000     0.010875
0.950000     0.013324
0.940000     0.015584
0.930000     0.017844
0.920000     0.020105
0.910000     0.022365
0.900000     0.024626
0.890000     0.026607
0.880000     0.028589
0.870000     0.030571
0.860000     0.032552
0.850000     0.034534
0.840000     0.036515
0.830000     0.038497
0.820000     0.040478
0.810000     0.042460
0.800000     0.044441
0.790000     0.046067
0.780000     0.047694
0.770000     0.049320
0.760000     0.050946
0.750000     0.052572
0.740000     0.054198
0.730000     0.055824
0.720000     0.057450
0.710000     0.059076
0.700000     0.060702
0.690000     0.062000
0.680000     0.063298
0.670000     0.064596
0.660000     0.065894
0.650000     0.067192
0.640000     0.068490
0.630000     0.069788
0.620000     0.071086
0.610000     0.072384
0.600000     0.073682
0.590000     0.074610
0.580000     0.075537
0.570000     0.076465
0.560000     0.077392
0.550000     0.078320
0.540000     0.079247
0.530000     0.080175
0.520000     0.081102
0.510000     0.082030
0.500000     0.082958
0.490000     0.083482
0.480000     0.084007
0.470000     0.084532
0.460000     0.085056
0.450000     0.085581
0.440000     0.086106
0.430000     0.086631
0.420000     0.087155
0.410000     0.087680
0.400000     0.088205
0.390000     0.088129
0.380000     0.088054
0.370000     0.087978
0.360000     0.087903
0.350000     0.087827
0.340000     0.087752
0.330000     0.087676
0.320000     0.087601
0.310000     0.087525
0.300000     0.087450
0.290000     0.086769
0.280000     0.086087
0.270000     0.085406
0.260000     0.084724
0.250000     0.084043
0.240000     0.082885
0.230000     0.081728
0.220000     0.080570
0.210000     0.079413
0.200000     0.078255
0.190000     0.076565
0.180000     0.074875
0.170000     0.073185
0.160000     0.071495
0.150000     0.069806
0.140000     0.067428
0.130000     0.065051
0.120000     0.062674
0.110000     0.060297
0.100000     0.057920
0.090000     0.054921
0.080000     0.051922
0.070000     0.048579
0.060000     0.044891
0.050000     0.041203
0.040000     0.036478
0.030000     0.031753
0.020000     0.026087
0.010000     0.016906
0.000000     0.000000
0.010000     -0.008826
0.020000     -0.013407
0.030000     -0.015753
0.040000     -0.017278
0.050000     -0.018803
0.060000     -0.019371
0.070000     -0.019939
0.080000     -0.020302
0.090000     -0.020461
0.100000     -0.020620
0.110000     -0.020437
0.120000     -0.020254
0.130000     -0.020071
0.140000     -0.019888
0.150000     -0.019706
0.160000     -0.019295
0.170000     -0.018885
0.180000     -0.018475
0.190000     -0.018065
0.200000     -0.017655
0.210000     -0.017113
0.220000     -0.016570
0.230000     -0.016028
0.240000     -0.015485
0.250000     -0.014943
0.260000     -0.014444
0.270000     -0.013946
0.280000     -0.013447
0.290000     -0.012949
0.300000     -0.012450
0.310000     -0.012025
0.320000     -0.011601
0.330000     -0.011176
0.340000     -0.010752
0.350000     -0.010327
0.360000     -0.009903
0.370000     -0.009478
0.380000     -0.009054
0.390000     -0.008629
0.400000     -0.008205
0.410000     -0.007890
0.420000     -0.007575
0.430000     -0.007261
0.440000     -0.006946
0.450000     -0.006631
0.460000     -0.006316
0.470000     -0.006002
0.480000     -0.005687
0.490000     -0.005372
0.500000     -0.005058
0.510000     -0.004780
0.520000     -0.004502
0.530000     -0.004225
0.540000     -0.003947
0.550000     -0.003670
0.560000     -0.003392
0.570000     -0.003115
0.580000     -0.002837
0.590000     -0.002560
0.600000     -0.002282
0.610000     -0.002084
0.620000     -0.001886
0.630000     -0.001688
0.640000     -0.001490
0.650000     -0.001292
0.660000     -0.001094
0.670000     -0.000896
0.680000     -0.000698
0.690000     -0.000500
0.700000     -0.000302
0.710000     -0.000216
0.720000     -0.000130
0.730000     -0.000044
0.740000     0.000042
0.750000     0.000128
0.760000     0.000214
0.770000     0.000300
0.780000     0.000386
0.790000     0.000473
0.800000     0.000559
0.810000     0.000530
0.820000     0.000502
0.830000     0.000473
0.840000     0.000445
0.850000     0.000416
0.860000     0.000388
0.870000     0.000359
0.880000     0.000331
0.890000     0.000303
0.900000     0.000274
0.910000     0.000175
0.920000     0.000075
0.930000     -0.000024
0.940000     -0.000124
0.950000     -0.000224
0.960000     -0.000395
0.970000     -0.000566
0.980000     -0.000738
0.990000     -0.000909
1.000000     -0.001080
