Airfoil_rR0.416213.txt
1.000000     0.000987
0.990000     0.005099
0.980000     0.009177
0.970000     0.012913
0.960000     0.016519
0.950000     0.019726
0.940000     0.022826
0.930000     0.025688
0.920000     0.028551
0.910000     0.031310
0.900000     0.034027
0.890000     0.036563
0.880000     0.038954
0.870000     0.041359
0.860000     0.043763
0.850000     0.046077
0.840000     0.048335
0.830000     0.050630
0.820000     0.052919
0.810000     0.055077
0.800000     0.057236
0.790000     0.059183
0.780000     0.061133
0.770000     0.062980
0.760000     0.064828
0.750000     0.066675
0.740000     0.068535
0.730000     0.070295
0.720000     0.072051
0.710000     0.073807
0.700000     0.075563
0.690000     0.077055
0.680000     0.078524
0.670000     0.079993
0.660000     0.081462
0.650000     0.082930
0.640000     0.084290
0.630000     0.085662
0.620000     0.087043
0.610000     0.088425
0.600000     0.089783
0.590000     0.090815
0.580000     0.091847
0.570000     0.092900
0.560000     0.093957
0.550000     0.094971
0.540000     0.095917
0.530000     0.096863
0.520000     0.097810
0.510000     0.098779
0.500000     0.099693
0.490000     0.100279
0.480000     0.100865
0.470000     0.101451
0.460000     0.102043
0.450000     0.102578
0.440000     0.103069
0.430000     0.103560
0.420000     0.104051
0.410000     0.104542
0.400000     0.104953
0.390000     0.104950
0.380000     0.104948
0.370000     0.104945
0.360000     0.104937
0.350000     0.104808
0.340000     0.104697
0.330000     0.104587
0.320000     0.104476
0.310000     0.104308
0.300000     0.104065
0.290000     0.103422
0.280000     0.102785
0.270000     0.102145
0.260000     0.101359
0.250000     0.100573
0.240000     0.099470
0.230000     0.098374
0.220000     0.097142
0.210000     0.095884
0.200000     0.094626
0.190000     0.092976
0.180000     0.091156
0.170000     0.089320
0.160000     0.087484
0.150000     0.085588
0.140000     0.083017
0.130000     0.080447
0.120000     0.077870
0.110000     0.075043
0.100000     0.072217
0.090000     0.068850
0.080000     0.065200
0.070000     0.061260
0.060000     0.056809
0.050000     0.052173
0.040000     0.046364
0.030000     0.040237
0.020000     0.032678
0.010000     0.021332
0.000000     0.001613
0.010000     -0.013361
0.020000     -0.019319
0.030000     -0.022445
0.040000     -0.024506
0.050000     -0.026424
0.060000     -0.027359
0.070000     -0.028205
0.080000     -0.028786
0.090000     -0.029134
0.100000     -0.029413
0.110000     -0.029314
0.120000     -0.029219
0.130000     -0.029082
0.140000     -0.028943
0.150000     -0.028804
0.160000     -0.028349
0.170000     -0.027901
0.180000     -0.027453
0.190000     -0.027001
0.200000     -0.026524
0.210000     -0.025886
0.220000     -0.025249
0.230000     -0.024606
0.240000     -0.023933
0.250000     -0.023296
0.260000     -0.022625
0.270000     -0.021955
0.280000     -0.021252
0.290000     -0.020549
0.300000     -0.019879
0.310000     -0.019176
0.320000     -0.018457
0.330000     -0.017726
0.340000     -0.016994
0.350000     -0.016269
0.360000     -0.015627
0.370000     -0.014958
0.380000     -0.014288
0.390000     -0.013619
0.400000     -0.012949
0.410000     -0.012269
0.420000     -0.011616
0.430000     -0.010963
0.440000     -0.010310
0.450000     -0.009657
0.460000     -0.008995
0.470000     -0.008394
0.480000     -0.007818
0.490000     -0.007242
0.500000     -0.006667
0.510000     -0.006021
0.520000     -0.005363
0.530000     -0.004804
0.540000     -0.004251
0.550000     -0.003698
0.560000     -0.003131
0.570000     -0.002554
0.580000     -0.001994
0.590000     -0.001534
0.600000     -0.001073
0.610000     -0.000573
0.620000     -0.000067
0.630000     0.000439
0.640000     0.000895
0.650000     0.001283
0.660000     0.001695
0.670000     0.002107
0.680000     0.002519
0.690000     0.002930
0.700000     0.003239
0.710000     0.003536
0.720000     0.003833
0.730000     0.004130
0.740000     0.004428
0.750000     0.004673
0.760000     0.004860
0.770000     0.005047
0.780000     0.005234
0.790000     0.005443
0.800000     0.005565
0.810000     0.005618
0.820000     0.005671
0.830000     0.005752
0.840000     0.005834
0.850000     0.005750
0.860000     0.005676
0.870000     0.005623
0.880000     0.005569
0.890000     0.005346
0.900000     0.005128
0.910000     0.004919
0.920000     0.004655
0.930000     0.004235
0.940000     0.003815
0.950000     0.003363
0.960000     0.002639
0.970000     0.002001
0.980000     0.001079
0.990000     0.000134
1.000000     -0.000987
