Airfoil_rR0.985360.txt
1.000000     0.001078
0.990000     0.003525
0.980000     0.005971
0.970000     0.008417
0.960000     0.010864
0.950000     0.013310
0.940000     0.015568
0.930000     0.017827
0.920000     0.020085
0.910000     0.022343
0.900000     0.024601
0.890000     0.026581
0.880000     0.028561
0.870000     0.030540
0.860000     0.032520
0.850000     0.034499
0.840000     0.036479
0.830000     0.038459
0.820000     0.040438
0.810000     0.042418
0.800000     0.044398
0.790000     0.046022
0.780000     0.047646
0.770000     0.049271
0.760000     0.050895
0.750000     0.052519
0.740000     0.054144
0.730000     0.055768
0.720000     0.057392
0.710000     0.059017
0.700000     0.060641
0.690000     0.061937
0.680000     0.063234
0.670000     0.064530
0.660000     0.065827
0.650000     0.067123
0.640000     0.068420
0.630000     0.069716
0.620000     0.071013
0.610000     0.072309
0.600000     0.073606
0.590000     0.074532
0.580000     0.075459
0.570000     0.076385
0.560000     0.077311
0.550000     0.078238
0.540000     0.079164
0.530000     0.080090
0.520000     0.081017
0.510000     0.081943
0.500000     0.082869
0.490000     0.083393
0.480000     0.083917
0.470000     0.084441
0.460000     0.084965
0.450000     0.085489
0.440000     0.086013
0.430000     0.086537
0.420000     0.087060
0.410000     0.087584
0.400000     0.088108
0.390000     0.088032
0.380000     0.087957
0.370000     0.087881
0.360000     0.087805
0.350000     0.087729
0.340000     0.087653
0.330000     0.087577
0.320000     0.087502
0.310000     0.087426
0.300000     0.087350
0.290000     0.086669
0.280000     0.085988
0.270000     0.085306
0.260000     0.084625
0.250000     0.083944
0.240000     0.082787
0.230000     0.081630
0.220000     0.080473
0.210000     0.079316
0.200000     0.078159
0.190000     0.076471
0.180000     0.074782
0.170000     0.073093
0.160000     0.071405
0.150000     0.069716
0.140000     0.067341
0.130000     0.064966
0.120000     0.062591
0.110000     0.060216
0.100000     0.057842
0.090000     0.054846
0.080000     0.051850
0.070000     0.048510
0.060000     0.044827
0.050000     0.041143
0.040000     0.036424
0.030000     0.031706
0.020000     0.026048
0.010000     0.016880
0.000000     0.000000
0.010000     -0.008800
0.020000     -0.013368
0.030000     -0.015706
0.040000     -0.017224
0.050000     -0.018743
0.060000     -0.019307
0.070000     -0.019870
0.080000     -0.020230
0.090000     -0.020386
0.100000     -0.020542
0.110000     -0.020356
0.120000     -0.020171
0.130000     -0.019986
0.140000     -0.019801
0.150000     -0.019616
0.160000     -0.019205
0.170000     -0.018793
0.180000     -0.018382
0.190000     -0.017971
0.200000     -0.017559
0.210000     -0.017016
0.220000     -0.016473
0.230000     -0.015930
0.240000     -0.015387
0.250000     -0.014844
0.260000     -0.014345
0.270000     -0.013846
0.280000     -0.013348
0.290000     -0.012849
0.300000     -0.012350
0.310000     -0.011926
0.320000     -0.011502
0.330000     -0.011077
0.340000     -0.010653
0.350000     -0.010229
0.360000     -0.009805
0.370000     -0.009381
0.380000     -0.008957
0.390000     -0.008532
0.400000     -0.008108
0.410000     -0.007794
0.420000     -0.007480
0.430000     -0.007167
0.440000     -0.006853
0.450000     -0.006539
0.460000     -0.006225
0.470000     -0.005911
0.480000     -0.005597
0.490000     -0.005283
0.500000     -0.004969
0.510000     -0.004693
0.520000     -0.004417
0.530000     -0.004140
0.540000     -0.003864
0.550000     -0.003588
0.560000     -0.003311
0.570000     -0.003035
0.580000     -0.002759
0.590000     -0.002482
0.600000     -0.002206
0.610000     -0.002009
0.620000     -0.001813
0.630000     -0.001616
0.640000     -0.001420
0.650000     -0.001223
0.660000     -0.001027
0.670000     -0.000830
0.680000     -0.000634
0.690000     -0.000437
0.700000     -0.000241
0.710000     -0.000157
0.720000     -0.000072
0.730000     0.000012
0.740000     0.000096
0.750000     0.000181
0.760000     0.000265
0.770000     0.000349
0.780000     0.000434
0.790000     0.000518
0.800000     0.000602
0.810000     0.000572
0.820000     0.000542
0.830000     0.000511
0.840000     0.000481
0.850000     0.000451
0.860000     0.000420
0.870000     0.000390
0.880000     0.000359
0.890000     0.000329
0.900000     0.000299
0.910000     0.000197
0.920000     0.000095
0.930000     -0.000007
0.940000     -0.000108
0.950000     -0.000210
0.960000     -0.000384
0.970000     -0.000557
0.980000     -0.000731
0.990000     -0.000905
1.000000     -0.001078
