Airfoil_rR0.736480.txt
1.000000     0.001097
0.990000     0.003562
0.980000     0.006028
0.970000     0.008494
0.960000     0.010960
0.950000     0.013425
0.940000     0.015702
0.930000     0.017979
0.920000     0.020255
0.910000     0.022532
0.900000     0.024809
0.890000     0.026805
0.880000     0.028801
0.870000     0.030797
0.860000     0.032794
0.850000     0.034790
0.840000     0.036786
0.830000     0.038782
0.820000     0.040778
0.810000     0.042775
0.800000     0.044771
0.790000     0.046410
0.780000     0.048049
0.770000     0.049688
0.760000     0.051326
0.750000     0.052965
0.740000     0.054604
0.730000     0.056243
0.720000     0.057882
0.710000     0.059521
0.700000     0.061160
0.690000     0.062469
0.680000     0.063778
0.670000     0.065088
0.660000     0.066397
0.650000     0.067706
0.640000     0.069015
0.630000     0.070325
0.620000     0.071634
0.610000     0.072943
0.600000     0.074252
0.590000     0.075189
0.580000     0.076125
0.570000     0.077062
0.560000     0.077999
0.550000     0.078935
0.540000     0.079872
0.530000     0.080808
0.520000     0.081745
0.510000     0.082682
0.500000     0.083618
0.490000     0.084149
0.480000     0.084680
0.470000     0.085211
0.460000     0.085742
0.450000     0.086273
0.440000     0.086804
0.430000     0.087335
0.420000     0.087866
0.410000     0.088397
0.400000     0.088928
0.390000     0.088856
0.380000     0.088783
0.370000     0.088710
0.360000     0.088637
0.350000     0.088564
0.340000     0.088491
0.330000     0.088419
0.320000     0.088346
0.310000     0.088273
0.300000     0.088200
0.290000     0.087517
0.280000     0.086834
0.270000     0.086152
0.260000     0.085469
0.250000     0.084786
0.240000     0.083624
0.230000     0.082462
0.220000     0.081300
0.210000     0.080138
0.200000     0.078975
0.190000     0.077276
0.180000     0.075576
0.170000     0.073877
0.160000     0.072177
0.150000     0.070478
0.140000     0.068084
0.130000     0.065690
0.120000     0.063297
0.110000     0.060903
0.100000     0.058510
0.090000     0.055487
0.080000     0.052464
0.070000     0.049093
0.060000     0.045373
0.050000     0.041654
0.040000     0.036882
0.030000     0.032110
0.020000     0.026384
0.010000     0.017099
0.000000     0.000000
0.010000     -0.009019
0.020000     -0.013704
0.030000     -0.016110
0.040000     -0.017682
0.050000     -0.019254
0.060000     -0.019853
0.070000     -0.020453
0.080000     -0.020844
0.090000     -0.021027
0.100000     -0.021210
0.110000     -0.021043
0.120000     -0.020877
0.130000     -0.020710
0.140000     -0.020544
0.150000     -0.020378
0.160000     -0.019977
0.170000     -0.019577
0.180000     -0.019176
0.190000     -0.018776
0.200000     -0.018375
0.210000     -0.017838
0.220000     -0.017300
0.230000     -0.016762
0.240000     -0.016224
0.250000     -0.015686
0.260000     -0.015189
0.270000     -0.014692
0.280000     -0.014194
0.290000     -0.013697
0.300000     -0.013200
0.310000     -0.012773
0.320000     -0.012346
0.330000     -0.011919
0.340000     -0.011491
0.350000     -0.011064
0.360000     -0.010637
0.370000     -0.010210
0.380000     -0.009783
0.390000     -0.009356
0.400000     -0.008928
0.410000     -0.008607
0.420000     -0.008286
0.430000     -0.007965
0.440000     -0.007644
0.450000     -0.007323
0.460000     -0.007002
0.470000     -0.006681
0.480000     -0.006360
0.490000     -0.006039
0.500000     -0.005718
0.510000     -0.005432
0.520000     -0.005145
0.530000     -0.004858
0.540000     -0.004572
0.550000     -0.004285
0.560000     -0.003999
0.570000     -0.003712
0.580000     -0.003425
0.590000     -0.003139
0.600000     -0.002852
0.610000     -0.002643
0.620000     -0.002434
0.630000     -0.002225
0.640000     -0.002015
0.650000     -0.001806
0.660000     -0.001597
0.670000     -0.001388
0.680000     -0.001178
0.690000     -0.000969
0.700000     -0.000760
0.710000     -0.000661
0.720000     -0.000562
0.730000     -0.000463
0.740000     -0.000364
0.750000     -0.000265
0.760000     -0.000166
0.770000     -0.000068
0.780000     0.000031
0.790000     0.000130
0.800000     0.000229
0.810000     0.000215
0.820000     0.000202
0.830000     0.000188
0.840000     0.000174
0.850000     0.000160
0.860000     0.000146
0.870000     0.000133
0.880000     0.000119
0.890000     0.000105
0.900000     0.000091
0.910000     0.000008
0.920000     -0.000075
0.930000     -0.000159
0.940000     -0.000242
0.950000     -0.000325
0.960000     -0.000480
0.970000     -0.000634
0.980000     -0.000788
0.990000     -0.000942
1.000000     -0.001097
