Airfoil_rR0.816547.txt
1.000000     0.001074
0.990000     0.003516
0.980000     0.005958
0.970000     0.008399
0.960000     0.010841
0.950000     0.013283
0.940000     0.015537
0.930000     0.017791
0.920000     0.020045
0.910000     0.022299
0.900000     0.024553
0.890000     0.026528
0.880000     0.028504
0.870000     0.030480
0.860000     0.032455
0.850000     0.034431
0.840000     0.036407
0.830000     0.038383
0.820000     0.040358
0.810000     0.042334
0.800000     0.044310
0.790000     0.045931
0.780000     0.047551
0.770000     0.049172
0.760000     0.050793
0.750000     0.052414
0.740000     0.054035
0.730000     0.055656
0.720000     0.057277
0.710000     0.058898
0.700000     0.060519
0.690000     0.061812
0.680000     0.063106
0.670000     0.064399
0.660000     0.065693
0.650000     0.066986
0.640000     0.068280
0.630000     0.069573
0.620000     0.070867
0.610000     0.072160
0.600000     0.073454
0.590000     0.074378
0.580000     0.075302
0.570000     0.076226
0.560000     0.077150
0.550000     0.078074
0.540000     0.078997
0.530000     0.079921
0.520000     0.080845
0.510000     0.081769
0.500000     0.082693
0.490000     0.083215
0.480000     0.083738
0.470000     0.084260
0.460000     0.084782
0.450000     0.085304
0.440000     0.085826
0.430000     0.086349
0.420000     0.086871
0.410000     0.087393
0.400000     0.087915
0.390000     0.087839
0.380000     0.087762
0.370000     0.087686
0.360000     0.087609
0.350000     0.087533
0.340000     0.087456
0.330000     0.087380
0.320000     0.087303
0.310000     0.087227
0.300000     0.087150
0.290000     0.086469
0.280000     0.085788
0.270000     0.085107
0.260000     0.084427
0.250000     0.083746
0.240000     0.082590
0.230000     0.081434
0.220000     0.080279
0.210000     0.079123
0.200000     0.077967
0.190000     0.076281
0.180000     0.074595
0.170000     0.072909
0.160000     0.071223
0.150000     0.069537
0.140000     0.067166
0.130000     0.064796
0.120000     0.062425
0.110000     0.060055
0.100000     0.057684
0.090000     0.054695
0.080000     0.051705
0.070000     0.048373
0.060000     0.044698
0.050000     0.041023
0.040000     0.036317
0.030000     0.031611
0.020000     0.025969
0.010000     0.016828
0.000000     0.000000
0.010000     -0.008748
0.020000     -0.013289
0.030000     -0.015611
0.040000     -0.017117
0.050000     -0.018623
0.060000     -0.019178
0.070000     -0.019733
0.080000     -0.020085
0.090000     -0.020235
0.100000     -0.020384
0.110000     -0.020195
0.120000     -0.020005
0.130000     -0.019816
0.140000     -0.019626
0.150000     -0.019437
0.160000     -0.019023
0.170000     -0.018609
0.180000     -0.018195
0.190000     -0.017781
0.200000     -0.017367
0.210000     -0.016823
0.220000     -0.016279
0.230000     -0.015734
0.240000     -0.015190
0.250000     -0.014646
0.260000     -0.014147
0.270000     -0.013647
0.280000     -0.013148
0.290000     -0.012649
0.300000     -0.012150
0.310000     -0.011727
0.320000     -0.011303
0.330000     -0.010880
0.340000     -0.010456
0.350000     -0.010033
0.360000     -0.009609
0.370000     -0.009186
0.380000     -0.008762
0.390000     -0.008339
0.400000     -0.007915
0.410000     -0.007603
0.420000     -0.007291
0.430000     -0.006979
0.440000     -0.006666
0.450000     -0.006354
0.460000     -0.006042
0.470000     -0.005730
0.480000     -0.005418
0.490000     -0.005105
0.500000     -0.004793
0.510000     -0.004519
0.520000     -0.004245
0.530000     -0.003971
0.540000     -0.003697
0.550000     -0.003424
0.560000     -0.003150
0.570000     -0.002876
0.580000     -0.002602
0.590000     -0.002328
0.600000     -0.002054
0.610000     -0.001860
0.620000     -0.001667
0.630000     -0.001473
0.640000     -0.001280
0.650000     -0.001086
0.660000     -0.000893
0.670000     -0.000699
0.680000     -0.000506
0.690000     -0.000312
0.700000     -0.000119
0.710000     -0.000038
0.720000     0.000043
0.730000     0.000124
0.740000     0.000205
0.750000     0.000286
0.760000     0.000367
0.770000     0.000448
0.780000     0.000529
0.790000     0.000609
0.800000     0.000690
0.810000     0.000656
0.820000     0.000622
0.830000     0.000587
0.840000     0.000553
0.850000     0.000519
0.860000     0.000485
0.870000     0.000450
0.880000     0.000416
0.890000     0.000382
0.900000     0.000347
0.910000     0.000241
0.920000     0.000135
0.930000     0.000029
0.940000     -0.000077
0.950000     -0.000183
0.960000     -0.000361
0.970000     -0.000539
0.980000     -0.000718
0.990000     -0.000896
1.000000     -0.001074
