Airfoil_rR0.763173.txt
1.000000     0.001087
0.990000     0.003542
0.980000     0.005998
0.970000     0.008453
0.960000     0.010909
0.950000     0.013364
0.940000     0.015631
0.930000     0.017898
0.920000     0.020165
0.910000     0.022432
0.900000     0.024699
0.890000     0.026686
0.880000     0.028674
0.870000     0.030661
0.860000     0.032649
0.850000     0.034636
0.840000     0.036624
0.830000     0.038611
0.820000     0.040598
0.810000     0.042586
0.800000     0.044573
0.790000     0.046204
0.780000     0.047836
0.770000     0.049467
0.760000     0.051098
0.750000     0.052729
0.740000     0.054360
0.730000     0.055992
0.720000     0.057623
0.710000     0.059254
0.700000     0.060885
0.690000     0.062188
0.680000     0.063490
0.670000     0.064793
0.660000     0.066095
0.650000     0.067398
0.640000     0.068700
0.630000     0.070003
0.620000     0.071305
0.610000     0.072608
0.600000     0.073910
0.590000     0.074841
0.580000     0.075772
0.570000     0.076704
0.560000     0.077635
0.550000     0.078566
0.540000     0.079497
0.530000     0.080428
0.520000     0.081359
0.510000     0.082291
0.500000     0.083222
0.490000     0.083749
0.480000     0.084276
0.470000     0.084804
0.460000     0.085331
0.450000     0.085858
0.440000     0.086385
0.430000     0.086912
0.420000     0.087440
0.410000     0.087967
0.400000     0.088494
0.390000     0.088420
0.380000     0.088345
0.370000     0.088271
0.360000     0.088197
0.350000     0.088122
0.340000     0.088048
0.330000     0.087973
0.320000     0.087899
0.310000     0.087824
0.300000     0.087750
0.290000     0.087068
0.280000     0.086386
0.270000     0.085704
0.260000     0.085022
0.250000     0.084340
0.240000     0.083181
0.230000     0.082021
0.220000     0.080862
0.210000     0.079703
0.200000     0.078543
0.190000     0.076850
0.180000     0.075156
0.170000     0.073462
0.160000     0.071768
0.150000     0.070074
0.140000     0.067691
0.130000     0.065307
0.120000     0.062923
0.110000     0.060540
0.100000     0.058156
0.090000     0.055147
0.080000     0.052139
0.070000     0.048784
0.060000     0.045084
0.050000     0.041383
0.040000     0.036640
0.030000     0.031896
0.020000     0.026206
0.010000     0.016983
0.000000     0.000000
0.010000     -0.008903
0.020000     -0.013526
0.030000     -0.015896
0.040000     -0.017440
0.050000     -0.018983
0.060000     -0.019564
0.070000     -0.020144
0.080000     -0.020519
0.090000     -0.020687
0.100000     -0.020856
0.110000     -0.020680
0.120000     -0.020503
0.130000     -0.020327
0.140000     -0.020151
0.150000     -0.019974
0.160000     -0.019568
0.170000     -0.019162
0.180000     -0.018756
0.190000     -0.018350
0.200000     -0.017943
0.210000     -0.017403
0.220000     -0.016862
0.230000     -0.016321
0.240000     -0.015781
0.250000     -0.015240
0.260000     -0.014742
0.270000     -0.014244
0.280000     -0.013746
0.290000     -0.013248
0.300000     -0.012750
0.310000     -0.012324
0.320000     -0.011899
0.330000     -0.011473
0.340000     -0.011048
0.350000     -0.010622
0.360000     -0.010197
0.370000     -0.009771
0.380000     -0.009345
0.390000     -0.008920
0.400000     -0.008494
0.410000     -0.008177
0.420000     -0.007860
0.430000     -0.007542
0.440000     -0.007225
0.450000     -0.006908
0.460000     -0.006591
0.470000     -0.006274
0.480000     -0.005956
0.490000     -0.005639
0.500000     -0.005322
0.510000     -0.005041
0.520000     -0.004759
0.530000     -0.004478
0.540000     -0.004197
0.550000     -0.003916
0.560000     -0.003635
0.570000     -0.003354
0.580000     -0.003072
0.590000     -0.002791
0.600000     -0.002510
0.610000     -0.002308
0.620000     -0.002105
0.630000     -0.001903
0.640000     -0.001700
0.650000     -0.001498
0.660000     -0.001295
0.670000     -0.001093
0.680000     -0.000890
0.690000     -0.000688
0.700000     -0.000485
0.710000     -0.000394
0.720000     -0.000303
0.730000     -0.000212
0.740000     -0.000120
0.750000     -0.000029
0.760000     0.000062
0.770000     0.000153
0.780000     0.000244
0.790000     0.000336
0.800000     0.000427
0.810000     0.000404
0.820000     0.000382
0.830000     0.000359
0.840000     0.000336
0.850000     0.000314
0.860000     0.000291
0.870000     0.000269
0.880000     0.000246
0.890000     0.000224
0.900000     0.000201
0.910000     0.000108
0.920000     0.000015
0.930000     -0.000078
0.940000     -0.000171
0.950000     -0.000264
0.960000     -0.000429
0.970000     -0.000593
0.980000     -0.000758
0.990000     -0.000922
1.000000     -0.001087
