Airfoil_rR0.955053.txt
1.000000     0.001072
0.990000     0.003511
0.980000     0.005951
0.970000     0.008390
0.960000     0.010830
0.950000     0.013269
0.940000     0.015521
0.930000     0.017773
0.920000     0.020025
0.910000     0.022277
0.900000     0.024528
0.890000     0.026502
0.880000     0.028476
0.870000     0.030450
0.860000     0.032423
0.850000     0.034397
0.840000     0.036371
0.830000     0.038345
0.820000     0.040318
0.810000     0.042292
0.800000     0.044266
0.790000     0.045885
0.780000     0.047504
0.770000     0.049123
0.760000     0.050742
0.750000     0.052362
0.740000     0.053981
0.730000     0.055600
0.720000     0.057219
0.710000     0.058838
0.700000     0.060458
0.690000     0.061750
0.680000     0.063042
0.670000     0.064334
0.660000     0.065626
0.650000     0.066918
0.640000     0.068210
0.630000     0.069502
0.620000     0.070794
0.610000     0.072086
0.600000     0.073378
0.590000     0.074301
0.580000     0.075223
0.570000     0.076146
0.560000     0.077069
0.550000     0.077991
0.540000     0.078914
0.530000     0.079837
0.520000     0.080760
0.510000     0.081682
0.500000     0.082605
0.490000     0.083126
0.480000     0.083648
0.470000     0.084169
0.460000     0.084691
0.450000     0.085212
0.440000     0.085733
0.430000     0.086255
0.420000     0.086776
0.410000     0.087297
0.400000     0.087819
0.390000     0.087742
0.380000     0.087665
0.370000     0.087588
0.360000     0.087511
0.350000     0.087434
0.340000     0.087357
0.330000     0.087281
0.320000     0.087204
0.310000     0.087127
0.300000     0.087050
0.290000     0.086369
0.280000     0.085689
0.270000     0.085008
0.260000     0.084327
0.250000     0.083647
0.240000     0.082491
0.230000     0.081336
0.220000     0.080181
0.210000     0.079026
0.200000     0.077871
0.190000     0.076186
0.180000     0.074502
0.170000     0.072817
0.160000     0.071132
0.150000     0.069447
0.140000     0.067079
0.130000     0.064711
0.120000     0.062342
0.110000     0.059974
0.100000     0.057606
0.090000     0.054619
0.080000     0.051633
0.070000     0.048304
0.060000     0.044634
0.050000     0.040963
0.040000     0.036263
0.030000     0.031563
0.020000     0.025929
0.010000     0.016803
0.000000     0.000000
0.010000     -0.008723
0.020000     -0.013249
0.030000     -0.015563
0.040000     -0.017063
0.050000     -0.018563
0.060000     -0.019114
0.070000     -0.019664
0.080000     -0.020013
0.090000     -0.020159
0.100000     -0.020306
0.110000     -0.020114
0.120000     -0.019922
0.130000     -0.019731
0.140000     -0.019539
0.150000     -0.019347
0.160000     -0.018932
0.170000     -0.018517
0.180000     -0.018102
0.190000     -0.017686
0.200000     -0.017271
0.210000     -0.016726
0.220000     -0.016181
0.230000     -0.015636
0.240000     -0.015091
0.250000     -0.014547
0.260000     -0.014047
0.270000     -0.013548
0.280000     -0.013049
0.290000     -0.012549
0.300000     -0.012050
0.310000     -0.011627
0.320000     -0.011204
0.330000     -0.010781
0.340000     -0.010357
0.350000     -0.009934
0.360000     -0.009511
0.370000     -0.009088
0.380000     -0.008665
0.390000     -0.008242
0.400000     -0.007819
0.410000     -0.007507
0.420000     -0.007196
0.430000     -0.006885
0.440000     -0.006573
0.450000     -0.006262
0.460000     -0.005951
0.470000     -0.005639
0.480000     -0.005328
0.490000     -0.005016
0.500000     -0.004705
0.510000     -0.004432
0.520000     -0.004160
0.530000     -0.003887
0.540000     -0.003614
0.550000     -0.003341
0.560000     -0.003069
0.570000     -0.002796
0.580000     -0.002523
0.590000     -0.002251
0.600000     -0.001978
0.610000     -0.001786
0.620000     -0.001594
0.630000     -0.001402
0.640000     -0.001210
0.650000     -0.001018
0.660000     -0.000826
0.670000     -0.000634
0.680000     -0.000442
0.690000     -0.000250
0.700000     -0.000058
0.710000     0.000022
0.720000     0.000101
0.730000     0.000180
0.740000     0.000259
0.750000     0.000338
0.760000     0.000418
0.770000     0.000497
0.780000     0.000576
0.790000     0.000655
0.800000     0.000734
0.810000     0.000698
0.820000     0.000662
0.830000     0.000625
0.840000     0.000589
0.850000     0.000553
0.860000     0.000517
0.870000     0.000480
0.880000     0.000444
0.890000     0.000408
0.900000     0.000372
0.910000     0.000263
0.920000     0.000155
0.930000     0.000047
0.940000     -0.000061
0.950000     -0.000169
0.960000     -0.000350
0.970000     -0.000530
0.980000     -0.000711
0.990000     -0.000891
1.000000     -0.001072
