Airfoil_rR0.603040.txt
1.000000     0.001099
0.990000     0.004045
0.980000     0.006974
0.970000     0.009817
0.960000     0.012613
0.950000     0.015316
0.940000     0.017838
0.930000     0.020300
0.920000     0.022762
0.910000     0.025190
0.900000     0.027604
0.890000     0.029765
0.880000     0.031891
0.870000     0.034011
0.860000     0.036130
0.850000     0.038229
0.840000     0.040314
0.830000     0.042400
0.820000     0.044484
0.810000     0.046538
0.800000     0.048591
0.790000     0.050323
0.780000     0.052051
0.770000     0.053755
0.760000     0.055459
0.750000     0.057163
0.740000     0.058867
0.730000     0.060544
0.720000     0.062219
0.710000     0.063895
0.700000     0.065571
0.690000     0.066936
0.680000     0.068290
0.670000     0.069643
0.660000     0.070997
0.650000     0.072351
0.640000     0.073679
0.630000     0.075007
0.620000     0.076334
0.610000     0.077662
0.600000     0.078984
0.590000     0.079947
0.580000     0.080911
0.570000     0.081875
0.560000     0.082839
0.550000     0.083792
0.540000     0.084730
0.530000     0.085668
0.520000     0.086606
0.510000     0.087544
0.500000     0.088469
0.490000     0.089009
0.480000     0.089549
0.470000     0.090089
0.460000     0.090629
0.450000     0.091152
0.440000     0.091665
0.430000     0.092177
0.420000     0.092690
0.410000     0.093202
0.400000     0.093694
0.390000     0.093629
0.380000     0.093564
0.370000     0.093500
0.360000     0.093434
0.350000     0.093339
0.340000     0.093245
0.330000     0.093151
0.320000     0.093056
0.310000     0.092948
0.300000     0.092823
0.290000     0.092138
0.280000     0.091454
0.270000     0.090769
0.260000     0.090050
0.250000     0.089330
0.240000     0.088171
0.230000     0.087011
0.220000     0.085819
0.210000     0.084622
0.200000     0.083424
0.190000     0.081719
0.180000     0.079973
0.170000     0.078223
0.160000     0.076474
0.150000     0.074709
0.140000     0.072250
0.130000     0.069791
0.120000     0.067330
0.110000     0.064810
0.100000     0.062290
0.090000     0.059154
0.080000     0.055951
0.070000     0.052411
0.060000     0.048478
0.050000     0.044505
0.040000     0.039430
0.030000     0.034283
0.020000     0.028058
0.010000     0.018186
0.000000     0.000331
0.010000     -0.010139
0.020000     -0.015176
0.030000     -0.017748
0.040000     -0.019435
0.050000     -0.021105
0.060000     -0.021784
0.070000     -0.022451
0.080000     -0.022899
0.090000     -0.023123
0.100000     -0.023345
0.110000     -0.023196
0.120000     -0.023048
0.130000     -0.022903
0.140000     -0.022757
0.150000     -0.022612
0.160000     -0.022202
0.170000     -0.021796
0.180000     -0.021390
0.190000     -0.020985
0.200000     -0.020582
0.210000     -0.020021
0.220000     -0.019461
0.230000     -0.018900
0.240000     -0.018339
0.250000     -0.017787
0.260000     -0.017243
0.270000     -0.016700
0.280000     -0.016156
0.290000     -0.015613
0.300000     -0.015077
0.310000     -0.014570
0.320000     -0.014062
0.330000     -0.013554
0.340000     -0.013047
0.350000     -0.012541
0.360000     -0.012054
0.370000     -0.011567
0.380000     -0.011080
0.390000     -0.010593
0.400000     -0.010107
0.410000     -0.009682
0.420000     -0.009268
0.430000     -0.008854
0.440000     -0.008441
0.450000     -0.008027
0.460000     -0.007613
0.470000     -0.007217
0.480000     -0.006828
0.490000     -0.006438
0.500000     -0.006048
0.510000     -0.005659
0.520000     -0.005270
0.530000     -0.004904
0.540000     -0.004540
0.550000     -0.004175
0.560000     -0.003811
0.570000     -0.003446
0.580000     -0.003085
0.590000     -0.002748
0.600000     -0.002411
0.610000     -0.002116
0.620000     -0.001822
0.630000     -0.001528
0.640000     -0.001245
0.650000     -0.000978
0.660000     -0.000712
0.670000     -0.000445
0.680000     -0.000178
0.690000     0.000089
0.700000     0.000329
0.710000     0.000489
0.720000     0.000648
0.730000     0.000808
0.740000     0.000968
0.750000     0.001110
0.760000     0.001238
0.770000     0.001366
0.780000     0.001494
0.790000     0.001622
0.800000     0.001728
0.810000     0.001743
0.820000     0.001758
0.830000     0.001773
0.840000     0.001789
0.850000     0.001765
0.860000     0.001740
0.870000     0.001716
0.880000     0.001692
0.890000     0.001627
0.900000     0.001555
0.910000     0.001441
0.920000     0.001311
0.930000     0.001137
0.940000     0.000964
0.950000     0.000769
0.960000     0.000460
0.970000     0.000151
0.980000     -0.000235
0.990000     -0.000644
1.000000     -0.001099
