Airfoil_rR0.629720.txt
1.000000     0.001107
0.990000     0.003898
0.980000     0.006677
0.970000     0.009400
0.960000     0.012092
0.950000     0.014723
0.940000     0.017169
0.930000     0.019576
0.920000     0.021983
0.910000     0.024367
0.900000     0.026742
0.890000     0.028854
0.880000     0.030943
0.870000     0.033027
0.860000     0.035111
0.850000     0.037182
0.840000     0.039244
0.830000     0.041305
0.820000     0.043366
0.810000     0.045406
0.800000     0.047447
0.790000     0.049153
0.780000     0.050856
0.770000     0.052543
0.760000     0.054231
0.750000     0.055918
0.740000     0.057605
0.730000     0.059274
0.720000     0.060943
0.710000     0.062612
0.700000     0.064280
0.690000     0.065631
0.680000     0.066974
0.670000     0.068317
0.660000     0.069660
0.650000     0.071003
0.640000     0.072330
0.630000     0.073656
0.620000     0.074981
0.610000     0.076307
0.600000     0.077629
0.590000     0.078587
0.580000     0.079545
0.570000     0.080503
0.560000     0.081461
0.550000     0.082412
0.540000     0.083353
0.530000     0.084294
0.520000     0.085235
0.510000     0.086175
0.500000     0.087107
0.490000     0.087646
0.480000     0.088185
0.470000     0.088724
0.460000     0.089263
0.450000     0.089791
0.440000     0.090312
0.430000     0.090833
0.420000     0.091354
0.410000     0.091875
0.400000     0.092381
0.390000     0.092314
0.380000     0.092247
0.370000     0.092180
0.360000     0.092112
0.350000     0.092026
0.340000     0.091939
0.330000     0.091852
0.320000     0.091765
0.310000     0.091670
0.300000     0.091563
0.290000     0.090878
0.280000     0.090192
0.270000     0.089507
0.260000     0.088798
0.250000     0.088090
0.240000     0.086927
0.230000     0.085764
0.220000     0.084580
0.210000     0.083392
0.200000     0.082204
0.190000     0.080496
0.180000     0.078761
0.170000     0.077024
0.160000     0.075287
0.150000     0.073540
0.140000     0.071095
0.130000     0.068651
0.120000     0.066205
0.110000     0.063721
0.100000     0.061237
0.090000     0.058129
0.080000     0.054978
0.070000     0.051483
0.060000     0.047610
0.050000     0.043710
0.040000     0.038718
0.030000     0.033680
0.020000     0.027602
0.010000     0.017887
0.000000     0.000211
0.010000     -0.009829
0.020000     -0.014787
0.030000     -0.017324
0.040000     -0.018990
0.050000     -0.020645
0.060000     -0.021309
0.070000     -0.021966
0.080000     -0.022405
0.090000     -0.022625
0.100000     -0.022844
0.110000     -0.022695
0.120000     -0.022547
0.130000     -0.022402
0.140000     -0.022257
0.150000     -0.022112
0.160000     -0.021709
0.170000     -0.021309
0.180000     -0.020910
0.190000     -0.020510
0.200000     -0.020113
0.210000     -0.019562
0.220000     -0.019011
0.230000     -0.018461
0.240000     -0.017910
0.250000     -0.017366
0.260000     -0.016839
0.270000     -0.016312
0.280000     -0.015785
0.290000     -0.015259
0.300000     -0.014737
0.310000     -0.014256
0.320000     -0.013774
0.330000     -0.013293
0.340000     -0.012812
0.350000     -0.012332
0.360000     -0.011864
0.370000     -0.011397
0.380000     -0.010930
0.390000     -0.010463
0.400000     -0.009996
0.410000     -0.009604
0.420000     -0.009219
0.430000     -0.008834
0.440000     -0.008450
0.450000     -0.008065
0.460000     -0.007680
0.470000     -0.007308
0.480000     -0.006939
0.490000     -0.006570
0.500000     -0.006201
0.510000     -0.005843
0.520000     -0.005486
0.530000     -0.005143
0.540000     -0.004801
0.550000     -0.004459
0.560000     -0.004117
0.570000     -0.003776
0.580000     -0.003437
0.590000     -0.003113
0.600000     -0.002789
0.610000     -0.002519
0.620000     -0.002249
0.630000     -0.001979
0.640000     -0.001716
0.650000     -0.001464
0.660000     -0.001213
0.670000     -0.000961
0.680000     -0.000709
0.690000     -0.000458
0.700000     -0.000223
0.710000     -0.000079
0.720000     0.000066
0.730000     0.000211
0.740000     0.000355
0.750000     0.000487
0.760000     0.000611
0.770000     0.000734
0.780000     0.000858
0.790000     0.000981
0.800000     0.001090
0.810000     0.001102
0.820000     0.001114
0.830000     0.001125
0.840000     0.001136
0.850000     0.001122
0.860000     0.001107
0.870000     0.001093
0.880000     0.001078
0.890000     0.001036
0.900000     0.000990
0.910000     0.000893
0.920000     0.000786
0.930000     0.000649
0.940000     0.000513
0.950000     0.000362
0.960000     0.000112
0.970000     -0.000139
0.980000     -0.000440
0.990000     -0.000759
1.000000     -0.001107
