Airfoil_rR0.576347.txt
1.000000     0.001090
0.990000     0.004195
0.980000     0.007276
0.970000     0.010242
0.960000     0.013145
0.950000     0.015921
0.940000     0.018520
0.930000     0.021039
0.920000     0.023557
0.910000     0.026030
0.900000     0.028486
0.890000     0.030697
0.880000     0.032861
0.870000     0.035018
0.860000     0.037175
0.850000     0.039303
0.840000     0.041412
0.830000     0.043524
0.820000     0.045634
0.810000     0.047701
0.800000     0.049769
0.790000     0.051528
0.780000     0.053283
0.770000     0.055005
0.760000     0.056727
0.750000     0.058449
0.740000     0.060171
0.730000     0.061857
0.720000     0.063541
0.710000     0.065225
0.700000     0.066909
0.690000     0.068290
0.680000     0.069656
0.670000     0.071022
0.660000     0.072388
0.650000     0.073754
0.640000     0.075086
0.630000     0.076416
0.620000     0.077747
0.610000     0.079078
0.600000     0.080401
0.590000     0.081372
0.580000     0.082343
0.570000     0.083314
0.560000     0.084286
0.550000     0.085243
0.540000     0.086179
0.530000     0.087115
0.520000     0.088051
0.510000     0.088988
0.500000     0.089907
0.490000     0.090450
0.480000     0.090992
0.470000     0.091534
0.460000     0.092077
0.450000     0.092597
0.440000     0.093102
0.430000     0.093608
0.420000     0.094114
0.410000     0.094619
0.400000     0.095096
0.390000     0.095035
0.380000     0.094974
0.370000     0.094913
0.360000     0.094851
0.350000     0.094749
0.340000     0.094648
0.330000     0.094547
0.320000     0.094446
0.310000     0.094326
0.300000     0.094183
0.290000     0.093500
0.280000     0.092818
0.270000     0.092134
0.260000     0.091404
0.250000     0.090673
0.240000     0.089518
0.230000     0.088363
0.220000     0.087164
0.210000     0.085956
0.200000     0.084749
0.190000     0.083047
0.180000     0.081290
0.170000     0.079528
0.160000     0.077765
0.150000     0.075982
0.140000     0.073507
0.130000     0.071032
0.120000     0.068555
0.110000     0.065997
0.100000     0.063439
0.090000     0.060272
0.080000     0.057015
0.070000     0.053425
0.060000     0.049429
0.050000     0.045377
0.040000     0.040212
0.030000     0.034949
0.020000     0.028566
0.010000     0.018522
0.000000     0.000463
0.010000     -0.010485
0.020000     -0.015616
0.030000     -0.018234
0.040000     -0.019951
0.050000     -0.021641
0.060000     -0.022341
0.070000     -0.023023
0.080000     -0.023482
0.090000     -0.023715
0.100000     -0.023942
0.110000     -0.023795
0.120000     -0.023649
0.130000     -0.023504
0.140000     -0.023360
0.150000     -0.023215
0.160000     -0.022798
0.170000     -0.022387
0.180000     -0.021976
0.190000     -0.021564
0.200000     -0.021155
0.210000     -0.020585
0.220000     -0.020014
0.230000     -0.019443
0.240000     -0.018871
0.250000     -0.018311
0.260000     -0.017751
0.270000     -0.017191
0.280000     -0.016629
0.290000     -0.016068
0.300000     -0.015517
0.310000     -0.014983
0.320000     -0.014448
0.330000     -0.013913
0.340000     -0.013378
0.350000     -0.012844
0.360000     -0.012338
0.370000     -0.011830
0.380000     -0.011322
0.390000     -0.010814
0.400000     -0.010306
0.410000     -0.009848
0.420000     -0.009404
0.430000     -0.008960
0.440000     -0.008516
0.450000     -0.008072
0.460000     -0.007628
0.470000     -0.007208
0.480000     -0.006796
0.490000     -0.006384
0.500000     -0.005972
0.510000     -0.005550
0.520000     -0.005128
0.530000     -0.004738
0.540000     -0.004349
0.550000     -0.003961
0.560000     -0.003572
0.570000     -0.003182
0.580000     -0.002798
0.590000     -0.002446
0.600000     -0.002094
0.610000     -0.001774
0.620000     -0.001454
0.630000     -0.001134
0.640000     -0.000829
0.650000     -0.000547
0.660000     -0.000264
0.670000     0.000020
0.680000     0.000303
0.690000     0.000586
0.700000     0.000834
0.710000     0.001010
0.720000     0.001187
0.730000     0.001363
0.740000     0.001540
0.750000     0.001692
0.760000     0.001826
0.770000     0.001960
0.780000     0.002094
0.790000     0.002228
0.800000     0.002334
0.810000     0.002354
0.820000     0.002373
0.830000     0.002394
0.840000     0.002414
0.850000     0.002381
0.860000     0.002349
0.870000     0.002317
0.880000     0.002285
0.890000     0.002197
0.900000     0.002102
0.910000     0.001972
0.920000     0.001821
0.930000     0.001611
0.940000     0.001401
0.950000     0.001165
0.960000     0.000798
0.970000     0.000433
0.980000     -0.000035
0.990000     -0.000532
1.000000     -0.001090
