Viterna extrapolated polar
 alpha from -90.0 to 90.0 deg
 BLEND_WIDTH = 6.000 deg

 alpha        Cl          Cd          Cm
 ------   ---------   ---------   ---------
-90.000   -0.000000    1.221664    0.305416
-88.000   -0.042635    1.222675    0.304884
-86.000   -0.085112    1.220715    0.303323
-84.000   -0.127225    1.215801    0.300783
-82.000   -0.168770    1.207968    0.297315
-80.000   -0.209546    1.197261    0.292969
-78.000   -0.249355    1.183743    0.287796
-76.000   -0.288007    1.167489    0.281848
-74.000   -0.325315    1.148585    0.275173
-72.000   -0.361100    1.127134    0.267824
-70.000   -0.395192    1.103248    0.259851
-68.000   -0.427428    1.077053    0.251305
-66.000   -0.457655    1.048685    0.242236
-64.000   -0.485733    1.018289    0.232695
-62.000   -0.511529    0.986023    0.222732
-60.000   -0.534924    0.952053    0.212399
-58.000   -0.555812    0.916550    0.201746
-56.000   -0.574099    0.879697    0.190823
-54.000   -0.589705    0.841680    0.179683
-52.000   -0.602565    0.802693    0.168374
-50.000   -0.612628    0.762931    0.156948
-48.000   -0.619858    0.722597    0.145455
-46.000   -0.624236    0.681894    0.133947
-44.000   -0.625757    0.641025    0.122473
-42.000   -0.624435    0.600198    0.111085
-40.000   -0.620300    0.559618    0.099833
-38.000   -0.613400    0.519487    0.088768
-36.000   -0.603802    0.480007    0.077941
-34.000   -0.591593    0.441377    0.067402
-32.000   -0.576882    0.403789    0.057202
-30.000   -0.559799    0.367431    0.047392
-28.000   -0.540503    0.332486    0.038021
-26.000   -0.519184    0.299128    0.029142
-24.000   -0.496072    0.267524    0.020805
-22.000   -0.471445    0.237831    0.013060
-20.000   -0.445653    0.210198    0.005958
-18.000   -0.419145    0.184763   -0.000450
-16.000   -0.392532    0.161652   -0.006114
-14.000   -0.366684    0.140981   -0.010982
-12.000   -0.342947    0.122853   -0.015005
-10.000   -0.323608    0.107359   -0.018131
 -8.000   -0.313061    0.094574   -0.020310
 -6.000   -0.331688    0.086196   -0.020732
 -4.000   -0.249609    0.066189   -0.044054
 -2.000   -0.003556    0.044973   -0.086669
  0.000    0.476000    0.025360   -0.141800
  2.000    0.818400    0.021760   -0.163700
  4.000    1.110900    0.016810   -0.170667
  6.000    1.286132    0.021100   -0.152542
  8.000    1.355698    0.035251   -0.124606
 10.000    1.186845    0.047611   -0.122520
 12.000    1.037822    0.064804   -0.123421
 14.000    0.954322    0.083398   -0.124890
 16.000    0.898732    0.104605   -0.126925
 18.000    0.861130    0.128321   -0.129493
 20.000    0.835502    0.154431   -0.132561
 22.000    0.817969    0.182806   -0.136098
 24.000    0.805902    0.213308   -0.140072
 26.000    0.797447    0.245788   -0.144449
 28.000    0.791251    0.280086   -0.149199
 30.000    0.786299    0.316036   -0.154289
 32.000    0.781813    0.353460   -0.159686
 34.000    0.777187    0.392177   -0.165359
 36.000    0.771943    0.431995   -0.171275
 38.000    0.765700    0.472722   -0.177402
 40.000    0.758153    0.514156   -0.183708
 42.000    0.749062    0.556096   -0.190161
 44.000    0.738236    0.598335   -0.196729
 46.000    0.725530    0.640668   -0.203379
 48.000    0.710834    0.682887   -0.210079
 50.000    0.694072    0.724784   -0.216798
 52.000    0.675198    0.766155   -0.223502
 54.000    0.654190    0.806797   -0.230160
 56.000    0.631053    0.846511   -0.236740
 58.000    0.605813    0.885102   -0.243209
 60.000    0.578514    0.922380   -0.249535
 62.000    0.549222    0.958162   -0.255686
 64.000    0.518018    0.992274   -0.261631
 66.000    0.485000    1.024546   -0.267336
 68.000    0.450282    1.054822   -0.272769
 70.000    0.413989    1.082951   -0.277899
 72.000    0.376261    1.108795   -0.282693
 74.000    0.337249    1.132227   -0.287119
 76.000    0.297115    1.153132   -0.291144
 78.000    0.256028    1.171405   -0.294738
 80.000    0.214169    1.186956   -0.297866
 82.000    0.171723    1.199708   -0.300498
 84.000    0.128884    1.209598   -0.302602
 86.000    0.085848    1.216575   -0.304144
 88.000    0.042819    1.220604   -0.305093
 90.000    0.000000    1.221664   -0.305416
