Viterna extrapolated polar
 alpha from -90.0 to 90.0 deg
 BLEND_WIDTH = 6.000 deg

 alpha        Cl          Cd          Cm
 ------   ---------   ---------   ---------
-90.000   -0.000000    1.221664    0.305416
-88.000   -0.042631    1.223037    0.304922
-86.000   -0.085097    1.221437    0.303469
-84.000   -0.127193    1.216884    0.301105
-82.000   -0.168713    1.209409    0.297877
-80.000   -0.209456    1.199060    0.293831
-78.000   -0.249226    1.185897    0.289014
-76.000   -0.287831    1.169994    0.283472
-74.000   -0.325084    1.151440    0.277253
-72.000   -0.360807    1.130334    0.270403
-70.000   -0.394828    1.106790    0.262969
-68.000   -0.426986    1.080933    0.254998
-66.000   -0.457127    1.052897    0.246536
-64.000   -0.485108    1.022829    0.237630
-62.000   -0.510800    0.990885    0.228327
-60.000   -0.534081    0.957231    0.218673
-58.000   -0.554845    0.922038    0.208715
-56.000   -0.572998    0.885488    0.198501
-54.000   -0.588458    0.847768    0.188076
-52.000   -0.601161    0.809069    0.177488
-50.000   -0.611053    0.769588    0.166783
-48.000   -0.618099    0.729527    0.156007
-46.000   -0.622276    0.689088    0.145209
-44.000   -0.623581    0.648475    0.134433
-42.000   -0.622024    0.607895    0.123728
-40.000   -0.617633    0.567551    0.113140
-38.000   -0.610454    0.527648    0.102715
-36.000   -0.600550    0.488386    0.092501
-34.000   -0.588004    0.449963    0.082543
-32.000   -0.572918    0.412571    0.072890
-30.000   -0.555418    0.376400    0.063586
-28.000   -0.535654    0.341630    0.054680
-26.000   -0.513803    0.308436    0.046218
-24.000   -0.490080    0.276984    0.038247
-22.000   -0.464743    0.247433    0.030813
-20.000   -0.438113    0.219930    0.023963
-18.000   -0.410597    0.194612    0.017744
-16.000   -0.382742    0.171607    0.012202
-14.000   -0.355319    0.151030    0.007385
-12.000   -0.329508    0.132983    0.003339
-10.000   -0.307297    0.117558    0.000111
 -8.000   -0.292484    0.104830   -0.002253
 -6.000   -0.296509    0.095612   -0.004135
 -4.000   -0.336300    0.087710   -0.004200
 -2.000   -0.167118    0.059778   -0.042556
  0.000    0.204800    0.034760   -0.098600
  2.000    0.482500    0.036980   -0.116900
  4.000    0.853200    0.037730   -0.141400
  6.000    1.266900    0.028950   -0.156400
  8.000    1.337300    0.034870   -0.122700
 10.000    1.329889    0.055048   -0.093169
 12.000    1.337527    0.080280   -0.083939
 14.000    1.202340    0.095115   -0.086269
 16.000    1.113822    0.114694   -0.086991
 18.000    1.048934    0.138303   -0.089185
 20.000    1.001153    0.164294   -0.092096
 22.000    0.965210    0.192538   -0.095680
 24.000    0.937552    0.222897   -0.099894
 26.000    0.915684    0.255222   -0.104692
 28.000    0.897797    0.289354   -0.110032
 30.000    0.882541    0.325126   -0.115870
 32.000    0.868890    0.362361   -0.122161
 34.000    0.856048    0.400878   -0.128863
 36.000    0.843388    0.440487   -0.135932
 38.000    0.830413    0.480993   -0.143323
 40.000    0.816728    0.522196   -0.150994
 42.000    0.802017    0.563896   -0.158899
 44.000    0.786030    0.605886   -0.166996
 46.000    0.768571    0.647959   -0.175241
 48.000    0.749490    0.689910   -0.183589
 50.000    0.728678    0.731531   -0.191998
 52.000    0.706060    0.772617   -0.200423
 54.000    0.681590    0.812967   -0.208821
 56.000    0.655254    0.852380   -0.217148
 58.000    0.627059    0.890664   -0.225360
 60.000    0.597036    0.927628   -0.233413
 62.000    0.565238    0.963090   -0.241264
 64.000    0.531736    0.996875   -0.248868
 66.000    0.496619    1.028815   -0.256183
 68.000    0.459993    1.058754   -0.263164
 70.000    0.421976    1.086541   -0.269768
 72.000    0.382703    1.112039   -0.275950
 74.000    0.342321    1.135120   -0.281668
 76.000    0.300985    1.155671   -0.286876
 78.000    0.258864    1.173587   -0.291532
 80.000    0.216134    1.188779   -0.295592
 82.000    0.172978    1.201169   -0.299012
 84.000    0.129589    1.210695   -0.301748
 86.000    0.086161    1.217307   -0.303757
 88.000    0.042897    1.220971   -0.304994
 90.000    0.000000    1.221664   -0.305416
