Viterna extrapolated polar
 alpha from -90.0 to 90.0 deg
 BLEND_WIDTH = 6.000 deg

 alpha        Cl          Cd          Cm
 ------   ---------   ---------   ---------
-90.000   -0.000000    1.221664    0.305416
-88.000   -0.042632    1.222651    0.304914
-86.000   -0.085100    1.220666    0.303439
-84.000   -0.127199    1.215728    0.301040
-82.000   -0.168724    1.207870    0.297762
-80.000   -0.209474    1.197140    0.293655
-78.000   -0.249253    1.183598    0.288765
-76.000   -0.287867    1.167319    0.283139
-74.000   -0.325131    1.148392    0.276826
-72.000   -0.360867    1.126918    0.269872
-70.000   -0.394902    1.103009    0.262325
-68.000   -0.427076    1.076791    0.254233
-66.000   -0.457235    1.048400    0.245642
-64.000   -0.485236    1.017982    0.236601
-62.000   -0.510949    0.985695    0.227156
-60.000   -0.534253    0.951702    0.217356
-58.000   -0.555042    0.916179    0.207247
-56.000   -0.573222    0.879305    0.196878
-54.000   -0.588713    0.841268    0.186295
-52.000   -0.601447    0.802261    0.175546
-50.000   -0.611374    0.762481    0.164678
-48.000   -0.618458    0.722128    0.153739
-46.000   -0.622676    0.681407    0.142777
-44.000   -0.624025    0.640521    0.131838
-42.000   -0.622516    0.599678    0.120970
-40.000   -0.618177    0.559081    0.110221
-38.000   -0.611055    0.518935    0.099638
-36.000   -0.601214    0.479441    0.089269
-34.000   -0.588736    0.440796    0.079160
-32.000   -0.573727    0.403194    0.069360
-30.000   -0.556312    0.366824    0.059915
-28.000   -0.536643    0.331867    0.050874
-26.000   -0.514901    0.298498    0.042284
-24.000   -0.491302    0.266883    0.034191
-22.000   -0.466110    0.237181    0.026644
-20.000   -0.439651    0.209539    0.019690
-18.000   -0.412341    0.184096    0.013377
-16.000   -0.384739    0.160978    0.007751
-14.000   -0.357637    0.140301    0.002861
-12.000   -0.332250    0.122168   -0.001246
-10.000   -0.310625    0.106669   -0.004524
 -8.000   -0.296682    0.093881   -0.006923
 -6.000   -0.304052    0.084703   -0.008657
 -4.000   -0.344800    0.076680   -0.008900
 -2.000   -0.066946    0.048461   -0.067974
  0.000    0.360100    0.027900   -0.117000
  2.000    0.551400    0.035220   -0.125800
  4.000    0.902300    0.038845   -0.154400
  6.000    1.247639    0.026794   -0.150220
  8.000    1.286687    0.039944   -0.109644
 10.000    1.164761    0.056797   -0.104769
 12.000    1.027008    0.068178   -0.107470
 14.000    0.945177    0.086745   -0.108997
 16.000    0.890854    0.107921   -0.111146
 18.000    0.854252    0.131602   -0.113882
 20.000    0.829435    0.157672   -0.117169
 22.000    0.812576    0.186004   -0.120973
 24.000    0.801080    0.216459   -0.125257
 26.000    0.793117    0.248888   -0.129987
 28.000    0.787349    0.283132   -0.135127
 30.000    0.782774    0.319023   -0.140643
 32.000    0.778624    0.356386   -0.146498
 34.000    0.774299    0.395036   -0.152657
 36.000    0.769326    0.434786   -0.159085
 38.000    0.763329    0.475440   -0.165748
 40.000    0.756008    0.516798   -0.172608
 42.000    0.747122    0.558659   -0.179632
 44.000    0.736486    0.600817   -0.186784
 46.000    0.723954    0.643064   -0.194029
 48.000    0.709418    0.685195   -0.201331
 50.000    0.692804    0.727002   -0.208655
 52.000    0.674067    0.768279   -0.215966
 54.000    0.653187    0.808825   -0.223228
 56.000    0.630167    0.848440   -0.230406
 58.000    0.605035    0.886930   -0.237466
 60.000    0.577836    0.924104   -0.244371
 62.000    0.548635    0.959782   -0.251086
 64.000    0.517515    0.993786   -0.257576
 66.000    0.484575    1.025949   -0.263806
 68.000    0.449926    1.056114   -0.269740
 70.000    0.413696    1.084131   -0.275344
 72.000    0.376025    1.109861   -0.280581
 74.000    0.337064    1.133178   -0.285417
 76.000    0.296973    1.153966   -0.289816
 78.000    0.255925    1.172122   -0.293743
 80.000    0.214097    1.187555   -0.297163
 82.000    0.171677    1.200188   -0.300040
 84.000    0.128858    1.209959   -0.302339
 86.000    0.085837    1.216816   -0.304025
 88.000    0.042816    1.220725   -0.305062
 90.000    0.000000    1.221664   -0.305416
