Viterna extrapolated polar
 alpha from -90.0 to 90.0 deg
 BLEND_WIDTH = 6.000 deg

 alpha        Cl          Cd          Cm
 ------   ---------   ---------   ---------
-90.000   -0.000000    1.221664    0.305416
-88.000   -0.042642    1.222761    0.304866
-86.000   -0.085140    1.220885    0.303252
-84.000   -0.127288    1.216056    0.300626
-82.000   -0.168883    1.208307    0.297042
-80.000   -0.209723    1.197685    0.292553
-78.000   -0.249611    1.184250    0.287213
-76.000   -0.288356    1.168079    0.281074
-74.000   -0.325772    1.149257    0.274190
-72.000   -0.361681    1.127888    0.266614
-70.000   -0.395913    1.104082    0.258400
-68.000   -0.428304    1.077967    0.249600
-66.000   -0.458704    1.049676    0.240268
-64.000   -0.486971    1.019358    0.230456
-62.000   -0.512974    0.987168    0.220219
-60.000   -0.536596    0.953272    0.209610
-58.000   -0.557730    0.917843    0.198681
-56.000   -0.576283    0.881061    0.187485
-54.000   -0.592178    0.843114    0.176077
-52.000   -0.605351    0.804194    0.164510
-50.000   -0.615751    0.764499    0.152835
-48.000   -0.623347    0.724229    0.141108
-46.000   -0.628120    0.683588    0.129381
-44.000   -0.630070    0.642780    0.117706
-42.000   -0.629214    0.602011    0.106139
-40.000   -0.625586    0.561486    0.094731
-38.000   -0.619240    0.521409    0.083535
-36.000   -0.610250    0.481980    0.072606
-34.000   -0.598711    0.443399    0.061997
-32.000   -0.584741    0.405857    0.051760
-30.000   -0.568485    0.369543    0.041948
-28.000   -0.550119    0.334639    0.032616
-26.000   -0.529855    0.301320    0.023816
-24.000   -0.507953    0.269751    0.015602
-22.000   -0.484734    0.240092    0.008026
-20.000   -0.460603    0.212489    0.001142
-18.000   -0.436095    0.187082   -0.004997
-16.000   -0.411944    0.163996   -0.010337
-14.000   -0.389219    0.143347   -0.014826
-12.000   -0.369594    0.125239   -0.018410
-10.000   -0.355950    0.109760   -0.021035
 -8.000   -0.351903    0.097895   -0.022861
 -6.000   -0.376100    0.086990   -0.023200
 -4.000   -0.233376    0.058680   -0.052320
 -2.000    0.131100    0.024540   -0.101900
  0.000    0.473800    0.020600   -0.129500
  2.000    0.763300    0.019990   -0.147250
  4.000    1.058800    0.016450   -0.155500
  6.000    1.236396    0.019676   -0.134874
  8.000    1.270900    0.035520   -0.108300
 10.000    1.096771    0.047659   -0.108620
 12.000    0.968511    0.064521   -0.109661
 14.000    0.895708    0.083118   -0.111312
 16.000    0.848241    0.104327   -0.113562
 18.000    0.817044    0.128046   -0.116380
 20.000    0.796616    0.154159   -0.119729
 22.000    0.783405    0.182538   -0.123575
 24.000    0.774998    0.213044   -0.127885
 26.000    0.769692    0.245528   -0.132625
 28.000    0.766240    0.279832   -0.137758
 30.000    0.763706    0.315786   -0.143252
 32.000    0.761372    0.353215   -0.149073
 34.000    0.758675    0.391937   -0.155184
 36.000    0.755172    0.431762   -0.161554
 38.000    0.750508    0.472494   -0.168146
 40.000    0.744403    0.513935   -0.174927
 42.000    0.736631    0.555881   -0.181863
 44.000    0.727017    0.598128   -0.188919
 46.000    0.715426    0.640468   -0.196060
 48.000    0.701759    0.682694   -0.203253
 50.000    0.685948    0.724599   -0.210463
 52.000    0.667953    0.765978   -0.217656
 54.000    0.647758    0.806628   -0.224798
 56.000    0.625372    0.846350   -0.231853
 58.000    0.600825    0.884949   -0.238789
 60.000    0.574166    0.922235   -0.245570
 62.000    0.545462    0.958027   -0.252162
 64.000    0.514798    0.992147   -0.258532
 66.000    0.482273    1.024429   -0.264644
 68.000    0.448002    1.054714   -0.270464
 70.000    0.412114    1.082852   -0.275958
 72.000    0.374749    1.108706   -0.281092
 74.000    0.336059    1.132148   -0.285831
 76.000    0.296206    1.153062   -0.290141
 78.000    0.255363    1.171345   -0.293987
 80.000    0.213708    1.186906   -0.297336
 82.000    0.171429    1.199668   -0.300154
 84.000    0.128718    1.209568   -0.302404
 86.000    0.085775    1.216555   -0.304055
 88.000    0.042800    1.220594   -0.305070
 90.000    0.000000    1.221664   -0.305416
