Viterna extrapolated polar
 alpha from -90.0 to 90.0 deg
 BLEND_WIDTH = 6.000 deg

 alpha        Cl          Cd          Cm
 ------   ---------   ---------   ---------
-90.000   -0.000000    1.221664    0.305416
-88.000   -0.042634    1.222584    0.304854
-86.000   -0.085108    1.220532    0.303203
-84.000   -0.127216    1.215527    0.300518
-82.000   -0.168755    1.207603    0.296853
-80.000   -0.209522    1.196806    0.292261
-78.000   -0.249322    1.183198    0.286797
-76.000   -0.287961    1.166854    0.280516
-74.000   -0.325255    1.147862    0.273470
-72.000   -0.361024    1.126323    0.265715
-70.000   -0.395097    1.102351    0.257303
-68.000   -0.427313    1.076070    0.248290
-66.000   -0.457518    1.047617    0.238730
-64.000   -0.485571    1.017139    0.228676
-62.000   -0.511340    0.984792    0.218182
-60.000   -0.534705    0.950741    0.207303
-58.000   -0.555561    0.915160    0.196093
-56.000   -0.573813    0.878230    0.184606
-54.000   -0.589382    0.840138    0.172896
-52.000   -0.602201    0.801077    0.161016
-50.000   -0.612219    0.761245    0.149022
-48.000   -0.619401    0.720841    0.136967
-46.000   -0.623727    0.680071    0.124905
-44.000   -0.625192    0.639138    0.112890
-42.000   -0.623809    0.598249    0.100977
-40.000   -0.619608    0.557608    0.089219
-38.000   -0.612635    0.517419    0.077671
-36.000   -0.602958    0.477885    0.066386
-34.000   -0.590662    0.439201    0.055419
-32.000   -0.575853    0.401563    0.044825
-30.000   -0.558662    0.365159    0.034656
-28.000   -0.539244    0.330169    0.024967
-26.000   -0.517788    0.296770    0.015812
-24.000   -0.494517    0.265126    0.007245
-22.000   -0.469705    0.235398   -0.000680
-20.000   -0.443696    0.207732   -0.007908
-18.000   -0.416927    0.182267   -0.014386
-16.000   -0.389991    0.159130   -0.020059
-14.000   -0.363734    0.138435   -0.024873
-12.000   -0.339459    0.120287   -0.028775
-10.000   -0.319375    0.104775   -0.031711
 -8.000   -0.308141    0.092152   -0.033474
 -6.000   -0.318862    0.085903   -0.031958
 -4.000   -0.104364    0.035433   -0.082763
 -2.000    0.281100    0.014330   -0.119300
  0.000    0.553300    0.010230   -0.131100
  2.000    0.781600    0.009620   -0.134400
  4.000    0.996050    0.011333   -0.127725
  6.000    1.186388    0.017113   -0.114989
  8.000    1.117842    0.026391   -0.108163
 10.000    0.937921    0.040971   -0.108855
 12.000    0.849106    0.056914   -0.110162
 14.000    0.794730    0.075572   -0.112074
 16.000    0.761257    0.096851   -0.114557
 18.000    0.741095    0.120650   -0.117578
 20.000    0.729626    0.146851   -0.121105
 22.000    0.723859    0.175328   -0.125104
 24.000    0.721758    0.205940   -0.129542
 26.000    0.721876    0.238539   -0.134386
 28.000    0.723152    0.272965   -0.139602
 30.000    0.724785    0.309051   -0.145158
 32.000    0.726157    0.346620   -0.151020
 34.000    0.726783    0.385490   -0.157156
 36.000    0.726279    0.425470   -0.163532
 38.000    0.724338    0.466366   -0.170114
 40.000    0.720714    0.507977   -0.176871
 42.000    0.715215    0.550102   -0.183769
 44.000    0.707689    0.592533   -0.190774
 46.000    0.698020    0.635065   -0.197854
 48.000    0.686126    0.677490   -0.204975
 50.000    0.671953    0.719600   -0.212105
 52.000    0.655472    0.761190   -0.219209
 54.000    0.636677    0.802057   -0.226256
 56.000    0.615586    0.842001   -0.233212
 58.000    0.592233    0.880827   -0.240043
 60.000    0.566676    0.918347   -0.246717
 62.000    0.538985    0.954376   -0.253200
 64.000    0.509250    0.988738   -0.259460
 66.000    0.477574    1.021266   -0.265463
 68.000    0.444075    1.051800   -0.271177
 70.000    0.408884    1.080192   -0.276567
 72.000    0.372144    1.106303   -0.281601
 74.000    0.334008    1.130004   -0.286246
 76.000    0.294641    1.151180   -0.290468
 78.000    0.254216    1.169728   -0.294235
 80.000    0.212913    1.185555   -0.297514
 82.000    0.170921    1.198586   -0.300270
 84.000    0.128433    1.208755   -0.302472
 86.000    0.085648    1.216013   -0.304085
 88.000    0.042769    1.220323   -0.305078
 90.000    0.000000    1.221664   -0.305416
