Viterna extrapolated polar
 alpha from -90.0 to 90.0 deg
 BLEND_WIDTH = 6.000 deg

 alpha        Cl          Cd          Cm
 ------   ---------   ---------   ---------
-90.000   -0.000000    1.221664    0.305416
-88.000   -0.042646    1.223221    0.304809
-86.000   -0.085158    1.221805    0.303030
-84.000   -0.127329    1.217434    0.300140
-82.000   -0.168955    1.210142    0.296201
-80.000   -0.209836    1.199974    0.291276
-78.000   -0.249775    1.186991    0.285426
-76.000   -0.288579    1.171268    0.278713
-74.000   -0.326065    1.152891    0.271199
-72.000   -0.362053    1.131961    0.262946
-70.000   -0.396373    1.108591    0.254015
-68.000   -0.428864    1.082905    0.244470
-66.000   -0.459374    1.055038    0.234371
-64.000   -0.487762    1.025137    0.223781
-62.000   -0.513897    0.993357    0.212761
-60.000   -0.537663    0.959863    0.201373
-58.000   -0.558954    0.924828    0.189680
-56.000   -0.577678    0.888432    0.177743
-54.000   -0.593757    0.850862    0.165625
-52.000   -0.607129    0.812310    0.153386
-50.000   -0.617746    0.772972    0.141089
-48.000   -0.625575    0.733049    0.128796
-46.000   -0.630601    0.692745    0.116569
-44.000   -0.632824    0.652262    0.104469
-42.000   -0.632266    0.611807    0.092560
-40.000   -0.628962    0.571584    0.080901
-38.000   -0.622970    0.531796    0.069556
-36.000   -0.614368    0.492645    0.058587
-34.000   -0.603255    0.454327    0.048055
-32.000   -0.589759    0.417036    0.038021
-30.000   -0.574031    0.380959    0.028549
-28.000   -0.556259    0.346278    0.019700
-26.000   -0.536670    0.313168    0.011536
-24.000   -0.515541    0.281794    0.004119
-22.000   -0.493219    0.252314   -0.002490
-20.000   -0.470149    0.224876   -0.008228
-18.000   -0.446918    0.199619   -0.013033
-16.000   -0.424340    0.176667   -0.016844
-14.000   -0.403609    0.156138   -0.019598
-12.000   -0.389031    0.139925   -0.020502
-10.000   -0.367659    0.113648   -0.023837
 -8.000   -0.346039    0.098586   -0.027842
 -6.000   -0.328336    0.089574   -0.030736
 -4.000   -0.234175    0.053845   -0.044750
 -2.000    0.078900    0.018950   -0.073500
  0.000    0.399700    0.016920   -0.099200
  2.000    0.676300    0.016370   -0.111100
  4.000    0.888700    0.015540   -0.106100
  6.000    1.097115    0.019742   -0.088861
  8.000    1.132394    0.036620   -0.074260
 10.000    0.976734    0.042696   -0.074994
 12.000    0.878202    0.056229   -0.076087
 14.000    0.819336    0.074892   -0.078101
 16.000    0.782453    0.096178   -0.080809
 18.000    0.759602    0.119984   -0.084173
 20.000    0.745950    0.146193   -0.088153
 22.000    0.738369    0.174678   -0.092708
 24.000    0.734731    0.205300   -0.097799
 26.000    0.733528    0.237909   -0.103386
 28.000    0.733652    0.272346   -0.109429
 30.000    0.734270    0.308444   -0.115888
 32.000    0.734738    0.346026   -0.122724
 34.000    0.734555    0.384909   -0.129896
 36.000    0.733319    0.424903   -0.137364
 38.000    0.730715    0.465814   -0.145090
 40.000    0.726487    0.507441   -0.153032
 42.000    0.720434    0.549581   -0.161151
 44.000    0.712399    0.592029   -0.169407
 46.000    0.702262    0.634579   -0.177760
 48.000    0.689936    0.677021   -0.186171
 50.000    0.675363    0.719149   -0.194599
 52.000    0.658513    0.760758   -0.203004
 54.000    0.639377    0.801645   -0.211347
 56.000    0.617970    0.841609   -0.219589
 58.000    0.594327    0.880456   -0.227688
 60.000    0.568501    0.917996   -0.235605
 62.000    0.540563    0.954047   -0.243300
 64.000    0.510602    0.988431   -0.250734
 66.000    0.478719    1.020981   -0.257866
 68.000    0.445032    1.051538   -0.264657
 70.000    0.409671    1.079953   -0.271066
 72.000    0.372779    1.106086   -0.277054
 74.000    0.334508    1.129811   -0.282581
 76.000    0.295023    1.151011   -0.287608
 78.000    0.254496    1.169582   -0.292093
 80.000    0.213107    1.185434   -0.295998
 82.000    0.171045    1.198488   -0.299282
 84.000    0.128503    1.208682   -0.301906
 86.000    0.085679    1.215964   -0.303829
 88.000    0.042776    1.220298   -0.305013
 90.000    0.000000    1.221664   -0.305416
