Viterna extrapolated polar
 alpha from -90.0 to 90.0 deg
 BLEND_WIDTH = 6.000 deg

 alpha        Cl          Cd          Cm
 ------   ---------   ---------   ---------
-90.000   -0.000000    1.221664    0.305416
-88.000   -0.042653    1.223869    0.304804
-86.000   -0.085186    1.223100    0.303011
-84.000   -0.127393    1.219375    0.300100
-82.000   -0.169069    1.212725    0.296135
-80.000   -0.210014    1.203198    0.291180
-78.000   -0.250031    1.190851    0.285298
-76.000   -0.288929    1.175759    0.278553
-74.000   -0.326523    1.158008    0.271009
-72.000   -0.362635    1.137698    0.262728
-70.000   -0.397095    1.114941    0.253776
-68.000   -0.429742    1.089859    0.244215
-66.000   -0.460425    1.062589    0.234109
-64.000   -0.489002    1.033275    0.223522
-62.000   -0.515346    1.002073    0.212517
-60.000   -0.539338    0.969145    0.201158
-58.000   -0.560875    0.934666    0.189509
-56.000   -0.579867    0.898813    0.177633
-54.000   -0.596235    0.861774    0.165594
-52.000   -0.609920    0.823739    0.153456
-50.000   -0.620875    0.784905    0.141282
-48.000   -0.629071    0.745472    0.129135
-46.000   -0.634493    0.705641    0.117080
-44.000   -0.637147    0.665617    0.105181
-42.000   -0.637055    0.625603    0.093500
-40.000   -0.634259    0.585806    0.082101
-38.000   -0.628822    0.546426    0.071048
-36.000   -0.620829    0.507664    0.060405
-34.000   -0.610387    0.469718    0.050236
-32.000   -0.597634    0.432780    0.040603
-30.000   -0.582735    0.397037    0.031571
-28.000   -0.565895    0.362670    0.023203
-26.000   -0.547363    0.329854    0.015563
-24.000   -0.527447    0.298754    0.008715
-22.000   -0.506536    0.269527    0.002722
-20.000   -0.485131    0.242322   -0.002353
-18.000   -0.463903    0.217275   -0.006445
-16.000   -0.443792    0.194513   -0.009491
-14.000   -0.429461    0.174760   -0.010696
-12.000   -0.412563    0.154199   -0.012413
-10.000   -0.319475    0.104142   -0.031602
 -8.000   -0.279816    0.089603   -0.038724
 -6.000   -0.251464    0.079721   -0.043396
 -4.000   -0.180450    0.057685   -0.054500
 -2.000    0.191600    0.014980   -0.093400
  0.000    0.466700    0.011740   -0.106600
  2.000    0.687800    0.011390   -0.106600
  4.000    0.897167    0.012280   -0.099700
  6.000    1.080530    0.017586   -0.088748
  8.000    1.181822    0.030302   -0.073012
 10.000    1.050314    0.043837   -0.072281
 12.000    0.928061    0.061058   -0.073428
 14.000    0.861500    0.079682   -0.075302
 16.000    0.818774    0.100923   -0.077896
 18.000    0.791315    0.124679   -0.081169
 20.000    0.773922    0.150832   -0.085080
 22.000    0.763233    0.179255   -0.089589
 24.000    0.756962    0.209810   -0.094653
 26.000    0.753493    0.242346   -0.100234
 28.000    0.751643    0.276705   -0.106288
 30.000    0.750521    0.312719   -0.112776
 32.000    0.749442    0.350213   -0.119655
 34.000    0.747871    0.389002   -0.126886
 36.000    0.745384    0.428897   -0.134427
 38.000    0.741642    0.469704   -0.142238
 40.000    0.736378    0.511222   -0.150276
 42.000    0.729376    0.553250   -0.158502
 44.000    0.720469    0.595581   -0.166873
 46.000    0.709530    0.638008   -0.175350
 48.000    0.696463    0.680324   -0.183891
 50.000    0.681207    0.722323   -0.192455
 52.000    0.663725    0.763798   -0.201001
 54.000    0.644004    0.804546   -0.209488
 56.000    0.622057    0.844370   -0.217875
 58.000    0.597915    0.883072   -0.226121
 60.000    0.571629    0.920465   -0.234185
 62.000    0.543268    0.956364   -0.242026
 64.000    0.512918    0.990595   -0.249603
 66.000    0.480681    1.022989   -0.256875
 68.000    0.446672    1.053387   -0.263801
 70.000    0.411020    1.081641   -0.270340
 72.000    0.373866    1.107612   -0.276451
 74.000    0.335364    1.131172   -0.282092
 76.000    0.295676    1.152205   -0.287224
 78.000    0.254974    1.170608   -0.291804
 80.000    0.213439    1.186291   -0.295793
 82.000    0.171257    1.199175   -0.299148
 84.000    0.128622    1.209198   -0.301829
 86.000    0.085732    1.216308   -0.303794
 88.000    0.042789    1.220471   -0.305004
 90.000    0.000000    1.221664   -0.305416
