Viterna extrapolated polar
 alpha from -90.0 to 90.0 deg
 BLEND_WIDTH = 6.000 deg

 alpha        Cl          Cd          Cm
 ------   ---------   ---------   ---------
-90.000   -0.000000    1.221664    0.305416
-88.000   -0.042647    1.222884    0.304799
-86.000   -0.085162    1.221132    0.302989
-84.000   -0.127337    1.216427    0.300050
-82.000   -0.168971    1.208801    0.296047
-80.000   -0.209860    1.198301    0.291042
-78.000   -0.249809    1.184988    0.285101
-76.000   -0.288626    1.168937    0.278285
-74.000   -0.326126    1.150235    0.270661
-72.000   -0.362130    1.128984    0.262290
-70.000   -0.396469    1.105295    0.253238
-68.000   -0.428981    1.079295    0.243567
-66.000   -0.459514    1.051119    0.233343
-64.000   -0.487927    1.020913    0.222627
-62.000   -0.514090    0.988833    0.211485
-60.000   -0.537886    0.955045    0.199980
-58.000   -0.559210    0.919722    0.188176
-56.000   -0.577969    0.883044    0.176136
-54.000   -0.594087    0.845198    0.163925
-52.000   -0.607501    0.806378    0.151606
-50.000   -0.618162    0.766779    0.139244
-48.000   -0.626040    0.726602    0.126901
-46.000   -0.631118    0.686051    0.114642
-44.000   -0.633400    0.645331    0.102531
-42.000   -0.632903    0.604646    0.090631
-40.000   -0.629667    0.564203    0.079006
-38.000   -0.623748    0.524203    0.067721
-36.000   -0.615227    0.484850    0.056838
-34.000   -0.604204    0.446339    0.046421
-32.000   -0.590807    0.408865    0.036536
-30.000   -0.575189    0.372615    0.027244
-28.000   -0.557541    0.337771    0.018610
-26.000   -0.538092    0.304507    0.010698
-24.000   -0.517125    0.272991    0.003572
-22.000   -0.494991    0.243380   -0.002704
-20.000   -0.472143    0.215822   -0.008068
-18.000   -0.449178    0.190455   -0.012454
-16.000   -0.426928    0.167405   -0.015799
-14.000   -0.406770    0.146922   -0.018013
-12.000   -0.382265    0.136372   -0.020532
-10.000   -0.381910    0.116620   -0.020085
 -8.000   -0.376677    0.109316   -0.022095
 -6.000   -0.371186    0.101142   -0.023877
 -4.000   -0.158820    0.039272   -0.061840
 -2.000    0.227100    0.017350   -0.109600
  0.000    0.515100    0.013300   -0.126000
  2.000    0.778000    0.012000   -0.134400
  4.000    0.981480    0.012500   -0.129120
  6.000    1.185287    0.017667   -0.113789
  8.000    1.140523    0.027699   -0.103734
 10.000    0.959298    0.042084   -0.104350
 12.000    0.865715    0.058108   -0.105618
 14.000    0.808775    0.076755   -0.107508
 16.000    0.773356    0.098024   -0.109989
 18.000    0.751659    0.121810   -0.113028
 20.000    0.738944    0.147998   -0.116591
 22.000    0.732142    0.176459   -0.120642
 24.000    0.729163    0.207054   -0.125149
 26.000    0.728527    0.239635   -0.130076
 28.000    0.729146    0.274042   -0.135390
 30.000    0.730199    0.310107   -0.141056
 32.000    0.731055    0.347655   -0.147041
 34.000    0.731219    0.386501   -0.153309
 36.000    0.730298    0.426457   -0.159828
 38.000    0.727978    0.467327   -0.166562
 40.000    0.724009    0.508912   -0.173478
 42.000    0.718194    0.551008   -0.180541
 44.000    0.710377    0.593411   -0.187717
 46.000    0.700441    0.635913   -0.194973
 48.000    0.688301    0.678306   -0.202273
 50.000    0.673900    0.720384   -0.209584
 52.000    0.657208    0.761941   -0.216871
 54.000    0.638219    0.802774   -0.224101
 56.000    0.616947    0.842683   -0.231239
 58.000    0.593429    0.881474   -0.238251
 60.000    0.567718    0.918957   -0.245103
 62.000    0.539886    0.954948   -0.251760
 64.000    0.510022    0.989273   -0.258189
 66.000    0.478227    1.021762   -0.264355
 68.000    0.444621    1.052257   -0.270224
 70.000    0.409333    1.080609   -0.275762
 72.000    0.372506    1.106680   -0.280935
 74.000    0.334293    1.130340   -0.285709
 76.000    0.294859    1.151475   -0.290048
 78.000    0.254376    1.169981   -0.293920
 80.000    0.213024    1.185767   -0.297291
 82.000    0.170992    1.198756   -0.300125
 84.000    0.128473    1.208882   -0.302388
 86.000    0.085666    1.216098   -0.304048
 88.000    0.042773    1.220365   -0.305068
 90.000    0.000000    1.221664   -0.305416
