Viterna extrapolated polar
 alpha from -90.0 to 90.0 deg
 BLEND_WIDTH = 6.000 deg

 alpha        Cl          Cd          Cm
 ------   ---------   ---------   ---------
-90.000   -0.000000    1.221664    0.305416
-88.000   -0.042633    1.223867    0.304958
-86.000   -0.085107    1.223097    0.303612
-84.000   -0.127215    1.219370    0.301421
-82.000   -0.168752    1.212720    0.298430
-80.000   -0.209517    1.203190    0.294680
-78.000   -0.249315    1.190842    0.290216
-76.000   -0.287951    1.175749    0.285081
-74.000   -0.325242    1.157997    0.279318
-72.000   -0.361007    1.137685    0.272970
-70.000   -0.395077    1.114926    0.266081
-68.000   -0.427288    1.089844    0.258694
-66.000   -0.457488    1.062572    0.250853
-64.000   -0.485536    1.033257    0.242600
-62.000   -0.511299    1.002053    0.233978
-60.000   -0.534658    0.969125    0.225033
-58.000   -0.555507    0.934644    0.215805
-56.000   -0.573751    0.898790    0.206340
-54.000   -0.589311    0.861750    0.196679
-52.000   -0.602122    0.823714    0.186867
-50.000   -0.612131    0.784879    0.176947
-48.000   -0.619302    0.745444    0.166961
-46.000   -0.623617    0.705612    0.156955
-44.000   -0.625069    0.665587    0.146969
-42.000   -0.623673    0.625573    0.137049
-40.000   -0.619457    0.585774    0.127237
-38.000   -0.612469    0.546393    0.117577
-36.000   -0.602775    0.507631    0.108111
-34.000   -0.590459    0.469684    0.098884
-32.000   -0.575630    0.432745    0.089938
-30.000   -0.558415    0.397001    0.081316
-28.000   -0.538971    0.362634    0.073063
-26.000   -0.517484    0.329817    0.065222
-24.000   -0.494179    0.298716    0.057835
-22.000   -0.469328    0.269489    0.050946
-20.000   -0.443271    0.242283    0.044598
-18.000   -0.416445    0.217236    0.038835
-16.000   -0.389439    0.194473    0.033700
-14.000   -0.363093    0.174111    0.029236
-12.000   -0.338701    0.156251    0.025486
-10.000   -0.318455    0.140984    0.022495
 -8.000   -0.306560    0.128386    0.020304
 -6.000   -0.310764    0.118772    0.017621
 -4.000   -0.364800    0.111440    0.018500
 -2.000   -0.223159    0.072772   -0.046315
  0.000    0.147900    0.051660   -0.095000
  2.000    0.406900    0.049830   -0.099400
  4.000    0.704100    0.045250   -0.102900
  6.000    0.877400    0.053230   -0.097500
  8.000    0.666400    0.101290   -0.091100
 10.000    0.636300    0.135370   -0.100567
 12.000    0.709300    0.157980   -0.105100
 14.000    0.776450    0.176910   -0.110400
 16.000    0.853000    0.197280   -0.117600
 18.000    0.851954    0.220524   -0.126097
 20.000    0.928630    0.238432   -0.133831
 22.000    0.912893    0.264528   -0.133760
 24.000    0.890904    0.294322   -0.135117
 26.000    0.873788    0.325494   -0.137224
 28.000    0.860043    0.358387   -0.140011
 30.000    0.848439    0.392836   -0.143428
 32.000    0.838036    0.428666   -0.147430
 34.000    0.828105    0.465696   -0.151969
 36.000    0.818072    0.503740   -0.156998
 38.000    0.807483    0.542603   -0.162470
 40.000    0.795973    0.582090   -0.168336
 42.000    0.783253    0.621998   -0.174551
 44.000    0.769095    0.662127   -0.181067
 46.000    0.753320    0.702271   -0.187837
 48.000    0.735793    0.742226   -0.194813
 50.000    0.716416    0.781787   -0.201949
 52.000    0.695124    0.820753   -0.209196
 54.000    0.671881    0.858923   -0.216509
 56.000    0.646679    0.896101   -0.223839
 58.000    0.619530    0.932095   -0.231140
 60.000    0.590473    0.966720   -0.238364
 62.000    0.559563    0.999795   -0.245464
 64.000    0.526875    1.031149   -0.252393
 66.000    0.492502    1.060616   -0.259104
 68.000    0.456552    1.088042   -0.265549
 70.000    0.419146    1.113281   -0.271681
 72.000    0.380421    1.136199   -0.277453
 74.000    0.340524    1.156671   -0.282818
 76.000    0.299614    1.174585   -0.287729
 78.000    0.257859    1.189842   -0.292138
 80.000    0.215438    1.202355   -0.295999
 82.000    0.172534    1.212050   -0.299263
 84.000    0.129339    1.218868   -0.301884
 86.000    0.086050    1.222761   -0.303815
 88.000    0.042869    1.223699   -0.305008
 90.000    0.000000    1.221664   -0.305416
