Viterna extrapolated polar
 alpha from -90.0 to 90.0 deg
 BLEND_WIDTH = 6.000 deg

 alpha        Cl          Cd          Cm
 ------   ---------   ---------   ---------
-90.000   -0.000000    1.221664    0.305416
-88.000   -0.042631    1.222954    0.304916
-86.000   -0.085098    1.221272    0.303448
-84.000   -0.127194    1.216637    0.301058
-82.000   -0.168715    1.209080    0.297794
-80.000   -0.209460    1.198649    0.293704
-78.000   -0.249232    1.185405    0.288834
-76.000   -0.287838    1.169422    0.283231
-74.000   -0.325094    1.150788    0.276944
-72.000   -0.360819    1.129603    0.270019
-70.000   -0.394844    1.105981    0.262503
-68.000   -0.427005    1.080046    0.254444
-66.000   -0.457149    1.051935    0.245889
-64.000   -0.485135    1.021792    0.236885
-62.000   -0.510831    0.989775    0.227480
-60.000   -0.534118    0.956048    0.217720
-58.000   -0.554887    0.920785    0.207653
-56.000   -0.573045    0.884165    0.197327
-54.000   -0.588512    0.846377    0.186788
-52.000   -0.601221    0.807612    0.176083
-50.000   -0.611121    0.768068    0.165260
-48.000   -0.618175    0.727944    0.154367
-46.000   -0.622361    0.687444    0.143449
-44.000   -0.623675    0.646773    0.132556
-42.000   -0.622128    0.606137    0.121733
-40.000   -0.617749    0.565739    0.111029
-38.000   -0.610581    0.525784    0.100489
-36.000   -0.600691    0.486472    0.090163
-34.000   -0.588159    0.448001    0.080096
-32.000   -0.573090    0.410565    0.070336
-30.000   -0.555608    0.374351    0.060931
-28.000   -0.535863    0.339541    0.051927
-26.000   -0.514035    0.306310    0.043372
-24.000   -0.490339    0.274823    0.035313
-22.000   -0.465033    0.245239    0.027797
-20.000   -0.438439    0.217706    0.020872
-18.000   -0.410967    0.192362    0.014585
-16.000   -0.383165    0.169333    0.008982
-14.000   -0.355810    0.148734    0.004112
-12.000   -0.330088    0.130669    0.000022
-10.000   -0.308002    0.115228   -0.003242
 -8.000   -0.293373    0.102487   -0.005632
 -6.000   -0.298789    0.093249   -0.007256
 -4.000   -0.338100    0.085350   -0.007600
 -2.000   -0.138895    0.057742   -0.046100
  0.000    0.236200    0.033740   -0.102500
  2.000    0.466200    0.035190   -0.113000
  4.000    0.844400    0.037920   -0.142250
  6.000    1.247000    0.027090   -0.152900
  8.000    1.327717    0.035619   -0.119593
 10.000    1.441800    0.054770   -0.094500
 12.000    1.260807    0.076292   -0.096775
 14.000    1.145826    0.089167   -0.096029
 16.000    1.063696    0.110321   -0.097881
 18.000    1.005168    0.133976   -0.100406
 20.000    0.962549    0.160018   -0.103563
 22.000    0.930897    0.188319   -0.107313
 24.000    0.906872    0.218740   -0.111617
 26.000    0.888130    0.251132   -0.116435
 28.000    0.872967    0.285337   -0.121728
 30.000    0.860112    0.321185   -0.127456
 32.000    0.848598    0.358503   -0.133579
 34.000    0.837670    0.397106   -0.140058
 36.000    0.826738    0.436806   -0.146853
 38.000    0.815332    0.477407   -0.153926
 40.000    0.803078    0.518711   -0.161235
 42.000    0.789676    0.560515   -0.168742
 44.000    0.774892    0.602613   -0.176408
 46.000    0.758540    0.644799   -0.184192
 48.000    0.740482    0.686866   -0.192055
 50.000    0.720613    0.728607   -0.199958
 52.000    0.698867    0.769816   -0.207861
 54.000    0.675205    0.810293   -0.215724
 56.000    0.649614    0.849836   -0.223508
 58.000    0.622107    0.888253   -0.231174
 60.000    0.592720    0.925353   -0.238681
 62.000    0.561506    0.960954   -0.245990
 64.000    0.528539    0.994880   -0.253063
 66.000    0.493912    1.026965   -0.259858
 68.000    0.457729    1.057049   -0.266337
 70.000    0.420115    1.084985   -0.272460
 72.000    0.381202    1.110633   -0.278188
 74.000    0.341139    1.133866   -0.283481
 76.000    0.300083    1.154570   -0.288299
 78.000    0.258203    1.172641   -0.292603
 80.000    0.215676    1.187989   -0.296353
 82.000    0.172686    1.200536   -0.299510
 84.000    0.129424    1.210220   -0.302035
 86.000    0.086088    1.216990   -0.303887
 88.000    0.042879    1.220812   -0.305027
 90.000    0.000000    1.221664   -0.305416
