Viterna extrapolated polar
 alpha from -90.0 to 90.0 deg
 BLEND_WIDTH = 6.000 deg

 alpha        Cl          Cd          Cm
 ------   ---------   ---------   ---------
-90.000   -0.000000    1.221664    0.305416
-88.000   -0.042641    1.222793    0.304875
-86.000   -0.085138    1.220950    0.303289
-84.000   -0.127285    1.216153    0.300708
-82.000   -0.168878    1.208436    0.297186
-80.000   -0.209714    1.197846    0.292775
-78.000   -0.249599    1.184444    0.287528
-76.000   -0.288339    1.168303    0.281496
-74.000   -0.325750    1.149514    0.274734
-72.000   -0.361653    1.128175    0.267292
-70.000   -0.395877    1.104400    0.259224
-68.000   -0.428261    1.078315    0.250582
-66.000   -0.458653    1.050054    0.241419
-64.000   -0.486911    1.019766    0.231786
-62.000   -0.512904    0.987604    0.221737
-60.000   -0.536514    0.953736    0.211324
-58.000   -0.557636    0.918335    0.200600
-56.000   -0.576177    0.881580    0.189616
-54.000   -0.592058    0.843660    0.178425
-52.000   -0.605215    0.804766    0.167081
-50.000   -0.615599    0.765096    0.155635
-48.000   -0.623177    0.724851    0.144139
-46.000   -0.627931    0.684233    0.132647
-44.000   -0.629860    0.643448    0.121211
-42.000   -0.628981    0.602701    0.109882
-40.000   -0.625329    0.562198    0.098715
-38.000   -0.618956    0.522141    0.087761
-36.000   -0.609936    0.482732    0.077072
-34.000   -0.598364    0.444169    0.066702
-32.000   -0.584358    0.406645    0.056702
-30.000   -0.568062    0.370348    0.047125
-28.000   -0.549651    0.335459    0.038024
-26.000   -0.529336    0.302155    0.029451
-24.000   -0.507375    0.270600    0.021458
-22.000   -0.484087    0.240953    0.014099
-20.000   -0.459875    0.213362    0.007425
-18.000   -0.435270    0.187965    0.001489
-16.000   -0.410999    0.164889   -0.003657
-14.000   -0.388122    0.144249   -0.007960
-12.000   -0.368297    0.126147   -0.011367
-10.000   -0.354375    0.110675   -0.013826
 -8.000   -0.349547    0.099319   -0.016307
 -6.000   -0.370108    0.087721   -0.015891
 -4.000   -0.258014    0.055091   -0.038142
 -2.000    0.028000    0.024910   -0.066000
  0.000    0.200800    0.022810   -0.063600
  2.000    0.483700    0.030660   -0.091600
  4.000    0.728900    0.037860   -0.108100
  6.000    0.992018    0.031687   -0.099413
  8.000    1.147952    0.037939   -0.060688
 10.000    1.061761    0.059627   -0.054905
 12.000    0.947734    0.067189   -0.055550
 14.000    0.878137    0.085764   -0.057478
 16.000    0.833105    0.106949   -0.060191
 18.000    0.803829    0.130640   -0.063644
 20.000    0.784960    0.156722   -0.067794
 22.000    0.773043    0.185067   -0.072595
 24.000    0.765734    0.215536   -0.078003
 26.000    0.761372    0.247980   -0.083974
 28.000    0.758743    0.282239   -0.090462
 30.000    0.756934    0.318148   -0.097424
 32.000    0.755244    0.355528   -0.104815
 34.000    0.753126    0.394198   -0.112590
 36.000    0.750144    0.433968   -0.120704
 38.000    0.745954    0.474643   -0.129114
 40.000    0.740281    0.516024   -0.137774
 42.000    0.732904    0.557908   -0.146641
 44.000    0.723654    0.600089   -0.155668
 46.000    0.712397    0.642362   -0.164813
 48.000    0.699039    0.684518   -0.174030
 50.000    0.683513    0.726352   -0.183275
 52.000    0.665781    0.767657   -0.192504
 54.000    0.645830    0.808231   -0.201671
 56.000    0.623670    0.847875   -0.210732
 58.000    0.599330    0.886394   -0.219643
 60.000    0.572863    0.923599   -0.228359
 62.000    0.544335    0.959307   -0.236835
 64.000    0.513832    0.993342   -0.245028
 66.000    0.481455    1.025538   -0.252892
 68.000    0.447319    1.055735   -0.260383
 70.000    0.411552    1.083785   -0.267456
 72.000    0.374296    1.109549   -0.274067
 74.000    0.335702    1.132899   -0.280171
 76.000    0.295934    1.153721   -0.285724
 78.000    0.255163    1.171912   -0.290681
 80.000    0.213570    1.187379   -0.294998
 82.000    0.171340    1.200048   -0.298630
 84.000    0.128669    1.209853   -0.301532
 86.000    0.085753    1.216745   -0.303660
 88.000    0.042795    1.220689   -0.304970
 90.000    0.000000    1.221664   -0.305416
