Viterna extrapolated polar
 alpha from -90.0 to 90.0 deg
 BLEND_WIDTH = 6.000 deg

 alpha        Cl          Cd          Cm
 ------   ---------   ---------   ---------
-90.000   -0.000000    1.221664    0.305416
-88.000   -0.042628    1.222835    0.304850
-86.000   -0.085084    1.221033    0.303188
-84.000   -0.127162    1.216278    0.300485
-82.000   -0.168658    1.208603    0.296794
-80.000   -0.209371    1.198054    0.292170
-78.000   -0.249103    1.184692    0.286667
-76.000   -0.287663    1.168592    0.280340
-74.000   -0.324864    1.149843    0.273243
-72.000   -0.360528    1.128544    0.265430
-70.000   -0.394482    1.104809    0.256955
-68.000   -0.426565    1.078762    0.247873
-66.000   -0.456623    1.050540    0.238238
-64.000   -0.484514    1.020289    0.228104
-62.000   -0.510106    0.988165    0.217526
-60.000   -0.533279    0.954334    0.206557
-58.000   -0.553925    0.918968    0.195253
-56.000   -0.571950    0.882248    0.183667
-54.000   -0.587272    0.844362    0.171854
-52.000   -0.599824    0.805501    0.159867
-50.000   -0.609554    0.765864    0.147762
-48.000   -0.616425    0.725650    0.135593
-46.000   -0.620413    0.685063    0.123413
-44.000   -0.621512    0.644307    0.111277
-42.000   -0.619731    0.603589    0.099240
-40.000   -0.615097    0.563113    0.087355
-38.000   -0.607652    0.523082    0.075678
-36.000   -0.597456    0.483698    0.064262
-34.000   -0.584589    0.445159    0.053161
-32.000   -0.569148    0.407658    0.042430
-30.000   -0.551251    0.371382    0.032123
-28.000   -0.531040    0.336514    0.022294
-26.000   -0.508683    0.303228    0.012999
-24.000   -0.484379    0.271691    0.004290
-22.000   -0.458367    0.242061   -0.003778
-20.000   -0.430939    0.214485   -0.011150
-18.000   -0.402465    0.189102   -0.017772
-16.000   -0.373428    0.166037   -0.023590
-14.000   -0.344506    0.145408   -0.028550
-12.000   -0.316722    0.127316   -0.032597
-10.000   -0.291779    0.111852   -0.035677
 -8.000   -0.273149    0.099142   -0.037681
 -6.000   -0.273422    0.090208   -0.037627
 -4.000   -0.217251    0.065716   -0.056515
 -2.000    0.200037    0.033826   -0.119050
  0.000    0.590700    0.016260   -0.155300
  2.000    0.897000    0.010550   -0.169950
  4.000    1.134200    0.012190   -0.171600
  6.000    1.299331    0.018889   -0.150639
  8.000    1.342768    0.026962   -0.135903
 10.000    1.138220    0.040121   -0.136258
 12.000    1.005877    0.056693   -0.137211
 14.000    0.927307    0.075352   -0.138688
 16.000    0.875461    0.096634   -0.140674
 18.000    0.840811    0.120435   -0.143142
 20.000    0.817580    0.146639   -0.146061
 22.000    0.802038    0.175118   -0.149402
 24.000    0.791659    0.205733   -0.153136
 26.000    0.784655    0.238335   -0.157234
 28.000    0.779724    0.272765   -0.161666
 30.000    0.775886    0.308855   -0.166404
 32.000    0.772392    0.346428   -0.171417
 34.000    0.768655    0.385302   -0.176678
 36.000    0.764213    0.425287   -0.182156
 38.000    0.758698    0.466187   -0.187822
 40.000    0.751815    0.507804   -0.193647
 42.000    0.743332    0.549934   -0.199602
 44.000    0.733065    0.592371   -0.205658
 46.000    0.720873    0.634908   -0.211785
 48.000    0.706651    0.677338   -0.217953
 50.000    0.690328    0.719454   -0.224135
 52.000    0.671858    0.761050   -0.230300
 54.000    0.651226    0.801924   -0.236420
 56.000    0.628435    0.841874   -0.242464
 58.000    0.603514    0.880707   -0.248405
 60.000    0.576510    0.918234   -0.254212
 62.000    0.547489    0.954269   -0.259856
 64.000    0.516534    0.988639   -0.265308
 66.000    0.483743    1.021174   -0.270540
 68.000    0.449231    1.051715   -0.275520
 70.000    0.413125    1.080115   -0.280221
 72.000    0.375564    1.106233   -0.284614
 74.000    0.336701    1.129942   -0.288668
 76.000    0.296696    1.151126   -0.292354
 78.000    0.255722    1.169681   -0.295644
 80.000    0.213957    1.185516   -0.298508
 82.000    0.171588    1.198554   -0.300917
 84.000    0.128807    1.208731   -0.302841
 86.000    0.085814    1.215997   -0.304252
 88.000    0.042810    1.220315   -0.305120
 90.000    0.000000    1.221664   -0.305416
