Viterna extrapolated polar
 alpha from -90.0 to 90.0 deg
 BLEND_WIDTH = 6.000 deg

 alpha        Cl          Cd          Cm
 ------   ---------   ---------   ---------
-90.000   -0.000000    1.221664    0.305416
-88.000   -0.042643    1.222859    0.304875
-86.000   -0.085147    1.221083    0.303289
-84.000   -0.127304    1.216352    0.300708
-82.000   -0.168911    1.208701    0.297187
-80.000   -0.209766    1.198176    0.292778
-78.000   -0.249674    1.184839    0.287532
-76.000   -0.288441    1.168764    0.281504
-74.000   -0.325884    1.150038    0.274746
-72.000   -0.361823    1.128763    0.267310
-70.000   -0.396088    1.105051    0.259248
-68.000   -0.428518    1.079027    0.250615
-66.000   -0.458960    1.050828    0.241461
-64.000   -0.487273    1.020599    0.231841
-62.000   -0.513327    0.988497    0.221806
-60.000   -0.537004    0.954688    0.211409
-58.000   -0.558197    0.919343    0.200702
-56.000   -0.576816    0.882644    0.189739
-54.000   -0.592782    0.844778    0.178572
-52.000   -0.606030    0.805937    0.167254
-50.000   -0.616513    0.766319    0.155837
-48.000   -0.624198    0.726123    0.144374
-46.000   -0.629068    0.685554    0.132918
-44.000   -0.631122    0.644816    0.121521
-42.000   -0.630380    0.604115    0.110236
-40.000   -0.626876    0.563655    0.099115
-38.000   -0.620665    0.523640    0.088211
-36.000   -0.611823    0.484271    0.077577
-34.000   -0.600447    0.445746    0.067266
-32.000   -0.586658    0.408258    0.057329
-30.000   -0.570604    0.371995    0.047821
-28.000   -0.552465    0.337139    0.038792
-26.000   -0.532459    0.303864    0.030297
-24.000   -0.510852    0.272338    0.022387
-22.000   -0.487976    0.242717    0.015115
-20.000   -0.464250    0.215150    0.008534
-18.000   -0.440230    0.189774    0.002697
-16.000   -0.416680    0.166718   -0.002344
-14.000   -0.394717    0.146094   -0.006537
-12.000   -0.376095    0.128008   -0.009828
-10.000   -0.363840    0.112548   -0.012164
 -8.000   -0.363725    0.100939   -0.014386
 -6.000   -0.375763    0.085947   -0.017980
 -4.000   -0.089404    0.045211   -0.090461
 -2.000    0.324300    0.018570   -0.141500
  0.000    0.633900    0.013750   -0.161100
  2.000    0.903900    0.010320   -0.169800
  4.000    1.120600    0.011560   -0.166400
  6.000    1.291525    0.018911   -0.145207
  8.000    1.192393    0.027239   -0.132043
 10.000    0.998860    0.041755   -0.136449
 12.000    0.899316    0.057693   -0.137572
 14.000    0.837191    0.076344   -0.139216
 16.000    0.797834    0.097617   -0.141350
 18.000    0.773032    0.121407   -0.143948
 20.000    0.757795    0.147599   -0.146980
 22.000    0.748898    0.176066   -0.150417
 24.000    0.744145    0.206667   -0.154232
 26.000    0.741983    0.239254   -0.158396
 28.000    0.741271    0.273668   -0.162880
 30.000    0.741152    0.309740   -0.167656
 32.000    0.740965    0.347295   -0.172695
 34.000    0.740194    0.386150   -0.177969
 36.000    0.738428    0.426114   -0.183450
 38.000    0.735342    0.466993   -0.189109
 40.000    0.730675    0.508587   -0.194917
 42.000    0.724220    0.550693   -0.200846
 44.000    0.715816    0.593106   -0.206868
 46.000    0.705339    0.635618   -0.212954
 48.000    0.692700    0.678022   -0.219075
 50.000    0.677838    0.720111   -0.225204
 52.000    0.660720    0.761680   -0.231311
 54.000    0.641337    0.802524   -0.237369
 56.000    0.619701    0.842446   -0.243348
 58.000    0.595846    0.881249   -0.249220
 60.000    0.569826    0.918745   -0.254957
 62.000    0.541709    0.954749   -0.260531
 64.000    0.511583    0.989087   -0.265912
 66.000    0.479550    1.021589   -0.271072
 68.000    0.445726    1.052098   -0.275983
 70.000    0.410242    1.080464   -0.280617
 72.000    0.373239    1.106549   -0.284944
 74.000    0.334871    1.130223   -0.288937
 76.000    0.295300    1.151373   -0.292567
 78.000    0.254698    1.169893   -0.295805
 80.000    0.213248    1.185694   -0.298623
 82.000    0.171135    1.198697   -0.300993
 84.000    0.128553    1.208838   -0.302885
 86.000    0.085701    1.216068   -0.304272
 88.000    0.042782    1.220351   -0.305125
 90.000    0.000000    1.221664   -0.305416
