Viterna extrapolated polar
 alpha from -90.0 to 90.0 deg
 BLEND_WIDTH = 6.000 deg

 alpha        Cl          Cd          Cm
 ------   ---------   ---------   ---------
-90.000   -0.000000    1.221664    0.305416
-88.000   -0.042642    1.222969    0.304864
-86.000   -0.085141    1.221301    0.303245
-84.000   -0.127290    1.216679    0.300611
-82.000   -0.168886    1.209137    0.297017
-80.000   -0.209728    1.198720    0.292516
-78.000   -0.249619    1.185490    0.287163
-76.000   -0.288367    1.169521    0.281010
-74.000   -0.325786    1.150901    0.274112
-72.000   -0.361699    1.129730    0.266522
-70.000   -0.395934    1.106121    0.258294
-68.000   -0.428330    1.080200    0.249482
-66.000   -0.458736    1.052101    0.240139
-64.000   -0.487008    1.021972    0.230319
-62.000   -0.513018    0.989967    0.220077
-60.000   -0.536646    0.956253    0.209465
-58.000   -0.557787    0.921002    0.198537
-56.000   -0.576349    0.884394    0.187348
-54.000   -0.592253    0.846618    0.175950
-52.000   -0.605435    0.807864    0.164398
-50.000   -0.615845    0.768331    0.152745
-48.000   -0.623452    0.728218    0.141045
-46.000   -0.628237    0.687729    0.129352
-44.000   -0.630200    0.647068    0.117719
-42.000   -0.629358    0.606441    0.106200
-40.000   -0.625745    0.566053    0.094849
-38.000   -0.619416    0.526106    0.083720
-36.000   -0.610444    0.486803    0.072867
-34.000   -0.598925    0.448341    0.062342
-32.000   -0.584977    0.410912    0.052200
-30.000   -0.568746    0.374706    0.042495
-28.000   -0.550408    0.339903    0.033279
-26.000   -0.530177    0.306678    0.024608
-24.000   -0.508311    0.275197    0.016535
-22.000   -0.485134    0.245619    0.009113
-20.000   -0.461053    0.218091    0.002396
-18.000   -0.436605    0.192751   -0.003562
-16.000   -0.412528    0.169726   -0.008707
-14.000   -0.389897    0.149131   -0.012986
-12.000   -0.370396    0.131070   -0.016345
-10.000   -0.356923    0.115631   -0.018731
 -8.000   -0.353311    0.104199   -0.019746
 -6.000   -0.348211    0.088671   -0.028448
 -4.000   -0.129495    0.057801   -0.075298
 -2.000    0.262300    0.027747   -0.134267
  0.000    0.636900    0.013840   -0.160900
  2.000    0.932600    0.008860   -0.176900
  4.000    1.128000    0.011900   -0.171000
  6.000    1.315317    0.019169   -0.152219
  8.000    1.314507    0.026824   -0.139911
 10.000    1.102570    0.040731   -0.140338
 12.000    0.980573    0.056989   -0.141324
 14.000    0.905908    0.075645   -0.142820
 16.000    0.857027    0.096925   -0.144809
 18.000    0.824716    0.120722   -0.147261
 20.000    0.803383    0.146923   -0.150148
 22.000    0.789420    0.175398   -0.153441
 24.000    0.780376    0.206009   -0.157114
 26.000    0.774522    0.238607   -0.161136
 28.000    0.770593    0.273032   -0.165480
 30.000    0.767638    0.309117   -0.170118
 32.000    0.764929    0.346685   -0.175021
 34.000    0.761897    0.385553   -0.180161
 36.000    0.758090    0.425532   -0.185510
 38.000    0.753152    0.466426   -0.191040
 40.000    0.746795    0.508036   -0.196721
 42.000    0.738794    0.550158   -0.202526
 44.000    0.728969    0.592588   -0.208427
 46.000    0.717184    0.635118   -0.214394
 48.000    0.703339    0.677541   -0.220401
 50.000    0.687362    0.719649   -0.226419
 52.000    0.669214    0.761237   -0.232418
 54.000    0.648877    0.802101   -0.238372
 56.000    0.626361    0.842043   -0.244251
 58.000    0.601693    0.880868   -0.250028
 60.000    0.574923    0.918385   -0.255674
 62.000    0.546116    0.954411   -0.261161
 64.000    0.515358    0.988771   -0.266460
 66.000    0.482747    1.021297   -0.271544
 68.000    0.448399    1.051829   -0.276383
 70.000    0.412440    1.080218   -0.280950
 72.000    0.375012    1.106326   -0.285217
 74.000    0.336266    1.130025   -0.289154
 76.000    0.296365    1.151199   -0.292735
 78.000    0.255479    1.169744   -0.295929
 80.000    0.213788    1.185569   -0.298710
 82.000    0.171480    1.198596   -0.301049
 84.000    0.128747    1.208763   -0.302917
 86.000    0.085787    1.216018   -0.304287
 88.000    0.042803    1.220325   -0.305129
 90.000    0.000000    1.221664   -0.305416
