Viterna extrapolated polar
 alpha from -90.0 to 90.0 deg
 BLEND_WIDTH = 6.000 deg

 alpha        Cl          Cd          Cm
 ------   ---------   ---------   ---------
-90.000   -0.000000    1.221664    0.305416
-88.000   -0.042633    1.223024    0.304857
-86.000   -0.085104    1.221411    0.303216
-84.000   -0.127208    1.216844    0.300547
-82.000   -0.168741    1.209356    0.296904
-80.000   -0.209500    1.198994    0.292342
-78.000   -0.249289    1.185818    0.286915
-76.000   -0.287917    1.169902    0.280677
-74.000   -0.325196    1.151335    0.273683
-72.000   -0.360950    1.130217    0.265986
-70.000   -0.395005    1.106661    0.257642
-68.000   -0.427201    1.080791    0.248704
-66.000   -0.457384    1.052743    0.239227
-64.000   -0.485413    1.022663    0.229264
-62.000   -0.511155    0.990707    0.218871
-60.000   -0.534492    0.957041    0.208101
-58.000   -0.555316    0.921837    0.197009
-56.000   -0.573534    0.885276    0.185649
-54.000   -0.589066    0.847545    0.174075
-52.000   -0.601845    0.808835    0.162342
-50.000   -0.611820    0.769344    0.150504
-48.000   -0.618955    0.729273    0.138614
-46.000   -0.623230    0.688824    0.126729
-44.000   -0.624641    0.648202    0.114900
-42.000   -0.623198    0.607613    0.103184
-40.000   -0.618932    0.567261    0.091634
-38.000   -0.611889    0.527349    0.080305
-36.000   -0.602134    0.488079    0.069250
-34.000   -0.589752    0.449648    0.058524
-32.000   -0.574848    0.412250    0.048182
-30.000   -0.557552    0.376071    0.038277
-28.000   -0.538015    0.341295    0.028864
-26.000   -0.516424    0.308095    0.019997
-24.000   -0.492998    0.276638    0.011731
-22.000   -0.468007    0.247081    0.004119
-20.000   -0.441785    0.219573   -0.002783
-18.000   -0.414760    0.194251   -0.008923
-16.000   -0.387510    0.171242   -0.014244
-14.000   -0.360853    0.150662   -0.018694
-12.000   -0.336052    0.132612   -0.022218
-10.000   -0.315240    0.117184   -0.024762
 -8.000   -0.302773    0.105518   -0.025243
 -6.000   -0.298978    0.093671   -0.028181
 -4.000   -0.047383    0.050398   -0.090534
 -2.000    0.312600    0.018430   -0.142000
  0.000    0.619400    0.013450   -0.157300
  2.000    0.919300    0.010380   -0.169500
  4.000    1.109200    0.012820   -0.161800
  6.000    1.246200    0.016420   -0.145300
  8.000    1.355800    0.022623   -0.128067
 10.000    1.451283    0.031696   -0.107580
 12.000    1.496941    0.048334   -0.087176
 14.000    1.402211    0.065155   -0.084237
 16.000    1.267878    0.088979   -0.085242
 18.000    1.183447    0.112861   -0.087028
 20.000    1.119800    0.139156   -0.089582
 22.000    1.070671    0.167735   -0.092860
 24.000    1.031846    0.198458   -0.096814
 26.000    1.000371    0.231178   -0.101399
 28.000    0.974109    0.265734   -0.106569
 30.000    0.951474    0.301958   -0.112278
 32.000    0.931259    0.339675   -0.118479
 34.000    0.912532    0.378700   -0.125127
 36.000    0.894560    0.418845   -0.132175
 38.000    0.876764    0.459912   -0.139578
 40.000    0.858682    0.501704   -0.147288
 42.000    0.839946    0.544016   -0.155261
 44.000    0.820262    0.586642   -0.163450
 46.000    0.799399    0.629376   -0.171809
 48.000    0.777178    0.672010   -0.180291
 50.000    0.753465    0.714336   -0.188852
 52.000    0.728164    0.756148   -0.197444
 54.000    0.701216    0.797243   -0.206021
 56.000    0.672587    0.837421   -0.214539
 58.000    0.642276    0.876488   -0.222949
 60.000    0.610302    0.914252   -0.231207
 62.000    0.576709    0.950531   -0.239266
 64.000    0.541562    0.985148   -0.247081
 66.000    0.504941    1.017935   -0.254604
 68.000    0.466948    1.048732   -0.261790
 70.000    0.427697    1.077391   -0.268594
 72.000    0.387318    1.103772   -0.274968
 74.000    0.345953    1.127747   -0.280866
 76.000    0.303757    1.149199   -0.286244
 78.000    0.260895    1.168025   -0.291054
 80.000    0.217541    1.184133   -0.295250
 82.000    0.173877    1.197446   -0.298787
 84.000    0.130093    1.207899   -0.301618
 86.000    0.086385    1.215441   -0.303697
 88.000    0.042953    1.220037   -0.304979
 90.000    0.000000    1.221664   -0.305416
