Viterna extrapolated polar
 alpha from -90.0 to 90.0 deg
 BLEND_WIDTH = 6.000 deg

 alpha        Cl          Cd          Cm
 ------   ---------   ---------   ---------
-90.000   -0.000000    1.221664    0.305416
-88.000   -0.042645    1.223850    0.304779
-86.000   -0.085155    1.223062    0.302914
-84.000   -0.127322    1.219319    0.299889
-82.000   -0.168943    1.212651    0.295771
-80.000   -0.209817    1.203105    0.290628
-78.000   -0.249747    1.190740    0.284528
-76.000   -0.288542    1.175630    0.277538
-74.000   -0.326016    1.157861    0.269727
-72.000   -0.361990    1.137533    0.261162
-70.000   -0.396296    1.114758    0.251911
-68.000   -0.428770    1.089660    0.242042
-66.000   -0.459261    1.062372    0.231622
-64.000   -0.487629    1.033042    0.220719
-62.000   -0.513742    1.001823    0.209401
-60.000   -0.537484    0.968879    0.197736
-58.000   -0.558749    0.934384    0.185791
-56.000   -0.577444    0.898515    0.173634
-54.000   -0.593492    0.861461    0.161334
-52.000   -0.606831    0.823411    0.148957
-50.000   -0.617411    0.784563    0.136572
-48.000   -0.625201    0.745115    0.124246
-46.000   -0.630184    0.705271    0.112047
-44.000   -0.632362    0.665233    0.100043
-42.000   -0.631754    0.625207    0.088302
-40.000   -0.628395    0.585397    0.076891
-38.000   -0.622344    0.546006    0.065878
-36.000   -0.613677    0.507233    0.055330
-34.000   -0.602493    0.469276    0.045317
-32.000   -0.588917    0.432328    0.035905
-30.000   -0.573101    0.396575    0.027162
-28.000   -0.555229    0.362200    0.019156
-26.000   -0.535526    0.329375    0.011955
-24.000   -0.514267    0.298267    0.005626
-22.000   -0.491795    0.269033    0.000237
-20.000   -0.468547    0.241821   -0.004143
-18.000   -0.445102    0.216768   -0.007448
-16.000   -0.422392    0.194069   -0.009446
-14.000   -0.392143    0.171341   -0.011741
-12.000   -0.314842    0.130044   -0.027559
-10.000   -0.204441    0.092528   -0.048810
 -8.000   -0.170924    0.082705   -0.054631
 -6.000   -0.137407    0.072881   -0.060452
 -4.000   -0.103890    0.063058   -0.066272
 -2.000    0.264750    0.010665   -0.104600
  0.000    0.482200    0.007870   -0.105200
  2.000    0.684500    0.008420   -0.102500
  4.000    0.877000    0.010110   -0.099300
  6.000    1.095348    0.017772   -0.091372
  8.000    1.123461    0.050127   -0.090552
 10.000    0.964515    0.049131   -0.090234
 12.000    0.868686    0.064181   -0.091456
 14.000    0.811288    0.082780   -0.093408
 16.000    0.775521    0.103993   -0.096001
 18.000    0.753549    0.127715   -0.099198
 20.000    0.740611    0.153832   -0.102962
 22.000    0.733623    0.182216   -0.107257
 24.000    0.730488    0.212726   -0.112045
 26.000    0.729717    0.245216   -0.117290
 28.000    0.730218    0.279524   -0.122954
 30.000    0.731168    0.315484   -0.129001
 32.000    0.731932    0.352920   -0.135395
 34.000    0.732013    0.391649   -0.142097
 36.000    0.731017    0.431480   -0.149071
 38.000    0.728629    0.472220   -0.156281
 40.000    0.724599    0.513668   -0.163689
 42.000    0.718727    0.555623   -0.171258
 44.000    0.710858    0.597877   -0.178952
 46.000    0.700874    0.640226   -0.186733
 48.000    0.688690    0.682461   -0.194565
 50.000    0.674248    0.724375   -0.202411
 52.000    0.657519    0.765763   -0.210234
 54.000    0.638494    0.806423   -0.217997
 56.000    0.617190    0.846155   -0.225664
 58.000    0.593642    0.884764   -0.233196
 60.000    0.567904    0.922061   -0.240558
 62.000    0.540047    0.957863   -0.247712
 64.000    0.510160    0.991994   -0.254622
 66.000    0.478344    1.024287   -0.261250
 68.000    0.444719    1.054583   -0.267560
 70.000    0.409414    1.082733   -0.273515
 72.000    0.372571    1.108598   -0.279078
 74.000    0.334345    1.132052   -0.284213
 76.000    0.294898    1.152978   -0.288881
 78.000    0.254404    1.171272   -0.293046
 80.000    0.213044    1.186845   -0.296672
 82.000    0.171004    1.199620   -0.299722
 84.000    0.128480    1.209531   -0.302158
 86.000    0.085669    1.216531   -0.303943
 88.000    0.042774    1.220582   -0.305042
 90.000    0.000000    1.221664   -0.305416
