Viterna extrapolated polar
 alpha from -90.0 to 90.0 deg
 BLEND_WIDTH = 6.000 deg

 alpha        Cl          Cd          Cm
 ------   ---------   ---------   ---------
-90.000   -0.000000    1.221664    0.305416
-88.000   -0.042638    1.222670    0.304884
-86.000   -0.085127    1.220704    0.303324
-84.000   -0.127259    1.215785    0.300785
-82.000   -0.168830    1.207947    0.297319
-80.000   -0.209640    1.197235    0.292977
-78.000   -0.249491    1.183712    0.287811
-76.000   -0.288192    1.167452    0.281871
-74.000   -0.325558    1.148543    0.275209
-72.000   -0.361408    1.127087    0.267875
-70.000   -0.395574    1.103196    0.259922
-68.000   -0.427893    1.076996    0.251400
-66.000   -0.458212    1.048623    0.242359
-64.000   -0.486390    1.018222    0.232852
-62.000   -0.512296    0.985952    0.222930
-60.000   -0.535811    0.951976    0.212643
-58.000   -0.556830    0.916469    0.202043
-56.000   -0.575258    0.879612    0.191181
-54.000   -0.591018    0.841591    0.180108
-52.000   -0.604043    0.802599    0.168875
-50.000   -0.614285    0.762833    0.157534
-48.000   -0.621709    0.722495    0.146134
-46.000   -0.626297    0.681788    0.134729
-44.000   -0.628045    0.640916    0.123368
-42.000   -0.626971    0.600085    0.112103
-40.000   -0.623105    0.559501    0.100986
-38.000   -0.616499    0.519367    0.090066
-36.000   -0.607224    0.479884    0.079395
-34.000   -0.595370    0.441250    0.069026
-32.000   -0.581052    0.403659    0.059007
-30.000   -0.564408    0.367299    0.049392
-28.000   -0.545606    0.332351    0.040230
-26.000   -0.524847    0.298991    0.031573
-24.000   -0.502377    0.267384    0.023473
-22.000   -0.478496    0.237689    0.015980
-20.000   -0.453586    0.210055    0.009145
-18.000   -0.428139    0.184618    0.003020
-16.000   -0.402833    0.161505   -0.002345
-14.000   -0.378642    0.140833   -0.006897
-12.000   -0.357087    0.122704   -0.010587
-10.000   -0.340769    0.107208   -0.013362
 -8.000   -0.334357    0.094729   -0.015366
 -6.000   -0.357536    0.086105   -0.015302
 -4.000   -0.275114    0.058435   -0.035280
 -2.000    0.030700    0.024910   -0.066100
  0.000    0.200800    0.022960   -0.064100
  2.000    0.483000    0.030620   -0.091400
  4.000    0.750000    0.037400   -0.107800
  6.000    0.979300    0.032020   -0.102400
  8.000    1.140965    0.040421   -0.062159
 10.000    1.163372    0.072997   -0.051314
 12.000    1.049457    0.079875   -0.051544
 14.000    0.965505    0.097236   -0.052900
 16.000    0.908366    0.118314   -0.055316
 18.000    0.869542    0.141885   -0.058523
 20.000    0.842921    0.167833   -0.062475
 22.000    0.824564    0.196030   -0.067124
 24.000    0.811799    0.226337   -0.072424
 26.000    0.802743    0.258607   -0.078328
 28.000    0.796023    0.292679   -0.084788
 30.000    0.790609    0.328387   -0.091759
 32.000    0.785713    0.365555   -0.099192
 34.000    0.780719    0.404000   -0.107042
 36.000    0.775143    0.443534   -0.115261
 38.000    0.768598    0.483960   -0.123802
 40.000    0.760776    0.525081   -0.132619
 42.000    0.751434    0.566695   -0.141665
 44.000    0.740377    0.608595   -0.150892
 46.000    0.727458    0.650576   -0.160254
 48.000    0.712565    0.692430   -0.169704
 50.000    0.695622    0.733952   -0.179195
 52.000    0.676580    0.774936   -0.188680
 54.000    0.655417    0.815181   -0.198113
 56.000    0.632137    0.854486   -0.207445
 58.000    0.606764    0.892659   -0.216632
 60.000    0.579344    0.929511   -0.225624
 62.000    0.549939    0.964858   -0.234377
 64.000    0.518632    0.998526   -0.242842
 66.000    0.485521    1.030347   -0.250973
 68.000    0.450717    1.060164   -0.258723
 70.000    0.414347    1.087829   -0.266045
 72.000    0.376550    1.113202   -0.272893
 74.000    0.337477    1.136158   -0.279218
 76.000    0.297288    1.156582   -0.284976
 78.000    0.256155    1.174370   -0.290117
 80.000    0.214257    1.189433   -0.294596
 82.000    0.171780    1.201693   -0.298366
 84.000    0.128915    1.211089   -0.301380
 86.000    0.085862    1.217570   -0.303591
 88.000    0.042822    1.221102   -0.304952
 90.000    0.000000    1.221664   -0.305416
