Viterna extrapolated polar
 alpha from -90.0 to 90.0 deg
 BLEND_WIDTH = 6.000 deg

 alpha        Cl          Cd          Cm
 ------   ---------   ---------   ---------
-90.000   -0.000000    1.221664    0.305416
-88.000   -0.042636    1.223004    0.304870
-86.000   -0.085119    1.221371    0.303268
-84.000   -0.127241    1.216785    0.300663
-82.000   -0.168799    1.209277    0.297107
-80.000   -0.209591    1.198895    0.292655
-78.000   -0.249421    1.185699    0.287359
-76.000   -0.288096    1.169764    0.281272
-74.000   -0.325432    1.151178    0.274448
-72.000   -0.361249    1.130041    0.266940
-70.000   -0.395376    1.106466    0.258800
-68.000   -0.427652    1.080577    0.250083
-66.000   -0.457924    1.052511    0.240840
-64.000   -0.486050    1.022413    0.231126
-62.000   -0.511899    0.990440    0.220994
-60.000   -0.535352    0.956756    0.210496
-58.000   -0.556303    0.921535    0.199685
-56.000   -0.574658    0.884957    0.188616
-54.000   -0.590338    0.847209    0.177341
-52.000   -0.603278    0.808484    0.165913
-50.000   -0.613427    0.768978    0.154385
-48.000   -0.620751    0.728891    0.142811
-46.000   -0.625229    0.688428    0.131243
-44.000   -0.626860    0.647792    0.119735
-42.000   -0.625657    0.607189    0.108340
-40.000   -0.621652    0.566824    0.097111
-38.000   -0.614894    0.526899    0.086102
-36.000   -0.605451    0.487617    0.075365
-34.000   -0.593414    0.449175    0.064953
-32.000   -0.578892    0.411766    0.054920
-30.000   -0.562021    0.375577    0.045319
-28.000   -0.542963    0.340791    0.036203
-26.000   -0.521914    0.307582    0.027625
-24.000   -0.499111    0.276117    0.019638
-22.000   -0.474844    0.246552    0.012296
-20.000   -0.449477    0.219037    0.005651
-18.000   -0.423481    0.193709   -0.000243
-16.000   -0.397497    0.170694   -0.005333
-14.000   -0.372448    0.150108   -0.009566
-12.000   -0.349763    0.132054   -0.012889
-10.000   -0.331881    0.116622   -0.015249
 -8.000   -0.324767    0.106055   -0.016555
 -6.000   -0.317903    0.092134   -0.021433
 -4.000   -0.148431    0.065977   -0.065328
 -2.000    0.279200    0.022210   -0.138800
  0.000    0.613700    0.014120   -0.157500
  2.000    0.917600    0.010280   -0.170600
  4.000    1.122500    0.012510   -0.165900
  6.000    1.253800    0.016490   -0.148500
  8.000    1.362926    0.024382   -0.129138
 10.000    1.466501    0.034501   -0.105281
 12.000    1.362781    0.049850   -0.097422
 14.000    1.209781    0.070667   -0.098321
 16.000    1.118788    0.091992   -0.099919
 18.000    1.053271    0.115842   -0.102207
 20.000    1.004978    0.142101   -0.105144
 22.000    0.968610    0.170641   -0.108691
 24.000    0.940592    0.201322   -0.112807
 26.000    0.918414    0.233995   -0.117453
 28.000    0.900257    0.268501   -0.122588
 30.000    0.884763    0.304673   -0.128172
 32.000    0.870901    0.342333   -0.134165
 34.000    0.857869    0.381299   -0.140527
 36.000    0.845038    0.421380   -0.147217
 38.000    0.831908    0.462382   -0.154196
 40.000    0.818081    0.504105   -0.161424
 42.000    0.803240    0.546345   -0.168859
 44.000    0.787134    0.588897   -0.176463
 46.000    0.769565    0.631554   -0.184194
 48.000    0.750383    0.674107   -0.192014
 50.000    0.729477    0.716350   -0.199881
 52.000    0.706772    0.758077   -0.207755
 54.000    0.682223    0.799085   -0.215597
 56.000    0.655813    0.839174   -0.223367
 58.000    0.627549    0.878149   -0.231023
 60.000    0.597464    0.915819   -0.238526
 62.000    0.565608    0.952002   -0.245836
 64.000    0.532053    0.986522   -0.252913
 66.000    0.496888    1.019210   -0.259717
 68.000    0.460217    1.049907   -0.266206
 70.000    0.422160    1.078463   -0.272342
 72.000    0.382852    1.104741   -0.278084
 74.000    0.342438    1.128611   -0.283393
 76.000    0.301074    1.149957   -0.288226
 78.000    0.258929    1.168677   -0.292546
 80.000    0.216179    1.184678   -0.296311
 82.000    0.173007    1.197882   -0.299482
 84.000    0.129605    1.208226   -0.302018
 86.000    0.086168    1.215660   -0.303879
 88.000    0.042899    1.220146   -0.305025
 90.000    0.000000    1.221664   -0.305416
