Viterna extrapolated polar
 alpha from -90.0 to 90.0 deg
 BLEND_WIDTH = 6.000 deg

 alpha        Cl          Cd          Cm
 ------   ---------   ---------   ---------
-90.000   -0.000000    1.221664    0.305416
-88.000   -0.042646    1.223160    0.304854
-86.000   -0.085156    1.221684    0.303207
-84.000   -0.127324    1.217254    0.300528
-82.000   -0.168947    1.209902    0.296875
-80.000   -0.209823    1.199674    0.292302
-78.000   -0.249756    1.186633    0.286865
-76.000   -0.288553    1.170851    0.280619
-74.000   -0.326031    1.152416    0.273620
-72.000   -0.362009    1.131428    0.265924
-70.000   -0.396319    1.108001    0.257586
-68.000   -0.428799    1.082259    0.248661
-66.000   -0.459296    1.054337    0.239205
-64.000   -0.487670    1.024381    0.229274
-62.000   -0.513790    0.992547    0.218923
-60.000   -0.537539    0.959001    0.208208
-58.000   -0.558812    0.923914    0.197184
-56.000   -0.577516    0.887468    0.185906
-54.000   -0.593574    0.849848    0.174431
-52.000   -0.606922    0.811248    0.162813
-50.000   -0.617514    0.771864    0.151109
-48.000   -0.625316    0.731896    0.139373
-46.000   -0.630312    0.691547    0.127662
-44.000   -0.632504    0.651022    0.116031
-42.000   -0.631911    0.610526    0.104535
-40.000   -0.628569    0.570263    0.093229
-38.000   -0.622536    0.530438    0.082171
-36.000   -0.613889    0.491250    0.071414
-34.000   -0.602727    0.452898    0.061014
-32.000   -0.589175    0.415574    0.051027
-30.000   -0.573386    0.379466    0.041509
-28.000   -0.555545    0.344756    0.032515
-26.000   -0.535877    0.311618    0.024101
-24.000   -0.514658    0.280219    0.016321
-22.000   -0.492232    0.250715    0.009232
-20.000   -0.469039    0.223256    0.002889
-18.000   -0.445660    0.197979   -0.002652
-16.000   -0.422898    0.175010   -0.007336
-14.000   -0.401935    0.154465   -0.011108
-12.000   -0.384632    0.136446   -0.013911
-10.000   -0.373588    0.121214   -0.016089
 -8.000   -0.368665    0.111423   -0.019634
 -6.000   -0.324763    0.078397   -0.036177
 -4.000    0.021900    0.020640   -0.110900
 -2.000    0.341800    0.012970   -0.133800
  0.000    0.603900    0.008910   -0.144400
  2.000    0.844500    0.008540   -0.147900
  4.000    1.048961    0.009999   -0.141789
  6.000    1.246208    0.003574   -0.128172
  8.000    1.076504    0.017683   -0.125012
 10.000    0.924948    0.018158   -0.127218
 12.000    0.838417    0.034256   -0.128529
 14.000    0.785690    0.053095   -0.130376
 16.000    0.753470    0.074584   -0.132728
 18.000    0.734296    0.098619   -0.135557
 20.000    0.723629    0.125084   -0.138832
 22.000    0.718528    0.153850   -0.142525
 24.000    0.716992    0.184778   -0.146605
 26.000    0.717595    0.217718   -0.151043
 28.000    0.719295    0.252512   -0.155810
 30.000    0.721301    0.288990   -0.160876
 32.000    0.723005    0.326976   -0.166212
 34.000    0.723928    0.366286   -0.171787
 36.000    0.723692    0.406730   -0.177573
 38.000    0.721995    0.448112   -0.183540
 40.000    0.718594    0.490232   -0.189658
 42.000    0.713298    0.532887   -0.195898
 44.000    0.705958    0.575870   -0.202230
 46.000    0.696462    0.618974   -0.208625
 48.000    0.684727    0.661990   -0.215054
 50.000    0.670700    0.704710   -0.221486
 52.000    0.654355    0.746928   -0.227892
 54.000    0.635685    0.788441   -0.234243
 56.000    0.614709    0.829047   -0.240508
 58.000    0.591464    0.868552   -0.246660
 60.000    0.566005    0.906764   -0.252667
 62.000    0.538405    0.943500   -0.258501
 64.000    0.508753    0.978583   -0.264132
 66.000    0.477153    1.011844   -0.269530
 68.000    0.443723    1.043123   -0.274666
 70.000    0.408595    1.072269   -0.279511
 72.000    0.371910    1.099144   -0.284034
 74.000    0.333825    1.123619   -0.288207
 76.000    0.294501    1.145576   -0.291999
 78.000    0.254114    1.164912   -0.295381
 80.000    0.212842    1.181533   -0.298324
 82.000    0.170876    1.195362   -0.300799
 84.000    0.128408    1.206334   -0.302774
 86.000    0.085637    1.214397   -0.304222
 88.000    0.042766    1.219514   -0.305113
 90.000    0.000000    1.221664   -0.305416
