Viterna extrapolated polar
 alpha from -90.0 to 90.0 deg
 BLEND_WIDTH = 6.000 deg

 alpha        Cl          Cd          Cm
 ------   ---------   ---------   ---------
-90.000   -0.000000    1.221664    0.305416
-88.000   -0.042643    1.222781    0.304869
-86.000   -0.085144    1.220926    0.303265
-84.000   -0.127297    1.216118    0.300655
-82.000   -0.168898    1.208389    0.297093
-80.000   -0.209747    1.197787    0.292633
-78.000   -0.249646    1.184372    0.287327
-76.000   -0.288403    1.168221    0.281228
-74.000   -0.325834    1.149419    0.274390
-72.000   -0.361759    1.128069    0.266865
-70.000   -0.396009    1.104283    0.258706
-68.000   -0.428422    1.078187    0.249968
-66.000   -0.458845    1.049915    0.240701
-64.000   -0.487137    1.019616    0.230961
-62.000   -0.513168    0.987444    0.220799
-60.000   -0.536820    0.953565    0.210269
-58.000   -0.557986    0.918154    0.199425
-56.000   -0.576576    0.881389    0.188318
-54.000   -0.592510    0.843459    0.177002
-52.000   -0.605724    0.804555    0.165530
-50.000   -0.616170    0.764876    0.153955
-48.000   -0.623814    0.724622    0.142331
-46.000   -0.628640    0.683995    0.130710
-44.000   -0.630648    0.643202    0.119145
-42.000   -0.629854    0.602447    0.107690
-40.000   -0.626294    0.561936    0.096398
-38.000   -0.620023    0.521871    0.085320
-36.000   -0.611114    0.482455    0.074512
-34.000   -0.599664    0.443885    0.064025
-32.000   -0.585793    0.406355    0.053913
-30.000   -0.569649    0.370051    0.044229
-28.000   -0.551407    0.335157    0.035026
-26.000   -0.531285    0.301847    0.026357
-24.000   -0.509545    0.270288    0.018275
-22.000   -0.486514    0.240636    0.010833
-20.000   -0.462606    0.213041    0.004084
-18.000   -0.438366    0.187640   -0.001919
-16.000   -0.414545    0.164560   -0.007122
-14.000   -0.392238    0.143917   -0.011473
-12.000   -0.373164    0.125813   -0.014918
-10.000   -0.360282    0.110338   -0.017405
 -8.000   -0.357823    0.100238   -0.019331
 -6.000   -0.382124    0.086863   -0.022393
 -4.000   -0.010982    0.025993   -0.103902
 -2.000    0.313600    0.015700   -0.131500
  0.000    0.591700    0.011420   -0.145600
  2.000    0.850300    0.009850   -0.153900
  4.000    1.055200    0.011070   -0.149300
  6.000    1.248995    0.018866   -0.129867
  8.000    1.160735    0.027519   -0.123258
 10.000    0.970671    0.042092   -0.123897
 12.000    0.876090    0.058028   -0.125104
 14.000    0.817549    0.076676   -0.126870
 16.000    0.780914    0.097946   -0.129163
 18.000    0.758258    0.121733   -0.131953
 20.000    0.744764    0.147921   -0.135210
 22.000    0.737315    0.176383   -0.138903
 24.000    0.733789    0.206980   -0.143001
 26.000    0.732682    0.239562   -0.147474
 28.000    0.732889    0.273970   -0.152291
 30.000    0.733581    0.310037   -0.157422
 32.000    0.734115    0.347586   -0.162836
 34.000    0.733990    0.386434   -0.168502
 36.000    0.732808    0.426391   -0.174390
 38.000    0.730252    0.467263   -0.180469
 40.000    0.726067    0.508849   -0.186708
 42.000    0.720055    0.550948   -0.193078
 44.000    0.712057    0.593352   -0.199547
 46.000    0.701954    0.635856   -0.206085
 48.000    0.689659    0.678252   -0.212662
 50.000    0.675116    0.720332   -0.219245
 52.000    0.658292    0.761891   -0.225806
 54.000    0.639181    0.802726   -0.232314
 56.000    0.617797    0.842637   -0.238737
 58.000    0.594175    0.881431   -0.245046
 60.000    0.568369    0.918916   -0.251209
 62.000    0.540449    0.954910   -0.257196
 64.000    0.510504    0.989237   -0.262977
 66.000    0.478636    1.021729   -0.268521
 68.000    0.444962    1.052227   -0.273797
 70.000    0.409614    1.080582   -0.278775
 72.000    0.372732    1.106655   -0.283423
 74.000    0.334472    1.130318   -0.287713
 76.000    0.294995    1.151456   -0.291612
 78.000    0.254475    1.169964   -0.295091
 80.000    0.213093    1.185753   -0.298118
 82.000    0.171036    1.198744   -0.300664
 84.000    0.128498    1.208874   -0.302697
 86.000    0.085677    1.216092   -0.304187
 88.000    0.042776    1.220363   -0.305104
 90.000    0.000000    1.221664   -0.305416
