Viterna extrapolated polar
 alpha from -90.0 to 90.0 deg
 BLEND_WIDTH = 6.000 deg

 alpha        Cl          Cd          Cm
 ------   ---------   ---------   ---------
-90.000   -0.000000    1.221664    0.305416
-88.000   -0.042639    1.222853    0.304834
-86.000   -0.085128    1.221070    0.303125
-84.000   -0.127261    1.216334    0.300348
-82.000   -0.168834    1.208677    0.296560
-80.000   -0.209647    1.198146    0.291819
-78.000   -0.249501    1.184803    0.286183
-76.000   -0.288206    1.168721    0.279710
-74.000   -0.325575    1.149990    0.272457
-72.000   -0.361431    1.128709    0.264482
-70.000   -0.395602    1.104991    0.255842
-68.000   -0.427927    1.078962    0.246597
-66.000   -0.458253    1.050757    0.236802
-64.000   -0.486438    1.020523    0.226517
-62.000   -0.512352    0.988415    0.215798
-60.000   -0.535876    0.954600    0.204704
-58.000   -0.556904    0.919250    0.193293
-56.000   -0.575343    0.882546    0.181621
-54.000   -0.591114    0.844675    0.169748
-52.000   -0.604152    0.805829    0.157729
-50.000   -0.614407    0.766206    0.145625
-48.000   -0.621845    0.726006    0.133491
-46.000   -0.626448    0.685433    0.121387
-44.000   -0.628213    0.644691    0.109369
-42.000   -0.627157    0.603985    0.097495
-40.000   -0.623310    0.563521    0.085823
-38.000   -0.616726    0.523502    0.074412
-36.000   -0.607475    0.484129    0.063318
-34.000   -0.595647    0.445601    0.052599
-32.000   -0.581358    0.408110    0.042314
-30.000   -0.564746    0.371844    0.032520
-28.000   -0.545980    0.336985    0.023274
-26.000   -0.525262    0.303707    0.014634
-24.000   -0.502839    0.272178    0.006659
-22.000   -0.479014    0.242555   -0.000594
-20.000   -0.454168    0.214986   -0.007067
-18.000   -0.428799    0.189608   -0.012703
-16.000   -0.403588    0.166550   -0.017444
-14.000   -0.379519    0.145925   -0.021232
-12.000   -0.358124    0.127837   -0.024009
-10.000   -0.341118    0.113637   -0.025832
 -8.000   -0.336300    0.099620   -0.026300
 -6.000   -0.331411    0.088041   -0.030827
 -4.000   -0.008200    0.022290   -0.100900
 -2.000    0.299100    0.014630   -0.123800
  0.000    0.564300    0.010590   -0.136100
  2.000    0.802100    0.009700   -0.141100
  4.000    1.028311    0.011058   -0.134175
  6.000    1.204230    0.010821   -0.120807
  8.000    1.047886    0.024604   -0.117782
 10.000    0.900290    0.023104   -0.118960
 12.000    0.818100    0.039169   -0.120332
 14.000    0.768509    0.057968   -0.122264
 16.000    0.738670    0.079412   -0.124726
 18.000    0.721373    0.103396   -0.127686
 20.000    0.712230    0.129803   -0.131113
 22.000    0.708397    0.158506   -0.134976
 24.000    0.707933    0.189366   -0.139246
 26.000    0.709460    0.222232   -0.143890
 28.000    0.711964    0.256946   -0.148878
 30.000    0.714679    0.293339   -0.154178
 32.000    0.717013    0.331235   -0.159761
 34.000    0.718502    0.370449   -0.165595
 36.000    0.718776    0.410793   -0.171649
 38.000    0.717542    0.452069   -0.177892
 40.000    0.714563    0.494080   -0.184294
 42.000    0.709654    0.536619   -0.190823
 44.000    0.702670    0.579483   -0.197449
 46.000    0.693500    0.622463   -0.204140
 48.000    0.682067    0.665350   -0.210866
 50.000    0.668319    0.707938   -0.217596
 52.000    0.652231    0.750020   -0.224299
 54.000    0.633800    0.791393   -0.230944
 56.000    0.613044    0.831856   -0.237501
 58.000    0.590002    0.871214   -0.243937
 60.000    0.564731    0.909276   -0.250223
 62.000    0.537303    0.945858   -0.256327
 64.000    0.507809    0.980785   -0.262219
 66.000    0.476354    1.013887   -0.267867
 68.000    0.443055    1.045004   -0.273242
 70.000    0.408045    1.073987   -0.278310
 72.000    0.371467    1.100696   -0.283043
 74.000    0.333476    1.125003   -0.287409
 76.000    0.294235    1.146791   -0.291377
 78.000    0.253918    1.165956   -0.294916
 80.000    0.212707    1.182405   -0.297996
 82.000    0.170789    1.196061   -0.300585
 84.000    0.128359    1.206859   -0.302652
 86.000    0.085615    1.214747   -0.304167
 88.000    0.042760    1.219690   -0.305099
 90.000    0.000000    1.221664   -0.305416
