Viterna extrapolated polar
 alpha from -90.0 to 90.0 deg
 BLEND_WIDTH = 6.000 deg

 alpha        Cl          Cd          Cm
 ------   ---------   ---------   ---------
-90.000   -0.000000    1.221664    0.305416
-88.000   -0.042640    1.222999    0.304881
-86.000   -0.085135    1.221361    0.303312
-84.000   -0.127278    1.216770    0.300759
-82.000   -0.168865    1.209257    0.297275
-80.000   -0.209695    1.198870    0.292913
-78.000   -0.249571    1.185669    0.287723
-76.000   -0.288301    1.169730    0.281757
-74.000   -0.325700    1.151138    0.275068
-72.000   -0.361589    1.129996    0.267708
-70.000   -0.395798    1.106416    0.259728
-68.000   -0.428165    1.080523    0.251180
-66.000   -0.458537    1.052452    0.242116
-64.000   -0.486774    1.022350    0.232589
-62.000   -0.512744    0.990372    0.222649
-60.000   -0.536330    0.956684    0.212350
-58.000   -0.557425    0.921459    0.201742
-56.000   -0.575936    0.884877    0.190878
-54.000   -0.591785    0.847125    0.179810
-52.000   -0.604908    0.808395    0.168589
-50.000   -0.615255    0.768885    0.157267
-48.000   -0.622792    0.728795    0.145897
-46.000   -0.627502    0.688328    0.134530
-44.000   -0.629384    0.647689    0.123218
-42.000   -0.628454    0.607082    0.112014
-40.000   -0.624745    0.566713    0.100968
-38.000   -0.618311    0.526786    0.090133
-36.000   -0.609225    0.487501    0.079561
-34.000   -0.597579    0.449056    0.069303
-32.000   -0.583491    0.411644    0.059413
-30.000   -0.567104    0.375453    0.049940
-28.000   -0.548590    0.340664    0.040938
-26.000   -0.528158    0.307453    0.032459
-24.000   -0.506064    0.275985    0.024553
-22.000   -0.482620    0.246419    0.017274
-20.000   -0.458225    0.218902    0.010673
-18.000   -0.433400    0.193572    0.004801
-16.000   -0.408857    0.170556   -0.000288
-14.000   -0.385635    0.149969   -0.004544
-12.000   -0.365357    0.131913   -0.007914
-10.000   -0.350806    0.116481   -0.010347
 -8.000   -0.346990    0.104207   -0.012486
 -6.000   -0.365932    0.093135   -0.013128
 -4.000   -0.130203    0.059576   -0.071306
 -2.000    0.214950    0.032520   -0.122850
  0.000    0.576500    0.016800   -0.154000
  2.000    0.894800    0.010480   -0.169400
  4.000    1.134000    0.012220   -0.172000
  6.000    1.297372    0.019609   -0.150815
  8.000    1.338546    0.027912   -0.135103
 10.000    1.134879    0.041065   -0.135459
 12.000    1.003159    0.057631   -0.136417
 14.000    0.925009    0.076282   -0.137901
 16.000    0.873481    0.097555   -0.139897
 18.000    0.839083    0.121347   -0.142376
 20.000    0.816055    0.147540   -0.145308
 22.000    0.800683    0.176007   -0.148665
 24.000    0.790447    0.206609   -0.152417
 26.000    0.783567    0.239197   -0.156534
 28.000    0.778743    0.273611   -0.160988
 30.000    0.775000    0.309685   -0.165748
 32.000    0.771590    0.347241   -0.170785
 34.000    0.767929    0.386097   -0.176070
 36.000    0.763556    0.426063   -0.181574
 38.000    0.758102    0.466943   -0.187267
 40.000    0.751276    0.508538   -0.193120
 42.000    0.742845    0.550646   -0.199103
 44.000    0.732625    0.593060   -0.205187
 46.000    0.720477    0.635574   -0.211343
 48.000    0.706296    0.677980   -0.217541
 50.000    0.690009    0.720071   -0.223751
 52.000    0.671574    0.761641   -0.229946
 54.000    0.650973    0.802487   -0.236094
 56.000    0.628212    0.842410   -0.242167
 58.000    0.603319    0.881216   -0.248136
 60.000    0.576340    0.918713   -0.253970
 62.000    0.547342    0.954719   -0.259641
 64.000    0.516407    0.989059   -0.265119
 66.000    0.483636    1.021564   -0.270375
 68.000    0.449142    1.052075   -0.275379
 70.000    0.413051    1.080443   -0.280103
 72.000    0.375505    1.106529   -0.284515
 74.000    0.336654    1.130206   -0.288589
 76.000    0.296661    1.151357   -0.292293
 78.000    0.255696    1.169880   -0.295598
 80.000    0.213938    1.185683   -0.298476
 82.000    0.171576    1.198688   -0.300896
 84.000    0.128801    1.208831   -0.302829
 86.000    0.085811    1.216064   -0.304247
 88.000    0.042809    1.220348   -0.305119
 90.000    0.000000    1.221664   -0.305416
