Viterna extrapolated polar
 alpha from -90.0 to 90.0 deg
 BLEND_WIDTH = 6.000 deg

 alpha        Cl          Cd          Cm
 ------   ---------   ---------   ---------
-90.000   -0.000000    1.221664    0.305416
-88.000   -0.042640    1.222668    0.304827
-86.000   -0.085134    1.220699    0.303100
-84.000   -0.127276    1.215778    0.300293
-82.000   -0.168860    1.207937    0.296465
-80.000   -0.209687    1.197222    0.291674
-78.000   -0.249560    1.183697    0.285979
-76.000   -0.288286    1.167434    0.279438
-74.000   -0.325680    1.148523    0.272110
-72.000   -0.361564    1.127065    0.264054
-70.000   -0.395767    1.103172    0.255328
-68.000   -0.428127    1.076969    0.245990
-66.000   -0.458493    1.048593    0.236100
-64.000   -0.486721    1.018191    0.225716
-62.000   -0.512683    0.985918    0.214896
-60.000   -0.536259    0.951940    0.203699
-58.000   -0.557343    0.916431    0.192184
-56.000   -0.575843    0.879572    0.180408
-54.000   -0.591680    0.841548    0.168432
-52.000   -0.604789    0.802555    0.156312
-50.000   -0.615121    0.762787    0.144109
-48.000   -0.622643    0.722447    0.131879
-46.000   -0.627336    0.681738    0.119683
-44.000   -0.629200    0.640864    0.107578
-42.000   -0.628250    0.600032    0.095624
-40.000   -0.624520    0.559446    0.083878
-38.000   -0.618062    0.519310    0.072399
-36.000   -0.608949    0.479826    0.061246
-34.000   -0.597275    0.441191    0.050477
-32.000   -0.583155    0.403598    0.040151
-30.000   -0.566733    0.367237    0.030327
-28.000   -0.548179    0.332288    0.021063
-26.000   -0.527703    0.298926    0.012417
-24.000   -0.505557    0.267319    0.004449
-22.000   -0.482053    0.237623   -0.002784
-20.000   -0.457587    0.209987   -0.009222
-18.000   -0.432676    0.184549   -0.014807
-16.000   -0.408028    0.161436   -0.019481
-14.000   -0.384673    0.140763   -0.023185
-12.000   -0.364219    0.122634   -0.025860
-10.000   -0.349561    0.108817   -0.026994
 -8.000   -0.344157    0.094416   -0.028229
 -6.000   -0.327170    0.083819   -0.032935
 -4.000   -0.177450    0.039385   -0.061850
 -2.000    0.190800    0.014990   -0.093400
  0.000    0.466900    0.011730   -0.106600
  2.000    0.687700    0.011400   -0.106600
  4.000    0.868200    0.012030   -0.100800
  6.000    1.085571    0.017956   -0.089096
  8.000    1.180700    0.035420   -0.077800
 10.000    1.018099    0.051594   -0.078461
 12.000    0.909602    0.064423   -0.079372
 14.000    0.845889    0.083020   -0.081278
 16.000    0.805326    0.104230   -0.083877
 18.000    0.779574    0.127950   -0.087130
 20.000    0.763566    0.154064   -0.090997
 22.000    0.754027    0.182445   -0.095439
 24.000    0.748731    0.212952   -0.100416
 26.000    0.746102    0.245438   -0.105888
 28.000    0.744982    0.279742   -0.111816
 30.000    0.744504    0.315698   -0.118161
 32.000    0.743999    0.353130   -0.124881
 34.000    0.742941    0.391854   -0.131939
 36.000    0.740917    0.431680   -0.139294
 38.000    0.737597    0.472414   -0.146906
 40.000    0.732716    0.513857   -0.154737
 42.000    0.726065    0.555806   -0.162745
 44.000    0.717481    0.598055   -0.170893
 46.000    0.706839    0.640398   -0.179139
 48.000    0.694047    0.682626   -0.187445
 50.000    0.679044    0.724534   -0.195771
 52.000    0.661795    0.765916   -0.204077
 54.000    0.642291    0.806568   -0.212323
 56.000    0.620544    0.846293   -0.220471
 58.000    0.596587    0.884895   -0.228480
 60.000    0.570471    0.922185   -0.236310
 62.000    0.542267    0.957979   -0.243922
 64.000    0.512061    0.992103   -0.251277
 66.000    0.479954    1.024388   -0.258335
 68.000    0.446065    1.054676   -0.265055
 70.000    0.410520    1.082818   -0.271400
 72.000    0.373464    1.108675   -0.277328
 74.000    0.335047    1.132120   -0.282800
 76.000    0.295434    1.153037   -0.287777
 78.000    0.254797    1.171324   -0.292219
 80.000    0.213316    1.186888   -0.296086
 82.000    0.171178    1.199654   -0.299339
 84.000    0.128578    1.209557   -0.301938
 86.000    0.085712    1.216548   -0.303844
 88.000    0.042785    1.220591   -0.305016
 90.000    0.000000    1.221664   -0.305416
