Viterna extrapolated polar
 alpha from -90.0 to 90.0 deg
 BLEND_WIDTH = 6.000 deg

 alpha        Cl          Cd          Cm
 ------   ---------   ---------   ---------
-90.000   -0.000000    1.221664    0.305416
-88.000   -0.042640    1.222707    0.304866
-86.000   -0.085134    1.220777    0.303250
-84.000   -0.127275    1.215894    0.300623
-82.000   -0.168859    1.208092    0.297037
-80.000   -0.209685    1.197416    0.292545
-78.000   -0.249556    1.183929    0.287202
-76.000   -0.288281    1.167704    0.281059
-74.000   -0.325674    1.148831    0.274171
-72.000   -0.361556    1.127409    0.266591
-70.000   -0.395757    1.103553    0.258371
-68.000   -0.428115    1.077387    0.249566
-66.000   -0.458478    1.049047    0.240228
-64.000   -0.486704    1.018679    0.230411
-62.000   -0.512663    0.986441    0.220167
-60.000   -0.536236    0.952498    0.209551
-58.000   -0.557317    0.917022    0.198616
-56.000   -0.575813    0.880195    0.187414
-54.000   -0.591646    0.842204    0.175999
-52.000   -0.604751    0.803241    0.164424
-50.000   -0.615079    0.763504    0.152743
-48.000   -0.622596    0.723193    0.141008
-46.000   -0.627283    0.682512    0.129273
-44.000   -0.629141    0.641666    0.117592
-42.000   -0.628185    0.600860    0.106017
-40.000   -0.624448    0.560300    0.094602
-38.000   -0.617982    0.520188    0.083400
-36.000   -0.608861    0.480728    0.072465
-34.000   -0.597178    0.442115    0.061849
-32.000   -0.583048    0.404544    0.051605
-30.000   -0.566614    0.368202    0.041788
-28.000   -0.548048    0.333272    0.032450
-26.000   -0.527557    0.299928    0.023645
-24.000   -0.505395    0.268337    0.015425
-22.000   -0.481872    0.238656    0.007845
-20.000   -0.457383    0.211034    0.000957
-18.000   -0.432445    0.185609   -0.005186
-16.000   -0.407764    0.162508   -0.010529
-14.000   -0.384366    0.141845   -0.015021
-12.000   -0.363856    0.123724   -0.018607
-10.000   -0.348985    0.108235   -0.021234
 -8.000   -0.345242    0.096510   -0.022727
 -6.000   -0.364300    0.085450   -0.023400
 -4.000   -0.250052    0.063418   -0.047042
 -2.000    0.018200    0.039030   -0.089200
  0.000    0.485300    0.023740   -0.140500
  2.000    0.782200    0.021830   -0.158500
  4.000    1.107300    0.016480   -0.169300
  6.000    1.273466    0.020643   -0.148938
  8.000    1.340807    0.035609   -0.120512
 10.000    1.176949    0.048128   -0.118825
 12.000    1.029866    0.065318   -0.119743
 14.000    0.947594    0.083908   -0.121243
 16.000    0.892937    0.105110   -0.123319
 18.000    0.856070    0.128821   -0.125938
 20.000    0.831039    0.154924   -0.129069
 22.000    0.814002    0.183293   -0.132677
 24.000    0.802355    0.213788   -0.136731
 26.000    0.794262    0.246260   -0.141197
 28.000    0.788380    0.280550   -0.146043
 30.000    0.783706    0.316491   -0.151235
 32.000    0.779467    0.353906   -0.156741
 34.000    0.775062    0.392612   -0.162529
 36.000    0.770018    0.432420   -0.168564
 38.000    0.763956    0.473136   -0.174815
 40.000    0.756575    0.514559   -0.181249
 42.000    0.747635    0.556486   -0.187832
 44.000    0.736948    0.598713   -0.194533
 46.000    0.724370    0.641033   -0.201317
 48.000    0.709792    0.683238   -0.208153
 50.000    0.693139    0.725122   -0.215007
 52.000    0.674366    0.766479   -0.221847
 54.000    0.653452    0.807106   -0.228639
 56.000    0.630401    0.846805   -0.235352
 58.000    0.605240    0.885380   -0.241952
 60.000    0.578015    0.922642   -0.248406
 62.000    0.548790    0.958409   -0.254682
 64.000    0.517648    0.992504   -0.260746
 66.000    0.484687    1.024760   -0.266566
 68.000    0.450020    1.055019   -0.272109
 70.000    0.413774    1.083131   -0.277343
 72.000    0.376088    1.108958   -0.282234
 74.000    0.337113    1.132372   -0.286749
 76.000    0.297011    1.153259   -0.290856
 78.000    0.255952    1.171514   -0.294522
 80.000    0.214116    1.187047   -0.297714
 82.000    0.171689    1.199781   -0.300399
 84.000    0.128865    1.209653   -0.302545
 86.000    0.085840    1.216612   -0.304118
 88.000    0.042816    1.220623   -0.305086
 90.000    0.000000    1.221664   -0.305416
