Viterna extrapolated polar
 alpha from -90.0 to 90.0 deg
 BLEND_WIDTH = 6.000 deg

 alpha        Cl          Cd          Cm
 ------   ---------   ---------   ---------
-90.000   -0.000000    1.221664    0.305416
-88.000   -0.042635    1.222464    0.304858
-86.000   -0.085113    1.220293    0.303220
-84.000   -0.127229    1.215169    0.300555
-82.000   -0.168777    1.207125    0.296916
-80.000   -0.209557    1.196210    0.292358
-78.000   -0.249372    1.182485    0.286934
-76.000   -0.288029    1.166025    0.280697
-74.000   -0.325344    1.146917    0.273701
-72.000   -0.361137    1.125264    0.265999
-70.000   -0.395238    1.101178    0.257645
-68.000   -0.427484    1.074786    0.248692
-66.000   -0.457723    1.046223    0.239194
-64.000   -0.485813    1.015636    0.229205
-62.000   -0.511622    0.983182    0.218777
-60.000   -0.535032    0.949027    0.207965
-58.000   -0.555936    0.913343    0.196821
-56.000   -0.574240    0.876313    0.185400
-54.000   -0.589865    0.838123    0.173755
-52.000   -0.602745    0.798966    0.161939
-50.000   -0.612829    0.759041    0.150006
-48.000   -0.620083    0.718547    0.138010
-46.000   -0.624486    0.677689    0.126004
-44.000   -0.626034    0.636672    0.114041
-42.000   -0.624742    0.595701    0.102175
-40.000   -0.620640    0.554982    0.090460
-38.000   -0.613776    0.514718    0.078948
-36.000   -0.604217    0.475111    0.067694
-34.000   -0.592052    0.436359    0.056752
-32.000   -0.577388    0.398656    0.046173
-30.000   -0.560358    0.362190    0.036013
-28.000   -0.541122    0.327142    0.026325
-26.000   -0.519871    0.293688    0.017161
-24.000   -0.496837    0.261995    0.008576
-22.000   -0.472300    0.232219    0.000624
-20.000   -0.446615    0.204511   -0.006644
-18.000   -0.420237    0.179007   -0.013172
-16.000   -0.393782    0.155834   -0.018907
-14.000   -0.368134    0.135109   -0.023796
-12.000   -0.344662    0.116933   -0.027786
-10.000   -0.325690    0.101398   -0.030822
 -8.000   -0.315815    0.088661   -0.032825
 -6.000   -0.331954    0.081134   -0.032338
 -4.000   -0.285662    0.059130   -0.045340
 -2.000    0.093800    0.021450   -0.083500
  0.000    0.420000    0.018200   -0.109700
  2.000    0.717600    0.017520   -0.126600
  4.000    0.955400    0.016050   -0.124700
  6.000    1.114288    0.018201   -0.111805
  8.000    1.223582    0.035605   -0.086606
 10.000    1.094426    0.049194   -0.085465
 12.000    0.963524    0.066375   -0.086548
 14.000    0.891490    0.084957   -0.088315
 16.000    0.844608    0.106149   -0.090762
 18.000    0.813872    0.129849   -0.093850
 20.000    0.793818    0.155940   -0.097540
 22.000    0.780918    0.184296   -0.101794
 24.000    0.772774    0.214776   -0.106572
 26.000    0.767695    0.247232   -0.111837
 28.000    0.764440    0.281505   -0.117549
 30.000    0.762081    0.317427   -0.123670
 32.000    0.759901    0.354823   -0.130160
 34.000    0.757343    0.393509   -0.136982
 36.000    0.753965    0.433295   -0.144097
 38.000    0.749415    0.473988   -0.151466
 40.000    0.743413    0.515387   -0.159050
 42.000    0.735736    0.557290   -0.166810
 44.000    0.726210    0.599491   -0.174708
 46.000    0.714699    0.641784   -0.182706
 48.000    0.701106    0.683962   -0.190763
 50.000    0.685364    0.725817   -0.198843
 52.000    0.667431    0.767145   -0.206906
 54.000    0.647295    0.807742   -0.214913
 56.000    0.624964    0.847410   -0.222826
 58.000    0.600467    0.885953   -0.230605
 60.000    0.573853    0.923183   -0.238213
 62.000    0.545192    0.958916   -0.245611
 64.000    0.514566    0.992978   -0.252760
 66.000    0.482076    1.025200   -0.259620
 68.000    0.447838    1.055424   -0.266155
 70.000    0.411979    1.083500   -0.272324
 72.000    0.374640    1.109292   -0.278089
 74.000    0.335973    1.132670   -0.283411
 76.000    0.296141    1.153520   -0.288253
 78.000    0.255315    1.171739   -0.292574
 80.000    0.213675    1.187235   -0.296337
 82.000    0.171408    1.199932   -0.299502
 84.000    0.128706    1.209766   -0.302031
 86.000    0.085769    1.216687   -0.303886
 88.000    0.042799    1.220660   -0.305027
 90.000    0.000000    1.221664   -0.305416
