Viterna extrapolated polar
 alpha from -90.0 to 90.0 deg
 BLEND_WIDTH = 6.000 deg

 alpha        Cl          Cd          Cm
 ------   ---------   ---------   ---------
-90.000   -0.000000    1.221664    0.305416
-88.000   -0.042631    1.222294    0.304866
-86.000   -0.085098    1.219952    0.303252
-84.000   -0.127193    1.214659    0.300626
-82.000   -0.168714    1.206446    0.297040
-80.000   -0.209458    1.195363    0.292547
-78.000   -0.249229    1.181471    0.287198
-76.000   -0.287834    1.164844    0.281045
-74.000   -0.325088    1.145572    0.274142
-72.000   -0.360812    1.123756    0.266540
-70.000   -0.394835    1.099509    0.258292
-68.000   -0.426994    1.072958    0.249449
-66.000   -0.457137    1.044238    0.240064
-64.000   -0.485121    1.013497    0.230190
-62.000   -0.510814    0.980891    0.219878
-60.000   -0.534097    0.946587    0.209181
-58.000   -0.554864    0.910757    0.198151
-56.000   -0.573019    0.873584    0.186840
-54.000   -0.588483    0.835255    0.175300
-52.000   -0.601188    0.795962    0.163584
-50.000   -0.611084    0.755904    0.151745
-48.000   -0.618133    0.715282    0.139833
-46.000   -0.622314    0.674299    0.127901
-44.000   -0.623623    0.633162    0.116003
-42.000   -0.622071    0.592074    0.104189
-40.000   -0.617685    0.551243    0.092512
-38.000   -0.610511    0.510872    0.081025
-36.000   -0.600613    0.471163    0.069779
-34.000   -0.588074    0.432314    0.058828
-32.000   -0.572995    0.394518    0.048222
-30.000   -0.555503    0.357964    0.038014
-28.000   -0.535748    0.322833    0.028258
-26.000   -0.513907    0.289302    0.019004
-24.000   -0.490196    0.257537    0.010305
-22.000   -0.464873    0.227695    0.002213
-20.000   -0.438259    0.199925   -0.005219
-18.000   -0.410763    0.174366   -0.011940
-16.000   -0.382932    0.151143   -0.017896
-14.000   -0.355539    0.130374   -0.023036
-12.000   -0.329769    0.112160   -0.027308
-10.000   -0.307614    0.096593   -0.030659
 -8.000   -0.292883    0.083749   -0.033037
 -6.000   -0.299791    0.075248   -0.033884
 -4.000   -0.297677    0.057875   -0.039878
 -2.000    0.071950    0.020633   -0.076070
  0.000    0.407400    0.017340   -0.102900
  2.000    0.689500    0.016740   -0.116200
  4.000    0.915200    0.015765   -0.112050
  6.000    1.090141    0.017972   -0.099023
  8.000    1.216939    0.040141   -0.079416
 10.000    1.065972    0.061034   -0.080089
 12.000    0.946939    0.072958   -0.080883
 14.000    0.877464    0.091486   -0.082696
 16.000    0.832526    0.112618   -0.085206
 18.000    0.803323    0.136249   -0.088374
 20.000    0.784513    0.162264   -0.092160
 22.000    0.772647    0.190535   -0.096523
 24.000    0.765379    0.220924   -0.101426
 26.000    0.761053    0.253281   -0.106826
 28.000    0.758456    0.287447   -0.112686
 30.000    0.756675    0.323255   -0.118965
 32.000    0.755010    0.360530   -0.125624
 34.000    0.752913    0.399088   -0.132623
 36.000    0.749952    0.438740   -0.139922
 38.000    0.745780    0.479291   -0.147481
 40.000    0.740123    0.520542   -0.155261
 42.000    0.732762    0.562291   -0.163222
 44.000    0.723525    0.604332   -0.171325
 46.000    0.712282    0.646459   -0.179529
 48.000    0.698935    0.688465   -0.187796
 50.000    0.683420    0.730143   -0.196085
 52.000    0.665698    0.771288   -0.204356
 54.000    0.645756    0.811697   -0.212570
 56.000    0.623604    0.851173   -0.220688
 58.000    0.599273    0.889519   -0.228669
 60.000    0.572813    0.926548   -0.236474
 62.000    0.544292    0.962076   -0.244063
 64.000    0.513795    0.995928   -0.251397
 66.000    0.481424    1.027937   -0.258435
 68.000    0.447293    1.057945   -0.265138
 70.000    0.411530    1.085802   -0.271467
 72.000    0.374278    1.111371   -0.277381
 74.000    0.335689    1.134525   -0.282842
 76.000    0.295924    1.155148   -0.287808
 78.000    0.255156    1.173138   -0.292242
 80.000    0.213564    1.188404   -0.296102
 82.000    0.171337    1.200869   -0.299349
 84.000    0.128667    1.210469   -0.301944
 86.000    0.085752    1.217157   -0.303846
 88.000    0.042794    1.220895   -0.305017
 90.000    0.000000    1.221664   -0.305416
