Viterna extrapolated polar
 alpha from -90.0 to 90.0 deg
 BLEND_WIDTH = 6.000 deg

 alpha        Cl          Cd          Cm
 ------   ---------   ---------   ---------
-90.000   -0.000000    1.221664    0.305416
-88.000   -0.042640    1.223307    0.304870
-86.000   -0.085133    1.221977    0.303269
-84.000   -0.127273    1.217693    0.300665
-82.000   -0.168855    1.210486    0.297112
-80.000   -0.209679    1.200404    0.292664
-78.000   -0.249548    1.187506    0.287373
-76.000   -0.288271    1.171866    0.281294
-74.000   -0.325660    1.153573    0.274480
-72.000   -0.361539    1.132726    0.266985
-70.000   -0.395736    1.109437    0.258861
-68.000   -0.428089    1.083832    0.250163
-66.000   -0.458447    1.056045    0.240943
-64.000   -0.486667    1.026222    0.231255
-62.000   -0.512620    0.994519    0.221154
-60.000   -0.536186    0.961100    0.210691
-58.000   -0.557259    0.926139    0.199921
-56.000   -0.575748    0.889816    0.188897
-54.000   -0.591572    0.852317    0.177673
-52.000   -0.604668    0.813833    0.166301
-50.000   -0.614985    0.774563    0.154836
-48.000   -0.622491    0.734705    0.143331
-46.000   -0.627167    0.694464    0.131839
-44.000   -0.629012    0.654042    0.120414
-42.000   -0.628042    0.613646    0.109110
-40.000   -0.624289    0.573480    0.097979
-38.000   -0.617808    0.533746    0.087075
-36.000   -0.608668    0.494647    0.076452
-34.000   -0.596965    0.456379    0.066163
-32.000   -0.582813    0.419135    0.056262
-30.000   -0.566354    0.383102    0.046802
-28.000   -0.547760    0.348463    0.037836
-26.000   -0.527238    0.315392    0.029418
-24.000   -0.505039    0.284055    0.021602
-22.000   -0.481474    0.254609    0.014440
-20.000   -0.456936    0.227202    0.007987
-18.000   -0.431938    0.201972    0.002296
-16.000   -0.407183    0.179046   -0.002580
-14.000   -0.383691    0.158539   -0.006588
-12.000   -0.363058    0.140553   -0.009673
-10.000   -0.348017    0.125179   -0.011782
 -8.000   -0.337722    0.114894   -0.014454
 -6.000   -0.322139    0.096327   -0.021233
 -4.000   -0.153400    0.067207   -0.061900
 -2.000    0.232600    0.024060   -0.131300
  0.000    0.557900    0.017670   -0.148700
  2.000    0.871200    0.012490   -0.161900
  4.000    1.111300    0.014060   -0.162500
  6.000    1.255800    0.017720   -0.147000
  8.000    1.355200    0.023750   -0.126500
 10.000    1.470056    0.033321   -0.103533
 12.000    1.414219    0.048798   -0.091919
 14.000    1.259838    0.066736   -0.094699
 16.000    1.161268    0.088106   -0.096215
 18.000    1.090361    0.111997   -0.098394
 20.000    1.037694    0.138302   -0.101250
 22.000    0.997690    0.166892   -0.104743
 24.000    0.966593    0.197628   -0.108831
 26.000    0.941766    0.230361   -0.113472
 28.000    0.921299    0.264932   -0.118625
 30.000    0.903771    0.301172   -0.124248
 32.000    0.888099    0.338905   -0.130299
 34.000    0.873444    0.377947   -0.136738
 36.000    0.859148    0.418110   -0.143522
 38.000    0.844688    0.459196   -0.150610
 40.000    0.829649    0.501008   -0.157960
 42.000    0.813698    0.543341   -0.165531
 44.000    0.796573    0.585989   -0.173281
 46.000    0.778065    0.628745   -0.181169
 48.000    0.758017    0.671402   -0.189153
 50.000    0.736312    0.713752   -0.197191
 52.000    0.712867    0.755588   -0.205243
 54.000    0.687635    0.796709   -0.213266
 56.000    0.660592    0.836913   -0.221219
 58.000    0.631745    0.876006   -0.229060
 60.000    0.601122    0.913798   -0.236748
 62.000    0.568771    0.950104   -0.244241
 64.000    0.534762    0.984750   -0.251497
 66.000    0.499182    1.017565   -0.258476
 68.000    0.462135    1.048392   -0.265135
 70.000    0.423738    1.077081   -0.271434
 72.000    0.384124    1.103491   -0.277329
 74.000    0.343439    1.127496   -0.282781
 76.000    0.301839    1.148979   -0.287746
 78.000    0.259489    1.167836   -0.292185
 80.000    0.216567    1.183976   -0.296055
 82.000    0.173255    1.197320   -0.299314
 84.000    0.129744    1.207804   -0.301921
 86.000    0.086230    1.215378   -0.303835
 88.000    0.042914    1.220005   -0.305014
 90.000    0.000000    1.221664   -0.305416
