Viterna extrapolated polar
 alpha from -90.0 to 90.0 deg
 BLEND_WIDTH = 6.000 deg

 alpha        Cl          Cd          Cm
 ------   ---------   ---------   ---------
-90.000   -0.000000    1.221664    0.305416
-88.000   -0.042639    1.222792    0.304887
-86.000   -0.085130    1.220948    0.303332
-84.000   -0.127265    1.216151    0.300803
-82.000   -0.168842    1.208434    0.297350
-80.000   -0.209659    1.197843    0.293024
-78.000   -0.249518    1.184439    0.287876
-76.000   -0.288229    1.168298    0.281957
-74.000   -0.325606    1.149508    0.275318
-72.000   -0.361470    1.128168    0.268009
-70.000   -0.395650    1.104393    0.260080
-68.000   -0.427985    1.078307    0.251584
-66.000   -0.458323    1.050046    0.242570
-64.000   -0.486521    1.019757    0.233090
-62.000   -0.512449    0.987595    0.223194
-60.000   -0.535988    0.953726    0.212933
-58.000   -0.557032    0.918324    0.202358
-56.000   -0.575489    0.881569    0.191519
-54.000   -0.591279    0.843648    0.180468
-52.000   -0.604338    0.804753    0.169254
-50.000   -0.614616    0.765083    0.157930
-48.000   -0.622079    0.724837    0.146545
-46.000   -0.626708    0.684219    0.135151
-44.000   -0.628502    0.643433    0.123798
-42.000   -0.627476    0.602686    0.112537
-40.000   -0.623664    0.562182    0.101419
-38.000   -0.617117    0.522125    0.090495
-36.000   -0.607906    0.482715    0.079815
-34.000   -0.596123    0.444152    0.069430
-32.000   -0.581884    0.406627    0.059391
-30.000   -0.565327    0.370330    0.049749
-28.000   -0.546623    0.335441    0.040554
-26.000   -0.525976    0.302136    0.031858
-24.000   -0.503634    0.270581    0.023711
-22.000   -0.479902    0.240934    0.016163
-20.000   -0.455168    0.213343    0.009267
-18.000   -0.429933    0.187946    0.003072
-16.000   -0.404887    0.164869   -0.002371
-14.000   -0.381026    0.144229   -0.007011
-12.000   -0.359907    0.126127   -0.010797
-10.000   -0.344192    0.110655   -0.013679
 -8.000   -0.338998    0.097951   -0.015653
 -6.000   -0.355807    0.089392   -0.017245
 -4.000   -0.267931    0.060732   -0.040552
 -2.000    0.067900    0.026860   -0.080200
  0.000    0.253100    0.023540   -0.079600
  2.000    0.497300    0.031690   -0.100500
  4.000    0.873700    0.036190   -0.121600
  6.000    1.056700    0.031280   -0.118100
  8.000    1.175660    0.029572   -0.080520
 10.000    1.198293    0.127954   -0.108282
 12.000    1.202602    0.153192   -0.117373
 14.000    1.206911    0.178430   -0.126464
 16.000    1.211220    0.203668   -0.135555
 18.000    1.223506    0.228953   -0.145537
 20.000    1.214546    0.252808   -0.152603
 22.000    1.154508    0.279969   -0.153040
 24.000    1.104204    0.310324   -0.154210
 26.000    1.065357    0.341237   -0.156014
 28.000    1.032669    0.373852   -0.158428
 30.000    1.004371    0.408005   -0.161411
 32.000    0.979119    0.443520   -0.164920
 34.000    0.955876    0.480218   -0.168913
 36.000    0.933828    0.517910   -0.173348
 38.000    0.912332    0.556406   -0.178182
 40.000    0.890877    0.595507   -0.183373
 42.000    0.869052    0.635015   -0.188879
 44.000    0.846531    0.674727   -0.194657
 46.000    0.823055    0.714439   -0.200665
 48.000    0.798424    0.753946   -0.206862
 50.000    0.772485    0.793046   -0.213203
 52.000    0.745127    0.831537   -0.219648
 54.000    0.716275    0.869218   -0.226154
 56.000    0.685888    0.905895   -0.232678
 58.000    0.653953    0.941377   -0.239178
 60.000    0.620482    0.975478   -0.245612
 62.000    0.585512    1.008018   -0.251938
 64.000    0.549102    1.038827   -0.258113
 66.000    0.511327    1.067740   -0.264095
 68.000    0.472285    1.094604   -0.269841
 70.000    0.432087    1.119272   -0.275310
 72.000    0.390858    1.141612   -0.280459
 74.000    0.348740    1.161499   -0.285246
 76.000    0.305884    1.178823   -0.289627
 78.000    0.262453    1.193484   -0.293562
 80.000    0.218621    1.205397   -0.297008
 82.000    0.174567    1.214488   -0.299922
 84.000    0.130481    1.220699   -0.302262
 86.000    0.086557    1.223983   -0.303986
 88.000    0.042996    1.224311   -0.305052
 90.000    0.000000    1.221664   -0.305416
