Viterna extrapolated polar
 alpha from -90.0 to 90.0 deg
 BLEND_WIDTH = 6.000 deg

 alpha        Cl          Cd          Cm
 ------   ---------   ---------   ---------
-90.000   -0.000000    1.221664    0.305416
-88.000   -0.042632    1.222923    0.304905
-86.000   -0.085103    1.221210    0.303402
-84.000   -0.127205    1.216543    0.300957
-82.000   -0.168734    1.208956    0.297619
-80.000   -0.209490    1.198494    0.293435
-78.000   -0.249275    1.185219    0.288454
-76.000   -0.287897    1.169206    0.282725
-74.000   -0.325171    1.150542    0.276296
-72.000   -0.360918    1.129328    0.269215
-70.000   -0.394966    1.105676    0.261531
-68.000   -0.427153    1.079712    0.253293
-66.000   -0.457327    1.051572    0.244549
-64.000   -0.485345    1.021401    0.235348
-62.000   -0.511076    0.989356    0.225737
-60.000   -0.534400    0.955602    0.215766
-58.000   -0.555211    0.920312    0.205482
-56.000   -0.573414    0.883666    0.194935
-54.000   -0.588930    0.845852    0.184173
-52.000   -0.601692    0.807063    0.173245
-50.000   -0.611649    0.767494    0.162198
-48.000   -0.618764    0.727347    0.151081
-46.000   -0.623018    0.686824    0.139943
-44.000   -0.624404    0.646131    0.128833
-42.000   -0.622936    0.605473    0.117798
-40.000   -0.618642    0.565055    0.106887
-38.000   -0.611569    0.525080    0.096150
-36.000   -0.601781    0.485750    0.085633
-34.000   -0.589362    0.447261    0.075386
-32.000   -0.574418    0.409808    0.065457
-30.000   -0.557076    0.373578    0.055895
-28.000   -0.537489    0.338753    0.046748
-26.000   -0.515839    0.305508    0.038064
-24.000   -0.492347    0.274008    0.029893
-22.000   -0.467279    0.244412    0.022282
-20.000   -0.440966    0.216868    0.015280
-18.000   -0.413832    0.191513    0.008936
-16.000   -0.386447    0.168475    0.003297
-14.000   -0.359619    0.147868   -0.001586
-12.000   -0.334593    0.129796   -0.005667
-10.000   -0.313470    0.114349   -0.008897
 -8.000   -0.300271    0.101604   -0.011226
 -6.000   -0.309090    0.092623   -0.012328
 -4.000   -0.343256    0.083984   -0.013862
 -2.000   -0.029923    0.047774   -0.084107
  0.000    0.437000    0.025340   -0.133500
  2.000    0.760100    0.020040   -0.147400
  4.000    1.105600    0.016470   -0.164500
  6.000    1.267600    0.020160   -0.150800
  8.000    1.352800    0.026070   -0.128600
 10.000    1.414648    0.039820   -0.102985
 12.000    1.459967    0.065299   -0.083236
 14.000    1.351112    0.088768   -0.083035
 16.000    1.234244    0.107862   -0.083624
 18.000    1.154080    0.131543   -0.085512
 20.000    1.093896    0.157614   -0.088164
 22.000    1.047647    0.185947   -0.091536
 24.000    1.011260    0.216403   -0.095580
 26.000    0.981882    0.248833   -0.100252
 28.000    0.957448    0.283078   -0.105504
 30.000    0.936424    0.318970   -0.111291
 32.000    0.917643    0.356334   -0.117568
 34.000    0.900200    0.394985   -0.124287
 36.000    0.883388    0.434736   -0.131403
 38.000    0.866645    0.475391   -0.138870
 40.000    0.849523    0.516751   -0.146641
 42.000    0.831665    0.558614   -0.154672
 44.000    0.812788    0.600773   -0.162915
 46.000    0.792668    0.643022   -0.171325
 48.000    0.771133    0.685154   -0.179856
 50.000    0.748053    0.726962   -0.188462
 52.000    0.723338    0.768241   -0.197096
 54.000    0.696931    0.808789   -0.205714
 56.000    0.668803    0.848406   -0.214268
 58.000    0.638954    0.886897   -0.222712
 60.000    0.607406    0.924074   -0.231002
 62.000    0.574205    0.959753   -0.239090
 64.000    0.539417    0.993759   -0.246930
 66.000    0.503124    1.025924   -0.254478
 68.000    0.465429    1.056091   -0.261686
 70.000    0.426448    1.084110   -0.268508
 72.000    0.386310    1.109842   -0.274900
 74.000    0.345160    1.133161   -0.280814
 76.000    0.303152    1.153951   -0.286204
 78.000    0.260451    1.172109   -0.291025
 80.000    0.217234    1.187544   -0.295231
 82.000    0.173681    1.200180   -0.298775
 84.000    0.129983    1.209952   -0.301611
 86.000    0.086336    1.216811   -0.303694
 88.000    0.042941    1.220723   -0.304978
 90.000    0.000000    1.221664   -0.305416
