Viterna extrapolated polar
 alpha from -90.0 to 90.0 deg
 BLEND_WIDTH = 6.000 deg

 alpha        Cl          Cd          Cm
 ------   ---------   ---------   ---------
-90.000   -0.000000    1.221664    0.305416
-88.000   -0.042647    1.221087    0.304743
-86.000   -0.085163    1.217541    0.302766
-84.000   -0.127340    1.211045    0.299552
-82.000   -0.168975    1.201635    0.295166
-80.000   -0.209867    1.189359    0.289675
-78.000   -0.249819    1.174282    0.283143
-76.000   -0.288640    1.156480    0.275637
-74.000   -0.326145    1.136042    0.267223
-72.000   -0.362154    1.113072    0.257965
-70.000   -0.396499    1.087685    0.247931
-68.000   -0.429017    1.060007    0.237186
-66.000   -0.459557    1.030176    0.225795
-64.000   -0.487978    0.998341    0.213825
-62.000   -0.514150    0.964660    0.201340
-60.000   -0.537955    0.929300    0.188408
-58.000   -0.559289    0.892436    0.175093
-56.000   -0.578060    0.854251    0.161462
-54.000   -0.594190    0.814933    0.147580
-52.000   -0.607616    0.774677    0.133513
-50.000   -0.618292    0.733681    0.119327
-48.000   -0.626185    0.692148    0.105087
-46.000   -0.631280    0.650283    0.090860
-44.000   -0.633579    0.608292    0.076710
-42.000   -0.633101    0.566382    0.062705
-40.000   -0.629886    0.524759    0.048909
-38.000   -0.623991    0.483628    0.035389
-36.000   -0.615495    0.443193    0.022210
-34.000   -0.604500    0.403651    0.009438
-32.000   -0.591133    0.365198   -0.002861
-30.000   -0.575550    0.328022   -0.014622
-28.000   -0.557941    0.292307   -0.025778
-26.000   -0.538535    0.258228   -0.036265
-24.000   -0.517618    0.225952   -0.046015
-22.000   -0.495543    0.195639   -0.054964
-20.000   -0.472764    0.167437   -0.063046
-18.000   -0.449882    0.141485   -0.070194
-16.000   -0.427734    0.117909   -0.076343
-14.000   -0.407549    0.096828   -0.081428
-12.000   -0.391270    0.078342   -0.085382
-10.000   -0.382257    0.062545   -0.088140
 -8.000   -0.378660    0.059532   -0.081021
 -6.000   -0.348366    0.034278   -0.100974
 -4.000   -0.019785    0.026339   -0.121738
 -2.000    0.292100    0.020250   -0.135100
  0.000    0.627000    0.015170   -0.152200
  2.000    0.859700    0.014700   -0.151000
  4.000    1.021400    0.016170   -0.136800
  6.000    1.176100    0.019330   -0.123600
  8.000    1.323400    0.023250   -0.110700
 10.000    1.425700    0.028090   -0.092700
 12.000    1.510000    0.035200   -0.076700
 14.000    1.591843    0.044950   -0.062681
 16.000    1.523381    0.064573   -0.058933
 18.000    1.391442    0.088562   -0.060350
 20.000    1.303260    0.115147   -0.062337
 22.000    1.233743    0.144045   -0.065234
 24.000    1.177650    0.175117   -0.068986
 26.000    1.131319    0.208214   -0.073536
 28.000    1.092109    0.243175   -0.078828
 30.000    1.058063    0.279831   -0.084806
 32.000    1.027698    0.318007   -0.091415
 34.000    0.999871    0.357518   -0.098599
 36.000    0.973686    0.398174   -0.106300
 38.000    0.948435    0.439779   -0.114464
 40.000    0.923555    0.482131   -0.123034
 42.000    0.898595    0.525028   -0.131954
 44.000    0.873194    0.568263   -0.141168
 46.000    0.847067    0.611628   -0.150621
 48.000    0.819990    0.654914   -0.160255
 50.000    0.791792    0.697912   -0.170015
 52.000    0.762345    0.740418   -0.179846
 54.000    0.731562    0.782225   -0.189691
 56.000    0.699390    0.823134   -0.199493
 58.000    0.665806    0.862948   -0.209198
 60.000    0.630815    0.901477   -0.218748
 62.000    0.594448    0.938536   -0.228088
 64.000    0.556755    0.973947   -0.237163
 66.000    0.517810    1.007543   -0.245915
 68.000    0.477703    1.039161   -0.254288
 70.000    0.436543    1.068653   -0.262228
 72.000    0.394452    1.095877   -0.269677
 74.000    0.351569    1.120704   -0.276580
 76.000    0.308043    1.143018   -0.282881
 78.000    0.264035    1.162713   -0.288524
 80.000    0.219717    1.179697   -0.293452
 82.000    0.175267    1.193890   -0.297610
 84.000    0.130874    1.205228   -0.300941
 86.000    0.086732    1.213659   -0.303390
 88.000    0.043039    1.219145   -0.304900
 90.000    0.000000    1.221664   -0.305416
