Viterna extrapolated polar
 alpha from -90.0 to 90.0 deg
 BLEND_WIDTH = 6.000 deg

 alpha        Cl          Cd          Cm
 ------   ---------   ---------   ---------
-90.000   -0.000000    1.221664    0.305416
-88.000   -0.042641    1.222822    0.304861
-86.000   -0.085137    1.221009    0.303233
-84.000   -0.127281    1.216241    0.300586
-82.000   -0.168870    1.208554    0.296973
-80.000   -0.209702    1.197992    0.292450
-78.000   -0.249581    1.184619    0.287070
-76.000   -0.288315    1.168507    0.280887
-74.000   -0.325719    1.149746    0.273957
-72.000   -0.361613    1.128435    0.266332
-70.000   -0.395828    1.104688    0.258067
-68.000   -0.428202    1.078630    0.249216
-66.000   -0.458582    1.050397    0.239833
-64.000   -0.486826    1.020135    0.229974
-62.000   -0.512805    0.988000    0.219690
-60.000   -0.536400    0.954157    0.209038
-58.000   -0.557505    0.918781    0.198071
-56.000   -0.576028    0.882051    0.186843
-54.000   -0.591889    0.844154    0.175409
-52.000   -0.605025    0.805284    0.163822
-50.000   -0.615386    0.765637    0.152137
-48.000   -0.622939    0.725414    0.140408
-46.000   -0.627666    0.684818    0.128689
-44.000   -0.629566    0.644053    0.117035
-42.000   -0.628655    0.603327    0.105499
-40.000   -0.624968    0.562842    0.094135
-38.000   -0.618557    0.522804    0.082999
-36.000   -0.609496    0.483413    0.072143
-34.000   -0.597879    0.444867    0.061623
-32.000   -0.583822    0.407358    0.051493
-30.000   -0.567469    0.371077    0.041805
-28.000   -0.548995    0.336203    0.032616
-26.000   -0.528608    0.302911    0.023979
-24.000   -0.506565    0.271369    0.015947
-22.000   -0.483180    0.241734    0.008576
-20.000   -0.458855    0.214153    0.001920
-18.000   -0.434114    0.188766   -0.003968
-16.000   -0.409675    0.165698   -0.009033
-14.000   -0.386585    0.145065   -0.013222
-12.000   -0.366479    0.126971   -0.016478
-10.000   -0.352169    0.111504   -0.018750
 -8.000   -0.350410    0.100728   -0.019389
 -6.000   -0.345294    0.087369   -0.024233
 -4.000   -0.095210    0.053493   -0.084075
 -2.000    0.285943    0.027496   -0.134314
  0.000    0.660000    0.012460   -0.162300
  2.000    0.925900    0.008920   -0.176400
  4.000    1.126000    0.011760   -0.170400
  6.000    1.309157    0.018927   -0.151769
  8.000    1.310380    0.027274   -0.138111
 10.000    1.099359    0.041178   -0.138543
 12.000    0.977945    0.057433   -0.139539
 14.000    0.903686    0.076086   -0.141052
 16.000    0.855113    0.097361   -0.143062
 18.000    0.823045    0.121154   -0.145541
 20.000    0.801909    0.147349   -0.148459
 22.000    0.788109    0.175819   -0.151789
 24.000    0.779204    0.206424   -0.155501
 26.000    0.773470    0.239015   -0.159567
 28.000    0.769644    0.273433   -0.163959
 30.000    0.766782    0.309510   -0.168647
 32.000    0.764154    0.347070   -0.173603
 34.000    0.761195    0.385929   -0.178799
 36.000    0.757455    0.425899   -0.184206
 38.000    0.752576    0.466783   -0.189796
 40.000    0.746274    0.508383   -0.195539
 42.000    0.738323    0.550496   -0.201407
 44.000    0.728544    0.592915   -0.207372
 46.000    0.716801    0.635433   -0.213405
 48.000    0.702995    0.677844   -0.219477
 50.000    0.687054    0.719940   -0.225560
 52.000    0.668939    0.761516   -0.231624
 54.000    0.648634    0.802368   -0.237643
 56.000    0.626146    0.842297   -0.243586
 58.000    0.601504    0.881108   -0.249426
 60.000    0.574758    0.918612   -0.255133
 62.000    0.545974    0.954624   -0.260680
 64.000    0.515236    0.988970   -0.266037
 66.000    0.482644    1.021481   -0.271175
 68.000    0.448312    1.051999   -0.276068
 70.000    0.412369    1.080373   -0.280684
 72.000    0.374955    1.106466   -0.284997
 74.000    0.336221    1.130150   -0.288978
 76.000    0.296330    1.151308   -0.292597
 78.000    0.255453    1.169838   -0.295826
 80.000    0.213771    1.185647   -0.298637
 82.000    0.171469    1.198660   -0.301001
 84.000    0.128741    1.208810   -0.302890
 86.000    0.085785    1.216049   -0.304274
 88.000    0.042803    1.220341   -0.305126
 90.000    0.000000    1.221664   -0.305416
