Viterna extrapolated polar
 alpha from -90.0 to 90.0 deg
 BLEND_WIDTH = 6.000 deg

 alpha        Cl          Cd          Cm
 ------   ---------   ---------   ---------
-90.000   -0.000000    1.221664    0.305416
-88.000   -0.042649    1.223134    0.304844
-86.000   -0.085169    1.221631    0.303168
-84.000   -0.127355    1.217174    0.300443
-82.000   -0.169001    1.209796    0.296728
-80.000   -0.209907    1.199542    0.292079
-78.000   -0.249877    1.186475    0.286554
-76.000   -0.288719    1.170667    0.280210
-74.000   -0.326248    1.152206    0.273105
-72.000   -0.362286    1.131193    0.265294
-70.000   -0.396662    1.107741    0.256837
-68.000   -0.429216    1.081974    0.247789
-66.000   -0.459795    1.054028    0.238208
-64.000   -0.488258    1.024048    0.228152
-62.000   -0.514477    0.992191    0.217678
-60.000   -0.538334    0.958621    0.206842
-58.000   -0.559724    0.923511    0.195702
-56.000   -0.578555    0.887043    0.184315
-54.000   -0.594750    0.849402    0.172739
-52.000   -0.608247    0.810780    0.161030
-50.000   -0.618999    0.771375    0.149247
-48.000   -0.626975    0.731387    0.137445
-46.000   -0.632160    0.691019    0.125683
-44.000   -0.634556    0.650475    0.114017
-42.000   -0.634184    0.609961    0.102506
-40.000   -0.631083    0.569681    0.091205
-38.000   -0.625314    0.529839    0.080172
-36.000   -0.616955    0.490635    0.069465
-34.000   -0.606112    0.452267    0.059141
-32.000   -0.592913    0.414929    0.049256
-30.000   -0.577517    0.378808    0.039869
-28.000   -0.560119    0.344085    0.031036
-26.000   -0.540952    0.310935    0.022814
-24.000   -0.520309    0.279524    0.015261
-22.000   -0.498553    0.250011    0.008435
-20.000   -0.476150    0.222542    0.002391
-18.000   -0.453721    0.197256   -0.002812
-16.000   -0.432131    0.174279   -0.007117
-14.000   -0.412653    0.153727   -0.010468
-12.000   -0.397305    0.135702   -0.012806
-10.000   -0.383274    0.122427   -0.015561
 -8.000   -0.388103    0.106737   -0.016120
 -6.000   -0.211776    0.068921   -0.055839
 -4.000   -0.024845    0.046589   -0.090218
 -2.000    0.361700    0.015680   -0.149300
  0.000    0.669100    0.011410   -0.165900
  2.000    0.936900    0.008820   -0.172900
  4.000    1.130700    0.011168   -0.165005
  6.000    1.288401    0.019093   -0.147483
  8.000    1.122865    0.027512   -0.145429
 10.000    0.942112    0.041907   -0.146120
 12.000    0.852559    0.057844   -0.147293
 14.000    0.797650    0.076494   -0.148943
 16.000    0.763772    0.097765   -0.151046
 18.000    0.743291    0.121554   -0.153575
 20.000    0.731563    0.147745   -0.156503
 22.000    0.725581    0.176209   -0.159804
 24.000    0.723297    0.206808   -0.163451
 26.000    0.723259    0.239393   -0.167418
 28.000    0.724398    0.273804   -0.171680
 30.000    0.725911    0.309874   -0.176208
 32.000    0.727176    0.347426   -0.180978
 34.000    0.727706    0.386278   -0.185962
 36.000    0.727114    0.426239   -0.191134
 38.000    0.725094    0.467115   -0.196468
 40.000    0.721399    0.508705   -0.201937
 42.000    0.715834    0.550808   -0.207515
 44.000    0.708248    0.593217   -0.213176
 46.000    0.698523    0.635726   -0.218893
 48.000    0.686578    0.678126   -0.224639
 50.000    0.672358    0.720211   -0.230389
 52.000    0.655833    0.761775   -0.236115
 54.000    0.636998    0.802615   -0.241792
 56.000    0.615869    0.842532   -0.247394
 58.000    0.592482    0.881331   -0.252893
 60.000    0.566892    0.918822   -0.258263
 62.000    0.539172    0.954822   -0.263478
 64.000    0.509410    0.989155   -0.268511
 66.000    0.477710    1.021652   -0.273337
 68.000    0.444188    1.052156   -0.277928
 70.000    0.408977    1.080517   -0.282259
 72.000    0.372219    1.106596   -0.286302
 74.000    0.334068    1.130266   -0.290032
 76.000    0.294687    1.151410   -0.293422
 78.000    0.254249    1.169925   -0.296446
 80.000    0.212936    1.185720   -0.299077
 82.000    0.170936    1.198718   -0.301288
 84.000    0.128441    1.208854   -0.303055
 86.000    0.085652    1.216079   -0.304349
 88.000    0.042769    1.220356   -0.305145
 90.000    0.000000    1.221664   -0.305416
