Viterna extrapolated polar
 alpha from -90.0 to 90.0 deg
 BLEND_WIDTH = 6.000 deg

 alpha        Cl          Cd          Cm
 ------   ---------   ---------   ---------
-90.000   -0.000000    1.221664    0.305416
-88.000   -0.042640    1.222614    0.304867
-86.000   -0.085132    1.220591    0.303254
-84.000   -0.127271    1.215616    0.300630
-82.000   -0.168853    1.207721    0.297049
-80.000   -0.209675    1.196954    0.292564
-78.000   -0.249542    1.183375    0.287227
-76.000   -0.288262    1.167060    0.281092
-74.000   -0.325649    1.148097    0.274211
-72.000   -0.361525    1.126587    0.266637
-70.000   -0.395718    1.102643    0.258425
-68.000   -0.428068    1.076390    0.249626
-66.000   -0.458422    1.047965    0.240293
-64.000   -0.486638    1.017513    0.230480
-62.000   -0.512585    0.985192    0.220240
-60.000   -0.536146    0.951168    0.209625
-58.000   -0.557213    0.915612    0.198689
-56.000   -0.575695    0.878707    0.187484
-54.000   -0.591513    0.840640    0.176064
-52.000   -0.604601    0.801603    0.164482
-50.000   -0.614910    0.761794    0.152791
-48.000   -0.622408    0.721413    0.141043
-46.000   -0.627074    0.680664    0.129292
-44.000   -0.628909    0.639752    0.117590
-42.000   -0.627927    0.598883    0.105992
-40.000   -0.624163    0.558262    0.094549
-38.000   -0.617668    0.518092    0.083314
-36.000   -0.608514    0.478575    0.072342
-34.000   -0.596794    0.439909    0.061684
-32.000   -0.582625    0.402288    0.051394
-30.000   -0.566146    0.365898    0.041525
-28.000   -0.547530    0.330923    0.032129
-26.000   -0.526982    0.297537    0.023260
-24.000   -0.504754    0.265907    0.014971
-22.000   -0.481156    0.236190    0.007315
-20.000   -0.456577    0.208535    0.000345
-18.000   -0.431531    0.183079   -0.005887
-16.000   -0.406717    0.159950   -0.011326
-14.000   -0.383151    0.139264   -0.015921
-12.000   -0.362419    0.121122   -0.019618
-10.000   -0.347241    0.105615   -0.022364
 -8.000   -0.342353    0.093403   -0.024101
 -6.000   -0.361545    0.085214   -0.023570
 -4.000   -0.180064    0.042723   -0.066752
 -2.000    0.234300    0.017880   -0.113100
  0.000    0.523500    0.013880   -0.130100
  2.000    0.790700    0.012230   -0.140300
  4.000    0.994800    0.012298   -0.137150
  6.000    1.204179    0.018045   -0.119145
  8.000    1.155935    0.028148   -0.108533
 10.000    0.971140    0.042531   -0.109135
 12.000    0.875452    0.058551   -0.110372
 14.000    0.817010    0.077195   -0.112217
 16.000    0.780449    0.098460   -0.114640
 18.000    0.757853    0.122242   -0.117606
 20.000    0.744407    0.148424   -0.121084
 22.000    0.736997    0.176879   -0.125039
 24.000    0.733505    0.207469   -0.129438
 26.000    0.732426    0.240043   -0.134248
 28.000    0.732659    0.274442   -0.139436
 30.000    0.733373    0.310500   -0.144967
 32.000    0.733927    0.348039   -0.150809
 34.000    0.733820    0.386877   -0.156929
 36.000    0.732654    0.426824   -0.163292
 38.000    0.730112    0.467684   -0.169866
 40.000    0.725941    0.509259   -0.176617
 42.000    0.719940    0.551345   -0.183512
 44.000    0.711953    0.593737   -0.190518
 46.000    0.701861    0.636228   -0.197601
 48.000    0.689576    0.678610   -0.204727
 50.000    0.675041    0.720676   -0.211864
 52.000    0.658226    0.762220   -0.218978
 54.000    0.639122    0.803040   -0.226036
 56.000    0.617745    0.842937   -0.233004
 58.000    0.594129    0.881714   -0.239849
 60.000    0.568329    0.919183   -0.246538
 62.000    0.540414    0.955161   -0.253037
 64.000    0.510474    0.989471   -0.259313
 66.000    0.478611    1.021946   -0.265332
 68.000    0.444941    1.052427   -0.271062
 70.000    0.409597    1.080765   -0.276468
 72.000    0.372719    1.106820   -0.281518
 74.000    0.334461    1.130465   -0.286177
 76.000    0.294987    1.151585   -0.290414
 78.000    0.254469    1.170076   -0.294194
 80.000    0.213089    1.185846   -0.297484
 82.000    0.171033    1.198819   -0.300251
 84.000    0.128496    1.208930   -0.302460
 86.000    0.085676    1.216129   -0.304080
 88.000    0.042776    1.220381   -0.305077
 90.000    0.000000    1.221664   -0.305416
