Viterna extrapolated polar
 alpha from -90.0 to 90.0 deg
 BLEND_WIDTH = 6.000 deg

 alpha        Cl          Cd          Cm
 ------   ---------   ---------   ---------
-90.000   -0.000000    1.221664    0.305416
-88.000   -0.042639    1.222971    0.304855
-86.000   -0.085130    1.221305    0.303209
-84.000   -0.127267    1.216685    0.300533
-82.000   -0.168844    1.209144    0.296882
-80.000   -0.209662    1.198729    0.292311
-78.000   -0.249523    1.185501    0.286875
-76.000   -0.288236    1.169534    0.280628
-74.000   -0.325615    1.150915    0.273625
-72.000   -0.361482    1.129746    0.265923
-70.000   -0.395665    1.106140    0.257574
-68.000   -0.428003    1.080220    0.248636
-66.000   -0.458344    1.052123    0.239161
-64.000   -0.486546    1.021995    0.229206
-62.000   -0.512478    0.989992    0.218825
-60.000   -0.536021    0.956279    0.208073
-58.000   -0.557071    0.921030    0.197005
-56.000   -0.575533    0.884424    0.185677
-54.000   -0.591329    0.846649    0.174142
-52.000   -0.604394    0.807897    0.162456
-50.000   -0.614678    0.768365    0.150674
-48.000   -0.622148    0.728254    0.138851
-46.000   -0.626785    0.687766    0.127042
-44.000   -0.628588    0.647107    0.115301
-42.000   -0.627572    0.606481    0.103684
-40.000   -0.623770    0.566094    0.092246
-38.000   -0.617234    0.526149    0.081041
-36.000   -0.608035    0.486847    0.070124
-34.000   -0.596266    0.448385    0.059551
-32.000   -0.582041    0.410958    0.049376
-30.000   -0.565501    0.374752    0.039654
-28.000   -0.546815    0.339950    0.030441
-26.000   -0.526189    0.306726    0.021790
-24.000   -0.503871    0.275246    0.013758
-22.000   -0.480168    0.245669    0.006399
-20.000   -0.455467    0.218142   -0.000233
-18.000   -0.430272    0.192802   -0.006081
-16.000   -0.405275    0.169778   -0.011092
-14.000   -0.381477    0.149184   -0.015210
-12.000   -0.360439    0.131122   -0.018381
-10.000   -0.344838    0.115684   -0.020548
 -8.000   -0.337643    0.104749   -0.020386
 -6.000   -0.316997    0.090363   -0.027652
 -4.000   -0.053167    0.052387   -0.092000
 -2.000    0.282700    0.023960   -0.140400
  0.000    0.637800    0.012610   -0.161300
  2.000    0.941500    0.008990   -0.176400
  4.000    1.126500    0.011700   -0.168200
  6.000    1.271149    0.016537   -0.151492
  8.000    1.413237    0.024316   -0.130692
 10.000    1.266615    0.035790   -0.126352
 12.000    1.099259    0.053343   -0.127163
 14.000    1.006277    0.072029   -0.128538
 16.000    0.943487    0.093342   -0.130474
 18.000    0.900208    0.117177   -0.132937
 20.000    0.869970    0.143420   -0.135898
 22.000    0.848606    0.171942   -0.139323
 24.000    0.833295    0.202604   -0.143181
 26.000    0.822050    0.235257   -0.147440
 28.000    0.813421    0.269741   -0.152069
 30.000    0.806325    0.305889   -0.157036
 32.000    0.799932    0.343524   -0.162308
 34.000    0.793596    0.382463   -0.167855
 36.000    0.786809    0.422516   -0.173644
 38.000    0.779165    0.463488   -0.179643
 40.000    0.770341    0.505180   -0.185821
 42.000    0.760081    0.547388   -0.192147
 44.000    0.748181    0.589907   -0.198587
 46.000    0.734486    0.632529   -0.205111
 48.000    0.718877    0.675047   -0.211686
 50.000    0.701273    0.717253   -0.218282
 52.000    0.681619    0.758942   -0.224865
 54.000    0.659891    0.799910   -0.231405
 56.000    0.636089    0.839959   -0.237869
 58.000    0.610234    0.878892   -0.244226
 60.000    0.582368    0.916521   -0.250444
 62.000    0.552554    0.952661   -0.256491
 64.000    0.520872    0.987137   -0.262335
 66.000    0.487418    1.019781   -0.267946
 68.000    0.452302    1.050432   -0.273290
 70.000    0.415651    1.078943   -0.278336
 72.000    0.377602    1.105174   -0.283052
 74.000    0.338305    1.128998   -0.287407
 76.000    0.297920    1.150297   -0.291368
 78.000    0.256618    1.168969   -0.294904
 80.000    0.214578    1.184921   -0.297984
 82.000    0.171984    1.198078   -0.300575
 84.000    0.129030    1.208373   -0.302645
 86.000    0.085913    1.215758   -0.304163
 88.000    0.042835    1.220195   -0.305098
 90.000    0.000000    1.221664   -0.305416
