Viterna extrapolated polar
 alpha from -90.0 to 90.0 deg
 BLEND_WIDTH = 6.000 deg

 alpha        Cl          Cd          Cm
 ------   ---------   ---------   ---------
-90.000   -0.000000    1.221664    0.305416
-88.000   -0.042640    1.222641    0.304868
-86.000   -0.085133    1.220646    0.303260
-84.000   -0.127273    1.215698    0.300645
-82.000   -0.168856    1.207831    0.297075
-80.000   -0.209680    1.197090    0.292603
-78.000   -0.249549    1.183538    0.287282
-76.000   -0.288271    1.167250    0.281165
-74.000   -0.325661    1.148313    0.274305
-72.000   -0.361540    1.126829    0.266755
-70.000   -0.395737    1.102911    0.258567
-68.000   -0.428091    1.076684    0.249795
-66.000   -0.458449    1.048283    0.240490
-64.000   -0.486670    1.017857    0.230707
-62.000   -0.512623    0.985561    0.220498
-60.000   -0.536189    0.951560    0.209915
-58.000   -0.557264    0.916028    0.199012
-56.000   -0.575752    0.879146    0.187841
-54.000   -0.591577    0.841101    0.176456
-52.000   -0.604674    0.802086    0.164909
-50.000   -0.614992    0.762297    0.153253
-48.000   -0.622499    0.721937    0.141541
-46.000   -0.627176    0.681209    0.129825
-44.000   -0.629022    0.640316    0.118159
-42.000   -0.628052    0.599466    0.106596
-40.000   -0.624301    0.558862    0.095187
-38.000   -0.617821    0.518710    0.083987
-36.000   -0.608683    0.479210    0.073048
-34.000   -0.596981    0.440559    0.062422
-32.000   -0.582831    0.402952    0.052163
-30.000   -0.566374    0.366577    0.042324
-28.000   -0.547782    0.331615    0.032957
-26.000   -0.527262    0.298242    0.024115
-24.000   -0.505066    0.266623    0.015851
-22.000   -0.481504    0.236917    0.008218
-20.000   -0.456969    0.209271    0.001269
-18.000   -0.431976    0.183825   -0.004944
-16.000   -0.407226    0.160704   -0.010367
-14.000   -0.383742    0.140024   -0.014948
-12.000   -0.363118    0.121889   -0.018634
-10.000   -0.348089    0.106387   -0.021371
 -8.000   -0.343320    0.094237   -0.023260
 -6.000   -0.368086    0.085346   -0.022570
 -4.000   -0.249517    0.056449   -0.050525
 -2.000    0.110600    0.022000   -0.090800
  0.000    0.459200    0.019110   -0.118400
  2.000    0.736400    0.017090   -0.134600
  4.000    0.999400    0.016330   -0.137800
  6.000    1.221113    0.013543   -0.117467
  8.000    1.128446    0.026359   -0.105379
 10.000    0.964867    0.022863   -0.107560
 12.000    0.871308    0.038929   -0.108875
 14.000    0.813505    0.057731   -0.110800
 16.000    0.777430    0.079177   -0.113299
 18.000    0.755217    0.103163   -0.116341
 20.000    0.742082    0.129573   -0.119891
 22.000    0.734931    0.158279   -0.123916
 24.000    0.731657    0.189142   -0.128383
 26.000    0.730767    0.222012   -0.133259
 28.000    0.731164    0.256730   -0.138509
 30.000    0.732022    0.293127   -0.144102
 32.000    0.732705    0.331027   -0.150003
 34.000    0.732713    0.370246   -0.156179
 36.000    0.731651    0.410595   -0.162597
 38.000    0.729204    0.451877   -0.169223
 40.000    0.725119    0.493892   -0.176024
 42.000    0.719197    0.536438   -0.182967
 44.000    0.711283    0.579307   -0.190019
 46.000    0.701257    0.622293   -0.197145
 48.000    0.689033    0.665186   -0.204313
 50.000    0.674555    0.707781   -0.211490
 52.000    0.657793    0.749870   -0.218641
 54.000    0.638738    0.791249   -0.225734
 56.000    0.617405    0.831719   -0.232736
 58.000    0.593831    0.871084   -0.239612
 60.000    0.568069    0.909153   -0.246330
 62.000    0.540189    0.945743   -0.252856
 64.000    0.510281    0.980677   -0.259157
 66.000    0.478448    1.013787   -0.265200
 68.000    0.444805    1.044912   -0.270951
 70.000    0.409484    1.073903   -0.276377
 72.000    0.372628    1.100621   -0.281444
 74.000    0.334390    1.124936   -0.286120
 76.000    0.294932    1.146732   -0.290370
 78.000    0.254429    1.165905   -0.294162
 80.000    0.213061    1.182363   -0.297462
 82.000    0.171016    1.196027   -0.300236
 84.000    0.128486    1.206833   -0.302452
 86.000    0.085672    1.214730   -0.304077
 88.000    0.042774    1.219681   -0.305076
 90.000    0.000000    1.221664   -0.305416
