Viterna extrapolated polar
 alpha from -90.0 to 90.0 deg
 BLEND_WIDTH = 6.000 deg

 alpha        Cl          Cd          Cm
 ------   ---------   ---------   ---------
-90.000   -0.000000    1.221664    0.305416
-88.000   -0.042625    1.222406    0.304812
-86.000   -0.085073    1.220177    0.303038
-84.000   -0.127137    1.214995    0.300153
-82.000   -0.168614    1.206894    0.296216
-80.000   -0.209301    1.195921    0.291285
-78.000   -0.249002    1.182139    0.285418
-76.000   -0.287525    1.165622    0.278674
-74.000   -0.324683    1.146458    0.271112
-72.000   -0.360298    1.124749    0.262789
-70.000   -0.394197    1.100609    0.253764
-68.000   -0.426218    1.074162    0.244097
-66.000   -0.456208    1.045546    0.233844
-64.000   -0.484024    1.014906    0.223066
-62.000   -0.509534    0.982401    0.211819
-60.000   -0.532618    0.948194    0.200164
-58.000   -0.553166    0.912461    0.188157
-56.000   -0.571085    0.875382    0.175858
-54.000   -0.586293    0.837144    0.163325
-52.000   -0.598722    0.797942    0.150617
-50.000   -0.608318    0.757971    0.137792
-48.000   -0.615044    0.717434    0.124908
-46.000   -0.618875    0.676533    0.112024
-44.000   -0.619805    0.635474    0.099199
-42.000   -0.617840    0.594464    0.086491
-40.000   -0.613005    0.553706    0.073958
-38.000   -0.605341    0.513406    0.061659
-36.000   -0.594905    0.473764    0.049653
-34.000   -0.581772    0.434979    0.037997
-32.000   -0.566037    0.397244    0.026750
-30.000   -0.547813    0.360748    0.015972
-28.000   -0.527234    0.325672    0.005719
-26.000   -0.504460    0.292192   -0.003948
-24.000   -0.479677    0.260474   -0.012973
-22.000   -0.453108    0.230676   -0.021295
-20.000   -0.425023    0.202946   -0.028858
-18.000   -0.395757    0.177423   -0.035602
-16.000   -0.365745    0.154234   -0.041469
-14.000   -0.335588    0.133493   -0.046400
-12.000   -0.306176    0.115305   -0.050337
-10.000   -0.278980    0.099759   -0.053222
 -8.000   -0.258437    0.089273   -0.052381
 -6.000   -0.245700    0.076890   -0.055600
 -4.000   -0.054646    0.027550   -0.115044
 -2.000    0.265500    0.021330   -0.134000
  0.000    0.595400    0.015670   -0.149400
  2.000    0.882100    0.012960   -0.157900
  4.000    1.065600    0.015300   -0.148600
  6.000    1.219700    0.018600   -0.135100
  8.000    1.336900    0.022450   -0.116600
 10.000    1.441800    0.027580   -0.099700
 12.000    1.558759    0.034784   -0.083172
 14.000    1.517356    0.050634   -0.075174
 16.000    1.369337    0.072337   -0.077156
 18.000    1.271644    0.096309   -0.078824
 20.000    1.197593    0.122801   -0.081305
 22.000    1.139819    0.151597   -0.084555
 24.000    1.093671    0.182558   -0.088525
 26.000    1.055897    0.215535   -0.093168
 28.000    1.024145    0.250367   -0.098434
 30.000    0.996671    0.286886   -0.104275
 32.000    0.972152    0.324915   -0.110641
 34.000    0.949566    0.364271   -0.117485
 36.000    0.928112    0.404764   -0.124758
 38.000    0.907155    0.446197   -0.132411
 40.000    0.886191    0.488371   -0.140395
 42.000    0.864815    0.531082   -0.148663
 44.000    0.842707    0.574123   -0.157164
 46.000    0.819612    0.617286   -0.165851
 48.000    0.795332    0.660364   -0.174674
 50.000    0.769717    0.703148   -0.183586
 52.000    0.742658    0.745432   -0.192537
 54.000    0.714083    0.787013   -0.201479
 56.000    0.683952    0.827689   -0.210364
 58.000    0.652253    0.867265   -0.219142
 60.000    0.619000    0.905550   -0.227765
 62.000    0.584231    0.942360   -0.236184
 64.000    0.548004    0.977518   -0.244350
 66.000    0.510398    1.010856   -0.252216
 68.000    0.471508    1.042213   -0.259732
 70.000    0.431448    1.071439   -0.266850
 72.000    0.390343    1.098394   -0.273521
 74.000    0.348334    1.122949   -0.279696
 76.000    0.305574    1.144989   -0.285327
 78.000    0.262226    1.164406   -0.290365
 80.000    0.218463    1.181111   -0.294761
 82.000    0.174466    1.195024   -0.298467
 84.000    0.130425    1.206080   -0.301434
 86.000    0.086532    1.214227   -0.303614
 88.000    0.042989    1.219430   -0.304957
 90.000    0.000000    1.221664   -0.305416
