Viterna extrapolated polar
 alpha from -90.0 to 90.0 deg
 BLEND_WIDTH = 6.000 deg

 alpha        Cl          Cd          Cm
 ------   ---------   ---------   ---------
-90.000   -0.000000    1.221664    0.305416
-88.000   -0.042635    1.222802    0.304892
-86.000   -0.085112    1.220968    0.303352
-84.000   -0.127226    1.216180    0.300847
-82.000   -0.168771    1.208472    0.297426
-80.000   -0.209548    1.197890    0.293140
-78.000   -0.249359    1.184497    0.288039
-76.000   -0.288012    1.168365    0.282172
-74.000   -0.325321    1.149584    0.275589
-72.000   -0.361108    1.128253    0.268341
-70.000   -0.395202    1.104487    0.260478
-68.000   -0.427440    1.078410    0.252049
-66.000   -0.457671    1.050158    0.243105
-64.000   -0.485751    1.019877    0.233695
-62.000   -0.511550    0.987724    0.223870
-60.000   -0.534948    0.953864    0.213679
-58.000   -0.555840    0.918470    0.203172
-56.000   -0.574131    0.881723    0.192400
-54.000   -0.589741    0.843809    0.181412
-52.000   -0.602605    0.804923    0.170259
-50.000   -0.612673    0.765260    0.158990
-48.000   -0.619908    0.725021    0.147656
-46.000   -0.624291    0.684410    0.136306
-44.000   -0.625819    0.643631    0.124990
-42.000   -0.624503    0.602890    0.113758
-40.000   -0.620376    0.562393    0.102661
-38.000   -0.613484    0.522341    0.091749
-36.000   -0.603895    0.482938    0.081070
-34.000   -0.591696    0.444380    0.070676
-32.000   -0.576995    0.406861    0.060617
-30.000   -0.559924    0.370568    0.050941
-28.000   -0.540642    0.335684    0.041700
-26.000   -0.519338    0.302384    0.032943
-24.000   -0.496243    0.270833    0.024720
-22.000   -0.471636    0.241189    0.017082
-20.000   -0.445868    0.213602    0.010078
-18.000   -0.419390    0.188208    0.003758
-16.000   -0.392811    0.165134   -0.001828
-14.000   -0.367008    0.144496   -0.006630
-12.000   -0.343330    0.126396   -0.010597
-10.000   -0.324074    0.110926   -0.013680
 -8.000   -0.313649    0.098162   -0.015829
 -6.000   -0.331451    0.089755   -0.015453
 -4.000   -0.343774    0.078790   -0.020823
 -2.000   -0.003542    0.046496   -0.078568
  0.000    0.423600    0.025140   -0.132500
  2.000    0.760000    0.021380   -0.149200
  4.000    1.099000    0.016190   -0.167600
  6.000    1.255200    0.019990   -0.151600
  8.000    1.400688    0.032606   -0.125744
 10.000    1.339002    0.064770   -0.126075
 12.000    1.172678    0.065073   -0.122039
 14.000    1.068366    0.083665   -0.123318
 16.000    0.996971    0.104870   -0.125187
 18.000    0.946907    0.128583   -0.127614
 20.000    0.911161    0.154690   -0.130564
 22.000    0.885220    0.183061   -0.134005
 24.000    0.866032    0.213560   -0.137903
 26.000    0.851451    0.246036   -0.142226
 28.000    0.839914    0.280330   -0.146939
 30.000    0.830256    0.316274   -0.152009
 32.000    0.821585    0.353694   -0.157404
 34.000    0.813206    0.392405   -0.163090
 36.000    0.804575    0.432218   -0.169034
 38.000    0.795257    0.472939   -0.175202
 40.000    0.784906    0.514367   -0.181561
 42.000    0.773248    0.556300   -0.188079
 44.000    0.760065    0.598534   -0.194721
 46.000    0.745188    0.640860   -0.201454
 48.000    0.728490    0.683071   -0.208246
 50.000    0.709878    0.724961   -0.215063
 52.000    0.689293    0.766325   -0.221871
 54.000    0.666705    0.806959   -0.228638
 56.000    0.642107    0.846665   -0.235330
 58.000    0.615517    0.885248   -0.241914
 60.000    0.586974    0.922517   -0.248356
 62.000    0.556537    0.958291   -0.254624
 64.000    0.524284    0.992394   -0.260684
 66.000    0.490307    1.024658   -0.266503
 68.000    0.454717    1.054925   -0.272048
 70.000    0.417637    1.083045   -0.277285
 72.000    0.379204    1.108880   -0.282181
 74.000    0.339566    1.132303   -0.286702
 76.000    0.298883    1.153198   -0.290817
 78.000    0.257324    1.171462   -0.294491
 80.000    0.215066    1.187004   -0.297690
 82.000    0.172296    1.199747   -0.300383
 84.000    0.129206    1.209627   -0.302535
 86.000    0.085991    1.216594   -0.304113
 88.000    0.042854    1.220614   -0.305085
 90.000    0.000000    1.221664   -0.305416
