Viterna extrapolated polar
 alpha from -90.0 to 90.0 deg
 BLEND_WIDTH = 6.000 deg

 alpha        Cl          Cd          Cm
 ------   ---------   ---------   ---------
-90.000   -0.000000    1.221664    0.305416
-88.000   -0.042640    1.222669    0.304875
-86.000   -0.085133    1.220703    0.303285
-84.000   -0.127274    1.215783    0.300700
-82.000   -0.168858    1.207944    0.297170
-80.000   -0.209683    1.197231    0.292749
-78.000   -0.249554    1.183708    0.287488
-76.000   -0.288278    1.167447    0.281439
-74.000   -0.325670    1.148538    0.274654
-72.000   -0.361551    1.127081    0.267186
-70.000   -0.395751    1.103189    0.259087
-68.000   -0.428108    1.076989    0.250408
-66.000   -0.458469    1.048614    0.241202
-64.000   -0.486694    1.018214    0.231520
-62.000   -0.512651    0.985942    0.221416
-60.000   -0.536222    0.951966    0.210940
-58.000   -0.557300    0.916459    0.200146
-56.000   -0.575794    0.879601    0.189084
-54.000   -0.591625    0.841579    0.177808
-52.000   -0.604727    0.802586    0.166369
-50.000   -0.615052    0.762820    0.154819
-48.000   -0.622566    0.722482    0.143211
-46.000   -0.627251    0.681774    0.131596
-44.000   -0.629105    0.640901    0.120026
-42.000   -0.628144    0.600070    0.108555
-40.000   -0.624403    0.559486    0.097233
-38.000   -0.617933    0.519351    0.086113
-36.000   -0.608807    0.479868    0.075247
-34.000   -0.597118    0.441234    0.064686
-32.000   -0.582982    0.403642    0.054484
-30.000   -0.566541    0.367282    0.044692
-28.000   -0.547967    0.332334    0.035362
-26.000   -0.527467    0.298973    0.026547
-24.000   -0.505294    0.267366    0.018297
-22.000   -0.481760    0.237671    0.010667
-20.000   -0.457257    0.210036    0.003706
-18.000   -0.432302    0.184598   -0.002531
-16.000   -0.407600    0.161486   -0.007994
-14.000   -0.384175    0.140814   -0.012630
-12.000   -0.363631    0.122684   -0.016388
-10.000   -0.348711    0.107189   -0.019214
 -8.000   -0.344866    0.094657   -0.021109
 -6.000   -0.366795    0.084982   -0.021615
 -4.000   -0.229135    0.059269   -0.051741
 -2.000    0.095100    0.030620   -0.101100
  0.000    0.475900    0.022330   -0.136400
  2.000    0.801100    0.021110   -0.156100
  4.000    1.089300    0.016570   -0.164900
  6.000    1.282248    0.018081   -0.142713
  8.000    1.297475    0.021483   -0.115934
 10.000    1.101563    0.030243   -0.116373
 12.000    0.978383    0.042517   -0.116572
 14.000    0.904056    0.061290   -0.118230
 16.000    0.855432    0.082703   -0.120460
 18.000    0.823323    0.106652   -0.123230
 20.000    0.802155    0.133020   -0.126507
 22.000    0.788327    0.161681   -0.130258
 24.000    0.779400    0.192494   -0.134451
 26.000    0.773645    0.225309   -0.139051
 28.000    0.769802    0.259969   -0.144028
 30.000    0.766924    0.296304   -0.149347
 32.000    0.764283    0.334138   -0.154975
 34.000    0.761312    0.373287   -0.160881
 36.000    0.757560    0.413562   -0.167031
 38.000    0.752672    0.454767   -0.173393
 40.000    0.746361    0.496702   -0.179933
 42.000    0.738401    0.539164   -0.186619
 44.000    0.728615    0.581946   -0.193417
 46.000    0.716865    0.624841   -0.200296
 48.000    0.703052    0.667641   -0.207222
 50.000    0.687105    0.710139   -0.214162
 52.000    0.668985    0.752128   -0.221083
 54.000    0.648674    0.793405   -0.227954
 56.000    0.626182    0.833770   -0.234740
 58.000    0.601536    0.873028   -0.241409
 60.000    0.574785    0.910987   -0.247929
 62.000    0.545998    0.947465   -0.254266
 64.000    0.515256    0.982286   -0.260387
 66.000    0.482661    1.015279   -0.266260
 68.000    0.448327    1.046287   -0.271852
 70.000    0.412381    1.075158   -0.277130
 72.000    0.374964    1.101754   -0.282061
 74.000    0.336229    1.125947   -0.286612
 76.000    0.296336    1.147619   -0.290751
 78.000    0.255458    1.166668   -0.294445
 80.000    0.213774    1.183000   -0.297660
 82.000    0.171471    1.196537   -0.300365
 84.000    0.128742    1.207216   -0.302526
 86.000    0.085785    1.214986   -0.304110
 88.000    0.042803    1.219809   -0.305084
 90.000    0.000000    1.221664   -0.305416
