Viterna extrapolated polar
 alpha from -90.0 to 90.0 deg
 BLEND_WIDTH = 6.000 deg

 alpha        Cl          Cd          Cm
 ------   ---------   ---------   ---------
-90.000   -0.000000    1.221664    0.305416
-88.000   -0.042635    1.223179    0.304932
-86.000   -0.085112    1.221721    0.303510
-84.000   -0.127225    1.217308    0.301196
-82.000   -0.168771    1.209974    0.298035
-80.000   -0.209547    1.199765    0.294074
-78.000   -0.249357    1.186741    0.289358
-76.000   -0.288010    1.170976    0.283933
-74.000   -0.325318    1.152559    0.277844
-72.000   -0.361104    1.131589    0.271138
-70.000   -0.395197    1.108179    0.263860
-68.000   -0.427434    1.082454    0.256056
-66.000   -0.457664    1.054548    0.247772
-64.000   -0.485742    1.024609    0.239053
-62.000   -0.511540    0.992791    0.229945
-60.000   -0.534937    0.959261    0.220494
-58.000   -0.555827    0.924190    0.210745
-56.000   -0.574116    0.887758    0.200745
-54.000   -0.589725    0.850154    0.190539
-52.000   -0.602587    0.811568    0.180173
-50.000   -0.612652    0.772198    0.169693
-48.000   -0.619885    0.732243    0.159144
-46.000   -0.624266    0.691908    0.148572
-44.000   -0.625790    0.651396    0.138023
-42.000   -0.624471    0.610912    0.127543
-40.000   -0.620340    0.570661    0.117177
-38.000   -0.613445    0.530847    0.106971
-36.000   -0.603852    0.491670    0.096971
-34.000   -0.591648    0.453328    0.087222
-32.000   -0.576942    0.416014    0.077771
-30.000   -0.559866    0.379916    0.068663
-28.000   -0.540577    0.345215    0.059944
-26.000   -0.519267    0.312085    0.051660
-24.000   -0.496164    0.280693    0.043856
-22.000   -0.471548    0.251197    0.036578
-20.000   -0.445768    0.223745    0.029872
-18.000   -0.419276    0.198473    0.023783
-16.000   -0.392682    0.175510    0.018358
-14.000   -0.366858    0.154969    0.013642
-12.000   -0.343153    0.136954    0.009681
-10.000   -0.323858    0.121556    0.006520
 -8.000   -0.313376    0.108850    0.004206
 -6.000   -0.323047    0.099336    0.001882
 -4.000   -0.378600    0.091760    0.002300
 -2.000   -0.160835    0.061789   -0.047631
  0.000    0.196800    0.034850   -0.097600
  2.000    0.488500    0.037370   -0.118000
  4.000    0.880100    0.036720   -0.142600
  6.000    1.266100    0.029540   -0.156000
  8.000    1.340600    0.033590   -0.124533
 10.000    1.318644    0.052200   -0.094382
 12.000    1.396572    0.075078   -0.080818
 14.000    1.259262    0.099260   -0.081736
 16.000    1.169501    0.114990   -0.079933
 18.000    1.097550    0.138596   -0.081941
 20.000    1.044035    0.164583   -0.084717
 22.000    1.003327    0.192823   -0.088215
 24.000    0.971632    0.223178   -0.092387
 26.000    0.946292    0.255499   -0.097189
 28.000    0.925378    0.289626   -0.102573
 30.000    0.907455    0.325392   -0.108493
 32.000    0.891432    0.362623   -0.114903
 34.000    0.876463    0.401134   -0.121757
 36.000    0.861883    0.440736   -0.129007
 38.000    0.847166    0.481235   -0.136608
 40.000    0.831891    0.522432   -0.144514
 42.000    0.815726    0.564125   -0.152677
 44.000    0.798402    0.606107   -0.161052
 46.000    0.779713    0.648173   -0.169592
 48.000    0.759497    0.690116   -0.178251
 50.000    0.737637    0.731729   -0.186982
 52.000    0.714049    0.772807   -0.195740
 54.000    0.688683    0.813148   -0.204477
 56.000    0.661519    0.852553   -0.213147
 58.000    0.632558    0.890827   -0.221705
 60.000    0.601831    0.927782   -0.230103
 62.000    0.569384    0.963234   -0.238295
 64.000    0.535287    0.997010   -0.246235
 66.000    0.499627    1.028941   -0.253877
 68.000    0.462506    1.058869   -0.261174
 70.000    0.424044    1.086646   -0.268079
 72.000    0.384371    1.112134   -0.274547
 74.000    0.343633    1.135205   -0.280531
 76.000    0.301987    1.155745   -0.285985
 78.000    0.259598    1.173651   -0.290862
 80.000    0.216642    1.188832   -0.295116
 82.000    0.173303    1.201212   -0.298700
 84.000    0.129771    1.210727   -0.301569
 86.000    0.086242    1.217329   -0.303675
 88.000    0.042917    1.220981   -0.304973
 90.000    0.000000    1.221664   -0.305416
