Viterna extrapolated polar
 alpha from -90.0 to 90.0 deg
 BLEND_WIDTH = 6.000 deg

 alpha        Cl          Cd          Cm
 ------   ---------   ---------   ---------
-90.000   -0.000000    1.221664    0.305416
-88.000   -0.042640    1.222755    0.304880
-86.000   -0.085132    1.220873    0.303306
-84.000   -0.127271    1.216038    0.300747
-82.000   -0.168852    1.208283    0.297253
-80.000   -0.209675    1.197655    0.292878
-78.000   -0.249542    1.184215    0.287673
-76.000   -0.288261    1.168037    0.281689
-74.000   -0.325648    1.149210    0.274979
-72.000   -0.361523    1.127835    0.267595
-70.000   -0.395716    1.104024    0.259587
-68.000   -0.428066    1.077903    0.251010
-66.000   -0.458419    1.049607    0.241913
-64.000   -0.486634    1.019283    0.232350
-62.000   -0.512581    0.987088    0.222371
-60.000   -0.536141    0.953187    0.212029
-58.000   -0.557208    0.917752    0.201376
-56.000   -0.575689    0.880965    0.190464
-54.000   -0.591506    0.843013    0.179344
-52.000   -0.604593    0.804089    0.168069
-50.000   -0.614902    0.764389    0.156689
-48.000   -0.622398    0.724115    0.145258
-46.000   -0.627064    0.683469    0.133827
-44.000   -0.628897    0.642657    0.122447
-42.000   -0.627914    0.601884    0.111172
-40.000   -0.624148    0.561355    0.100052
-38.000   -0.617652    0.521274    0.089140
-36.000   -0.608497    0.481842    0.078487
-34.000   -0.596775    0.443257    0.068145
-32.000   -0.582604    0.405712    0.058166
-30.000   -0.566123    0.369395    0.048603
-28.000   -0.547504    0.334488    0.039506
-26.000   -0.526954    0.301166    0.030929
-24.000   -0.504722    0.269595    0.022922
-22.000   -0.481120    0.239933    0.015537
-20.000   -0.456537    0.212329    0.008827
-18.000   -0.431486    0.186919    0.002843
-16.000   -0.406665    0.163832   -0.002362
-14.000   -0.383091    0.143181   -0.006737
-12.000   -0.362348    0.125071   -0.010231
-10.000   -0.347155    0.109592   -0.012790
 -8.000   -0.342785    0.098145   -0.015055
 -6.000   -0.361200    0.086820   -0.014900
 -4.000   -0.272483    0.056335   -0.035363
 -2.000    0.031600    0.024840   -0.066200
  0.000    0.201600    0.022920   -0.064200
  2.000    0.482300    0.030570   -0.091200
  4.000    0.744800    0.037300   -0.107700
  6.000    1.016112    0.030153   -0.097972
  8.000    1.094570    0.033492   -0.061822
 10.000    0.940591    0.042786   -0.064107
 12.000    0.848812    0.056278   -0.065569
 14.000    0.794481    0.074941   -0.067675
 16.000    0.761043    0.096226   -0.070508
 18.000    0.740908    0.120032   -0.074026
 20.000    0.729461    0.146240   -0.078188
 22.000    0.723712    0.174725   -0.082952
 24.000    0.721627    0.205346   -0.088277
 26.000    0.721758    0.237954   -0.094120
 28.000    0.723046    0.272391   -0.100440
 30.000    0.724690    0.308488   -0.107196
 32.000    0.726071    0.346069   -0.114345
 34.000    0.726705    0.384951   -0.121846
 36.000    0.726208    0.424944   -0.129657
 38.000    0.724273    0.465853   -0.137736
 40.000    0.720656    0.507479   -0.146043
 42.000    0.715162    0.549619   -0.154534
 44.000    0.707641    0.592066   -0.163169
 46.000    0.697977    0.634614   -0.171905
 48.000    0.686088    0.677055   -0.180701
 50.000    0.671919    0.719182   -0.189516
 52.000    0.655441    0.760789   -0.198307
 54.000    0.636650    0.801674   -0.207033
 56.000    0.615562    0.841637   -0.215652
 58.000    0.592212    0.880483   -0.224123
 60.000    0.566657    0.918022   -0.232403
 62.000    0.538969    0.954070   -0.240451
 64.000    0.509236    0.988453   -0.248226
 66.000    0.477562    1.021001   -0.255685
 68.000    0.444065    1.051557   -0.262787
 70.000    0.408876    1.079970   -0.269491
 72.000    0.372137    1.106102   -0.275753
 74.000    0.334003    1.129825   -0.281534
 76.000    0.294638    1.151023   -0.286791
 78.000    0.254213    1.169593   -0.291482
 80.000    0.212912    1.185443   -0.295566
 82.000    0.170920    1.198495   -0.299001
 84.000    0.128432    1.208687   -0.301745
 86.000    0.085648    1.215967   -0.303757
 88.000    0.042768    1.220300   -0.304994
 90.000    0.000000    1.221664   -0.305416
