Viterna extrapolated polar
 alpha from -90.0 to 90.0 deg
 BLEND_WIDTH = 6.000 deg

 alpha        Cl          Cd          Cm
 ------   ---------   ---------   ---------
-90.000   -0.000000    1.221664    0.305416
-88.000   -0.042642    1.223246    0.304890
-86.000   -0.085143    1.221855    0.303344
-84.000   -0.127295    1.217510    0.300831
-82.000   -0.168895    1.210243    0.297401
-80.000   -0.209742    1.200100    0.293105
-78.000   -0.249638    1.187142    0.287994
-76.000   -0.288393    1.171443    0.282119
-74.000   -0.325821    1.153091    0.275530
-72.000   -0.361743    1.132185    0.268279
-70.000   -0.395989    1.108839    0.260417
-68.000   -0.428397    1.083176    0.251995
-66.000   -0.458815    1.055333    0.243063
-64.000   -0.487102    1.025454    0.233673
-62.000   -0.513127    0.993697    0.223875
-60.000   -0.536773    0.960225    0.213720
-58.000   -0.557933    0.925212    0.203260
-56.000   -0.576514    0.888837    0.192546
-54.000   -0.592440    0.851288    0.181627
-52.000   -0.605646    0.812756    0.170556
-50.000   -0.616082    0.773438    0.159382
-48.000   -0.623716    0.733534    0.148158
-46.000   -0.628531    0.693248    0.136934
-44.000   -0.630527    0.652783    0.125761
-42.000   -0.629720    0.612345    0.114689
-40.000   -0.626146    0.572139    0.103771
-38.000   -0.619858    0.532367    0.093056
-36.000   -0.610933    0.493231    0.082596
-34.000   -0.599464    0.454927    0.072441
-32.000   -0.585572    0.417650    0.062643
-30.000   -0.569404    0.381586    0.053253
-28.000   -0.551137    0.346918    0.044321
-26.000   -0.530985    0.313819    0.035899
-24.000   -0.509211    0.282455    0.028037
-22.000   -0.486140    0.252985    0.020786
-20.000   -0.462185    0.225557    0.014197
-18.000   -0.437889    0.200307    0.008322
-16.000   -0.413999    0.177364    0.003211
-14.000   -0.391604    0.156840   -0.001085
-12.000   -0.372415    0.138841   -0.004515
-10.000   -0.359373    0.123455   -0.007028
 -8.000   -0.357356    0.110859   -0.009309
 -6.000   -0.381900    0.100820   -0.009100
 -4.000   -0.258283    0.075467   -0.039470
 -2.000    0.173400    0.032900   -0.120400
  0.000    0.536800    0.019420   -0.147100
  2.000    0.850500    0.013310   -0.160600
  4.000    1.131700    0.013350   -0.169700
  6.000    1.260000    0.017740   -0.151100
  8.000    1.399149    0.027124   -0.126006
 10.000    1.336215    0.040450   -0.110044
 12.000    1.160904    0.056203   -0.113309
 14.000    1.057457    0.074945   -0.114622
 16.000    0.987574    0.096230   -0.116515
 18.000    0.938702    0.120035   -0.118998
 20.000    0.903924    0.146244   -0.122037
 22.000    0.878787    0.174728   -0.125596
 24.000    0.860280    0.205349   -0.129641
 26.000    0.846285    0.237958   -0.134136
 28.000    0.835260    0.272394   -0.139046
 30.000    0.826052    0.308491   -0.144336
 32.000    0.817780    0.346072   -0.149971
 34.000    0.809761    0.384954   -0.155915
 36.000    0.801453    0.424947   -0.162134
 38.000    0.792429    0.465856   -0.168592
 40.000    0.782347    0.507482   -0.175255
 42.000    0.770935    0.549621   -0.182086
 44.000    0.757977    0.592069   -0.189052
 46.000    0.743308    0.634616   -0.196116
 48.000    0.726801    0.677057   -0.203244
 50.000    0.708366    0.719184   -0.210400
 52.000    0.687945    0.760792   -0.217550
 54.000    0.665508    0.801677   -0.224659
 56.000    0.641049    0.841639   -0.231690
 58.000    0.614588    0.880485   -0.238609
 60.000    0.586165    0.918024   -0.245382
 62.000    0.555837    0.954072   -0.251972
 64.000    0.523684    0.988454   -0.258344
 66.000    0.489799    1.021003   -0.264464
 68.000    0.454293    1.051558   -0.270297
 70.000    0.417288    1.079971   -0.275806
 72.000    0.378922    1.106103   -0.280958
 74.000    0.339344    1.129826   -0.285716
 76.000    0.298714    1.151024   -0.290046
 78.000    0.257200    1.169593   -0.293913
 80.000    0.214981    1.185443   -0.297282
 82.000    0.172242    1.198496   -0.300116
 84.000    0.129175    1.208687   -0.302382
 86.000    0.085977    1.215967   -0.304044
 88.000    0.042851    1.220300   -0.305067
 90.000    0.000000    1.221664   -0.305416
