Viterna extrapolated polar
 alpha from -90.0 to 90.0 deg
 BLEND_WIDTH = 6.000 deg

 alpha        Cl          Cd          Cm
 ------   ---------   ---------   ---------
-90.000   -0.000000    1.221664    0.305416
-88.000   -0.042633    1.222905    0.304849
-86.000   -0.085106    1.221174    0.303184
-84.000   -0.127213    1.216489    0.300477
-82.000   -0.168748    1.208883    0.296782
-80.000   -0.209512    1.198404    0.292156
-78.000   -0.249306    1.185111    0.286653
-76.000   -0.287940    1.169080    0.280328
-74.000   -0.325227    1.150398    0.273237
-72.000   -0.360988    1.129167    0.265436
-70.000   -0.395053    1.105498    0.256978
-68.000   -0.427260    1.079517    0.247920
-66.000   -0.457454    1.051360    0.238316
-64.000   -0.485495    1.021173    0.228222
-62.000   -0.511252    0.989112    0.217693
-60.000   -0.534604    0.955342    0.206785
-58.000   -0.555444    0.920036    0.195552
-56.000   -0.573680    0.883376    0.184050
-54.000   -0.589231    0.845547    0.172334
-52.000   -0.602031    0.806743    0.160459
-50.000   -0.612029    0.767160    0.148481
-48.000   -0.619189    0.726999    0.136454
-46.000   -0.623491    0.686463    0.124434
-44.000   -0.624929    0.645757    0.112476
-42.000   -0.623518    0.605087    0.100636
-40.000   -0.619286    0.564657    0.088968
-38.000   -0.612280    0.524671    0.077528
-36.000   -0.602566    0.485329    0.066371
-34.000   -0.590229    0.446830    0.055553
-32.000   -0.575375    0.409367    0.045128
-30.000   -0.558133    0.373128    0.035151
-28.000   -0.538659    0.338294    0.025679
-26.000   -0.517138    0.305040    0.016765
-24.000   -0.493794    0.273533    0.008466
-22.000   -0.468897    0.243930    0.000837
-20.000   -0.442786    0.216379   -0.006067
-18.000   -0.415895    0.191019   -0.012192
-16.000   -0.388810    0.167975   -0.017481
-14.000   -0.362362    0.147364   -0.021879
-12.000   -0.337837    0.129288   -0.025332
-10.000   -0.317406    0.113837   -0.027784
 -8.000   -0.310934    0.102705   -0.026933
 -6.000   -0.291004    0.088058   -0.035364
 -4.000   -0.045358    0.052305   -0.089888
 -2.000    0.310000    0.020960   -0.143700
  0.000    0.642600    0.012180   -0.161900
  2.000    0.941200    0.009070   -0.175800
  4.000    1.124700    0.011720   -0.167300
  6.000    1.262525    0.015943   -0.151459
  8.000    1.420072    0.023802   -0.129442
 10.000    1.304059    0.034318   -0.123801
 12.000    1.127980    0.052056   -0.124549
 14.000    1.030566    0.070752   -0.125878
 16.000    0.964410    0.092077   -0.127782
 18.000    0.918476    0.115926   -0.130229
 20.000    0.886084    0.142184   -0.133187
 22.000    0.862929    0.170722   -0.136622
 24.000    0.846102    0.201402   -0.140502
 26.000    0.833551    0.234074   -0.144794
 28.000    0.823785    0.268579   -0.149467
 30.000    0.815687    0.304749   -0.154488
 32.000    0.808402    0.342408   -0.159823
 34.000    0.801268    0.381372   -0.165441
 36.000    0.793759    0.421452   -0.171309
 38.000    0.785460    0.462452   -0.177395
 40.000    0.776039    0.504172   -0.183665
 42.000    0.765232    0.546410   -0.190088
 44.000    0.752830    0.588960   -0.196631
 46.000    0.738673    0.631615   -0.203262
 48.000    0.722638    0.674166   -0.209947
 50.000    0.704639    0.716407   -0.216655
 52.000    0.684621    0.758132   -0.223352
 54.000    0.662557    0.799137   -0.230007
 56.000    0.638443    0.839223   -0.236586
 58.000    0.612300    0.878195   -0.243058
 60.000    0.584170    0.915863   -0.249390
 62.000    0.554112    0.952044   -0.255548
 64.000    0.522207    0.986560   -0.261502
 66.000    0.488548    1.019245   -0.267217
 68.000    0.453247    1.049940   -0.272663
 70.000    0.416428    1.078493   -0.277805
 72.000    0.378228    1.104768   -0.282612
 74.000    0.338798    1.128635   -0.287051
 76.000    0.298297    1.149979   -0.291090
 78.000    0.256894    1.168695   -0.294696
 80.000    0.214769    1.184693   -0.297836
 82.000    0.172107    1.197895   -0.300478
 84.000    0.129099    1.208236   -0.302590
 86.000    0.085944    1.215666   -0.304138
 88.000    0.042842    1.220149   -0.305091
 90.000    0.000000    1.221664   -0.305416
