Viterna extrapolated polar
 alpha from -90.0 to 90.0 deg
 BLEND_WIDTH = 6.000 deg

 alpha        Cl          Cd          Cm
 ------   ---------   ---------   ---------
-90.000   -0.000000    1.221664    0.305416
-88.000   -0.042639    1.222803    0.304889
-86.000   -0.085130    1.220970    0.303342
-84.000   -0.127265    1.216184    0.300826
-82.000   -0.168842    1.208477    0.297390
-80.000   -0.209659    1.197897    0.293086
-78.000   -0.249519    1.184504    0.287964
-76.000   -0.288230    1.168374    0.282074
-74.000   -0.325607    1.149594    0.275467
-72.000   -0.361471    1.128265    0.268195
-70.000   -0.395652    1.104500    0.260306
-68.000   -0.427987    1.078424    0.251852
-66.000   -0.458325    1.050173    0.242883
-64.000   -0.486523    1.019893    0.233450
-62.000   -0.512451    0.987741    0.223603
-60.000   -0.535991    0.953882    0.213393
-58.000   -0.557036    0.918489    0.202870
-56.000   -0.575493    0.881743    0.192085
-54.000   -0.591283    0.843831    0.181088
-52.000   -0.604343    0.804945    0.169931
-50.000   -0.614621    0.765283    0.158663
-48.000   -0.622084    0.725045    0.147335
-46.000   -0.626714    0.684435    0.135997
-44.000   -0.628509    0.643657    0.124701
-42.000   -0.627484    0.602917    0.113496
-40.000   -0.623673    0.562420    0.102433
-38.000   -0.617126    0.522370    0.091563
-36.000   -0.607916    0.482967    0.080936
-34.000   -0.596135    0.444410    0.070602
-32.000   -0.581896    0.406891    0.060613
-30.000   -0.565341    0.370599    0.051019
-28.000   -0.546638    0.335716    0.041870
-26.000   -0.525993    0.302416    0.033217
-24.000   -0.503653    0.270866    0.025110
-22.000   -0.479924    0.241223    0.017601
-20.000   -0.455191    0.213636    0.010738
-18.000   -0.429960    0.188242    0.004574
-16.000   -0.404918    0.165169   -0.000842
-14.000   -0.381062    0.144531   -0.005459
-12.000   -0.359949    0.126432   -0.009226
-10.000   -0.344243    0.110962   -0.012093
 -8.000   -0.338956    0.098264   -0.014071
 -6.000   -0.356889    0.089821   -0.016394
 -4.000   -0.272684    0.062128   -0.039336
 -2.000    0.079200    0.027320   -0.084600
  0.000    0.268200    0.023730   -0.084400
  2.000    0.501300    0.032100   -0.103200
  4.000    0.887700    0.036410   -0.126100
  6.000    1.074100    0.031300   -0.123100
  8.000    1.167200    0.039510   -0.080000
 10.000    1.172811    0.120486   -0.105289
 12.000    1.174033    0.147497   -0.115267
 14.000    1.175256    0.174508   -0.125244
 16.000    1.182761    0.201843   -0.135961
 18.000    1.177700    0.228530   -0.145200
 20.000    1.119395    0.251597   -0.145537
 22.000    1.066165    0.280500   -0.146629
 24.000    1.027817    0.309565   -0.148352
 26.000    0.996752    0.340490   -0.150694
 28.000    0.970848    0.373119   -0.153613
 30.000    0.948529    0.407285   -0.157068
 32.000    0.928594    0.442816   -0.161017
 34.000    0.910118    0.479529   -0.165419
 36.000    0.892373    0.517238   -0.170234
 38.000    0.874784    0.555751   -0.175419
 40.000    0.856890    0.594871   -0.180934
 42.000    0.838326    0.634398   -0.186738
 44.000    0.818799    0.674129   -0.192788
 46.000    0.798082    0.713862   -0.199045
 48.000    0.775995    0.753390   -0.205466
 50.000    0.752406    0.792512   -0.212012
 52.000    0.727220    0.831025   -0.218639
 54.000    0.700377    0.868730   -0.225308
 56.000    0.671847    0.905431   -0.231977
 58.000    0.641626    0.940937   -0.238604
 60.000    0.609735    0.975063   -0.245150
 62.000    0.576219    1.007628   -0.251571
 64.000    0.541142    1.038463   -0.257828
 66.000    0.504586    1.067403   -0.263879
 68.000    0.466651    1.094292   -0.269682
 70.000    0.427452    1.118988   -0.275197
 72.000    0.387120    1.141355   -0.280382
 74.000    0.345798    1.161270   -0.285197
 76.000    0.303639    1.178622   -0.289599
 78.000    0.260808    1.193311   -0.293548
 80.000    0.217481    1.205253   -0.297003
 82.000    0.173839    1.214372   -0.299922
 84.000    0.130072    1.220612   -0.302264
 86.000    0.086376    1.223925   -0.303988
 88.000    0.042950    1.224282   -0.305052
 90.000    0.000000    1.221664   -0.305416
