Viterna extrapolated polar
 alpha from -90.0 to 90.0 deg
 BLEND_WIDTH = 6.000 deg

 alpha        Cl          Cd          Cm
 ------   ---------   ---------   ---------
-90.000   -0.000000    1.221664    0.305416
-88.000   -0.042639    1.222688    0.304870
-86.000   -0.085129    1.220741    0.303265
-84.000   -0.127265    1.215840    0.300655
-82.000   -0.168841    1.208019    0.297092
-80.000   -0.209657    1.197326    0.292629
-78.000   -0.249515    1.183820    0.287318
-76.000   -0.288226    1.167578    0.281212
-74.000   -0.325601    1.148687    0.274363
-72.000   -0.361464    1.127248    0.266824
-70.000   -0.395643    1.103375    0.258648
-68.000   -0.427976    1.077192    0.249887
-66.000   -0.458312    1.048835    0.240594
-64.000   -0.486508    1.018451    0.230821
-62.000   -0.512433    0.986197    0.220620
-60.000   -0.535970    0.952238    0.210045
-58.000   -0.557012    0.916746    0.199149
-56.000   -0.575466    0.879904    0.187982
-54.000   -0.591253    0.841898    0.176599
-52.000   -0.604309    0.802920    0.165052
-50.000   -0.614583    0.763169    0.153393
-48.000   -0.622042    0.722845    0.141674
-46.000   -0.626667    0.682150    0.129950
-44.000   -0.628456    0.641292    0.118271
-42.000   -0.627426    0.600473    0.106690
-40.000   -0.623608    0.559901    0.095261
-38.000   -0.617055    0.519778    0.084036
-36.000   -0.607838    0.480307    0.073067
-34.000   -0.596048    0.441683    0.062406
-32.000   -0.581800    0.404102    0.052108
-30.000   -0.565235    0.367751    0.042223
-28.000   -0.546521    0.332813    0.032805
-26.000   -0.525863    0.299460    0.023906
-24.000   -0.503508    0.267861    0.015578
-22.000   -0.479762    0.238174    0.007875
-20.000   -0.455009    0.210545    0.000849
-18.000   -0.429753    0.185114   -0.005448
-16.000   -0.404681    0.162007   -0.010962
-14.000   -0.380787    0.141340   -0.015642
-12.000   -0.359624    0.123215   -0.019435
-10.000   -0.343849    0.107723   -0.022289
 -8.000   -0.338823    0.095244   -0.024159
 -6.000   -0.359436    0.086748   -0.023982
 -4.000   -0.269508    0.061419   -0.045377
 -2.000    0.134300    0.025610   -0.105500
  0.000    0.480400    0.021260   -0.133300
  2.000    0.797850    0.020460   -0.152400
  4.000    1.072700    0.016560   -0.160300
  6.000    1.226994    0.019728   -0.141659
  8.000    1.363329    0.039704   -0.112875
 10.000    1.314638    0.060552   -0.114007
 12.000    1.136436    0.078094   -0.114795
 14.000    1.037717    0.096581   -0.116195
 16.000    0.970570    0.117665   -0.118202
 18.000    0.923855    0.141243   -0.120782
 20.000    0.890828    0.167198   -0.123898
 22.000    0.867146    0.195404   -0.127518
 24.000    0.849872    0.225721   -0.131608
 26.000    0.836937    0.258000   -0.136132
 28.000    0.826836    0.292083   -0.141057
 30.000    0.818443    0.327803   -0.146348
 32.000    0.810896    0.364983   -0.151971
 34.000    0.803526    0.403441   -0.157892
 36.000    0.795805    0.442987   -0.164077
 38.000    0.787313    0.483428   -0.170491
 40.000    0.777717    0.524564   -0.177099
 42.000    0.766748    0.566193   -0.183869
 44.000    0.754199    0.608109   -0.190765
 46.000    0.739905    0.650107   -0.197753
 48.000    0.723745    0.691978   -0.204798
 50.000    0.705630    0.733518   -0.211868
 52.000    0.685505    0.774520   -0.218926
 54.000    0.663342    0.814784   -0.225940
 56.000    0.639136    0.854109   -0.232874
 58.000    0.612909    0.892302   -0.239695
 60.000    0.584700    0.929173   -0.246368
 62.000    0.554571    0.964541   -0.252859
 64.000    0.522600    0.998230   -0.259134
 66.000    0.488881    1.030073   -0.265157
 68.000    0.453525    1.059912   -0.270896
 70.000    0.416657    1.087598   -0.276316
 72.000    0.378413    1.112994   -0.281382
 74.000    0.338943    1.135972   -0.286061
 76.000    0.298408    1.156419   -0.290317
 78.000    0.256976    1.174230   -0.294117
 80.000    0.214825    1.189315   -0.297427
 82.000    0.172142    1.201599   -0.300212
 84.000    0.129119    1.211018   -0.302437
 86.000    0.085953    1.217523   -0.304069
 88.000    0.042845    1.221079   -0.305074
 90.000    0.000000    1.221664   -0.305416
