Viterna extrapolated polar
 alpha from -90.0 to 90.0 deg
 BLEND_WIDTH = 6.000 deg

 alpha        Cl          Cd          Cm
 ------   ---------   ---------   ---------
-90.000   -0.000000    1.221664    0.305416
-88.000   -0.042631    1.222251    0.304869
-86.000   -0.085099    1.219866    0.303261
-84.000   -0.127196    1.214529    0.300645
-82.000   -0.168719    1.206273    0.297072
-80.000   -0.209466    1.195147    0.292596
-78.000   -0.249241    1.181212    0.287267
-76.000   -0.287851    1.164543    0.281138
-74.000   -0.325110    1.145229    0.274261
-72.000   -0.360840    1.123372    0.266689
-70.000   -0.394870    1.099084    0.258472
-68.000   -0.427036    1.072492    0.249663
-66.000   -0.457187    1.043732    0.240314
-64.000   -0.485180    1.012952    0.230477
-62.000   -0.510883    0.980307    0.220205
-60.000   -0.534177    0.945965    0.209549
-58.000   -0.554955    0.910098    0.198561
-56.000   -0.573123    0.872888    0.187293
-54.000   -0.588601    0.834523    0.175798
-52.000   -0.601321    0.795196    0.164127
-50.000   -0.611233    0.755105    0.152332
-48.000   -0.618299    0.714450    0.140466
-46.000   -0.622500    0.673435    0.128580
-44.000   -0.623829    0.632267    0.116727
-42.000   -0.622299    0.591150    0.104958
-40.000   -0.617937    0.550290    0.093326
-38.000   -0.610790    0.509892    0.081883
-36.000   -0.600921    0.470157    0.070680
-34.000   -0.588413    0.431282    0.059770
-32.000   -0.573370    0.393463    0.049205
-30.000   -0.555918    0.356886    0.039037
-28.000   -0.536207    0.321735    0.029317
-26.000   -0.514416    0.288184    0.020098
-24.000   -0.490763    0.256400    0.011433
-22.000   -0.465507    0.226541    0.003372
-20.000   -0.438973    0.198756   -0.004032
-18.000   -0.411572    0.173183   -0.010727
-16.000   -0.383858    0.149948   -0.016660
-14.000   -0.356615    0.129167   -0.021781
-12.000   -0.331040    0.110943   -0.026036
-10.000   -0.309157    0.095368   -0.029374
 -8.000   -0.294830    0.082517   -0.031743
 -6.000   -0.301798    0.074653   -0.032553
 -4.000   -0.304400    0.056525   -0.038048
 -2.000    0.074343    0.017893   -0.073593
  0.000    0.402400    0.016830   -0.099100
  2.000    0.671700    0.016350   -0.109500
  4.000    0.910275    0.015800   -0.102400
  6.000    1.065671    0.017098   -0.091696
  8.000    1.195572    0.025236   -0.068393
 10.000    1.038322    0.052165   -0.068029
 12.000    0.929949    0.061048   -0.068558
 14.000    0.863096    0.079672   -0.070471
 16.000    0.820149    0.100914   -0.073119
 18.000    0.792516    0.124669   -0.076461
 20.000    0.774981    0.150823   -0.080455
 22.000    0.764174    0.179246   -0.085058
 24.000    0.757804    0.209800   -0.090229
 26.000    0.754249    0.242337   -0.095926
 28.000    0.752325    0.276696   -0.102108
 30.000    0.751137    0.312711   -0.108732
 32.000    0.749999    0.350204   -0.115756
 34.000    0.748375    0.388993   -0.123138
 36.000    0.745841    0.428889   -0.130838
 38.000    0.742056    0.469696   -0.138812
 40.000    0.736752    0.511215   -0.147019
 42.000    0.729714    0.553242   -0.155418
 44.000    0.720775    0.595573   -0.163965
 46.000    0.709805    0.638001   -0.172620
 48.000    0.696711    0.680318   -0.181340
 50.000    0.681428    0.722316   -0.190084
 52.000    0.663922    0.763792   -0.198809
 54.000    0.644179    0.804541   -0.207474
 56.000    0.622212    0.844364   -0.216037
 58.000    0.598051    0.883067   -0.224457
 60.000    0.571747    0.920460   -0.232690
 62.000    0.543370    0.956360   -0.240696
 64.000    0.513006    0.990590   -0.248432
 66.000    0.480755    1.022985   -0.255856
 68.000    0.446734    1.053383   -0.262928
 70.000    0.411071    1.081638   -0.269604
 72.000    0.373908    1.107609   -0.275843
 74.000    0.335397    1.131169   -0.281603
 76.000    0.295701    1.152203   -0.286842
 78.000    0.254993    1.170606   -0.291519
 80.000    0.213451    1.186289   -0.295591
 82.000    0.171265    1.199174   -0.299016
 84.000    0.128626    1.209197   -0.301753
 86.000    0.085734    1.216307   -0.303760
 88.000    0.042790    1.220470   -0.304995
 90.000    0.000000    1.221664   -0.305416
