Viterna extrapolated polar
 alpha from -90.0 to 90.0 deg
 BLEND_WIDTH = 6.000 deg

 alpha        Cl          Cd          Cm
 ------   ---------   ---------   ---------
-90.000   -0.000000    1.221664    0.305416
-88.000   -0.042628    1.222746    0.304845
-86.000   -0.085086    1.220856    0.303168
-84.000   -0.127166    1.216012    0.300440
-82.000   -0.168665    1.208249    0.296717
-80.000   -0.209382    1.197612    0.292054
-78.000   -0.249119    1.184163    0.286505
-76.000   -0.287685    1.167977    0.280127
-74.000   -0.324893    1.149142    0.272973
-72.000   -0.360564    1.127758    0.265099
-70.000   -0.394527    1.103939    0.256561
-68.000   -0.426619    1.077810    0.247412
-66.000   -0.456688    1.049506    0.237710
-64.000   -0.484591    1.019174    0.227507
-62.000   -0.510195    0.986971    0.216861
-60.000   -0.533382    0.953062    0.205825
-58.000   -0.554043    0.917620    0.194455
-56.000   -0.572084    0.880826    0.182806
-54.000   -0.587424    0.842867    0.170933
-52.000   -0.599996    0.803936    0.158891
-50.000   -0.609747    0.764229    0.146736
-48.000   -0.616639    0.723948    0.134522
-46.000   -0.620652    0.683296    0.122305
-44.000   -0.621777    0.642478    0.110139
-42.000   -0.620025    0.601699    0.098080
-40.000   -0.615422    0.561164    0.086183
-38.000   -0.608011    0.521078    0.074503
-36.000   -0.597853    0.481641    0.063095
-34.000   -0.585027    0.443051    0.052015
-32.000   -0.569631    0.405501    0.041316
-30.000   -0.551785    0.369180    0.031056
-28.000   -0.531632    0.334269    0.021287
-26.000   -0.509339    0.300943    0.012067
-24.000   -0.485110    0.269368    0.003449
-22.000   -0.459185    0.239703   -0.004511
-20.000   -0.431860    0.212095   -0.011758
-18.000   -0.403508    0.186683   -0.018236
-16.000   -0.374622    0.163593   -0.023892
-14.000   -0.345893    0.142940   -0.028669
-12.000   -0.318362    0.124828   -0.032512
-10.000   -0.293770    0.109347   -0.035367
 -8.000   -0.278025    0.097035   -0.036534
 -6.000   -0.275764    0.087541   -0.036768
 -4.000   -0.167592    0.062774   -0.068665
 -2.000    0.197300    0.032010   -0.122317
  0.000    0.600800    0.015220   -0.156100
  2.000    0.909100    0.010240   -0.170100
  4.000    1.131800    0.012240   -0.169300
  6.000    1.262840    0.016796   -0.151334
  8.000    1.407844    0.025538   -0.128165
 10.000    1.292668    0.038606   -0.117116
 12.000    1.120025    0.055480   -0.119672
 14.000    1.023839    0.074149   -0.121037
 16.000    0.958615    0.095442   -0.122992
 18.000    0.913417    0.119256   -0.125505
 20.000    0.881621    0.145474   -0.128542
 22.000    0.858962    0.173968   -0.132070
 24.000    0.842555    0.204600   -0.136055
 26.000    0.830366    0.237221   -0.140463
 28.000    0.820914    0.271670   -0.145262
 30.000    0.813094    0.307781   -0.150418
 32.000    0.806056    0.345377   -0.155897
 34.000    0.799143    0.384274   -0.161667
 36.000    0.791834    0.424284   -0.167693
 38.000    0.783716    0.465210   -0.173943
 40.000    0.774461    0.506854   -0.180382
 42.000    0.763805    0.549012   -0.186979
 44.000    0.751543    0.591479   -0.193698
 46.000    0.737513    0.634047   -0.200507
 48.000    0.721596    0.676509   -0.207373
 50.000    0.703707    0.718657   -0.214261
 52.000    0.683790    0.760287   -0.221139
 54.000    0.661819    0.801195   -0.227973
 56.000    0.637791    0.841181   -0.234730
 58.000    0.611728    0.880050   -0.241377
 60.000    0.583671    0.917614   -0.247879
 62.000    0.553681    0.953687   -0.254204
 64.000    0.521837    0.988095   -0.260318
 66.000    0.488235    1.020669   -0.266187
 68.000    0.452985    1.051251   -0.271780
 70.000    0.416213    1.079691   -0.277061
 72.000    0.378055    1.105850   -0.281997
 74.000    0.338661    1.129600   -0.286556
 76.000    0.298192    1.150826   -0.290704
 78.000    0.256818    1.169423   -0.294407
 80.000    0.214716    1.185301   -0.297631
 82.000    0.172073    1.198382   -0.300345
 84.000    0.129080    1.208602   -0.302513
 86.000    0.085935    1.215910   -0.304104
 88.000    0.042840    1.220272   -0.305082
 90.000    0.000000    1.221664   -0.305416
