Viterna extrapolated polar
 alpha from -90.0 to 90.0 deg
 BLEND_WIDTH = 6.000 deg

 alpha        Cl          Cd          Cm
 ------   ---------   ---------   ---------
-90.000   -0.000000    1.221664    0.305416
-88.000   -0.042635    1.222925    0.304900
-86.000   -0.085112    1.221215    0.303385
-84.000   -0.127225    1.216550    0.300921
-82.000   -0.168770    1.208965    0.297555
-80.000   -0.209545    1.198505    0.293337
-78.000   -0.249355    1.185233    0.288317
-76.000   -0.288007    1.169222    0.282543
-74.000   -0.325314    1.150560    0.276064
-72.000   -0.361099    1.129348    0.268929
-70.000   -0.395191    1.105699    0.261187
-68.000   -0.427427    1.079737    0.252888
-66.000   -0.457654    1.051598    0.244080
-64.000   -0.485732    1.021430    0.234813
-62.000   -0.511527    0.989387    0.225134
-60.000   -0.534922    0.955634    0.215095
-58.000   -0.555810    0.920346    0.204742
-56.000   -0.574097    0.883703    0.194126
-54.000   -0.589703    0.845891    0.183296
-52.000   -0.602563    0.807103    0.172300
-50.000   -0.612625    0.767536    0.161188
-48.000   -0.619855    0.727391    0.150008
-46.000   -0.624232    0.686870    0.138810
-44.000   -0.625752    0.646179    0.127642
-42.000   -0.624430    0.605522    0.116554
-40.000   -0.620294    0.565105    0.105595
-38.000   -0.613394    0.525132    0.094814
-36.000   -0.603796    0.485803    0.084259
-34.000   -0.591586    0.447316    0.073980
-32.000   -0.576874    0.409864    0.064026
-30.000   -0.559790    0.373635    0.054446
-28.000   -0.540493    0.338811    0.045289
-26.000   -0.519174    0.305567    0.036604
-24.000   -0.496060    0.274068    0.028439
-22.000   -0.471431    0.244473    0.020845
-20.000   -0.445637    0.216929    0.013869
-18.000   -0.419128    0.191576    0.007562
-16.000   -0.392512    0.168538    0.001971
-14.000   -0.366661    0.147932   -0.002853
-12.000   -0.342920    0.129860   -0.006862
-10.000   -0.323575    0.114413   -0.010007
 -8.000   -0.313020    0.101668   -0.012239
 -6.000   -0.326838    0.093045   -0.013257
 -4.000   -0.348322    0.080723   -0.018791
 -2.000   -0.032266    0.048617   -0.080593
  0.000    0.406500    0.026450   -0.130200
  2.000    0.738200    0.020880   -0.147000
  4.000    1.104700    0.016260   -0.166100
  6.000    1.259200    0.019850   -0.150600
  8.000    1.353000    0.028210   -0.128400
 10.000    1.423367    0.043092   -0.103370
 12.000    1.474300    0.080650   -0.090500
 14.000    1.334615    0.097749   -0.090886
 16.000    1.216696    0.120177   -0.092138
 18.000    1.138758    0.143728   -0.094119
 20.000    1.080381    0.169654   -0.096819
 22.000    1.035634    0.197826   -0.100192
 24.000    1.000519    0.228108   -0.104195
 26.000    0.972235    0.260348   -0.108786
 28.000    0.948756    0.294390   -0.113919
 30.000    0.928572    0.330066   -0.119553
 32.000    0.910538    0.367199   -0.125644
 34.000    0.893766    0.405607   -0.132147
 36.000    0.877559    0.445102   -0.139020
 38.000    0.861365    0.485487   -0.146219
 40.000    0.844744    0.526566   -0.153701
 42.000    0.827345    0.568135   -0.161421
 44.000    0.808889    0.609989   -0.169338
 46.000    0.789157    0.651922   -0.177406
 48.000    0.767979    0.693727   -0.185583
 50.000    0.745230    0.735198   -0.193826
 52.000    0.720821    0.776129   -0.202090
 54.000    0.694695    0.816320   -0.210333
 56.000    0.666829    0.855570   -0.218510
 58.000    0.637220    0.893686   -0.226578
 60.000    0.605895    0.930480   -0.234495
 62.000    0.572898    0.965768   -0.242215
 64.000    0.538297    0.999375   -0.249697
 66.000    0.502176    1.031136   -0.256896
 68.000    0.464637    1.060890   -0.263769
 70.000    0.425796    1.088492   -0.270272
 72.000    0.385785    1.113801   -0.276363
 74.000    0.344746    1.136693   -0.281997
 76.000    0.302836    1.157051   -0.287131
 78.000    0.260220    1.174773   -0.291721
 80.000    0.217073    1.189769   -0.295724
 82.000    0.173579    1.201963   -0.299097
 84.000    0.129926    1.211291   -0.301797
 86.000    0.086311    1.217705   -0.303778
 88.000    0.042934    1.221170   -0.304999
 90.000    0.000000    1.221664   -0.305416
