Viterna extrapolated polar
 alpha from -90.0 to 90.0 deg
 BLEND_WIDTH = 6.000 deg

 alpha        Cl          Cd          Cm
 ------   ---------   ---------   ---------
-90.000   -0.000000    1.221664    0.305416
-88.000   -0.042637    1.223323    0.304873
-86.000   -0.085123    1.222010    0.303278
-84.000   -0.127251    1.217742    0.300685
-82.000   -0.168817    1.210552    0.297146
-80.000   -0.209619    1.200485    0.292714
-78.000   -0.249461    1.187603    0.287443
-76.000   -0.288152    1.171980    0.281384
-74.000   -0.325504    1.153703    0.274592
-72.000   -0.361341    1.132871    0.267119
-70.000   -0.395490    1.109598    0.259017
-68.000   -0.427791    1.084008    0.250340
-66.000   -0.458090    1.056236    0.241141
-64.000   -0.486246    1.026428    0.231472
-62.000   -0.512128    0.994739    0.221386
-60.000   -0.535617    0.961335    0.210937
-58.000   -0.556606    0.926388    0.200177
-56.000   -0.575004    0.890079    0.189160
-54.000   -0.590730    0.852593    0.177937
-52.000   -0.603719    0.814123    0.166562
-50.000   -0.613922    0.774865    0.155088
-48.000   -0.621303    0.735020    0.143567
-46.000   -0.625845    0.694790    0.132053
-44.000   -0.627543    0.654380    0.120599
-42.000   -0.626414    0.613995    0.109257
-40.000   -0.622489    0.573840    0.098081
-38.000   -0.615819    0.534117    0.087122
-36.000   -0.606473    0.495027    0.076435
-34.000   -0.594542    0.456768    0.066072
-32.000   -0.580137    0.419533    0.056086
-30.000   -0.563397    0.383509    0.046529
-28.000   -0.544486    0.348878    0.037456
-26.000   -0.523605    0.315814    0.028918
-24.000   -0.500993    0.284484    0.020968
-22.000   -0.476949    0.255044    0.013660
-20.000   -0.451845    0.227643    0.007046
-18.000   -0.426166    0.202419    0.001180
-16.000   -0.400573    0.179498   -0.003887
-14.000   -0.376018    0.158995   -0.008100
-12.000   -0.353985    0.141013   -0.011408
-10.000   -0.337004    0.125642   -0.013756
 -8.000   -0.329316    0.113607   -0.015355
 -6.000   -0.322084    0.098138   -0.021181
 -4.000   -0.171628    0.060314   -0.073239
 -2.000    0.258200    0.019870   -0.134400
  0.000    0.570100    0.016870   -0.148600
  2.000    0.887100    0.012360   -0.161800
  4.000    1.093900    0.014590   -0.156900
  6.000    1.250800    0.018100   -0.143900
  8.000    1.353700    0.022230   -0.122900
 10.000    1.446972    0.030154   -0.104089
 12.000    1.505988    0.043031   -0.085596
 14.000    1.391699    0.062609   -0.083151
 16.000    1.263323    0.083079   -0.084916
 18.000    1.179470    0.107024   -0.086793
 20.000    1.116292    0.133388   -0.089430
 22.000    1.067553    0.162044   -0.092782
 24.000    1.029058    0.192851   -0.096803
 26.000    0.997867    0.225661   -0.101447
 28.000    0.971853    0.260315   -0.106669
 30.000    0.949436    0.296643   -0.112422
 32.000    0.929415    0.334470   -0.118662
 34.000    0.910862    0.373612   -0.125342
 36.000    0.893047    0.413879   -0.132417
 38.000    0.875394    0.455076   -0.139840
 40.000    0.857442    0.497002   -0.147566
 42.000    0.838825    0.539455   -0.155550
 44.000    0.819250    0.582227   -0.163745
 46.000    0.798487    0.625113   -0.172107
 48.000    0.776359    0.667903   -0.180588
 50.000    0.752732    0.710390   -0.189143
 52.000    0.727511    0.752369   -0.197728
 54.000    0.700635    0.793635   -0.206295
 56.000    0.672075    0.833989   -0.214799
 58.000    0.641826    0.873235   -0.223194
 60.000    0.609910    0.911183   -0.231435
 62.000    0.576370    0.947649   -0.239476
 64.000    0.541271    0.982457   -0.247271
 66.000    0.504695    1.015438   -0.254775
 68.000    0.466742    1.046433   -0.261941
 70.000    0.427528    1.075292   -0.268723
 72.000    0.387181    1.101875   -0.275077
 74.000    0.345845    1.126055   -0.280957
 76.000    0.303675    1.147714   -0.286316
 78.000    0.260835    1.166749   -0.291109
 80.000    0.217499    1.183068   -0.295290
 82.000    0.173851    1.196592   -0.298813
 84.000    0.130079    1.207257   -0.301633
 86.000    0.086379    1.215013   -0.303704
 88.000    0.042951    1.219823   -0.304981
 90.000    0.000000    1.221664   -0.305416
