Viterna extrapolated polar
 alpha from -90.0 to 90.0 deg
 BLEND_WIDTH = 6.000 deg

 alpha        Cl          Cd          Cm
 ------   ---------   ---------   ---------
-90.000   -0.000000    1.221664    0.305416
-88.000   -0.042634    1.223422    0.304939
-86.000   -0.085110    1.222207    0.303538
-84.000   -0.127221    1.218038    0.301257
-82.000   -0.168763    1.210945    0.298142
-80.000   -0.209534    1.200976    0.294239
-78.000   -0.249339    1.188191    0.289591
-76.000   -0.287985    1.172664    0.284245
-74.000   -0.325286    1.154482    0.278245
-72.000   -0.361063    1.133745    0.271636
-70.000   -0.395146    1.110565    0.264464
-68.000   -0.427372    1.085067    0.256773
-66.000   -0.457589    1.057386    0.248609
-64.000   -0.485654    1.027667    0.240016
-62.000   -0.511437    0.996067    0.231040
-60.000   -0.534818    0.962749    0.221727
-58.000   -0.555690    0.927887    0.212120
-56.000   -0.573960    0.891660    0.202265
-54.000   -0.589548    0.854255    0.192207
-52.000   -0.602388    0.815864    0.181991
-50.000   -0.612429    0.776683    0.171663
-48.000   -0.619636    0.736912    0.161267
-46.000   -0.623988    0.696754    0.150849
-44.000   -0.625482    0.656414    0.140453
-42.000   -0.624130    0.616097    0.130125
-40.000   -0.619963    0.576006    0.119909
-38.000   -0.613028    0.536345    0.109851
-36.000   -0.603391    0.497315    0.099996
-34.000   -0.591140    0.459113    0.090389
-32.000   -0.576381    0.421931    0.081076
-30.000   -0.559246    0.385958    0.072100
-28.000   -0.539891    0.351375    0.063507
-26.000   -0.518505    0.318356    0.055343
-24.000   -0.495315    0.287067    0.047652
-22.000   -0.470598    0.257666    0.040480
-20.000   -0.444700    0.230301    0.033871
-18.000   -0.418066    0.205109    0.027871
-16.000   -0.391295    0.182216    0.022525
-14.000   -0.365248    0.161739    0.017877
-12.000   -0.341249    0.143779    0.013974
-10.000   -0.321548    0.128427    0.010859
 -8.000   -0.310462    0.115759    0.008579
 -6.000   -0.316623    0.106210    0.006023
 -4.000   -0.372700    0.098720    0.006700
 -2.000   -0.174240    0.055319   -0.058578
  0.000    0.139000    0.039820   -0.094300
  2.000    0.498900    0.039800   -0.118600
  4.000    0.863700    0.036860   -0.134700
  6.000    1.236900    0.032390   -0.147400
  8.000    1.399300    0.037130   -0.133500
 10.000    1.488169    0.041721   -0.107119
 12.000    1.513300    0.052330   -0.088600
 14.000    1.361198    0.071519   -0.088211
 16.000    1.245106    0.092346   -0.090252
 18.000    1.163564    0.116193   -0.092251
 20.000    1.102262    0.142447   -0.094974
 22.000    1.055083    0.170982   -0.098377
 24.000    1.017908    0.201658   -0.102416
 26.000    0.987853    0.234326   -0.107047
 28.000    0.962829    0.268827   -0.112226
 30.000    0.941285    0.304992   -0.117910
 32.000    0.922040    0.342645   -0.124054
 34.000    0.904183    0.381604   -0.130615
 36.000    0.886996    0.421678   -0.137549
 38.000    0.869913    0.462672   -0.144812
 40.000    0.852481    0.504387   -0.152359
 42.000    0.834340    0.546619   -0.160148
 44.000    0.815202    0.589162   -0.168135
 46.000    0.794842    0.631810   -0.176275
 48.000    0.773085    0.674354   -0.184524
 50.000    0.749801    0.716587   -0.192839
 52.000    0.724897    0.758304   -0.201177
 54.000    0.698315    0.799302   -0.209492
 56.000    0.670025    0.839380   -0.217742
 58.000    0.640026    0.878344   -0.225881
 60.000    0.608341    0.916003   -0.233868
 62.000    0.575014    0.952175   -0.241657
 64.000    0.540109    0.986683   -0.249205
 66.000    0.503711    1.019359   -0.256467
 68.000    0.465920    1.050045   -0.263401
 70.000    0.426851    1.078589   -0.269962
 72.000    0.386636    1.104854   -0.276106
 74.000    0.345416    1.128712   -0.281790
 76.000    0.303347    1.150046   -0.286969
 78.000    0.260595    1.168753   -0.291600
 80.000    0.217333    1.184742   -0.295639
 82.000    0.173744    1.197934   -0.299042
 84.000    0.130019    1.208265   -0.301765
 86.000    0.086352    1.215686   -0.303764
 88.000    0.042944    1.220159   -0.304996
 90.000    0.000000    1.221664   -0.305416
