Viterna extrapolated polar
 alpha from -90.0 to 90.0 deg
 BLEND_WIDTH = 6.000 deg

 alpha        Cl          Cd          Cm
 ------   ---------   ---------   ---------
-90.000   -0.000000    1.221664    0.305416
-88.000   -0.042640    1.223169    0.304831
-86.000   -0.085135    1.221702    0.303116
-84.000   -0.127277    1.217280    0.300328
-82.000   -0.168863    1.209937    0.296527
-80.000   -0.209692    1.199718    0.291770
-78.000   -0.249566    1.186685    0.286118
-76.000   -0.288295    1.170911    0.279627
-74.000   -0.325692    1.152485    0.272357
-72.000   -0.361579    1.131506    0.264366
-70.000   -0.395786    1.108087    0.255712
-68.000   -0.428150    1.082353    0.246455
-66.000   -0.458520    1.054439    0.236653
-64.000   -0.486754    1.024491    0.226364
-62.000   -0.512720    0.992666    0.215647
-60.000   -0.536302    0.959127    0.204560
-58.000   -0.557393    0.924048    0.193162
-56.000   -0.575900    0.887609    0.181512
-54.000   -0.591744    0.849996    0.169668
-52.000   -0.604861    0.811403    0.157689
-50.000   -0.615203    0.772026    0.145632
-48.000   -0.622734    0.732064    0.133557
-46.000   -0.627438    0.691722    0.121523
-44.000   -0.629312    0.651203    0.109587
-42.000   -0.628374    0.610713    0.097809
-40.000   -0.624657    0.570456    0.086247
-38.000   -0.618214    0.530636    0.074959
-36.000   -0.609118    0.491453    0.064004
-34.000   -0.597461    0.453106    0.053440
-32.000   -0.583360    0.415787    0.043327
-30.000   -0.566959    0.379684    0.033722
-28.000   -0.548430    0.344978    0.024685
-26.000   -0.527981    0.311844    0.016273
-24.000   -0.505866    0.280448    0.008545
-22.000   -0.482400    0.250949    0.001561
-20.000   -0.457977    0.223493   -0.004623
-18.000   -0.433118    0.198218   -0.009946
-16.000   -0.408534    0.175252   -0.014351
-14.000   -0.385261    0.154709   -0.017779
-12.000   -0.364914    0.136692   -0.020172
-10.000   -0.349967    0.123818   -0.022401
 -8.000   -0.357841    0.108845   -0.020128
 -6.000   -0.316952    0.081731   -0.032197
 -4.000   -0.123629    0.048397   -0.072843
 -2.000    0.252100    0.021240   -0.125700
  0.000    0.551400    0.016410   -0.148100
  2.000    0.826333    0.012410   -0.158500
  4.000    1.099200    0.012560   -0.161900
  6.000    1.265405    0.020207   -0.138678
  8.000    1.275706    0.032121   -0.119503
 10.000    1.085143    0.045250   -0.119892
 12.000    0.962708    0.061787   -0.120938
 14.000    0.890800    0.080405   -0.122557
 16.000    0.844013    0.101640   -0.124736
 18.000    0.813353    0.125387   -0.127442
 20.000    0.793360    0.151532   -0.130644
 22.000    0.780511    0.179946   -0.134308
 24.000    0.772410    0.210490   -0.138403
 26.000    0.767368    0.243016   -0.142898
 28.000    0.764146    0.277363   -0.147759
 30.000    0.761815    0.313365   -0.152955
 32.000    0.759661    0.350844   -0.158453
 34.000    0.757125    0.389619   -0.164223
 36.000    0.753767    0.429500   -0.170231
 38.000    0.749236    0.470291   -0.176445
 40.000    0.743251    0.511793   -0.182834
 42.000    0.735590    0.553804   -0.189365
 44.000    0.726078    0.596117   -0.196006
 46.000    0.714580    0.638526   -0.202726
 48.000    0.701000    0.680823   -0.209492
 50.000    0.685268    0.722802   -0.216271
 52.000    0.667346    0.764256   -0.223033
 54.000    0.647220    0.804984   -0.229745
 56.000    0.624897    0.844786   -0.236374
 58.000    0.600408    0.883467   -0.242889
 60.000    0.573802    0.920837   -0.249258
 62.000    0.545147    0.956714   -0.255448
 64.000    0.514528    0.990921   -0.261428
 66.000    0.482044    1.023292   -0.267165
 68.000    0.447811    1.053666   -0.272628
 70.000    0.411957    1.081896   -0.277784
 72.000    0.374622    1.107842   -0.282601
 74.000    0.335959    1.131377   -0.287047
 76.000    0.296130    1.152385   -0.291090
 78.000    0.255307    1.170763   -0.294699
 80.000    0.213669    1.186420   -0.297840
 82.000    0.171404    1.199279   -0.300482
 84.000    0.128704    1.209276   -0.302592
 86.000    0.085769    1.216360   -0.304140
 88.000    0.042799    1.220497   -0.305092
 90.000    0.000000    1.221664   -0.305416
