Viterna extrapolated polar
 alpha from -90.0 to 90.0 deg
 BLEND_WIDTH = 6.000 deg

 alpha        Cl          Cd          Cm
 ------   ---------   ---------   ---------
-90.000   -0.000000    1.221664    0.305416
-88.000   -0.042636    1.222578    0.304832
-86.000   -0.085117    1.220520    0.303117
-84.000   -0.127238    1.215509    0.300327
-82.000   -0.168794    1.207578    0.296519
-80.000   -0.209583    1.196775    0.291751
-78.000   -0.249409    1.183161    0.286077
-76.000   -0.288080    1.166811    0.279556
-74.000   -0.325411    1.147813    0.272242
-72.000   -0.361222    1.126269    0.264194
-70.000   -0.395343    1.102291    0.255467
-68.000   -0.427612    1.076004    0.246118
-66.000   -0.457875    1.047546    0.236204
-64.000   -0.485993    1.017062    0.225780
-62.000   -0.511832    0.984709    0.214905
-60.000   -0.535275    0.950653    0.203633
-58.000   -0.556214    0.915066    0.192022
-56.000   -0.574557    0.878131    0.180129
-54.000   -0.590224    0.840034    0.168009
-52.000   -0.603150    0.800969    0.155720
-50.000   -0.613283    0.761131    0.143317
-48.000   -0.620590    0.720724    0.130858
-46.000   -0.625050    0.679949    0.118399
-44.000   -0.626661    0.639011    0.105997
-42.000   -0.625437    0.598118    0.093707
-40.000   -0.621408    0.557473    0.081587
-38.000   -0.614625    0.517281    0.069694
-36.000   -0.605155    0.477742    0.058083
-34.000   -0.593086    0.439055    0.046812
-32.000   -0.578530    0.401414    0.035936
-30.000   -0.561621    0.365006    0.025513
-28.000   -0.542520    0.330014    0.015598
-26.000   -0.521423    0.296611    0.006249
-24.000   -0.498564    0.264966   -0.002478
-22.000   -0.474232    0.235235   -0.010526
-20.000   -0.448788    0.207567   -0.017840
-18.000   -0.422701    0.182100   -0.024361
-16.000   -0.396604    0.158960   -0.030035
-14.000   -0.371410    0.138264   -0.034803
-12.000   -0.348536    0.120114   -0.038611
-10.000   -0.330392    0.104601   -0.041400
 -8.000   -0.318892    0.094135   -0.041236
 -6.000   -0.332800    0.081780   -0.043700
 -4.000   -0.170114    0.038053   -0.101293
 -2.000    0.165800    0.030280   -0.119700
  0.000    0.502200    0.022820   -0.134100
  2.000    0.834200    0.018010   -0.147500
  4.000    1.045900    0.019590   -0.142800
  6.000    1.217700    0.023300   -0.132500
  8.000    1.376000    0.027970   -0.121200
 10.000    1.542081    0.033279   -0.107515
 12.000    1.608300    0.041310   -0.090200
 14.000    1.449186    0.059399   -0.088890
 16.000    1.314312    0.081516   -0.091840
 18.000    1.223990    0.105478   -0.093824
 20.000    1.155560    0.131860   -0.096527
 22.000    1.102458    0.160536   -0.099905
 24.000    1.060266    0.191366   -0.103914
 26.000    1.025895    0.224200   -0.108511
 28.000    0.997110    0.258879   -0.113652
 30.000    0.972251    0.295235   -0.119294
 32.000    0.950057    0.333091   -0.125393
 34.000    0.929556    0.372264   -0.131905
 36.000    0.909983    0.412564   -0.138788
 38.000    0.890734    0.453795   -0.145997
 40.000    0.871328    0.495757   -0.153489
 42.000    0.851378    0.538246   -0.161220
 44.000    0.830580    0.581058   -0.169148
 46.000    0.808690    0.623983   -0.177228
 48.000    0.785523    0.666815   -0.185416
 50.000    0.760936    0.709345   -0.193670
 52.000    0.734827    0.751368   -0.201946
 54.000    0.707131    0.792680   -0.210200
 56.000    0.677812    0.833080   -0.218389
 58.000    0.646862    0.872374   -0.226468
 60.000    0.614301    0.910370   -0.234396
 62.000    0.580167    0.946886   -0.242127
 64.000    0.544523    0.981744   -0.249619
 66.000    0.507450    1.014777   -0.256828
 68.000    0.469044    1.045824   -0.263711
 70.000    0.429421    1.074736   -0.270223
 72.000    0.388708    1.101373   -0.276322
 74.000    0.347048    1.125607   -0.281964
 76.000    0.304592    1.147321   -0.287105
 78.000    0.261507    1.166411   -0.291702
 80.000    0.217965    1.182785   -0.295711
 82.000    0.174148    1.196366   -0.299089
 84.000    0.130246    1.207087   -0.301792
 86.000    0.086453    1.214900   -0.303776
 88.000    0.042970    1.219766   -0.304999
 90.000    0.000000    1.221664   -0.305416
