Viterna extrapolated polar
 alpha from -90.0 to 90.0 deg
 BLEND_WIDTH = 6.000 deg

 alpha        Cl          Cd          Cm
 ------   ---------   ---------   ---------
-90.000   -0.000000    1.221664    0.305416
-88.000   -0.042621    1.223287    0.304807
-86.000   -0.085058    1.221937    0.303019
-84.000   -0.127104    1.217633    0.300114
-82.000   -0.168554    1.210406    0.296154
-80.000   -0.209208    1.200304    0.291199
-78.000   -0.248868    1.187387    0.285311
-76.000   -0.287342    1.171728    0.278550
-74.000   -0.324444    1.153415    0.270979
-72.000   -0.359994    1.132549    0.262657
-70.000   -0.393820    1.109241    0.253648
-68.000   -0.425760    1.083617    0.244011
-66.000   -0.455660    1.055812    0.233807
-64.000   -0.483377    1.025970    0.223099
-62.000   -0.508778    0.994250    0.211947
-60.000   -0.531743    0.960814    0.200413
-58.000   -0.552163    0.925836    0.188557
-56.000   -0.569943    0.889495    0.176441
-54.000   -0.585000    0.851980    0.164127
-52.000   -0.597265    0.813480    0.151674
-50.000   -0.606685    0.774194    0.139145
-48.000   -0.613219    0.734322    0.126601
-46.000   -0.616844    0.694066    0.114102
-44.000   -0.617549    0.653630    0.101711
-42.000   -0.615340    0.613220    0.089488
-40.000   -0.610240    0.573041    0.077495
-38.000   -0.602286    0.533295    0.065792
-36.000   -0.591532    0.494183    0.054441
-34.000   -0.578050    0.455903    0.043504
-32.000   -0.561927    0.418648    0.033040
-30.000   -0.543270    0.382606    0.023112
-28.000   -0.522205    0.347957    0.013781
-26.000   -0.498879    0.314877    0.005108
-24.000   -0.473462    0.283531   -0.002846
-22.000   -0.446158    0.254077   -0.010019
-20.000   -0.417204    0.226663   -0.016351
-18.000   -0.386892    0.201427   -0.021781
-16.000   -0.355593    0.178495   -0.026246
-14.000   -0.323802    0.157983   -0.029686
-12.000   -0.292239    0.139993   -0.032040
-10.000   -0.264647    0.128870   -0.029812
 -8.000   -0.231775    0.108636   -0.038400
 -6.000   -0.159950    0.059472   -0.084400
 -4.000    0.085400    0.017130   -0.137800
 -2.000    0.384167    0.013293   -0.149600
  0.000    0.690300    0.010750   -0.165400
  2.000    0.885400    0.011070   -0.157800
  4.000    1.043300    0.012920   -0.143700
  6.000    1.202300    0.015770   -0.131500
  8.000    1.335300    0.019500   -0.116500
 10.000    1.479637    0.023867   -0.100837
 12.000    1.535800    0.032930   -0.086300
 14.000    1.386342    0.051860   -0.085679
 16.000    1.261497    0.073281   -0.087970
 18.000    1.177876    0.097330   -0.089990
 20.000    1.114885    0.123810   -0.092742
 22.000    1.066303    0.152593   -0.096181
 24.000    1.027940    0.183539   -0.100263
 26.000    0.996863    0.216500   -0.104943
 28.000    0.970948    0.251315   -0.110177
 30.000    0.948619    0.287816   -0.115921
 32.000    0.928676    0.325826   -0.122130
 34.000    0.910192    0.365162   -0.128761
 36.000    0.892440    0.405633   -0.135768
 38.000    0.874844    0.447043   -0.143108
 40.000    0.856945    0.489194   -0.150736
 42.000    0.838375    0.531880   -0.158607
 44.000    0.818844    0.574895   -0.166678
 46.000    0.798122    0.618032   -0.174905
 48.000    0.776031    0.661083   -0.183242
 50.000    0.752438    0.703838   -0.191645
 52.000    0.727249    0.746094   -0.200071
 54.000    0.700403    0.787644   -0.208474
 56.000    0.671869    0.828289   -0.216811
 58.000    0.641645    0.867834   -0.225038
 60.000    0.609753    0.906087   -0.233109
 62.000    0.576234    0.942864   -0.240980
 64.000    0.541155    0.977989   -0.248608
 66.000    0.504597    1.011292   -0.255948
 68.000    0.466660    1.042615   -0.262955
 70.000    0.427460    1.071806   -0.269586
 72.000    0.387126    1.098726   -0.275795
 74.000    0.345802    1.123245   -0.281539
 76.000    0.303642    1.145248   -0.286773
 78.000    0.260811    1.164630   -0.291453
 80.000    0.217482    1.181298   -0.295535
 82.000    0.173840    1.195173   -0.298974
 84.000    0.130073    1.206192   -0.301726
 86.000    0.086376    1.214302   -0.303746
 88.000    0.042950    1.219467   -0.304991
 90.000    0.000000    1.221664   -0.305416
