Viterna extrapolated polar
 alpha from -90.0 to 90.0 deg
 BLEND_WIDTH = 6.000 deg

 alpha        Cl          Cd          Cm
 ------   ---------   ---------   ---------
-90.000   -0.000000    1.221664    0.305416
-88.000   -0.042643    1.222777    0.304848
-86.000   -0.085144    1.220919    0.303181
-84.000   -0.127299    1.216107    0.300472
-82.000   -0.168902    1.208374    0.296775
-80.000   -0.209752    1.197769    0.292147
-78.000   -0.249653    1.184351    0.286643
-76.000   -0.288413    1.168195    0.280320
-74.000   -0.325847    1.149390    0.273232
-72.000   -0.361776    1.128037    0.265437
-70.000   -0.396030    1.104247    0.256989
-68.000   -0.428447    1.078147    0.247945
-66.000   -0.458875    1.049873    0.238360
-64.000   -0.487173    1.019570    0.228291
-62.000   -0.513210    0.987395    0.217792
-60.000   -0.536869    0.953513    0.206920
-58.000   -0.558043    0.918098    0.195731
-56.000   -0.576640    0.881330    0.184280
-54.000   -0.592582    0.843397    0.172623
-52.000   -0.605806    0.804491    0.160816
-50.000   -0.616262    0.764809    0.148916
-48.000   -0.623917    0.724551    0.136976
-46.000   -0.628755    0.683922    0.125054
-44.000   -0.630775    0.643126    0.113206
-42.000   -0.629995    0.602369    0.101486
-40.000   -0.626450    0.561855    0.089952
-38.000   -0.620194    0.521788    0.078658
-36.000   -0.611303    0.482370    0.067660
-34.000   -0.599873    0.443798    0.057015
-32.000   -0.586025    0.406265    0.046778
-30.000   -0.569904    0.369960    0.037005
-28.000   -0.551690    0.335065    0.027751
-26.000   -0.531599    0.301753    0.019074
-24.000   -0.509895    0.270192    0.011027
-22.000   -0.486905    0.240539    0.003668
-20.000   -0.463045    0.212942   -0.002949
-18.000   -0.438864    0.187540   -0.008766
-16.000   -0.415115    0.164459   -0.013729
-14.000   -0.392900    0.143815   -0.017782
-12.000   -0.373948    0.125710   -0.020868
-10.000   -0.361133    0.110318   -0.022929
 -8.000   -0.362418    0.099113   -0.022584
 -6.000   -0.349500    0.083760   -0.031547
 -4.000   -0.028500    0.042890   -0.102500
 -2.000    0.314500    0.021580   -0.145300
  0.000    0.664567    0.012407   -0.168567
  2.000    0.954200    0.008920   -0.177900
  4.000    1.131600    0.011430   -0.170400
  6.000    1.319828    0.019289   -0.151142
  8.000    1.268308    0.027979   -0.140128
 10.000    1.057477    0.042362   -0.140633
 12.000    0.946446    0.058384   -0.141672
 14.000    0.877048    0.077029   -0.143221
 16.000    0.832167    0.098295   -0.145254
 18.000    0.803010    0.122079   -0.147745
 20.000    0.784237    0.148263   -0.150665
 22.000    0.772401    0.176720   -0.153985
 24.000    0.765160    0.207312   -0.157678
 26.000    0.760856    0.239889   -0.161716
 28.000    0.758278    0.274291   -0.166071
 30.000    0.756514    0.310352   -0.170715
 32.000    0.754865    0.347894   -0.175620
 34.000    0.752782    0.386735   -0.180757
 36.000    0.749833    0.426685   -0.186099
 38.000    0.745672    0.467549   -0.191618
 40.000    0.740025    0.509128   -0.197286
 42.000    0.732673    0.551218   -0.203075
 44.000    0.723445    0.593614   -0.208956
 46.000    0.712210    0.636109   -0.214902
 48.000    0.698871    0.678495   -0.220885
 50.000    0.683362    0.720565   -0.226877
 52.000    0.665646    0.762115   -0.232849
 54.000    0.645710    0.802940   -0.238775
 56.000    0.623564    0.842841   -0.244624
 58.000    0.599238    0.881623   -0.250371
 60.000    0.572782    0.919098   -0.255986
 62.000    0.544265    0.955081   -0.261442
 64.000    0.513772    0.989396   -0.266711
 66.000    0.481404    1.021877   -0.271764
 68.000    0.447276    1.052363   -0.276575
 70.000    0.411517    1.080706   -0.281113
 72.000    0.374268    1.106767   -0.285353
 74.000    0.335680    1.130418   -0.289265
 76.000    0.295917    1.151544   -0.292822
 78.000    0.255151    1.170040   -0.295995
 80.000    0.213561    1.185816   -0.298757
 82.000    0.171335    1.198795   -0.301080
 84.000    0.128666    1.208912   -0.302935
 86.000    0.085751    1.216117   -0.304295
 88.000    0.042794    1.220375   -0.305131
 90.000    0.000000    1.221664   -0.305416
