Viterna extrapolated polar
 alpha from -90.0 to 90.0 deg
 BLEND_WIDTH = 6.000 deg

 alpha        Cl          Cd          Cm
 ------   ---------   ---------   ---------
-90.000   -0.000000    1.221664    0.305416
-88.000   -0.042641    1.223256    0.304862
-86.000   -0.085139    1.221875    0.303238
-84.000   -0.127287    1.217539    0.300595
-82.000   -0.168881    1.210282    0.296988
-80.000   -0.209720    1.200149    0.292472
-78.000   -0.249607    1.187200    0.287099
-76.000   -0.288350    1.171511    0.280923
-74.000   -0.325764    1.153168    0.273998
-72.000   -0.361671    1.132272    0.266378
-70.000   -0.395899    1.108935    0.258117
-68.000   -0.428288    1.083282    0.249268
-66.000   -0.458685    1.055447    0.239884
-64.000   -0.486948    1.025578    0.230021
-62.000   -0.512948    0.993829    0.219731
-60.000   -0.536565    0.960366    0.209068
-58.000   -0.557695    0.925361    0.198086
-56.000   -0.576243    0.888994    0.186839
-54.000   -0.592133    0.851453    0.175380
-52.000   -0.605300    0.812929    0.163764
-50.000   -0.615694    0.773619    0.152043
-48.000   -0.623283    0.733722    0.140272
-46.000   -0.628049    0.693443    0.128504
-44.000   -0.629991    0.652986    0.116793
-42.000   -0.629127    0.612554    0.105194
-40.000   -0.625490    0.572354    0.093758
-38.000   -0.619134    0.532589    0.082541
-36.000   -0.610133    0.493458    0.071597
-34.000   -0.598581    0.455161    0.060977
-32.000   -0.584597    0.417889    0.050738
-30.000   -0.568326    0.381830    0.040931
-28.000   -0.549944    0.347166    0.031612
-26.000   -0.529661    0.314072    0.022833
-24.000   -0.507737    0.282713    0.014649
-22.000   -0.484491    0.253247    0.007113
-20.000   -0.460330    0.225822    0.000279
-18.000   -0.435786    0.200575   -0.005799
-16.000   -0.411590    0.177634   -0.011068
-14.000   -0.388808    0.157114   -0.015474
-12.000   -0.369108    0.139116   -0.018963
-10.000   -0.355360    0.123732   -0.021481
 -8.000   -0.354792    0.111190   -0.023089
 -6.000   -0.369646    0.097411   -0.024047
 -4.000   -0.085473    0.035897   -0.087521
 -2.000    0.306000    0.015170   -0.127800
  0.000    0.566700    0.011040   -0.140400
  2.000    0.811825    0.008815   -0.146375
  4.000    1.034467    0.010810   -0.141167
  6.000    1.226381    0.018222   -0.125237
  8.000    1.144990    0.027209   -0.118260
 10.000    0.958649    0.041784   -0.118916
 12.000    0.866184    0.057723   -0.120156
 14.000    0.809172    0.076373   -0.121970
 16.000    0.773698    0.097646   -0.124326
 18.000    0.751958    0.121436   -0.127193
 20.000    0.739207    0.147628   -0.130540
 22.000    0.732376    0.176094   -0.134334
 24.000    0.729373    0.206695   -0.138544
 26.000    0.728715    0.239281   -0.143140
 28.000    0.729315    0.273694   -0.148089
 30.000    0.730352    0.309766   -0.153361
 32.000    0.731194    0.347321   -0.158923
 34.000    0.731345    0.386175   -0.164745
 36.000    0.730411    0.426138   -0.170794
 38.000    0.728081    0.467017   -0.177040
 40.000    0.724102    0.508610   -0.183451
 42.000    0.718278    0.550716   -0.189996
 44.000    0.710453    0.593128   -0.196642
 46.000    0.700510    0.635639   -0.203360
 48.000    0.688362    0.678043   -0.210116
 50.000    0.673955    0.720131   -0.216881
 52.000    0.657257    0.761698   -0.223622
 54.000    0.638262    0.802542   -0.230308
 56.000    0.616985    0.842463   -0.236907
 58.000    0.593462    0.881265   -0.243389
 60.000    0.567747    0.918760   -0.249721
 62.000    0.539911    0.954763   -0.255873
 64.000    0.510043    0.989100   -0.261813
 66.000    0.478246    1.021602   -0.267508
 68.000    0.444637    1.052110   -0.272929
 70.000    0.409346    1.080475   -0.278044
 72.000    0.372516    1.106558   -0.282820
 74.000    0.334302    1.130232   -0.287227
 76.000    0.294865    1.151380   -0.291233
 78.000    0.254380    1.169899   -0.294808
 80.000    0.213027    1.185699   -0.297918
 82.000    0.170994    1.198701   -0.300534
 84.000    0.128474    1.208841   -0.302623
 86.000    0.085666    1.216070   -0.304154
 88.000    0.042773    1.220352   -0.305095
 90.000    0.000000    1.221664   -0.305416
