Viterna extrapolated polar
 alpha from -90.0 to 90.0 deg
 BLEND_WIDTH = 6.000 deg

 alpha        Cl          Cd          Cm
 ------   ---------   ---------   ---------
-90.000   -0.000000    1.221664    0.305416
-88.000   -0.042634    1.222595    0.304890
-86.000   -0.085111    1.220555    0.303346
-84.000   -0.127223    1.215561    0.300833
-82.000   -0.168766    1.207648    0.297401
-80.000   -0.209540    1.196862    0.293102
-78.000   -0.249347    1.183266    0.287985
-76.000   -0.287995    1.166933    0.282100
-74.000   -0.325300    1.147952    0.275497
-72.000   -0.361081    1.126424    0.268227
-70.000   -0.395168    1.102462    0.260339
-68.000   -0.427399    1.076192    0.251884
-66.000   -0.457621    1.047750    0.242912
-64.000   -0.485692    1.017282    0.233473
-62.000   -0.511481    0.984945    0.223617
-60.000   -0.534869    0.950904    0.213394
-58.000   -0.555749    0.915333    0.202855
-56.000   -0.574027    0.878412    0.192050
-54.000   -0.589624    0.840330    0.181028
-52.000   -0.602473    0.801278    0.169840
-50.000   -0.612525    0.761454    0.158536
-48.000   -0.619743    0.721060    0.147167
-46.000   -0.624107    0.680297    0.135781
-44.000   -0.625614    0.639372    0.124431
-42.000   -0.624276    0.598491    0.113164
-40.000   -0.620124    0.557857    0.102033
-38.000   -0.613206    0.517676    0.091086
-36.000   -0.603589    0.478148    0.080375
-34.000   -0.591358    0.439472    0.069949
-32.000   -0.576621    0.401840    0.059858
-30.000   -0.559511    0.365441    0.050152
-28.000   -0.540185    0.330457    0.040882
-26.000   -0.518831    0.297063    0.032098
-24.000   -0.495678    0.265424    0.023850
-22.000   -0.471005    0.235700    0.016188
-20.000   -0.445157    0.208038    0.009162
-18.000   -0.418584    0.182577    0.002823
-16.000   -0.391889    0.159443   -0.002780
-14.000   -0.365937    0.138751   -0.007597
-12.000   -0.342064    0.120605   -0.011576
-10.000   -0.322537    0.105096   -0.014669
 -8.000   -0.311710    0.092299   -0.016825
 -6.000   -0.325030    0.083723   -0.017983
 -4.000   -0.295433    0.061731   -0.031804
 -2.000    0.052553    0.026734   -0.075707
  0.000    0.238500    0.023370   -0.075100
  2.000    0.493200    0.031330   -0.097800
  4.000    0.801200    0.036900   -0.117400
  6.000    1.011100    0.030840   -0.109567
  8.000    1.185187    0.042484   -0.073096
 10.000    1.189617    0.063420   -0.070879
 12.000    1.036971    0.080978   -0.071742
 14.000    0.953602    0.099442   -0.073372
 16.000    0.898112    0.120500   -0.075754
 18.000    0.860589    0.144047   -0.078846
 20.000    0.835024    0.169969   -0.082605
 22.000    0.817544    0.198138   -0.086990
 24.000    0.805523    0.228414   -0.091958
 26.000    0.797106    0.260650   -0.097465
 28.000    0.790944    0.294687   -0.103471
 30.000    0.786021    0.330356   -0.109932
 32.000    0.781562    0.367483   -0.116807
 34.000    0.776960    0.405885   -0.124053
 36.000    0.771737    0.445373   -0.131626
 38.000    0.765513    0.485752   -0.139486
 40.000    0.757984    0.526823   -0.147590
 42.000    0.748909    0.568384   -0.155895
 44.000    0.738098    0.610230   -0.164359
 46.000    0.725406    0.652155   -0.172939
 48.000    0.710722    0.693951   -0.181594
 50.000    0.693972    0.735413   -0.190280
 52.000    0.675109    0.776336   -0.198956
 54.000    0.654111    0.816517   -0.207579
 56.000    0.630984    0.855758   -0.216106
 58.000    0.605752    0.893864   -0.224496
 60.000    0.578461    0.930647   -0.232706
 62.000    0.549176    0.965925   -0.240693
 64.000    0.517978    0.999522   -0.248415
 66.000    0.484967    1.031272   -0.255830
 68.000    0.450254    1.061016   -0.262895
 70.000    0.413966    1.088606   -0.269569
 72.000    0.376243    1.113905   -0.275807
 74.000    0.337235    1.136785   -0.281570
 76.000    0.297104    1.157132   -0.286812
 78.000    0.256020    1.174843   -0.291494
 80.000    0.214163    1.189827   -0.295571
 82.000    0.171720    1.202010   -0.299002
 84.000    0.128882    1.211326   -0.301745
 86.000    0.085847    1.217729   -0.303756
 88.000    0.042818    1.221181   -0.304994
 90.000    0.000000    1.221664   -0.305416
