Viterna extrapolated polar
 alpha from -90.0 to 90.0 deg
 BLEND_WIDTH = 6.000 deg

 alpha        Cl          Cd          Cm
 ------   ---------   ---------   ---------
-90.000   -0.000000    1.221664    0.305416
-88.000   -0.042650    1.223566    0.304815
-86.000   -0.085172    1.222495    0.303053
-84.000   -0.127361    1.218469    0.300191
-82.000   -0.169012    1.211519    0.296293
-80.000   -0.209925    1.201692    0.291419
-78.000   -0.249903    1.189049    0.285632
-76.000   -0.288754    1.173662    0.278994
-74.000   -0.326294    1.155619    0.271566
-72.000   -0.362344    1.135019    0.263410
-70.000   -0.396734    1.111976    0.254589
-68.000   -0.429303    1.086612    0.245164
-66.000   -0.459899    1.059063    0.235197
-64.000   -0.488382    1.029475    0.224751
-62.000   -0.514622    0.998003    0.213886
-60.000   -0.538501    0.964811    0.202666
-58.000   -0.559915    0.930072    0.191151
-56.000   -0.578773    0.893966    0.179404
-54.000   -0.594997    0.856679    0.167487
-52.000   -0.608526    0.818403    0.155461
-50.000   -0.619311    0.779333    0.143389
-48.000   -0.627324    0.739672    0.131332
-46.000   -0.632548    0.699619    0.119353
-44.000   -0.634987    0.659381    0.107513
-42.000   -0.634661    0.619162    0.095875
-40.000   -0.631612    0.579165    0.084499
-38.000   -0.625897    0.539595    0.073449
-36.000   -0.617600    0.500651    0.062786
-34.000   -0.606823    0.462532    0.052571
-32.000   -0.593698    0.425429    0.042868
-30.000   -0.578385    0.389530    0.033737
-28.000   -0.561079    0.355016    0.025241
-26.000   -0.542019    0.322063    0.017441
-24.000   -0.521497    0.290835    0.010400
-22.000   -0.499881    0.261490    0.004180
-20.000   -0.477644    0.234176   -0.001158
-18.000   -0.455415    0.209031   -0.005552
-16.000   -0.434071    0.186181   -0.008940
-14.000   -0.414905    0.165740   -0.011259
-12.000   -0.393443    0.148494   -0.013214
-10.000   -0.304952    0.101986   -0.033711
 -8.000   -0.241436    0.081361   -0.047282
 -6.000   -0.208673    0.071412   -0.053464
 -4.000   -0.118967    0.046857   -0.069100
 -2.000    0.243300    0.012490   -0.102900
  0.000    0.487400    0.009180   -0.107900
  2.000    0.693100    0.009390   -0.105900
  4.000    0.897807    0.010227   -0.101221
  6.000    1.102752    0.007391   -0.091734
  8.000    0.977979    0.015322   -0.089845
 10.000    0.845210    0.015601   -0.090905
 12.000    0.772717    0.031716   -0.092483
 14.000    0.730130    0.050576   -0.094706
 16.000    0.705610    0.072088   -0.097538
 18.000    0.692507    0.096150   -0.100943
 20.000    0.686769    0.122644   -0.104886
 22.000    0.685765    0.151442   -0.109331
 24.000    0.687698    0.182406   -0.114242
 26.000    0.691286    0.215385   -0.119585
 28.000    0.695587    0.250219   -0.125324
 30.000    0.699886    0.286741   -0.131422
 32.000    0.703629    0.324773   -0.137845
 34.000    0.706381    0.364133   -0.144556
 36.000    0.707795    0.404629   -0.151521
 38.000    0.707595    0.446066   -0.158704
 40.000    0.705560    0.488243   -0.166069
 42.000    0.701515    0.530957   -0.173580
 44.000    0.695324    0.574002   -0.181203
 46.000    0.686885    0.617170   -0.188901
 48.000    0.676125    0.660252   -0.196640
 50.000    0.663000    0.703041   -0.204382
 52.000    0.647487    0.745330   -0.212094
 54.000    0.629588    0.786915   -0.219739
 56.000    0.609325    0.827595   -0.227282
 58.000    0.586737    0.867176   -0.234687
 60.000    0.561884    0.905466   -0.241918
 62.000    0.534841    0.942281   -0.248941
 64.000    0.505701    0.977445   -0.255719
 66.000    0.474568    1.010788   -0.262218
 68.000    0.441563    1.042150   -0.268400
 70.000    0.406818    1.071381   -0.274232
 72.000    0.370477    1.098342   -0.279677
 74.000    0.332696    1.122903   -0.284700
 76.000    0.293640    1.144948   -0.289265
 78.000    0.253483    1.164372   -0.293336
 80.000    0.212405    1.181082   -0.296879
 82.000    0.170597    1.195001   -0.299858
 84.000    0.128251    1.206062   -0.302236
 86.000    0.085567    1.214216   -0.303979
 88.000    0.042748    1.219424   -0.305051
 90.000    0.000000    1.221664   -0.305416
