Viterna extrapolated polar
 alpha from -90.0 to 90.0 deg
 BLEND_WIDTH = 6.000 deg

 alpha        Cl          Cd          Cm
 ------   ---------   ---------   ---------
-90.000   -0.000000    1.221664    0.305416
-88.000   -0.042646    1.223322    0.304795
-86.000   -0.085157    1.222007    0.302975
-84.000   -0.127327    1.217738    0.300020
-82.000   -0.168951    1.210546    0.295995
-80.000   -0.209829    1.200478    0.290962
-78.000   -0.249765    1.187595    0.284988
-76.000   -0.288566    1.171971    0.278135
-74.000   -0.326047    1.153692    0.270468
-72.000   -0.362030    1.132859    0.262051
-70.000   -0.396345    1.109585    0.252949
-68.000   -0.428830    1.083993    0.243225
-66.000   -0.459334    1.056220    0.232943
-64.000   -0.487714    1.026411    0.222168
-62.000   -0.513842    0.994721    0.210964
-60.000   -0.537599    0.961316    0.199395
-58.000   -0.558881    0.926368    0.187526
-56.000   -0.577594    0.890057    0.175419
-54.000   -0.593663    0.852570    0.163141
-52.000   -0.607023    0.814099    0.150754
-50.000   -0.617626    0.774840    0.138322
-48.000   -0.625441    0.734994    0.125911
-46.000   -0.630452    0.694763    0.113585
-44.000   -0.632659    0.654352    0.101406
-42.000   -0.632083    0.613966    0.089440
-40.000   -0.628759    0.573810    0.077751
-38.000   -0.622746    0.534086    0.066403
-36.000   -0.614121    0.494995    0.055459
-34.000   -0.602983    0.456736    0.044985
-32.000   -0.589458    0.419500    0.035045
-30.000   -0.573699    0.383475    0.025701
-28.000   -0.555891    0.348844    0.017020
-26.000   -0.536261    0.315779    0.009064
-24.000   -0.515086    0.284448    0.001899
-22.000   -0.492711    0.255008   -0.004413
-20.000   -0.469577    0.227607   -0.009806
-18.000   -0.446269    0.202382   -0.014217
-16.000   -0.423597    0.179461   -0.017581
-14.000   -0.402819    0.158986   -0.019788
-12.000   -0.387191    0.141627   -0.020062
-10.000   -0.365984    0.125771   -0.024386
 -8.000   -0.336129    0.111277   -0.032081
 -6.000   -0.308700    0.096740   -0.038900
 -4.000   -0.019300    0.020520   -0.095900
 -2.000    0.311900    0.011690   -0.121400
  0.000    0.551400    0.008200   -0.126900
  2.000    0.776100    0.008490   -0.126300
  4.000    0.972800    0.010955   -0.120700
  6.000    1.180202    0.017473   -0.108500
  8.000    1.172449    0.026664   -0.097714
 10.000    0.992055    0.040572   -0.098250
 12.000    0.890135    0.056831   -0.099487
 14.000    0.829426    0.075489   -0.101365
 16.000    0.791145    0.096769   -0.103861
 18.000    0.767192    0.120569   -0.106938
 20.000    0.752644    0.146771   -0.110561
 22.000    0.744319    0.175248   -0.114694
 24.000    0.740052    0.205862   -0.119302
 26.000    0.738306    0.238462   -0.124350
 28.000    0.737958    0.272889   -0.129802
 30.000    0.738159    0.308977   -0.135623
 32.000    0.738257    0.346548   -0.141776
 34.000    0.737742    0.385419   -0.148227
 36.000    0.736207    0.425401   -0.154939
 38.000    0.733330    0.466298   -0.161878
 40.000    0.728854    0.507912   -0.169008
 42.000    0.722574    0.550038   -0.176293
 44.000    0.714330    0.592472   -0.183698
 46.000    0.704001    0.635006   -0.191188
 48.000    0.691498    0.677433   -0.198726
 50.000    0.676762    0.719545   -0.206277
 52.000    0.659760    0.761137   -0.213807
 54.000    0.640485    0.802006   -0.221278
 56.000    0.618948    0.841953   -0.228657
 58.000    0.595186    0.880782   -0.235907
 60.000    0.569250    0.918304   -0.242992
 62.000    0.541211    0.954335   -0.249878
 64.000    0.511156    0.988700   -0.256528
 66.000    0.479188    1.021231   -0.262908
 68.000    0.445424    1.051768   -0.268981
 70.000    0.409994    1.080163   -0.274713
 72.000    0.373039    1.106276   -0.280067
 74.000    0.334713    1.129981   -0.285008
 76.000    0.295179    1.151160   -0.289501
 78.000    0.254610    1.169710   -0.293511
 80.000    0.213186    1.185541   -0.297000
 82.000    0.171096    1.198574   -0.299935
 84.000    0.128531    1.208746   -0.302280
 86.000    0.085692    1.216007   -0.303999
 88.000    0.042779    1.220320   -0.305056
 90.000    0.000000    1.221664   -0.305416
