Viterna extrapolated polar
 alpha from -90.0 to 90.0 deg
 BLEND_WIDTH = 6.000 deg

 alpha        Cl          Cd          Cm
 ------   ---------   ---------   ---------
-90.000   -0.000000    1.221664    0.305416
-88.000   -0.042621    1.222333    0.304773
-86.000   -0.085057    1.220030    0.302890
-84.000   -0.127103    1.214775    0.299830
-82.000   -0.168552    1.206602    0.295661
-80.000   -0.209205    1.195557    0.290447
-78.000   -0.248864    1.181703    0.284256
-76.000   -0.287337    1.165114    0.277152
-74.000   -0.324437    1.145880    0.269201
-72.000   -0.359984    1.124101    0.260469
-70.000   -0.393809    1.099891    0.251022
-68.000   -0.425746    1.073376    0.240926
-66.000   -0.455643    1.044692    0.230246
-64.000   -0.483357    1.013986    0.219048
-62.000   -0.508755    0.981415    0.207397
-60.000   -0.531717    0.947145    0.195361
-58.000   -0.552133    0.911349    0.183004
-56.000   -0.569908    0.874208    0.170392
-54.000   -0.584961    0.835911    0.157591
-52.000   -0.597221    0.796650    0.144666
-50.000   -0.606635    0.756622    0.131684
-48.000   -0.613164    0.716029    0.118711
-46.000   -0.616782    0.675075    0.105811
-44.000   -0.617480    0.633965    0.093051
-42.000   -0.615264    0.592904    0.080497
-40.000   -0.610156    0.552099    0.068213
-38.000   -0.602193    0.511752    0.056267
-36.000   -0.591430    0.472067    0.044724
-34.000   -0.577937    0.433240    0.033649
-32.000   -0.561803    0.395465    0.023109
-30.000   -0.543133    0.358931    0.013169
-28.000   -0.522053    0.323820    0.003894
-26.000   -0.498709    0.290306   -0.004648
-24.000   -0.473274    0.258557   -0.012394
-22.000   -0.445947    0.228730   -0.019276
-20.000   -0.416967    0.200974   -0.025229
-18.000   -0.386623    0.175428   -0.030187
-16.000   -0.355285    0.152217   -0.034085
-14.000   -0.323444    0.131457   -0.036857
-12.000   -0.303103    0.117715   -0.035423
-10.000   -0.260446    0.098148   -0.039787
 -8.000   -0.223517    0.086753   -0.046557
 -6.000   -0.186804    0.075160   -0.053043
 -4.000   -0.105600    0.052560   -0.066150
 -2.000    0.243000    0.012400   -0.101800
  0.000    0.479900    0.009200   -0.106300
  2.000    0.687200    0.009390   -0.104100
  4.000    0.871775    0.010787   -0.099525
  6.000    1.067211    0.016482   -0.091089
  8.000    1.179048    0.026855   -0.072346
 10.000    1.044695    0.038680   -0.071082
 12.000    0.923544    0.055938   -0.072236
 14.000    0.857680    0.074603   -0.074119
 16.000    0.815483    0.095892   -0.076726
 18.000    0.788442    0.119701   -0.080016
 20.000    0.771388    0.145914   -0.083947
 22.000    0.760980    0.174402   -0.088479
 24.000    0.754948    0.205028   -0.093570
 26.000    0.751685    0.237641   -0.099179
 28.000    0.750013    0.272084   -0.105264
 30.000    0.749049    0.308186   -0.111785
 32.000    0.748110    0.345774   -0.118700
 34.000    0.746665    0.384662   -0.125968
 36.000    0.744291    0.424663   -0.133548
 38.000    0.740652    0.465579   -0.141399
 40.000    0.735482    0.507213   -0.149479
 42.000    0.728566    0.549360   -0.157746
 44.000    0.719738    0.591816   -0.166161
 46.000    0.708871    0.634372   -0.174681
 48.000    0.695872    0.676822   -0.183266
 50.000    0.680678    0.718958   -0.191874
 52.000    0.663253    0.760575   -0.200464
 54.000    0.643585    0.801470   -0.208995
 56.000    0.621687    0.841443   -0.217425
 58.000    0.597590    0.880299   -0.225713
 60.000    0.571345    0.917848   -0.233819
 62.000    0.543023    0.953907   -0.241700
 64.000    0.512708    0.988300   -0.249316
 66.000    0.480503    1.020860   -0.256626
 68.000    0.446523    1.051426   -0.263587
 70.000    0.410898    1.079851   -0.270160
 72.000    0.373768    1.105994   -0.276302
 74.000    0.335287    1.129729   -0.281973
 76.000    0.295617    1.150939   -0.287130
 78.000    0.254931    1.169520   -0.291734
 80.000    0.213409    1.185382   -0.295743
 82.000    0.171238    1.198447   -0.299115
 84.000    0.128611    1.208651   -0.301810
 86.000    0.085727    1.215943   -0.303786
 88.000    0.042788    1.220288   -0.305002
 90.000    0.000000    1.221664   -0.305416
