Viterna extrapolated polar
 alpha from -90.0 to 90.0 deg
 BLEND_WIDTH = 6.000 deg

 alpha        Cl          Cd          Cm
 ------   ---------   ---------   ---------
-90.000   -0.000000    1.221664    0.305416
-88.000   -0.042634    1.222859    0.304861
-86.000   -0.085110    1.221082    0.303230
-84.000   -0.127222    1.216352    0.300580
-82.000   -0.168765    1.208701    0.296963
-80.000   -0.209538    1.198176    0.292434
-78.000   -0.249345    1.184838    0.287047
-76.000   -0.287993    1.168763    0.280857
-74.000   -0.325296    1.150037    0.273918
-72.000   -0.361076    1.128762    0.266284
-70.000   -0.395162    1.105050    0.258008
-68.000   -0.427392    1.079026    0.249147
-66.000   -0.457612    1.050827    0.239753
-64.000   -0.485682    1.020598    0.229881
-62.000   -0.511470    0.988496    0.219585
-60.000   -0.534856    0.954686    0.208920
-58.000   -0.555733    0.919341    0.197939
-56.000   -0.574010    0.882642    0.186698
-54.000   -0.589604    0.844776    0.175249
-52.000   -0.602451    0.805935    0.163648
-50.000   -0.612500    0.766317    0.151949
-48.000   -0.619715    0.726121    0.140205
-46.000   -0.624076    0.685552    0.128472
-44.000   -0.625580    0.644814    0.116803
-42.000   -0.624238    0.604112    0.105253
-40.000   -0.620083    0.563652    0.093876
-38.000   -0.613160    0.523637    0.082726
-36.000   -0.603538    0.484268    0.071857
-34.000   -0.591301    0.445743    0.061324
-32.000   -0.576559    0.408255    0.051181
-30.000   -0.559442    0.371992    0.041482
-28.000   -0.540109    0.337136    0.032281
-26.000   -0.518747    0.303862    0.023633
-24.000   -0.495584    0.272335    0.015592
-22.000   -0.470900    0.242714    0.008211
-20.000   -0.445039    0.215147    0.001547
-18.000   -0.418450    0.189772   -0.004348
-16.000   -0.391735    0.166715   -0.009420
-14.000   -0.365759    0.146091   -0.013613
-12.000   -0.341853    0.128005   -0.016874
-10.000   -0.322281    0.112545   -0.019148
 -8.000   -0.314443    0.101966   -0.019512
 -6.000   -0.309077    0.089197   -0.023559
 -4.000   -0.146162    0.060712   -0.067760
 -2.000    0.203820    0.033444   -0.120800
  0.000    0.594300    0.015840   -0.155300
  2.000    0.903100    0.010330   -0.170000
  4.000    1.133800    0.012180   -0.170600
  6.000    1.309311    0.015029   -0.149475
  8.000    1.386305    0.008553   -0.127815
 10.000    1.169002    0.021643   -0.128745
 12.000    1.037227    0.033890   -0.129273
 14.000    0.953819    0.052732   -0.130819
 16.000    0.898299    0.074224   -0.132900
 18.000    0.860752    0.098263   -0.135483
 20.000    0.835168    0.124732   -0.138540
 22.000    0.817672    0.153502   -0.142039
 24.000    0.805637    0.184436   -0.145949
 26.000    0.797209    0.217382   -0.150240
 28.000    0.791036    0.252181   -0.154882
 30.000    0.786105    0.288665   -0.159843
 32.000    0.781638    0.326658   -0.165093
 34.000    0.777028    0.365975   -0.170602
 36.000    0.771799    0.406426   -0.176339
 38.000    0.765569    0.447816   -0.182272
 40.000    0.758035    0.489945   -0.188372
 42.000    0.748955    0.532609   -0.194608
 44.000    0.738140    0.575601   -0.200950
 46.000    0.725443    0.618714   -0.207366
 48.000    0.710756    0.661739   -0.213826
 50.000    0.694002    0.704469   -0.220299
 52.000    0.675135    0.746697   -0.226755
 54.000    0.654135    0.788221   -0.233164
 56.000    0.631005    0.828838   -0.239494
 58.000    0.605770    0.868353   -0.245714
 60.000    0.578477    0.906577   -0.251795
 62.000    0.549190    0.943324   -0.257706
 64.000    0.517990    0.978419   -0.263416
 66.000    0.484977    1.011691   -0.268894
 68.000    0.450262    1.042982   -0.274109
 70.000    0.413973    1.072141   -0.279032
 72.000    0.376248    1.099029   -0.283632
 74.000    0.337239    1.123516   -0.287877
 76.000    0.297107    1.145486   -0.291738
 78.000    0.256023    1.164834   -0.295183
 80.000    0.214165    1.181468   -0.298182
 82.000    0.171721    1.195310   -0.300705
 84.000    0.128882    1.206294   -0.302720
 86.000    0.085847    1.214370   -0.304197
 88.000    0.042818    1.219501   -0.305106
 90.000    0.000000    1.221664   -0.305416
