Viterna extrapolated polar
 alpha from -90.0 to 90.0 deg
 BLEND_WIDTH = 6.000 deg

 alpha        Cl          Cd          Cm
 ------   ---------   ---------   ---------
-90.000   -0.000000    1.221664    0.305416
-88.000   -0.042640    1.222665    0.304797
-86.000   -0.085133    1.220695    0.302980
-84.000   -0.127272    1.215771    0.300031
-82.000   -0.168854    1.207927    0.296012
-80.000   -0.209678    1.197211    0.290987
-78.000   -0.249546    1.183683    0.285020
-76.000   -0.288268    1.167418    0.278175
-74.000   -0.325656    1.148505    0.270514
-72.000   -0.361534    1.127044    0.262102
-70.000   -0.395730    1.103149    0.253002
-68.000   -0.428082    1.076944    0.243278
-66.000   -0.458438    1.048566    0.232993
-64.000   -0.486657    1.018162    0.222211
-62.000   -0.512608    0.985887    0.210996
-60.000   -0.536172    0.951907    0.199411
-58.000   -0.557243    0.916396    0.187520
-56.000   -0.575729    0.879535    0.175387
-54.000   -0.591551    0.841510    0.163074
-52.000   -0.604644    0.802514    0.150647
-50.000   -0.614959    0.762745    0.138167
-48.000   -0.622462    0.722403    0.125700
-46.000   -0.627135    0.681692    0.113308
-44.000   -0.628976    0.640817    0.101055
-42.000   -0.628002    0.599983    0.089005
-40.000   -0.624245    0.559395    0.077221
-38.000   -0.617759    0.519258    0.065768
-36.000   -0.608615    0.479772    0.054708
-34.000   -0.596906    0.441136    0.044105
-32.000   -0.582748    0.403542    0.034023
-30.000   -0.566282    0.367180    0.024525
-28.000   -0.547680    0.332230    0.015676
-26.000   -0.527149    0.298867    0.007538
-24.000   -0.504940    0.267258    0.000176
-22.000   -0.481364    0.237562   -0.006348
-20.000   -0.456811    0.209925   -0.011969
-18.000   -0.431797    0.184486   -0.016624
-16.000   -0.407021    0.161373   -0.020250
-14.000   -0.383504    0.140699   -0.022781
-12.000   -0.366057    0.128322   -0.022336
-10.000   -0.348420    0.108623   -0.025256
 -8.000   -0.338703    0.100696   -0.028968
 -6.000   -0.328626    0.092116   -0.032330
 -4.000   -0.191475    0.044208   -0.057350
 -2.000    0.191000    0.015000   -0.093400
  0.000    0.467100    0.011730   -0.106700
  2.000    0.687800    0.011400   -0.106600
  4.000    0.887200    0.012050   -0.100500
  6.000    1.105313    0.014940   -0.088850
  8.000    1.119733    0.019636   -0.075431
 10.000    0.958988    0.027336   -0.079014
 12.000    0.865386    0.042141   -0.080452
 14.000    0.808497    0.060916   -0.082504
 16.000    0.773117    0.082333   -0.085230
 18.000    0.751450    0.106285   -0.088591
 20.000    0.738760    0.132658   -0.092549
 22.000    0.731978    0.161324   -0.097065
 24.000    0.729017    0.192142   -0.102099
 26.000    0.728395    0.224963   -0.107614
 28.000    0.729027    0.259629   -0.113570
 30.000    0.730092    0.295970   -0.119928
 32.000    0.730959    0.333811   -0.126650
 34.000    0.731132    0.372968   -0.133697
 36.000    0.730218    0.413251   -0.141030
 38.000    0.727906    0.454464   -0.148610
 40.000    0.723944    0.496407   -0.156399
 42.000    0.718135    0.538877   -0.164358
 44.000    0.710324    0.581669   -0.172447
 46.000    0.700393    0.624573   -0.180629
 48.000    0.688258    0.667383   -0.188864
 50.000    0.673861    0.709891   -0.197114
 52.000    0.657174    0.751891   -0.205339
 54.000    0.638188    0.793179   -0.213501
 56.000    0.616920    0.833555   -0.221562
 58.000    0.593405    0.872824   -0.229482
 60.000    0.567697    0.910795   -0.237222
 62.000    0.539868    0.947285   -0.244744
 64.000    0.510006    0.982117   -0.252009
 66.000    0.478215    1.015122   -0.258979
 68.000    0.444610    1.046142   -0.265613
 70.000    0.409324    1.075026   -0.271875
 72.000    0.372499    1.101635   -0.277724
 74.000    0.334288    1.125841   -0.283122
 76.000    0.294855    1.147526   -0.288030
 78.000    0.254373    1.166587   -0.292410
 80.000    0.213022    1.182933   -0.296222
 82.000    0.170990    1.196484   -0.299429
 84.000    0.128472    1.207176   -0.301990
 86.000    0.085665    1.214959   -0.303868
 88.000    0.042773    1.219796   -0.305022
 90.000    0.000000    1.221664   -0.305416
