Viterna extrapolated polar
 alpha from -90.0 to 90.0 deg
 BLEND_WIDTH = 6.000 deg

 alpha        Cl          Cd          Cm
 ------   ---------   ---------   ---------
-90.000   -0.000000    1.221664    0.305416
-88.000   -0.042640    1.222886    0.304891
-86.000   -0.085135    1.221135    0.303351
-84.000   -0.127279    1.216430    0.300844
-82.000   -0.168866    1.208805    0.297422
-80.000   -0.209696    1.198306    0.293136
-78.000   -0.249572    1.184995    0.288034
-76.000   -0.288302    1.168945    0.282169
-74.000   -0.325702    1.150244    0.275589
-72.000   -0.361591    1.128994    0.268346
-70.000   -0.395801    1.105307    0.260489
-68.000   -0.428168    1.079308    0.252069
-66.000   -0.458542    1.051132    0.243136
-64.000   -0.486779    1.020928    0.233742
-62.000   -0.512751    0.988849    0.223935
-60.000   -0.536337    0.955062    0.213766
-58.000   -0.557433    0.919740    0.203286
-56.000   -0.575945    0.883063    0.192545
-54.000   -0.591796    0.845218    0.181593
-52.000   -0.604920    0.806398    0.170481
-50.000   -0.615268    0.766800    0.159258
-48.000   -0.622807    0.726624    0.147976
-46.000   -0.627519    0.686074    0.136684
-44.000   -0.629402    0.645355    0.125434
-42.000   -0.628474    0.604671    0.114274
-40.000   -0.624768    0.564228    0.103256
-38.000   -0.618336    0.524230    0.092430
-36.000   -0.609252    0.484876    0.081846
-34.000   -0.597609    0.446366    0.071555
-32.000   -0.583524    0.408893    0.061607
-30.000   -0.567140    0.372643    0.052051
-28.000   -0.548630    0.337800    0.042939
-26.000   -0.528204    0.304537    0.034321
-24.000   -0.506114    0.273022    0.026248
-22.000   -0.482676    0.243411    0.018768
-20.000   -0.458288    0.215853    0.011934
-18.000   -0.433471    0.190486    0.005794
-16.000   -0.408939    0.167437    0.000401
-14.000   -0.385730    0.146821   -0.004198
-12.000   -0.365469    0.128740   -0.007950
-10.000   -0.350943    0.113286   -0.010805
 -8.000   -0.347494    0.100569   -0.012730
 -6.000   -0.369827    0.091958   -0.014503
 -4.000   -0.313063    0.073657   -0.034196
 -2.000    0.131429    0.038913   -0.105929
  0.000    0.523400    0.020560   -0.145400
  2.000    0.837400    0.013940   -0.160200
  4.000    1.135500    0.013050   -0.172300
  6.000    1.276867    0.019016   -0.151187
  8.000    1.376306    0.029217   -0.128762
 10.000    1.203283    0.041268   -0.126615
 12.000    1.051037    0.058508   -0.127495
 14.000    0.965497    0.077152   -0.128932
 16.000    0.908358    0.098417   -0.130922
 18.000    0.869535    0.122199   -0.133432
 20.000    0.842916    0.148382   -0.136432
 22.000    0.824559    0.176838   -0.139889
 24.000    0.811794    0.207428   -0.143774
 26.000    0.802739    0.240003   -0.148053
 28.000    0.796020    0.274403   -0.152697
 30.000    0.790606    0.310462   -0.157672
 32.000    0.785710    0.348002   -0.162949
 34.000    0.780717    0.386840   -0.168494
 36.000    0.775141    0.426788   -0.174278
 38.000    0.768596    0.467649   -0.180268
 40.000    0.760774    0.509225   -0.186433
 42.000    0.751432    0.551312   -0.192742
 44.000    0.740375    0.593705   -0.199162
 46.000    0.727456    0.636197   -0.205663
 48.000    0.712564    0.678580   -0.212214
 50.000    0.695621    0.720647   -0.218782
 52.000    0.676579    0.762193   -0.225336
 54.000    0.655416    0.803014   -0.231845
 56.000    0.632137    0.842912   -0.238277
 58.000    0.606764    0.881691   -0.244602
 60.000    0.579343    0.919161   -0.250786
 62.000    0.549939    0.955140   -0.256800
 64.000    0.518632    0.989452   -0.262611
 66.000    0.485520    1.021928   -0.268188
 68.000    0.450716    1.052411   -0.273500
 70.000    0.414346    1.080749   -0.278515
 72.000    0.376550    1.106806   -0.283201
 74.000    0.337476    1.130453   -0.287528
 76.000    0.297288    1.151574   -0.291464
 78.000    0.256155    1.170066   -0.294977
 80.000    0.214257    1.185838   -0.298035
 82.000    0.171779    1.198813   -0.300609
 84.000    0.128915    1.208925   -0.302665
 86.000    0.085862    1.216126   -0.304172
 88.000    0.042822    1.220380   -0.305100
 90.000    0.000000    1.221664   -0.305416
