Viterna extrapolated polar
 alpha from -90.0 to 90.0 deg
 BLEND_WIDTH = 6.000 deg

 alpha        Cl          Cd          Cm
 ------   ---------   ---------   ---------
-90.000   -0.000000    1.221664    0.305416
-88.000   -0.042640    1.222567    0.304871
-86.000   -0.085132    1.220498    0.303270
-84.000   -0.127271    1.215476    0.300666
-82.000   -0.168852    1.207534    0.297112
-80.000   -0.209675    1.196720    0.292660
-78.000   -0.249542    1.183096    0.287362
-76.000   -0.288261    1.166735    0.281270
-74.000   -0.325648    1.147726    0.274438
-72.000   -0.361523    1.126171    0.266918
-70.000   -0.395716    1.102183    0.258761
-68.000   -0.428065    1.075886    0.250021
-66.000   -0.458419    1.047417    0.240751
-64.000   -0.486634    1.016923    0.231001
-62.000   -0.512581    0.984561    0.220826
-60.000   -0.536141    0.950495    0.210276
-58.000   -0.557208    0.914899    0.199406
-56.000   -0.575689    0.877955    0.188267
-54.000   -0.591505    0.839849    0.176911
-52.000   -0.604592    0.800774    0.165392
-50.000   -0.614901    0.760928    0.153761
-48.000   -0.622397    0.720512    0.142071
-46.000   -0.627062    0.679729    0.130374
-44.000   -0.628896    0.638784    0.118724
-42.000   -0.627913    0.597883    0.107172
-40.000   -0.624147    0.557231    0.095770
-38.000   -0.617650    0.517031    0.084572
-36.000   -0.608495    0.477486    0.073629
-34.000   -0.596773    0.438793    0.062995
-32.000   -0.582601    0.401146    0.052721
-30.000   -0.566120    0.364732    0.042860
-28.000   -0.547501    0.329735    0.033465
-26.000   -0.526950    0.296327    0.024587
-24.000   -0.504719    0.264677    0.016280
-22.000   -0.481116    0.234942    0.008596
-20.000   -0.456533    0.207270    0.001586
-18.000   -0.431481    0.181799   -0.004695
-16.000   -0.406659    0.158656   -0.010196
-14.000   -0.383084    0.137957   -0.014865
-12.000   -0.362340    0.119805   -0.018649
-10.000   -0.347145    0.104290   -0.021495
 -8.000   -0.342846    0.091953   -0.023388
 -6.000   -0.363634    0.083273   -0.023990
 -4.000   -0.191384    0.046941   -0.067906
 -2.000    0.247000    0.018990   -0.119800
  0.000    0.539900    0.014860   -0.138400
  2.000    0.833733    0.012693   -0.151267
  4.000    1.048600    0.012380   -0.150100
  6.000    1.225596    0.018751   -0.129832
  8.000    1.238395    0.030231   -0.109503
 10.000    1.055613    0.043372   -0.109913
 12.000    0.938690    0.059921   -0.111015
 14.000    0.870488    0.078554   -0.112722
 16.000    0.826517    0.099806   -0.115018
 18.000    0.798076    0.123573   -0.117869
 20.000    0.779885    0.149740   -0.121243
 22.000    0.768533    0.178178   -0.125104
 24.000    0.761701    0.208748   -0.129420
 26.000    0.757750    0.241301   -0.134156
 28.000    0.755479    0.275679   -0.139279
 30.000    0.753986    0.311713   -0.144754
 32.000    0.752577    0.349227   -0.150549
 34.000    0.750710    0.388038   -0.156628
 36.000    0.747956    0.427957   -0.162959
 38.000    0.743972    0.468788   -0.169508
 40.000    0.738486    0.510332   -0.176240
 42.000    0.731282    0.552386   -0.183123
 44.000    0.722190    0.594745   -0.190122
 46.000    0.711079    0.637201   -0.197203
 48.000    0.697855    0.679547   -0.204332
 50.000    0.682453    0.721576   -0.211477
 52.000    0.664836    0.763082   -0.218602
 54.000    0.644991    0.803863   -0.225675
 56.000    0.622928    0.843720   -0.232661
 58.000    0.598680    0.882456   -0.239526
 60.000    0.572295    0.919884   -0.246237
 62.000    0.543844    0.955819   -0.252761
 64.000    0.513412    0.990085   -0.259062
 66.000    0.481099    1.022516   -0.265108
 68.000    0.447021    1.052952   -0.270864
 70.000    0.411307    1.081243   -0.276298
 72.000    0.374098    1.107253   -0.281374
 74.000    0.335547    1.130851   -0.286059
 76.000    0.295816    1.151924   -0.290320
 78.000    0.255076    1.170367   -0.294122
 80.000    0.213510    1.186089   -0.297432
 82.000    0.171302    1.199014   -0.300216
 84.000    0.128647    1.209076   -0.302441
 86.000    0.085743    1.216227   -0.304071
 88.000    0.042792    1.220430   -0.305074
 90.000    0.000000    1.221664   -0.305416
