Viterna extrapolated polar
 alpha from -90.0 to 90.0 deg
 BLEND_WIDTH = 6.000 deg

 alpha        Cl          Cd          Cm
 ------   ---------   ---------   ---------
-90.000   -0.000000    1.221664    0.305416
-88.000   -0.042641    1.222738    0.304876
-86.000   -0.085138    1.220840    0.303289
-84.000   -0.127284    1.215988    0.300709
-82.000   -0.168876    1.208217    0.297188
-80.000   -0.209712    1.197572    0.292779
-78.000   -0.249595    1.184115    0.287533
-76.000   -0.288334    1.167921    0.281504
-74.000   -0.325743    1.149078    0.274743
-72.000   -0.361644    1.127687    0.267304
-70.000   -0.395866    1.103860    0.259239
-68.000   -0.428248    1.077723    0.250599
-66.000   -0.458637    1.049412    0.241439
-64.000   -0.486892    1.019073    0.231809
-62.000   -0.512882    0.986863    0.221763
-60.000   -0.536489    0.952947    0.211354
-58.000   -0.557607    0.917498    0.200632
-56.000   -0.576144    0.880697    0.189652
-54.000   -0.592020    0.842731    0.178465
-52.000   -0.605173    0.803794    0.167124
-50.000   -0.615552    0.764081    0.155681
-48.000   -0.623124    0.723794    0.144189
-46.000   -0.627872    0.683136    0.132701
-44.000   -0.629794    0.642312    0.121268
-42.000   -0.628908    0.601527    0.109943
-40.000   -0.625248    0.560988    0.098779
-38.000   -0.618867    0.520896    0.087828
-36.000   -0.609838    0.481454    0.077143
-34.000   -0.598256    0.442859    0.066776
-32.000   -0.584238    0.405305    0.056779
-30.000   -0.567930    0.368980    0.047205
-28.000   -0.549505    0.334065    0.038107
-26.000   -0.529174    0.300735    0.029537
-24.000   -0.507194    0.269157    0.021547
-22.000   -0.483885    0.239489    0.014189
-20.000   -0.459648    0.211878    0.007517
-18.000   -0.435012    0.186463    0.001583
-16.000   -0.410704    0.163371   -0.003561
-14.000   -0.387779    0.142716   -0.007862
-12.000   -0.367892    0.124602   -0.011268
-10.000   -0.353883    0.109120   -0.013727
 -8.000   -0.350117    0.097829   -0.016252
 -6.000   -0.369394    0.086238   -0.015759
 -4.000   -0.264468    0.055017   -0.036463
 -2.000    0.029100    0.025040   -0.065900
  0.000    0.199200    0.023030   -0.063900
  2.000    0.483100    0.030690   -0.091500
  4.000    0.731500    0.037770   -0.107800
  6.000    0.982400    0.032340   -0.102600
  8.000    1.164690    0.043747   -0.062709
 10.000    1.162953    0.073350   -0.048389
 12.000    1.020775    0.090370   -0.050652
 14.000    0.941405    0.107723   -0.052107
 16.000    0.887605    0.128704   -0.054531
 18.000    0.851415    0.152164   -0.057748
 20.000    0.826932    0.177989   -0.061712
 22.000    0.810352    0.206051   -0.066376
 24.000    0.799092    0.236211   -0.071693
 26.000    0.791331    0.268321   -0.077615
 28.000    0.785739    0.302222   -0.084096
 30.000    0.781320    0.337747   -0.091088
 32.000    0.777308    0.374721   -0.098545
 34.000    0.773108    0.412961   -0.106419
 36.000    0.768247    0.452278   -0.114664
 38.000    0.762352    0.492477   -0.123232
 40.000    0.755123    0.533361   -0.132077
 42.000    0.746322    0.574727   -0.141151
 44.000    0.735764    0.616370   -0.150407
 46.000    0.723303    0.658084   -0.159798
 48.000    0.708834    0.699662   -0.169278
 50.000    0.692282    0.740899   -0.178799
 52.000    0.673601    0.781590   -0.188314
 54.000    0.652773    0.821533   -0.197776
 56.000    0.629801    0.860530   -0.207138
 58.000    0.604714    0.898387   -0.216353
 60.000    0.577556    0.934915   -0.225374
 62.000    0.548393    0.969932   -0.234154
 64.000    0.517308    1.003264   -0.242645
 66.000    0.484399    1.034743   -0.250802
 68.000    0.449779    1.064213   -0.258577
 70.000    0.413576    1.091525   -0.265922
 72.000    0.375928    1.116542   -0.272791
 74.000    0.336987    1.139138   -0.279136
 76.000    0.296915    1.159197   -0.284911
 78.000    0.255882    1.176617   -0.290069
 80.000    0.214067    1.191309   -0.294562
 82.000    0.171658    1.203197   -0.298344
 84.000    0.128847    1.212219   -0.301368
 86.000    0.085832    1.218324   -0.303585
 88.000    0.042815    1.221479   -0.304951
 90.000    0.000000    1.221664   -0.305416
