Viterna extrapolated polar
 alpha from -90.0 to 90.0 deg
 BLEND_WIDTH = 6.000 deg

 alpha        Cl          Cd          Cm
 ------   ---------   ---------   ---------
-90.000   -0.000000    1.221664    0.305416
-88.000   -0.042639    1.223310    0.304820
-86.000   -0.085130    1.221983    0.303071
-84.000   -0.127267    1.217702    0.300229
-82.000   -0.168845    1.210498    0.296353
-80.000   -0.209664    1.200418    0.291505
-78.000   -0.249526    1.187523    0.285744
-76.000   -0.288240    1.171887    0.279129
-74.000   -0.325620    1.153596    0.271721
-72.000   -0.361488    1.132752    0.263579
-70.000   -0.395672    1.109466    0.254763
-68.000   -0.428012    1.083864    0.245334
-66.000   -0.458355    1.056079    0.235350
-64.000   -0.486559    1.026259    0.224873
-62.000   -0.512493    0.994559    0.213961
-60.000   -0.536039    0.961143    0.202675
-58.000   -0.557091    0.926184    0.191075
-56.000   -0.575556    0.889863    0.179220
-54.000   -0.591355    0.852366    0.167171
-52.000   -0.604423    0.813886    0.154987
-50.000   -0.614711    0.774617    0.142727
-48.000   -0.622185    0.734762    0.130453
-46.000   -0.626826    0.694523    0.118224
-44.000   -0.628634    0.654103    0.106100
-42.000   -0.627622    0.613709    0.094140
-40.000   -0.623825    0.573545    0.082405
-38.000   -0.617295    0.533813    0.070955
-36.000   -0.608103    0.494716    0.059849
-34.000   -0.596341    0.456449    0.049147
-32.000   -0.582123    0.419207    0.038909
-30.000   -0.565592    0.383176    0.029195
-28.000   -0.546917    0.348538    0.020065
-26.000   -0.526302    0.315468    0.011579
-24.000   -0.503997    0.284132    0.003796
-22.000   -0.480308    0.254687   -0.003223
-20.000   -0.455624    0.227282   -0.009419
-18.000   -0.430450    0.202053   -0.014731
-16.000   -0.405479    0.179128   -0.019100
-14.000   -0.381714    0.158621   -0.022466
-12.000   -0.360720    0.140636   -0.024769
-10.000   -0.343292    0.125319   -0.026196
 -8.000   -0.277405    0.089061   -0.042767
 -6.000   -0.210029    0.067899   -0.057800
 -4.000   -0.090600    0.036120   -0.080800
 -2.000    0.276200    0.013750   -0.115500
  0.000    0.539000    0.009810   -0.125700
  2.000    0.783800    0.009630   -0.126800
  4.000    0.970467    0.011213   -0.119833
  6.000    1.157510    0.015800   -0.108302
  8.000    1.137059    0.026935   -0.099155
 10.000    0.956994    0.040861   -0.100158
 12.000    0.863826    0.056885   -0.101458
 14.000    0.807178    0.075542   -0.103387
 16.000    0.771980    0.096823   -0.105920
 18.000    0.750458    0.120621   -0.109022
 20.000    0.737884    0.146823   -0.112659
 22.000    0.731200    0.175300   -0.116795
 24.000    0.728321    0.205912   -0.121395
 26.000    0.727771    0.238511   -0.126425
 28.000    0.728464    0.272938   -0.131850
 30.000    0.729584    0.309025   -0.137634
 32.000    0.730499    0.346595   -0.143743
 34.000    0.730715    0.385465   -0.150142
 36.000    0.729841    0.425446   -0.156796
 38.000    0.727564    0.466342   -0.163671
 40.000    0.723635    0.507954   -0.170731
 42.000    0.717855    0.550079   -0.177941
 44.000    0.710072    0.592512   -0.185267
 46.000    0.700166    0.635044   -0.192673
 48.000    0.688054    0.677470   -0.200125
 50.000    0.673679    0.719580   -0.207589
 52.000    0.657011    0.761171   -0.215028
 54.000    0.638043    0.802039   -0.222408
 56.000    0.616792    0.841984   -0.229695
 58.000    0.593293    0.880811   -0.236852
 60.000    0.567599    0.918332   -0.243847
 62.000    0.539784    0.954361   -0.250643
 64.000    0.509934    0.988725   -0.257205
 66.000    0.478153    1.021253   -0.263500
 68.000    0.444559    1.051789   -0.269491
 70.000    0.409282    1.080182   -0.275145
 72.000    0.372465    1.106293   -0.280425
 74.000    0.334261    1.129996   -0.285298
 76.000    0.294834    1.151173   -0.289728
 78.000    0.254358    1.169721   -0.293681
 80.000    0.213011    1.185550   -0.297121
 82.000    0.170984    1.198582   -0.300014
 84.000    0.128468    1.208752   -0.302325
 86.000    0.085664    1.216010   -0.304019
 88.000    0.042772    1.220322   -0.305061
 90.000    0.000000    1.221664   -0.305416
