Viterna extrapolated polar
 alpha from -90.0 to 90.0 deg
 BLEND_WIDTH = 6.000 deg

 alpha        Cl          Cd          Cm
 ------   ---------   ---------   ---------
-90.000   -0.000000    1.221664    0.305416
-88.000   -0.042651    1.223803    0.304803
-86.000   -0.085178    1.222968    0.303005
-84.000   -0.127375    1.219177    0.300087
-82.000   -0.169036    1.212462    0.296112
-80.000   -0.209963    1.202870    0.291144
-78.000   -0.249958    1.190458    0.285248
-76.000   -0.288829    1.175302    0.278486
-74.000   -0.326392    1.157487    0.270922
-72.000   -0.362469    1.137114    0.262621
-70.000   -0.396889    1.114294    0.253646
-68.000   -0.429491    1.089152    0.244061
-66.000   -0.460124    1.061821    0.233929
-64.000   -0.488648    1.032447    0.223316
-62.000   -0.514932    1.001186    0.212283
-60.000   -0.538860    0.968201    0.200896
-58.000   -0.560327    0.933665    0.189217
-56.000   -0.579242    0.897757    0.177311
-54.000   -0.595528    0.860663    0.165242
-52.000   -0.609123    0.822576    0.153073
-50.000   -0.619982    0.783691    0.140868
-48.000   -0.628072    0.744207    0.128691
-46.000   -0.633381    0.704328    0.116606
-44.000   -0.635912    0.664257    0.104676
-42.000   -0.635687    0.624199    0.092966
-40.000   -0.632746    0.584358    0.081538
-38.000   -0.627151    0.544937    0.070458
-36.000   -0.618984    0.506135    0.059788
-34.000   -0.608351    0.468151    0.049593
-32.000   -0.595385    0.431177    0.039936
-30.000   -0.580250    0.395400    0.030881
-28.000   -0.563143    0.361002    0.022493
-26.000   -0.544309    0.328155    0.014833
-24.000   -0.524047    0.297028    0.007968
-22.000   -0.502733    0.267775    0.001959
-20.000   -0.480852    0.240546   -0.003128
-18.000   -0.459052    0.215478   -0.007230
-16.000   -0.438237    0.192697   -0.010284
-14.000   -0.420436    0.172351   -0.011898
-12.000   -0.404074    0.155063   -0.012885
-10.000   -0.329045    0.106083   -0.030871
 -8.000   -0.297748    0.092056   -0.037384
 -6.000   -0.275380    0.082206   -0.041640
 -4.000   -0.191425    0.054773   -0.056000
 -2.000    0.190400    0.015010   -0.093500
  0.000    0.473200    0.011570   -0.106900
  2.000    0.687800    0.011400   -0.106600
  4.000    0.895600    0.012220   -0.100000
  6.000    1.094890    0.016252   -0.090044
  8.000    1.143781    0.035841   -0.080672
 10.000    0.984572    0.039207   -0.080836
 12.000    0.883701    0.052172   -0.081843
 14.000    0.823986    0.070867   -0.083805
 16.000    0.786459    0.092191   -0.086446
 18.000    0.763100    0.116039   -0.089725
 20.000    0.749035    0.142295   -0.093605
 22.000    0.741111    0.170832   -0.098046
 24.000    0.737183    0.201510   -0.103009
 26.000    0.735730    0.234181   -0.108456
 28.000    0.735636    0.268684   -0.114347
 30.000    0.736062    0.304852   -0.120645
 32.000    0.736360    0.342508   -0.127309
 34.000    0.736023    0.381470   -0.134301
 36.000    0.734650    0.421547   -0.141582
 38.000    0.731920    0.462545   -0.149113
 40.000    0.727577    0.504263   -0.156856
 42.000    0.721420    0.546499   -0.164771
 44.000    0.713289    0.589046   -0.172820
 46.000    0.703063    0.631697   -0.180964
 48.000    0.690656    0.674245   -0.189163
 50.000    0.676008    0.716483   -0.197380
 52.000    0.659088    0.758205   -0.205574
 54.000    0.639888    0.799207   -0.213708
 56.000    0.618421    0.839290   -0.221743
 58.000    0.594723    0.878258   -0.229638
 60.000    0.568846    0.915922   -0.237357
 62.000    0.540862    0.952099   -0.244859
 64.000    0.510857    0.986612   -0.252106
 66.000    0.478935    1.019294   -0.259059
 68.000    0.445213    1.049984   -0.265679
 70.000    0.409820    1.078534   -0.271928
 72.000    0.372899    1.104804   -0.277766
 74.000    0.334602    1.128668   -0.283154
 76.000    0.295095    1.150007   -0.288055
 78.000    0.254548    1.168720   -0.292427
 80.000    0.213144    1.184713   -0.296234
 82.000    0.171068    1.197911   -0.299436
 84.000    0.128516    1.208248   -0.301994
 86.000    0.085685    1.215674   -0.303869
 88.000    0.042778    1.220154   -0.305023
 90.000    0.000000    1.221664   -0.305416
