Viterna extrapolated polar
 alpha from -90.0 to 90.0 deg
 BLEND_WIDTH = 6.000 deg

 alpha        Cl          Cd          Cm
 ------   ---------   ---------   ---------
-90.000   -0.000000    1.221664    0.305416
-88.000   -0.042641    1.223008    0.304874
-86.000   -0.085137    1.221380    0.303282
-84.000   -0.127281    1.216798    0.300695
-82.000   -0.168870    1.209294    0.297164
-80.000   -0.209703    1.198917    0.292744
-78.000   -0.249582    1.185725    0.287487
-76.000   -0.288317    1.169795    0.281446
-74.000   -0.325721    1.151213    0.274675
-72.000   -0.361616    1.130080    0.267226
-70.000   -0.395831    1.106508    0.259153
-68.000   -0.428205    1.080624    0.250510
-66.000   -0.458586    1.052561    0.241348
-64.000   -0.486831    1.022468    0.231721
-62.000   -0.512811    0.990498    0.221683
-60.000   -0.536407    0.956818    0.211286
-58.000   -0.557513    0.921601    0.200584
-56.000   -0.576037    0.885027    0.189629
-54.000   -0.591899    0.847283    0.178475
-52.000   -0.605036    0.808561    0.167175
-50.000   -0.615399    0.769058    0.155782
-48.000   -0.622953    0.728975    0.144349
-46.000   -0.627682    0.688515    0.132929
-44.000   -0.629583    0.647882    0.121576
-42.000   -0.628675    0.607282    0.110343
-40.000   -0.624990    0.566919    0.099282
-38.000   -0.618581    0.526998    0.088446
-36.000   -0.609523    0.487719    0.077890
-34.000   -0.597908    0.449279    0.067666
-32.000   -0.583854    0.411872    0.057827
-30.000   -0.567505    0.375686    0.048426
-28.000   -0.549034    0.340902    0.039516
-26.000   -0.528651    0.307695    0.031152
-24.000   -0.506613    0.276231    0.023384
-22.000   -0.483234    0.246668    0.016268
-20.000   -0.458916    0.219155    0.009855
-18.000   -0.434183    0.193828    0.004200
-16.000   -0.409754    0.170814   -0.000646
-14.000   -0.386676    0.150230   -0.004628
-12.000   -0.366588    0.132177   -0.007694
-10.000   -0.352300    0.116745   -0.009790
 -8.000   -0.349172    0.106191   -0.012072
 -6.000   -0.333682    0.089315   -0.019296
 -4.000   -0.077800    0.057410   -0.074600
 -2.000    0.184467    0.033350   -0.121033
  0.000    0.586900    0.016130   -0.155000
  2.000    0.901700    0.010430   -0.170150
  4.000    1.134100    0.012180   -0.171000
  6.000    1.257226    0.018194   -0.152280
  8.000    1.423960    0.027374   -0.130204
 10.000    1.336872    0.042694   -0.128799
 12.000    1.154209    0.060369   -0.129526
 14.000    1.052747    0.078999   -0.130818
 16.000    0.983517    0.100246   -0.132670
 18.000    0.935159    0.124009   -0.135050
 20.000    0.900799    0.150170   -0.137926
 22.000    0.876009    0.178602   -0.141266
 24.000    0.857797    0.209166   -0.145039
 26.000    0.844054    0.241713   -0.149214
 28.000    0.833250    0.276083   -0.153758
 30.000    0.824236    0.312109   -0.158641
 32.000    0.816138    0.349615   -0.163829
 34.000    0.808273    0.388418   -0.169293
 36.000    0.800105    0.428327   -0.174999
 38.000    0.791209    0.469149   -0.180917
 40.000    0.781242    0.510683   -0.187016
 42.000    0.769936    0.552726   -0.193262
 44.000    0.757076    0.595074   -0.199625
 46.000    0.742496    0.637519   -0.206073
 48.000    0.726072    0.679853   -0.212574
 50.000    0.707713    0.721870   -0.219097
 52.000    0.687363    0.763364   -0.225610
 54.000    0.664991    0.804133   -0.232082
 56.000    0.640593    0.843976   -0.238480
 58.000    0.614188    0.882699   -0.244774
 60.000    0.585815    0.920113   -0.250931
 62.000    0.555535    0.956034   -0.256921
 64.000    0.523425    0.990286   -0.262710
 66.000    0.489580    1.022702   -0.268269
 68.000    0.454110    1.053123   -0.273564
 70.000    0.417137    1.081400   -0.278565
 72.000    0.378801    1.107394   -0.283240
 74.000    0.339248    1.130978   -0.287557
 76.000    0.298640    1.152035   -0.291484
 78.000    0.257146    1.170462   -0.294991
 80.000    0.214944    1.186169   -0.298044
 82.000    0.172218    1.199077   -0.300614
 84.000    0.129162    1.209124   -0.302667
 86.000    0.085971    1.216259   -0.304173
 88.000    0.042849    1.220446   -0.305100
 90.000    0.000000    1.221664   -0.305416
