Viterna extrapolated polar
 alpha from -90.0 to 90.0 deg
 BLEND_WIDTH = 6.000 deg

 alpha        Cl          Cd          Cm
 ------   ---------   ---------   ---------
-90.000   -0.000000    1.221664    0.305416
-88.000   -0.042631    1.222731    0.304899
-86.000   -0.085098    1.220825    0.303380
-84.000   -0.127193    1.215967    0.300907
-82.000   -0.168714    1.208188    0.297531
-80.000   -0.209458    1.197537    0.293300
-78.000   -0.249228    1.184073    0.288261
-76.000   -0.287834    1.167872    0.282466
-74.000   -0.325088    1.149022    0.275962
-72.000   -0.360812    1.127624    0.268798
-70.000   -0.394834    1.103790    0.261023
-68.000   -0.426993    1.077647    0.252686
-66.000   -0.457136    1.049329    0.243835
-64.000   -0.485119    1.018984    0.234521
-62.000   -0.510812    0.986768    0.224791
-60.000   -0.534095    0.952845    0.214694
-58.000   -0.554861    0.917390    0.204280
-56.000   -0.573016    0.880583    0.193597
-54.000   -0.588479    0.842612    0.182694
-52.000   -0.601184    0.803668    0.171621
-50.000   -0.611079    0.763950    0.160424
-48.000   -0.618128    0.723658    0.149155
-46.000   -0.622309    0.682995    0.137861
-44.000   -0.623618    0.642166    0.126592
-42.000   -0.622065    0.601376    0.115396
-40.000   -0.617678    0.560832    0.104322
-38.000   -0.610504    0.520736    0.093419
-36.000   -0.600605    0.481290    0.082736
-34.000   -0.588064    0.442691    0.072322
-32.000   -0.572985    0.405133    0.062225
-30.000   -0.555492    0.368804    0.052495
-28.000   -0.535735    0.333885    0.043181
-26.000   -0.513893    0.300552    0.034331
-24.000   -0.490180    0.268971    0.025994
-22.000   -0.464856    0.239300    0.018219
-20.000   -0.438239    0.211687    0.011054
-18.000   -0.410741    0.186270    0.004550
-16.000   -0.382906    0.163175   -0.001245
-14.000   -0.355509    0.142519   -0.006283
-12.000   -0.329733    0.124403   -0.010515
-10.000   -0.307571    0.108919   -0.013891
 -8.000   -0.292829    0.096144   -0.016364
 -6.000   -0.298624    0.087112   -0.017358
 -4.000   -0.337000    0.078960   -0.018400
 -2.000   -0.069676    0.050455   -0.072042
  0.000    0.417500    0.026440   -0.130600
  2.000    0.746300    0.021120   -0.147700
  4.000    1.103600    0.016230   -0.166500
  6.000    1.258400    0.019810   -0.150800
  8.000    1.380719    0.029732   -0.125140
 10.000    1.382175    0.052236   -0.100303
 12.000    1.213154    0.063636   -0.101893
 14.000    1.096838    0.081338   -0.103354
 16.000    1.021497    0.102564   -0.105214
 18.000    0.968322    0.126302   -0.107716
 20.000    0.930050    0.152436   -0.110821
 22.000    0.902009    0.180838   -0.114491
 24.000    0.881043    0.211369   -0.118689
 26.000    0.864933    0.243880   -0.123376
 28.000    0.852063    0.278212   -0.128515
 30.000    0.841230    0.314198   -0.134068
 32.000    0.831514    0.351660   -0.139997
 34.000    0.822198    0.390417   -0.146264
 36.000    0.812721    0.430278   -0.152831
 38.000    0.802636    0.471049   -0.159661
 40.000    0.791586    0.512530   -0.166715
 42.000    0.779287    0.554518   -0.173957
 44.000    0.765515    0.596809   -0.181347
 46.000    0.750096    0.639194   -0.188849
 48.000    0.732898    0.681467   -0.196424
 50.000    0.713824    0.723420   -0.204034
 52.000    0.692812    0.764849   -0.211642
 54.000    0.669829    0.805550   -0.219210
 56.000    0.644866    0.845324   -0.226700
 58.000    0.617939    0.883977   -0.234073
 60.000    0.589086    0.921318   -0.241293
 62.000    0.558363    0.957166   -0.248322
 64.000    0.525848    0.991343   -0.255121
 66.000    0.491632    1.023683   -0.261653
 68.000    0.455824    1.054027   -0.267880
 70.000    0.418548    1.082225   -0.273764
 72.000    0.379938    1.108139   -0.279267
 74.000    0.340144    1.131642   -0.284351
 76.000    0.299324    1.152618   -0.288979
 78.000    0.257647    1.170963   -0.293113
 80.000    0.215290    1.186587   -0.296715
 82.000    0.172440    1.199413   -0.299746
 84.000    0.129286    1.209376   -0.302170
 86.000    0.086027    1.216427   -0.303948
 88.000    0.042863    1.220530   -0.305043
 90.000    0.000000    1.221664   -0.305416
