Viterna extrapolated polar
 alpha from -90.0 to 90.0 deg
 BLEND_WIDTH = 6.000 deg

 alpha        Cl          Cd          Cm
 ------   ---------   ---------   ---------
-90.000   -0.000000    1.221664    0.305416
-88.000   -0.042626    1.222567    0.304821
-86.000   -0.085078    1.220499    0.303073
-84.000   -0.127149    1.215477    0.300231
-82.000   -0.168635    1.207536    0.296354
-80.000   -0.209335    1.196723    0.291498
-78.000   -0.249051    1.183099    0.285723
-76.000   -0.287591    1.166738    0.279087
-74.000   -0.324770    1.147730    0.271648
-72.000   -0.360408    1.126176    0.263463
-70.000   -0.394334    1.102188    0.254591
-68.000   -0.426385    1.075891    0.245091
-66.000   -0.456408    1.047423    0.235020
-64.000   -0.484260    1.016930    0.224436
-62.000   -0.509809    0.984568    0.213398
-60.000   -0.532936    0.950502    0.201964
-58.000   -0.553531    0.914907    0.190192
-56.000   -0.571501    0.877963    0.178140
-54.000   -0.586764    0.839857    0.165866
-52.000   -0.599252    0.800783    0.153429
-50.000   -0.608913    0.760938    0.140886
-48.000   -0.615708    0.720522    0.128297
-46.000   -0.619615    0.679739    0.115718
-44.000   -0.620626    0.638795    0.103208
-42.000   -0.618749    0.597894    0.090825
-40.000   -0.614011    0.557242    0.078627
-38.000   -0.606452    0.517043    0.066674
-36.000   -0.596132    0.477498    0.055021
-34.000   -0.583127    0.438806    0.043729
-32.000   -0.567534    0.401159    0.032855
-30.000   -0.549467    0.364745    0.022457
-28.000   -0.529065    0.329748    0.012593
-26.000   -0.506491    0.296340    0.003321
-24.000   -0.481939    0.264690   -0.005300
-22.000   -0.455638    0.234955   -0.013212
-20.000   -0.427869    0.207284   -0.020357
-18.000   -0.398984    0.181813   -0.026677
-16.000   -0.369441    0.158671   -0.032114
-14.000   -0.339878    0.137972   -0.036609
-12.000   -0.311249    0.119820   -0.040105
-10.000   -0.285137    0.104304   -0.042544
 -8.000   -0.268236    0.092536   -0.042742
 -6.000   -0.231902    0.075368   -0.048919
 -4.000   -0.082553    0.033274   -0.076013
 -2.000    0.266700    0.010750   -0.105100
  0.000    0.481500    0.007780   -0.104800
  2.000    0.684500    0.008440   -0.102500
  4.000    0.871500    0.009940   -0.099500
  6.000    1.090938    0.015722   -0.090903
  8.000    1.125033    0.022977   -0.083915
 10.000    0.955167    0.036906   -0.084486
 12.000    0.859948    0.053190   -0.085805
 14.000    0.803898    0.071878   -0.087809
 16.000    0.769155    0.093192   -0.090470
 18.000    0.747991    0.117029   -0.093751
 20.000    0.735708    0.143274   -0.097615
 22.000    0.729266    0.171798   -0.102023
 24.000    0.726592    0.202462   -0.106938
 26.000    0.726218    0.235117   -0.112321
 28.000    0.727065    0.269603   -0.118135
 30.000    0.728319    0.305754   -0.124342
 32.000    0.729355    0.343391   -0.130904
 34.000    0.729679    0.382334   -0.137783
 36.000    0.728902    0.422390   -0.144942
 38.000    0.726714    0.463366   -0.152342
 40.000    0.722865    0.505061   -0.159945
 42.000    0.717160    0.547272   -0.167715
 44.000    0.709444    0.589795   -0.175612
 46.000    0.699601    0.632421   -0.183599
 48.000    0.687546    0.674942   -0.191638
 50.000    0.673224    0.717153   -0.199691
 52.000    0.656605    0.758846   -0.207721
 54.000    0.637683    0.799819   -0.215689
 56.000    0.616474    0.839872   -0.223557
 58.000    0.593014    0.878810   -0.231289
 60.000    0.567356    0.916443   -0.238845
 62.000    0.539573    0.952588   -0.246188
 64.000    0.509754    0.987069   -0.253280
 66.000    0.478000    1.019717   -0.260084
 68.000    0.444432    1.050374   -0.266561
 70.000    0.409177    1.078890   -0.272673
 72.000    0.372380    1.105126   -0.278383
 74.000    0.334194    1.128955   -0.283652
 76.000    0.294784    1.150259   -0.288444
 78.000    0.254320    1.168936   -0.292720
 80.000    0.212986    1.184894   -0.296441
 82.000    0.170967    1.198056   -0.299571
 84.000    0.128459    1.208357   -0.302072
 86.000    0.085660    1.215747   -0.303904
 88.000    0.042771    1.220190   -0.305032
 90.000    0.000000    1.221664   -0.305416
