Viterna extrapolated polar
 alpha from -90.0 to 90.0 deg
 BLEND_WIDTH = 6.000 deg

 alpha        Cl          Cd          Cm
 ------   ---------   ---------   ---------
-90.000   -0.000000    1.221664    0.305416
-88.000   -0.042643    1.223089    0.304851
-86.000   -0.085144    1.221541    0.303192
-84.000   -0.127298    1.217039    0.300496
-82.000   -0.168901    1.209615    0.296819
-80.000   -0.209751    1.199317    0.292216
-78.000   -0.249652    1.186205    0.286743
-76.000   -0.288412    1.170352    0.280457
-74.000   -0.325845    1.151848    0.273413
-72.000   -0.361774    1.130792    0.265666
-70.000   -0.396027    1.107297    0.257273
-68.000   -0.428443    1.081488    0.248290
-66.000   -0.458871    1.053499    0.238773
-64.000   -0.487167    1.023479    0.228777
-62.000   -0.513204    0.991581    0.218359
-60.000   -0.536861    0.957972    0.207573
-58.000   -0.558034    0.922823    0.196477
-56.000   -0.576630    0.886317    0.185126
-54.000   -0.592571    0.848638    0.173576
-52.000   -0.605793    0.809981    0.161883
-50.000   -0.616247    0.770540    0.150102
-48.000   -0.623901    0.730518    0.138290
-46.000   -0.628736    0.690117    0.126502
-44.000   -0.630755    0.649541    0.114795
-42.000   -0.629972    0.608996    0.103224
-40.000   -0.626425    0.568686    0.091845
-38.000   -0.620167    0.528815    0.080714
-36.000   -0.611273    0.489584    0.069887
-34.000   -0.599840    0.451191    0.059419
-32.000   -0.585988    0.413828    0.049367
-30.000   -0.569863    0.377683    0.039787
-28.000   -0.551645    0.342938    0.030734
-26.000   -0.531549    0.309768    0.022265
-24.000   -0.509839    0.278338    0.014435
-22.000   -0.486843    0.248807    0.007299
-20.000   -0.462975    0.221322    0.000915
-18.000   -0.438785    0.196021   -0.004662
-16.000   -0.415025    0.173031   -0.009377
-14.000   -0.392795    0.152467   -0.013173
-12.000   -0.373823    0.134432   -0.015995
-10.000   -0.358990    0.118780   -0.017778
 -8.000   -0.359424    0.106959   -0.017882
 -6.000   -0.298054    0.086233   -0.035754
 -4.000   -0.032650    0.050105   -0.093925
 -2.000    0.258780    0.026956   -0.134420
  0.000    0.639600    0.013030   -0.161500
  2.000    0.940300    0.008920   -0.176900
  4.000    1.130400    0.011800   -0.169100
  6.000    1.277138    0.018120   -0.151644
  8.000    1.461407    0.029308   -0.137112
 10.000    1.354666    0.046402   -0.139041
 12.000    1.169771    0.063876   -0.139795
 14.000    1.065907    0.082477   -0.141073
 16.000    0.994853    0.103693   -0.142871
 18.000    0.945058    0.127419   -0.145160
 20.000    0.909530    0.153539   -0.147911
 22.000    0.883770    0.181926   -0.151093
 24.000    0.864735    0.212441   -0.154678
 26.000    0.850286    0.244935   -0.158635
 28.000    0.838865    0.279249   -0.162936
 30.000    0.829309    0.315214   -0.167551
 32.000    0.820727    0.352656   -0.172450
 34.000    0.812429    0.391390   -0.177603
 36.000    0.803871    0.431228   -0.182982
 38.000    0.794619    0.471974   -0.188556
 40.000    0.784330    0.513429   -0.194296
 42.000    0.772727    0.555391   -0.200173
 44.000    0.759595    0.597653   -0.206157
 46.000    0.744765    0.640009   -0.212219
 48.000    0.728109    0.682252   -0.218328
 50.000    0.709537    0.724174   -0.224456
 52.000    0.688989    0.765571   -0.230573
 54.000    0.666435    0.806240   -0.236649
 56.000    0.641868    0.845981   -0.242656
 58.000    0.615307    0.884599   -0.248562
 60.000    0.586791    0.921905   -0.254339
 62.000    0.556379    0.957717   -0.259958
 64.000    0.524148    0.991858   -0.265388
 66.000    0.490193    1.024160   -0.270601
 68.000    0.454621    1.054466   -0.275566
 70.000    0.417558    1.082626   -0.280255
 72.000    0.379140    1.108502   -0.284637
 74.000    0.339516    1.131966   -0.288683
 76.000    0.298844    1.152902   -0.292363
 78.000    0.257296    1.171207   -0.295649
 80.000    0.215047    1.186791   -0.298511
 82.000    0.172284    1.199576   -0.300918
 84.000    0.129199    1.209499   -0.302841
 86.000    0.085988    1.216509   -0.304252
 88.000    0.042853    1.220571   -0.305120
 90.000    0.000000    1.221664   -0.305416
