Viterna extrapolated polar
 alpha from -90.0 to 90.0 deg
 BLEND_WIDTH = 6.000 deg

 alpha        Cl          Cd          Cm
 ------   ---------   ---------   ---------
-90.000   -0.000000    1.221664    0.305416
-88.000   -0.042643    1.223046    0.304868
-86.000   -0.085145    1.221455    0.303259
-84.000   -0.127301    1.216910    0.300645
-82.000   -0.168906    1.209445    0.297078
-80.000   -0.209759    1.199104    0.292613
-78.000   -0.249663    1.185950    0.287303
-76.000   -0.288426    1.170056    0.281204
-74.000   -0.325864    1.151510    0.274368
-72.000   -0.361798    1.130413    0.266850
-70.000   -0.396057    1.106878    0.258704
-68.000   -0.428480    1.081028    0.249985
-66.000   -0.458915    1.053000    0.240745
-64.000   -0.487219    1.022941    0.231039
-62.000   -0.513264    0.991005    0.220921
-60.000   -0.536931    0.957358    0.210445
-58.000   -0.558114    0.922173    0.199665
-56.000   -0.576722    0.885631    0.188636
-54.000   -0.592675    0.847917    0.177410
-52.000   -0.605910    0.809225    0.166043
-50.000   -0.616378    0.769752    0.154588
-48.000   -0.624047    0.729697    0.143099
-46.000   -0.628900    0.689265    0.131631
-44.000   -0.630936    0.648658    0.120236
-42.000   -0.630173    0.608084    0.108970
-40.000   -0.626647    0.567746    0.097887
-38.000   -0.620412    0.527849    0.087040
-36.000   -0.611544    0.488592    0.076483
-34.000   -0.600139    0.450174    0.066270
-32.000   -0.586318    0.412787    0.056456
-30.000   -0.570228    0.376621    0.047095
-28.000   -0.552049    0.341855    0.038240
-26.000   -0.531997    0.308665    0.029946
-24.000   -0.510338    0.277217    0.022266
-22.000   -0.487401    0.247669    0.015254
-20.000   -0.463603    0.220169    0.008966
-18.000   -0.439497    0.194854    0.003454
-16.000   -0.415840    0.171852   -0.001227
-14.000   -0.393741    0.151277   -0.005024
-12.000   -0.374942    0.133232   -0.007882
-10.000   -0.361729    0.118049   -0.010045
 -8.000   -0.351011    0.104077   -0.014152
 -6.000   -0.308040    0.071959   -0.038359
 -4.000    0.003300    0.024620   -0.111467
 -2.000    0.319600    0.016580   -0.134900
  0.000    0.602000    0.012080   -0.150700
  2.000    0.873950    0.010055   -0.159400
  4.000    1.074900    0.011190   -0.155400
  6.000    1.261145    0.019063   -0.133081
  8.000    1.246838    0.029053   -0.121113
 10.000    1.049926    0.042946   -0.121588
 12.000    0.937493    0.059189   -0.122685
 14.000    0.869476    0.077828   -0.124352
 16.000    0.825644    0.099087   -0.126567
 18.000    0.797314    0.122862   -0.129297
 20.000    0.779214    0.149036   -0.132512
 22.000    0.767936    0.177484   -0.136180
 24.000    0.761167    0.208064   -0.140269
 26.000    0.757270    0.240628   -0.144748
 28.000    0.755047    0.275018   -0.149586
 30.000    0.753596    0.311064   -0.154750
 32.000    0.752224    0.348592   -0.160211
 34.000    0.750390    0.387418   -0.165935
 36.000    0.747666    0.427351   -0.171891
 38.000    0.743710    0.468198   -0.178048
 40.000    0.738249    0.509759   -0.184375
 42.000    0.731067    0.551830   -0.190839
 44.000    0.721996    0.594206   -0.197410
 46.000    0.710905    0.636681   -0.204056
 48.000    0.697698    0.679046   -0.210745
 50.000    0.682313    0.721094   -0.217446
 52.000    0.664711    0.762621   -0.224127
 54.000    0.644880    0.803423   -0.230757
 56.000    0.622830    0.843301   -0.237304
 58.000    0.598593    0.882060   -0.243737
 60.000    0.572220    0.919509   -0.250024
 62.000    0.543780    0.955467   -0.256134
 64.000    0.513356    0.989757   -0.262036
 66.000    0.481052    1.022211   -0.267697
 68.000    0.446982    1.052671   -0.273086
 70.000    0.411275    1.080987   -0.278172
 72.000    0.374072    1.107021   -0.282923
 74.000    0.335526    1.130645   -0.287307
 76.000    0.295800    1.151743   -0.291294
 78.000    0.255065    1.170211   -0.294852
 80.000    0.213502    1.185959   -0.297948
 82.000    0.171297    1.198909   -0.300553
 84.000    0.128644    1.208998   -0.302633
 86.000    0.085742    1.216175   -0.304158
 88.000    0.042792    1.220404   -0.305096
 90.000    0.000000    1.221664   -0.305416
