Viterna extrapolated polar
 alpha from -90.0 to 90.0 deg
 BLEND_WIDTH = 6.000 deg

 alpha        Cl          Cd          Cm
 ------   ---------   ---------   ---------
-90.000   -0.000000    1.221664    0.305416
-88.000   -0.042638    1.222834    0.304889
-86.000   -0.085125    1.221032    0.303343
-84.000   -0.127254    1.216276    0.300827
-82.000   -0.168822    1.208600    0.297392
-80.000   -0.209627    1.198050    0.293090
-78.000   -0.249473    1.184688    0.287969
-76.000   -0.288168    1.168588    0.282081
-74.000   -0.325526    1.149837    0.275477
-72.000   -0.361368    1.128538    0.268206
-70.000   -0.395524    1.104802    0.260320
-68.000   -0.427832    1.078755    0.251868
-66.000   -0.458139    1.050532    0.242902
-64.000   -0.486304    1.020280    0.233472
-62.000   -0.512195    0.988156    0.223628
-60.000   -0.535695    0.954324    0.213421
-58.000   -0.556696    0.918957    0.202902
-56.000   -0.575106    0.882237    0.192120
-54.000   -0.590846    0.844350    0.181127
-52.000   -0.603850    0.805489    0.169973
-50.000   -0.614068    0.765851    0.158709
-48.000   -0.621467    0.725636    0.147384
-46.000   -0.626027    0.685049    0.136050
-44.000   -0.627746    0.644293    0.124757
-42.000   -0.626639    0.603574    0.113555
-40.000   -0.622737    0.563097    0.102496
-38.000   -0.616093    0.523066    0.091629
-36.000   -0.606776    0.483682    0.081006
-34.000   -0.594876    0.445142    0.070676
-32.000   -0.580506    0.407641    0.060690
-30.000   -0.563804    0.371365    0.051098
-28.000   -0.544938    0.336497    0.041952
-26.000   -0.524106    0.303210    0.033302
-24.000   -0.501551    0.271673    0.025198
-22.000   -0.477573    0.242042    0.017690
-20.000   -0.452547    0.214466    0.010830
-18.000   -0.426962    0.189082    0.004668
-16.000   -0.401484    0.166018   -0.000746
-14.000   -0.377076    0.145388   -0.005362
-12.000   -0.355236    0.127296   -0.009128
-10.000   -0.338523    0.111832   -0.011994
 -8.000   -0.331900    0.099141   -0.013967
 -6.000   -0.348798    0.090432   -0.015482
 -4.000   -0.261617    0.063281   -0.041950
 -2.000    0.098100    0.028700   -0.092800
  0.000    0.298900    0.024260   -0.094000
  2.000    0.510600    0.032950   -0.108800
  4.000    0.833800    0.038750   -0.133700
  6.000    1.147000    0.029960   -0.133000
  8.000    1.261004    0.043345   -0.089267
 10.000    1.201457    0.069383   -0.079661
 12.000    1.064127    0.075482   -0.079510
 14.000    0.976567    0.093990   -0.081086
 16.000    0.917894    0.115098   -0.083389
 18.000    0.877862    0.138703   -0.086378
 20.000    0.850260    0.164689   -0.090013
 22.000    0.831087    0.192928   -0.094252
 24.000    0.817631    0.223281   -0.099054
 26.000    0.807981    0.255600   -0.104379
 28.000    0.800743    0.289725   -0.110185
 30.000    0.794873    0.325490   -0.116431
 32.000    0.789571    0.362718   -0.123078
 34.000    0.784213    0.401227   -0.130082
 36.000    0.778308    0.440827   -0.137404
 38.000    0.771465    0.481324   -0.145003
 40.000    0.763371    0.522519   -0.152837
 42.000    0.753780    0.564208   -0.160866
 44.000    0.742494    0.606188   -0.169048
 46.000    0.729364    0.648251   -0.177344
 48.000    0.714278    0.690191   -0.185710
 50.000    0.697155    0.731801   -0.194108
 52.000    0.677947    0.772876   -0.202495
 54.000    0.656631    0.813214   -0.210832
 56.000    0.633209    0.852616   -0.219076
 58.000    0.607706    0.890886   -0.227186
 60.000    0.580164    0.927838   -0.235123
 62.000    0.550649    0.963287   -0.242845
 64.000    0.519240    0.997059   -0.250310
 66.000    0.486035    1.028986   -0.257479
 68.000    0.451147    1.058911   -0.264309
 70.000    0.414701    1.086684   -0.270760
 72.000    0.376835    1.112169   -0.276792
 74.000    0.337701    1.135236   -0.282362
 76.000    0.297460    1.155772   -0.287431
 78.000    0.256281    1.173674   -0.291957
 80.000    0.214344    1.188852   -0.295899
 82.000    0.171835    1.201228   -0.299216
 84.000    0.128946    1.210739   -0.301867
 86.000    0.085876    1.217337   -0.303811
 88.000    0.042826    1.220985   -0.305008
 90.000    0.000000    1.221664   -0.305416
