Viterna extrapolated polar
 alpha from -90.0 to 90.0 deg
 BLEND_WIDTH = 6.000 deg

 alpha        Cl          Cd          Cm
 ------   ---------   ---------   ---------
-90.000   -0.000000    1.221664    0.305416
-88.000   -0.042640    1.223195    0.304891
-86.000   -0.085134    1.221753    0.303349
-84.000   -0.127276    1.217356    0.300842
-82.000   -0.168862    1.210038    0.297419
-80.000   -0.209689    1.199845    0.293132
-78.000   -0.249563    1.186836    0.288033
-76.000   -0.288290    1.171088    0.282170
-74.000   -0.325686    1.152686    0.275597
-72.000   -0.361571    1.131731    0.268362
-70.000   -0.395776    1.108337    0.260517
-68.000   -0.428138    1.082626    0.252114
-66.000   -0.458505    1.054736    0.243202
-64.000   -0.486736    1.024811    0.233832
-62.000   -0.512700    0.993008    0.224056
-60.000   -0.536278    0.959491    0.213925
-58.000   -0.557366    0.924434    0.203488
-56.000   -0.575869    0.888016    0.192797
-54.000   -0.591709    0.850425    0.181902
-52.000   -0.604822    0.811852    0.170856
-50.000   -0.615159    0.772494    0.159707
-48.000   -0.622685    0.732552    0.148508
-46.000   -0.627383    0.692228    0.137309
-44.000   -0.629251    0.651727    0.126160
-42.000   -0.628307    0.611254    0.115114
-40.000   -0.624583    0.571014    0.104219
-38.000   -0.618132    0.531210    0.093528
-36.000   -0.609026    0.492043    0.083092
-34.000   -0.597360    0.453710    0.072960
-32.000   -0.583249    0.416405    0.063184
-30.000   -0.566836    0.380315    0.053814
-28.000   -0.548294    0.345621    0.044902
-26.000   -0.527830    0.312499    0.036499
-24.000   -0.505698    0.281114    0.028654
-22.000   -0.482211    0.251624    0.021419
-20.000   -0.457765    0.224177    0.014846
-18.000   -0.432878    0.198911    0.008983
-16.000   -0.408260    0.175952    0.003884
-14.000   -0.384942    0.155416   -0.000403
-12.000   -0.364536    0.137405   -0.003825
-10.000   -0.349811    0.122009   -0.006333
 -8.000   -0.344617    0.109382   -0.008625
 -6.000   -0.365700    0.099360   -0.008400
 -4.000   -0.270270    0.077183   -0.036919
 -2.000    0.166950    0.032850   -0.119050
  0.000    0.541900    0.018970   -0.147700
  2.000    0.840800    0.013200   -0.160200
  4.000    1.131600    0.013540   -0.168300
  6.000    1.258700    0.017700   -0.150200
  8.000    1.378569    0.025780   -0.128552
 10.000    1.413600    0.039690   -0.104200
 12.000    1.253643    0.054890   -0.104062
 14.000    1.126176    0.074310   -0.105659
 16.000    1.046770    0.095601   -0.107426
 18.000    0.990388    0.119413   -0.109834
 20.000    0.949513    0.145629   -0.112846
 22.000    0.919310    0.174122   -0.116424
 24.000    0.896512    0.204752   -0.120530
 26.000    0.878825    0.237370   -0.125126
 28.000    0.864582    0.271816   -0.130176
 30.000    0.852539    0.307924   -0.135640
 32.000    0.841745    0.345517   -0.141482
 34.000    0.831464    0.384412   -0.147663
 36.000    0.821116    0.424418   -0.154146
 38.000    0.810240    0.465341   -0.160893
 40.000    0.798468    0.506981   -0.167866
 42.000    0.785509    0.549135   -0.175028
 44.000    0.771131    0.591598   -0.182341
 46.000    0.755153    0.634162   -0.189767
 48.000    0.737440    0.676620   -0.197269
 50.000    0.717890    0.718764   -0.204808
 52.000    0.696439    0.760389   -0.212347
 54.000    0.673049    0.801292   -0.219849
 56.000    0.647710    0.841274   -0.227275
 58.000    0.620435    0.880138   -0.234588
 60.000    0.591262    0.917696   -0.241750
 62.000    0.560245    0.953765   -0.248723
 64.000    0.527460    0.988168   -0.255470
 66.000    0.492997    1.020737   -0.261953
 68.000    0.456965    1.051313   -0.268135
 70.000    0.419486    1.079747   -0.273976
 72.000    0.380695    1.105901   -0.279440
 74.000    0.340740    1.129646   -0.284490
 76.000    0.299779    1.150866   -0.289086
 78.000    0.257980    1.169457   -0.293192
 80.000    0.215521    1.185330   -0.296770
 82.000    0.172587    1.198405   -0.299782
 84.000    0.129369    1.208619   -0.302190
 86.000    0.086064    1.215922   -0.303957
 88.000    0.042872    1.220277   -0.305045
 90.000    0.000000    1.221664   -0.305416
