Viterna extrapolated polar
 alpha from -90.0 to 90.0 deg
 BLEND_WIDTH = 6.000 deg

 alpha        Cl          Cd          Cm
 ------   ---------   ---------   ---------
-90.000   -0.000000    1.221664    0.305416
-88.000   -0.042631    1.222966    0.304917
-86.000   -0.085099    1.221296    0.303452
-84.000   -0.127196    1.216672    0.301068
-82.000   -0.168718    1.209127    0.297811
-80.000   -0.209465    1.198708    0.293730
-78.000   -0.249239    1.185476    0.288871
-76.000   -0.287849    1.169504    0.283281
-74.000   -0.325107    1.150882    0.277008
-72.000   -0.360836    1.129709    0.270098
-70.000   -0.394865    1.106098    0.262599
-68.000   -0.427030    1.080174    0.254558
-66.000   -0.457180    1.052073    0.246022
-64.000   -0.485171    1.021941    0.237039
-62.000   -0.510873    0.989935    0.227654
-60.000   -0.534166    0.956218    0.217916
-58.000   -0.554943    0.920965    0.207872
-56.000   -0.573109    0.884356    0.197568
-54.000   -0.588584    0.846577    0.187053
-52.000   -0.601302    0.807822    0.176372
-50.000   -0.611212    0.768287    0.165574
-48.000   -0.618276    0.728172    0.154704
-46.000   -0.622474    0.687681    0.143812
-44.000   -0.623801    0.647019    0.132942
-42.000   -0.622267    0.606390    0.122144
-40.000   -0.617902    0.566000    0.111463
-38.000   -0.610751    0.526052    0.100948
-36.000   -0.600878    0.486748    0.090644
-34.000   -0.588366    0.448284    0.080600
-32.000   -0.573318    0.410854    0.070862
-30.000   -0.555860    0.374646    0.061477
-28.000   -0.536142    0.339842    0.052494
-26.000   -0.514345    0.306616    0.043958
-24.000   -0.490684    0.275135    0.035917
-22.000   -0.465419    0.245555    0.028418
-20.000   -0.438873    0.218027    0.021508
-18.000   -0.411459    0.192686    0.015235
-16.000   -0.383729    0.169661    0.009645
-14.000   -0.356464    0.149065    0.004786
-12.000   -0.330862    0.131002    0.000705
-10.000   -0.308942    0.115563   -0.002552
 -8.000   -0.294558    0.102825   -0.004936
 -6.000   -0.300381    0.093604   -0.006631
 -4.000   -0.340500    0.085690   -0.006900
 -2.000   -0.128159    0.058147   -0.047244
  0.000    0.261100    0.031090   -0.108800
  2.000    0.470800    0.035730   -0.114100
  4.000    0.845500    0.037660   -0.141700
  6.000    1.255200    0.027690   -0.154400
  8.000    1.319800    0.033889   -0.121529
 10.000    1.418138    0.059266   -0.094631
 12.000    1.307197    0.089533   -0.092704
 14.000    1.204817    0.094844   -0.089067
 16.000    1.114513    0.115944   -0.090736
 18.000    1.049537    0.139540   -0.093126
 20.000    1.001685    0.165516   -0.096194
 22.000    0.965683    0.193743   -0.099900
 24.000    0.937975    0.224085   -0.104200
 26.000    0.916064    0.256390   -0.109054
 28.000    0.898139    0.290502   -0.114418
 30.000    0.882850    0.326252   -0.120252
 32.000    0.869170    0.363464   -0.126513
 34.000    0.856301    0.401956   -0.133159
 36.000    0.843617    0.441539   -0.140148
 38.000    0.830621    0.482017   -0.147439
 40.000    0.816916    0.523193   -0.154989
 42.000    0.802187    0.564862   -0.162757
 44.000    0.786184    0.606821   -0.170700
 46.000    0.768709    0.648863   -0.178778
 48.000    0.749614    0.690780   -0.186946
 50.000    0.728789    0.732367   -0.195165
 52.000    0.706159    0.773418   -0.203391
 54.000    0.681678    0.813731   -0.211584
 56.000    0.655332    0.853108   -0.219700
 58.000    0.627127    0.891353   -0.227699
 60.000    0.597095    0.928278   -0.235537
 62.000    0.565289    0.963700   -0.243174
 64.000    0.531780    0.997445   -0.250567
 66.000    0.496657    1.029344   -0.257674
 68.000    0.460024    1.059241   -0.264454
 70.000    0.422002    1.086985   -0.270864
 72.000    0.382724    1.112440   -0.276863
 74.000    0.342337    1.135479   -0.282408
 76.000    0.300997    1.155985   -0.287458
 78.000    0.258873    1.173857   -0.291971
 80.000    0.216140    1.189004   -0.295905
 82.000    0.172982    1.201350   -0.299217
 84.000    0.129591    1.210831   -0.301866
 86.000    0.086162    1.217398   -0.303810
 88.000    0.042897    1.221016   -0.305008
 90.000    0.000000    1.221664   -0.305416
