Viterna extrapolated polar
 alpha from -90.0 to 90.0 deg
 BLEND_WIDTH = 6.000 deg

 alpha        Cl          Cd          Cm
 ------   ---------   ---------   ---------
-90.000   -0.000000    1.221664    0.305416
-88.000   -0.042644    1.222725    0.304797
-86.000   -0.085151    1.220814    0.302981
-84.000   -0.127313    1.215950    0.300032
-82.000   -0.168927    1.208166    0.296015
-80.000   -0.209792    1.197509    0.290992
-78.000   -0.249710    1.184040    0.285029
-76.000   -0.288492    1.167833    0.278188
-74.000   -0.325950    1.148978    0.270533
-72.000   -0.361907    1.127574    0.262129
-70.000   -0.396192    1.103736    0.253039
-68.000   -0.428644    1.077587    0.243326
-66.000   -0.459110    1.049264    0.233056
-64.000   -0.487451    1.018914    0.222290
-62.000   -0.513534    0.986692    0.211094
-60.000   -0.537244    0.952765    0.199532
-58.000   -0.558473    0.917305    0.187666
-56.000   -0.577130    0.880494    0.175560
-54.000   -0.593137    0.842518    0.163280
-52.000   -0.606430    0.803570    0.150887
-50.000   -0.616962    0.763847    0.138447
-48.000   -0.624699    0.723550    0.126023
-46.000   -0.629625    0.682883    0.113678
-44.000   -0.631742    0.642050    0.101477
-42.000   -0.631066    0.601257    0.089484
-40.000   -0.627635    0.560709    0.077761
-38.000   -0.621504    0.520610    0.066374
-36.000   -0.612749    0.481160    0.055385
-34.000   -0.601469    0.442558    0.044859
-32.000   -0.587786    0.404997    0.034860
-30.000   -0.571851    0.368665    0.025450
-28.000   -0.553845    0.333744    0.016695
-26.000   -0.533991    0.300408    0.008658
-24.000   -0.512558    0.268825    0.001402
-22.000   -0.489883    0.239152   -0.005008
-20.000   -0.466396    0.211537   -0.010509
-18.000   -0.442663    0.186117   -0.015037
-16.000   -0.419467    0.163021   -0.018528
-14.000   -0.397952    0.142363   -0.020918
-12.000   -0.377258    0.131923   -0.021757
-10.000   -0.368721    0.111482   -0.023150
 -8.000   -0.360213    0.104963   -0.025743
 -6.000   -0.351622    0.097492   -0.028039
 -4.000   -0.177533    0.039070   -0.062367
 -2.000    0.211200    0.016290   -0.102200
  0.000    0.494600    0.012540   -0.117500
  2.000    0.721500    0.011530   -0.122200
  4.000    0.918975    0.012120   -0.116837
  6.000    1.130500    0.017403   -0.103171
  8.000    1.187900    0.031310   -0.085000
 10.000    1.029706    0.043470   -0.085358
 12.000    0.914304    0.060363   -0.086522
 14.000    0.849866    0.078993   -0.088368
 16.000    0.808752    0.100241   -0.090884
 18.000    0.782565    0.124003   -0.094035
 20.000    0.766204    0.150164   -0.097780
 22.000    0.756372    0.178597   -0.102081
 24.000    0.750828    0.209161   -0.106901
 26.000    0.747985    0.241707   -0.112200
 28.000    0.746679    0.276078   -0.117940
 30.000    0.746037    0.312104   -0.124084
 32.000    0.745385    0.349610   -0.130592
 34.000    0.744197    0.388413   -0.137426
 36.000    0.742055    0.428322   -0.144549
 38.000    0.738627    0.469144   -0.151920
 40.000    0.733649    0.510678   -0.159503
 42.000    0.726909    0.552722   -0.167258
 44.000    0.718242    0.595070   -0.175148
 46.000    0.707524    0.637514   -0.183134
 48.000    0.694662    0.679849   -0.191177
 50.000    0.679595    0.721866   -0.199239
 52.000    0.662287    0.763360   -0.207282
 54.000    0.642728    0.804129   -0.215268
 56.000    0.620929    0.843972   -0.223158
 58.000    0.596925    0.882696   -0.230913
 60.000    0.570766    0.920110   -0.238496
 62.000    0.542522    0.956031   -0.245868
 64.000    0.512279    0.990283   -0.252990
 66.000    0.480140    1.022700   -0.259824
 68.000    0.446219    1.053121   -0.266332
 70.000    0.410648    1.081398   -0.272476
 72.000    0.373566    1.107392   -0.278216
 74.000    0.335128    1.130976   -0.283516
 76.000    0.295496    1.152033   -0.288335
 78.000    0.254842    1.170461   -0.292636
 80.000    0.213347    1.186168   -0.296381
 82.000    0.171198    1.199076   -0.299532
 84.000    0.128589    1.209123   -0.302048
 86.000    0.085717    1.216258   -0.303894
 88.000    0.042786    1.220446   -0.305029
 90.000    0.000000    1.221664   -0.305416
