Viterna extrapolated polar
 alpha from -90.0 to 90.0 deg
 BLEND_WIDTH = 6.000 deg

 alpha        Cl          Cd          Cm
 ------   ---------   ---------   ---------
-90.000   -0.000000    1.221664    0.305416
-88.000   -0.042639    1.222861    0.304875
-86.000   -0.085130    1.221085    0.303286
-84.000   -0.127266    1.216356    0.300703
-82.000   -0.168844    1.208706    0.297176
-80.000   -0.209662    1.198183    0.292758
-78.000   -0.249523    1.184847    0.287502
-76.000   -0.288236    1.168772    0.281460
-74.000   -0.325615    1.150048    0.274683
-72.000   -0.361481    1.128774    0.267225
-70.000   -0.395664    1.105063    0.259136
-68.000   -0.428002    1.079041    0.250470
-66.000   -0.458343    1.050843    0.241279
-64.000   -0.486545    1.020615    0.231615
-62.000   -0.512476    0.988514    0.221529
-60.000   -0.536020    0.954705    0.211075
-58.000   -0.557069    0.919362    0.200305
-56.000   -0.575531    0.882664    0.189270
-54.000   -0.591327    0.844799    0.178023
-52.000   -0.604391    0.805959    0.166616
-50.000   -0.614676    0.766342    0.155102
-48.000   -0.622145    0.726147    0.143532
-46.000   -0.626782    0.685579    0.131959
-44.000   -0.628584    0.644842    0.120434
-42.000   -0.627568    0.604141    0.109011
-40.000   -0.623765    0.563682    0.097741
-38.000   -0.617229    0.523668    0.086677
-36.000   -0.608029    0.484300    0.075871
-34.000   -0.596259    0.445775    0.065374
-32.000   -0.582034    0.408288    0.055240
-30.000   -0.565493    0.372026    0.045520
-28.000   -0.546807    0.337170    0.036267
-26.000   -0.526180    0.303896    0.027533
-24.000   -0.503861    0.272370    0.019369
-22.000   -0.480157    0.242750    0.011829
-20.000   -0.455454    0.215183    0.004964
-18.000   -0.430257    0.189808   -0.001173
-16.000   -0.405258    0.166752   -0.006530
-14.000   -0.381458    0.146129   -0.011055
-12.000   -0.360417    0.128043   -0.014696
-10.000   -0.344811    0.112584   -0.017401
 -8.000   -0.339274    0.100404   -0.019366
 -6.000   -0.360148    0.091237   -0.019576
 -4.000   -0.302295    0.066937   -0.033917
 -2.000    0.089200    0.027970   -0.088800
  0.000    0.283200    0.023970   -0.089100
  2.000    0.506400    0.032510   -0.106100
  4.000    0.872965    0.037546   -0.130305
  6.000    1.188693    0.028102   -0.123358
  8.000    1.059236    0.039191   -0.107961
 10.000    0.899339    0.045954   -0.112463
 12.000    0.817316    0.061864   -0.113815
 14.000    0.767846    0.080481   -0.115754
 16.000    0.738099    0.101715   -0.118247
 18.000    0.720874    0.125462   -0.121262
 20.000    0.711790    0.151606   -0.124766
 22.000    0.708006    0.180019   -0.128728
 24.000    0.707583    0.210562   -0.133116
 26.000    0.709146    0.243086   -0.137896
 28.000    0.711681    0.277432   -0.143038
 30.000    0.714423    0.313433   -0.148507
 32.000    0.716782    0.350911   -0.154273
 34.000    0.718293    0.389685   -0.160304
 36.000    0.718587    0.429564   -0.166566
 38.000    0.717370    0.470353   -0.173027
 40.000    0.714408    0.511853   -0.179656
 42.000    0.709514    0.553862   -0.186419
 44.000    0.702543    0.596173   -0.193286
 46.000    0.693386    0.638580   -0.200223
 48.000    0.681964    0.680876   -0.207199
 50.000    0.668227    0.722852   -0.214180
 52.000    0.652149    0.764305   -0.221135
 54.000    0.633727    0.805031   -0.228032
 56.000    0.612980    0.844830   -0.234838
 58.000    0.589946    0.883509   -0.241521
 60.000    0.564682    0.920877   -0.248049
 62.000    0.537261    0.956751   -0.254390
 64.000    0.507773    0.990956   -0.260511
 66.000    0.476323    1.023324   -0.266379
 68.000    0.443029    1.053696   -0.271964
 70.000    0.408024    1.081923   -0.277232
 72.000    0.371450    1.107866   -0.282152
 74.000    0.333462    1.131399   -0.286691
 76.000    0.294225    1.152404   -0.290816
 78.000    0.253911    1.170780   -0.294496
 80.000    0.212702    1.186434   -0.297698
 82.000    0.170786    1.199290   -0.300391
 84.000    0.128357    1.209284   -0.302541
 86.000    0.085614    1.216365   -0.304117
 88.000    0.042760    1.220499   -0.305086
 90.000    0.000000    1.221664   -0.305416
