Viterna extrapolated polar
 alpha from -90.0 to 90.0 deg
 BLEND_WIDTH = 6.000 deg

 alpha        Cl          Cd          Cm
 ------   ---------   ---------   ---------
-90.000   -0.000000    1.221664    0.305416
-88.000   -0.042643    1.223059    0.304867
-86.000   -0.085145    1.221481    0.303256
-84.000   -0.127300    1.216949    0.300636
-82.000   -0.168904    1.209495    0.297061
-80.000   -0.209756    1.199167    0.292585
-78.000   -0.249658    1.186026    0.287262
-76.000   -0.288420    1.170144    0.281144
-74.000   -0.325856    1.151611    0.274285
-72.000   -0.361788    1.130526    0.266740
-70.000   -0.396045    1.107003    0.258561
-68.000   -0.428465    1.081165    0.249803
-66.000   -0.458897    1.053149    0.240518
-64.000   -0.487198    1.023101    0.230761
-62.000   -0.513240    0.991177    0.220586
-60.000   -0.536903    0.957541    0.210045
-58.000   -0.558082    0.922367    0.199192
-56.000   -0.576684    0.885835    0.188081
-54.000   -0.592632    0.848132    0.176766
-52.000   -0.605862    0.809450    0.165300
-50.000   -0.616325    0.769987    0.153738
-48.000   -0.623987    0.729942    0.142131
-46.000   -0.628833    0.689518    0.130534
-44.000   -0.630862    0.648921    0.119002
-42.000   -0.630091    0.608356    0.107586
-40.000   -0.626557    0.568026    0.096341
-38.000   -0.620313    0.528136    0.085321
-36.000   -0.611434    0.488887    0.074579
-34.000   -0.600017    0.450477    0.064169
-32.000   -0.586184    0.413097    0.054144
-30.000   -0.570080    0.376937    0.044558
-28.000   -0.551884    0.342177    0.035465
-26.000   -0.531815    0.308993    0.026917
-24.000   -0.510135    0.277551    0.018970
-22.000   -0.487173    0.248008    0.011676
-20.000   -0.463348    0.220512    0.005089
-18.000   -0.439207    0.195202   -0.000738
-16.000   -0.415508    0.172203   -0.005750
-14.000   -0.393356    0.151631   -0.009894
-12.000   -0.374487    0.133590   -0.013117
-10.000   -0.361888    0.118168   -0.015365
 -8.000   -0.356430    0.105873   -0.016752
 -6.000   -0.325894    0.087482   -0.030950
 -4.000   -0.113842    0.058203   -0.075103
 -2.000    0.309980    0.025816   -0.139380
  0.000    0.626500    0.013710   -0.160400
  2.000    0.932100    0.008950   -0.177100
  4.000    1.128200    0.011820   -0.170400
  6.000    1.304105    0.018579   -0.151772
  8.000    1.351605    0.026023   -0.137303
 10.000    1.145214    0.039186   -0.137655
 12.000    1.011566    0.055765   -0.138600
 14.000    0.932118    0.074432   -0.140065
 16.000    0.879605    0.095722   -0.142035
 18.000    0.844429    0.119533   -0.144482
 20.000    0.820771    0.145747   -0.147377
 22.000    0.804875    0.174238   -0.150690
 24.000    0.794195    0.204866   -0.154393
 26.000    0.786933    0.237482   -0.158457
 28.000    0.781776    0.271927   -0.162853
 30.000    0.777740    0.308033   -0.167552
 32.000    0.774070    0.345624   -0.172524
 34.000    0.770175    0.384516   -0.177741
 36.000    0.765590    0.424519   -0.183174
 38.000    0.759945    0.465440   -0.188793
 40.000    0.752944    0.507077   -0.194570
 42.000    0.744353    0.549229   -0.200476
 44.000    0.733986    0.591688   -0.206482
 46.000    0.721702    0.634249   -0.212558
 48.000    0.707396    0.676704   -0.218676
 50.000    0.690995    0.718845   -0.224806
 52.000    0.672453    0.760466   -0.230921
 54.000    0.651754    0.801366   -0.236990
 56.000    0.628901    0.841344   -0.242984
 58.000    0.603923    0.880205   -0.248876
 60.000    0.576867    0.917759   -0.254635
 62.000    0.547798    0.953824   -0.260232
 64.000    0.516798    0.988223   -0.265640
 66.000    0.483967    1.020788   -0.270828
 68.000    0.449418    1.051360   -0.275767
 70.000    0.413279    1.079790   -0.280429
 72.000    0.375688    1.105940   -0.284785
 74.000    0.336799    1.129680   -0.288806
 76.000    0.296771    1.150896   -0.292462
 78.000    0.255776    1.169483   -0.295725
 80.000    0.213994    1.185351   -0.298565
 82.000    0.171612    1.198422   -0.300954
 84.000    0.128821    1.208632   -0.302863
 86.000    0.085820    1.215931   -0.304262
 88.000    0.042812    1.220282   -0.305123
 90.000    0.000000    1.221664   -0.305416
