Viterna extrapolated polar
 alpha from -90.0 to 90.0 deg
 BLEND_WIDTH = 6.000 deg

 alpha        Cl          Cd          Cm
 ------   ---------   ---------   ---------
-90.000   -0.000000    1.221664    0.305416
-88.000   -0.042640    1.222631    0.304880
-86.000   -0.085135    1.220626    0.303305
-84.000   -0.127277    1.215669    0.300744
-82.000   -0.168862    1.207791    0.297248
-80.000   -0.209690    1.197041    0.292869
-78.000   -0.249564    1.183480    0.287657
-76.000   -0.288291    1.167182    0.281666
-74.000   -0.325688    1.148236    0.274946
-72.000   -0.361574    1.126742    0.267548
-70.000   -0.395779    1.102815    0.259526
-68.000   -0.428142    1.076578    0.250929
-66.000   -0.458510    1.048169    0.241810
-64.000   -0.486741    1.017734    0.232220
-62.000   -0.512706    0.985428    0.222211
-60.000   -0.536286    0.951419    0.211835
-58.000   -0.557374    0.915878    0.201143
-56.000   -0.575878    0.878988    0.190186
-54.000   -0.591720    0.840935    0.179016
-52.000   -0.604834    0.801912    0.167686
-50.000   -0.615172    0.762116    0.156245
-48.000   -0.622700    0.721749    0.144747
-46.000   -0.627400    0.681013    0.133242
-44.000   -0.629270    0.640114    0.121782
-42.000   -0.628328    0.599256    0.110419
-40.000   -0.624606    0.558647    0.099205
-38.000   -0.618157    0.518488    0.088190
-36.000   -0.609055    0.478982    0.077427
-34.000   -0.597391    0.440326    0.066966
-32.000   -0.583284    0.402714    0.056861
-30.000   -0.566875    0.366333    0.047161
-28.000   -0.548336    0.331367    0.037920
-26.000   -0.527877    0.297989    0.029188
-24.000   -0.505751    0.266365    0.021017
-22.000   -0.482270    0.236655    0.013458
-20.000   -0.457831    0.209007    0.006564
-18.000   -0.432953    0.183557    0.000385
-16.000   -0.408345    0.160433   -0.005026
-14.000   -0.385041    0.139751   -0.009618
-12.000   -0.364654    0.121613   -0.013340
-10.000   -0.349954    0.106110   -0.016139
 -8.000   -0.346104    0.093666   -0.018104
 -6.000   -0.364347    0.085473   -0.019155
 -4.000   -0.220096    0.049212   -0.059469
 -2.000    0.244100    0.018200   -0.116700
  0.000    0.533500    0.014350   -0.134300
  2.000    0.855000    0.012510   -0.145000
  4.000    1.013000    0.012450   -0.143300
  6.000    1.235077    0.017279   -0.124785
  8.000    1.143614    0.046413   -0.117790
 10.000    0.977096    0.038322   -0.118318
 12.000    0.881384    0.054283   -0.119563
 14.000    0.822026    0.072962   -0.121382
 16.000    0.784771    0.094266   -0.123746
 18.000    0.761626    0.118092   -0.126622
 20.000    0.747735    0.144324   -0.129979
 22.000    0.739956    0.172833   -0.133785
 24.000    0.736150    0.203482   -0.138010
 26.000    0.734802    0.236121   -0.142620
 28.000    0.734800    0.270590   -0.147585
 30.000    0.735307    0.306721   -0.152874
 32.000    0.735677    0.344339   -0.158454
 34.000    0.735404    0.383260   -0.164294
 36.000    0.734089    0.423294   -0.170363
 38.000    0.731412    0.464246   -0.176629
 40.000    0.727118    0.505917   -0.183060
 42.000    0.721004    0.548103   -0.189626
 44.000    0.712914    0.590598   -0.196294
 46.000    0.702725    0.633197   -0.203033
 48.000    0.690352    0.675690   -0.209811
 50.000    0.675736    0.717871   -0.216597
 52.000    0.658846    0.759534   -0.223360
 54.000    0.639673    0.800475   -0.230067
 56.000    0.618231    0.840497   -0.236688
 58.000    0.594556    0.879402   -0.243190
 60.000    0.568701    0.917002   -0.249543
 62.000    0.540736    0.953113   -0.255714
 64.000    0.510750    0.987559   -0.261673
 66.000    0.478844    1.020172   -0.267387
 68.000    0.445137    1.050793   -0.272825
 70.000    0.409757    1.079272   -0.277956
 72.000    0.372848    1.105471   -0.282748
 74.000    0.334563    1.129263   -0.287169
 76.000    0.295064    1.150530   -0.291188
 78.000    0.254526    1.169168   -0.294774
 80.000    0.213128    1.185088   -0.297894
 82.000    0.171058    1.198211   -0.300518
 84.000    0.128510    1.208474   -0.302614
 86.000    0.085682    1.215825   -0.304149
 88.000    0.042777    1.220229   -0.305094
 90.000    0.000000    1.221664   -0.305416
