Viterna extrapolated polar
 alpha from -90.0 to 90.0 deg
 BLEND_WIDTH = 6.000 deg

 alpha        Cl          Cd          Cm
 ------   ---------   ---------   ---------
-90.000   -0.000000    1.221664    0.305416
-88.000   -0.042642    1.222725    0.304854
-86.000   -0.085142    1.220815    0.303203
-84.000   -0.127294    1.215951    0.300519
-82.000   -0.168892    1.208167    0.296857
-80.000   -0.209737    1.197510    0.292271
-78.000   -0.249632    1.184041    0.286816
-76.000   -0.288384    1.167835    0.280548
-74.000   -0.325809    1.148979    0.273522
-72.000   -0.361728    1.127576    0.265791
-70.000   -0.395971    1.103738    0.257412
-68.000   -0.428375    1.077589    0.248439
-66.000   -0.458789    1.049266    0.238927
-64.000   -0.487071    1.018916    0.228931
-62.000   -0.513091    0.986695    0.218506
-60.000   -0.536731    0.952768    0.207706
-58.000   -0.557884    0.917308    0.196588
-56.000   -0.576460    0.880497    0.185205
-54.000   -0.592378    0.842521    0.173612
-52.000   -0.605575    0.803573    0.161865
-50.000   -0.616003    0.763851    0.150019
-48.000   -0.623628    0.723554    0.138128
-46.000   -0.628433    0.682887    0.126247
-44.000   -0.630418    0.642054    0.114431
-42.000   -0.629599    0.601261    0.102736
-40.000   -0.626013    0.560713    0.091215
-38.000   -0.619711    0.520614    0.079925
-36.000   -0.610770    0.481164    0.068920
-34.000   -0.599285    0.442562    0.058254
-32.000   -0.585375    0.405001    0.047983
-30.000   -0.569186    0.368670    0.038162
-28.000   -0.550895    0.333749    0.028846
-26.000   -0.530717    0.300413    0.020089
-24.000   -0.508912    0.268830    0.011947
-22.000   -0.485806    0.239157    0.004474
-20.000   -0.461809    0.211542   -0.002275
-18.000   -0.437463    0.186123   -0.008244
-16.000   -0.413510    0.163027   -0.013379
-14.000   -0.391037    0.142369   -0.017625
-12.000   -0.371745    0.124252   -0.020927
-10.000   -0.358559    0.108767   -0.023230
 -8.000   -0.359200    0.098431   -0.023394
 -6.000   -0.375790    0.084882   -0.026341
 -4.000   -0.017203    0.039076   -0.098387
 -2.000    0.365400    0.015250   -0.145100
  0.000    0.654900    0.010610   -0.161800
  2.000    0.906800    0.008700   -0.167200
  4.000    1.110903    0.010803   -0.160103
  6.000    1.268848    0.018484   -0.143170
  8.000    1.107697    0.027402   -0.140433
 10.000    0.930520    0.041798   -0.141146
 12.000    0.843008    0.057736   -0.142355
 14.000    0.789572    0.076387   -0.144057
 16.000    0.756814    0.097659   -0.146226
 18.000    0.737216    0.121449   -0.148833
 20.000    0.726204    0.147641   -0.151852
 22.000    0.720818    0.176106   -0.155256
 24.000    0.719039    0.206707   -0.159018
 26.000    0.719434    0.239293   -0.163109
 28.000    0.720952    0.273706   -0.167504
 30.000    0.722798    0.309778   -0.172174
 32.000    0.724359    0.347332   -0.177092
 34.000    0.725154    0.386186   -0.182232
 36.000    0.724803    0.426149   -0.187565
 38.000    0.723001    0.467028   -0.193066
 40.000    0.719504    0.508621   -0.198706
 42.000    0.714121    0.550726   -0.204458
 44.000    0.706702    0.593138   -0.210295
 46.000    0.697131    0.635649   -0.216191
 48.000    0.685328    0.678052   -0.222117
 50.000    0.671238    0.720140   -0.228046
 52.000    0.654834    0.761707   -0.233951
 54.000    0.636111    0.802550   -0.239806
 56.000    0.615086    0.842470   -0.245582
 58.000    0.591795    0.881272   -0.251252
 60.000    0.566293    0.918767   -0.256790
 62.000    0.538654    0.954770   -0.262168
 64.000    0.508966    0.989106   -0.267359
 66.000    0.477334    1.021607   -0.272335
 68.000    0.443874    1.052115   -0.277070
 70.000    0.408719    1.080479   -0.281536
 72.000    0.372011    1.106562   -0.285705
 74.000    0.333903    1.130236   -0.289552
 76.000    0.294561    1.151383   -0.293048
 78.000    0.254158    1.169902   -0.296166
 80.000    0.212873    1.185701   -0.298879
 82.000    0.170895    1.198703   -0.301160
 84.000    0.128419    1.208843   -0.302981
 86.000    0.085642    1.216071   -0.304316
 88.000    0.042767    1.220352   -0.305136
 90.000    0.000000    1.221664   -0.305416
