Viterna extrapolated polar
 alpha from -90.0 to 90.0 deg
 BLEND_WIDTH = 6.000 deg

 alpha        Cl          Cd          Cm
 ------   ---------   ---------   ---------
-90.000   -0.000000    1.221664    0.305416
-88.000   -0.042635    1.222505    0.304872
-86.000   -0.085114    1.220375    0.303275
-84.000   -0.127230    1.215292    0.300677
-82.000   -0.168780    1.207289    0.297130
-80.000   -0.209561    1.196415    0.292687
-78.000   -0.249377    1.182730    0.287400
-76.000   -0.288037    1.166309    0.281322
-74.000   -0.325354    1.147242    0.274504
-72.000   -0.361150    1.125628    0.266999
-70.000   -0.395254    1.101581    0.258860
-68.000   -0.427503    1.075227    0.250139
-66.000   -0.457746    1.046702    0.240888
-64.000   -0.485840    1.016152    0.231159
-62.000   -0.511654    0.983735    0.221005
-60.000   -0.535068    0.949616    0.210478
-58.000   -0.555978    0.913967    0.199631
-56.000   -0.574288    0.876971    0.188515
-54.000   -0.589919    0.838815    0.177184
-52.000   -0.602806    0.799692    0.165689
-50.000   -0.612898    0.759798    0.154083
-48.000   -0.620159    0.719336    0.142418
-46.000   -0.624571    0.678508    0.130746
-44.000   -0.626129    0.637519    0.119120
-42.000   -0.624847    0.596576    0.107593
-40.000   -0.620756    0.555884    0.096215
-38.000   -0.613904    0.515646    0.085041
-36.000   -0.604358    0.476064    0.074121
-34.000   -0.592207    0.437336    0.063510
-32.000   -0.577560    0.399655    0.053258
-30.000   -0.560548    0.363210    0.043418
-28.000   -0.541333    0.328182    0.034042
-26.000   -0.520105    0.294747    0.025183
-24.000   -0.497097    0.263071    0.016894
-22.000   -0.472591    0.233311    0.009226
-20.000   -0.446942    0.205618    0.002232
-18.000   -0.420608    0.180127   -0.004036
-16.000   -0.394207    0.156966   -0.009526
-14.000   -0.368628    0.136252   -0.014185
-12.000   -0.345246    0.118085   -0.017961
-10.000   -0.326398    0.102558   -0.020801
 -8.000   -0.316556    0.090138   -0.022703
 -6.000   -0.336366    0.083265   -0.021297
 -4.000   -0.275917    0.059602   -0.036452
 -2.000    0.031100    0.024880   -0.066100
  0.000    0.201200    0.022940   -0.064100
  2.000    0.482600    0.030590   -0.091300
  4.000    0.725400    0.037990   -0.108700
  6.000    0.972243    0.031057   -0.097086
  8.000    1.145169    0.040309   -0.060793
 10.000    1.151529    0.065474   -0.047623
 12.000    1.014995    0.077663   -0.049310
 14.000    0.935257    0.095835   -0.050963
 16.000    0.882310    0.116926   -0.053487
 18.000    0.846791    0.140512   -0.056799
 20.000    0.822854    0.166476   -0.060852
 22.000    0.806727    0.194691   -0.065599
 24.000    0.795851    0.225018   -0.070994
 26.000    0.788420    0.257309   -0.076988
 28.000    0.783116    0.291404   -0.083537
 30.000    0.778951    0.327136   -0.090591
 32.000    0.775165    0.364330   -0.098106
 34.000    0.771166    0.402803   -0.106034
 36.000    0.766488    0.442365   -0.114328
 38.000    0.760758    0.482822   -0.122941
 40.000    0.753681    0.523975   -0.131826
 42.000    0.745019    0.565621   -0.140937
 44.000    0.734587    0.607556   -0.150226
 46.000    0.722244    0.649572   -0.159648
 48.000    0.707882    0.691464   -0.169154
 50.000    0.691430    0.733024   -0.178698
 52.000    0.672841    0.774047   -0.188234
 54.000    0.652098    0.814332   -0.197714
 56.000    0.629206    0.853679   -0.207091
 58.000    0.604191    0.891894   -0.216319
 60.000    0.577100    0.928789   -0.225351
 62.000    0.547999    0.964180   -0.234140
 64.000    0.516970    0.997893   -0.242639
 66.000    0.484113    1.029760   -0.250801
 68.000    0.449540    1.059623   -0.258579
 70.000    0.413379    1.087335   -0.265927
 72.000    0.375769    1.112756   -0.272797
 74.000    0.336862    1.135760   -0.279143
 76.000    0.296819    1.156232   -0.284918
 78.000    0.255812    1.174070   -0.290075
 80.000    0.214019    1.189182   -0.294567
 82.000    0.171627    1.201492   -0.298348
 84.000    0.128830    1.210938   -0.301370
 86.000    0.085824    1.217469   -0.303587
 88.000    0.042813    1.221052   -0.304951
 90.000    0.000000    1.221664   -0.305416
