Viterna extrapolated polar
 alpha from -90.0 to 90.0 deg
 BLEND_WIDTH = 6.000 deg

 alpha        Cl          Cd          Cm
 ------   ---------   ---------   ---------
-90.000   -0.000000    1.221664    0.305416
-88.000   -0.042632    1.222438    0.304835
-86.000   -0.085102    1.220241    0.303131
-84.000   -0.127204    1.215091    0.300360
-82.000   -0.168733    1.207022    0.296579
-80.000   -0.209487    1.196081    0.291845
-78.000   -0.249271    1.182330    0.286214
-76.000   -0.287892    1.165844    0.279742
-74.000   -0.325164    1.146712    0.272488
-72.000   -0.360909    1.125034    0.264507
-70.000   -0.394954    1.100924    0.255856
-68.000   -0.427139    1.074507    0.246592
-66.000   -0.457310    1.045920    0.236772
-64.000   -0.485325    1.015310    0.226452
-62.000   -0.511053    0.982833    0.215689
-60.000   -0.534374    0.948654    0.204539
-58.000   -0.555181    0.912948    0.193060
-56.000   -0.573380    0.875896    0.181308
-54.000   -0.588891    0.837685    0.169340
-52.000   -0.601648    0.798508    0.157212
-50.000   -0.611600    0.758562    0.144982
-48.000   -0.618710    0.718049    0.132705
-46.000   -0.622957    0.677172    0.120439
-44.000   -0.624337    0.636136    0.108241
-42.000   -0.622861    0.595147    0.096166
-40.000   -0.618559    0.554411    0.084273
-38.000   -0.611477    0.514131    0.072616
-36.000   -0.601680    0.474509    0.061254
-34.000   -0.589251    0.435742    0.050243
-32.000   -0.574295    0.398025    0.039639
-30.000   -0.556940    0.361545    0.029500
-28.000   -0.537338    0.326485    0.019881
-26.000   -0.515672    0.293019    0.010841
-24.000   -0.492161    0.261314    0.002435
-22.000   -0.467070    0.231529   -0.005281
-20.000   -0.440731    0.203811   -0.012248
-18.000   -0.413566    0.178298   -0.018411
-16.000   -0.386142    0.155118   -0.023712
-14.000   -0.359265    0.134386   -0.028096
-12.000   -0.334175    0.116205   -0.031505
-10.000   -0.312962    0.100665   -0.033882
 -8.000   -0.308269    0.090682   -0.033831
 -6.000   -0.286112    0.075061   -0.037205
 -4.000   -0.214215    0.052777   -0.046106
 -2.000    0.078600    0.018930   -0.073200
  0.000    0.402000    0.016820   -0.099100
  2.000    0.671900    0.016340   -0.109500
  4.000    0.877100    0.015560   -0.104800
  6.000    1.064264    0.017498   -0.091882
  8.000    1.185426    0.023454   -0.067232
 10.000    1.043516    0.050899   -0.070475
 12.000    0.933522    0.059259   -0.070646
 14.000    0.866118    0.077898   -0.072541
 16.000    0.822752    0.099156   -0.075166
 18.000    0.794789    0.122930   -0.078479
 20.000    0.776986    0.149104   -0.082437
 22.000    0.765956    0.177550   -0.087000
 24.000    0.759397    0.208130   -0.092125
 26.000    0.755680    0.240693   -0.097772
 28.000    0.753614    0.275081   -0.103899
 30.000    0.752301    0.311127   -0.110465
 32.000    0.751053    0.348653   -0.117427
 34.000    0.749330    0.387477   -0.124745
 36.000    0.746705    0.427409   -0.132376
 38.000    0.742839    0.468255   -0.140280
 40.000    0.737461    0.509814   -0.148415
 42.000    0.730355    0.551883   -0.156739
 44.000    0.721353    0.594258   -0.165211
 46.000    0.710326    0.636730   -0.173790
 48.000    0.697178    0.679094   -0.182433
 50.000    0.681847    0.721141   -0.191100
 52.000    0.664295    0.762666   -0.199748
 54.000    0.644511    0.803466   -0.208337
 56.000    0.622505    0.843341   -0.216825
 58.000    0.598308    0.882098   -0.225170
 60.000    0.571971    0.919545   -0.233331
 62.000    0.543564    0.955501   -0.241266
 64.000    0.513172    0.989789   -0.248934
 66.000    0.480896    1.022241   -0.256293
 68.000    0.446851    1.052698   -0.263302
 70.000    0.411167    1.081012   -0.269919
 72.000    0.373986    1.107043   -0.276103
 74.000    0.335458    1.130665   -0.281813
 76.000    0.295748    1.151760   -0.287006
 78.000    0.255027    1.170226   -0.291641
 80.000    0.213475    1.185972   -0.295677
 82.000    0.171280    1.198919   -0.299072
 84.000    0.128635    1.209005   -0.301786
 86.000    0.085738    1.216180   -0.303775
 88.000    0.042791    1.220406   -0.304999
 90.000    0.000000    1.221664   -0.305416
