Viterna extrapolated polar
 alpha from -90.0 to 90.0 deg
 BLEND_WIDTH = 6.000 deg

 alpha        Cl          Cd          Cm
 ------   ---------   ---------   ---------
-90.000   -0.000000    1.221664    0.305416
-88.000   -0.042655    1.223961    0.304811
-86.000   -0.085195    1.223284    0.303037
-84.000   -0.127414    1.219651    0.300157
-82.000   -0.169106    1.213094    0.296235
-80.000   -0.210072    1.203657    0.291333
-78.000   -0.250115    1.191401    0.285514
-76.000   -0.289043    1.176399    0.278841
-74.000   -0.326673    1.158737    0.271377
-72.000   -0.362825    1.138516    0.263185
-70.000   -0.397331    1.115845    0.254329
-68.000   -0.430028    1.090850    0.244870
-66.000   -0.460767    1.063665    0.234872
-64.000   -0.489406    1.034435    0.224398
-62.000   -0.515818    1.003315    0.213511
-60.000   -0.539884    0.970468    0.202274
-58.000   -0.561502    0.936068    0.190750
-56.000   -0.580580    0.900293    0.179001
-54.000   -0.597043    0.863329    0.167091
-52.000   -0.610830    0.825368    0.155082
-50.000   -0.621895    0.786606    0.143039
-48.000   -0.630210    0.747242    0.131022
-46.000   -0.635761    0.707479    0.119096
-44.000   -0.638555    0.667520    0.107324
-42.000   -0.638615    0.627569    0.095768
-40.000   -0.635985    0.587832    0.084491
-38.000   -0.630729    0.548510    0.073557
-36.000   -0.622934    0.509804    0.063028
-34.000   -0.612712    0.471911    0.052968
-32.000   -0.600200    0.435023    0.043438
-30.000   -0.585572    0.399328    0.034503
-28.000   -0.569035    0.365006    0.026224
-26.000   -0.550847    0.332231    0.018666
-24.000   -0.531326    0.301170    0.011891
-22.000   -0.510875    0.271980    0.005962
-20.000   -0.490012    0.244808    0.000942
-18.000   -0.469437    0.219791   -0.003107
-16.000   -0.450131    0.197056   -0.006120
-14.000   -0.430982    0.176569   -0.008243
-12.000   -0.402795    0.157615   -0.011683
-10.000   -0.236073    0.093296   -0.043605
 -8.000   -0.173412    0.076642   -0.054496
 -6.000   -0.133924    0.066345   -0.060992
 -4.000   -0.094436    0.056047   -0.067488
 -2.000    0.266300    0.010750   -0.104900
  0.000    0.470700    0.007780   -0.104800
  2.000    0.684500    0.008420   -0.102500
  4.000    0.879900    0.010145   -0.099150
  6.000    1.084826    0.016355   -0.090377
  8.000    1.147178    0.024723   -0.079904
 10.000    0.983419    0.037894   -0.080376
 12.000    0.879972    0.054482   -0.081644
 14.000    0.820832    0.073159   -0.083609
 16.000    0.783742    0.094461   -0.086252
 18.000    0.760728    0.118285   -0.089534
 20.000    0.746943    0.144514   -0.093417
 22.000    0.739251    0.173022   -0.097862
 24.000    0.735520    0.203668   -0.102830
 26.000    0.734236    0.236303   -0.108281
 28.000    0.734290    0.270769   -0.114178
 30.000    0.734846    0.306897   -0.120481
 32.000    0.735260    0.344511   -0.127151
 34.000    0.735027    0.383428   -0.134149
 36.000    0.733748    0.423458   -0.141436
 38.000    0.731103    0.464406   -0.148974
 40.000    0.726838    0.506072   -0.156724
 42.000    0.720751    0.548254   -0.164646
 44.000    0.712685    0.590744   -0.172702
 46.000    0.702520    0.633338   -0.180853
 48.000    0.690167    0.675826   -0.189060
 50.000    0.675571    0.718001   -0.197284
 52.000    0.658698    0.759659   -0.205486
 54.000    0.639542    0.800595   -0.213627
 56.000    0.618116    0.840610   -0.221668
 58.000    0.594454    0.879509   -0.229571
 60.000    0.568612    0.917103   -0.237296
 62.000    0.540659    0.953208   -0.244805
 64.000    0.510684    0.987648   -0.252059
 66.000    0.478788    1.020254   -0.259018
 68.000    0.445090    1.050869   -0.265644
 70.000    0.409719    1.079342   -0.271898
 72.000    0.372817    1.105534   -0.277741
 74.000    0.334538    1.129319   -0.283135
 76.000    0.295046    1.150579   -0.288039
 78.000    0.254513    1.169211   -0.292416
 80.000    0.213119    1.185124   -0.296226
 82.000    0.171052    1.198240   -0.299431
 84.000    0.128507    1.208495   -0.301991
 86.000    0.085681    1.215839   -0.303868
 88.000    0.042777    1.220236   -0.305023
 90.000    0.000000    1.221664   -0.305416
