Viterna extrapolated polar
 alpha from -90.0 to 90.0 deg
 BLEND_WIDTH = 6.000 deg

 alpha        Cl          Cd          Cm
 ------   ---------   ---------   ---------
-90.000   -0.000000    1.221664    0.305416
-88.000   -0.042641    1.222910    0.304871
-86.000   -0.085139    1.221183    0.303272
-84.000   -0.127286    1.216503    0.300671
-82.000   -0.168879    1.208901    0.297123
-80.000   -0.209716    1.198426    0.292679
-78.000   -0.249602    1.185138    0.287392
-76.000   -0.288343    1.169112    0.281317
-74.000   -0.325755    1.150435    0.274506
-72.000   -0.361660    1.129207    0.267011
-70.000   -0.395886    1.105543    0.258887
-68.000   -0.428271    1.079566    0.250186
-66.000   -0.458665    1.051413    0.240960
-64.000   -0.486925    1.021230    0.231264
-62.000   -0.512920    0.989173    0.221151
-60.000   -0.536534    0.955407    0.210672
-58.000   -0.557658    0.920105    0.199882
-56.000   -0.576202    0.883449    0.188833
-54.000   -0.592086    0.845624    0.177579
-52.000   -0.605247    0.806823    0.166172
-50.000   -0.615635    0.767244    0.154666
-48.000   -0.623217    0.727086    0.143113
-46.000   -0.627975    0.686554    0.131567
-44.000   -0.629909    0.645852    0.120081
-42.000   -0.629036    0.605184    0.108707
-40.000   -0.625389    0.564757    0.097499
-38.000   -0.619023    0.524774    0.086510
-36.000   -0.610010    0.485435    0.075793
-34.000   -0.598446    0.446939    0.065401
-32.000   -0.584448    0.409478    0.055386
-30.000   -0.568161    0.373241    0.045803
-28.000   -0.549761    0.338410    0.036704
-26.000   -0.529458    0.305158    0.028142
-24.000   -0.507511    0.273653    0.020170
-22.000   -0.484239    0.244051    0.012841
-20.000   -0.460046    0.216502    0.006209
-18.000   -0.435464    0.191143    0.000326
-16.000   -0.411221    0.168101   -0.004755
-14.000   -0.388380    0.147491   -0.008980
-12.000   -0.368602    0.129416   -0.012296
-10.000   -0.354745    0.113966   -0.014652
 -8.000   -0.352040    0.103983   -0.017322
 -6.000   -0.367701    0.090827   -0.016425
 -4.000   -0.245750    0.055131   -0.040661
 -2.000    0.044800    0.025640   -0.071800
  0.000    0.224500    0.022910   -0.070100
  2.000    0.489600    0.030950   -0.095000
  4.000    0.750400    0.037630   -0.112800
  6.000    1.027050    0.031145   -0.107250
  8.000    1.195409    0.045904   -0.066291
 10.000    1.229965    0.069007   -0.051993
 12.000    1.086424    0.080449   -0.053179
 14.000    0.997199    0.097758   -0.054485
 16.000    0.935667    0.118831   -0.056886
 18.000    0.893380    0.142396   -0.060073
 20.000    0.863948    0.168338   -0.064000
 22.000    0.843253    0.196528   -0.068620
 24.000    0.828509    0.226828   -0.073887
 26.000    0.817751    0.259090   -0.079754
 28.000    0.809547    0.293154   -0.086174
 30.000    0.802826    0.328853   -0.093100
 32.000    0.796766    0.366011   -0.100487
 34.000    0.790729    0.404446   -0.108288
 36.000    0.784212    0.443968   -0.116455
 38.000    0.776812    0.484384   -0.124943
 40.000    0.768211    0.525493   -0.133704
 42.000    0.758155    0.567094   -0.142693
 44.000    0.746443    0.608981   -0.151862
 46.000    0.732921    0.650949   -0.161166
 48.000    0.717472    0.692790   -0.170556
 50.000    0.700015    0.734297   -0.179988
 52.000    0.680497    0.775267   -0.189413
 54.000    0.658895    0.815496   -0.198786
 56.000    0.635209    0.854787   -0.208060
 58.000    0.609461    0.892944   -0.217189
 60.000    0.581695    0.929779   -0.226125
 62.000    0.551972    0.965110   -0.234823
 64.000    0.520374    0.998761   -0.243235
 66.000    0.486995    1.030566   -0.251315
 68.000    0.451949    1.060366   -0.259016
 70.000    0.415360    1.088013   -0.266292
 72.000    0.377367    1.113368   -0.273097
 74.000    0.338120    1.136307   -0.279383
 76.000    0.297780    1.156712   -0.285104
 78.000    0.256515    1.174482   -0.290213
 80.000    0.214506    1.189526   -0.294664
 82.000    0.171939    1.201768   -0.298411
 84.000    0.129005    1.211145   -0.301406
 86.000    0.085902    1.217608   -0.303603
 88.000    0.042832    1.221121   -0.304955
 90.000    0.000000    1.221664   -0.305416
