Viterna extrapolated polar
 alpha from -90.0 to 90.0 deg
 BLEND_WIDTH = 6.000 deg

 alpha        Cl          Cd          Cm
 ------   ---------   ---------   ---------
-90.000   -0.000000    1.221664    0.305416
-88.000   -0.042633    1.223455    0.304932
-86.000   -0.085107    1.222272    0.303510
-84.000   -0.127215    1.218135    0.301196
-82.000   -0.168752    1.211075    0.298035
-80.000   -0.209517    1.201138    0.294074
-78.000   -0.249314    1.188385    0.289358
-76.000   -0.287951    1.172890    0.283933
-74.000   -0.325241    1.154739    0.277844
-72.000   -0.361007    1.134033    0.271138
-70.000   -0.395076    1.110884    0.263860
-68.000   -0.427287    1.085416    0.256056
-66.000   -0.457487    1.057765    0.247772
-64.000   -0.485534    1.028076    0.239053
-62.000   -0.511297    0.996505    0.229945
-60.000   -0.534656    0.963215    0.220494
-58.000   -0.555504    0.928381    0.210745
-56.000   -0.573749    0.892181    0.200745
-54.000   -0.589308    0.854803    0.190539
-52.000   -0.602118    0.816438    0.180173
-50.000   -0.612127    0.777282    0.169693
-48.000   -0.619298    0.737536    0.159144
-46.000   -0.623612    0.697402    0.148572
-44.000   -0.625064    0.657085    0.138023
-42.000   -0.623667    0.616790    0.127543
-40.000   -0.619451    0.576720    0.117177
-38.000   -0.612462    0.537080    0.106971
-36.000   -0.602767    0.498069    0.096971
-34.000   -0.590451    0.459885    0.087222
-32.000   -0.575620    0.422722    0.077771
-30.000   -0.558404    0.386766    0.068663
-28.000   -0.538959    0.352198    0.059944
-26.000   -0.517471    0.319194    0.051660
-24.000   -0.494164    0.287919    0.043856
-22.000   -0.469312    0.258531    0.036578
-20.000   -0.443252    0.231177    0.029872
-18.000   -0.416424    0.205995    0.023783
-16.000   -0.389416    0.183112    0.018358
-14.000   -0.363066    0.162643    0.013642
-12.000   -0.338669    0.144691    0.009681
-10.000   -0.318416    0.129345    0.006520
 -8.000   -0.306511    0.116683    0.004206
 -6.000   -0.311014    0.107272    0.001971
 -4.000   -0.364700    0.099650    0.002300
 -2.000   -0.218144    0.053147   -0.058533
  0.000    0.175100    0.043910   -0.100600
  2.000    0.482600    0.041760   -0.113600
  4.000    0.862500    0.036860   -0.130000
  6.000    1.200000    0.034970   -0.139300
  8.000    1.378991    0.042756   -0.128470
 10.000    1.452979    0.055764   -0.103900
 12.000    1.292329    0.078605   -0.100587
 14.000    1.197331    0.085610   -0.098276
 16.000    1.108063    0.106796   -0.099953
 18.000    1.043906    0.130489   -0.102312
 20.000    0.996718    0.156573   -0.105313
 22.000    0.961269    0.184920   -0.108916
 24.000    0.934028    0.215391   -0.113081
 26.000    0.912519    0.247837   -0.117768
 28.000    0.894944    0.282099   -0.122938
 30.000    0.879964    0.318010   -0.128551
 32.000    0.866559    0.355394   -0.134567
 34.000    0.853937    0.394067   -0.140946
 36.000    0.841475    0.433840   -0.147648
 38.000    0.828681    0.474518   -0.154634
 40.000    0.815160    0.515902   -0.161863
 42.000    0.800599    0.557790   -0.169297
 44.000    0.784750    0.599975   -0.176895
 46.000    0.767419    0.642252   -0.184617
 48.000    0.748455    0.684412   -0.192424
 50.000    0.727752    0.726250   -0.200275
 52.000    0.705233    0.767559   -0.208132
 54.000    0.680857    0.808137   -0.215954
 56.000    0.654606    0.847786   -0.223701
 58.000    0.626490    0.886310   -0.231333
 60.000    0.596540    0.923519   -0.238812
 62.000    0.564809    0.959232   -0.246096
 64.000    0.531369    0.993273   -0.253147
 66.000    0.496308    1.025474   -0.259924
 68.000    0.459733    1.055676   -0.266387
 70.000    0.421762    1.083731   -0.272497
 72.000    0.382531    1.109500   -0.278215
 74.000    0.342185    1.132856   -0.283499
 76.000    0.300881    1.153683   -0.288311
 78.000    0.258788    1.171879   -0.292610
 80.000    0.216081    1.187352   -0.296357
 82.000    0.172945    1.200026   -0.299512
 84.000    0.129570    1.209836   -0.302035
 86.000    0.086153    1.216734   -0.303887
 88.000    0.042895    1.220684   -0.305027
 90.000    0.000000    1.221664   -0.305416
