Viterna extrapolated polar
 alpha from -90.0 to 90.0 deg
 BLEND_WIDTH = 6.000 deg

 alpha        Cl          Cd          Cm
 ------   ---------   ---------   ---------
-90.000   -0.000000    1.221664    0.305416
-88.000   -0.042650    1.222937    0.304809
-86.000   -0.085175    1.221238    0.303028
-84.000   -0.127367    1.216585    0.300137
-82.000   -0.169023    1.209011    0.296197
-80.000   -0.209942    1.198563    0.291272
-78.000   -0.249927    1.185302    0.285422
-76.000   -0.288788    1.169302    0.278711
-74.000   -0.326338    1.150652    0.271202
-72.000   -0.362399    1.129451    0.262955
-70.000   -0.396803    1.105812    0.254035
-68.000   -0.429386    1.079861    0.244502
-66.000   -0.459999    1.051734    0.234420
-64.000   -0.488500    1.021575    0.223851
-62.000   -0.514759    0.989543    0.212857
-60.000   -0.538660    0.955801    0.201500
-58.000   -0.560097    0.920523    0.189844
-56.000   -0.578980    0.883889    0.177949
-54.000   -0.595232    0.846086    0.165880
-52.000   -0.608790    0.807308    0.153697
-50.000   -0.619608    0.767750    0.141463
-48.000   -0.627655    0.727613    0.129242
-46.000   -0.632917    0.687101    0.117094
-44.000   -0.635396    0.646418    0.105083
-42.000   -0.635115    0.605769    0.093270
-40.000   -0.632114    0.565360    0.081719
-38.000   -0.626452    0.525394    0.070491
-36.000   -0.618212    0.486072    0.059649
-34.000   -0.607499    0.447591    0.049255
-32.000   -0.594445    0.410146    0.039371
-30.000   -0.579210    0.373923    0.030061
-28.000   -0.561993    0.339105    0.021386
-26.000   -0.543032    0.305866    0.013409
-24.000   -0.522625    0.274372    0.006191
-22.000   -0.501143    0.244781   -0.000204
-20.000   -0.479063    0.217242   -0.005714
-18.000   -0.457024    0.191892   -0.010278
-16.000   -0.435914    0.168858   -0.013831
-14.000   -0.417045    0.148255   -0.016313
-12.000   -0.401800    0.135402   -0.017587
-10.000   -0.393445    0.116141   -0.018597
 -8.000   -0.379680    0.107613   -0.021621
 -6.000   -0.366795    0.098494   -0.024360
 -4.000   -0.173600    0.039855   -0.058400
 -2.000    0.201900    0.015740   -0.098100
  0.000    0.483400    0.012140   -0.112900
  2.000    0.713200    0.011520   -0.115200
  4.000    0.895300    0.012040   -0.109800
  6.000    1.123554    0.017335   -0.096341
  8.000    1.126089    0.027234   -0.085415
 10.000    0.955988    0.041138   -0.085982
 12.000    0.860620    0.057393   -0.087292
 14.000    0.804467    0.076047   -0.089282
 16.000    0.769645    0.097322   -0.091925
 18.000    0.748418    0.121116   -0.095185
 20.000    0.736085    0.147311   -0.099022
 22.000    0.729601    0.175782   -0.103400
 24.000    0.726892    0.206387   -0.108282
 26.000    0.726487    0.238979   -0.113629
 28.000    0.727307    0.273397   -0.119403
 30.000    0.728538    0.309475   -0.125568
 32.000    0.729553    0.347035   -0.132086
 34.000    0.729859    0.385896   -0.138919
 36.000    0.729065    0.425866   -0.146029
 38.000    0.726861    0.466751   -0.153378
 40.000    0.722999    0.508352   -0.160930
 42.000    0.717280    0.550466   -0.168647
 44.000    0.709553    0.592886   -0.176491
 46.000    0.699699    0.635405   -0.184424
 48.000    0.687634    0.677817   -0.192408
 50.000    0.673303    0.719914   -0.200407
 52.000    0.656675    0.761491   -0.208382
 54.000    0.637746    0.802344   -0.216296
 56.000    0.616529    0.842275   -0.224112
 58.000    0.593062    0.881087   -0.231791
 60.000    0.567398    0.918591   -0.239296
 62.000    0.539610    0.954605   -0.246589
 64.000    0.509785    0.988952   -0.253633
 66.000    0.478027    1.021465   -0.260391
 68.000    0.444454    1.051984   -0.266824
 70.000    0.409195    1.080360   -0.272895
 72.000    0.372395    1.106454   -0.278566
 74.000    0.334206    1.130139   -0.283800
 76.000    0.294792    1.151299   -0.288559
 78.000    0.254327    1.169829   -0.292806
 80.000    0.212990    1.185640   -0.296502
 82.000    0.170970    1.198654   -0.299611
 84.000    0.128461    1.208806   -0.302094
 86.000    0.085660    1.216047   -0.303915
 88.000    0.042772    1.220340   -0.305034
 90.000    0.000000    1.221664   -0.305416
