Viterna extrapolated polar
 alpha from -90.0 to 90.0 deg
 BLEND_WIDTH = 6.000 deg

 alpha        Cl          Cd          Cm
 ------   ---------   ---------   ---------
-90.000   -0.000000    1.221664    0.305416
-88.000   -0.042641    1.222749    0.304876
-86.000   -0.085136    1.220862    0.303293
-84.000   -0.127279    1.216022    0.300717
-82.000   -0.168867    1.208261    0.297201
-80.000   -0.209698    1.197628    0.292798
-78.000   -0.249575    1.184182    0.287561
-76.000   -0.288307    1.167999    0.281541
-74.000   -0.325708    1.149167    0.274791
-72.000   -0.361600    1.127786    0.267364
-70.000   -0.395812    1.103970    0.259311
-68.000   -0.428181    1.077844    0.250685
-66.000   -0.458557    1.049543    0.241539
-64.000   -0.486798    1.019214    0.231924
-62.000   -0.512772    0.987014    0.221894
-60.000   -0.536362    0.953108    0.211500
-58.000   -0.557461    0.917668    0.200795
-56.000   -0.575978    0.880877    0.189832
-54.000   -0.591832    0.842921    0.178663
-52.000   -0.604961    0.803992    0.167339
-50.000   -0.615314    0.764288    0.155914
-48.000   -0.622858    0.724009    0.144440
-46.000   -0.627576    0.683359    0.132970
-44.000   -0.629466    0.642543    0.121555
-42.000   -0.628545    0.601767    0.110248
-40.000   -0.624846    0.561234    0.099101
-38.000   -0.618423    0.521150    0.088167
-36.000   -0.609347    0.481715    0.077499
-34.000   -0.597714    0.443126    0.067148
-32.000   -0.583640    0.405578    0.057166
-30.000   -0.567269    0.369259    0.047608
-28.000   -0.548773    0.334349    0.038523
-26.000   -0.528362    0.301025    0.029966
-24.000   -0.506290    0.269451    0.021989
-22.000   -0.482873    0.239787    0.014643
-20.000   -0.458510    0.212181    0.007981
-18.000   -0.433722    0.186769    0.002057
-16.000   -0.409226    0.163680   -0.003079
-14.000   -0.386064    0.143029   -0.007374
-12.000   -0.365864    0.124917   -0.010775
-10.000   -0.351422    0.109437   -0.013230
 -8.000   -0.345914    0.098133   -0.015865
 -6.000   -0.364964    0.086528   -0.015269
 -4.000   -0.265665    0.055054   -0.036569
 -2.000    0.029600    0.025000   -0.066000
  0.000    0.199600    0.023020   -0.064000
  2.000    0.483500    0.030670   -0.091500
  4.000    0.727300    0.037830   -0.108100
  6.000    0.987870    0.031483   -0.099339
  8.000    1.148391    0.037602   -0.061413
 10.000    1.058707    0.057826   -0.054985
 12.000    0.943840    0.066942   -0.056147
 14.000    0.874844    0.085518   -0.058070
 16.000    0.830268    0.106706   -0.060776
 18.000    0.801352    0.130400   -0.064222
 20.000    0.782775    0.156484   -0.068361
 22.000    0.771101    0.184832   -0.073151
 24.000    0.763998    0.215305   -0.078546
 26.000    0.759812    0.247752   -0.084503
 28.000    0.757337    0.282016   -0.090976
 30.000    0.755665    0.317929   -0.097921
 32.000    0.754096    0.355314   -0.105294
 34.000    0.752086    0.393989   -0.113050
 36.000    0.749202    0.433764   -0.121145
 38.000    0.745101    0.474444   -0.129535
 40.000    0.739508    0.515830   -0.138175
 42.000    0.732206    0.557720   -0.147020
 44.000    0.723023    0.599908   -0.156026
 46.000    0.711830    0.642186   -0.165149
 48.000    0.698529    0.684349   -0.174344
 50.000    0.683057    0.726189   -0.183567
 52.000    0.665374    0.767501   -0.192773
 54.000    0.645469    0.808082   -0.201918
 56.000    0.623350    0.847733   -0.210958
 58.000    0.599050    0.886260   -0.219848
 60.000    0.572619    0.923472   -0.228543
 62.000    0.544124    0.959188   -0.236999
 64.000    0.513651    0.993232   -0.245172
 66.000    0.481302    1.025435   -0.253017
 68.000    0.447191    1.055640   -0.260490
 70.000    0.411447    1.083698   -0.267547
 72.000    0.374211    1.109471   -0.274142
 74.000    0.335635    1.132830   -0.280231
 76.000    0.295883    1.153660   -0.285771
 78.000    0.255126    1.171859   -0.290716
 80.000    0.213544    1.187336   -0.295023
 82.000    0.171324    1.200013   -0.298646
 84.000    0.128659    1.209826   -0.301541
 86.000    0.085749    1.216728   -0.303664
 88.000    0.042794    1.220681   -0.304971
 90.000    0.000000    1.221664   -0.305416
