Viterna extrapolated polar
 alpha from -90.0 to 90.0 deg
 BLEND_WIDTH = 6.000 deg

 alpha        Cl          Cd          Cm
 ------   ---------   ---------   ---------
-90.000   -0.000000    1.221664    0.305416
-88.000   -0.042638    1.222640    0.304882
-86.000   -0.085125    1.220643    0.303314
-84.000   -0.127256    1.215694    0.300763
-82.000   -0.168825    1.207825    0.297281
-80.000   -0.209632    1.197083    0.292919
-78.000   -0.249480    1.183530    0.287729
-76.000   -0.288178    1.167240    0.281761
-74.000   -0.325539    1.148302    0.275068
-72.000   -0.361384    1.126817    0.267700
-70.000   -0.395544    1.102897    0.259710
-68.000   -0.427856    1.076669    0.251147
-66.000   -0.458168    1.048267    0.242065
-64.000   -0.486338    1.017839    0.232514
-62.000   -0.512235    0.985542    0.222545
-60.000   -0.535741    0.951539    0.212210
-58.000   -0.556749    0.916006    0.201561
-56.000   -0.575167    0.879123    0.190648
-54.000   -0.590914    0.841077    0.179523
-52.000   -0.603927    0.802061    0.168238
-50.000   -0.614155    0.762271    0.156843
-48.000   -0.621564    0.721910    0.145391
-46.000   -0.626135    0.681180    0.133932
-44.000   -0.627865    0.640287    0.122519
-42.000   -0.626771    0.599436    0.111201
-40.000   -0.622884    0.558831    0.100031
-38.000   -0.616255    0.518678    0.089061
-36.000   -0.606954    0.479177    0.078341
-34.000   -0.595073    0.440526    0.067922
-32.000   -0.580724    0.402918    0.057857
-30.000   -0.564045    0.366542    0.048197
-28.000   -0.545204    0.331580    0.038992
-26.000   -0.524401    0.298205    0.030295
-24.000   -0.501880    0.266586    0.022157
-22.000   -0.477941    0.236879    0.014629
-20.000   -0.452961    0.209233    0.007762
-18.000   -0.427432    0.183786    0.001608
-16.000   -0.402022    0.160665   -0.003781
-14.000   -0.377700    0.139985   -0.008355
-12.000   -0.355974    0.121849   -0.012062
-10.000   -0.339419    0.106348   -0.014850
 -8.000   -0.333027    0.093961   -0.016803
 -6.000   -0.354303    0.085690   -0.016839
 -4.000   -0.296807    0.061653   -0.031422
 -2.000    0.035100    0.025000   -0.067400
  0.000    0.206800    0.022920   -0.065500
  2.000    0.482600    0.030620   -0.091800
  4.000    0.749500    0.036770   -0.108300
  6.000    1.032953    0.030306   -0.102374
  8.000    1.157453    0.041937   -0.063400
 10.000    1.078486    0.070994   -0.059289
 12.000    0.971253    0.076382   -0.059156
 14.000    0.898026    0.094883   -0.060966
 16.000    0.850238    0.115983   -0.063558
 18.000    0.818788    0.139578   -0.066890
 20.000    0.798155    0.165554   -0.070917
 22.000    0.784772    0.193781   -0.075593
 24.000    0.776221    0.224121   -0.080876
 26.000    0.770790    0.256427   -0.086721
 28.000    0.767230    0.290538   -0.093083
 30.000    0.764600    0.326287   -0.099919
 32.000    0.762181    0.363498   -0.107184
 34.000    0.759408    0.401990   -0.114833
 36.000    0.755835    0.441571   -0.122823
 38.000    0.751109    0.482049   -0.131108
 40.000    0.744947    0.523223   -0.139646
 42.000    0.737123    0.564892   -0.148391
 44.000    0.727461    0.606850   -0.157300
 46.000    0.715826    0.648891   -0.166328
 48.000    0.702118    0.690807   -0.175430
 50.000    0.686270    0.732393   -0.184563
 52.000    0.668239    0.773443   -0.193682
 54.000    0.648013    0.813755   -0.202742
 56.000    0.625597    0.853130   -0.211701
 58.000    0.601023    0.891374   -0.220512
 60.000    0.574338    0.928298   -0.229133
 62.000    0.545611    0.963719   -0.237519
 64.000    0.514925    0.997462   -0.245625
 66.000    0.482381    1.029361   -0.253407
 68.000    0.448092    1.059256   -0.260821
 70.000    0.412188    1.086999   -0.267822
 72.000    0.374809    1.112453   -0.274367
 74.000    0.336106    1.135490   -0.280411
 76.000    0.296242    1.155995   -0.285910
 78.000    0.255389    1.173866   -0.290820
 80.000    0.213726    1.189011   -0.295095
 82.000    0.171440    1.201356   -0.298693
 84.000    0.128725    1.210835   -0.301568
 86.000    0.085778    1.217401   -0.303676
 88.000    0.042801    1.221017   -0.304974
 90.000    0.000000    1.221664   -0.305416
