Viterna extrapolated polar
 alpha from -90.0 to 90.0 deg
 BLEND_WIDTH = 6.000 deg

 alpha        Cl          Cd          Cm
 ------   ---------   ---------   ---------
-90.000   -0.000000    1.221664    0.305416
-88.000   -0.042631    1.222950    0.304914
-86.000   -0.085098    1.221263    0.303441
-84.000   -0.127194    1.216623    0.301043
-82.000   -0.168716    1.209062    0.297767
-80.000   -0.209461    1.198626    0.293662
-78.000   -0.249233    1.185378    0.288775
-76.000   -0.287840    1.169390    0.283153
-74.000   -0.325096    1.150752    0.276844
-72.000   -0.360822    1.129563    0.269894
-70.000   -0.394846    1.105937    0.262352
-68.000   -0.427008    1.079998    0.254265
-66.000   -0.457153    1.051882    0.245680
-64.000   -0.485140    1.021735    0.236645
-62.000   -0.510837    0.989714    0.227206
-60.000   -0.534124    0.955983    0.217412
-58.000   -0.554894    0.920716    0.207310
-56.000   -0.573053    0.884092    0.196947
-54.000   -0.588521    0.846300    0.186371
-52.000   -0.601231    0.807532    0.175628
-50.000   -0.611132    0.767984    0.164768
-48.000   -0.618187    0.727857    0.153836
-46.000   -0.622375    0.687354    0.142880
-44.000   -0.623691    0.646680    0.131948
-42.000   -0.622146    0.606040    0.121088
-40.000   -0.617768    0.565639    0.110345
-38.000   -0.610603    0.525681    0.099769
-36.000   -0.600714    0.486366    0.089406
-34.000   -0.588185    0.447893    0.079304
-32.000   -0.573118    0.410455    0.069510
-30.000   -0.555639    0.374238    0.060072
-28.000   -0.535898    0.339426    0.051036
-26.000   -0.514074    0.306193    0.042451
-24.000   -0.490382    0.274704    0.034364
-22.000   -0.465081    0.245119    0.026822
-20.000   -0.438493    0.217584    0.019872
-18.000   -0.411028    0.192238    0.013563
-16.000   -0.383235    0.169208    0.007941
-14.000   -0.355891    0.148608    0.003054
-12.000   -0.330185    0.130542   -0.001051
-10.000   -0.308119    0.115099   -0.004326
 -8.000   -0.293521    0.102358   -0.006725
 -6.000   -0.298921    0.093118   -0.008272
 -4.000   -0.338400    0.085220   -0.008700
 -2.000   -0.138078    0.058586   -0.048885
  0.000    0.243900    0.033510   -0.103500
  2.000    0.462500    0.034880   -0.112000
  4.000    0.867200    0.037430   -0.144300
  6.000    1.242500    0.026610   -0.151900
  8.000    1.331080    0.036800   -0.117814
 10.000    1.443242    0.061034   -0.101341
 12.000    1.258253    0.074826   -0.102324
 14.000    1.143383    0.090189   -0.102560
 16.000    1.061592    0.111333   -0.104428
 18.000    1.003330    0.134978   -0.106940
 20.000    0.960929    0.161008   -0.110057
 22.000    0.929456    0.189296   -0.113742
 24.000    0.905584    0.219702   -0.117956
 26.000    0.886973    0.252079   -0.122661
 28.000    0.871925    0.286266   -0.127820
 30.000    0.859171    0.322097   -0.133395
 32.000    0.847746    0.359396   -0.139347
 34.000    0.836899    0.397979   -0.145639
 36.000    0.826039    0.437658   -0.152232
 38.000    0.814699    0.478237   -0.159088
 40.000    0.802505    0.519518   -0.166171
 42.000    0.789158    0.561297   -0.173441
 44.000    0.774424    0.603370   -0.180860
 46.000    0.758119    0.645530   -0.188391
 48.000    0.740104    0.687570   -0.195996
 50.000    0.720275    0.729283   -0.203636
 52.000    0.698566    0.770465   -0.211274
 54.000    0.674937    0.810911   -0.218871
 56.000    0.649377    0.850425   -0.226390
 58.000    0.621900    0.888811   -0.233793
 60.000    0.592538    0.925879   -0.241042
 62.000    0.561349    0.961448   -0.248098
 64.000    0.528405    0.995342   -0.254924
 66.000    0.493798    1.027393   -0.261481
 68.000    0.457635    1.057444   -0.267732
 70.000    0.420037    1.085345   -0.273639
 72.000    0.381139    1.110958   -0.279164
 74.000    0.341089    1.134156   -0.284269
 76.000    0.300045    1.154825   -0.288915
 78.000    0.258175    1.172860   -0.293065
 80.000    0.215657    1.188171   -0.296680
 82.000    0.172674    1.200682   -0.299724
 84.000    0.129417    1.210330   -0.302157
 86.000    0.086085    1.217063   -0.303942
 88.000    0.042878    1.220849   -0.305041
 90.000    0.000000    1.221664   -0.305416
