Viterna extrapolated polar
 alpha from -90.0 to 90.0 deg
 BLEND_WIDTH = 6.000 deg

 alpha        Cl          Cd          Cm
 ------   ---------   ---------   ---------
-90.000   -0.000000    1.221664    0.305416
-88.000   -0.042639    1.223222    0.304904
-86.000   -0.085128    1.221808    0.303402
-84.000   -0.127262    1.217439    0.300957
-82.000   -0.168837    1.210148    0.297620
-80.000   -0.209650    1.199981    0.293438
-78.000   -0.249506    1.187000    0.288462
-76.000   -0.288213    1.171278    0.282739
-74.000   -0.325585    1.152903    0.276319
-72.000   -0.361443    1.131974    0.269250
-70.000   -0.395617    1.108606    0.261582
-68.000   -0.427945    1.082921    0.253364
-66.000   -0.458274    1.055055    0.244644
-64.000   -0.486463    1.025156    0.235472
-62.000   -0.512382    0.993377    0.225896
-60.000   -0.535910    0.959884    0.215965
-58.000   -0.556944    0.924851    0.205728
-56.000   -0.575388    0.888456    0.195234
-54.000   -0.591165    0.850887    0.184533
-52.000   -0.604209    0.812336    0.173672
-50.000   -0.614471    0.773000    0.162702
-48.000   -0.621917    0.733078    0.151670
-46.000   -0.626528    0.692774    0.140626
-44.000   -0.628302    0.652293    0.129618
-42.000   -0.627255    0.611839    0.118697
-40.000   -0.623419    0.571617    0.107909
-38.000   -0.616846    0.531830    0.097306
-36.000   -0.607607    0.492679    0.086935
-34.000   -0.595793    0.454362    0.076845
-32.000   -0.581519    0.417072    0.067085
-30.000   -0.564924    0.380996    0.057705
-28.000   -0.546177    0.346316    0.048752
-26.000   -0.525481    0.313206    0.040277
-24.000   -0.503083    0.281833    0.032328
-22.000   -0.479286    0.252354    0.024954
-20.000   -0.454474    0.224917    0.018203
-18.000   -0.429147    0.199659    0.012126
-16.000   -0.403986    0.176709    0.006770
-14.000   -0.379981    0.156179    0.002185
-12.000   -0.358670    0.138174   -0.001581
-10.000   -0.342691    0.122784   -0.004478
 -8.000   -0.337136    0.110085   -0.006458
 -6.000   -0.349286    0.101649   -0.008399
 -4.000   -0.338109    0.086897   -0.020267
 -2.000    0.130300    0.028440   -0.115900
  0.000    0.456300    0.025310   -0.134700
  2.000    0.793500    0.017850   -0.147900
  4.000    1.092900    0.017390   -0.158000
  6.000    1.265100    0.021300   -0.147100
  8.000    1.355300    0.025150   -0.124600
 10.000    1.472865    0.031044   -0.102462
 12.000    1.477947    0.043959   -0.087785
 14.000    1.323236    0.063089   -0.088844
 16.000    1.212406    0.084027   -0.090548
 18.000    1.135012    0.107962   -0.092627
 20.000    1.077078    0.134315   -0.095419
 22.000    1.032697    0.162958   -0.098881
 24.000    0.997893    0.193752   -0.102971
 26.000    0.969877    0.226548   -0.107644
 28.000    0.946631    0.261185   -0.112856
 30.000    0.926653    0.297497   -0.118566
 32.000    0.908802    0.335306   -0.124729
 34.000    0.892193    0.374430   -0.131301
 36.000    0.876134    0.414677   -0.138240
 38.000    0.860074    0.455853   -0.145502
 40.000    0.843576    0.497758   -0.153043
 42.000    0.826289    0.540188   -0.160821
 44.000    0.807936    0.582937   -0.168791
 46.000    0.788298    0.625798   -0.176911
 48.000    0.767208    0.668563   -0.185136
 50.000    0.744540    0.711024   -0.193424
 52.000    0.720205    0.752976   -0.201730
 54.000    0.694149    0.794215   -0.210013
 56.000    0.666346    0.834541   -0.218227
 58.000    0.636796    0.873758   -0.226330
 60.000    0.605525    0.911676   -0.234279
 62.000    0.572579    0.948112   -0.242029
 64.000    0.538024    0.982890   -0.249538
 66.000    0.501945    1.015839   -0.256762
 68.000    0.464443    1.046803   -0.263657
 70.000    0.425637    1.075629   -0.270181
 72.000    0.385656    1.102180   -0.276289
 74.000    0.344645    1.126327   -0.281939
 76.000    0.302759    1.147953   -0.287087
 78.000    0.260164    1.166954   -0.291689
 80.000    0.217034    1.183239   -0.295703
 82.000    0.173553    1.196729   -0.299084
 84.000    0.129912    1.207360   -0.301789
 86.000    0.086305    1.215082   -0.303775
 88.000    0.042933    1.219857   -0.304999
 90.000    0.000000    1.221664   -0.305416
