Viterna extrapolated polar
 alpha from -90.0 to 90.0 deg
 BLEND_WIDTH = 6.000 deg

 alpha        Cl          Cd          Cm
 ------   ---------   ---------   ---------
-90.000   -0.000000    1.221664    0.305416
-88.000   -0.042634    1.222802    0.304900
-86.000   -0.085109    1.220967    0.303385
-84.000   -0.127219    1.216179    0.300919
-82.000   -0.168760    1.208471    0.297553
-80.000   -0.209530    1.197889    0.293334
-78.000   -0.249333    1.184495    0.288312
-76.000   -0.287977    1.168363    0.282536
-74.000   -0.325275    1.149581    0.276055
-72.000   -0.361049    1.128250    0.268917
-70.000   -0.395129    1.104484    0.261174
-68.000   -0.427352    1.078407    0.252872
-66.000   -0.457564    1.050154    0.244061
-64.000   -0.485625    1.019873    0.234790
-62.000   -0.511403    0.987720    0.225109
-60.000   -0.534779    0.953859    0.215066
-58.000   -0.555645    0.918465    0.204711
-56.000   -0.573909    0.881717    0.194091
-54.000   -0.589491    0.843804    0.183258
-52.000   -0.602323    0.804917    0.172258
-50.000   -0.612357    0.765254    0.161142
-48.000   -0.619555    0.725015    0.149959
-46.000   -0.623898    0.684403    0.138757
-44.000   -0.625382    0.643624    0.127586
-42.000   -0.624019    0.602883    0.116495
-40.000   -0.619840    0.562385    0.105533
-38.000   -0.612892    0.522334    0.094748
-36.000   -0.603242    0.482930    0.084190
-34.000   -0.590975    0.444372    0.073908
-32.000   -0.576199    0.406852    0.063951
-30.000   -0.559044    0.370560    0.054368
-28.000   -0.539667    0.335676    0.045207
-26.000   -0.518257    0.302375    0.036519
-24.000   -0.495039    0.270824    0.028352
-22.000   -0.470290    0.241180    0.020756
-20.000   -0.444353    0.213593    0.013778
-18.000   -0.417673    0.188198    0.007468
-16.000   -0.390845    0.165125    0.001876
-14.000   -0.364725    0.144486   -0.002950
-12.000   -0.340631    0.126387   -0.006960
-10.000   -0.320798    0.110916   -0.010106
 -8.000   -0.309515    0.098152   -0.012339
 -6.000   -0.323773    0.089867   -0.013373
 -4.000   -0.345590    0.079284   -0.017456
 -2.000   -0.028833    0.049093   -0.076788
  0.000    0.404300    0.026970   -0.129000
  2.000    0.733000    0.021560   -0.147300
  4.000    1.094400    0.016280   -0.167000
  6.000    1.255900    0.019920   -0.151300
  8.000    1.357270    0.032487   -0.125430
 10.000    1.513517    0.068920   -0.111306
 12.000    1.360094    0.084972   -0.110746
 14.000    1.211213    0.104953   -0.111752
 16.000    1.120022    0.125959   -0.113394
 18.000    1.054348    0.149449   -0.115664
 20.000    1.005928    0.175306   -0.118528
 22.000    0.969455    0.203403   -0.121947
 24.000    0.941347    0.233602   -0.125885
 26.000    0.919092    0.265755   -0.130304
 28.000    0.900868    0.299701   -0.135169
 30.000    0.885315    0.335275   -0.140442
 32.000    0.871400    0.372300   -0.146086
 34.000    0.858321    0.410594   -0.152064
 36.000    0.845447    0.449968   -0.158340
 38.000    0.832279    0.490227   -0.164876
 40.000    0.818417    0.531174   -0.171636
 42.000    0.803544    0.572605   -0.178583
 44.000    0.787408    0.614316   -0.185680
 46.000    0.769812    0.656100   -0.192889
 48.000    0.750605    0.697752   -0.200175
 50.000    0.729676    0.739064   -0.207500
 52.000    0.706949    0.779832   -0.214827
 54.000    0.682380    0.819855   -0.222120
 56.000    0.655951    0.858934   -0.229341
 58.000    0.627671    0.896874   -0.236453
 60.000    0.597570    0.933487   -0.243421
 62.000    0.565700    0.968591   -0.250206
 64.000    0.532132    1.002012   -0.256773
 66.000    0.496954    1.033582   -0.263083
 68.000    0.460272    1.063144   -0.269101
 70.000    0.422206    1.090549   -0.274788
 72.000    0.382889    1.115660   -0.280110
 74.000    0.342467    1.138351   -0.285027
 76.000    0.301097    1.158506   -0.289505
 78.000    0.258946    1.176023   -0.293505
 80.000    0.216190    1.190814   -0.296991
 82.000    0.173014    1.202800   -0.299925
 84.000    0.129609    1.211920   -0.302272
 86.000    0.086170    1.218125   -0.303994
 88.000    0.042899    1.221380   -0.305054
 90.000    0.000000    1.221664   -0.305416
