Viterna extrapolated polar
 alpha from -90.0 to 90.0 deg
 BLEND_WIDTH = 6.000 deg

 alpha        Cl          Cd          Cm
 ------   ---------   ---------   ---------
-90.000   -0.000000    1.221664    0.305416
-88.000   -0.042641    1.222759    0.304802
-86.000   -0.085137    1.220882    0.303000
-84.000   -0.127282    1.216051    0.300075
-82.000   -0.168871    1.208300    0.296089
-80.000   -0.209704    1.197676    0.291104
-78.000   -0.249584    1.184240    0.285184
-76.000   -0.288319    1.168067    0.278392
-74.000   -0.325724    1.149244    0.270790
-72.000   -0.361620    1.127872    0.262441
-70.000   -0.395836    1.104066    0.253408
-68.000   -0.428211    1.077948    0.243755
-66.000   -0.458593    1.049656    0.233543
-64.000   -0.486839    1.019337    0.222836
-62.000   -0.512821    0.987145    0.211697
-60.000   -0.536418    0.953247    0.200189
-58.000   -0.557526    0.917816    0.188374
-56.000   -0.576051    0.881033    0.176315
-54.000   -0.591916    0.843085    0.164075
-52.000   -0.605055    0.804163    0.151718
-50.000   -0.615419    0.764467    0.139306
-48.000   -0.622976    0.724196    0.126901
-46.000   -0.627707    0.683553    0.114567
-44.000   -0.629612    0.642744    0.102367
-42.000   -0.628706    0.601974    0.090363
-40.000   -0.625024    0.561448    0.078619
-38.000   -0.618619    0.521370    0.067197
-36.000   -0.609565    0.481940    0.056160
-34.000   -0.597954    0.443357    0.045571
-32.000   -0.583905    0.405815    0.035493
-30.000   -0.567562    0.369500    0.025989
-28.000   -0.549097    0.334595    0.017121
-26.000   -0.528721    0.301275    0.008953
-24.000   -0.506691    0.269706    0.001548
-22.000   -0.483321    0.240046   -0.005032
-20.000   -0.459014    0.212443   -0.010724
-18.000   -0.434293    0.187035   -0.015465
-16.000   -0.409881    0.163948   -0.019192
-14.000   -0.386824    0.143299   -0.021842
-12.000   -0.363955    0.128603   -0.022407
-10.000   -0.350390    0.110103   -0.024600
 -8.000   -0.324848    0.098349   -0.030769
 -6.000   -0.299595    0.086415   -0.036679
 -4.000   -0.132060    0.036754   -0.067260
 -2.000    0.240800    0.012420   -0.101900
  0.000    0.483100    0.009140   -0.106300
  2.000    0.687200    0.009410   -0.104100
  4.000    0.881650    0.010855   -0.099550
  6.000    1.069411    0.016324   -0.090333
  8.000    1.172300    0.027490   -0.074500
 10.000    1.017101    0.039670   -0.074875
 12.000    0.904116    0.056590   -0.076095
 14.000    0.841250    0.075250   -0.078028
 16.000    0.801330    0.096532   -0.080665
 18.000    0.776084    0.120334   -0.083965
 20.000    0.760488    0.146540   -0.087888
 22.000    0.751291    0.175020   -0.092395
 24.000    0.746285    0.205637   -0.097444
 26.000    0.743905    0.238240   -0.102996
 28.000    0.743003    0.272672   -0.109010
 30.000    0.742716    0.308763   -0.115446
 32.000    0.742381    0.346339   -0.122264
 34.000    0.741476    0.385215   -0.129424
 36.000    0.739590    0.425202   -0.136885
 38.000    0.736394    0.466104   -0.144608
 40.000    0.731627    0.507723   -0.152552
 42.000    0.725081    0.549855   -0.160677
 44.000    0.716593    0.592295   -0.168942
 46.000    0.706039    0.634835   -0.177308
 48.000    0.693328    0.677268   -0.185735
 50.000    0.678401    0.719386   -0.194181
 52.000    0.661222    0.760985   -0.202608
 54.000    0.641782    0.801861   -0.210974
 56.000    0.620094    0.841815   -0.219239
 58.000    0.596192    0.880652   -0.227364
 60.000    0.570127    0.918181   -0.235308
 62.000    0.541969    0.954220   -0.243031
 64.000    0.511806    0.988592   -0.250492
 66.000    0.479739    1.021131   -0.257652
 68.000    0.445884    1.051676   -0.264470
 70.000    0.410372    1.080079   -0.270906
 72.000    0.373344    1.106200   -0.276921
 74.000    0.334953    1.129913   -0.282472
 76.000    0.295362    1.151100   -0.287521
 78.000    0.254744    1.169659   -0.292028
 80.000    0.213279    1.185498   -0.295951
 82.000    0.171155    1.198540   -0.299251
 84.000    0.128564    1.208720   -0.301888
 86.000    0.085706    1.215989   -0.303821
 88.000    0.042783    1.220311   -0.305011
 90.000    0.000000    1.221664   -0.305416
