Viterna extrapolated polar
 alpha from -90.0 to 90.0 deg
 BLEND_WIDTH = 6.000 deg

 alpha        Cl          Cd          Cm
 ------   ---------   ---------   ---------
-90.000   -0.000000    1.221664    0.305416
-88.000   -0.042645    1.223235    0.304797
-86.000   -0.085153    1.221834    0.302983
-84.000   -0.127317    1.217478    0.300037
-82.000   -0.168935    1.210201    0.296023
-80.000   -0.209804    1.200047    0.291006
-78.000   -0.249728    1.187079    0.285047
-76.000   -0.288515    1.171370    0.278213
-74.000   -0.325981    1.153007    0.270565
-72.000   -0.361946    1.132092    0.262169
-70.000   -0.396241    1.108735    0.253087
-68.000   -0.428704    1.083063    0.243383
-66.000   -0.459182    1.055210    0.233122
-64.000   -0.487535    1.025322    0.222367
-62.000   -0.513633    0.993555    0.211181
-60.000   -0.537358    0.960074    0.199629
-58.000   -0.558604    0.925052    0.187773
-56.000   -0.577279    0.888668    0.175679
-54.000   -0.593306    0.851110    0.163410
-52.000   -0.606621    0.812570    0.151029
-50.000   -0.617175    0.773244    0.138600
-48.000   -0.624938    0.733332    0.126187
-46.000   -0.629891    0.693038    0.113854
-44.000   -0.632037    0.652566    0.101664
-42.000   -0.631393    0.612121    0.089681
-40.000   -0.627996    0.571908    0.077970
-38.000   -0.621903    0.532129    0.066593
-36.000   -0.613190    0.492987    0.055614
-34.000   -0.601956    0.454677    0.045098
-32.000   -0.588324    0.417394    0.035107
-30.000   -0.572445    0.381325    0.025707
-28.000   -0.554503    0.346651    0.016959
-26.000   -0.534721    0.313547    0.008929
-24.000   -0.513370    0.282180    0.001680
-22.000   -0.490792    0.252706   -0.004724
-20.000   -0.467419    0.225273   -0.010220
-18.000   -0.443822    0.200021   -0.014744
-16.000   -0.420794    0.177074   -0.018231
-14.000   -0.399493    0.156548   -0.020619
-12.000   -0.374447    0.142070   -0.020847
-10.000   -0.334758    0.108462   -0.031881
 -8.000   -0.287300    0.091915   -0.041900
 -6.000   -0.252420    0.080511   -0.048460
 -4.000   -0.083833    0.041910   -0.074567
 -2.000    0.259900    0.012680   -0.107200
  0.000    0.503700    0.009420   -0.114100
  2.000    0.715400    0.009410   -0.113200
  4.000    0.912475    0.012019   -0.106288
  6.000    1.127396    0.016591   -0.097217
  8.000    1.092416    0.024682   -0.091136
 10.000    0.922338    0.039086   -0.091791
 12.000    0.835322    0.055130   -0.093137
 14.000    0.783073    0.073801   -0.095145
 16.000    0.751216    0.095098   -0.097782
 18.000    0.732328    0.118915   -0.101011
 20.000    0.721893    0.145137   -0.104796
 22.000    0.716985    0.173636   -0.109100
 24.000    0.715612    0.204273   -0.113888
 26.000    0.716356    0.236899   -0.119123
 28.000    0.718178    0.271354   -0.124769
 30.000    0.720292    0.307471   -0.130789
 32.000    0.722092    0.345073   -0.137148
 34.000    0.723102    0.383977   -0.143808
 36.000    0.722944    0.423994   -0.150734
 38.000    0.721316    0.464928   -0.157888
 40.000    0.717980    0.506580   -0.165236
 42.000    0.712743    0.548746   -0.172741
 44.000    0.705458    0.591221   -0.180365
 46.000    0.696011    0.633798   -0.188074
 48.000    0.684322    0.676269   -0.195830
 50.000    0.670338    0.718427   -0.203598
 52.000    0.654031    0.760067   -0.211340
 54.000    0.635398    0.800984   -0.219022
 56.000    0.614456    0.840981   -0.226606
 58.000    0.591242    0.879861   -0.234056
 60.000    0.565811    0.917435   -0.241335
 62.000    0.538237    0.953519   -0.248408
 64.000    0.508609    0.987938   -0.255239
 66.000    0.477031    1.020524   -0.261790
 68.000    0.443622    1.051117   -0.268026
 70.000    0.408511    1.079568   -0.273910
 72.000    0.371843    1.105739   -0.279406
 74.000    0.333771    1.129501   -0.284478
 76.000    0.294461    1.150739   -0.289088
 78.000    0.254084    1.169348   -0.293202
 80.000    0.212822    1.185239   -0.296783
 82.000    0.170863    1.198332   -0.299794
 84.000    0.128400    1.208564   -0.302199
 86.000    0.085633    1.215885   -0.303962
 88.000    0.042765    1.220259   -0.305047
 90.000    0.000000    1.221664   -0.305416
