Viterna extrapolated polar
 alpha from -90.0 to 90.0 deg
 BLEND_WIDTH = 6.000 deg

 alpha        Cl          Cd          Cm
 ------   ---------   ---------   ---------
-90.000   -0.000000    1.221664    0.305416
-88.000   -0.042637    1.222967    0.304896
-86.000   -0.085123    1.221298    0.303369
-84.000   -0.127250    1.216676    0.300885
-82.000   -0.168814    1.209132    0.297493
-80.000   -0.209616    1.198714    0.293243
-78.000   -0.249456    1.185483    0.288185
-76.000   -0.288145    1.169513    0.282369
-74.000   -0.325495    1.150891    0.275845
-72.000   -0.361329    1.129719    0.268661
-70.000   -0.395476    1.106110    0.260868
-68.000   -0.427773    1.080187    0.252516
-66.000   -0.458069    1.052087    0.243654
-64.000   -0.486221    1.021956    0.234332
-62.000   -0.512099    0.989951    0.224600
-60.000   -0.535583    0.956235    0.214507
-58.000   -0.556568    0.920983    0.204104
-56.000   -0.574961    0.884375    0.193439
-54.000   -0.590681    0.846597    0.182563
-52.000   -0.603664    0.807843    0.171526
-50.000   -0.613860    0.768309    0.160376
-48.000   -0.621234    0.728195    0.149165
-46.000   -0.625768    0.687705    0.137941
-44.000   -0.627458    0.647043    0.126754
-42.000   -0.626320    0.606415    0.115654
-40.000   -0.622385    0.566026    0.104692
-38.000   -0.615703    0.526079    0.093915
-36.000   -0.606345    0.486775    0.083375
-34.000   -0.594401    0.448312    0.073121
-32.000   -0.579981    0.410883    0.063202
-30.000   -0.563225    0.374676    0.053669
-28.000   -0.544296    0.339872    0.044570
-26.000   -0.523393    0.306647    0.035957
-24.000   -0.500758    0.275166    0.027878
-22.000   -0.476686    0.245587    0.020384
-20.000   -0.451549    0.218059    0.013524
-18.000   -0.425831    0.192719    0.007347
-16.000   -0.400188    0.169693    0.001904
-14.000   -0.375572    0.149098   -0.002756
-12.000   -0.353457    0.131036   -0.006583
-10.000   -0.336364    0.115597   -0.009527
 -8.000   -0.329154    0.102859   -0.011539
 -6.000   -0.347684    0.094103   -0.012253
 -4.000   -0.333622    0.078817   -0.022811
 -2.000   -0.015729    0.048514   -0.077757
  0.000    0.414600    0.026600   -0.130200
  2.000    0.733400    0.021420   -0.146600
  4.000    1.102600    0.016220   -0.166800
  6.000    1.257900    0.019790   -0.151100
  8.000    1.354867    0.031023   -0.126006
 10.000    1.501467    0.060139   -0.107107
 12.000    1.385974    0.078026   -0.106577
 14.000    1.230121    0.098389   -0.107523
 16.000    1.136309    0.119456   -0.109126
 18.000    1.068569    0.143015   -0.111380
 20.000    1.018472    0.168949   -0.114246
 22.000    0.980604    0.197131   -0.117688
 24.000    0.951316    0.227423   -0.121667
 26.000    0.928046    0.259674   -0.126146
 28.000    0.908936    0.293728   -0.131085
 30.000    0.892603    0.329416   -0.136447
 32.000    0.877994    0.366563   -0.142194
 34.000    0.864293    0.404985   -0.148288
 36.000    0.850857    0.444495   -0.154691
 38.000    0.837179    0.484897   -0.161365
 40.000    0.822852    0.525992   -0.168272
 42.000    0.807554    0.567577   -0.175374
 44.000    0.791027    0.609449   -0.182633
 46.000    0.773071    0.651401   -0.190010
 48.000    0.753532    0.693225   -0.197468
 50.000    0.732296    0.734716   -0.204969
 52.000    0.709286    0.775668   -0.212475
 54.000    0.684455    0.815879   -0.219948
 56.000    0.657784    0.855151   -0.227349
 58.000    0.629280    0.893289   -0.234641
 60.000    0.598972    0.930105   -0.241785
 62.000    0.566912    0.965416   -0.248744
 64.000    0.533170    0.999047   -0.255480
 66.000    0.497834    1.030830   -0.261955
 68.000    0.461008    1.060609   -0.268130
 70.000    0.422811    1.088235   -0.273967
 72.000    0.383377    1.113570   -0.279429
 74.000    0.342851    1.136486   -0.284478
 76.000    0.301390    1.156869   -0.289074
 78.000    0.259160    1.174617   -0.293182
 80.000    0.216339    1.189639   -0.296762
 82.000    0.173109    1.201859   -0.299776
 84.000    0.129662    1.211213   -0.302186
 86.000    0.086194    1.217653   -0.303955
 88.000    0.042905    1.221144   -0.305045
 90.000    0.000000    1.221664   -0.305416
