Viterna extrapolated polar
 alpha from -90.0 to 90.0 deg
 BLEND_WIDTH = 6.000 deg

 alpha        Cl          Cd          Cm
 ------   ---------   ---------   ---------
-90.000   -0.000000    1.221664    0.305416
-88.000   -0.042640    1.222647    0.304851
-86.000   -0.085135    1.220657    0.303194
-84.000   -0.127277    1.215715    0.300498
-82.000   -0.168862    1.207853    0.296820
-80.000   -0.209690    1.197118    0.292215
-78.000   -0.249564    1.183572    0.286738
-76.000   -0.288292    1.167289    0.280443
-74.000   -0.325688    1.148358    0.273387
-72.000   -0.361574    1.126879    0.265623
-70.000   -0.395779    1.102966    0.257209
-68.000   -0.428142    1.076744    0.248198
-66.000   -0.458510    1.048349    0.238645
-64.000   -0.486742    1.017927    0.228607
-62.000   -0.512707    0.985636    0.218137
-60.000   -0.536287    0.951640    0.207292
-58.000   -0.557375    0.916113    0.196126
-56.000   -0.575880    0.879235    0.184695
-54.000   -0.591721    0.841195    0.173053
-52.000   -0.604836    0.802184    0.161256
-50.000   -0.615174    0.762401    0.149360
-48.000   -0.622702    0.722045    0.137418
-46.000   -0.627402    0.681320    0.125487
-44.000   -0.629273    0.640432    0.113621
-42.000   -0.628331    0.599585    0.101876
-40.000   -0.624609    0.558985    0.090307
-38.000   -0.618161    0.518836    0.078969
-36.000   -0.609058    0.479340    0.067917
-34.000   -0.597395    0.440692    0.057206
-32.000   -0.583288    0.403089    0.046892
-30.000   -0.566880    0.366716    0.037029
-28.000   -0.548342    0.331757    0.027673
-26.000   -0.527883    0.298386    0.018879
-24.000   -0.505758    0.266769    0.010702
-22.000   -0.482278    0.237065    0.003198
-20.000   -0.457840    0.209422   -0.003580
-18.000   -0.432962    0.183977   -0.009574
-16.000   -0.408356    0.160858   -0.014731
-14.000   -0.385054    0.140180   -0.018995
-12.000   -0.364669    0.122046   -0.022311
-10.000   -0.349972    0.106546   -0.024624
 -8.000   -0.352814    0.096780   -0.024197
 -6.000   -0.329761    0.080945   -0.032628
 -4.000   -0.064438    0.048921   -0.086393
 -2.000    0.297700    0.022440   -0.140900
  0.000    0.647700    0.014710   -0.165000
  2.000    0.925800    0.010470   -0.174400
  4.000    1.135700    0.011760   -0.171200
  6.000    1.306199    0.019445   -0.150084
  8.000    1.290415    0.029302   -0.134712
 10.000    1.083827    0.043195   -0.135152
 12.000    0.965235    0.059436   -0.136168
 14.000    0.892937    0.078073   -0.137712
 16.000    0.845854    0.099329   -0.139763
 18.000    0.814960    0.123101   -0.142292
 20.000    0.794778    0.149273   -0.145270
 22.000    0.781771    0.177717   -0.148667
 24.000    0.773537    0.208294   -0.152454
 26.000    0.768380    0.240855   -0.156603
 28.000    0.765058    0.275241   -0.161084
 30.000    0.762639    0.311283   -0.165868
 32.000    0.760406    0.348806   -0.170925
 34.000    0.757800    0.387627   -0.176226
 36.000    0.754379    0.427555   -0.181743
 38.000    0.749790    0.468397   -0.187446
 40.000    0.743753    0.509952   -0.193306
 42.000    0.736043    0.552017   -0.199294
 44.000    0.726487    0.594387   -0.205380
 46.000    0.714949    0.636856   -0.211535
 48.000    0.701330    0.679214   -0.217730
 50.000    0.685564    0.721257   -0.223937
 52.000    0.667610    0.762777   -0.230125
 54.000    0.647454    0.803572   -0.236266
 56.000    0.625104    0.843442   -0.242330
 58.000    0.600590    0.882193   -0.248288
 60.000    0.573961    0.919635   -0.254111
 62.000    0.545284    0.955586   -0.259771
 64.000    0.514645    0.989868   -0.265236
 66.000    0.482144    1.022314   -0.270480
 68.000    0.447894    1.052766   -0.275471
 70.000    0.412025    1.081074   -0.280182
 72.000    0.374677    1.107099   -0.284582
 74.000    0.336003    1.130714   -0.288644
 76.000    0.296164    1.151804   -0.292336
 78.000    0.255331    1.170264   -0.295631
 80.000    0.213686    1.186003   -0.298499
 82.000    0.171415    1.198945   -0.300912
 84.000    0.128710    1.209024   -0.302839
 86.000    0.085771    1.216192   -0.304251
 88.000    0.042799    1.220413   -0.305120
 90.000    0.000000    1.221664   -0.305416
