Viterna extrapolated polar
 alpha from -90.0 to 90.0 deg
 BLEND_WIDTH = 6.000 deg

 alpha        Cl          Cd          Cm
 ------   ---------   ---------   ---------
-90.000   -0.000000    1.221664    0.305416
-88.000   -0.042620    1.222587    0.304813
-86.000   -0.085054    1.220539    0.303044
-84.000   -0.127095    1.215538    0.300166
-82.000   -0.168539    1.207616    0.296239
-80.000   -0.209184    1.196823    0.291318
-78.000   -0.248833    1.183219    0.285464
-76.000   -0.287294    1.166878    0.278734
-74.000   -0.324381    1.147890    0.271187
-72.000   -0.359913    1.126354    0.262880
-70.000   -0.393720    1.102385    0.253871
-68.000   -0.425639    1.076108    0.244219
-66.000   -0.455515    1.047658    0.233982
-64.000   -0.483206    1.017183    0.223218
-62.000   -0.508578    0.984839    0.211986
-60.000   -0.531512    0.950791    0.200342
-58.000   -0.551898    0.915213    0.188346
-56.000   -0.569641    0.878286    0.176056
-54.000   -0.584658    0.840197    0.163530
-52.000   -0.596880    0.801139    0.150825
-50.000   -0.606253    0.761309    0.138000
-48.000   -0.612737    0.720908    0.125114
-46.000   -0.616307    0.680140    0.112224
-44.000   -0.616952    0.639210    0.099389
-42.000   -0.614679    0.598323    0.086666
-40.000   -0.609509    0.557684    0.074114
-38.000   -0.601479    0.517498    0.061791
-36.000   -0.590641    0.477966    0.049755
-34.000   -0.577066    0.439284    0.038065
-32.000   -0.560841    0.401648    0.026777
-30.000   -0.542070    0.365245    0.015952
-28.000   -0.520876    0.330258    0.005646
-26.000   -0.497404    0.296859   -0.004082
-24.000   -0.471820    0.265218   -0.013175
-22.000   -0.444321    0.235491   -0.021573
-20.000   -0.415137    0.207826   -0.029218
-18.000   -0.384549    0.182362   -0.036054
-16.000   -0.352909    0.159226   -0.042020
-14.000   -0.320687    0.138532   -0.047060
-12.000   -0.288556    0.120385   -0.051116
-10.000   -0.257595    0.104873   -0.054128
 -8.000   -0.231912    0.093569   -0.054284
 -6.000   -0.203312    0.087987   -0.050449
 -4.000   -0.145112    0.038928   -0.102970
 -2.000    0.172300    0.030140   -0.118600
  0.000    0.543800    0.021600   -0.137400
  2.000    0.826700    0.019600   -0.144300
  4.000    1.021100    0.020570   -0.135800
  6.000    1.191700    0.024240   -0.125600
  8.000    1.343800    0.028740   -0.113300
 10.000    1.495578    0.034390   -0.100573
 12.000    1.639250    0.039128   -0.083043
 14.000    1.519568    0.055748   -0.078168
 16.000    1.400346    0.072898   -0.080642
 18.000    1.299110    0.096951   -0.082555
 20.000    1.221819    0.123436   -0.085243
 22.000    1.161353    0.152224   -0.088660
 24.000    1.112925    0.183176   -0.092759
 26.000    1.073189    0.216142   -0.097493
 28.000    1.039727    0.250963   -0.102816
 30.000    1.010747    0.287471   -0.108681
 32.000    0.984888    0.325488   -0.115042
 34.000    0.961100    0.364832   -0.121851
 36.000    0.938561    0.405311   -0.129063
 38.000    0.916619    0.446730   -0.136630
 40.000    0.894757    0.488889   -0.144506
 42.000    0.872560    0.531584   -0.152645
 44.000    0.849697    0.574609   -0.160999
 46.000    0.825907    0.617756   -0.169522
 48.000    0.800985    0.660816   -0.178168
 50.000    0.774778    0.703583   -0.186889
 52.000    0.747172    0.745848   -0.195640
 54.000    0.718091    0.787410   -0.204373
 56.000    0.687492    0.828067   -0.213042
 58.000    0.655360    0.867623   -0.221600
 60.000    0.621709    0.905888   -0.230001
 62.000    0.586573    0.942677   -0.238198
 64.000    0.550010    0.977814   -0.246144
 66.000    0.512097    1.011131   -0.253793
 68.000    0.472929    1.042466   -0.261098
 70.000    0.432616    1.071670   -0.268012
 72.000    0.391285    1.098602   -0.274489
 74.000    0.349076    1.123136   -0.280483
 76.000    0.306140    1.145152   -0.285946
 78.000    0.262641    1.164547   -0.290831
 80.000    0.218751    1.181228   -0.295094
 82.000    0.174650    1.195118   -0.298685
 84.000    0.130528    1.206150   -0.301560
 86.000    0.086578    1.214274   -0.303671
 88.000    0.043001    1.219453   -0.304972
 90.000    0.000000    1.221664   -0.305416
