Viterna extrapolated polar
 alpha from -90.0 to 90.0 deg
 BLEND_WIDTH = 6.000 deg

 alpha        Cl          Cd          Cm
 ------   ---------   ---------   ---------
-90.000   -0.000000    1.221664    0.305416
-88.000   -0.042639    1.222498    0.304876
-86.000   -0.085128    1.220360    0.303292
-84.000   -0.127261    1.215270    0.300714
-82.000   -0.168834    1.207260    0.297195
-80.000   -0.209647    1.196378    0.292787
-78.000   -0.249501    1.182686    0.287542
-76.000   -0.288206    1.166258    0.281512
-74.000   -0.325575    1.147184    0.274748
-72.000   -0.361431    1.125563    0.267303
-70.000   -0.395602    1.101509    0.259228
-68.000   -0.427926    1.075148    0.250576
-66.000   -0.458252    1.046616    0.241398
-64.000   -0.486437    1.016060    0.231746
-62.000   -0.512351    0.983636    0.221673
-60.000   -0.535875    0.949510    0.211229
-58.000   -0.556903    0.913855    0.200467
-56.000   -0.575342    0.876853    0.189440
-54.000   -0.591113    0.838691    0.178198
-52.000   -0.604150    0.799562    0.166794
-50.000   -0.614405    0.759663    0.155279
-48.000   -0.621843    0.719194    0.143706
-46.000   -0.626446    0.678361    0.132127
-44.000   -0.628211    0.637367    0.120593
-42.000   -0.627154    0.596419    0.109156
-40.000   -0.623308    0.555722    0.097869
-38.000   -0.616723    0.515480    0.086783
-36.000   -0.607471    0.475893    0.075950
-34.000   -0.595644    0.437161    0.065422
-32.000   -0.581354    0.399476    0.055251
-30.000   -0.564742    0.363027    0.045489
-28.000   -0.545975    0.327996    0.036187
-26.000   -0.525257    0.294557    0.027399
-24.000   -0.502833    0.262878    0.019175
-22.000   -0.479007    0.233116    0.011567
-20.000   -0.454160    0.205419    0.004628
-18.000   -0.428791    0.179926   -0.001590
-16.000   -0.403578    0.156764   -0.007037
-14.000   -0.379507    0.136047   -0.011659
-12.000   -0.358111    0.117879   -0.015404
-10.000   -0.342012    0.102351   -0.018222
 -8.000   -0.336885    0.090156   -0.020039
 -6.000   -0.357232    0.081029   -0.020126
 -4.000   -0.174739    0.048429   -0.067433
 -2.000    0.250700    0.019910   -0.122900
  0.000    0.546600    0.015630   -0.143200
  2.000    0.848800    0.012970   -0.156100
  4.000    1.069600    0.012460   -0.156100
  6.000    1.269655    0.015075   -0.133996
  8.000    1.196910    0.033131   -0.120043
 10.000    1.041130    0.023732   -0.122556
 12.000    0.933935    0.039363   -0.123744
 14.000    0.866468    0.058161   -0.125462
 16.000    0.823053    0.079603   -0.127719
 18.000    0.795052    0.103585   -0.130482
 20.000    0.777218    0.129990   -0.133721
 22.000    0.766162    0.158691   -0.137405
 24.000    0.759581    0.189548   -0.141503
 26.000    0.755846    0.222411   -0.145983
 28.000    0.753763    0.257122   -0.150815
 30.000    0.752436    0.293511   -0.155967
 32.000    0.751175    0.331403   -0.161409
 34.000    0.749440    0.370614   -0.167109
 36.000    0.746805    0.410954   -0.173036
 38.000    0.742930    0.452226   -0.179159
 40.000    0.737543    0.494232   -0.185447
 42.000    0.730430    0.536767   -0.191870
 44.000    0.721420    0.579626   -0.198395
 46.000    0.710386    0.622601   -0.204992
 48.000    0.697233    0.665483   -0.211630
 50.000    0.681896    0.708066   -0.218278
 52.000    0.664339    0.750143   -0.224904
 54.000    0.644549    0.791510   -0.231478
 56.000    0.622539    0.831967   -0.237968
 58.000    0.598337    0.871319   -0.244344
 60.000    0.571997    0.909375   -0.250574
 62.000    0.543587    0.945952   -0.256628
 64.000    0.513191    0.980872   -0.262473
 66.000    0.480912    1.013968   -0.268080
 68.000    0.446865    1.045079   -0.273417
 70.000    0.411179    1.074055   -0.278452
 72.000    0.373995    1.100758   -0.283156
 74.000    0.335465    1.125058   -0.287496
 76.000    0.295753    1.146839   -0.291443
 78.000    0.255031    1.165997   -0.294963
 80.000    0.213478    1.182440   -0.298028
 82.000    0.171282    1.196089   -0.300605
 84.000    0.128636    1.206879   -0.302663
 86.000    0.085738    1.214761   -0.304172
 88.000    0.042791    1.219697   -0.305100
 90.000    0.000000    1.221664   -0.305416
