Viterna extrapolated polar
 alpha from -90.0 to 90.0 deg
 BLEND_WIDTH = 6.000 deg

 alpha        Cl          Cd          Cm
 ------   ---------   ---------   ---------
-90.000   -0.000000    1.221664    0.305416
-88.000   -0.042640    1.223179    0.304809
-86.000   -0.085133    1.221721    0.303030
-84.000   -0.127272    1.217309    0.300140
-82.000   -0.168854    1.209975    0.296201
-80.000   -0.209678    1.199765    0.291274
-78.000   -0.249546    1.186742    0.285422
-76.000   -0.288267    1.170977    0.278706
-74.000   -0.325656    1.152560    0.271188
-72.000   -0.361533    1.131590    0.262929
-70.000   -0.395729    1.108180    0.253992
-68.000   -0.428081    1.082455    0.244437
-66.000   -0.458437    1.054550    0.234327
-64.000   -0.486655    1.024611    0.223723
-62.000   -0.512606    0.992793    0.212688
-60.000   -0.536169    0.959263    0.201282
-58.000   -0.557240    0.924192    0.189567
-56.000   -0.575726    0.887761    0.177606
-54.000   -0.591548    0.850156    0.165459
-52.000   -0.604640    0.811571    0.153190
-50.000   -0.614955    0.772201    0.140858
-48.000   -0.622457    0.732246    0.128526
-46.000   -0.627129    0.691911    0.116257
-44.000   -0.628970    0.651399    0.104110
-42.000   -0.627995    0.610915    0.092149
-40.000   -0.624238    0.570665    0.080434
-38.000   -0.617750    0.530850    0.069028
-36.000   -0.608605    0.491674    0.057993
-34.000   -0.596895    0.453332    0.047389
-32.000   -0.582736    0.416018    0.037279
-30.000   -0.566269    0.379920    0.027724
-28.000   -0.547666    0.345219    0.018787
-26.000   -0.527134    0.312089    0.010528
-24.000   -0.504923    0.280697    0.003010
-22.000   -0.481344    0.251201   -0.003706
-20.000   -0.456789    0.223749   -0.009558
-18.000   -0.431772    0.198477   -0.014485
-16.000   -0.406993    0.175514   -0.018424
-14.000   -0.383471    0.154973   -0.021314
-12.000   -0.364120    0.138338   -0.022410
-10.000   -0.347700    0.121560   -0.023700
 -8.000   -0.293497    0.089860   -0.039181
 -6.000   -0.252433    0.075487   -0.048580
 -4.000   -0.075583    0.031628   -0.079917
 -2.000    0.266500    0.010750   -0.105000
  0.000    0.481400    0.007770   -0.104800
  2.000    0.684600    0.008430   -0.102500
  4.000    0.874633    0.010037   -0.099367
  6.000    1.100568    0.016118   -0.090256
  8.000    1.129832    0.023537   -0.083015
 10.000    0.958901    0.037463   -0.083589
 12.000    0.863003    0.053743   -0.084913
 14.000    0.806482    0.072426   -0.086924
 16.000    0.771381    0.093735   -0.089596
 18.000    0.749934    0.117566   -0.092891
 20.000    0.737423    0.143805   -0.096771
 22.000    0.730789    0.172321   -0.101197
 24.000    0.727954    0.202978   -0.106131
 26.000    0.727441    0.235624   -0.111536
 28.000    0.728167    0.270102   -0.117374
 30.000    0.729315    0.306243   -0.123606
 32.000    0.730256    0.343870   -0.130195
 34.000    0.730495    0.382802   -0.137102
 36.000    0.729642    0.422847   -0.144290
 38.000    0.727383    0.463811   -0.151720
 40.000    0.723471    0.505494   -0.159354
 42.000    0.717708    0.547692   -0.167155
 44.000    0.709938    0.590201   -0.175084
 46.000    0.700046    0.632813   -0.183104
 48.000    0.687946    0.675320   -0.191175
 50.000    0.673582    0.717516   -0.199261
 52.000    0.656924    0.759194   -0.207324
 54.000    0.637967    0.800151   -0.215324
 56.000    0.616725    0.840188   -0.223225
 58.000    0.593233    0.879109   -0.230987
 60.000    0.567548    0.916726   -0.238574
 62.000    0.539739    0.952853   -0.245947
 64.000    0.509896    0.987316   -0.253068
 66.000    0.478121    1.019947   -0.259899
 68.000    0.444532    1.050586   -0.266403
 70.000    0.409260    1.079083   -0.272540
 72.000    0.372447    1.105301   -0.278273
 74.000    0.334247    1.129110   -0.283564
 76.000    0.294824    1.150396   -0.288375
 78.000    0.254350    1.169054   -0.292668
 80.000    0.213006    1.184992   -0.296405
 82.000    0.170980    1.198135   -0.299547
 84.000    0.128466    1.208416   -0.302058
 86.000    0.085663    1.215786   -0.303898
 88.000    0.042772    1.220210   -0.305030
 90.000    0.000000    1.221664   -0.305416
