Viterna extrapolated polar
 alpha from -90.0 to 90.0 deg
 BLEND_WIDTH = 6.000 deg

 alpha        Cl          Cd          Cm
 ------   ---------   ---------   ---------
-90.000   -0.000000    1.221664    0.305416
-88.000   -0.042650    1.223785    0.304781
-86.000   -0.085174    1.222932    0.302922
-84.000   -0.127365    1.219123    0.299907
-82.000   -0.169019    1.212391    0.295802
-80.000   -0.209936    1.202780    0.290675
-78.000   -0.249919    1.190351    0.284594
-76.000   -0.288776    1.175177    0.277627
-74.000   -0.326322    1.157345    0.269840
-72.000   -0.362380    1.136955    0.261302
-70.000   -0.396778    1.114118    0.252080
-68.000   -0.429357    1.088959    0.242242
-66.000   -0.459963    1.061611    0.231855
-64.000   -0.488458    1.032221    0.220987
-62.000   -0.514710    1.000944    0.209705
-60.000   -0.538603    0.967943    0.198076
-58.000   -0.560032    0.933392    0.186169
-56.000   -0.578906    0.897469    0.174051
-54.000   -0.595148    0.860361    0.161790
-52.000   -0.608695    0.822259    0.149452
-50.000   -0.619502    0.783360    0.137106
-48.000   -0.627536    0.743863    0.124819
-46.000   -0.632785    0.703971    0.112659
-44.000   -0.635250    0.663887    0.100693
-42.000   -0.634953    0.623817    0.088989
-40.000   -0.631934    0.583964    0.077614
-38.000   -0.626254    0.544531    0.066636
-36.000   -0.617993    0.505719    0.056122
-34.000   -0.607257    0.467725    0.046140
-32.000   -0.594178    0.430741    0.036758
-30.000   -0.578915    0.394954    0.028043
-28.000   -0.561666    0.360547    0.020062
-26.000   -0.542669    0.327693    0.012883
-24.000   -0.522221    0.296557    0.006575
-22.000   -0.500691    0.267298    0.001203
-20.000   -0.478555    0.240062   -0.003164
-18.000   -0.456448    0.214988   -0.006458
-16.000   -0.436178    0.192385   -0.008340
-14.000   -0.427120    0.173158   -0.007769
-12.000   -0.378818    0.155391   -0.012806
-10.000   -0.266992    0.096877   -0.041085
 -8.000   -0.238500    0.086985   -0.046500
 -6.000   -0.210008    0.077093   -0.051915
 -4.000   -0.112550    0.048350   -0.068425
 -2.000    0.242900    0.012400   -0.101800
  0.000    0.480000    0.009200   -0.106300
  2.000    0.687200    0.009390   -0.104100
  4.000    0.887669    0.010838   -0.099112
  6.000    1.093570    0.014096   -0.090871
  8.000    0.976926    0.031889   -0.088437
 10.000    0.840983    0.034582   -0.089611
 12.000    0.769235    0.050569   -0.091199
 14.000    0.727184    0.069277   -0.093436
 16.000    0.703072    0.090616   -0.096284
 18.000    0.690292    0.114480   -0.099710
 20.000    0.684815    0.140755   -0.103677
 22.000    0.684028    0.169313   -0.108149
 24.000    0.686145    0.200013   -0.113090
 26.000    0.689892    0.232708   -0.118465
 28.000    0.694330    0.267237   -0.124238
 30.000    0.698751    0.303433   -0.130373
 32.000    0.702602    0.341119   -0.136834
 34.000    0.705450    0.380112   -0.143586
 36.000    0.706952    0.420222   -0.150593
 38.000    0.706832    0.461254   -0.157819
 40.000    0.704869    0.503008   -0.165229
 42.000    0.700890    0.545281   -0.172786
 44.000    0.694760    0.587867   -0.180454
 46.000    0.686377    0.630559   -0.188199
 48.000    0.675669    0.673149   -0.195984
 50.000    0.662592    0.715430   -0.203773
 52.000    0.647123    0.757196   -0.211531
 54.000    0.629265    0.798243   -0.219222
 56.000    0.609039    0.838373   -0.226811
 58.000    0.586486    0.877390   -0.234260
 60.000    0.561665    0.915103   -0.241535
 62.000    0.534653    0.951330   -0.248600
 64.000    0.505539    0.985894   -0.255420
 66.000    0.474431    1.018627   -0.261957
 68.000    0.441448    1.049370   -0.268177
 70.000    0.406723    1.077973   -0.274044
 72.000    0.370401    1.104298   -0.279522
 74.000    0.332636    1.128216   -0.284575
 76.000    0.293594    1.149611   -0.289167
 78.000    0.253449    1.168379   -0.293264
 80.000    0.212382    1.184429   -0.296828
 82.000    0.170582    1.197683   -0.299824
 84.000    0.128242    1.208077   -0.302217
 86.000    0.085563    1.215560   -0.303970
 88.000    0.042747    1.220096   -0.305049
 90.000    0.000000    1.221664   -0.305416
