Viterna extrapolated polar
 alpha from -90.0 to 90.0 deg
 BLEND_WIDTH = 6.000 deg

 alpha        Cl          Cd          Cm
 ------   ---------   ---------   ---------
-90.000   -0.000000    1.221664    0.305416
-88.000   -0.042636    1.222674    0.304900
-86.000   -0.085119    1.220711    0.303383
-84.000   -0.127242    1.215796    0.300916
-82.000   -0.168801    1.207961    0.297548
-80.000   -0.209594    1.197253    0.293327
-78.000   -0.249425    1.183733    0.288303
-76.000   -0.288102    1.167477    0.282525
-74.000   -0.325439    1.148571    0.276042
-72.000   -0.361258    1.127119    0.268905
-70.000   -0.395388    1.103231    0.261161
-68.000   -0.427666    1.077034    0.252860
-66.000   -0.457941    1.048664    0.244051
-64.000   -0.486070    1.018267    0.234784
-62.000   -0.511922    0.986000    0.225108
-60.000   -0.535379    0.952028    0.215072
-58.000   -0.556334    0.916524    0.204725
-56.000   -0.574694    0.879669    0.194116
-54.000   -0.590378    0.841651    0.183296
-52.000   -0.603323    0.802662    0.172312
-50.000   -0.613478    0.762899    0.161214
-48.000   -0.620808    0.722564    0.150052
-46.000   -0.625293    0.681859    0.138874
-44.000   -0.626931    0.640989    0.127730
-42.000   -0.625735    0.600161    0.116669
-40.000   -0.621738    0.559579    0.105741
-38.000   -0.614989    0.519447    0.094994
-36.000   -0.605557    0.479967    0.084478
-34.000   -0.593530    0.441335    0.074242
-32.000   -0.579020    0.403746    0.064335
-30.000   -0.562163    0.367388    0.054806
-28.000   -0.543120    0.332442    0.045705
-26.000   -0.522088    0.299083    0.037081
-24.000   -0.499305    0.267478    0.028984
-22.000   -0.475061    0.237784    0.021461
-20.000   -0.449721    0.210151    0.014563
-18.000   -0.423758    0.184715    0.008339
-16.000   -0.397815    0.161604    0.002838
-14.000   -0.372816    0.140932   -0.001890
-12.000   -0.350199    0.122804   -0.005797
-10.000   -0.332410    0.107309   -0.008834
 -8.000   -0.324165    0.094525   -0.010950
 -6.000   -0.340409    0.086547   -0.012982
 -4.000   -0.319886    0.068921   -0.020982
 -2.000    0.127215    0.029183   -0.106222
  0.000    0.327500    0.025000   -0.103500
  2.000    0.523900    0.033820   -0.115100
  4.000    0.862600    0.039170   -0.142200
  6.000    1.187300    0.027880   -0.141500
  8.000    1.269422    0.044208   -0.096952
 10.000    1.246669    0.070069   -0.090797
 12.000    1.086265    0.082691   -0.093952
 14.000    0.995289    0.101142   -0.095427
 16.000    0.934022    0.122184   -0.097583
 18.000    0.891943    0.145713   -0.100381
 20.000    0.862680    0.171615   -0.103783
 22.000    0.842127    0.199762   -0.107751
 24.000    0.827502    0.230014   -0.112247
 26.000    0.816846    0.262224   -0.117231
 28.000    0.808732    0.296233   -0.122666
 30.000    0.802089    0.331873   -0.128513
 32.000    0.796100    0.368969   -0.134734
 34.000    0.790126    0.407337   -0.141291
 36.000    0.783665    0.446790   -0.148145
 38.000    0.776317    0.487132   -0.155258
 40.000    0.767763    0.528165   -0.162591
 42.000    0.757750    0.569686   -0.170107
 44.000    0.746078    0.611490   -0.177766
 46.000    0.732592    0.653372   -0.185531
 48.000    0.717176    0.695123   -0.193363
 50.000    0.699750    0.736539   -0.201224
 52.000    0.680261    0.777414   -0.209075
 54.000    0.658686    0.817546   -0.216878
 56.000    0.635024    0.856737   -0.224595
 58.000    0.609299    0.894792   -0.232187
 60.000    0.581553    0.931523   -0.239617
 62.000    0.551850    0.966747   -0.246845
 64.000    0.520269    1.000290   -0.253833
 66.000    0.486907    1.031984   -0.260543
 68.000    0.451875    1.061672   -0.266937
 70.000    0.415299    1.089205   -0.272976
 72.000    0.377318    1.114446   -0.278622
 74.000    0.338082    1.137268   -0.283836
 76.000    0.297750    1.157556   -0.288581
 78.000    0.256494    1.175207   -0.292817
 80.000    0.214491    1.190132   -0.296507
 82.000    0.171929    1.202253   -0.299612
 84.000    0.128999    1.211510   -0.302094
 86.000    0.085899    1.217851   -0.303914
 88.000    0.042831    1.221243   -0.305034
 90.000    0.000000    1.221664   -0.305416
