Viterna extrapolated polar
 alpha from -90.0 to 90.0 deg
 BLEND_WIDTH = 6.000 deg

 alpha        Cl          Cd          Cm
 ------   ---------   ---------   ---------
-90.000   -0.000000    1.221664    0.305416
-88.000   -0.042640    1.222678    0.304877
-86.000   -0.085132    1.220720    0.303294
-84.000   -0.127271    1.215809    0.300721
-82.000   -0.168852    1.207978    0.297208
-80.000   -0.209674    1.197275    0.292808
-78.000   -0.249541    1.183759    0.287573
-76.000   -0.288260    1.167507    0.281556
-74.000   -0.325646    1.148606    0.274808
-72.000   -0.361521    1.127158    0.267382
-70.000   -0.395714    1.103274    0.259330
-68.000   -0.428063    1.077082    0.250704
-66.000   -0.458415    1.048715    0.241556
-64.000   -0.486630    1.018322    0.231939
-62.000   -0.512576    0.986059    0.221905
-60.000   -0.536135    0.952091    0.211505
-58.000   -0.557201    0.916590    0.200792
-56.000   -0.575681    0.879739    0.189818
-54.000   -0.591497    0.841725    0.178636
-52.000   -0.604583    0.802739    0.167297
-50.000   -0.614891    0.762980    0.155853
-48.000   -0.622385    0.722648    0.144358
-46.000   -0.627050    0.681946    0.132863
-44.000   -0.628881    0.641080    0.121419
-42.000   -0.627897    0.600255    0.110080
-40.000   -0.624129    0.559676    0.098898
-38.000   -0.617631    0.519547    0.087924
-36.000   -0.608473    0.480069    0.077211
-34.000   -0.596749    0.441440    0.066812
-32.000   -0.582575    0.403853    0.056777
-30.000   -0.566091    0.367497    0.047160
-28.000   -0.547469    0.332553    0.038012
-26.000   -0.526915    0.299196    0.029386
-24.000   -0.504679    0.267593    0.021334
-22.000   -0.481071    0.237901    0.013908
-20.000   -0.456483    0.210269    0.007160
-18.000   -0.431424    0.184835    0.001143
-16.000   -0.406594    0.161725   -0.004092
-14.000   -0.383008    0.141055   -0.008491
-12.000   -0.362251    0.122927   -0.012004
-10.000   -0.347037    0.107433   -0.014578
 -8.000   -0.342428    0.096066   -0.016671
 -6.000   -0.361000    0.084640   -0.016700
 -4.000   -0.263495    0.056872   -0.037487
 -2.000    0.030400    0.024940   -0.066000
  0.000    0.200300    0.022970   -0.064000
  2.000    0.483200    0.030630   -0.091500
  4.000    0.741400    0.036910   -0.107000
  6.000    1.052383    0.029419   -0.096944
  8.000    1.095651    0.031228   -0.064837
 10.000    0.931491    0.040357   -0.066961
 12.000    0.842105    0.055016   -0.068456
 14.000    0.788809    0.073688   -0.070617
 16.000    0.756157    0.094985   -0.073489
 18.000    0.736641    0.118804   -0.077029
 20.000    0.725698    0.145027   -0.081198
 22.000    0.720367    0.173528   -0.085955
 24.000    0.718636    0.204166   -0.091258
 26.000    0.719072    0.236794   -0.097066
 28.000    0.720626    0.271251   -0.103340
 30.000    0.722503    0.307370   -0.110037
 32.000    0.724092    0.344974   -0.117118
 34.000    0.724913    0.383880   -0.124540
 36.000    0.724585    0.423900   -0.132264
 38.000    0.722803    0.464836   -0.140249
 40.000    0.719325    0.506490   -0.148453
 42.000    0.713959    0.548659   -0.156836
 44.000    0.706555    0.591137   -0.165357
 46.000    0.696999    0.633717   -0.173975
 48.000    0.685210    0.676191   -0.182649
 50.000    0.671133    0.718352   -0.191339
 52.000    0.654740    0.759995   -0.200002
 54.000    0.636027    0.800916   -0.208600
 56.000    0.615012    0.840915   -0.217090
 58.000    0.591730    0.879799   -0.225432
 60.000    0.566237    0.917376   -0.233586
 62.000    0.538605    0.953464   -0.241509
 64.000    0.508925    0.987887   -0.249161
 66.000    0.477298    1.020476   -0.256502
 68.000    0.443845    1.051073   -0.263491
 70.000    0.408695    1.079528   -0.270086
 72.000    0.371991    1.105703   -0.276247
 74.000    0.333888    1.129469   -0.281933
 76.000    0.294550    1.150711   -0.287103
 78.000    0.254149    1.169324   -0.291717
 80.000    0.212867    1.185218   -0.295732
 82.000    0.170891    1.198316   -0.299109
 84.000    0.128416    1.208552   -0.301807
 86.000    0.085641    1.215877   -0.303785
 88.000    0.042767    1.220255   -0.305001
 90.000    0.000000    1.221664   -0.305416
