Viterna extrapolated polar
 alpha from -90.0 to 90.0 deg
 BLEND_WIDTH = 6.000 deg

 alpha        Cl          Cd          Cm
 ------   ---------   ---------   ---------
-90.000   -0.000000    1.221664    0.305416
-88.000   -0.042637    1.222951    0.304865
-86.000   -0.085122    1.221265    0.303249
-84.000   -0.127249    1.216626    0.300621
-82.000   -0.168813    1.209065    0.297035
-80.000   -0.209614    1.198631    0.292544
-78.000   -0.249454    1.185383    0.287202
-76.000   -0.288141    1.169397    0.281062
-74.000   -0.325491    1.150759    0.274179
-72.000   -0.361324    1.129571    0.266605
-70.000   -0.395469    1.105946    0.258395
-68.000   -0.427765    1.080008    0.249602
-66.000   -0.458059    1.051892    0.240279
-64.000   -0.486209    1.021746    0.230481
-62.000   -0.512085    0.989726    0.220260
-60.000   -0.535567    0.955996    0.209671
-58.000   -0.556549    0.920730    0.198767
-56.000   -0.574939    0.884107    0.187601
-54.000   -0.590656    0.846316    0.176228
-52.000   -0.603636    0.807548    0.164701
-50.000   -0.613829    0.768001    0.153073
-48.000   -0.621200    0.727874    0.141398
-46.000   -0.625729    0.687372    0.129730
-44.000   -0.627415    0.646699    0.118122
-42.000   -0.626272    0.606059    0.106628
-40.000   -0.622332    0.565659    0.095302
-38.000   -0.615645    0.525702    0.084197
-36.000   -0.606281    0.486388    0.073366
-34.000   -0.594330    0.447915    0.062864
-32.000   -0.579904    0.410477    0.052744
-30.000   -0.563139    0.374261    0.043059
-28.000   -0.544200    0.339449    0.033864
-26.000   -0.523288    0.306216    0.025212
-24.000   -0.500641    0.274728    0.017156
-22.000   -0.476555    0.245143    0.009749
-20.000   -0.451401    0.217609    0.003047
-18.000   -0.425663    0.192263   -0.002898
-16.000   -0.399996    0.169233   -0.008033
-14.000   -0.375349    0.148633   -0.012302
-12.000   -0.353193    0.130567   -0.015654
-10.000   -0.336044    0.115125   -0.018034
 -8.000   -0.334349    0.104574   -0.018437
 -6.000   -0.328978    0.090889   -0.022154
 -4.000   -0.165257    0.060948   -0.068618
 -2.000    0.224556    0.032424   -0.123711
  0.000    0.588800    0.016270   -0.154700
  2.000    0.897700    0.010430   -0.169600
  4.000    1.134200    0.012180   -0.171300
  6.000    1.300217    0.018527   -0.150484
  8.000    1.343358    0.026582   -0.136103
 10.000    1.138686    0.039743   -0.136457
 12.000    1.006256    0.056318   -0.137409
 14.000    0.927628    0.074980   -0.138884
 16.000    0.875737    0.096265   -0.140869
 18.000    0.841052    0.120070   -0.143333
 20.000    0.817793    0.146278   -0.146249
 22.000    0.802228    0.174762   -0.149586
 24.000    0.791828    0.205383   -0.153315
 26.000    0.784807    0.237990   -0.157408
 28.000    0.779861    0.272426   -0.161836
 30.000    0.776010    0.308523   -0.166568
 32.000    0.772504    0.346103   -0.171575
 34.000    0.768756    0.384984   -0.176830
 36.000    0.764305    0.424977   -0.182301
 38.000    0.758781    0.465885   -0.187961
 40.000    0.751891    0.507510   -0.193779
 42.000    0.743400    0.549649   -0.199727
 44.000    0.733127    0.592095   -0.205775
 46.000    0.720928    0.634642   -0.211895
 48.000    0.706701    0.677082   -0.218057
 50.000    0.690372    0.719208   -0.224231
 52.000    0.671898    0.760814   -0.230389
 54.000    0.651261    0.801698   -0.236501
 56.000    0.628466    0.841660   -0.242539
 58.000    0.603541    0.880504   -0.248472
 60.000    0.576534    0.918042   -0.254272
 62.000    0.547510    0.954089   -0.259910
 64.000    0.516551    0.988470   -0.265356
 66.000    0.483758    1.021018   -0.270581
 68.000    0.449243    1.051572   -0.275556
 70.000    0.413135    1.079984   -0.280251
 72.000    0.375573    1.106114   -0.284638
 74.000    0.336707    1.129836   -0.288687
 76.000    0.296701    1.151033   -0.292370
 78.000    0.255725    1.169601   -0.295656
 80.000    0.213959    1.185450   -0.298516
 82.000    0.171589    1.198501   -0.300922
 84.000    0.128808    1.208691   -0.302845
 86.000    0.085815    1.215970   -0.304254
 88.000    0.042810    1.220302   -0.305121
 90.000    0.000000    1.221664   -0.305416
