Viterna extrapolated polar
 alpha from -90.0 to 90.0 deg
 BLEND_WIDTH = 6.000 deg

 alpha        Cl          Cd          Cm
 ------   ---------   ---------   ---------
-90.000   -0.000000    1.221664    0.305416
-88.000   -0.042641    1.222950    0.304861
-86.000   -0.085137    1.221264    0.303231
-84.000   -0.127281    1.216625    0.300581
-82.000   -0.168870    1.209064    0.296965
-80.000   -0.209702    1.198629    0.292437
-78.000   -0.249581    1.185381    0.287051
-76.000   -0.288316    1.169394    0.280860
-74.000   -0.325719    1.150756    0.273920
-72.000   -0.361614    1.129568    0.266283
-70.000   -0.395829    1.105942    0.258005
-68.000   -0.428202    1.080004    0.249138
-66.000   -0.458582    1.051888    0.239738
-64.000   -0.486827    1.021742    0.229859
-62.000   -0.512806    0.989721    0.219553
-60.000   -0.536401    0.955991    0.208876
-58.000   -0.557506    0.920724    0.197881
-56.000   -0.576029    0.884102    0.186623
-54.000   -0.591890    0.846310    0.175155
-52.000   -0.605026    0.807542    0.163532
-50.000   -0.615388    0.767994    0.151808
-48.000   -0.622941    0.727868    0.140036
-46.000   -0.627668    0.687365    0.128271
-44.000   -0.629568    0.646691    0.116567
-42.000   -0.628657    0.606052    0.104977
-40.000   -0.624970    0.565652    0.093557
-38.000   -0.618560    0.525694    0.082359
-36.000   -0.609499    0.486380    0.071439
-34.000   -0.597882    0.447907    0.060850
-32.000   -0.583825    0.410468    0.050646
-30.000   -0.567473    0.374252    0.040881
-28.000   -0.548999    0.339441    0.031609
-26.000   -0.528613    0.306207    0.022885
-24.000   -0.506570    0.274719    0.014762
-22.000   -0.483186    0.245134    0.007294
-20.000   -0.458862    0.217599    0.000536
-18.000   -0.434121    0.192254   -0.005459
-16.000   -0.409684    0.169223   -0.010636
-14.000   -0.386595    0.148624   -0.014941
-12.000   -0.366491    0.130558   -0.018321
-10.000   -0.352183    0.115115   -0.020720
 -8.000   -0.348834    0.103581   -0.021188
 -6.000   -0.343818    0.088787   -0.029574
 -4.000   -0.118473    0.057350   -0.076416
 -2.000    0.266600    0.029415   -0.130163
  0.000    0.673700    0.011390   -0.164900
  2.000    0.935300    0.008860   -0.177100
  4.000    1.128200    0.011850   -0.170600
  6.000    1.287819    0.018415   -0.153385
  8.000    1.375500    0.027770   -0.133200
 10.000    1.181289    0.039948   -0.133480
 12.000    1.036825    0.056866   -0.134389
 14.000    0.953479    0.075524   -0.135831
 16.000    0.898006    0.096804   -0.137798
 18.000    0.860496    0.120603   -0.140259
 20.000    0.834943    0.146805   -0.143185
 22.000    0.817472    0.175282   -0.146546
 24.000    0.805458    0.205895   -0.150311
 26.000    0.797048    0.238494   -0.154452
 28.000    0.790892    0.272921   -0.158937
 30.000    0.785974    0.309008   -0.163737
 32.000    0.781519    0.346578   -0.168822
 34.000    0.776921    0.385449   -0.174162
 36.000    0.771702    0.425430   -0.179727
 38.000    0.765481    0.466327   -0.185486
 40.000    0.757955    0.507940   -0.191411
 42.000    0.748883    0.550065   -0.197470
 44.000    0.738075    0.592498   -0.203635
 46.000    0.725385    0.635031   -0.209874
 48.000    0.710703    0.677457   -0.216158
 50.000    0.693955    0.719568   -0.222458
 52.000    0.675093    0.761159   -0.228742
 54.000    0.654098    0.802028   -0.234981
 56.000    0.630972    0.841973   -0.241146
 58.000    0.605741    0.880801   -0.247205
 60.000    0.578452    0.918322   -0.253130
 62.000    0.549168    0.954352   -0.258889
 64.000    0.517972    0.988716   -0.264454
 66.000    0.484961    1.021246   -0.269794
 68.000    0.450249    1.051782   -0.274879
 70.000    0.413962    1.080175   -0.279679
 72.000    0.376239    1.106287   -0.284164
 74.000    0.337232    1.129990   -0.288305
 76.000    0.297102    1.151168   -0.292070
 78.000    0.256019    1.169717   -0.295431
 80.000    0.214162    1.185547   -0.298357
 82.000    0.171719    1.198579   -0.300818
 84.000    0.128881    1.208750   -0.302785
 86.000    0.085847    1.216009   -0.304227
 88.000    0.042818    1.220321   -0.305114
 90.000    0.000000    1.221664   -0.305416
