Viterna extrapolated polar
 alpha from -90.0 to 90.0 deg
 BLEND_WIDTH = 6.000 deg

 alpha        Cl          Cd          Cm
 ------   ---------   ---------   ---------
-90.000   -0.000000    1.221664    0.305416
-88.000   -0.042646    1.220456    0.304698
-86.000   -0.085159    1.216280    0.302592
-84.000   -0.127331    1.209155    0.299167
-82.000   -0.168958    1.199119    0.294494
-80.000   -0.209841    1.186220    0.288643
-78.000   -0.249781    1.170524    0.281684
-76.000   -0.288588    1.152106    0.273688
-74.000   -0.326077    1.131059    0.264726
-72.000   -0.362068    1.107486    0.254867
-70.000   -0.396392    1.081502    0.244182
-68.000   -0.428887    1.053234    0.232741
-66.000   -0.459401    1.022823    0.220614
-64.000   -0.487794    0.990416    0.207872
-62.000   -0.513935    0.956173    0.194585
-60.000   -0.537707    0.920261    0.180823
-58.000   -0.559004    0.882856    0.166657
-56.000   -0.577735    0.844142    0.152157
-54.000   -0.593822    0.804307    0.137394
-52.000   -0.607202    0.763547    0.122437
-50.000   -0.617828    0.722061    0.107357
-48.000   -0.625666    0.680052    0.092224
-46.000   -0.630702    0.637725    0.077109
-44.000   -0.632938    0.595287    0.062081
-42.000   -0.632391    0.552947    0.047212
-40.000   -0.629100    0.510910    0.032571
-38.000   -0.623123    0.469383    0.018230
-36.000   -0.614537    0.428567    0.004257
-34.000   -0.603442    0.388664   -0.009276
-32.000   -0.589965    0.349867   -0.022299
-30.000   -0.574259    0.312366   -0.034742
-28.000   -0.556511    0.276345   -0.046535
-26.000   -0.536949    0.241980   -0.057607
-24.000   -0.515852    0.209437   -0.067888
-22.000   -0.493568    0.178877   -0.077308
-20.000   -0.470541    0.150449   -0.085795
-18.000   -0.447363    0.124291   -0.093281
-16.000   -0.424849    0.100532   -0.099695
-14.000   -0.404200    0.079286   -0.104966
-12.000   -0.387309    0.060659   -0.109023
-10.000   -0.377450    0.044741   -0.111798
 -8.000   -0.381898    0.043795   -0.098307
 -6.000   -0.285173    0.024226   -0.117548
 -4.000    0.055200    0.020260   -0.132100
 -2.000    0.358600    0.015290   -0.144300
  0.000    0.663900    0.012770   -0.157900
  2.000    0.850200    0.013290   -0.148500
  4.000    1.000700    0.014540   -0.132300
  6.000    1.156800    0.017440   -0.119700
  8.000    1.300400    0.021090   -0.106300
 10.000    1.399800    0.026000   -0.088800
 12.000    1.496200    0.033070   -0.075100
 14.000    1.572187    0.043677   -0.063322
 16.000    1.580500    0.063610   -0.058600
 18.000    1.463225    0.088085   -0.059514
 20.000    1.360565    0.114356   -0.060686
 22.000    1.284679    0.143265   -0.063205
 24.000    1.223193    0.174348   -0.066630
 26.000    1.172222    0.207457   -0.070904
 28.000    1.128967    0.242432   -0.075966
 30.000    1.091357    0.279103   -0.081760
 32.000    1.057822    0.317294   -0.088226
 34.000    1.027152    0.356821   -0.095306
 36.000    0.998401    0.397493   -0.102941
 38.000    0.970822    0.439115   -0.111074
 40.000    0.943819    0.481487   -0.119645
 42.000    0.916914    0.524403   -0.128596
 44.000    0.889728    0.567658   -0.137869
 46.000    0.861957    0.611043   -0.147405
 48.000    0.833363    0.654351   -0.157145
 50.000    0.803763    0.697372   -0.167032
 52.000    0.773021    0.739899   -0.177006
 54.000    0.741040    0.781730   -0.187010
 56.000    0.707761    0.822663   -0.196984
 58.000    0.673155    0.862502   -0.206871
 60.000    0.637223    0.901056   -0.216611
 62.000    0.599988    0.938141   -0.226147
 64.000    0.561500    0.973578   -0.235420
 66.000    0.521829    1.007200   -0.244371
 68.000    0.481062    1.038846   -0.252942
 70.000    0.439306    1.068365   -0.261075
 72.000    0.396681    1.095617   -0.268710
 74.000    0.353324    1.120472   -0.275790
 76.000    0.309382    1.142814   -0.282256
 78.000    0.265016    1.162538   -0.288050
 80.000    0.220396    1.179550   -0.293113
 82.000    0.175701    1.193773   -0.297386
 84.000    0.131118    1.205140   -0.300811
 86.000    0.086840    1.213600   -0.303331
 88.000    0.043066    1.219116   -0.304885
 90.000    0.000000    1.221664   -0.305416
