# APC 12x55MR | blades: 2 | radius: 0.15239999999999998 m | AR: 6.203573654354045

# r/R           station [m]     chord [m]       t/c             twist [deg]      sweep [m]       airfoil
0.160000000     0.024384000     0.021412200     0.165200000     33.964200000     0.010358120     Airfoil_rR0.160000.txt
0.176550000     0.026906220     0.023147020     0.148800000     35.082200000     0.010726420     Airfoil_rR0.176550.txt
0.202683333     0.030888940     0.025577800     0.128200000     34.733200000     0.011244580     Airfoil_rR0.202683.txt
0.229383333     0.034958020     0.027683460     0.112800000     32.457600000     0.011694160     Airfoil_rR0.229383.txt
0.256066667     0.039024560     0.029403040     0.102100000     29.671800000     0.012065000     Airfoil_rR0.256067.txt
0.282766667     0.043093640     0.030744160     0.095200000     27.291900000     0.012364720     Airfoil_rR0.282767.txt
0.309450000     0.047160180     0.031709360     0.090900000     25.241900000     0.012590780     Airfoil_rR0.309450.txt
0.336133333     0.051226720     0.032301180     0.088400000     23.462000000     0.012745720     Airfoil_rR0.336133.txt
0.362833333     0.055295800     0.032519620     0.086500000     21.904900000     0.012834620     Airfoil_rR0.362833.txt
0.389516667     0.059362340     0.032372300     0.084800000     20.533200000     0.012857480     Airfoil_rR0.389517.txt
0.416200000     0.063428880     0.032042100     0.083200000     19.317000000     0.012816840     Airfoil_rR0.416200.txt
0.442900000     0.067497960     0.031628080     0.081900000     18.232100000     0.012712700     Airfoil_rR0.442900.txt
0.469583333     0.071564500     0.031132780     0.080700000     17.259100000     0.012552680     Airfoil_rR0.469583.txt
0.496283333     0.075633580     0.030561280     0.079700000     16.381900000     0.012334240     Airfoil_rR0.496283.txt
0.522966667     0.079700120     0.029916120     0.078800000     15.587500000     0.012062460     Airfoil_rR0.522967.txt
0.549650000     0.083766660     0.029197300     0.078000000     14.865000000     0.011739880     Airfoil_rR0.549650.txt
0.576350000     0.087835740     0.028412440     0.077400000     14.205100000     0.011363960     Airfoil_rR0.576350.txt
0.603033333     0.091902280     0.027559000     0.076900000     13.600200000     0.010942320     Airfoil_rR0.603033.txt
0.629716667     0.095968820     0.026644600     0.076600000     13.043900000     0.010477500     Airfoil_rR0.629717.txt
0.656416667     0.100037900     0.025669240     0.076300000     12.530700000     0.009966960     Airfoil_rR0.656417.txt
0.683100000     0.104104440     0.024635460     0.076100000     12.055700000     0.009415780     Airfoil_rR0.683100.txt
0.709800000     0.108173520     0.023548340     0.076000000     11.614900000     0.008826500     Airfoil_rR0.709800.txt
0.736483333     0.112240060     0.022407880     0.076000000     11.204800000     0.008199120     Airfoil_rR0.736483.txt
0.763166667     0.116306600     0.021221700     0.076100000     10.822400000     0.007538720     Airfoil_rR0.763167.txt
0.789866667     0.120375680     0.019987260     0.076200000     10.464900000     0.006845300     Airfoil_rR0.789867.txt
0.816550000     0.124442220     0.018709640     0.076400000     10.130100000     0.006123940     Airfoil_rR0.816550.txt
0.843233333     0.128508760     0.017391380     0.076600000     9.815800000     0.005374640     Airfoil_rR0.843233.txt
0.869933333     0.132577840     0.016035020     0.076900000     9.520200000     0.004599940     Airfoil_rR0.869933.txt
0.896616667     0.136644380     0.014645640     0.077100000     9.241800000     0.003802380     Airfoil_rR0.896617.txt
0.923316667     0.140713460     0.013223240     0.077400000     8.979100000     0.002984500     Airfoil_rR0.923317.txt
0.948866667     0.144607280     0.011831320     0.077700000     8.741000000     0.002179320     Airfoil_rR0.948867.txt
0.955050000     0.145549620     0.011414760     0.077800000     8.685300000     0.001907540     Airfoil_rR0.955050.txt
0.960100000     0.146319240     0.010990580     0.077900000     8.640300000     0.001602740     Airfoil_rR0.960100.txt
0.965150000     0.147088860     0.010480040     0.077900000     8.595700000     0.001211580     Airfoil_rR0.965150.txt
0.970200000     0.147858480     0.009870440     0.078000000     8.551700000     0.000723900     Airfoil_rR0.970200.txt
0.975250000     0.148628100     0.009141460     0.078000000     8.508000000     0.000119380     Airfoil_rR0.975250.txt
0.980300000     0.149397720     0.008257540     0.078100000     8.464800000     -0.000640080     Airfoil_rR0.980300.txt
0.985350000     0.150167340     0.007152640     0.078200000     8.422100000     -0.001615440     Airfoil_rR0.985350.txt
0.990400000     0.150936960     0.005664200     0.078200000     8.379700000     -0.002971800     Airfoil_rR0.990400.txt
0.995450000     0.151706580     0.003167380     0.078300000     8.337800000     -0.005323840     Airfoil_rR0.995450.txt
1.000000000     0.152400000     0.000449580     0.078300000     8.304600000     -0.007909560     Airfoil_rR1.000000.txt