Smoothened XFOIL polar
 10-point moving average applied

   alpha    CL        CD       CDp       CM
  ------ -------- --------- --------- --------
 -20.000  -0.3373   0.23133   0.22166  -0.0208
 -19.750  -0.3320   0.22978   0.22015  -0.0219
 -19.500  -0.3266   0.22818   0.21860  -0.0228
 -19.250  -0.3208   0.22649   0.21695  -0.0237
 -19.000  -0.3144   0.22466   0.21515  -0.0244
 -18.750  -0.3064   0.22241   0.21295  -0.0250
 -18.500  -0.2970   0.21981   0.21039  -0.0254
 -18.250  -0.2919   0.21828   0.20890  -0.0261
 -18.000  -0.2857   0.21629   0.20695  -0.0267
 -17.750  -0.2782   0.21400   0.20469  -0.0271
 -17.500  -0.2721   0.21219   0.20292  -0.0276
 -17.250  -0.2662   0.21034   0.20111  -0.0281
 -17.000  -0.2606   0.20840   0.19921  -0.0286
 -16.750  -0.2536   0.20614   0.19701  -0.0288
 -16.500  -0.2453   0.20364   0.19456  -0.0289
 -16.250  -0.2407   0.20205   0.19302  -0.0292
 -16.000  -0.2366   0.20034   0.19136  -0.0295
 -15.750  -0.2309   0.19830   0.18938  -0.0296
 -15.500  -0.2250   0.19637   0.18750  -0.0296
 -15.250  -0.2195   0.19443   0.18562  -0.0296
 -15.000  -0.2179   0.19139   0.18256  -0.0299
 -14.750  -0.2040   0.19050   0.18191  -0.0288
 -14.250  -0.1928   0.18918   0.18079  -0.0279
 -14.000  -0.1851   0.18775   0.17951  -0.0273
 -13.750  -0.1795   0.18588   0.17774  -0.0267
 -13.500  -0.1787   0.18419   0.17611  -0.0265
 -13.250  -0.1801   0.18211   0.17403  -0.0263
 -13.000  -0.1812   0.17896   0.17084  -0.0260
 -12.750  -0.1877   0.17574   0.16753  -0.0259
 -12.250  -0.1833   0.17485   0.16682  -0.0244
 -12.000  -0.1826   0.17296   0.16500  -0.0233
 -11.750  -0.1827   0.17136   0.16347  -0.0223
 -11.500  -0.1818   0.16955   0.16173  -0.0210
 -11.250  -0.1837   0.16821   0.16048  -0.0197
 -11.000  -0.1856   0.16665   0.15903  -0.0182
 -10.500  -0.1871   0.16482   0.15732  -0.0163
 -10.250  -0.1954   0.16357   0.15620  -0.0144
 -10.000  -0.2009   0.16199   0.15475  -0.0123
  -9.500  -0.2082   0.16070   0.15358  -0.0103
  -9.250  -0.2153   0.15974   0.15273  -0.0085
  -9.000  -0.2218   0.15870   0.15180  -0.0067
  -8.750  -0.2276   0.15777   0.15097  -0.0049
  -8.500  -0.2377   0.15737   0.15067  -0.0027
  -8.250  -0.2436   0.15675   0.15013  -0.0006
  -8.000  -0.2437   0.15552   0.14897  -0.0010
  -7.750  -0.2296   0.15310   0.14660  -0.0038
  -7.500  -0.2079   0.15005   0.14357  -0.0085
  -7.000  -0.1823   0.14590   0.13942  -0.0140
  -6.750  -0.1417   0.14267   0.13621  -0.0213
  -6.500  -0.1062   0.13922   0.13278  -0.0277
  -6.250  -0.0810   0.13614   0.12972  -0.0321
  -6.000  -0.0592   0.13316   0.12676  -0.0353
  -5.500  -0.0412   0.13000   0.12360  -0.0383
  -5.250  -0.0251   0.12667   0.12027  -0.0405
  -5.000  -0.0113   0.12340   0.11700  -0.0420
  -4.750  -0.0019   0.12004   0.11363  -0.0427
  -4.500   0.0176   0.11788   0.11150  -0.0441
  -4.250   0.0282   0.11547   0.10911  -0.0444
  -3.750   0.0366   0.11323   0.10689  -0.0442
  -3.500   0.0441   0.11114   0.10483  -0.0436
  -3.250   0.0445   0.10953   0.10326  -0.0420
  -3.000   0.0500   0.10785   0.10160  -0.0408
  -2.750   0.0698   0.10749   0.10131  -0.0374
  -2.500   0.0596   0.10608   0.09994  -0.0355
  -2.250   0.0366   0.10221   0.09600  -0.0379
  -2.000   0.0107   0.09643   0.09003  -0.0443
  -1.750  -0.0105   0.08963   0.08294  -0.0536
  -1.250  -0.0217   0.08285   0.07587  -0.0638
  -1.000  -0.0200   0.07717   0.06987  -0.0733
  -0.750   0.0074   0.07322   0.06568  -0.0808
  -0.500   0.0522   0.07262   0.06497  -0.0828
  -0.250   0.0742   0.07277   0.06504  -0.0838
   0.000   0.0974   0.07256   0.06470  -0.0858
   0.250   0.1202   0.07249   0.06452  -0.0876
   0.500   0.1445   0.07245   0.06438  -0.0893
   0.750   0.1692   0.07253   0.06440  -0.0906
   1.000   0.1933   0.07275   0.06457  -0.0916
   1.250   0.2136   0.07335   0.06515  -0.0919
   1.500   0.2315   0.07424   0.06604  -0.0919
   1.750   0.2493   0.07530   0.06707  -0.0920
   2.000   0.2617   0.07687   0.06861  -0.0920
   2.250   0.2702   0.07887   0.07061  -0.0918
   2.500   0.2810   0.08079   0.07252  -0.0919
   2.750   0.2933   0.08259   0.07432  -0.0918
   3.000   0.3109   0.08372   0.07544  -0.0914
   3.250   0.3054   0.08724   0.07901  -0.0915
   3.500   0.3059   0.09028   0.08208  -0.0916
   3.750   0.3124   0.09148   0.08327  -0.0916
   4.000   0.3098   0.09591   0.08777  -0.0919
   4.250   0.3045   0.10227   0.09424  -0.0926
   4.500   0.3037   0.10926   0.10136  -0.0934
   6.000   0.3116   0.11597   0.10818  -0.0945
   6.250   0.3247   0.12186   0.11420  -0.0950
   6.500   0.3230   0.12862   0.12118  -0.0951
   6.750   0.3353   0.13179   0.12459  -0.0940
   7.250   0.3524   0.13189   0.12486  -0.0927
   7.500   0.3638   0.13371   0.12683  -0.0923
   7.750   0.3757   0.13551   0.12868  -0.0926
   8.000   0.3911   0.13777   0.13084  -0.0940
   8.250   0.4091   0.14029   0.13313  -0.0961
   8.500   0.4260   0.14299   0.13556  -0.0982
   9.000   0.4488   0.14682   0.13913  -0.0999
   9.250   0.4674   0.14996   0.14210  -0.1008
   9.500   0.5066   0.15412   0.14597  -0.1047
  10.250   0.5022   0.15856   0.15039  -0.1014
  10.500   0.5148   0.16473   0.15649  -0.1001
  11.500   0.5374   0.17162   0.16324  -0.1005
  13.000   0.5669   0.17846   0.16993  -0.1021
  13.250   0.5981   0.18413   0.17544  -0.1049
  13.500   0.6350   0.18923   0.18036  -0.1087
  13.750   0.6680   0.19214   0.18310  -0.1133
  14.000   0.7067   0.19450   0.18526  -0.1188
  14.250   0.6977   0.19603   0.18688  -0.1168
  14.500   0.7075   0.19810   0.18892  -0.1179
  14.750   0.7184   0.20043   0.19122  -0.1189
  15.000   0.7299   0.20281   0.19357  -0.1200
  15.250   0.7409   0.20512   0.19587  -0.1210
  15.500   0.7518   0.20739   0.19812  -0.1221
  15.750   0.7612   0.20938   0.20008  -0.1231
  16.000   0.7708   0.21134   0.20202  -0.1242
  16.250   0.7823   0.21382   0.20447  -0.1257
  16.500   0.7948   0.21648   0.20710  -0.1274
  17.000   0.8109   0.21986   0.21044  -0.1292
  17.500   0.8217   0.22214   0.21270  -0.1308
  17.750   0.8397   0.22593   0.21646  -0.1326
  18.000   0.8568   0.22970   0.22020  -0.1349
  18.250   0.8735   0.23321   0.22370  -0.1371
  19.250   0.8913   0.23707   0.22754  -0.1397
  19.500   0.9079   0.24073   0.23118  -0.1420
  19.750   0.9222   0.24394   0.23439  -0.1438
  20.000   0.9333   0.24650   0.23694  -0.1450
