Smoothened XFOIL polar
 10-point moving average applied

   alpha    CL        CD       CDp       CM
  ------ -------- --------- --------- --------
 -14.750  -0.3299   0.16557   0.16143  -0.0235
  -9.250  -0.3441   0.12733   0.12432  -0.0238
  -8.250  -0.3357   0.09424   0.09127  -0.0332
  -7.750  -0.3102   0.06649   0.06279  -0.0482
  -6.000  -0.2730   0.04425   0.03938  -0.0655
  -5.750  -0.2339   0.03136   0.02544  -0.0780
  -5.500  -0.1891   0.01745   0.01055  -0.0897
  -5.250  -0.1414   0.01024   0.00267  -0.0956
  -5.000  -0.1121   0.01252   0.00475  -0.0929
  -4.750  -0.0743   0.01416   0.00665  -0.0948
  -4.500  -0.0386   0.01412   0.00665  -0.0969
  -4.250  -0.0042   0.01400   0.00657  -0.0987
  -4.000   0.0302   0.01375   0.00635  -0.1005
  -3.750   0.0625   0.01338   0.00601  -0.1017
  -3.500   0.0940   0.01297   0.00564  -0.1028
  -3.250   0.1243   0.01254   0.00526  -0.1035
  -3.000   0.1539   0.01208   0.00486  -0.1040
  -2.750   0.1829   0.01169   0.00456  -0.1045
  -2.500   0.2112   0.01134   0.00431  -0.1048
  -2.250   0.2391   0.01103   0.00410  -0.1050
  -2.000   0.2670   0.01074   0.00392  -0.1051
  -1.750   0.2946   0.01047   0.00378  -0.1054
  -1.500   0.3189   0.01010   0.00370  -0.1049
  -1.250   0.3443   0.00964   0.00364  -0.1045
  -1.000   0.3707   0.00915   0.00359  -0.1042
  -0.750   0.3978   0.00871   0.00354  -0.1041
  -0.500   0.4256   0.00838   0.00349  -0.1040
  -0.250   0.4540   0.00820   0.00341  -0.1040
   0.000   0.4826   0.00818   0.00332  -0.1041
   0.250   0.5106   0.00827   0.00324  -0.1043
   0.500   0.5353   0.00837   0.00320  -0.1038
   0.750   0.5614   0.00846   0.00318  -0.1035
   1.000   0.5872   0.00855   0.00317  -0.1032
   1.250   0.6128   0.00866   0.00317  -0.1028
   1.500   0.6380   0.00878   0.00316  -0.1024
   1.750   0.6629   0.00892   0.00316  -0.1019
   2.000   0.6853   0.00905   0.00314  -0.1014
   2.250   0.7112   0.00923   0.00315  -0.1008
   2.500   0.7398   0.00947   0.00321  -0.1002
   2.750   0.7700   0.00973   0.00330  -0.0996
   3.250   0.8010   0.01000   0.00342  -0.0991
   3.500   0.8316   0.01026   0.00355  -0.0986
   3.750   0.8606   0.01052   0.00369  -0.0981
   4.000   0.8867   0.01078   0.00384  -0.0977
   4.250   0.9089   0.01101   0.00399  -0.0973
   4.500   0.9336   0.01125   0.00416  -0.0969
   4.750   0.9583   0.01148   0.00433  -0.0965
   5.000   0.9830   0.01169   0.00449  -0.0961
   5.250   1.0056   0.01206   0.00471  -0.0954
   5.500   1.0250   0.01270   0.00504  -0.0943
   5.750   1.0418   0.01358   0.00550  -0.0928
   6.000   1.0567   0.01464   0.00608  -0.0910
   6.250   1.0713   0.01576   0.00673  -0.0893
   6.500   1.0874   0.01677   0.00737  -0.0877
   6.750   1.1051   0.01761   0.00797  -0.0864
   7.000   1.1240   0.01811   0.00838  -0.0857
   7.250   1.1443   0.01859   0.00878  -0.0848
   7.500   1.1667   0.01916   0.00924  -0.0837
   7.750   1.1919   0.01991   0.00985  -0.0822
   8.250   1.2205   0.02098   0.01067  -0.0799
