Smoothened XFOIL polar
 10-point moving average applied

   alpha    CL        CD       CDp       CM
  ------ -------- --------- --------- --------
 -18.500  -0.3550   0.21208   0.20776  -0.0260
 -18.250  -0.3771   0.20213   0.19767  -0.0276
 -17.000  -0.3746   0.18996   0.18553  -0.0295
 -14.250  -0.3559   0.17676   0.17248  -0.0313
 -14.000  -0.3290   0.16373   0.15965  -0.0328
 -13.000  -0.2989   0.15149   0.14761  -0.0339
 -12.000  -0.2968   0.14474   0.14087  -0.0319
 -11.250  -0.2901   0.14185   0.13808  -0.0316
 -11.000  -0.3002   0.13553   0.13180  -0.0311
 -10.750  -0.3116   0.13014   0.12643  -0.0299
 -10.250  -0.3017   0.12940   0.12570  -0.0260
  -9.250  -0.3385   0.11733   0.11369  -0.0302
  -9.000  -0.3559   0.11322   0.10982  -0.0262
  -8.750  -0.3808   0.10083   0.09728  -0.0320
  -8.500  -0.4028   0.08547   0.08168  -0.0437
  -8.250  -0.4228   0.06922   0.06510  -0.0604
  -7.750  -0.4252   0.05384   0.04937  -0.0771
  -7.500  -0.4141   0.04171   0.03687  -0.0916
  -7.250  -0.3718   0.03659   0.03133  -0.1010
  -7.000  -0.3586   0.02719   0.02158  -0.1110
  -6.750  -0.3116   0.03166   0.02580  -0.1077
  -6.500  -0.2751   0.02908   0.02268  -0.1112
  -6.250  -0.2385   0.02736   0.02053  -0.1137
  -6.000  -0.2013   0.02561   0.01840  -0.1165
  -5.750  -0.1633   0.02442   0.01699  -0.1190
  -5.500  -0.1268   0.02350   0.01598  -0.1210
  -5.250  -0.0887   0.02254   0.01493  -0.1233
  -5.000  -0.0516   0.02165   0.01399  -0.1253
  -4.750  -0.0144   0.02078   0.01311  -0.1273
  -4.500   0.0230   0.01999   0.01231  -0.1292
  -4.250   0.0589   0.01925   0.01157  -0.1309
  -4.000   0.0966   0.01853   0.01089  -0.1329
  -3.750   0.1329   0.01790   0.01032  -0.1346
  -3.500   0.1702   0.01731   0.00978  -0.1365
  -3.250   0.2081   0.01671   0.00925  -0.1385
  -3.000   0.2462   0.01614   0.00876  -0.1406
  -2.750   0.2846   0.01558   0.00829  -0.1426
  -2.500   0.3229   0.01506   0.00787  -0.1447
  -2.250   0.3610   0.01457   0.00749  -0.1466
  -2.000   0.3993   0.01410   0.00711  -0.1486
  -1.750   0.4354   0.01368   0.00681  -0.1503
  -1.500   0.4713   0.01328   0.00653  -0.1518
  -1.250   0.5051   0.01293   0.00631  -0.1529
  -1.000   0.5388   0.01259   0.00614  -0.1540
  -0.750   0.5706   0.01228   0.00602  -0.1547
  -0.500   0.6021   0.01197   0.00594  -0.1552
  -0.250   0.6319   0.01169   0.00590  -0.1554
   0.000   0.6574   0.01143   0.00587  -0.1544
   0.250   0.6812   0.01119   0.00581  -0.1529
   0.500   0.7047   0.01101   0.00572  -0.1513
   0.750   0.7283   0.01091   0.00560  -0.1498
   1.000   0.7535   0.01088   0.00549  -0.1488
   1.250   0.7801   0.01093   0.00540  -0.1483
   1.500   0.8079   0.01104   0.00535  -0.1483
   1.750   0.8362   0.01121   0.00534  -0.1484
   2.000   0.8623   0.01141   0.00538  -0.1480
   2.250   0.8883   0.01160   0.00543  -0.1476
   2.500   0.9138   0.01181   0.00551  -0.1472
   2.750   0.9389   0.01203   0.00561  -0.1466
   3.000   0.9638   0.01227   0.00572  -0.1460
   3.250   0.9884   0.01251   0.00585  -0.1454
   3.500   1.0127   0.01277   0.00599  -0.1447
   3.750   1.0370   0.01306   0.00615  -0.1440
   4.000   1.0609   0.01335   0.00634  -0.1432
   4.250   1.0843   0.01364   0.00653  -0.1424
   4.500   1.1071   0.01392   0.00674  -0.1415
   4.750   1.1296   0.01422   0.00694  -0.1404
   5.000   1.1517   0.01453   0.00716  -0.1394
   5.250   1.1735   0.01485   0.00740  -0.1383
   5.500   1.1952   0.01520   0.00765  -0.1372
   5.750   1.2167   0.01555   0.00793  -0.1361
   6.000   1.2391   0.01580   0.00817  -0.1356
   6.250   1.2598   0.01617   0.00849  -0.1340
   6.500   1.2778   0.01665   0.00890  -0.1314
   6.750   1.2936   0.01725   0.00937  -0.1282
   7.250   1.3069   0.01796   0.00990  -0.1244
   7.500   1.3189   0.01875   0.01048  -0.1206
   7.750   1.3297   0.01961   0.01110  -0.1171
   8.000   1.3407   0.02046   0.01173  -0.1143
   8.250   1.3529   0.02126   0.01234  -0.1126
   8.500   1.3639   0.02220   0.01308  -0.1102
   8.750   1.3749   0.02315   0.01385  -0.1080
   9.000   1.3851   0.02419   0.01470  -0.1057
   9.250   1.3936   0.02536   0.01567  -0.1032
   9.500   1.4010   0.02664   0.01676  -0.1008
   9.750   1.4066   0.02807   0.01801  -0.0982
  10.000   1.4135   0.02943   0.01925  -0.0959
  10.250   1.4199   0.03087   0.02062  -0.0936
  10.500   1.4264   0.03234   0.02207  -0.0914
  10.750   1.4336   0.03381   0.02355  -0.0895
  11.000   1.4401   0.03538   0.02514  -0.0876
  11.250   1.4457   0.03707   0.02684  -0.0857
  11.500   1.4508   0.03885   0.02864  -0.0839
  11.750   1.4555   0.04072   0.03054  -0.0823
  12.000   1.4616   0.04253   0.03243  -0.0809
  12.250   1.4669   0.04447   0.03448  -0.0795
  12.500   1.4719   0.04650   0.03665  -0.0783
  12.750   1.4764   0.04864   0.03895  -0.0772
  13.000   1.4800   0.05094   0.04140  -0.0762
  13.250   1.4830   0.05337   0.04401  -0.0753
  13.500   1.4853   0.05597   0.04678  -0.0746
  13.750   1.4870   0.05870   0.04968  -0.0740
  14.000   1.4874   0.06167   0.05284  -0.0735
  14.250   1.4862   0.06493   0.05630  -0.0732
  14.500   1.4833   0.06851   0.06007  -0.0731
  14.750   1.4788   0.07240   0.06416  -0.0731
  15.000   1.4728   0.07660   0.06855  -0.0734
  15.250   1.4655   0.08108   0.07322  -0.0739
  15.500   1.4573   0.08580   0.07811  -0.0747
  15.750   1.4487   0.09066   0.08313  -0.0757
  16.000   1.4395   0.09570   0.08832  -0.0769
  16.250   1.4302   0.10084   0.09361  -0.0783
  16.500   1.4211   0.10598   0.09890  -0.0799
  16.750   1.4128   0.11102   0.10408  -0.0815
  17.000   1.4049   0.11535   0.10851  -0.0830
  17.250   1.4269   0.11859   0.11179  -0.0856
  17.500   1.3808   0.12597   0.11940  -0.0854
  17.750   1.3526   0.13207   0.12570  -0.0851
  18.500   1.3401   0.13692   0.13076  -0.0848
  18.750   1.3241   0.14212   0.13622  -0.0842
  19.000   1.3284   0.14614   0.14049  -0.0850
  19.250   1.3627   0.14844   0.14297  -0.0880
  19.500   1.4369   0.14846   0.14309  -0.0940
