Smoothened XFOIL polar
 10-point moving average applied

   alpha    CL        CD       CDp       CM
  ------ -------- --------- --------- --------
 -12.500  -0.3283   0.16066   0.15587  -0.0233
 -12.000  -0.3081   0.12918   0.12449  -0.0351
  -9.000  -0.3070   0.11071   0.10624  -0.0371
  -8.250  -0.3189   0.10129   0.09709  -0.0331
  -7.750  -0.3376   0.09698   0.09301  -0.0268
  -7.500  -0.3551   0.08992   0.08616  -0.0255
  -7.250  -0.3673   0.08321   0.07924  -0.0287
  -7.000  -0.3686   0.07003   0.06548  -0.0373
  -5.750  -0.3527   0.05413   0.04870  -0.0481
  -5.500  -0.3209   0.03814   0.03170  -0.0593
  -5.250  -0.2756   0.02518   0.01777  -0.0690
  -5.000  -0.2309   0.01779   0.00962  -0.0748
  -4.750  -0.1912   0.01873   0.01024  -0.0749
  -4.500  -0.1503   0.01913   0.01064  -0.0775
  -4.250  -0.1109   0.01930   0.01081  -0.0804
  -4.000  -0.0723   0.01944   0.01095  -0.0833
  -3.750  -0.0351   0.01929   0.01080  -0.0859
  -3.500   0.0030   0.01881   0.01035  -0.0885
  -3.250   0.0404   0.01822   0.00979  -0.0908
  -3.000   0.0786   0.01747   0.00912  -0.0932
  -2.750   0.1173   0.01683   0.00861  -0.0958
  -2.500   0.1524   0.01638   0.00823  -0.0982
  -2.250   0.1892   0.01579   0.00791  -0.1001
  -2.000   0.2291   0.01502   0.00763  -0.1018
  -1.750   0.2697   0.01417   0.00735  -0.1031
  -1.250   0.3108   0.01334   0.00707  -0.1043
  -1.000   0.3500   0.01263   0.00680  -0.1050
  -0.750   0.3876   0.01210   0.00653  -0.1057
  -0.500   0.4209   0.01183   0.00629  -0.1062
  -0.250   0.4480   0.01186   0.00610  -0.1065
   0.000   0.4756   0.01184   0.00593  -0.1064
   0.250   0.5031   0.01180   0.00580  -0.1063
   0.500   0.5303   0.01177   0.00570  -0.1061
   0.750   0.5572   0.01175   0.00561  -0.1059
   1.000   0.5843   0.01174   0.00553  -0.1057
   1.250   0.6112   0.01176   0.00546  -0.1054
   1.500   0.6381   0.01180   0.00540  -0.1052
   1.750   0.6648   0.01188   0.00538  -0.1050
   2.000   0.6912   0.01197   0.00537  -0.1047
   2.250   0.7170   0.01206   0.00537  -0.1042
   2.500   0.7423   0.01215   0.00535  -0.1036
   2.750   0.7671   0.01225   0.00531  -0.1029
   3.000   0.7917   0.01234   0.00527  -0.1021
   3.250   0.8159   0.01245   0.00524  -0.1013
   3.500   0.8400   0.01258   0.00523  -0.1004
   3.750   0.8640   0.01276   0.00528  -0.0997
   4.000   0.8879   0.01296   0.00536  -0.0990
   4.250   0.9120   0.01318   0.00548  -0.0983
   4.500   0.9361   0.01342   0.00564  -0.0977
   4.750   0.9603   0.01367   0.00583  -0.0971
   5.000   0.9844   0.01392   0.00604  -0.0965
   5.250   1.0086   0.01419   0.00625  -0.0960
   5.500   1.0327   0.01442   0.00647  -0.0954
   5.750   1.0541   0.01458   0.00660  -0.0947
   6.000   1.0751   0.01502   0.00685  -0.0933
   6.250   1.0944   0.01581   0.00726  -0.0913
   6.500   1.1124   0.01686   0.00784  -0.0889
   7.000   1.1291   0.01811   0.00856  -0.0863
   7.250   1.1449   0.01945   0.00937  -0.0838
   7.500   1.1612   0.02070   0.01018  -0.0817
   7.750   1.1768   0.02169   0.01092  -0.0801
   8.000   1.1918   0.02260   0.01165  -0.0785
   8.250   1.2063   0.02346   0.01239  -0.0768
   8.500   1.2202   0.02431   0.01314  -0.0747
