Smoothened XFOIL polar
 10-point moving average applied

   alpha    CL        CD       CDp       CM
  ------ -------- --------- --------- --------
 -20.000  -0.2879   0.21542   0.20972  -0.0278
 -18.500  -0.3842   0.20940   0.20307  -0.0229
 -18.000  -0.4162   0.20446   0.19792  -0.0218
 -17.250  -0.4036   0.20036   0.19389  -0.0233
 -17.000  -0.3664   0.19684   0.19060  -0.0262
 -16.500  -0.3467   0.19393   0.18781  -0.0280
 -16.250  -0.3175   0.18973   0.18376  -0.0300
 -16.000  -0.3277   0.18682   0.18079  -0.0306
 -15.750  -0.3328   0.18434   0.17831  -0.0312
 -15.500  -0.3533   0.18152   0.17538  -0.0307
 -15.000  -0.3605   0.17835   0.17218  -0.0313
 -14.750  -0.3588   0.17524   0.16910  -0.0319
 -14.500  -0.3519   0.17162   0.16556  -0.0334
 -14.250  -0.3407   0.16859   0.16261  -0.0335
 -14.000  -0.3367   0.16499   0.15907  -0.0337
 -13.250  -0.3450   0.16040   0.15451  -0.0346
 -13.000  -0.3306   0.15653   0.15085  -0.0355
 -12.250  -0.3159   0.15291   0.14736  -0.0353
 -11.750  -0.3065   0.14799   0.14249  -0.0349
 -11.500  -0.3003   0.14413   0.13867  -0.0340
 -11.250  -0.3042   0.13930   0.13383  -0.0335
 -10.500  -0.2979   0.13534   0.12991  -0.0324
 -10.250  -0.3040   0.13073   0.12529  -0.0318
  -9.750  -0.3119   0.12578   0.12033  -0.0310
  -9.500  -0.3169   0.12244   0.11705  -0.0303
  -9.250  -0.3202   0.12001   0.11468  -0.0293
  -9.000  -0.3245   0.11665   0.11135  -0.0281
  -8.750  -0.3265   0.11502   0.10980  -0.0270
  -8.250  -0.3432   0.11172   0.10660  -0.0250
  -8.000  -0.3566   0.10876   0.10380  -0.0219
  -7.500  -0.3719   0.10582   0.10101  -0.0175
  -6.750  -0.3914   0.10254   0.09786  -0.0143
  -6.500  -0.4120   0.10138   0.09688  -0.0097
  -6.250  -0.4243   0.09638   0.09190  -0.0123
  -6.000  -0.4215   0.08920   0.08464  -0.0205
  -5.750  -0.4058   0.08085   0.07612  -0.0325
  -5.500  -0.3910   0.07507   0.07053  -0.0414
  -5.250  -0.3461   0.06708   0.06222  -0.0541
  -5.000  -0.2895   0.05805   0.05252  -0.0674
  -4.500  -0.2304   0.04959   0.04318  -0.0799
  -4.250  -0.1678   0.04380   0.03647  -0.0881
  -4.000  -0.1057   0.03628   0.02798  -0.0993
  -3.750  -0.0505   0.03037   0.02135  -0.1082
  -3.500  -0.0063   0.02746   0.01810  -0.1137
  -3.250   0.0279   0.02932   0.02026  -0.1133
  -3.000   0.0691   0.02869   0.01965  -0.1162
  -2.750   0.1096   0.02816   0.01920  -0.1189
  -2.500   0.1483   0.02770   0.01884  -0.1212
  -2.250   0.1888   0.02723   0.01849  -0.1237
  -2.000   0.2291   0.02672   0.01810  -0.1261
  -1.750   0.2680   0.02622   0.01775  -0.1283
  -1.500   0.3054   0.02577   0.01747  -0.1301
  -1.250   0.3440   0.02525   0.01717  -0.1321
  -1.000   0.3824   0.02468   0.01686  -0.1339
  -0.750   0.4117   0.02420   0.01670  -0.1349
  -0.500   0.4494   0.02345   0.01632  -0.1354
  -0.250   0.4954   0.02251   0.01570  -0.1358
   0.000   0.5461   0.02151   0.01494  -0.1362
   0.750   0.5984   0.02059   0.01412  -0.1368
   1.000   0.6508   0.01978   0.01328  -0.1378
   1.250   0.7009   0.01912   0.01250  -0.1393
   1.500   0.7438   0.01872   0.01192  -0.1409
   1.750   0.7744   0.01860   0.01164  -0.1422
   2.000   0.8097   0.01840   0.01130  -0.1431
   2.250   0.8432   0.01828   0.01105  -0.1437
   2.500   0.8749   0.01823   0.01088  -0.1441
   2.750   0.9058   0.01824   0.01076  -0.1443
   3.000   0.9366   0.01828   0.01067  -0.1445
   3.250   0.9656   0.01839   0.01066  -0.1444
   3.500   0.9943   0.01854   0.01068  -0.1443
   3.750   1.0220   0.01873   0.01075  -0.1440
   4.000   1.0488   0.01894   0.01085  -0.1436
   4.250   1.0745   0.01918   0.01097  -0.1430
   4.500   1.0999   0.01944   0.01112  -0.1423
   4.750   1.1251   0.01972   0.01129  -0.1416
   5.000   1.1499   0.02005   0.01153  -0.1409
   5.250   1.1747   0.02041   0.01180  -0.1403
   5.500   1.1995   0.02081   0.01212  -0.1397
   5.750   1.2230   0.02125   0.01251  -0.1388
   6.000   1.2463   0.02168   0.01286  -0.1380
   6.250   1.2713   0.02215   0.01332  -0.1375
   6.500   1.2951   0.02253   0.01371  -0.1367
   6.750   1.3141   0.02282   0.01402  -0.1349
   7.000   1.3277   0.02302   0.01424  -0.1321
   7.250   1.3373   0.02318   0.01436  -0.1286
   7.500   1.3437   0.02337   0.01449  -0.1246
   7.750   1.3487   0.02366   0.01466  -0.1204
   8.000   1.3549   0.02408   0.01493  -0.1166
   8.250   1.3654   0.02467   0.01543  -0.1137
   8.500   1.3766   0.02530   0.01600  -0.1111
   8.750   1.3869   0.02598   0.01662  -0.1085
   9.000   1.3964   0.02671   0.01729  -0.1058
   9.250   1.4056   0.02750   0.01802  -0.1032
   9.500   1.4139   0.02840   0.01882  -0.1006
   9.750   1.4215   0.02942   0.01972  -0.0981
  10.000   1.4297   0.03049   0.02070  -0.0957
  10.250   1.4380   0.03161   0.02179  -0.0935
  10.500   1.4456   0.03284   0.02299  -0.0913
  10.750   1.4526   0.03417   0.02432  -0.0892
  11.000   1.4592   0.03559   0.02575  -0.0872
  11.250   1.4646   0.03716   0.02732  -0.0851
  11.500   1.4678   0.03894   0.02908  -0.0831
  11.750   1.4702   0.04087   0.03098  -0.0811
  12.000   1.4731   0.04283   0.03299  -0.0793
  12.250   1.4760   0.04487   0.03511  -0.0777
  12.500   1.4778   0.04708   0.03741  -0.0761
  12.750   1.4785   0.04920   0.03961  -0.0748
  13.000   1.4766   0.05217   0.04265  -0.0735
  13.250   1.4706   0.05604   0.04658  -0.0724
  13.500   1.4600   0.06078   0.05134  -0.0716
  14.000   1.4474   0.06606   0.05663  -0.0712
  14.250   1.4340   0.07157   0.06219  -0.0711
  14.500   1.4222   0.07652   0.06722  -0.0712
  14.750   1.4091   0.08214   0.07296  -0.0719
  15.000   1.3959   0.08798   0.07894  -0.0733
  15.250   1.3819   0.09461   0.08575  -0.0750
  15.750   1.3676   0.10155   0.09289  -0.0770
  16.000   1.3535   0.10851   0.10003  -0.0794
  16.250   1.3405   0.11521   0.10691  -0.0820
  16.500   1.3293   0.12136   0.11323  -0.0846
  16.750   1.3205   0.12662   0.11865  -0.0872
  17.000   1.3112   0.13235   0.12452  -0.0900
  17.250   1.3033   0.13786   0.13017  -0.0929
  17.500   1.2972   0.14303   0.13545  -0.0956
  17.750   1.2935   0.14769   0.14023  -0.0981
  18.000   1.2922   0.15181   0.14444  -0.1003
  18.250   1.2936   0.15529   0.14801  -0.1020
  18.500   1.2980   0.15804   0.15084  -0.1032
