Smoothened XFOIL polar
 10-point moving average applied

   alpha    CL        CD       CDp       CM
  ------ -------- --------- --------- --------
 -19.250  -0.3228   0.21038   0.20630  -0.0244
 -18.250  -0.2685   0.20601   0.20220  -0.0240
 -18.000  -0.2378   0.20244   0.19878  -0.0244
 -17.750  -0.2249   0.19943   0.19584  -0.0252
 -17.000  -0.2240   0.19672   0.19313  -0.0262
 -16.250  -0.2396   0.19406   0.19035  -0.0261
 -16.000  -0.2383   0.19240   0.18871  -0.0257
 -15.750  -0.2201   0.18819   0.18457  -0.0280
 -15.500  -0.2119   0.18304   0.17935  -0.0322
 -15.250  -0.1414   0.18512   0.18154  -0.0359
 -13.500  -0.1885   0.16606   0.16242  -0.0463
 -13.250  -0.1516   0.15913   0.15555  -0.0511
 -13.000  -0.1930   0.14104   0.13730  -0.0617
 -12.500  -0.3084   0.11602   0.11185  -0.0741
 -12.250  -0.4523   0.09132   0.08667  -0.0869
 -12.000  -0.5838   0.06664   0.06150  -0.1011
 -11.500  -0.6757   0.04842   0.04284  -0.1124
 -11.250  -0.6937   0.04126   0.03536  -0.1192
 -11.000  -0.7632   0.02576   0.01953  -0.1265
 -10.750  -0.6653   0.03388   0.02772  -0.1238
 -10.500  -0.6413   0.03255   0.02628  -0.1252
 -10.250  -0.6104   0.03135   0.02501  -0.1270
 -10.000  -0.5802   0.03033   0.02393  -0.1282
  -9.750  -0.5467   0.02937   0.02293  -0.1298
  -9.500  -0.5153   0.02853   0.02204  -0.1308
  -9.250  -0.4823   0.02761   0.02108  -0.1323
  -9.000  -0.4512   0.02672   0.02014  -0.1332
  -8.750  -0.4184   0.02584   0.01920  -0.1344
  -8.500  -0.3838   0.02499   0.01832  -0.1358
  -8.250  -0.3468   0.02414   0.01746  -0.1375
  -8.000  -0.3118   0.02334   0.01658  -0.1389
  -7.750  -0.2765   0.02251   0.01567  -0.1404
  -7.500  -0.2426   0.02177   0.01488  -0.1415
  -7.250  -0.2074   0.02111   0.01419  -0.1428
  -7.000  -0.1702   0.02049   0.01352  -0.1445
  -6.750  -0.1341   0.01990   0.01287  -0.1461
  -6.500  -0.0959   0.01933   0.01228  -0.1479
  -6.250  -0.0564   0.01883   0.01175  -0.1501
  -6.000  -0.0170   0.01838   0.01125  -0.1522
  -5.750   0.0199   0.01797   0.01078  -0.1538
  -5.500   0.0561   0.01761   0.01035  -0.1553
  -5.250   0.0907   0.01730   0.00996  -0.1564
  -5.000   0.1244   0.01700   0.00959  -0.1574
  -4.750   0.1532   0.01677   0.00928  -0.1574
  -4.500   0.1795   0.01657   0.00902  -0.1569
  -4.250   0.2059   0.01639   0.00876  -0.1564
  -4.000   0.2322   0.01623   0.00853  -0.1558
  -3.750   0.2558   0.01610   0.00836  -0.1548
  -3.500   0.2799   0.01600   0.00817  -0.1538
  -3.250   0.3032   0.01591   0.00802  -0.1527
  -3.000   0.3262   0.01584   0.00787  -0.1515
  -2.750   0.3485   0.01576   0.00772  -0.1501
  -2.500   0.3703   0.01568   0.00759  -0.1487
  -2.250   0.3927   0.01562   0.00746  -0.1475
  -2.000   0.4155   0.01558   0.00738  -0.1463
  -1.750   0.4374   0.01555   0.00736  -0.1450
  -1.500   0.4599   0.01556   0.00735  -0.1437
  -1.250   0.4827   0.01559   0.00735  -0.1425
  -1.000   0.5055   0.01564   0.00735  -0.1413
  -0.750   0.5278   0.01567   0.00736  -0.1401
  -0.500   0.5502   0.01572   0.00737  -0.1389
  -0.250   0.5728   0.01578   0.00739  -0.1377
   0.000   0.5957   0.01587   0.00744  -0.1366
   0.250   0.6185   0.01598   0.00752  -0.1355
   0.500   0.6414   0.01611   0.00761  -0.1345
   0.750   0.6645   0.01625   0.00771  -0.1335
   1.000   0.6877   0.01641   0.00783  -0.1325
   1.250   0.7106   0.01657   0.00797  -0.1315
   1.500   0.7335   0.01673   0.00812  -0.1305
   1.750   0.7564   0.01690   0.00829  -0.1294
   2.000   0.7791   0.01709   0.00847  -0.1284
   2.250   0.8016   0.01728   0.00865  -0.1273
   2.500   0.8241   0.01747   0.00884  -0.1263
   2.750   0.8463   0.01768   0.00905  -0.1252
   3.000   0.8684   0.01791   0.00928  -0.1242
   3.250   0.8904   0.01815   0.00952  -0.1231
   3.500   0.9124   0.01839   0.00978  -0.1220
   3.750   0.9343   0.01863   0.01006  -0.1210
   4.000   0.9558   0.01889   0.01035  -0.1199
   4.250   0.9770   0.01915   0.01064  -0.1188
   4.500   0.9980   0.01944   0.01096  -0.1176
   4.750   1.0189   0.01975   0.01130  -0.1165
   5.000   1.0397   0.02007   0.01167  -0.1153
   5.250   1.0603   0.02041   0.01207  -0.1142
   5.500   1.0807   0.02074   0.01249  -0.1130
   5.750   1.1010   0.02107   0.01294  -0.1118
   6.000   1.1195   0.02137   0.01339  -0.1102
   6.250   1.1359   0.02160   0.01381  -0.1082
   6.500   1.1510   0.02184   0.01420  -0.1060
   6.750   1.1657   0.02210   0.01459  -0.1039
   7.000   1.1808   0.02245   0.01499  -0.1019
   7.250   1.1970   0.02290   0.01542  -0.1002
   7.500   1.2144   0.02345   0.01590  -0.0988
   7.750   1.2331   0.02409   0.01646  -0.0979
   8.000   1.2512   0.02476   0.01709  -0.0968
   8.250   1.2686   0.02542   0.01774  -0.0956
   8.500   1.2854   0.02609   0.01843  -0.0944
   8.750   1.3016   0.02679   0.01914  -0.0931
   9.000   1.3172   0.02752   0.01989  -0.0919
   9.250   1.3324   0.02829   0.02063  -0.0906
   9.500   1.3470   0.02911   0.02142  -0.0893
   9.750   1.3612   0.02998   0.02225  -0.0880
  10.000   1.3753   0.03088   0.02311  -0.0868
  10.250   1.3890   0.03184   0.02403  -0.0855
  10.500   1.4025   0.03283   0.02500  -0.0843
  10.750   1.4161   0.03383   0.02598  -0.0831
  11.000   1.4291   0.03489   0.02704  -0.0819
  11.250   1.4414   0.03601   0.02816  -0.0808
  11.500   1.4531   0.03718   0.02935  -0.0796
  11.750   1.4641   0.03842   0.03063  -0.0785
  12.000   1.4745   0.03973   0.03199  -0.0774
  12.250   1.4846   0.04109   0.03338  -0.0764
  12.500   1.4949   0.04243   0.03475  -0.0754
  12.750   1.5054   0.04379   0.03611  -0.0745
  13.000   1.5151   0.04525   0.03758  -0.0736
  13.250   1.5246   0.04673   0.03907  -0.0727
  13.500   1.5351   0.04813   0.04045  -0.0719
  13.750   1.5451   0.04960   0.04192  -0.0711
  14.000   1.5542   0.05116   0.04351  -0.0703
  14.250   1.5626   0.05282   0.04520  -0.0696
  14.500   1.5722   0.05436   0.04674  -0.0689
  14.750   1.5821   0.05587   0.04826  -0.0682
  15.000   1.5904   0.05755   0.04998  -0.0676
  15.250   1.5974   0.05941   0.05189  -0.0670
  15.500   1.6033   0.06141   0.05394  -0.0665
  15.750   1.6079   0.06356   0.05617  -0.0660
  16.000   1.6121   0.06576   0.05844  -0.0656
  16.250   1.6155   0.06806   0.06082  -0.0653
  16.500   1.6199   0.07028   0.06309  -0.0650
  16.750   1.6242   0.07253   0.06538  -0.0648
  17.000   1.6272   0.07495   0.06787  -0.0647
  17.250   1.6315   0.07722   0.07018  -0.0646
  17.500   1.6395   0.07902   0.07199  -0.0644
  17.750   1.6481   0.08073   0.07371  -0.0642
  18.000   1.6552   0.08264   0.07563  -0.0641
  18.250   1.6587   0.08501   0.07804  -0.0641
  18.500   1.6586   0.08784   0.08096  -0.0644
  18.750   1.6572   0.09083   0.08405  -0.0646
  19.000   1.6623   0.09295   0.08623  -0.0647
  19.250   1.6700   0.09475   0.08805  -0.0647
  19.500   1.6760   0.09679   0.09011  -0.0650
  19.750   1.6774   0.09942   0.09279  -0.0654
  20.000   1.6716   0.10303   0.09649  -0.0663
