Smoothened XFOIL polar
 10-point moving average applied

   alpha    CL        CD       CDp       CM
  ------ -------- --------- --------- --------
 -19.250  -0.3769   0.20790   0.20188  -0.0146
 -14.500  -0.3780   0.18561   0.17949  -0.0208
 -14.250  -0.3623   0.16381   0.15777  -0.0257
 -12.250  -0.3392   0.14331   0.13748  -0.0294
 -10.250  -0.3178   0.12493   0.11937  -0.0318
  -8.500  -0.3128   0.11313   0.10786  -0.0321
  -8.250  -0.3382   0.10087   0.09596  -0.0308
  -8.000  -0.3793   0.08874   0.08382  -0.0318
  -7.000  -0.4057   0.07653   0.07135  -0.0364
  -6.500  -0.4172   0.06355   0.05794  -0.0434
  -6.000  -0.4139   0.04975   0.04364  -0.0506
  -5.750  -0.4000   0.03896   0.03234  -0.0568
  -5.500  -0.3757   0.03409   0.02718  -0.0598
  -5.250  -0.3540   0.03452   0.02752  -0.0599
  -5.000  -0.3323   0.03666   0.02973  -0.0589
  -4.750  -0.3033   0.03572   0.02860  -0.0609
  -4.500  -0.2671   0.03429   0.02686  -0.0639
  -4.250  -0.2246   0.03216   0.02426  -0.0680
  -4.000  -0.1784   0.02968   0.02123  -0.0726
  -3.750  -0.1321   0.02757   0.01867  -0.0769
  -3.500  -0.0896   0.02634   0.01719  -0.0802
  -3.250  -0.0478   0.02537   0.01605  -0.0834
  -3.000  -0.0065   0.02460   0.01525  -0.0865
  -2.750   0.0349   0.02394   0.01465  -0.0896
  -2.500   0.0767   0.02334   0.01419  -0.0928
  -2.250   0.1174   0.02280   0.01379  -0.0958
  -2.000   0.1577   0.02232   0.01352  -0.0989
  -1.750   0.1947   0.02166   0.01334  -0.1010
  -1.500   0.2304   0.02090   0.01315  -0.1026
  -1.250   0.2653   0.02013   0.01293  -0.1037
  -1.000   0.3002   0.01947   0.01271  -0.1048
  -0.750   0.3363   0.01896   0.01246  -0.1060
  -0.500   0.3728   0.01865   0.01219  -0.1074
  -0.250   0.4097   0.01854   0.01191  -0.1090
   0.000   0.4468   0.01854   0.01166  -0.1110
   0.250   0.4809   0.01842   0.01145  -0.1122
   0.500   0.5149   0.01828   0.01125  -0.1132
   0.750   0.5482   0.01814   0.01105  -0.1141
   1.000   0.5807   0.01800   0.01086  -0.1148
   1.250   0.6126   0.01787   0.01067  -0.1153
   1.500   0.6442   0.01772   0.01047  -0.1157
   1.750   0.6762   0.01756   0.01022  -0.1162
   2.000   0.7075   0.01742   0.00999  -0.1165
   2.250   0.7381   0.01732   0.00982  -0.1166
   2.500   0.7684   0.01726   0.00967  -0.1168
   2.750   0.7970   0.01729   0.00963  -0.1166
   3.000   0.8250   0.01735   0.00962  -0.1164
   3.250   0.8522   0.01744   0.00964  -0.1161
   3.500   0.8791   0.01753   0.00965  -0.1156
   3.750   0.9062   0.01759   0.00962  -0.1151
   4.000   0.9325   0.01766   0.00959  -0.1145
   4.250   0.9580   0.01773   0.00956  -0.1137
   4.500   0.9833   0.01780   0.00954  -0.1128
   4.750   1.0075   0.01792   0.00957  -0.1118
   5.000   1.0318   0.01805   0.00961  -0.1109
   5.250   1.0557   0.01824   0.00972  -0.1100
   5.500   1.0795   0.01847   0.00988  -0.1091
   5.750   1.1029   0.01873   0.01010  -0.1082
   6.000   1.1264   0.01900   0.01033  -0.1073
   6.250   1.1489   0.01926   0.01056  -0.1062
   6.500   1.1694   0.01948   0.01076  -0.1048
   6.750   1.1902   0.01881   0.01008  -0.1047
   7.000   1.2050   0.01952   0.01056  -0.1012
   7.250   1.2121   0.02155   0.01219  -0.0949
   7.500   1.2122   0.02466   0.01485  -0.0868
   8.750   1.2070   0.02850   0.01829  -0.0779
   9.000   1.1993   0.03263   0.02215  -0.0695
   9.250   1.1918   0.03652   0.02591  -0.0625
   9.500   1.1878   0.03952   0.02897  -0.0580
   9.750   1.1929   0.04097   0.03059  -0.0570
  10.000   1.2051   0.04307   0.03275  -0.0548
  10.250   1.2305   0.04358   0.03319  -0.0545
  10.500   1.2613   0.04602   0.03573  -0.0526
  10.750   1.2782   0.05173   0.04186  -0.0485
  11.000   1.2813   0.06043   0.05120  -0.0440
  12.250   1.2528   0.07345   0.06507  -0.0396
  13.250   1.1809   0.09170   0.08437  -0.0359
  14.000   1.0536   0.11608   0.11000  -0.0336
