Smoothened XFOIL polar
 10-point moving average applied

   alpha    CL        CD       CDp       CM
  ------ -------- --------- --------- --------
 -12.000  -0.3048   0.14167   0.13651  -0.0337
 -10.250  -0.3267   0.12570   0.12168  -0.0244
  -7.750  -0.3394   0.10639   0.10263  -0.0241
  -7.500  -0.3424   0.08548   0.08129  -0.0305
  -7.250  -0.3348   0.06467   0.05961  -0.0411
  -5.500  -0.3162   0.04736   0.04133  -0.0511
  -5.250  -0.2782   0.03338   0.02629  -0.0622
  -5.000  -0.2387   0.02065   0.01266  -0.0718
  -4.750  -0.1926   0.01494   0.00640  -0.0776
  -4.500  -0.1527   0.01901   0.01051  -0.0769
  -4.250  -0.1124   0.01909   0.01057  -0.0799
  -4.000  -0.0735   0.01926   0.01075  -0.0829
  -3.750  -0.0357   0.01924   0.01073  -0.0856
  -3.500   0.0024   0.01879   0.01030  -0.0883
  -3.250   0.0397   0.01822   0.00978  -0.0906
  -3.000   0.0778   0.01750   0.00915  -0.0930
  -2.750   0.1159   0.01684   0.00861  -0.0955
  -2.500   0.1525   0.01630   0.00823  -0.0977
  -2.250   0.1901   0.01580   0.00789  -0.1001
  -2.000   0.2240   0.01524   0.00764  -0.1017
  -1.750   0.2571   0.01455   0.00742  -0.1030
  -1.500   0.2898   0.01381   0.00720  -0.1039
  -1.250   0.3220   0.01310   0.00698  -0.1046
  -1.000   0.3550   0.01250   0.00674  -0.1053
  -0.750   0.3872   0.01207   0.00650  -0.1058
  -0.500   0.4183   0.01186   0.00628  -0.1062
  -0.250   0.4488   0.01182   0.00606  -0.1067
   0.000   0.4760   0.01181   0.00590  -0.1066
   0.250   0.5032   0.01178   0.00579  -0.1064
   0.500   0.5301   0.01176   0.00570  -0.1061
   0.750   0.5570   0.01174   0.00561  -0.1059
   1.000   0.5841   0.01173   0.00552  -0.1057
   1.250   0.6121   0.01215   0.00585  -0.1057
   1.500   0.6374   0.01151   0.00512  -0.1051
   1.750   0.6630   0.01109   0.00462  -0.1046
   2.000   0.6886   0.01089   0.00433  -0.1041
   2.250   0.7142   0.01089   0.00423  -0.1036
   2.500   0.7397   0.01108   0.00430  -0.1030
   2.750   0.7653   0.01146   0.00455  -0.1025
   3.000   0.7887   0.01202   0.00498  -0.1020
   3.250   0.8159   0.01282   0.00561  -0.1015
   3.500   0.8431   0.01259   0.00522  -0.1004
   3.750   0.8728   0.01282   0.00530  -0.0995
   4.250   0.9029   0.01309   0.00544  -0.0986
   4.500   0.9327   0.01337   0.00562  -0.0978
   4.750   0.9609   0.01365   0.00582  -0.0971
   5.000   0.9865   0.01392   0.00602  -0.0965
   5.250   1.0085   0.01416   0.00624  -0.0960
   5.500   1.0325   0.01439   0.00644  -0.0954
   5.750   1.0546   0.01468   0.00665  -0.0945
   6.000   1.0748   0.01506   0.00685  -0.0932
   6.250   1.0922   0.01563   0.00712  -0.0916
   6.500   1.1068   0.01644   0.00754  -0.0896
   6.750   1.1197   0.01745   0.00809  -0.0874
   7.000   1.1321   0.01858   0.00875  -0.0853
   7.250   1.1453   0.01974   0.00950  -0.0834
   7.500   1.1599   0.02079   0.01022  -0.0818
   7.750   1.1709   0.01918   0.00805  -0.0817
   8.000   1.1854   0.01917   0.00777  -0.0807
   8.250   1.2054   0.02291   0.01175  -0.0772
   8.500   1.2334   0.03247   0.02230  -0.0700
   9.750   1.2718   0.04992   0.04171  -0.0576
