Smoothened XFOIL polar
 10-point moving average applied

   alpha    CL        CD       CDp       CM
  ------ -------- --------- --------- --------
 -16.750  -0.3093   0.20049   0.19463  -0.0279
 -15.500  -0.3090   0.16946   0.16361  -0.0329
 -11.250  -0.3132   0.14566   0.13989  -0.0356
 -11.000  -0.3218   0.12793   0.12228  -0.0361
  -9.500  -0.3349   0.11509   0.10961  -0.0348
  -9.250  -0.3554   0.10456   0.09931  -0.0310
  -8.000  -0.3808   0.10052   0.09551  -0.0261
  -7.500  -0.4075   0.09497   0.09033  -0.0198
  -6.500  -0.4263   0.08827   0.08384  -0.0189
  -5.750  -0.4240   0.07691   0.07229  -0.0242
  -5.500  -0.4021   0.06528   0.06022  -0.0352
  -5.000  -0.3592   0.05293   0.04722  -0.0486
  -4.750  -0.3046   0.04323   0.03673  -0.0624
  -4.500  -0.2476   0.03552   0.02818  -0.0737
  -4.250  -0.1945   0.03066   0.02263  -0.0810
  -4.000  -0.1522   0.03019   0.02173  -0.0833
  -3.750  -0.1095   0.02911   0.02031  -0.0866
  -3.500  -0.0670   0.02763   0.01848  -0.0900
  -3.250  -0.0253   0.02677   0.01750  -0.0930
  -3.000   0.0166   0.02599   0.01670  -0.0961
  -2.750   0.0584   0.02528   0.01603  -0.0993
  -2.500   0.0993   0.02467   0.01554  -0.1022
  -2.250   0.1389   0.02415   0.01521  -0.1049
  -2.000   0.1792   0.02366   0.01492  -0.1078
  -1.750   0.2197   0.02317   0.01470  -0.1108
  -1.500   0.2557   0.02250   0.01452  -0.1125
  -1.250   0.2899   0.02175   0.01432  -0.1135
  -1.000   0.3220   0.02105   0.01412  -0.1138
  -0.750   0.3549   0.02043   0.01387  -0.1142
  -0.500   0.3886   0.01996   0.01357  -0.1148
  -0.250   0.4239   0.01966   0.01323  -0.1159
   0.000   0.4620   0.01949   0.01288  -0.1177
   0.250   0.5015   0.01937   0.01257  -0.1200
   0.500   0.5378   0.01917   0.01230  -0.1214
   0.750   0.5723   0.01898   0.01206  -0.1225
   1.000   0.6053   0.01881   0.01183  -0.1232
   1.250   0.6391   0.01860   0.01154  -0.1240
   1.500   0.6733   0.01836   0.01122  -0.1248
   1.750   0.7073   0.01812   0.01088  -0.1256
   2.000   0.7404   0.01792   0.01059  -0.1262
   2.250   0.7731   0.01776   0.01034  -0.1267
   2.500   0.8045   0.01767   0.01016  -0.1270
   2.750   0.8344   0.01765   0.01005  -0.1270
   3.000   0.8631   0.01768   0.01000  -0.1269
   3.250   0.8914   0.01773   0.00997  -0.1266
   3.500   0.9192   0.01780   0.00995  -0.1263
   3.750   0.9471   0.01789   0.00995  -0.1260
   4.000   0.9742   0.01802   0.00999  -0.1256
   4.250   1.0008   0.01817   0.01004  -0.1251
   4.500   1.0264   0.01834   0.01013  -0.1244
   4.750   1.0514   0.01851   0.01021  -0.1236
   5.000   1.0757   0.01870   0.01032  -0.1227
   5.250   1.0998   0.01889   0.01043  -0.1218
   5.500   1.1233   0.01912   0.01058  -0.1208
   5.750   1.1469   0.01938   0.01076  -0.1199
   6.000   1.1700   0.01967   0.01101  -0.1189
   6.250   1.1928   0.01999   0.01130  -0.1179
   6.500   1.2164   0.02022   0.01152  -0.1175
   6.750   1.2365   0.02047   0.01173  -0.1157
   7.000   1.2519   0.02085   0.01200  -0.1124
   7.250   1.2620   0.02143   0.01239  -0.1080
   7.750   1.2675   0.02229   0.01299  -0.1027
   8.000   1.2690   0.02348   0.01385  -0.0972
   8.250   1.2682   0.02500   0.01502  -0.0919
   8.500   1.2673   0.02678   0.01645  -0.0875
   8.750   1.2678   0.02865   0.01804  -0.0845
   9.000   1.2677   0.03061   0.01978  -0.0810
   9.250   1.2685   0.03256   0.02162  -0.0777
   9.500   1.2697   0.03450   0.02353  -0.0747
   9.750   1.2710   0.03649   0.02560  -0.0719
  10.000   1.2718   0.03861   0.02784  -0.0694
  10.250   1.2715   0.04088   0.03026  -0.0671
  10.500   1.2702   0.04334   0.03285  -0.0649
  10.750   1.2680   0.04596   0.03560  -0.0630
  11.000   1.2659   0.04869   0.03844  -0.0613
  11.250   1.3026   0.04146   0.03094  -0.0580
  11.500   1.3153   0.04084   0.03031  -0.0561
  11.750   1.2745   0.05456   0.04458  -0.0566
  12.000   1.1513   0.09031   0.08176  -0.0609
  16.500   0.9165   0.15580   0.14987  -0.0703
