Smoothened XFOIL polar
 10-point moving average applied

   alpha    CL        CD       CDp       CM
  ------ -------- --------- --------- --------
 -19.000  -0.6041   0.23591   0.22669   0.0198
 -18.750  -0.5924   0.23179   0.22258   0.0179
 -18.250  -0.5797   0.22765   0.21847   0.0157
 -18.000  -0.5650   0.22296   0.21383   0.0128
 -17.250  -0.5471   0.21721   0.20815   0.0094
 -17.000  -0.5276   0.20819   0.19916   0.0056
 -16.500  -0.4907   0.19992   0.19105  -0.0011
 -14.250  -0.4560   0.18818   0.17944  -0.0075
 -14.000  -0.4160   0.17635   0.16778  -0.0138
 -13.000  -0.3776   0.16498   0.15661  -0.0199
 -12.000  -0.3474   0.15591   0.14773  -0.0242
 -11.750  -0.3305   0.15097   0.14293  -0.0262
 -11.250  -0.3180   0.14601   0.13806  -0.0281
 -11.000  -0.3162   0.14150   0.13361  -0.0282
 -10.750  -0.3062   0.13793   0.13016  -0.0296
 -10.500  -0.3064   0.13173   0.12403  -0.0295
  -9.500  -0.3031   0.12606   0.11846  -0.0298
  -9.250  -0.3003   0.12027   0.11283  -0.0301
  -8.750  -0.3044   0.11464   0.10734  -0.0299
  -8.500  -0.3110   0.10958   0.10240  -0.0292
  -8.000  -0.3230   0.10647   0.09935  -0.0280
  -7.750  -0.3354   0.10305   0.09599  -0.0267
  -7.500  -0.3500   0.10007   0.09310  -0.0252
  -7.250  -0.3612   0.09698   0.09009  -0.0231
  -7.000  -0.3777   0.09651   0.08987  -0.0191
  -6.500  -0.3838   0.09192   0.08543  -0.0192
  -6.250  -0.3849   0.08373   0.07715  -0.0233
  -5.750  -0.3721   0.07235   0.06538  -0.0305
  -5.000  -0.3490   0.06015   0.05259  -0.0393
  -4.750  -0.3241   0.05013   0.04209  -0.0469
  -4.500  -0.2986   0.04247   0.03404  -0.0524
  -4.250  -0.2728   0.03854   0.02982  -0.0546
  -4.000  -0.2540   0.03904   0.03023  -0.0527
  -3.750  -0.2303   0.03789   0.02889  -0.0529
  -3.500  -0.2041   0.03631   0.02700  -0.0539
  -3.250  -0.1743   0.03400   0.02424  -0.0555
  -3.000  -0.1442   0.03190   0.02169  -0.0571
  -2.750  -0.1187   0.03089   0.02045  -0.0577
  -2.500  -0.0939   0.03006   0.01945  -0.0581
  -2.250  -0.0699   0.02940   0.01868  -0.0584
  -2.000  -0.0464   0.02889   0.01811  -0.0586
  -1.750  -0.0206   0.02853   0.01763  -0.0594
  -1.500   0.0035   0.02789   0.01736  -0.0595
  -1.250   0.0243   0.02713   0.01714  -0.0589
  -1.000   0.0428   0.02645   0.01702  -0.0579
  -0.750   0.0648   0.02604   0.01706  -0.0577
  -0.500   0.0923   0.02606   0.01729  -0.0588
  -0.250   0.1270   0.02657   0.01776  -0.0616
   0.000   0.1677   0.02755   0.01842  -0.0658
   0.250   0.2153   0.02885   0.01921  -0.0714
   0.500   0.2618   0.02987   0.02006  -0.0764
   0.750   0.3033   0.03080   0.02085  -0.0805
   1.000   0.3412   0.03164   0.02159  -0.0837
   1.250   0.3773   0.03246   0.02233  -0.0865
   1.500   0.4114   0.03326   0.02309  -0.0889
   1.750   0.4451   0.03407   0.02386  -0.0911
   2.000   0.4771   0.03488   0.02464  -0.0929
   2.250   0.5078   0.03572   0.02546  -0.0945
   2.500   0.5383   0.03652   0.02625  -0.0959
   2.750   0.5677   0.03731   0.02702  -0.0971
   3.000   0.5970   0.03810   0.02779  -0.0981
   3.250   0.6245   0.03894   0.02861  -0.0989
   3.500   0.6529   0.03972   0.02939  -0.0996
   3.750   0.6807   0.04055   0.03022  -0.1002
   4.000   0.7064   0.04147   0.03116  -0.1006
   4.250   0.7300   0.04247   0.03219  -0.1007
   4.500   0.7556   0.04338   0.03313  -0.1009
   4.750   0.7792   0.04438   0.03417  -0.1008
   5.000   0.7993   0.04560   0.03543  -0.1004
   5.250   0.8230   0.04653   0.03642  -0.1001
   5.500   0.8501   0.04723   0.03720  -0.1000
   5.750   0.8858   0.04684   0.03690  -0.0997
   6.000   0.9269   0.04552   0.03567  -0.0990
   6.250   0.9750   0.04310   0.03334  -0.0979
   6.500   1.0268   0.04004   0.03034  -0.0966
   6.750   1.0750   0.03718   0.02755  -0.0951
   7.000   1.1165   0.03479   0.02519  -0.0932
   7.250   1.1512   0.03282   0.02321  -0.0909
   7.500   1.2088   0.01863   0.00868  -0.0881
   7.750   1.2038   0.02261   0.01258  -0.0820
   8.000   1.1746   0.03393   0.02389  -0.0759
   8.250   1.0908   0.06727   0.05756  -0.0716
  15.250   0.9374   0.13075   0.12188  -0.0708
  17.500   0.6996   0.23247   0.22513  -0.0749
