Smoothened XFOIL polar
 10-point moving average applied

   alpha    CL        CD       CDp       CM
  ------ -------- --------- --------- --------
 -17.750  -0.4947   0.21257   0.20622   0.0053
 -17.000  -0.4771   0.20470   0.19837   0.0007
 -16.500  -0.4584   0.19614   0.18985  -0.0039
 -14.750  -0.4383   0.18657   0.18032  -0.0085
 -14.500  -0.4164   0.17563   0.16945  -0.0134
 -14.000  -0.4027   0.16261   0.15649  -0.0173
 -11.250  -0.3535   0.14554   0.13965  -0.0258
 -10.500  -0.3314   0.13053   0.12483  -0.0300
  -9.500  -0.3143   0.11529   0.10976  -0.0334
  -8.750  -0.3168   0.10538   0.09999  -0.0348
  -8.250  -0.3413   0.10088   0.09556  -0.0330
  -8.000  -0.3528   0.09703   0.09187  -0.0315
  -7.750  -0.3620   0.09455   0.08954  -0.0295
  -7.250  -0.3716   0.09343   0.08858  -0.0261
  -7.000  -0.3843   0.09267   0.08804  -0.0226
  -6.750  -0.3925   0.08796   0.08355  -0.0223
  -6.500  -0.3906   0.07836   0.07374  -0.0266
  -5.750  -0.3809   0.06588   0.06061  -0.0343
  -5.250  -0.3618   0.05131   0.04509  -0.0435
  -5.000  -0.3291   0.03786   0.03059  -0.0515
  -4.750  -0.2961   0.02722   0.01890  -0.0574
  -4.500  -0.2594   0.02273   0.01371  -0.0597
  -4.250  -0.2298   0.02324   0.01400  -0.0598
  -4.000  -0.1990   0.02425   0.01509  -0.0612
  -3.750  -0.1633   0.02462   0.01545  -0.0639
  -3.500  -0.1235   0.02463   0.01544  -0.0674
  -3.250  -0.0799   0.02413   0.01489  -0.0713
  -3.000  -0.0360   0.02343   0.01416  -0.0751
  -2.750   0.0068   0.02251   0.01320  -0.0784
  -2.500   0.0490   0.02194   0.01271  -0.0819
  -2.250   0.0903   0.02150   0.01238  -0.0852
  -2.000   0.1291   0.02089   0.01213  -0.0880
  -1.750   0.1672   0.02013   0.01191  -0.0904
  -1.500   0.2047   0.01933   0.01171  -0.0924
  -1.250   0.2421   0.01859   0.01150  -0.0943
  -1.000   0.2799   0.01801   0.01129  -0.0962
  -0.750   0.3183   0.01763   0.01107  -0.0981
  -0.500   0.3562   0.01746   0.01085  -0.1000
  -0.250   0.3933   0.01750   0.01062  -0.1020
   0.000   0.4275   0.01746   0.01045  -0.1033
   0.250   0.4611   0.01737   0.01027  -0.1044
   0.500   0.4938   0.01727   0.01011  -0.1053
   0.750   0.5257   0.01717   0.00996  -0.1060
   1.000   0.5569   0.01707   0.00981  -0.1064
   1.250   0.5874   0.01698   0.00967  -0.1067
   1.500   0.6170   0.01691   0.00954  -0.1069
   1.750   0.6459   0.01685   0.00942  -0.1068
   2.000   0.6746   0.01679   0.00929  -0.1068
   2.250   0.7029   0.01677   0.00920  -0.1066
   2.500   0.7308   0.01679   0.00916  -0.1064
   2.750   0.7581   0.01685   0.00916  -0.1061
   3.000   0.7852   0.01692   0.00916  -0.1057
   3.250   0.8120   0.01696   0.00913  -0.1052
   3.500   0.8382   0.01697   0.00906  -0.1045
   3.750   0.8639   0.01697   0.00895  -0.1036
   4.000   0.8894   0.01695   0.00883  -0.1027
   4.250   0.9142   0.01696   0.00875  -0.1017
   4.500   0.9384   0.01702   0.00871  -0.1006
   4.750   0.9621   0.01713   0.00874  -0.0995
   5.000   0.9857   0.01727   0.00879  -0.0985
   5.250   1.0093   0.01744   0.00888  -0.0976
   5.500   1.0326   0.01764   0.00902  -0.0966
   5.750   1.0562   0.01787   0.00922  -0.0958
   6.000   1.0794   0.01811   0.00944  -0.0948
   6.250   1.1003   0.01834   0.00962  -0.0935
   6.500   1.1186   0.01861   0.00977  -0.0917
   6.750   1.1349   0.01895   0.00992  -0.0896
   7.000   1.1483   0.01930   0.01004  -0.0874
   7.250   1.1600   0.01993   0.01033  -0.0849
   7.500   1.1718   0.02098   0.01095  -0.0821
   7.750   1.1850   0.02261   0.01204  -0.0791
   8.250   1.2009   0.02494   0.01373  -0.0758
