Smoothened XFOIL polar
 10-point moving average applied

   alpha    CL        CD       CDp       CM
  ------ -------- --------- --------- --------
 -19.500  -0.3301   0.21802   0.21321  -0.0197
 -19.250  -0.2575   0.21424   0.20988  -0.0205
 -19.000  -0.2176   0.20993   0.20582  -0.0211
 -18.500  -0.2029   0.20530   0.20128  -0.0216
 -17.250  -0.2054   0.20058   0.19655  -0.0221
 -16.750  -0.2112   0.19591   0.19183  -0.0225
 -16.000  -0.2307   0.19216   0.18794  -0.0225
 -15.500  -0.2332   0.18825   0.18400  -0.0225
 -15.250  -0.2306   0.18621   0.18201  -0.0205
 -14.750  -0.2423   0.18431   0.18006  -0.0196
 -14.500  -0.2173   0.18162   0.17748  -0.0210
 -14.250  -0.1377   0.18387   0.17987  -0.0229
 -13.500  -0.1218   0.16953   0.16549  -0.0365
 -12.500  -0.1672   0.14369   0.13933  -0.0570
 -11.750  -0.2546   0.11182   0.10699  -0.0797
 -10.250  -0.3612   0.07990   0.07457  -0.1007
 -10.000  -0.4712   0.05381   0.04805  -0.1153
  -9.750  -0.5522   0.03623   0.03017  -0.1245
  -9.500  -0.5672   0.02974   0.02352  -0.1274
  -9.250  -0.4986   0.03699   0.03079  -0.1225
  -9.000  -0.4705   0.03574   0.02948  -0.1230
  -8.750  -0.4497   0.03421   0.02783  -0.1231
  -8.500  -0.4278   0.03270   0.02622  -0.1232
  -8.250  -0.4033   0.03132   0.02474  -0.1234
  -8.000  -0.3739   0.03020   0.02356  -0.1244
  -7.750  -0.3375   0.02912   0.02244  -0.1257
  -7.500  -0.2999   0.02788   0.02108  -0.1269
  -7.250  -0.2623   0.02654   0.01956  -0.1278
  -6.750  -0.2192   0.02529   0.01820  -0.1295
  -6.500  -0.1784   0.02433   0.01716  -0.1308
  -6.250  -0.1388   0.02350   0.01625  -0.1320
  -6.000  -0.1043   0.02276   0.01538  -0.1330
  -5.750  -0.0716   0.02217   0.01471  -0.1343
  -5.500  -0.0408   0.02166   0.01416  -0.1347
  -5.250  -0.0125   0.02116   0.01353  -0.1347
  -5.000   0.0148   0.02069   0.01295  -0.1345
  -4.750   0.0430   0.02030   0.01249  -0.1344
  -4.500   0.0685   0.02002   0.01213  -0.1337
  -4.250   0.0922   0.01974   0.01174  -0.1327
  -4.000   0.1146   0.01949   0.01141  -0.1314
  -3.750   0.1364   0.01928   0.01115  -0.1300
  -3.500   0.1581   0.01910   0.01088  -0.1286
  -3.250   0.1784   0.01893   0.01059  -0.1269
  -3.000   0.1975   0.01876   0.01035  -0.1250
  -2.750   0.2170   0.01861   0.01013  -0.1232
  -2.500   0.2372   0.01849   0.00993  -0.1215
  -2.250   0.2565   0.01838   0.00976  -0.1196
  -2.000   0.2744   0.01830   0.00962  -0.1175
  -1.750   0.2927   0.01824   0.00955  -0.1154
  -1.500   0.3110   0.01822   0.00948  -0.1134
  -1.250   0.3295   0.01822   0.00946  -0.1114
  -1.000   0.3475   0.01825   0.00947  -0.1093
  -0.750   0.3653   0.01828   0.00947  -0.1072
  -0.500   0.3836   0.01832   0.00946  -0.1052
  -0.250   0.4015   0.01835   0.00944  -0.1031
   0.000   0.4172   0.01836   0.00940  -0.1011
   0.250   0.4352   0.01840   0.00941  -0.0988
   0.500   0.4551   0.01846   0.00946  -0.0962
   0.750   0.4775   0.01856   0.00953  -0.0938
   1.250   0.5000   0.01869   0.00962  -0.0913
   1.500   0.5217   0.01883   0.00974  -0.0888
   1.750   0.5422   0.01897   0.00985  -0.0864
   2.000   0.5607   0.01912   0.00997  -0.0842
   2.250   0.5760   0.01925   0.01010  -0.0823
   2.500   0.5929   0.01941   0.01025  -0.0802
   2.750   0.6098   0.01958   0.01042  -0.0782
   3.000   0.6269   0.01976   0.01060  -0.0762
   3.250   0.6444   0.01995   0.01077  -0.0742
   3.500   0.6615   0.02015   0.01096  -0.0723
   3.750   0.6788   0.02035   0.01117  -0.0704
   4.000   0.6950   0.02057   0.01141  -0.0684
   4.250   0.7103   0.02079   0.01167  -0.0662
   4.500   0.7254   0.02103   0.01194  -0.0641
   4.750   0.7407   0.02126   0.01221  -0.0620
   5.000   0.7560   0.02151   0.01249  -0.0599
   5.250   0.7724   0.02178   0.01278  -0.0580
   5.500   0.7885   0.02208   0.01310  -0.0561
   5.750   0.8055   0.02238   0.01343  -0.0544
   6.000   0.8212   0.02271   0.01381  -0.0526
   6.250   0.8364   0.02304   0.01422  -0.0507
   6.500   0.8503   0.02338   0.01466  -0.0486
   6.750   0.8574   0.02369   0.01506  -0.0452
   7.000   0.8773   0.02403   0.01560  -0.0444
   7.250   0.9079   0.02441   0.01618  -0.0457
   7.500   0.9449   0.02485   0.01682  -0.0483
   7.750   0.9846   0.02536   0.01748  -0.0514
   8.000   1.0236   0.02592   0.01811  -0.0545
   8.250   1.0567   0.02654   0.01873  -0.0564
   8.500   1.0790   0.02721   0.01933  -0.0564
   8.750   1.0887   0.02787   0.01987  -0.0539
   9.000   1.1038   0.02860   0.02059  -0.0527
   9.250   1.1180   0.02937   0.02136  -0.0514
   9.500   1.1307   0.03020   0.02221  -0.0501
   9.750   1.1422   0.03110   0.02314  -0.0486
  10.000   1.1546   0.03199   0.02403  -0.0474
  10.250   1.1675   0.03286   0.02488  -0.0462
  10.500   1.1810   0.03375   0.02574  -0.0451
  10.750   1.1951   0.03465   0.02658  -0.0442
  11.000   1.2105   0.03550   0.02737  -0.0433
  11.250   1.2254   0.03642   0.02824  -0.0425
  11.500   1.2382   0.03748   0.02928  -0.0416
  11.750   1.2527   0.03845   0.03021  -0.0408
  12.000   1.2662   0.03948   0.03122  -0.0400
  12.250   1.2780   0.04066   0.03240  -0.0391
  12.500   1.2870   0.04202   0.03380  -0.0382
  12.750   1.2954   0.04342   0.03523  -0.0372
  13.000   1.3036   0.04487   0.03671  -0.0364
  13.250   1.3094   0.04652   0.03841  -0.0355
  13.500   1.3141   0.04826   0.04023  -0.0346
  13.750   1.3243   0.04964   0.04162  -0.0340
  14.000   1.3356   0.05093   0.04291  -0.0335
  14.250   1.3458   0.05234   0.04433  -0.0330
  14.500   1.3544   0.05392   0.04593  -0.0325
  14.750   1.3624   0.05558   0.04761  -0.0320
  15.000   1.3716   0.05713   0.04917  -0.0316
  15.250   1.3829   0.05849   0.05052  -0.0312
  15.500   1.3919   0.06007   0.05212  -0.0308
  15.750   1.3996   0.06182   0.05389  -0.0305
  16.000   1.4040   0.06391   0.05603  -0.0302
  16.250   1.4040   0.06645   0.05865  -0.0299
  16.500   1.4088   0.06848   0.06074  -0.0297
  16.750   1.4195   0.06986   0.06213  -0.0293
  17.000   1.4255   0.07179   0.06410  -0.0291
  17.250   1.4180   0.07539   0.06780  -0.0295
  17.500   1.3964   0.08063   0.07321  -0.0302
  17.750   1.4474   0.07706   0.06959  -0.0277
  18.000   1.4392   0.08059   0.07328  -0.0276
  18.250   1.3369   0.09556   0.08869  -0.0321
  18.500   1.0945   0.12761   0.12156  -0.0433
  19.250   0.6662   0.18237   0.17766  -0.0637
