Smoothened XFOIL polar
 10-point moving average applied

   alpha    CL        CD       CDp       CM
  ------ -------- --------- --------- --------
 -11.750  -0.3217   0.14688   0.14214  -0.0328
 -11.500  -0.3247   0.12887   0.12428  -0.0357
  -9.500  -0.3257   0.11523   0.11076  -0.0369
  -8.750  -0.3260   0.10532   0.10096  -0.0368
  -8.500  -0.3272   0.09851   0.09425  -0.0354
  -8.250  -0.3343   0.09805   0.09414  -0.0294
  -8.000  -0.3446   0.09430   0.09043  -0.0276
  -7.500  -0.3552   0.08379   0.07962  -0.0317
  -7.250  -0.3643   0.06822   0.06333  -0.0393
  -6.000  -0.3568   0.05096   0.04514  -0.0489
  -5.750  -0.3408   0.03454   0.02767  -0.0594
  -5.500  -0.3066   0.02232   0.01451  -0.0688
  -5.250  -0.2645   0.01639   0.00796  -0.0744
  -5.000  -0.2209   0.01989   0.01141  -0.0740
  -4.750  -0.1809   0.02008   0.01158  -0.0769
  -4.500  -0.1422   0.02031   0.01182  -0.0799
  -4.250  -0.1037   0.02042   0.01193  -0.0828
  -4.000  -0.0663   0.02006   0.01156  -0.0853
  -3.750  -0.0283   0.01952   0.01103  -0.0879
  -3.500   0.0097   0.01886   0.01037  -0.0902
  -3.250   0.0484   0.01804   0.00961  -0.0927
  -3.000   0.0869   0.01736   0.00903  -0.0951
  -2.750   0.1245   0.01678   0.00859  -0.0975
  -2.500   0.1607   0.01624   0.00823  -0.0995
  -2.250   0.1968   0.01575   0.00790  -0.1015
  -2.000   0.2285   0.01523   0.00765  -0.1026
  -1.750   0.2606   0.01456   0.00742  -0.1036
  -1.500   0.2925   0.01384   0.00721  -0.1043
  -1.250   0.3259   0.01311   0.00697  -0.1051
  -1.000   0.3588   0.01251   0.00673  -0.1057
  -0.750   0.3907   0.01209   0.00651  -0.1061
  -0.500   0.4217   0.01188   0.00630  -0.1064
  -0.250   0.4513   0.01185   0.00610  -0.1067
   0.000   0.4772   0.01187   0.00596  -0.1064
   0.250   0.5038   0.01185   0.00586  -0.1061
   0.500   0.5308   0.01183   0.00576  -0.1058
   0.750   0.5579   0.01181   0.00567  -0.1056
   1.000   0.5850   0.01181   0.00558  -0.1054
   1.250   0.6122   0.01184   0.00551  -0.1052
   1.500   0.6391   0.01190   0.00547  -0.1050
   1.750   0.6656   0.01199   0.00547  -0.1047
   2.000   0.6916   0.01210   0.00548  -0.1043
   2.250   0.7175   0.01220   0.00547  -0.1039
   2.500   0.7430   0.01230   0.00545  -0.1034
   2.750   0.7680   0.01239   0.00541  -0.1027
   3.000   0.7926   0.01250   0.00539  -0.1019
   3.250   0.8168   0.01261   0.00537  -0.1011
   3.500   0.8408   0.01274   0.00537  -0.1003
   3.750   0.8647   0.01291   0.00542  -0.0995
   4.000   0.8886   0.01311   0.00550  -0.0987
   4.250   0.9126   0.01333   0.00561  -0.0980
   4.500   0.9367   0.01357   0.00576  -0.0974
   4.750   0.9608   0.01382   0.00594  -0.0968
   5.000   0.9849   0.01407   0.00615  -0.0962
   5.250   1.0089   0.01433   0.00636  -0.0957
   5.500   1.0330   0.01459   0.00659  -0.0951
   5.750   1.0564   0.01484   0.00680  -0.0944
   6.000   1.0780   0.01515   0.00701  -0.0933
   6.250   1.0975   0.01555   0.00724  -0.0919
   6.500   1.1143   0.01613   0.00754  -0.0902
   6.750   1.1281   0.01694   0.00797  -0.0881
   7.000   1.1405   0.01792   0.00853  -0.0859
   7.250   1.1554   0.01799   0.00806  -0.0856
   7.500   1.1550   0.01787   0.00751  -0.0823
   7.750   1.2136   0.01325   0.00255  -0.0766
   8.000   1.2456   0.01586   0.00529  -0.0697
   9.250   1.2280   0.03401   0.02430  -0.0628
  10.250   1.1321   0.07505   0.06721  -0.0566
  14.750   0.9291   0.14631   0.14164  -0.0520
