Smoothened XFOIL polar
 10-point moving average applied

   alpha    CL        CD       CDp       CM
  ------ -------- --------- --------- --------
 -19.750  -0.3553   0.21982   0.21506  -0.0218
 -19.250  -0.3167   0.21402   0.20941  -0.0236
 -18.750  -0.2928   0.20946   0.20494  -0.0247
 -18.250  -0.2783   0.20582   0.20136  -0.0253
 -18.000  -0.2680   0.20278   0.19838  -0.0255
 -17.250  -0.2521   0.19964   0.19537  -0.0250
 -16.750  -0.2316   0.19829   0.19418  -0.0241
 -15.750  -0.2041   0.19353   0.18964  -0.0232
 -15.250  -0.1913   0.18894   0.18514  -0.0238
 -15.000  -0.1741   0.18515   0.18139  -0.0270
 -14.250  -0.1785   0.18086   0.17698  -0.0296
 -14.000  -0.1824   0.17763   0.17369  -0.0299
 -13.750  -0.2040   0.17360   0.16961  -0.0283
 -13.500  -0.1972   0.16999   0.16599  -0.0303
 -13.250  -0.1264   0.17564   0.17183  -0.0269
 -12.500  -0.1645   0.16343   0.15942  -0.0333
 -12.250  -0.2478   0.14111   0.13678  -0.0484
 -11.750  -0.3543   0.11338   0.10868  -0.0688
 -11.250  -0.4841   0.08435   0.07922  -0.0879
 -11.000  -0.6080   0.05930   0.05379  -0.1032
 -10.750  -0.7061   0.04067   0.03485  -0.1132
 -10.500  -0.7557   0.02700   0.02082  -0.1235
 -10.250  -0.5927   0.04477   0.03895  -0.1142
 -10.000  -0.5068   0.05019   0.04446  -0.1125
  -9.500  -0.4409   0.05261   0.04683  -0.1124
  -9.250  -0.3992   0.05232   0.04642  -0.1134
  -9.000  -0.3719   0.04931   0.04325  -0.1161
  -8.750  -0.3668   0.04350   0.03717  -0.1205
  -8.500  -0.3796   0.03465   0.02799  -0.1268
  -8.000  -0.4069   0.02263   0.01553  -0.1349
  -7.750  -0.3092   0.02751   0.02051  -0.1337
  -7.250  -0.2584   0.02629   0.01926  -0.1357
  -7.000  -0.2138   0.02524   0.01815  -0.1372
  -6.750  -0.1742   0.02431   0.01714  -0.1389
  -6.500  -0.1322   0.02343   0.01623  -0.1411
  -6.250  -0.0969   0.02267   0.01539  -0.1430
  -6.000  -0.0566   0.02188   0.01457  -0.1451
  -5.750  -0.0150   0.02117   0.01380  -0.1476
  -5.500   0.0238   0.02054   0.01309  -0.1496
  -5.250   0.0615   0.02003   0.01252  -0.1514
  -5.000   0.0979   0.01961   0.01204  -0.1529
  -4.750   0.1347   0.01920   0.01155  -0.1544
  -4.500   0.1698   0.01886   0.01116  -0.1556
  -4.250   0.1994   0.01861   0.01084  -0.1557
  -4.000   0.2283   0.01836   0.01051  -0.1557
  -3.750   0.2577   0.01814   0.01022  -0.1557
  -3.500   0.2849   0.01794   0.00993  -0.1553
  -3.250   0.3109   0.01776   0.00968  -0.1547
  -3.000   0.3365   0.01760   0.00945  -0.1541
  -2.750   0.3615   0.01745   0.00924  -0.1533
  -2.500   0.3860   0.01735   0.00908  -0.1524
  -2.250   0.4093   0.01728   0.00896  -0.1513
  -2.000   0.4318   0.01722   0.00887  -0.1500
  -1.750   0.4546   0.01719   0.00879  -0.1487
  -1.500   0.4776   0.01716   0.00872  -0.1476
  -1.250   0.4996   0.01714   0.00868  -0.1462
  -1.000   0.5217   0.01712   0.00863  -0.1449
  -0.750   0.5445   0.01712   0.00859  -0.1437
  -0.500   0.5676   0.01716   0.00856  -0.1426
  -0.250   0.5901   0.01722   0.00857  -0.1414
   0.000   0.6124   0.01729   0.00860  -0.1402
   0.250   0.6347   0.01737   0.00864  -0.1390
   0.500   0.6569   0.01747   0.00870  -0.1377
   0.750   0.6789   0.01758   0.00878  -0.1365
   1.000   0.7011   0.01771   0.00888  -0.1353
   1.250   0.7235   0.01784   0.00901  -0.1341
   1.500   0.7466   0.01801   0.00914  -0.1331
   1.750   0.7694   0.01818   0.00929  -0.1321
   2.000   0.7919   0.01835   0.00946  -0.1310
   2.250   0.8142   0.01854   0.00964  -0.1299
   2.500   0.8365   0.01873   0.00984  -0.1288
   2.750   0.8588   0.01894   0.01005  -0.1277
   3.000   0.8809   0.01915   0.01028  -0.1266
   3.250   0.9029   0.01937   0.01051  -0.1255
   3.500   0.9248   0.01961   0.01076  -0.1244
   3.750   0.9465   0.01986   0.01103  -0.1233
   4.000   0.9681   0.02012   0.01132  -0.1221
   4.250   0.9893   0.02039   0.01163  -0.1209
   4.500   1.0099   0.02067   0.01196  -0.1197
   4.750   1.0300   0.02094   0.01231  -0.1184
   5.000   1.0498   0.02122   0.01266  -0.1170
   5.250   1.0697   0.02152   0.01302  -0.1156
   5.500   1.0896   0.02184   0.01343  -0.1143
   5.750   1.1076   0.02212   0.01383  -0.1125
   6.000   1.1242   0.02235   0.01420  -0.1104
   6.250   1.1398   0.02258   0.01456  -0.1082
   6.500   1.1550   0.02284   0.01493  -0.1060
   6.750   1.1706   0.02316   0.01531  -0.1039
   7.000   1.1873   0.02355   0.01571  -0.1023
   7.250   1.2049   0.02406   0.01616  -0.1010
   7.500   1.2243   0.02464   0.01664  -0.1001
   7.750   1.2425   0.02522   0.01717  -0.0989
   8.000   1.2607   0.02581   0.01772  -0.0978
   8.250   1.2788   0.02643   0.01829  -0.0966
   8.500   1.2962   0.02710   0.01893  -0.0954
   8.750   1.3135   0.02778   0.01957  -0.0942
   9.000   1.3297   0.02851   0.02029  -0.0930
   9.250   1.3444   0.02928   0.02106  -0.0915
   9.500   1.3587   0.03008   0.02185  -0.0901
   9.750   1.3715   0.03094   0.02274  -0.0886
  10.000   1.3847   0.03180   0.02359  -0.0872
  10.250   1.3979   0.03267   0.02445  -0.0858
  10.500   1.4107   0.03359   0.02536  -0.0844
  10.750   1.4252   0.03448   0.02620  -0.0833
  11.000   1.4396   0.03540   0.02708  -0.0821
  11.250   1.4530   0.03641   0.02806  -0.0809
  11.500   1.4667   0.03743   0.02906  -0.0798
  11.750   1.4802   0.03847   0.03010  -0.0787
  12.000   1.4925   0.03960   0.03124  -0.0776
  12.250   1.5029   0.04087   0.03255  -0.0764
  12.500   1.5127   0.04217   0.03390  -0.0752
  12.750   1.5221   0.04351   0.03529  -0.0740
  13.000   1.5300   0.04500   0.03682  -0.0729
  13.250   1.5363   0.04661   0.03850  -0.0717
  13.500   1.5463   0.04796   0.03985  -0.0708
  13.750   1.5578   0.04924   0.04112  -0.0700
  14.000   1.5675   0.05068   0.04258  -0.0691
  14.250   1.5757   0.05228   0.04421  -0.0683
  14.500   1.5847   0.05383   0.04577  -0.0675
  14.750   1.5961   0.05517   0.04712  -0.0668
  15.000   1.6056   0.05669   0.04866  -0.0661
  15.250   1.6123   0.05849   0.05051  -0.0654
  15.500   1.6187   0.06037   0.05244  -0.0648
  15.750   1.6238   0.06238   0.05451  -0.0642
  16.000   1.6327   0.06398   0.05614  -0.0636
  16.250   1.6393   0.06580   0.05801  -0.0630
  16.500   1.6421   0.06807   0.06035  -0.0625
  16.750   1.6424   0.07071   0.06306  -0.0622
  17.000   1.6369   0.07399   0.06647  -0.0621
  17.250   1.6342   0.07691   0.06949  -0.0619
  17.500   1.6320   0.07976   0.07244  -0.0616
  17.750   1.6279   0.08292   0.07570  -0.0617
  18.000   1.6238   0.08629   0.07915  -0.0620
  18.250   1.6127   0.09057   0.08356  -0.0628
  18.500   1.5972   0.09543   0.08857  -0.0637
  18.750   1.6771   0.09005   0.08308  -0.0624
  19.000   1.7024   0.09034   0.08339  -0.0624
  19.250   1.6079   0.10304   0.09639  -0.0651
  19.500   1.3267   0.13510   0.12921  -0.0719
  19.750   0.7922   0.19347   0.18896  -0.0844
