Smoothened XFOIL polar
 10-point moving average applied

   alpha    CL        CD       CDp       CM
  ------ -------- --------- --------- --------
 -19.000  -0.5962   0.23802   0.22882   0.0185
 -18.750  -0.6047   0.23286   0.22361   0.0185
 -18.250  -0.5828   0.22466   0.21548   0.0145
 -17.250  -0.5396   0.21411   0.20508   0.0077
 -15.750  -0.4840   0.20190   0.19309  -0.0008
 -15.250  -0.4289   0.18811   0.17955  -0.0097
 -13.500  -0.3793   0.17504   0.16673  -0.0180
 -13.250  -0.3399   0.16202   0.15393  -0.0241
 -11.250  -0.3130   0.15046   0.14254  -0.0279
 -10.750  -0.2968   0.14018   0.13241  -0.0303
 -10.250  -0.3116   0.13353   0.12578  -0.0298
 -10.000  -0.3092   0.12768   0.12002  -0.0304
  -9.750  -0.3166   0.12554   0.11789  -0.0303
  -9.500  -0.3202   0.12250   0.11488  -0.0303
  -9.250  -0.3197   0.12022   0.11267  -0.0304
  -9.000  -0.3215   0.11672   0.10923  -0.0302
  -8.750  -0.3161   0.11299   0.10562  -0.0296
  -8.500  -0.3126   0.10956   0.10228  -0.0293
  -8.000  -0.3230   0.10596   0.09880  -0.0281
  -7.750  -0.3272   0.10230   0.09536  -0.0258
  -7.500  -0.3428   0.09828   0.09151  -0.0232
  -6.750  -0.3575   0.09627   0.08973  -0.0186
  -6.500  -0.3710   0.09256   0.08618  -0.0178
  -6.250  -0.3821   0.08559   0.07922  -0.0204
  -6.000  -0.3776   0.07616   0.06952  -0.0269
  -5.250  -0.3629   0.06477   0.05747  -0.0364
  -5.000  -0.3435   0.05417   0.04630  -0.0450
  -4.750  -0.3199   0.04612   0.03788  -0.0507
  -4.500  -0.2979   0.04117   0.03265  -0.0536
  -4.250  -0.2783   0.04049   0.03184  -0.0522
  -4.000  -0.2571   0.03944   0.03069  -0.0520
  -3.750  -0.2337   0.03846   0.02954  -0.0522
  -3.500  -0.2062   0.03649   0.02720  -0.0536
  -3.250  -0.1748   0.03379   0.02395  -0.0556
  -3.000  -0.1460   0.03198   0.02176  -0.0570
  -2.750  -0.1207   0.03099   0.02055  -0.0574
  -2.500  -0.0959   0.03016   0.01955  -0.0578
  -2.250  -0.0720   0.02951   0.01879  -0.0581
  -2.000  -0.0486   0.02900   0.01823  -0.0584
  -1.750  -0.0230   0.02865   0.01775  -0.0591
  -1.500   0.0013   0.02802   0.01749  -0.0593
  -1.250   0.0217   0.02726   0.01727  -0.0586
  -1.000   0.0409   0.02660   0.01717  -0.0577
  -0.750   0.0635   0.02620   0.01722  -0.0576
  -0.500   0.0924   0.02622   0.01746  -0.0590
  -0.250   0.1275   0.02673   0.01793  -0.0618
   0.000   0.1684   0.02770   0.01858  -0.0661
   0.250   0.2164   0.02900   0.01936  -0.0718
   0.500   0.2629   0.03001   0.02021  -0.0768
   0.750   0.3037   0.03092   0.02098  -0.0807
   1.000   0.3419   0.03176   0.02172  -0.0839
   1.250   0.3776   0.03258   0.02246  -0.0867
   1.500   0.4117   0.03339   0.02322  -0.0890
   1.750   0.4455   0.03418   0.02397  -0.0912
   2.000   0.4769   0.03499   0.02476  -0.0930
   2.250   0.5077   0.03584   0.02558  -0.0945
   2.500   0.5384   0.03662   0.02635  -0.0960
   2.750   0.5678   0.03741   0.02712  -0.0971
   3.000   0.5969   0.03821   0.02790  -0.0981
   3.250   0.6239   0.03905   0.02873  -0.0988
   3.500   0.6529   0.03980   0.02948  -0.0996
   3.750   0.6810   0.04062   0.03031  -0.1002
   4.000   0.7059   0.04157   0.03127  -0.1005
   4.250   0.7293   0.04259   0.03231  -0.1005
   4.500   0.7559   0.04345   0.03319  -0.1008
   4.750   0.7787   0.04448   0.03427  -0.1006
   5.000   0.7998   0.04561   0.03544  -0.1003
   5.250   0.8209   0.04675   0.03663  -0.0999
   5.500   0.8457   0.04765   0.03761  -0.0997
   5.750   0.8798   0.04740   0.03744  -0.0993
   6.000   0.9200   0.04617   0.03630  -0.0986
   6.250   0.9679   0.04380   0.03402  -0.0976
   6.500   1.0216   0.04062   0.03091  -0.0965
   6.750   1.0714   0.03761   0.02796  -0.0950
   7.000   1.1156   0.03505   0.02545  -0.0933
   7.250   1.1497   0.03319   0.02359  -0.0910
   7.500   1.1730   0.03177   0.02216  -0.0886
   7.750   1.2186   0.02019   0.01005  -0.0844
   8.000   1.2096   0.02511   0.01479  -0.0769
   8.250   1.1540   0.04417   0.03396  -0.0685
   9.000   1.0674   0.07482   0.06491  -0.0609
  14.500   0.9578   0.11703   0.10769  -0.0583
  15.750   0.8329   0.17051   0.16209  -0.0638
  18.000   0.7001   0.23501   0.22789  -0.0802
