Smoothened XFOIL polar
 10-point moving average applied

   alpha    CL        CD       CDp       CM
  ------ -------- --------- --------- --------
 -18.750  -0.5351   0.22802   0.21843  -0.0039
 -17.750  -0.4220   0.20921   0.20031  -0.0173
 -15.750  -0.3476   0.19647   0.18805  -0.0260
 -15.250  -0.3059   0.18841   0.18027  -0.0310
 -15.000  -0.2910   0.18360   0.17559  -0.0330
 -14.750  -0.3008   0.17960   0.17154  -0.0331
 -14.250  -0.3210   0.17706   0.16885  -0.0310
 -14.000  -0.3388   0.17419   0.16588  -0.0310
 -13.750  -0.3462   0.17019   0.16185  -0.0312
 -13.250  -0.3428   0.16577   0.15746  -0.0316
 -13.000  -0.3320   0.16204   0.15382  -0.0324
 -12.500  -0.3068   0.15910   0.15106  -0.0336
 -12.250  -0.3049   0.15451   0.14651  -0.0339
 -12.000  -0.3066   0.14935   0.14141  -0.0333
 -11.750  -0.3030   0.14298   0.13512  -0.0328
 -10.500  -0.3143   0.13755   0.12975  -0.0319
 -10.250  -0.3128   0.13257   0.12489  -0.0310
 -10.000  -0.3108   0.12789   0.12030  -0.0300
  -9.750  -0.3097   0.12446   0.11694  -0.0292
  -9.500  -0.3068   0.12255   0.11506  -0.0286
  -9.250  -0.3151   0.11923   0.11172  -0.0280
  -9.000  -0.3129   0.11679   0.10937  -0.0271
  -8.750  -0.3206   0.11365   0.10629  -0.0257
  -8.500  -0.3227   0.11161   0.10432  -0.0248
  -8.000  -0.3263   0.10897   0.10185  -0.0223
  -7.750  -0.3403   0.10569   0.09874  -0.0189
  -7.500  -0.3584   0.10213   0.09534  -0.0149
  -6.500  -0.3775   0.09855   0.09192  -0.0109
  -6.250  -0.4102   0.09864   0.09231  -0.0023
  -6.000  -0.4133   0.09367   0.08746  -0.0021
  -5.750  -0.3968   0.08470   0.07826  -0.0097
  -5.500  -0.3541   0.07336   0.06637  -0.0236
  -3.750  -0.3017   0.06047   0.05275  -0.0393
  -3.500  -0.2450   0.04851   0.03998  -0.0548
  -3.250  -0.1900   0.03922   0.02991  -0.0672
  -3.000  -0.1473   0.03453   0.02465  -0.0733
  -2.750  -0.1299   0.03641   0.02635  -0.0704
  -2.500  -0.1047   0.03560   0.02539  -0.0711
  -2.250  -0.0799   0.03496   0.02462  -0.0718
  -2.000  -0.0558   0.03452   0.02413  -0.0724
  -1.750  -0.0334   0.03418   0.02377  -0.0728
  -1.500  -0.0118   0.03403   0.02361  -0.0730
  -1.250   0.0180   0.03405   0.02366  -0.0749
  -1.000   0.0486   0.03380   0.02384  -0.0762
  -0.750   0.0837   0.03353   0.02411  -0.0781
  -0.500   0.1237   0.03334   0.02441  -0.0808
  -0.250   0.1665   0.03332   0.02473  -0.0840
   0.000   0.2104   0.03356   0.02511  -0.0876
   0.250   0.2513   0.03412   0.02555  -0.0910
   0.500   0.2898   0.03501   0.02610  -0.0943
   0.750   0.3313   0.03612   0.02681  -0.0983
   1.000   0.3667   0.03696   0.02752  -0.1008
   1.250   0.4008   0.03781   0.02826  -0.1030
   1.500   0.4349   0.03863   0.02900  -0.1051
   1.750   0.4671   0.03945   0.02977  -0.1069
   2.000   0.4982   0.04028   0.03056  -0.1084
   2.250   0.5305   0.04101   0.03125  -0.1098
   2.500   0.5612   0.04175   0.03193  -0.1110
   2.750   0.5913   0.04250   0.03262  -0.1120
   3.000   0.6216   0.04320   0.03325  -0.1129
   3.250   0.6501   0.04397   0.03397  -0.1136
   3.500   0.6776   0.04480   0.03476  -0.1141
   3.750   0.7034   0.04566   0.03560  -0.1143
   4.000   0.7310   0.04636   0.03628  -0.1145
   4.250   0.7588   0.04707   0.03699  -0.1147
   4.500   0.7827   0.04801   0.03792  -0.1146
   4.750   0.8047   0.04906   0.03898  -0.1142
   5.000   0.8319   0.04971   0.03965  -0.1141
   5.250   0.8555   0.05058   0.04054  -0.1137
   5.500   0.8764   0.05161   0.04160  -0.1130
   5.750   0.9055   0.05183   0.04186  -0.1125
   6.000   0.9347   0.05192   0.04200  -0.1118
   6.250   0.9690   0.05137   0.04150  -0.1111
   6.500   1.0063   0.05043   0.04061  -0.1104
   6.750   1.0480   0.04908   0.03933  -0.1100
   7.000   1.0908   0.04839   0.03873  -0.1103
   7.250   1.1362   0.04640   0.03680  -0.1098
   7.500   1.1810   0.04358   0.03401  -0.1085
   7.750   1.2248   0.04011   0.03055  -0.1064
   8.000   1.2550   0.03728   0.02771  -0.1029
   8.250   1.2803   0.03452   0.02491  -0.0991
   8.500   1.2941   0.03306   0.02344  -0.0941
   8.750   1.2974   0.03326   0.02363  -0.0888
   9.000   1.2899   0.03563   0.02599  -0.0838
   9.500   1.2847   0.03736   0.02765  -0.0786
   9.750   1.2768   0.03958   0.02971  -0.0739
  10.000   1.2660   0.04237   0.03230  -0.0699
  10.250   1.2546   0.04522   0.03490  -0.0671
  10.500   1.2405   0.04910   0.03852  -0.0652
  10.750   1.2245   0.05402   0.04323  -0.0634
  11.000   1.2088   0.05944   0.04851  -0.0621
  11.500   1.1940   0.06504   0.05401  -0.0612
  11.750   1.1822   0.07037   0.05930  -0.0605
  12.000   1.1746   0.07509   0.06403  -0.0600
  12.250   1.1713   0.07898   0.06797  -0.0594
  12.500   1.1717   0.08190   0.07095  -0.0589
  12.750   1.1739   0.08483   0.07394  -0.0582
  13.000   1.1801   0.08726   0.07645  -0.0571
  13.250   1.1903   0.08931   0.07863  -0.0557
  13.500   1.2059   0.08951   0.07891  -0.0532
  13.750   1.2246   0.08692   0.07657  -0.0479
  14.000   1.2339   0.08962   0.07961  -0.0463
  14.250   1.2187   0.10454   0.09502  -0.0531
  15.250   1.1670   0.13757   0.12874  -0.0727
  16.750   1.0667   0.19464   0.18668  -0.1093
