Smoothened XFOIL polar
 10-point moving average applied

   alpha    CL        CD       CDp       CM
  ------ -------- --------- --------- --------
 -20.000  -0.3142   0.23455   0.22486  -0.0207
 -19.750  -0.2888   0.23108   0.22167  -0.0218
 -19.500  -0.2687   0.22811   0.21891  -0.0228
 -19.250  -0.2540   0.22559   0.21653  -0.0236
 -19.000  -0.2447   0.22349   0.21451  -0.0242
 -18.750  -0.2493   0.22187   0.21276  -0.0244
 -18.500  -0.2361   0.22009   0.21115  -0.0249
 -18.250  -0.2314   0.21854   0.20963  -0.0250
 -18.000  -0.2377   0.21780   0.20879  -0.0249
 -17.750  -0.2190   0.21517   0.20637  -0.0256
 -17.500  -0.2140   0.21311   0.20433  -0.0258
 -17.250  -0.2136   0.21139   0.20256  -0.0258
 -17.000  -0.2205   0.21040   0.20146  -0.0260
 -16.750  -0.2310   0.20931   0.20021  -0.0260
 -16.500  -0.2161   0.20710   0.19819  -0.0261
 -16.250  -0.2089   0.20497   0.19612  -0.0260
 -16.000  -0.2044   0.20354   0.19474  -0.0260
 -15.750  -0.1996   0.20170   0.19297  -0.0259
 -15.500  -0.1933   0.19946   0.19080  -0.0257
 -15.250  -0.1861   0.19704   0.18845  -0.0253
 -14.750  -0.1822   0.19534   0.18683  -0.0251
 -14.500  -0.1809   0.19226   0.18375  -0.0252
 -14.250  -0.1722   0.19181   0.18356  -0.0238
 -14.000  -0.1638   0.19079   0.18275  -0.0224
 -13.500  -0.1611   0.19010   0.18223  -0.0213
 -13.250  -0.1606   0.18883   0.18109  -0.0204
 -13.000  -0.1600   0.18691   0.17924  -0.0197
 -12.750  -0.1599   0.18453   0.17685  -0.0190
 -12.500  -0.1645   0.18229   0.17456  -0.0188
 -12.250  -0.1700   0.17927   0.17143  -0.0186
 -12.000  -0.1664   0.17879   0.17112  -0.0170
 -11.750  -0.1669   0.17751   0.16991  -0.0157
 -11.500  -0.1716   0.17674   0.16922  -0.0146
 -11.250  -0.1735   0.17561   0.16820  -0.0133
 -11.000  -0.1768   0.17469   0.16737  -0.0119
 -10.750  -0.1806   0.17381   0.16659  -0.0105
 -10.500  -0.1849   0.17304   0.16592  -0.0091
 -10.250  -0.1901   0.17237   0.16534  -0.0077
 -10.000  -0.1951   0.17163   0.16470  -0.0063
  -9.750  -0.2044   0.17124   0.16442  -0.0041
  -9.500  -0.2121   0.17074   0.16401  -0.0026
  -9.250  -0.2176   0.16921   0.16254  -0.0016
  -9.000  -0.1975   0.16855   0.16196  -0.0054
  -8.750  -0.1664   0.16632   0.15979  -0.0111
  -8.500  -0.1303   0.16307   0.15657  -0.0181
  -8.250  -0.0968   0.15956   0.15305  -0.0254
  -7.750  -0.0648   0.15555   0.14904  -0.0320
  -7.500  -0.0399   0.15148   0.14496  -0.0363
  -7.250  -0.0281   0.14805   0.14152  -0.0390
  -7.000  -0.0202   0.14462   0.13805  -0.0405
  -6.750   0.0048   0.14265   0.13613  -0.0440
  -6.500   0.0253   0.13967   0.13316  -0.0467
  -6.250   0.0432   0.13671   0.13021  -0.0493
  -6.000   0.0614   0.13370   0.12721  -0.0516
  -5.500   0.0835   0.13058   0.12410  -0.0539
  -5.250   0.1062   0.12724   0.12078  -0.0558
  -5.000   0.1195   0.12460   0.11815  -0.0565
  -4.750   0.1342   0.12194   0.11552  -0.0569
  -4.250   0.1474   0.11953   0.11313  -0.0569
  -4.000   0.1571   0.11728   0.11090  -0.0567
  -3.750   0.1664   0.11516   0.10879  -0.0564
  -3.500   0.1772   0.11324   0.10688  -0.0565
  -3.250   0.1871   0.11144   0.10510  -0.0556
  -3.000   0.2022   0.10898   0.10265  -0.0547
  -2.750   0.2031   0.10765   0.10136  -0.0515
  -2.000   0.2194   0.10784   0.10166  -0.0460
  -1.750   0.1823   0.10616   0.09999  -0.0420
  -1.250   0.1144   0.10540   0.09924  -0.0368
  -1.000   0.0385   0.10715   0.10110  -0.0285
  -0.750  -0.0420   0.10682   0.10077  -0.0247
  -0.500  -0.1106   0.10399   0.09778  -0.0250
  -0.250  -0.1497   0.09960   0.09316  -0.0289
   0.000  -0.1615   0.09531   0.08860  -0.0336
   0.250  -0.1309   0.09155   0.08459  -0.0385
   0.500  -0.1299   0.08656   0.07927  -0.0448
   0.750  -0.1181   0.08431   0.07681  -0.0475
   1.000  -0.1025   0.08554   0.07800  -0.0453
   1.250  -0.0959   0.08575   0.07811  -0.0450
   1.500  -0.0860   0.08531   0.07754  -0.0454
   1.750  -0.0897   0.08691   0.07906  -0.0447
   2.000  -0.1007   0.08928   0.08134  -0.0442
   2.250  -0.1094   0.09288   0.08487  -0.0430
   3.500  -0.1135   0.09731   0.08924  -0.0415
   3.750  -0.1066   0.10156   0.09340  -0.0403
   4.750  -0.0942   0.10531   0.09710  -0.0391
   5.000  -0.0757   0.10797   0.09970  -0.0382
   5.250  -0.0518   0.10882   0.10051  -0.0379
   5.500  -0.0374   0.11041   0.10206  -0.0373
   5.750  -0.0248   0.11183   0.10345  -0.0371
   6.000  -0.0088   0.11362   0.10522  -0.0367
   6.500   0.0087   0.11559   0.10716  -0.0366
   6.750   0.0259   0.11762   0.10917  -0.0365
   7.000   0.0435   0.11970   0.11125  -0.0367
   7.250   0.0581   0.12155   0.11311  -0.0370
   7.500   0.0708   0.12328   0.11485  -0.0373
   7.750   0.0859   0.12526   0.11687  -0.0378
   8.000   0.1004   0.12721   0.11887  -0.0384
   8.250   0.1138   0.12921   0.12092  -0.0386
   8.500   0.1320   0.13129   0.12323  -0.0396
   8.750   0.1540   0.13345   0.12567  -0.0418
   9.000   0.1777   0.13557   0.12804  -0.0448
   9.250   0.2032   0.13793   0.13053  -0.0482
   9.500   0.2284   0.14037   0.13299  -0.0516
   9.750   0.2493   0.14269   0.13519  -0.0545
  10.000   0.2656   0.14495   0.13720  -0.0564
  10.250   0.2761   0.14703   0.13900  -0.0570
  10.500   0.2913   0.14943   0.14124  -0.0577
  10.750   0.3032   0.15147   0.14314  -0.0583
  11.000   0.3163   0.15372   0.14526  -0.0589
  11.250   0.3295   0.15596   0.14738  -0.0596
  11.500   0.3434   0.15835   0.14966  -0.0602
  11.750   0.3541   0.16043   0.15164  -0.0609
  12.000   0.3673   0.16276   0.15388  -0.0616
  12.250   0.3765   0.16467   0.15570  -0.0622
  12.500   0.3891   0.16692   0.15787  -0.0629
  12.750   0.3979   0.16875   0.15963  -0.0636
  13.000   0.4100   0.17093   0.16174  -0.0643
  13.250   0.4186   0.17272   0.16346  -0.0650
  13.500   0.4311   0.17493   0.16560  -0.0657
  13.750   0.4407   0.17677   0.16738  -0.0665
  14.000   0.4530   0.17888   0.16942  -0.0672
  14.250   0.4638   0.18086   0.17135  -0.0679
  14.500   0.4749   0.18277   0.17321  -0.0686
  14.750   0.4855   0.18479   0.17518  -0.0695
  15.000   0.4981   0.18709   0.17742  -0.0704
  15.250   0.5117   0.18970   0.17998  -0.0715
  15.750   0.5393   0.19305   0.18312  -0.0736
  16.000   0.5292   0.19434   0.18465  -0.0731
  16.250   0.5256   0.19593   0.18641  -0.0731
  16.500   0.5412   0.19834   0.18873  -0.0744
  16.750   0.5238   0.19882   0.18952  -0.0734
  17.000   0.5180   0.19969   0.19053  -0.0733
  17.250   0.5291   0.20188   0.19269  -0.0743
  17.500   0.5517   0.20446   0.19507  -0.0761
  17.750   0.6092   0.20943   0.19946  -0.0805
  18.250   0.6360   0.21313   0.20297  -0.0829
  18.500   0.6414   0.21623   0.20618  -0.0841
  19.500   0.6161   0.21837   0.20883  -0.0835
  20.000   0.5506   0.21916   0.21065  -0.0808
