Smoothened XFOIL polar
 10-point moving average applied

   alpha    CL        CD       CDp       CM
  ------ -------- --------- --------- --------
 -12.250  -0.3127   0.14155   0.13705  -0.0342
 -10.000  -0.3091   0.12516   0.12166  -0.0277
  -8.500  -0.3164   0.10517   0.10191  -0.0300
  -8.250  -0.3275   0.08346   0.07987  -0.0385
  -6.750  -0.3351   0.06194   0.05760  -0.0506
  -6.250  -0.3267   0.04478   0.03950  -0.0615
  -6.000  -0.2999   0.02955   0.02323  -0.0724
  -5.750  -0.2559   0.01779   0.01055  -0.0817
  -5.250  -0.2003   0.01417   0.00627  -0.0864
  -5.000  -0.1419   0.01629   0.00830  -0.0869
  -4.500  -0.0879   0.01647   0.00851  -0.0902
  -4.250  -0.0395   0.01638   0.00844  -0.0934
  -4.000  -0.0005   0.01623   0.00834  -0.0958
  -3.750   0.0374   0.01571   0.00784  -0.0980
  -3.500   0.0694   0.01516   0.00736  -0.0996
  -3.250   0.1037   0.01453   0.00680  -0.1011
  -3.000   0.1337   0.01404   0.00638  -0.1023
  -2.750   0.1676   0.01355   0.00601  -0.1034
  -2.500   0.2032   0.01306   0.00566  -0.1043
  -2.250   0.2405   0.01256   0.00535  -0.1052
  -1.750   0.2743   0.01203   0.00512  -0.1052
  -1.500   0.3042   0.01138   0.00494  -0.1054
  -1.250   0.3405   0.01074   0.00477  -0.1054
  -1.000   0.3795   0.01020   0.00461  -0.1052
  -0.750   0.4181   0.00981   0.00448  -0.1050
   0.000   0.4606   0.00956   0.00433  -0.1049
   0.250   0.5017   0.00948   0.00418  -0.1049
   0.500   0.5386   0.00955   0.00406  -0.1049
   0.750   0.5668   0.00965   0.00401  -0.1044
   1.000   0.5884   0.00973   0.00401  -0.1042
   1.250   0.6145   0.00982   0.00400  -0.1039
   1.500   0.6403   0.00993   0.00400  -0.1035
   1.750   0.6657   0.01003   0.00399  -0.1031
   2.000   0.6908   0.01015   0.00397  -0.1025
   2.250   0.7155   0.01027   0.00395  -0.1019
   2.500   0.7399   0.01041   0.00394  -0.1012
   2.750   0.7641   0.01057   0.00394  -0.1005
   3.000   0.7883   0.01075   0.00398  -0.0999
   3.250   0.8125   0.01096   0.00405  -0.0993
   3.500   0.8369   0.01118   0.00414  -0.0987
   3.750   0.8615   0.01140   0.00427  -0.0983
   4.000   0.8861   0.01163   0.00441  -0.0978
   4.250   0.9107   0.01187   0.00457  -0.0974
   4.500   0.9350   0.01210   0.00474  -0.0969
   4.750   0.9592   0.01235   0.00491  -0.0964
   5.000   0.9837   0.01260   0.00511  -0.0959
   5.250   1.0078   0.01286   0.00530  -0.0954
   5.500   1.0313   0.01312   0.00550  -0.0948
   5.750   1.0524   0.01353   0.00574  -0.0938
   6.000   1.0704   0.01417   0.00608  -0.0923
   6.250   1.0857   0.01504   0.00654  -0.0905
   6.500   1.0994   0.01608   0.00712  -0.0885
   6.750   1.1123   0.01722   0.00781  -0.0865
   7.000   1.1249   0.01824   0.00849  -0.0848
   7.250   1.1376   0.01727   0.00706  -0.0845
   7.500   1.1845   0.00219  -0.00846  -0.0764
   7.750   1.2003   0.01778   0.00757  -0.0760
   8.250   1.2196   0.05711   0.04790  -0.0858
   9.500   1.2073   0.10954   0.10182  -0.0961
  18.000   1.1402   0.16429   0.15821  -0.1037
  18.250   0.9979   0.21297   0.20843  -0.1050
  18.500   0.7601   0.24719   0.24386  -0.0964
