Smoothened XFOIL polar
 10-point moving average applied

   alpha    CL        CD       CDp       CM
  ------ -------- --------- --------- --------
 -12.500  -0.3327   0.15521   0.15069  -0.0229
 -12.000  -0.3071   0.14516   0.14008  -0.0339
 -11.750  -0.3037   0.13697   0.13192  -0.0360
 -10.500  -0.3152   0.12903   0.12435  -0.0327
 -10.000  -0.3341   0.11972   0.11552  -0.0275
  -8.500  -0.3500   0.10408   0.09997  -0.0276
  -7.250  -0.3572   0.08420   0.07974  -0.0323
  -6.750  -0.3546   0.06493   0.05973  -0.0406
  -5.500  -0.3292   0.04569   0.03955  -0.0511
  -5.250  -0.2915   0.03070   0.02347  -0.0620
  -5.000  -0.2351   0.01982   0.01169  -0.0725
  -4.750  -0.1853   0.01511   0.00649  -0.0784
  -4.500  -0.1500   0.01922   0.01071  -0.0776
  -4.250  -0.1107   0.01938   0.01088  -0.0805
  -4.000  -0.0721   0.01950   0.01100  -0.0834
  -3.750  -0.0348   0.01931   0.01082  -0.0860
  -3.500   0.0032   0.01883   0.01037  -0.0885
  -3.250   0.0408   0.01822   0.00979  -0.0909
  -3.000   0.0791   0.01746   0.00911  -0.0933
  -2.750   0.1179   0.01683   0.00861  -0.0959
  -2.500   0.1553   0.01627   0.00821  -0.0983
  -2.250   0.1918   0.01579   0.00789  -0.1005
  -2.000   0.2255   0.01523   0.00763  -0.1021
  -1.750   0.2580   0.01454   0.00741  -0.1031
  -1.500   0.2879   0.01381   0.00722  -0.1040
  -1.250   0.3214   0.01312   0.00699  -0.1046
  -1.000   0.3588   0.01251   0.00673  -0.1052
  -0.750   0.3975   0.01207   0.00646  -0.1058
  -0.250   0.4356   0.01185   0.00621  -0.1061
   0.000   0.4723   0.01181   0.00597  -0.1065
   0.250   0.5041   0.01179   0.00580  -0.1063
   0.500   0.5331   0.01176   0.00568  -0.1062
   0.750   0.5573   0.01175   0.00562  -0.1059
   1.000   0.5843   0.01175   0.00553  -0.1057
   1.250   0.6113   0.01176   0.00546  -0.1054
   1.500   0.6382   0.01181   0.00541  -0.1052
   1.750   0.6649   0.01188   0.00538  -0.1050
   2.000   0.6913   0.01197   0.00537  -0.1046
   2.250   0.7170   0.01207   0.00537  -0.1042
   2.500   0.7423   0.01216   0.00535  -0.1036
   2.750   0.7671   0.01225   0.00532  -0.1029
   3.000   0.7917   0.01235   0.00528  -0.1021
   3.250   0.8159   0.01246   0.00525  -0.1012
   3.500   0.8400   0.01259   0.00524  -0.1004
   3.750   0.8640   0.01276   0.00528  -0.0996
   4.000   0.8879   0.01296   0.00537  -0.0989
   4.250   0.9120   0.01318   0.00549  -0.0982
   4.500   0.9361   0.01343   0.00565  -0.0976
   4.750   0.9603   0.01367   0.00583  -0.0971
   5.000   0.9844   0.01393   0.00604  -0.0965
   5.250   1.0085   0.01420   0.00626  -0.0959
   5.500   1.0327   0.01442   0.00647  -0.0954
   5.750   1.0552   0.01471   0.00668  -0.0945
   6.000   1.0756   0.01507   0.00688  -0.0932
   6.250   1.0935   0.01560   0.00714  -0.0916
   6.500   1.1069   0.01628   0.00747  -0.0898
   6.750   1.1209   0.01731   0.00804  -0.0876
   7.000   1.1356   0.01859   0.00880  -0.0852
   7.250   1.1463   0.01670   0.00610  -0.0849
   7.750   1.1633   0.01699   0.00589  -0.0833
   8.000   1.1887   0.02183   0.01081  -0.0790
   8.250   1.2260   0.03363   0.02354  -0.0705
  10.000   1.2786   0.05478   0.04676  -0.0563
