Smoothened XFOIL polar
 10-point moving average applied

   alpha    CL        CD       CDp       CM
  ------ -------- --------- --------- --------
 -14.750  -0.3541   0.16178   0.15690  -0.0415
 -11.000  -0.2719   0.15381   0.14931  -0.0272
 -10.750  -0.2670   0.13824   0.13386  -0.0252
 -10.250  -0.3136   0.11855   0.11412  -0.0311
 -10.000  -0.3857   0.09822   0.09366  -0.0407
  -9.250  -0.4318   0.08667   0.08204  -0.0461
  -8.250  -0.4576   0.08241   0.07804  -0.0412
  -8.000  -0.4767   0.06948   0.06483  -0.0467
  -7.750  -0.4748   0.06677   0.06212  -0.0443
  -7.500  -0.4411   0.06892   0.06447  -0.0436
  -6.750  -0.3761   0.07290   0.06837  -0.0461
  -6.500  -0.3354   0.06362   0.05866  -0.0584
  -5.750  -0.3124   0.04554   0.03978  -0.0781
  -5.500  -0.2513   0.03736   0.03094  -0.0902
  -5.250  -0.1875   0.03515   0.02818  -0.0956
  -5.000  -0.1337   0.02399   0.01607  -0.1085
  -4.500  -0.0881   0.02396   0.01572  -0.1090
  -4.250  -0.0421   0.02431   0.01609  -0.1108
  -4.000   0.0033   0.02319   0.01485  -0.1135
  -3.750   0.0445   0.02217   0.01374  -0.1160
  -3.500   0.0798   0.02145   0.01307  -0.1180
  -3.250   0.1178   0.02071   0.01243  -0.1202
  -3.000   0.1556   0.02004   0.01187  -0.1224
  -2.750   0.1928   0.01943   0.01138  -0.1244
  -2.500   0.2300   0.01887   0.01096  -0.1264
  -2.250   0.2674   0.01832   0.01057  -0.1284
  -2.000   0.3055   0.01780   0.01021  -0.1305
  -1.750   0.3438   0.01724   0.00983  -0.1326
  -1.500   0.3835   0.01662   0.00945  -0.1350
  -1.250   0.4213   0.01598   0.00914  -0.1369
  -1.000   0.4536   0.01533   0.00889  -0.1374
  -0.750   0.4838   0.01468   0.00863  -0.1372
  -0.500   0.5123   0.01411   0.00839  -0.1365
  -0.250   0.5411   0.01363   0.00813  -0.1359
   0.000   0.5702   0.01330   0.00787  -0.1355
   0.250   0.6019   0.01306   0.00758  -0.1359
   0.500   0.6357   0.01290   0.00730  -0.1369
   0.750   0.6695   0.01283   0.00707  -0.1380
   1.000   0.7009   0.01276   0.00687  -0.1386
   1.250   0.7319   0.01272   0.00668  -0.1390
   1.500   0.7624   0.01272   0.00654  -0.1393
   1.750   0.7915   0.01277   0.00646  -0.1394
   2.000   0.8192   0.01285   0.00642  -0.1392
   2.250   0.8464   0.01296   0.00640  -0.1389
   2.500   0.8732   0.01308   0.00640  -0.1386
   2.750   0.8996   0.01324   0.00642  -0.1382
   3.000   0.9259   0.01342   0.00648  -0.1378
   3.250   0.9516   0.01364   0.00658  -0.1373
   3.500   0.9772   0.01386   0.00669  -0.1368
   3.750   1.0021   0.01410   0.00682  -0.1362
   4.000   1.0263   0.01434   0.00697  -0.1354
   4.250   1.0504   0.01459   0.00711  -0.1347
   4.500   1.0740   0.01486   0.00727  -0.1338
   4.750   1.0972   0.01514   0.00745  -0.1329
   5.000   1.1201   0.01544   0.00766  -0.1320
   5.250   1.1428   0.01574   0.00789  -0.1310
   5.500   1.1654   0.01605   0.00813  -0.1300
   5.750   1.1880   0.01637   0.00839  -0.1291
   6.000   1.2105   0.01671   0.00867  -0.1281
   6.250   1.2338   0.01694   0.00890  -0.1278
   6.500   1.2539   0.01730   0.00920  -0.1261
   6.750   1.2693   0.01785   0.00959  -0.1230
   7.000   1.2799   0.01863   0.01009  -0.1189
   7.500   1.2865   0.01965   0.01071  -0.1142
   7.750   1.2906   0.02087   0.01148  -0.1093
   8.000   1.2949   0.02218   0.01235  -0.1049
   8.250   1.3013   0.02346   0.01328  -0.1015
   8.500   1.3105   0.02460   0.01422  -0.0994
   8.750   1.3211   0.02567   0.01519  -0.0971
   9.000   1.3284   0.02604   0.01546  -0.0957
   9.250   1.3404   0.02761   0.01703  -0.0927
   9.500   1.3549   0.03016   0.01963  -0.0887
   9.750   1.3702   0.03338   0.02298  -0.0841
  11.250   1.3849   0.03699   0.02678  -0.0795
  11.500   1.3969   0.04071   0.03071  -0.0752
  11.750   1.4045   0.04425   0.03445  -0.0718
  12.000   1.4150   0.04646   0.03683  -0.0704
  12.250   1.3996   0.04802   0.03855  -0.0688
  12.500   1.3955   0.05162   0.04236  -0.0673
  12.750   1.3634   0.06094   0.05206  -0.0656
  13.250   1.3329   0.07145   0.06301  -0.0637
  14.500   1.3149   0.08190   0.07390  -0.0617
  15.250   1.3203   0.09088   0.08327  -0.0596
  15.500   1.3601   0.09694   0.08964  -0.0575
