Smoothened XFOIL polar
 10-point moving average applied

   alpha    CL        CD       CDp       CM
  ------ -------- --------- --------- --------
 -19.750  -0.2674   0.21183   0.20718  -0.0285
 -18.500  -0.2735   0.20718   0.20249  -0.0284
 -18.250  -0.2779   0.20410   0.19937  -0.0282
 -18.000  -0.2802   0.20221   0.19745  -0.0280
 -17.750  -0.2800   0.20113   0.19636  -0.0280
 -17.500  -0.2679   0.20096   0.19625  -0.0283
 -17.250  -0.2772   0.19979   0.19504  -0.0293
 -17.000  -0.2727   0.19924   0.19456  -0.0307
 -16.750  -0.2752   0.19616   0.19148  -0.0322
 -16.250  -0.2908   0.19399   0.18924  -0.0322
 -16.000  -0.3015   0.18961   0.18478  -0.0324
 -15.250  -0.2935   0.18617   0.18139  -0.0319
 -15.000  -0.2842   0.18206   0.17727  -0.0311
 -14.750  -0.2655   0.17960   0.17492  -0.0306
 -14.500  -0.2763   0.17636   0.17167  -0.0312
 -14.250  -0.2767   0.17349   0.16886  -0.0321
 -13.500  -0.2891   0.16916   0.16447  -0.0331
 -13.250  -0.2869   0.16362   0.15897  -0.0332
 -13.000  -0.2963   0.15683   0.15218  -0.0330
 -12.500  -0.2896   0.15204   0.14755  -0.0315
 -11.250  -0.2853   0.14820   0.14381  -0.0291
 -11.000  -0.2822   0.14564   0.14142  -0.0265
 -10.750  -0.2833   0.14219   0.13807  -0.0251
 -10.500  -0.2587   0.14328   0.13921  -0.0229
 -10.250  -0.2825   0.13398   0.12988  -0.0283
  -9.500  -0.2726   0.12943   0.12545  -0.0285
  -9.250  -0.3132   0.11139   0.10708  -0.0415
  -8.500  -0.3287   0.10068   0.09631  -0.0490
  -8.250  -0.3558   0.08676   0.08217  -0.0601
  -8.000  -0.3876   0.07141   0.06640  -0.0731
  -7.750  -0.4051   0.05813   0.05256  -0.0858
  -7.500  -0.3866   0.05030   0.04419  -0.0958
  -7.250  -0.3903   0.03759   0.03092  -0.1078
  -7.000  -0.3367   0.03640   0.02937  -0.1109
  -6.500  -0.3171   0.02685   0.01922  -0.1208
  -6.250  -0.2556   0.03006   0.02234  -0.1197
  -6.000  -0.2134   0.02906   0.02119  -0.1219
  -5.750  -0.1731   0.02824   0.02029  -0.1242
  -5.500  -0.1397   0.02758   0.01956  -0.1259
  -5.250  -0.1019   0.02689   0.01889  -0.1278
  -5.000  -0.0647   0.02613   0.01810  -0.1296
  -4.750  -0.0259   0.02538   0.01733  -0.1315
  -4.500   0.0112   0.02467   0.01662  -0.1331
  -4.250   0.0506   0.02392   0.01585  -0.1351
  -4.000   0.0875   0.02325   0.01519  -0.1365
  -3.750   0.1265   0.02254   0.01449  -0.1383
  -3.500   0.1634   0.02190   0.01388  -0.1398
  -3.250   0.2041   0.02121   0.01324  -0.1419
  -3.000   0.2452   0.02054   0.01261  -0.1440
  -2.750   0.2876   0.01987   0.01197  -0.1464
  -2.500   0.3281   0.01926   0.01142  -0.1485
  -2.250   0.3689   0.01866   0.01087  -0.1506
  -2.000   0.4074   0.01814   0.01042  -0.1523
  -1.750   0.4459   0.01766   0.00998  -0.1540
  -1.500   0.4826   0.01725   0.00964  -0.1554
  -1.250   0.5202   0.01685   0.00931  -0.1569
  -1.000   0.5568   0.01651   0.00904  -0.1582
  -0.750   0.5910   0.01625   0.00884  -0.1592
  -0.500   0.6234   0.01606   0.00869  -0.1597
  -0.250   0.6538   0.01591   0.00858  -0.1599
   0.000   0.6830   0.01581   0.00849  -0.1599
   0.250   0.7113   0.01574   0.00841  -0.1596
   0.500   0.7388   0.01569   0.00838  -0.1593
   0.750   0.7657   0.01567   0.00837  -0.1588
   1.000   0.7920   0.01568   0.00841  -0.1582
   1.250   0.8175   0.01572   0.00848  -0.1574
   1.500   0.8416   0.01576   0.00859  -0.1563
   1.750   0.8634   0.01582   0.00871  -0.1546
   2.000   0.8825   0.01583   0.00881  -0.1523
   2.250   0.9003   0.01583   0.00887  -0.1496
   2.500   0.9184   0.01584   0.00890  -0.1471
   2.750   0.9386   0.01590   0.00891  -0.1451
   3.000   0.9608   0.01604   0.00894  -0.1438
   3.250   0.9851   0.01627   0.00903  -0.1431
   3.500   1.0104   0.01656   0.00917  -0.1427
   3.750   1.0358   0.01691   0.00936  -0.1424
   4.000   1.0599   0.01723   0.00956  -0.1417
   4.250   1.0837   0.01757   0.00979  -0.1410
   4.500   1.1075   0.01792   0.01002  -0.1403
   4.750   1.1314   0.01829   0.01028  -0.1396
   5.000   1.1551   0.01867   0.01056  -0.1389
   5.250   1.1783   0.01907   0.01087  -0.1381
   5.500   1.2010   0.01947   0.01120  -0.1372
   5.750   1.2229   0.01988   0.01154  -0.1362
   6.000   1.2442   0.02028   0.01189  -0.1350
   6.250   1.2650   0.02069   0.01221  -0.1338
   6.500   1.2851   0.02109   0.01257  -0.1324
   6.750   1.3048   0.02150   0.01295  -0.1310
   7.000   1.3240   0.02193   0.01337  -0.1295
   7.250   1.3422   0.02239   0.01384  -0.1279
   7.500   1.3607   0.02287   0.01431  -0.1263
   7.750   1.3791   0.02337   0.01479  -0.1248
   8.000   1.3971   0.02390   0.01528  -0.1233
   8.250   1.4146   0.02446   0.01578  -0.1216
   8.500   1.4324   0.02503   0.01630  -0.1201
   8.750   1.4492   0.02562   0.01687  -0.1184
   9.000   1.4643   0.02623   0.01749  -0.1165
   9.250   1.4784   0.02684   0.01812  -0.1144
   9.500   1.4921   0.02745   0.01873  -0.1123
   9.750   1.5035   0.02810   0.01935  -0.1100
  10.000   1.5140   0.02879   0.02005  -0.1075
  10.250   1.5243   0.02953   0.02080  -0.1051
  10.500   1.5348   0.03033   0.02162  -0.1028
  10.750   1.5441   0.03119   0.02252  -0.1005
  11.000   1.5526   0.03212   0.02348  -0.0982
  11.250   1.5605   0.03311   0.02448  -0.0958
  11.500   1.5664   0.03420   0.02558  -0.0934
  11.750   1.5696   0.03541   0.02680  -0.0909
  12.000   1.5723   0.03673   0.02814  -0.0885
  12.250   1.5745   0.03819   0.02962  -0.0862
  12.500   1.5763   0.03975   0.03121  -0.0840
  12.750   1.5782   0.04142   0.03291  -0.0821
  13.000   1.5810   0.04313   0.03464  -0.0804
  13.250   1.5844   0.04491   0.03647  -0.0788
  13.500   1.5884   0.04672   0.03833  -0.0774
  13.750   1.5920   0.04866   0.04033  -0.0762
  14.000   1.5951   0.05070   0.04241  -0.0751
  14.250   1.5972   0.05290   0.04467  -0.0741
  14.500   1.5985   0.05523   0.04704  -0.0732
  14.750   1.5993   0.05767   0.04951  -0.0725
  15.000   1.5999   0.06022   0.05209  -0.0718
  15.250   1.6004   0.06282   0.05475  -0.0712
  15.500   1.6014   0.06545   0.05744  -0.0708
  15.750   1.6018   0.06824   0.06031  -0.0704
  16.000   1.6015   0.07115   0.06331  -0.0703
  16.250   1.6004   0.07422   0.06649  -0.0702
  16.500   1.5990   0.07684   0.06918  -0.0702
  16.750   1.5967   0.08054   0.07297  -0.0705
  17.000   1.5936   0.08509   0.07763  -0.0711
  17.250   1.5901   0.09009   0.08273  -0.0718
  18.000   1.5872   0.09516   0.08788  -0.0726
  18.250   1.5840   0.10020   0.09301  -0.0737
  18.500   1.5799   0.10504   0.09796  -0.0749
  18.750   1.5756   0.10928   0.10230  -0.0762
  19.000   1.5710   0.11272   0.10582  -0.0776
  19.250   1.5651   0.11695   0.11017  -0.0792
  19.500   1.5591   0.12125   0.11458  -0.0811
  19.750   1.5532   0.12557   0.11900  -0.0831
  20.000   1.5477   0.12984   0.12335  -0.0853
