Smoothened XFOIL polar
 10-point moving average applied

   alpha    CL        CD       CDp       CM
  ------ -------- --------- --------- --------
 -17.500  -0.3070   0.19512   0.19034  -0.0284
 -13.000  -0.3139   0.15722   0.15256  -0.0350
 -11.250  -0.3179   0.13490   0.13033  -0.0363
 -10.500  -0.3229   0.12335   0.11884  -0.0346
 -10.000  -0.3330   0.11772   0.11329  -0.0317
  -9.500  -0.3686   0.10635   0.10209  -0.0349
  -9.000  -0.3941   0.10106   0.09706  -0.0304
  -7.500  -0.4269   0.08973   0.08591  -0.0336
  -7.250  -0.4511   0.07644   0.07250  -0.0413
  -7.000  -0.4424   0.06236   0.05796  -0.0537
  -6.750  -0.4082   0.05250   0.04763  -0.0660
  -6.500  -0.3603   0.05249   0.04758  -0.0734
  -6.000  -0.3217   0.04770   0.04250  -0.0818
  -5.750  -0.2821   0.04083   0.03525  -0.0917
  -5.500  -0.2340   0.04235   0.03640  -0.0911
  -5.250  -0.1906   0.03818   0.03172  -0.0963
  -5.000  -0.1510   0.03309   0.02591  -0.1020
  -4.750  -0.1065   0.02618   0.01819  -0.1094
  -4.500  -0.0650   0.02307   0.01470  -0.1138
  -4.250  -0.0287   0.02439   0.01619  -0.1142
  -4.000   0.0096   0.02341   0.01509  -0.1164
  -3.750   0.0489   0.02248   0.01413  -0.1188
  -3.500   0.0864   0.02170   0.01339  -0.1209
  -3.250   0.1252   0.02097   0.01275  -0.1231
  -3.000   0.1625   0.02035   0.01221  -0.1251
  -2.750   0.2013   0.01972   0.01169  -0.1274
  -2.500   0.2386   0.01916   0.01126  -0.1294
  -2.250   0.2780   0.01858   0.01083  -0.1317
  -2.000   0.3169   0.01803   0.01043  -0.1339
  -1.750   0.3558   0.01745   0.01003  -0.1361
  -1.500   0.3941   0.01686   0.00965  -0.1381
  -1.250   0.4326   0.01624   0.00931  -0.1401
  -1.000   0.4671   0.01566   0.00906  -0.1413
  -0.750   0.4987   0.01503   0.00881  -0.1414
  -0.500   0.5238   0.01447   0.00861  -0.1406
  -0.250   0.5544   0.01392   0.00834  -0.1400
   0.000   0.5890   0.01347   0.00801  -0.1396
   0.250   0.6262   0.01316   0.00767  -0.1395
   0.750   0.6669   0.01293   0.00731  -0.1402
   1.000   0.7079   0.01282   0.00702  -0.1413
   1.250   0.7459   0.01279   0.00680  -0.1423
   1.500   0.7781   0.01280   0.00665  -0.1426
   1.750   0.8039   0.01288   0.00660  -0.1425
   2.000   0.8318   0.01297   0.00655  -0.1424
   2.250   0.8593   0.01307   0.00653  -0.1422
   2.500   0.8860   0.01321   0.00653  -0.1418
   2.750   0.9125   0.01337   0.00656  -0.1414
   3.000   0.9386   0.01357   0.00663  -0.1410
   3.250   0.9645   0.01379   0.00672  -0.1405
   3.500   0.9898   0.01402   0.00685  -0.1400
   3.750   1.0147   0.01427   0.00699  -0.1393
   4.000   1.0393   0.01452   0.00714  -0.1387
   4.250   1.0635   0.01479   0.00730  -0.1379
   4.500   1.0875   0.01508   0.00748  -0.1372
   4.750   1.1109   0.01538   0.00768  -0.1363
   5.000   1.1337   0.01568   0.00790  -0.1354
   5.250   1.1561   0.01599   0.00812  -0.1343
   5.500   1.1781   0.01630   0.00836  -0.1332
   5.750   1.1992   0.01646   0.00851  -0.1333
   6.000   1.2228   0.01686   0.00884  -0.1316
   6.250   1.2466   0.01749   0.00931  -0.1284
   6.500   1.2688   0.01833   0.00991  -0.1240
   7.500   1.2875   0.01937   0.01063  -0.1187
   7.750   1.3023   0.02056   0.01143  -0.1133
   8.000   1.3132   0.02184   0.01229  -0.1084
   8.250   1.3216   0.02304   0.01315  -0.1047
   8.500   1.3282   0.02405   0.01393  -0.1031
   8.750   1.3369   0.02522   0.01489  -0.1005
   9.000   1.3454   0.02643   0.01595  -0.0980
   9.250   1.3528   0.02678   0.01619  -0.0966
   9.500   1.3644   0.02839   0.01779  -0.0938
   9.750   1.3783   0.03101   0.02045  -0.0899
  10.000   1.3930   0.03432   0.02387  -0.0855
  11.500   1.4075   0.03798   0.02771  -0.0811
  11.750   1.4196   0.04173   0.03164  -0.0770
  12.000   1.4275   0.04525   0.03535  -0.0737
  12.250   1.4302   0.04818   0.03843  -0.0716
  12.500   1.4372   0.04874   0.03908  -0.0719
  12.750   1.4249   0.05167   0.04222  -0.0696
  13.000   1.4082   0.05696   0.04777  -0.0682
  13.250   1.4011   0.06011   0.05110  -0.0644
  14.000   1.3829   0.06908   0.06044  -0.0629
  15.000   1.3586   0.08654   0.07857  -0.0661
  16.000   1.3270   0.11567   0.10879  -0.0766
  18.500   1.2873   0.15967   0.15441  -0.0968
