Smoothened XFOIL polar
 10-point moving average applied

   alpha    CL        CD       CDp       CM
  ------ -------- --------- --------- --------
 -12.750  -0.3186   0.15341   0.14867  -0.0250
 -12.500  -0.3218   0.15597   0.15110  -0.0281
 -12.000  -0.3236   0.14889   0.14405  -0.0301
 -11.750  -0.3259   0.13544   0.13072  -0.0311
 -10.000  -0.3304   0.11888   0.11435  -0.0310
  -8.000  -0.3428   0.10556   0.10124  -0.0286
  -7.500  -0.3766   0.09801   0.09429  -0.0236
  -7.250  -0.3879   0.08537   0.08155  -0.0251
  -6.750  -0.3763   0.07293   0.06847  -0.0323
  -6.250  -0.3405   0.05823   0.05272  -0.0433
  -5.000  -0.2874   0.04124   0.03455  -0.0567
  -4.750  -0.2174   0.02670   0.01896  -0.0696
  -4.500  -0.1501   0.01724   0.00870  -0.0794
  -4.250  -0.0976   0.01470   0.00585  -0.0836
  -4.000  -0.0720   0.01947   0.01098  -0.0834
  -3.750  -0.0348   0.01931   0.01082  -0.0860
  -3.500   0.0032   0.01882   0.01036  -0.0885
  -3.250   0.0406   0.01822   0.00979  -0.0909
  -3.000   0.0787   0.01747   0.00911  -0.0933
  -2.750   0.1176   0.01683   0.00861  -0.0958
  -2.500   0.1550   0.01627   0.00822  -0.0982
  -2.250   0.1916   0.01579   0.00789  -0.1004
  -2.000   0.2253   0.01523   0.00764  -0.1020
  -1.750   0.2579   0.01455   0.00742  -0.1031
  -1.500   0.2878   0.01382   0.00722  -0.1040
  -1.250   0.3213   0.01312   0.00699  -0.1046
  -1.000   0.3588   0.01251   0.00673  -0.1052
  -0.750   0.3975   0.01207   0.00646  -0.1058
  -0.250   0.4356   0.01185   0.00621  -0.1061
   0.000   0.4722   0.01181   0.00596  -0.1065
   0.250   0.5041   0.01179   0.00579  -0.1063
   0.500   0.5330   0.01176   0.00568  -0.1062
   0.750   0.5573   0.01175   0.00562  -0.1059
   1.000   0.5843   0.01174   0.00553  -0.1057
   1.250   0.6112   0.01176   0.00546  -0.1054
   1.500   0.6381   0.01180   0.00541  -0.1052
   1.750   0.6648   0.01188   0.00538  -0.1050
   2.000   0.6912   0.01197   0.00537  -0.1047
   2.250   0.7170   0.01207   0.00537  -0.1042
   2.500   0.7423   0.01216   0.00535  -0.1036
   2.750   0.7671   0.01225   0.00532  -0.1029
   3.000   0.7917   0.01235   0.00528  -0.1021
   3.250   0.8159   0.01246   0.00525  -0.1013
   3.500   0.8401   0.01259   0.00524  -0.1004
   3.750   0.8641   0.01276   0.00528  -0.0997
   4.000   0.8880   0.01296   0.00537  -0.0990
   4.250   0.9120   0.01318   0.00549  -0.0983
   4.500   0.9362   0.01342   0.00565  -0.0977
   4.750   0.9603   0.01367   0.00583  -0.0971
   5.000   0.9844   0.01393   0.00604  -0.0965
   5.250   1.0086   0.01420   0.00626  -0.0960
   5.500   1.0327   0.01442   0.00647  -0.0954
   5.750   1.0551   0.01470   0.00668  -0.0945
   6.000   1.0756   0.01506   0.00688  -0.0933
   6.250   1.0934   0.01559   0.00714  -0.0916
   6.500   1.1083   0.01637   0.00754  -0.0897
   6.750   1.1214   0.01734   0.00806  -0.0875
   7.000   1.1337   0.01844   0.00870  -0.0854
   7.250   1.1466   0.01960   0.00944  -0.0834
   7.500   1.1607   0.02071   0.01023  -0.0817
   7.750   1.1755   0.02173   0.01099  -0.0801
   8.000   1.1913   0.02260   0.01166  -0.0785
   8.250   1.2079   0.02327   0.01217  -0.0770
