Smoothened XFOIL polar
 10-point moving average applied

   alpha    CL        CD       CDp       CM
  ------ -------- --------- --------- --------
 -15.750  -0.3376   0.17864   0.17413  -0.0285
 -11.500  -0.3095   0.15044   0.14662  -0.0275
 -10.000  -0.3106   0.12371   0.12014  -0.0317
  -9.000  -0.3291   0.09879   0.09511  -0.0395
  -8.750  -0.3536   0.07604   0.07192  -0.0496
  -6.750  -0.3665   0.05766   0.05280  -0.0591
  -6.500  -0.3604   0.03872   0.03291  -0.0690
  -6.250  -0.3337   0.02357   0.01682  -0.0772
  -6.000  -0.2958   0.01499   0.00750  -0.0828
  -5.750  -0.2545   0.01645   0.00856  -0.0837
  -5.500  -0.2152   0.01789   0.01005  -0.0850
  -5.250  -0.1777   0.01808   0.01022  -0.0873
  -5.000  -0.1407   0.01818   0.01029  -0.0898
  -4.750  -0.1041   0.01813   0.01025  -0.0922
  -4.500  -0.0675   0.01779   0.00988  -0.0945
  -4.250  -0.0302   0.01728   0.00938  -0.0969
  -4.000   0.0069   0.01672   0.00883  -0.0992
  -3.750   0.0439   0.01599   0.00814  -0.1013
  -3.500   0.0804   0.01526   0.00746  -0.1033
  -3.250   0.1147   0.01470   0.00696  -0.1049
  -3.000   0.1481   0.01416   0.00652  -0.1062
  -2.750   0.1803   0.01367   0.00616  -0.1073
  -2.500   0.2112   0.01322   0.00585  -0.1081
  -2.250   0.2420   0.01281   0.00557  -0.1089
  -2.000   0.2719   0.01244   0.00535  -0.1095
  -1.750   0.2998   0.01202   0.00517  -0.1098
  -1.500   0.3280   0.01148   0.00502  -0.1099
  -1.250   0.3560   0.01091   0.00489  -0.1098
  -1.000   0.3846   0.01037   0.00478  -0.1097
  -0.750   0.4131   0.00995   0.00467  -0.1095
  -0.500   0.4415   0.00967   0.00457  -0.1094
  -0.250   0.4698   0.00956   0.00446  -0.1093
   0.000   0.4976   0.00959   0.00435  -0.1092
   0.250   0.5232   0.00966   0.00426  -0.1089
   0.500   0.5501   0.00969   0.00419  -0.1088
   0.750   0.5769   0.00973   0.00415  -0.1086
   1.000   0.6035   0.00981   0.00412  -0.1084
   1.250   0.6298   0.00990   0.00411  -0.1081
   1.500   0.6557   0.01001   0.00411  -0.1078
   1.750   0.6814   0.01012   0.00408  -0.1073
   2.000   0.7066   0.01024   0.00407  -0.1068
   2.250   0.7315   0.01037   0.00406  -0.1062
   2.500   0.7561   0.01051   0.00406  -0.1056
   2.750   0.7804   0.01067   0.00407  -0.1049
   3.000   0.8045   0.01085   0.00412  -0.1042
   3.250   0.8286   0.01105   0.00419  -0.1036
   3.500   0.8529   0.01127   0.00428  -0.1030
   3.750   0.8774   0.01150   0.00440  -0.1025
   4.000   0.9018   0.01174   0.00454  -0.1020
   4.250   0.9263   0.01198   0.00469  -0.1015
   4.500   0.9505   0.01222   0.00486  -0.1010
   4.750   0.9747   0.01247   0.00504  -0.1004
   5.000   0.9990   0.01273   0.00524  -0.0999
   5.250   1.0234   0.01297   0.00543  -0.0994
   5.500   1.0456   0.01315   0.00558  -0.0990
   5.750   1.0678   0.01358   0.00585  -0.0979
   6.000   1.0889   0.01430   0.00625  -0.0962
   6.250   1.1086   0.01528   0.00680  -0.0940
   6.750   1.1268   0.01643   0.00747  -0.0917
   7.000   1.1439   0.01767   0.00823  -0.0893
   7.250   1.1626   0.01815   0.00820  -0.0887
   7.500   1.1795   0.01938   0.00925  -0.0861
   7.750   1.1910   0.02126   0.01126  -0.0820
   8.000   1.1984   0.02391   0.01414  -0.0760
   9.000   1.2036   0.02745   0.01807  -0.0685
   9.250   1.2102   0.03114   0.02213  -0.0618
   9.500   1.2209   0.03462   0.02585  -0.0572
   9.750   1.2381   0.03751   0.02876  -0.0559
