Smoothened XFOIL polar
 10-point moving average applied

   alpha    CL        CD       CDp       CM
  ------ -------- --------- --------- --------
 -19.250  -0.3982   0.20781   0.20373  -0.0274
 -16.500  -0.3050   0.20594   0.20218  -0.0231
 -15.500  -0.3103   0.18214   0.17847  -0.0270
 -13.250  -0.3826   0.14448   0.14072  -0.0366
 -10.750  -0.4902   0.10103   0.09704  -0.0494
 -10.000  -0.5710   0.06644   0.06214  -0.0617
  -9.750  -0.6550   0.03821   0.03343  -0.0722
  -9.500  -0.6968   0.02302   0.01776  -0.0814
  -9.250  -0.6822   0.01985   0.01421  -0.0874
  -9.000  -0.6038   0.02483   0.01902  -0.0882
  -8.750  -0.5518   0.02386   0.01793  -0.0921
  -8.250  -0.4987   0.02094   0.01466  -0.0970
  -7.750  -0.4431   0.02395   0.01795  -0.0985
  -7.500  -0.3919   0.02681   0.02105  -0.1001
  -7.250  -0.3480   0.02917   0.02356  -0.1015
  -7.000  -0.3133   0.03042   0.02480  -0.1031
  -6.750  -0.2814   0.03025   0.02447  -0.1053
  -6.500  -0.2473   0.02854   0.02246  -0.1082
  -6.250  -0.2121   0.02527   0.01877  -0.1120
  -6.000  -0.1781   0.02033   0.01326  -0.1163
  -5.750  -0.1416   0.02094   0.01393  -0.1172
  -5.500  -0.1052   0.01996   0.01287  -0.1193
  -5.250  -0.0694   0.01926   0.01209  -0.1211
  -5.000  -0.0333   0.01852   0.01127  -0.1230
  -4.750   0.0032   0.01777   0.01046  -0.1249
  -4.500   0.0387   0.01704   0.00970  -0.1266
  -4.250   0.0748   0.01628   0.00893  -0.1284
  -4.000   0.1117   0.01553   0.00821  -0.1304
  -3.750   0.1480   0.01484   0.00757  -0.1322
  -3.500   0.1859   0.01419   0.00699  -0.1344
  -3.250   0.2222   0.01363   0.00651  -0.1362
  -3.000   0.2573   0.01312   0.00608  -0.1377
  -2.750   0.2928   0.01264   0.00571  -0.1394
  -2.500   0.3265   0.01224   0.00541  -0.1407
  -2.250   0.3596   0.01187   0.00516  -0.1418
  -2.000   0.3932   0.01153   0.00493  -0.1431
  -1.750   0.4252   0.01124   0.00475  -0.1439
  -1.500   0.4574   0.01096   0.00458  -0.1449
  -1.250   0.4884   0.01069   0.00446  -0.1456
  -1.000   0.5182   0.01042   0.00437  -0.1461
  -0.750   0.5473   0.01014   0.00435  -0.1464
  -0.500   0.5728   0.00985   0.00436  -0.1457
  -0.250   0.5969   0.00956   0.00437  -0.1446
   0.000   0.6204   0.00933   0.00435  -0.1432
   0.250   0.6445   0.00918   0.00430  -0.1419
   0.500   0.6695   0.00912   0.00422  -0.1409
   0.750   0.6959   0.00915   0.00414  -0.1404
   1.000   0.7235   0.00924   0.00407  -0.1403
   1.250   0.7512   0.00939   0.00405  -0.1404
   1.500   0.7770   0.00955   0.00407  -0.1400
   1.750   0.8029   0.00971   0.00409  -0.1396
   2.000   0.8286   0.00989   0.00414  -0.1392
   2.250   0.8541   0.01008   0.00420  -0.1387
   2.500   0.8793   0.01028   0.00428  -0.1382
   2.750   0.9041   0.01049   0.00437  -0.1376
   3.000   0.9284   0.01071   0.00447  -0.1370
   3.250   0.9525   0.01095   0.00458  -0.1363
   3.500   0.9764   0.01120   0.00471  -0.1356
   3.750   1.0003   0.01146   0.00486  -0.1348
   4.000   1.0240   0.01171   0.00502  -0.1341
   4.250   1.0477   0.01197   0.00520  -0.1334
   4.500   1.0712   0.01224   0.00538  -0.1327
   4.750   1.0945   0.01252   0.00558  -0.1319
   5.000   1.1174   0.01283   0.00579  -0.1311
   5.250   1.1404   0.01312   0.00602  -0.1302
   5.500   1.1628   0.01342   0.00624  -0.1293
   5.750   1.1838   0.01377   0.00649  -0.1281
   6.000   1.2034   0.01416   0.00676  -0.1268
   6.250   1.2232   0.01436   0.00688  -0.1257
   6.500   1.2402   0.01494   0.00726  -0.1236
   6.750   1.2524   0.01600   0.00794  -0.1204
   7.000   1.2611   0.01741   0.00888  -0.1164
   7.500   1.2679   0.01901   0.00999  -0.1121
   7.750   1.2736   0.02069   0.01117  -0.1078
   8.000   1.2797   0.02227   0.01233  -0.1038
   8.250   1.2888   0.02352   0.01332  -0.1009
   8.500   1.3026   0.02422   0.01400  -0.0993
   8.750   1.3174   0.02498   0.01478  -0.0975
   9.000   1.3320   0.02577   0.01562  -0.0958
   9.250   1.3465   0.02658   0.01651  -0.0940
   9.500   1.3602   0.02745   0.01749  -0.0923
   9.750   1.3731   0.02839   0.01854  -0.0905
  10.000   1.3853   0.02941   0.01967  -0.0887
  10.250   1.3968   0.03049   0.02089  -0.0869
  10.500   1.4076   0.03166   0.02220  -0.0851
  10.750   1.4175   0.03294   0.02364  -0.0833
  11.000   1.4262   0.03435   0.02522  -0.0815
  11.250   1.4335   0.03592   0.02696  -0.0797
  11.500   1.4393   0.03768   0.02889  -0.0779
  11.750   1.4435   0.03966   0.03104  -0.0761
  12.000   1.4456   0.04189   0.03344  -0.0744
  12.250   1.4456   0.04445   0.03615  -0.0728
  12.500   1.4432   0.04732   0.03918  -0.0713
  12.750   1.4390   0.05051   0.04252  -0.0699
  13.000   1.4329   0.05402   0.04617  -0.0688
  13.250   1.4251   0.05786   0.05014  -0.0678
