Smoothened XFOIL polar
 10-point moving average applied

   alpha    CL        CD       CDp       CM
  ------ -------- --------- --------- --------
 -19.750  -0.3040   0.21088   0.20609  -0.0261
 -19.500  -0.3055   0.20978   0.20498  -0.0271
 -19.250  -0.3157   0.20793   0.20310  -0.0276
 -18.500  -0.3312   0.20540   0.20049  -0.0276
 -18.000  -0.3488   0.20222   0.19722  -0.0274
 -17.750  -0.3629   0.19796   0.19289  -0.0273
 -16.750  -0.3825   0.19348   0.18830  -0.0277
 -16.250  -0.3743   0.19033   0.18520  -0.0289
 -16.000  -0.3577   0.18644   0.18140  -0.0308
 -15.750  -0.3650   0.18265   0.17756  -0.0304
 -15.500  -0.3520   0.18209   0.17710  -0.0325
 -15.250  -0.3353   0.18041   0.17555  -0.0332
 -15.000  -0.3256   0.17634   0.17154  -0.0335
 -14.250  -0.3110   0.17228   0.16758  -0.0332
 -13.500  -0.3071   0.16731   0.16265  -0.0330
 -13.250  -0.2847   0.16261   0.15804  -0.0323
 -12.750  -0.2874   0.15746   0.15291  -0.0325
 -12.500  -0.3041   0.15175   0.14714  -0.0330
 -12.250  -0.3133   0.14954   0.14498  -0.0339
 -11.750  -0.3156   0.14618   0.14170  -0.0343
 -11.500  -0.3177   0.14307   0.13864  -0.0338
 -11.250  -0.3078   0.14095   0.13659  -0.0327
 -10.750  -0.2974   0.13820   0.13384  -0.0310
 -10.500  -0.2927   0.13455   0.13017  -0.0295
 -10.250  -0.2919   0.13385   0.12949  -0.0235
  -9.750  -0.3175   0.12608   0.12181  -0.0240
  -9.000  -0.3564   0.10974   0.10542  -0.0347
  -8.250  -0.3908   0.09502   0.09067  -0.0436
  -7.750  -0.4155   0.07955   0.07522  -0.0560
  -7.500  -0.4217   0.07147   0.06729  -0.0625
  -7.250  -0.4122   0.06070   0.05625  -0.0743
  -7.000  -0.3873   0.06078   0.05646  -0.0759
  -6.750  -0.3427   0.06346   0.05897  -0.0742
  -6.500  -0.3118   0.05841   0.05348  -0.0806
  -6.250  -0.2847   0.04743   0.04162  -0.0936
  -6.000  -0.2471   0.04112   0.03451  -0.1015
  -5.750  -0.2125   0.03285   0.02549  -0.1116
  -5.500  -0.1720   0.03038   0.02257  -0.1152
  -5.250  -0.1353   0.02373   0.01540  -0.1236
  -5.000  -0.0961   0.02624   0.01808  -0.1221
  -4.750  -0.0576   0.02544   0.01726  -0.1243
  -4.500  -0.0204   0.02473   0.01658  -0.1262
  -4.250   0.0181   0.02402   0.01586  -0.1283
  -4.000   0.0553   0.02341   0.01528  -0.1302
  -3.750   0.0939   0.02279   0.01467  -0.1323
  -3.500   0.1310   0.02223   0.01416  -0.1340
  -3.250   0.1699   0.02162   0.01359  -0.1360
  -3.000   0.2073   0.02102   0.01304  -0.1377
  -2.750   0.2469   0.02036   0.01245  -0.1397
  -2.500   0.2852   0.01973   0.01191  -0.1415
  -2.250   0.3244   0.01913   0.01140  -0.1434
  -2.000   0.3638   0.01855   0.01092  -0.1454
  -1.750   0.4043   0.01796   0.01044  -0.1476
  -1.500   0.4433   0.01741   0.01001  -0.1495
  -1.250   0.4825   0.01687   0.00960  -0.1514
  -1.000   0.5194   0.01638   0.00928  -0.1529
  -0.750   0.5569   0.01589   0.00896  -0.1544
  -0.500   0.5921   0.01546   0.00871  -0.1555
  -0.250   0.6258   0.01509   0.00850  -0.1563
   0.000   0.6594   0.01474   0.00830  -0.1570
   0.250   0.6910   0.01446   0.00815  -0.1572
   0.500   0.7179   0.01423   0.00803  -0.1563
   0.750   0.7412   0.01401   0.00794  -0.1546
   1.000   0.7637   0.01384   0.00784  -0.1527
   1.250   0.7870   0.01371   0.00772  -0.1510
   1.500   0.8113   0.01366   0.00760  -0.1498
   1.750   0.8377   0.01370   0.00751  -0.1492
   2.000   0.8665   0.01382   0.00744  -0.1493
   2.250   0.8956   0.01402   0.00745  -0.1496
   2.500   0.9222   0.01426   0.00751  -0.1493
   2.750   0.9478   0.01449   0.00759  -0.1488
   3.000   0.9731   0.01473   0.00768  -0.1483
   3.250   0.9979   0.01499   0.00779  -0.1476
   3.500   1.0224   0.01527   0.00793  -0.1469
   3.750   1.0469   0.01557   0.00810  -0.1462
   4.000   1.0711   0.01589   0.00830  -0.1455
   4.250   1.0952   0.01622   0.00852  -0.1448
   4.500   1.1187   0.01655   0.00877  -0.1440
   4.750   1.1424   0.01689   0.00901  -0.1432
   5.000   1.1657   0.01723   0.00927  -0.1424
   5.250   1.1890   0.01759   0.00955  -0.1415
   5.500   1.2120   0.01797   0.00985  -0.1407
   5.750   1.2349   0.01836   0.01018  -0.1398
   6.000   1.2573   0.01878   0.01050  -0.1388
   6.250   1.2791   0.01920   0.01088  -0.1377
   6.500   1.3006   0.01959   0.01128  -0.1366
   6.750   1.3208   0.01996   0.01167  -0.1352
   7.000   1.3382   0.02031   0.01205  -0.1334
   7.250   1.3524   0.02066   0.01241  -0.1309
   7.500   1.3633   0.02104   0.01276  -0.1279
   7.750   1.3713   0.02149   0.01313  -0.1244
   8.000   1.3781   0.02199   0.01352  -0.1208
   8.250   1.3853   0.02256   0.01400  -0.1174
   8.500   1.3946   0.02317   0.01455  -0.1145
   8.750   1.4053   0.02381   0.01515  -0.1119
   9.000   1.4171   0.02449   0.01580  -0.1097
   9.250   1.4290   0.02524   0.01650  -0.1075
   9.500   1.4407   0.02605   0.01726  -0.1054
   9.750   1.4515   0.02694   0.01808  -0.1032
  10.000   1.4625   0.02786   0.01897  -0.1012
  10.250   1.4733   0.02882   0.01993  -0.0992
  10.500   1.4844   0.02981   0.02094  -0.0973
  10.750   1.4956   0.03083   0.02200  -0.0955
  11.000   1.5063   0.03190   0.02312  -0.0937
  11.250   1.5159   0.03306   0.02432  -0.0920
  11.500   1.5242   0.03436   0.02561  -0.0902
  11.750   1.5306   0.03580   0.02702  -0.0884
  12.000   1.5378   0.03725   0.02846  -0.0867
  12.250   1.5441   0.03879   0.02999  -0.0850
  12.500   1.5499   0.04045   0.03163  -0.0835
  12.750   1.5547   0.04226   0.03343  -0.0821
  13.000   1.5605   0.04349   0.03466  -0.0809
  13.250   1.5627   0.04599   0.03712  -0.0796
  13.500   1.5611   0.04959   0.04064  -0.0781
  13.750   1.5557   0.05409   0.04507  -0.0767
  14.500   1.5484   0.05911   0.05004  -0.0755
  14.750   1.5404   0.06422   0.05514  -0.0747
  15.000   1.5345   0.06853   0.05947  -0.0740
  15.250   1.5347   0.06881   0.05973  -0.0721
  15.500   1.5225   0.07586   0.06698  -0.0736
  15.750   1.4978   0.08931   0.08075  -0.0775
  16.250   1.4661   0.10636   0.09819  -0.0834
  18.750   1.4312   0.12482   0.11706  -0.0904
  19.000   1.3983   0.14229   0.13492  -0.0977
  19.250   1.3740   0.15626   0.14922  -0.1044
  19.500   1.3585   0.16585   0.15906  -0.1097
  19.750   1.3541   0.16972   0.16303  -0.1127
  20.000   1.3630   0.16652   0.15976  -0.1128
