Smoothened XFOIL polar
 10-point moving average applied

   alpha    CL        CD       CDp       CM
  ------ -------- --------- --------- --------
 -13.250  -0.3747   0.14830   0.14316  -0.0304
 -11.750  -0.3134   0.14603   0.14120  -0.0350
 -11.500  -0.2992   0.13776   0.13315  -0.0361
 -10.500  -0.3169   0.12494   0.12045  -0.0357
 -10.250  -0.3515   0.10899   0.10456  -0.0354
  -8.750  -0.3789   0.09317   0.08887  -0.0384
  -6.750  -0.3937   0.07246   0.06783  -0.0460
  -6.500  -0.3924   0.05765   0.05291  -0.0552
  -6.000  -0.3660   0.04467   0.03963  -0.0656
  -5.750  -0.3224   0.03700   0.03141  -0.0758
  -5.500  -0.2660   0.03440   0.02822  -0.0834
  -5.250  -0.2236   0.03357   0.02694  -0.0853
  -5.000  -0.1858   0.02810   0.02070  -0.0905
  -4.750  -0.1460   0.02665   0.01886  -0.0930
  -4.500  -0.1048   0.02308   0.01473  -0.0969
  -4.250  -0.0672   0.02308   0.01471  -0.0987
  -4.000  -0.0282   0.02201   0.01355  -0.1012
  -3.750   0.0097   0.02113   0.01264  -0.1034
  -3.500   0.0479   0.02034   0.01187  -0.1057
  -3.250   0.0853   0.01961   0.01121  -0.1078
  -3.000   0.1228   0.01893   0.01063  -0.1100
  -2.750   0.1600   0.01828   0.01012  -0.1121
  -2.500   0.1946   0.01774   0.00972  -0.1142
  -2.250   0.2343   0.01716   0.00932  -0.1166
  -2.000   0.2775   0.01651   0.00898  -0.1191
  -1.750   0.3206   0.01570   0.00865  -0.1208
  -1.250   0.3627   0.01483   0.00831  -0.1219
  -1.000   0.4030   0.01399   0.00797  -0.1225
  -0.750   0.4395   0.01330   0.00765  -0.1227
  -0.500   0.4726   0.01282   0.00734  -0.1228
  -0.250   0.5003   0.01263   0.00711  -0.1229
   0.000   0.5323   0.01252   0.00687  -0.1236
   0.250   0.5631   0.01250   0.00670  -0.1242
   0.500   0.5929   0.01243   0.00656  -0.1245
   0.750   0.6224   0.01237   0.00642  -0.1247
   1.000   0.6515   0.01233   0.00628  -0.1249
   1.250   0.6802   0.01232   0.00617  -0.1249
   1.500   0.7087   0.01234   0.00606  -0.1249
   1.750   0.7368   0.01240   0.00599  -0.1248
   2.000   0.7644   0.01248   0.00596  -0.1246
   2.250   0.7913   0.01258   0.00595  -0.1243
   2.500   0.8176   0.01270   0.00596  -0.1240
   2.750   0.8416   0.01281   0.00596  -0.1236
   3.000   0.8687   0.01297   0.00600  -0.1230
   3.250   0.8978   0.01315   0.00605  -0.1222
   3.500   0.9281   0.01337   0.00612  -0.1213
   4.000   0.9586   0.01362   0.00623  -0.1204
   4.250   0.9880   0.01389   0.00637  -0.1194
   4.500   1.0160   0.01417   0.00652  -0.1185
   4.750   1.0413   0.01445   0.00671  -0.1177
   5.000   1.0626   0.01471   0.00690  -0.1170
   5.250   1.0857   0.01499   0.00711  -0.1162
   5.500   1.1088   0.01527   0.00734  -0.1154
   5.750   1.1318   0.01556   0.00757  -0.1145
   6.000   1.1537   0.01584   0.00780  -0.1135
   6.250   1.1719   0.01614   0.00799  -0.1122
   6.500   1.1933   0.01625   0.00802  -0.1111
   6.750   1.2107   0.01685   0.00833  -0.1087
   7.000   1.2238   0.01813   0.00916  -0.1047
   7.500   1.2346   0.02007   0.01061  -0.0993
   8.000   1.2457   0.02270   0.01284  -0.0928
   8.500   1.2567   0.02568   0.01554  -0.0861
   9.000   1.2667   0.02860   0.01837  -0.0798
   9.500   1.2745   0.03115   0.02102  -0.0748
   9.750   1.2856   0.03309   0.02322  -0.0717
  10.000   1.2910   0.03504   0.02533  -0.0691
  10.250   1.2925   0.03693   0.02734  -0.0669
  10.500   1.2926   0.03898   0.02950  -0.0649
  10.750   1.2924   0.04130   0.03193  -0.0628
  11.000   1.2930   0.04405   0.03478  -0.0603
