Smoothened XFOIL polar
 10-point moving average applied

   alpha    CL        CD       CDp       CM
  ------ -------- --------- --------- --------
 -14.000  -0.4121   0.16423   0.15921  -0.0168
 -10.000  -0.3580   0.12573   0.12082  -0.0262
  -8.500  -0.3421   0.10264   0.09810  -0.0298
  -7.750  -0.3503   0.09014   0.08605  -0.0300
  -7.250  -0.3686   0.08342   0.07964  -0.0296
  -6.750  -0.3766   0.07432   0.07029  -0.0339
  -5.750  -0.3600   0.06046   0.05571  -0.0426
  -5.500  -0.3279   0.04493   0.03920  -0.0541
  -5.250  -0.2827   0.03081   0.02400  -0.0652
  -5.000  -0.2345   0.02100   0.01323  -0.0730
  -4.750  -0.1923   0.01763   0.00919  -0.0758
  -4.500  -0.1557   0.01849   0.00987  -0.0768
  -4.250  -0.1141   0.01909   0.01057  -0.0797
  -4.000  -0.0692   0.01913   0.01062  -0.0830
  -3.750  -0.0225   0.01897   0.01047  -0.0863
  -3.250   0.0248   0.01837   0.00992  -0.0895
  -3.000   0.0719   0.01766   0.00930  -0.0926
  -2.750   0.1163   0.01688   0.00866  -0.0954
  -2.500   0.1563   0.01624   0.00817  -0.0979
  -2.250   0.1900   0.01581   0.00789  -0.1000
  -2.000   0.2238   0.01524   0.00764  -0.1017
  -1.750   0.2569   0.01455   0.00742  -0.1029
  -1.500   0.2897   0.01381   0.00720  -0.1039
  -1.250   0.3220   0.01311   0.00698  -0.1046
  -1.000   0.3551   0.01250   0.00673  -0.1053
  -0.750   0.3874   0.01207   0.00649  -0.1059
  -0.500   0.4186   0.01186   0.00627  -0.1063
  -0.250   0.4491   0.01181   0.00605  -0.1067
   0.000   0.4762   0.01181   0.00589  -0.1066
   0.250   0.5033   0.01177   0.00578  -0.1064
   0.500   0.5301   0.01175   0.00569  -0.1061
   0.750   0.5570   0.01174   0.00561  -0.1059
   1.000   0.5841   0.01173   0.00552  -0.1057
   1.250   0.6111   0.01174   0.00544  -0.1055
   1.500   0.6381   0.01178   0.00539  -0.1053
   1.750   0.6647   0.01185   0.00536  -0.1050
   2.000   0.6910   0.01194   0.00536  -0.1047
   2.250   0.7167   0.01204   0.00535  -0.1042
   2.500   0.7421   0.01212   0.00532  -0.1036
   2.750   0.7669   0.01221   0.00529  -0.1029
   3.000   0.7914   0.01231   0.00525  -0.1021
   3.250   0.8156   0.01241   0.00521  -0.1013
   3.500   0.8397   0.01255   0.00521  -0.1005
   3.750   0.8637   0.01272   0.00525  -0.0997
   4.000   0.8877   0.01292   0.00534  -0.0990
   4.250   0.9118   0.01314   0.00546  -0.0983
   4.500   0.9359   0.01339   0.00562  -0.0977
   4.750   0.9601   0.01364   0.00581  -0.0971
   5.000   0.9843   0.01390   0.00601  -0.0966
   5.250   1.0085   0.01415   0.00624  -0.0960
   5.500   1.0325   0.01439   0.00644  -0.0954
   5.750   1.0546   0.01468   0.00664  -0.0945
   6.000   1.0747   0.01506   0.00685  -0.0932
   6.250   1.0921   0.01563   0.00712  -0.0915
   6.500   1.1066   0.01645   0.00753  -0.0895
   6.750   1.1195   0.01746   0.00809  -0.0874
   7.000   1.1319   0.01859   0.00875  -0.0853
   7.250   1.1452   0.01975   0.00950  -0.0834
   7.500   1.1598   0.02080   0.01022  -0.0818
   7.750   1.1751   0.02176   0.01093  -0.0802
   8.000   1.1906   0.02268   0.01167  -0.0786
   8.250   1.2058   0.02355   0.01246  -0.0768
   8.500   1.2206   0.02440   0.01330  -0.0748
