Smoothened XFOIL polar
 10-point moving average applied

   alpha    CL        CD       CDp       CM
  ------ -------- --------- --------- --------
  -9.000  -0.3804   0.09973   0.09648  -0.0261
  -7.750  -0.4182   0.06274   0.05812  -0.0491
  -7.000  -0.4194   0.03916   0.03348  -0.0661
  -6.750  -0.3936   0.02620   0.01974  -0.0779
  -6.500  -0.3506   0.02107   0.01408  -0.0856
  -6.250  -0.2995   0.01860   0.01126  -0.0926
  -6.000  -0.2638   0.02337   0.01619  -0.0905
  -5.750  -0.2277   0.02337   0.01621  -0.0930
  -5.500  -0.1915   0.02300   0.01577  -0.0954
  -5.250  -0.1551   0.02232   0.01499  -0.0978
  -5.000  -0.1186   0.02150   0.01405  -0.1000
  -4.750  -0.0822   0.02046   0.01281  -0.1020
  -4.500  -0.0452   0.01928   0.01147  -0.1040
  -4.250  -0.0083   0.01828   0.01040  -0.1061
  -4.000   0.0287   0.01746   0.00958  -0.1082
  -3.750   0.0659   0.01671   0.00886  -0.1103
  -3.500   0.1029   0.01601   0.00823  -0.1124
  -3.250   0.1390   0.01536   0.00767  -0.1143
  -3.000   0.1748   0.01478   0.00719  -0.1161
  -2.750   0.2093   0.01423   0.00676  -0.1176
  -2.500   0.2433   0.01374   0.00641  -0.1191
  -2.250   0.2761   0.01328   0.00610  -0.1202
  -2.000   0.3092   0.01285   0.00583  -0.1215
  -1.750   0.3415   0.01244   0.00560  -0.1226
  -1.500   0.3711   0.01195   0.00542  -0.1230
  -1.250   0.3990   0.01141   0.00528  -0.1229
  -1.000   0.4268   0.01087   0.00515  -0.1226
  -0.750   0.4542   0.01040   0.00504  -0.1221
  -0.500   0.4812   0.01007   0.00494  -0.1215
  -0.250   0.5089   0.00988   0.00482  -0.1211
   0.000   0.5374   0.00982   0.00470  -0.1211
   0.250   0.5664   0.00985   0.00459  -0.1214
   0.500   0.5935   0.00991   0.00452  -0.1213
   0.750   0.6210   0.00995   0.00446  -0.1212
   1.000   0.6484   0.01001   0.00441  -0.1211
   1.250   0.6755   0.01010   0.00438  -0.1209
   1.500   0.7020   0.01020   0.00436  -0.1206
   1.750   0.7280   0.01031   0.00435  -0.1203
   2.000   0.7536   0.01044   0.00435  -0.1198
   2.250   0.7791   0.01058   0.00436  -0.1193
   2.500   0.8041   0.01074   0.00438  -0.1188
   2.750   0.8289   0.01091   0.00442  -0.1182
   3.000   0.8534   0.01110   0.00447  -0.1175
   3.250   0.8777   0.01130   0.00455  -0.1169
   3.500   0.9018   0.01151   0.00464  -0.1162
   3.750   0.9259   0.01175   0.00476  -0.1155
   4.000   0.9499   0.01199   0.00490  -0.1149
   4.250   0.9738   0.01224   0.00505  -0.1142
   4.500   0.9976   0.01250   0.00522  -0.1136
   4.750   1.0212   0.01276   0.00540  -0.1129
   5.000   1.0450   0.01303   0.00559  -0.1122
   5.250   1.0691   0.01330   0.00581  -0.1117
   5.500   1.0926   0.01358   0.00603  -0.1110
   5.750   1.1142   0.01393   0.00627  -0.1100
   6.000   1.1341   0.01434   0.00653  -0.1087
   6.250   1.1521   0.01484   0.00681  -0.1072
   6.500   1.1682   0.01547   0.00716  -0.1053
   6.750   1.1834   0.01619   0.00757  -0.1034
   7.000   1.1957   0.01597   0.00696  -0.1036
   7.250   1.2128   0.01745   0.00819  -0.1003
   7.500   1.2314   0.02027   0.01087  -0.0943
   7.750   1.2489   0.02405   0.01465  -0.0865
   9.750   1.2666   0.02892   0.01965  -0.0767
  10.000   1.2802   0.03346   0.02437  -0.0682
  10.250   1.2872   0.03687   0.02796  -0.0627
  10.500   1.2851   0.03835   0.02956  -0.0621
