Smoothened XFOIL polar
 10-point moving average applied

   alpha    CL        CD       CDp       CM
  ------ -------- --------- --------- --------
 -11.750  -0.3391   0.15067   0.14624  -0.0308
 -11.500  -0.3143   0.13068   0.12565  -0.0385
 -10.250  -0.3119   0.11920   0.11425  -0.0391
  -9.250  -0.3239   0.11265   0.10817  -0.0357
  -9.000  -0.3425   0.10745   0.10350  -0.0313
  -8.000  -0.3590   0.09464   0.09065  -0.0328
  -7.500  -0.3621   0.07867   0.07414  -0.0375
  -6.250  -0.3427   0.06023   0.05483  -0.0448
  -5.500  -0.3168   0.04190   0.03542  -0.0550
  -5.250  -0.2816   0.02736   0.01980  -0.0663
  -5.000  -0.2301   0.01766   0.00927  -0.0751
  -4.750  -0.1772   0.01594   0.00718  -0.0788
  -4.500  -0.1437   0.02003   0.01155  -0.0793
  -4.250  -0.1051   0.02016   0.01167  -0.0822
  -4.000  -0.0677   0.01999   0.01147  -0.0848
  -3.750  -0.0295   0.01952   0.01100  -0.0874
  -3.500   0.0078   0.01891   0.01041  -0.0897
  -3.250   0.0457   0.01811   0.00967  -0.0920
  -3.000   0.0840   0.01741   0.00906  -0.0945
  -2.750   0.1212   0.01682   0.00862  -0.0967
  -2.500   0.1583   0.01626   0.00824  -0.0990
  -2.250   0.1946   0.01577   0.00791  -0.1010
  -2.000   0.2269   0.01525   0.00766  -0.1023
  -1.750   0.2597   0.01456   0.00742  -0.1034
  -1.500   0.2920   0.01383   0.00720  -0.1042
  -1.250   0.3250   0.01312   0.00697  -0.1050
  -1.000   0.3575   0.01252   0.00674  -0.1055
  -0.750   0.3895   0.01210   0.00652  -0.1060
  -0.500   0.4211   0.01187   0.00629  -0.1064
  -0.250   0.4510   0.01183   0.00608  -0.1067
   0.000   0.4772   0.01185   0.00594  -0.1064
   0.250   0.5042   0.01182   0.00583  -0.1062
   0.500   0.5310   0.01180   0.00573  -0.1060
   0.750   0.5578   0.01180   0.00565  -0.1057
   1.000   0.5846   0.01180   0.00557  -0.1055
   1.250   0.6117   0.01182   0.00550  -0.1053
   1.500   0.6388   0.01187   0.00545  -0.1051
   1.750   0.6655   0.01196   0.00543  -0.1048
   2.000   0.6917   0.01206   0.00544  -0.1044
   2.250   0.7175   0.01216   0.00543  -0.1040
   2.500   0.7430   0.01225   0.00541  -0.1034
   2.750   0.7680   0.01235   0.00537  -0.1028
   3.000   0.7925   0.01245   0.00534  -0.1020
   3.250   0.8167   0.01256   0.00532  -0.1012
   3.500   0.8406   0.01270   0.00533  -0.1003
   3.750   0.8645   0.01287   0.00538  -0.0995
   4.000   0.8884   0.01307   0.00546  -0.0988
   4.250   0.9124   0.01329   0.00558  -0.0981
   4.500   0.9365   0.01353   0.00573  -0.0975
   4.750   0.9607   0.01378   0.00591  -0.0969
   5.000   0.9847   0.01403   0.00612  -0.0963
   5.250   1.0087   0.01429   0.00633  -0.0957
   5.500   1.0330   0.01454   0.00656  -0.0952
   5.750   1.0560   0.01480   0.00677  -0.0944
   6.000   1.0774   0.01511   0.00698  -0.0933
   6.250   1.0965   0.01555   0.00721  -0.0919
   6.500   1.1128   0.01617   0.00753  -0.0901
   6.750   1.1264   0.01702   0.00798  -0.0880
   7.000   1.1373   0.01797   0.00851  -0.0859
   7.250   1.1428   0.01636   0.00619  -0.0854
   7.500   1.1659   0.01932   0.00885  -0.0824
   7.750   1.1911   0.02334   0.01276  -0.0787
   8.250   1.2226   0.03102   0.02082  -0.0722
  10.000   1.2608   0.04352   0.03438  -0.0622
  10.250   1.3060   0.06202   0.05480  -0.0476
