Smoothened XFOIL polar
 10-point moving average applied

   alpha    CL        CD       CDp       CM
  ------ -------- --------- --------- --------
 -19.250  -0.5114   0.22522   0.21953  -0.0110
 -19.000  -0.4181   0.20871   0.20342  -0.0221
 -15.250  -0.3580   0.19173   0.18674  -0.0295
 -14.750  -0.3242   0.17506   0.17028  -0.0338
 -13.750  -0.3098   0.15951   0.15487  -0.0355
 -12.000  -0.2976   0.14579   0.14128  -0.0360
 -11.750  -0.3108   0.13705   0.13252  -0.0332
 -10.250  -0.3086   0.12863   0.12418  -0.0322
 -10.000  -0.3171   0.12246   0.11807  -0.0313
  -9.500  -0.3291   0.11757   0.11329  -0.0284
  -9.000  -0.3537   0.11200   0.10783  -0.0223
  -8.000  -0.3680   0.10753   0.10351  -0.0219
  -7.250  -0.3819   0.09602   0.09198  -0.0293
  -7.000  -0.3783   0.08595   0.08190  -0.0387
  -6.500  -0.3702   0.07958   0.07580  -0.0463
  -6.250  -0.3379   0.07087   0.06682  -0.0596
  -6.000  -0.2965   0.05986   0.05519  -0.0743
  -5.750  -0.2490   0.04927   0.04378  -0.0862
  -5.250  -0.1991   0.04138   0.03500  -0.0935
  -5.000  -0.1452   0.03372   0.02644  -0.1036
  -4.750  -0.0960   0.02521   0.01714  -0.1139
  -4.500  -0.0520   0.02220   0.01377  -0.1186
  -4.250  -0.0195   0.02445   0.01621  -0.1174
  -4.000   0.0199   0.02345   0.01511  -0.1198
  -3.750   0.0578   0.02260   0.01427  -0.1219
  -3.500   0.0965   0.02184   0.01357  -0.1241
  -3.250   0.1338   0.02119   0.01301  -0.1261
  -3.000   0.1723   0.02056   0.01246  -0.1283
  -2.750   0.2095   0.02000   0.01202  -0.1303
  -2.500   0.2484   0.01942   0.01156  -0.1325
  -2.250   0.2862   0.01888   0.01114  -0.1344
  -2.000   0.3262   0.01828   0.01068  -0.1367
  -1.750   0.3655   0.01768   0.01025  -0.1389
  -1.500   0.4046   0.01709   0.00984  -0.1410
  -1.250   0.4401   0.01656   0.00951  -0.1431
  -1.000   0.4787   0.01595   0.00921  -0.1446
  -0.750   0.5158   0.01527   0.00894  -0.1448
  -0.500   0.5530   0.01457   0.00863  -0.1445
   0.000   0.5886   0.01397   0.00832  -0.1436
   0.250   0.6245   0.01345   0.00799  -0.1430
   0.500   0.6597   0.01308   0.00764  -0.1428
   0.750   0.6926   0.01291   0.00735  -0.1431
   1.000   0.7235   0.01291   0.00712  -0.1441
   1.250   0.7563   0.01291   0.00694  -0.1450
   1.500   0.7867   0.01293   0.00682  -0.1453
   1.750   0.8160   0.01300   0.00673  -0.1454
   2.000   0.8440   0.01310   0.00669  -0.1453
   2.250   0.8710   0.01322   0.00668  -0.1450
   2.500   0.8981   0.01337   0.00668  -0.1447
   2.750   0.9245   0.01355   0.00672  -0.1443
   3.000   0.9506   0.01375   0.00679  -0.1439
   3.250   0.9762   0.01398   0.00690  -0.1433
   3.500   1.0011   0.01422   0.00703  -0.1427
   3.750   1.0260   0.01447   0.00717  -0.1421
   4.000   1.0506   0.01474   0.00734  -0.1414
   4.250   1.0750   0.01503   0.00752  -0.1407
   4.500   1.0994   0.01534   0.00772  -0.1401
   4.750   1.1231   0.01566   0.00795  -0.1392
   5.000   1.1462   0.01598   0.00819  -0.1384
   5.250   1.1686   0.01629   0.00843  -0.1373
   5.500   1.1906   0.01661   0.00867  -0.1362
   5.750   1.2120   0.01685   0.00886  -0.1359
   6.000   1.2343   0.01724   0.00917  -0.1343
   6.250   1.2558   0.01775   0.00958  -0.1314
   6.500   1.2757   0.01837   0.01007  -0.1276
   7.250   1.2932   0.01907   0.01060  -0.1233
   7.500   1.3080   0.01984   0.01117  -0.1187
   7.750   1.3206   0.02064   0.01175  -0.1146
   8.000   1.3309   0.02148   0.01234  -0.1113
   8.250   1.3398   0.02231   0.01292  -0.1095
   8.500   1.3491   0.02332   0.01367  -0.1069
   8.750   1.3578   0.02442   0.01453  -0.1043
   9.000   1.3664   0.02557   0.01547  -0.1018
   9.250   1.3750   0.02674   0.01647  -0.0993
   9.500   1.3828   0.02801   0.01760  -0.0969
   9.750   1.3903   0.02932   0.01880  -0.0945
  10.000   1.3985   0.03060   0.02004  -0.0923
  10.250   1.4070   0.03081   0.02023  -0.0911
  10.500   1.4171   0.03268   0.02216  -0.0886
  10.750   1.4274   0.03586   0.02547  -0.0853
  11.000   1.4373   0.03967   0.02945  -0.0816
  12.500   1.4452   0.04448   0.03449  -0.0778
  12.750   1.4495   0.04985   0.04008  -0.0743
  13.000   1.4505   0.05515   0.04559  -0.0715
  13.500   1.4490   0.05968   0.05035  -0.0701
  13.750   1.4449   0.06280   0.05366  -0.0703
  14.000   1.4399   0.06707   0.05813  -0.0699
  14.250   1.4420   0.07066   0.06189  -0.0706
  14.500   1.4308   0.07466   0.06607  -0.0705
  14.750   1.3948   0.08087   0.07253  -0.0688
  15.000   1.3631   0.08893   0.08086  -0.0688
  15.250   1.3399   0.09833   0.09055  -0.0703
  15.750   1.3290   0.10749   0.10000  -0.0724
  16.750   1.3337   0.11460   0.10734  -0.0740
  17.250   1.3524   0.11980   0.11274  -0.0755
  17.500   1.3812   0.12348   0.11663  -0.0774
  17.750   1.3865   0.12773   0.12116  -0.0779
  18.250   1.3751   0.13583   0.12963  -0.0815
  18.750   1.3427   0.15013   0.14441  -0.0905
  19.250   1.2848   0.17299   0.16790  -0.1071
