Smoothened XFOIL polar
 10-point moving average applied

   alpha    CL        CD       CDp       CM
  ------ -------- --------- --------- --------
 -10.000  -0.3513   0.11883   0.11538  -0.0288
  -7.750  -0.3653   0.09202   0.08873  -0.0344
  -7.500  -0.3461   0.06715   0.06328  -0.0462
  -6.250  -0.3034   0.04529   0.04038  -0.0614
  -5.750  -0.2472   0.02752   0.02139  -0.0771
  -5.500  -0.1913   0.01618   0.00912  -0.0899
  -5.250  -0.1410   0.00970   0.00205  -0.0961
  -5.000  -0.1077   0.01328   0.00559  -0.0931
  -4.750  -0.0734   0.01423   0.00672  -0.0951
  -4.500  -0.0377   0.01421   0.00674  -0.0971
  -4.250  -0.0032   0.01408   0.00664  -0.0989
  -4.000   0.0307   0.01379   0.00637  -0.1006
  -3.750   0.0629   0.01341   0.00602  -0.1019
  -3.500   0.0943   0.01297   0.00564  -0.1029
  -3.250   0.1245   0.01253   0.00525  -0.1036
  -3.000   0.1542   0.01207   0.00485  -0.1041
  -2.750   0.1830   0.01169   0.00456  -0.1045
  -2.500   0.2114   0.01134   0.00431  -0.1048
  -2.250   0.2392   0.01102   0.00410  -0.1050
  -2.000   0.2670   0.01074   0.00392  -0.1051
  -1.750   0.2947   0.01047   0.00378  -0.1054
  -1.500   0.3189   0.01011   0.00370  -0.1048
  -1.250   0.3444   0.00965   0.00364  -0.1045
  -1.000   0.3684   0.00916   0.00360  -0.1042
  -0.750   0.3971   0.00872   0.00354  -0.1040
  -0.500   0.4295   0.00840   0.00347  -0.1039
  -0.250   0.4640   0.00823   0.00338  -0.1039
   0.250   0.4993   0.00823   0.00329  -0.1040
   0.500   0.5333   0.00835   0.00321  -0.1041
   0.750   0.5623   0.00847   0.00318  -0.1035
   1.000   0.5897   0.00857   0.00317  -0.1032
   1.250   0.6128   0.00868   0.00318  -0.1028
   1.500   0.6380   0.00880   0.00317  -0.1024
   1.750   0.6630   0.00894   0.00316  -0.1019
   2.000   0.6876   0.00909   0.00316  -0.1013
   2.250   0.7120   0.00926   0.00317  -0.1008
   2.500   0.7364   0.00945   0.00320  -0.1002
   2.750   0.7608   0.00966   0.00327  -0.0997
   3.000   0.7854   0.00988   0.00335  -0.0992
   3.250   0.8102   0.01009   0.00346  -0.0988
   3.500   0.8351   0.01031   0.00357  -0.0985
   3.750   0.8599   0.01054   0.00371  -0.0981
   4.000   0.8846   0.01077   0.00385  -0.0977
   4.250   0.9090   0.01102   0.00400  -0.0973
   4.500   0.9337   0.01126   0.00417  -0.0969
   4.750   0.9584   0.01149   0.00434  -0.0965
   5.000   0.9830   0.01172   0.00451  -0.0961
   5.250   1.0059   0.01206   0.00472  -0.0954
   5.500   1.0255   0.01267   0.00504  -0.0943
   5.750   1.0425   0.01353   0.00548  -0.0928
   6.000   1.0575   0.01458   0.00605  -0.0911
   6.250   1.0720   0.01570   0.00670  -0.0893
   6.500   1.0901   0.01717   0.00778  -0.0881
   6.750   1.1036   0.01729   0.00768  -0.0861
   7.000   1.1205   0.01731   0.00762  -0.0846
   7.250   1.1387   0.01732   0.00760  -0.0833
   7.500   1.1583   0.01757   0.00776  -0.0822
   7.750   1.1798   0.01828   0.00829  -0.0815
