Smoothened XFOIL polar
 10-point moving average applied

   alpha    CL        CD       CDp       CM
  ------ -------- --------- --------- --------
 -20.000  -0.2955   0.21508   0.21099  -0.0285
 -19.250  -0.2871   0.20828   0.20419  -0.0279
 -18.500  -0.2749   0.20415   0.20011  -0.0280
 -18.000  -0.2633   0.20194   0.19795  -0.0287
 -17.750  -0.2566   0.20087   0.19693  -0.0297
 -17.000  -0.2761   0.19960   0.19558  -0.0309
 -16.750  -0.2948   0.19862   0.19454  -0.0324
 -16.500  -0.2965   0.19670   0.19265  -0.0328
 -16.250  -0.2992   0.19297   0.18889  -0.0326
 -15.750  -0.3030   0.18712   0.18298  -0.0320
 -15.000  -0.2940   0.18146   0.17732  -0.0308
 -14.750  -0.2787   0.17736   0.17330  -0.0298
 -14.250  -0.2744   0.17436   0.17036  -0.0307
 -13.750  -0.2921   0.17043   0.16638  -0.0319
 -13.500  -0.2742   0.17138   0.16743  -0.0271
 -13.250  -0.2919   0.15903   0.15515  -0.0304
 -12.000  -0.3340   0.14020   0.13648  -0.0358
 -10.750  -0.3998   0.11339   0.10954  -0.0482
  -9.500  -0.4578   0.08519   0.08105  -0.0644
  -9.250  -0.5072   0.06018   0.05554  -0.0823
  -9.000  -0.5456   0.04116   0.03585  -0.0996
  -8.750  -0.5435   0.03105   0.02509  -0.1114
  -8.500  -0.4990   0.03255   0.02612  -0.1132
  -8.250  -0.4721   0.02894   0.02221  -0.1181
  -8.000  -0.4305   0.02981   0.02306  -0.1178
  -7.750  -0.3953   0.02876   0.02191  -0.1198
  -7.500  -0.3599   0.02781   0.02091  -0.1217
  -7.250  -0.3277   0.02695   0.01992  -0.1235
  -7.000  -0.2904   0.02593   0.01874  -0.1253
  -6.750  -0.2463   0.02492   0.01759  -0.1277
  -6.500  -0.2019   0.02399   0.01658  -0.1298
  -6.000  -0.1551   0.02313   0.01565  -0.1322
  -5.750  -0.1109   0.02235   0.01480  -0.1341
  -5.500  -0.0686   0.02161   0.01402  -0.1360
  -5.250  -0.0293   0.02094   0.01339  -0.1377
  -5.000   0.0044   0.02032   0.01277  -0.1392
  -4.750   0.0425   0.01961   0.01206  -0.1410
  -4.500   0.0809   0.01893   0.01140  -0.1428
  -4.250   0.1195   0.01829   0.01077  -0.1447
  -4.000   0.1588   0.01768   0.01019  -0.1466
  -3.750   0.1965   0.01714   0.00969  -0.1483
  -3.500   0.2368   0.01662   0.00917  -0.1505
  -3.250   0.2785   0.01610   0.00869  -0.1530
  -3.000   0.3175   0.01566   0.00830  -0.1550
  -2.750   0.3559   0.01527   0.00793  -0.1568
  -2.500   0.3915   0.01494   0.00764  -0.1582
  -2.250   0.4269   0.01464   0.00736  -0.1594
  -2.000   0.4600   0.01437   0.00711  -0.1602
  -1.750   0.4921   0.01416   0.00693  -0.1608
  -1.500   0.5254   0.01397   0.00677  -0.1617
  -1.250   0.5570   0.01384   0.00667  -0.1622
  -1.000   0.5866   0.01376   0.00662  -0.1623
  -0.750   0.6149   0.01370   0.00658  -0.1622
  -0.500   0.6425   0.01366   0.00655  -0.1619
  -0.250   0.6696   0.01365   0.00652  -0.1616
   0.000   0.6958   0.01364   0.00649  -0.1610
   0.250   0.7220   0.01365   0.00650  -0.1605
   0.500   0.7475   0.01369   0.00653  -0.1599
   0.750   0.7724   0.01374   0.00658  -0.1591
   1.000   0.7965   0.01380   0.00665  -0.1582
   1.250   0.8202   0.01387   0.00674  -0.1571
   1.500   0.8436   0.01396   0.00685  -0.1560
   1.750   0.8664   0.01405   0.00698  -0.1548
   2.000   0.8883   0.01415   0.00714  -0.1534
   2.250   0.9076   0.01423   0.00730  -0.1513
   2.500   0.9254   0.01429   0.00744  -0.1488
   2.750   0.9427   0.01434   0.00756  -0.1462
   3.000   0.9608   0.01441   0.00765  -0.1439
   3.250   0.9808   0.01454   0.00773  -0.1421
   3.500   1.0029   0.01474   0.00783  -0.1409
   3.750   1.0269   0.01501   0.00798  -0.1403
   4.000   1.0518   0.01534   0.00817  -0.1399
   4.250   1.0751   0.01568   0.00839  -0.1391
   4.500   1.0980   0.01601   0.00862  -0.1382
   4.750   1.1207   0.01635   0.00887  -0.1373
   5.000   1.1430   0.01670   0.00913  -0.1363
   5.250   1.1647   0.01704   0.00940  -0.1352
   5.500   1.1858   0.01739   0.00969  -0.1340
   5.750   1.2062   0.01774   0.00998  -0.1326
   6.000   1.2260   0.01811   0.01029  -0.1312
   6.250   1.2455   0.01849   0.01061  -0.1298
   6.500   1.2649   0.01890   0.01097  -0.1283
   6.750   1.2843   0.01934   0.01138  -0.1269
   7.000   1.3036   0.01979   0.01181  -0.1255
   7.250   1.3225   0.02026   0.01227  -0.1241
   7.500   1.3413   0.02074   0.01275  -0.1227
   7.750   1.3596   0.02124   0.01323  -0.1212
   8.000   1.3772   0.02175   0.01372  -0.1196
   8.250   1.3940   0.02227   0.01422  -0.1179
   8.500   1.4100   0.02280   0.01475  -0.1161
   8.750   1.4249   0.02335   0.01529  -0.1142
   9.000   1.4384   0.02394   0.01586  -0.1121
   9.250   1.4506   0.02458   0.01649  -0.1099
   9.500   1.4617   0.02529   0.01718  -0.1077
   9.750   1.4716   0.02608   0.01794  -0.1053
  10.000   1.4800   0.02697   0.01880  -0.1029
  10.250   1.4888   0.02792   0.01973  -0.1007
  10.500   1.4985   0.02889   0.02070  -0.0986
  10.750   1.5088   0.02989   0.02172  -0.0967
  11.000   1.5191   0.03095   0.02280  -0.0949
  11.250   1.5291   0.03208   0.02395  -0.0932
  11.500   1.5385   0.03327   0.02516  -0.0915
  11.750   1.5471   0.03454   0.02645  -0.0898
  12.000   1.5546   0.03589   0.02781  -0.0882
  12.250   1.5625   0.03729   0.02922  -0.0866
  12.500   1.5708   0.03871   0.03068  -0.0852
  12.750   1.5790   0.04019   0.03221  -0.0839
  13.000   1.5859   0.04182   0.03385  -0.0826
  13.250   1.5922   0.04354   0.03559  -0.0814
  13.500   1.5975   0.04537   0.03743  -0.0802
  13.750   1.6020   0.04734   0.03942  -0.0790
  14.000   1.6054   0.04947   0.04158  -0.0780
  14.250   1.6087   0.05167   0.04382  -0.0771
  14.500   1.6122   0.05392   0.04613  -0.0763
  14.750   1.6157   0.05625   0.04852  -0.0757
  15.000   1.6185   0.05868   0.05102  -0.0752
  15.250   1.6203   0.06130   0.05368  -0.0748
  15.500   1.6210   0.06406   0.05647  -0.0744
  15.750   1.6209   0.06695   0.05941  -0.0741
  16.000   1.6193   0.07005   0.06254  -0.0739
  16.250   1.6173   0.07325   0.06578  -0.0738
  16.500   1.6157   0.07646   0.06904  -0.0738
  16.750   1.6145   0.07936   0.07200  -0.0738
  17.000   1.6134   0.08278   0.07552  -0.0741
  17.250   1.6122   0.08629   0.07913  -0.0744
  17.500   1.6093   0.09078   0.08373  -0.0750
  18.000   1.6054   0.09586   0.08892  -0.0760
  18.250   1.6007   0.10123   0.09440  -0.0772
  18.750   1.5954   0.10628   0.09954  -0.0784
  19.000   1.5899   0.11125   0.10459  -0.0800
  19.250   1.5842   0.11631   0.10973  -0.0817
  19.500   1.5784   0.12155   0.11507  -0.0839
  20.000   1.5726   0.12707   0.12072  -0.0865
