Smoothened XFOIL polar
 10-point moving average applied

   alpha    CL        CD       CDp       CM
  ------ -------- --------- --------- --------
 -19.750  -0.4412   0.22866   0.21899  -0.0172
 -19.500  -0.3930   0.22529   0.21608  -0.0213
 -19.250  -0.3663   0.22200   0.21302  -0.0237
 -19.000  -0.3559   0.21892   0.20999  -0.0247
 -18.500  -0.3567   0.21616   0.20718  -0.0250
 -18.250  -0.3688   0.21430   0.20518  -0.0251
 -18.000  -0.3587   0.21235   0.20331  -0.0259
 -17.750  -0.3622   0.21143   0.20235  -0.0261
 -17.500  -0.3354   0.20866   0.19981  -0.0279
 -17.250  -0.3258   0.20627   0.19749  -0.0287
 -17.000  -0.3307   0.20391   0.19505  -0.0291
 -16.750  -0.3167   0.20195   0.19321  -0.0296
 -16.500  -0.3112   0.19963   0.19092  -0.0298
 -16.250  -0.3155   0.19746   0.18870  -0.0299
 -15.750  -0.3030   0.19428   0.18563  -0.0310
 -15.500  -0.2877   0.19249   0.18401  -0.0317
 -15.250  -0.2793   0.19023   0.18185  -0.0321
 -15.000  -0.2772   0.18751   0.17914  -0.0322
 -14.750  -0.2868   0.18572   0.17725  -0.0322
 -14.500  -0.2779   0.18409   0.17575  -0.0328
 -14.250  -0.2827   0.18021   0.17185  -0.0332
 -14.000  -0.2783   0.17695   0.16869  -0.0330
 -13.250  -0.2793   0.17306   0.16482  -0.0327
 -12.750  -0.2630   0.16983   0.16182  -0.0324
 -12.500  -0.2566   0.16615   0.15826  -0.0319
 -12.250  -0.2501   0.16245   0.15461  -0.0312
 -12.000  -0.2519   0.16021   0.15242  -0.0308
 -11.750  -0.2586   0.15717   0.14932  -0.0306
 -11.500  -0.2616   0.15457   0.14667  -0.0301
 -11.250  -0.2503   0.15502   0.14730  -0.0286
 -11.000  -0.2432   0.15399   0.14635  -0.0273
 -10.750  -0.2421   0.15192   0.14428  -0.0265
 -10.500  -0.2402   0.15105   0.14351  -0.0253
 -10.250  -0.2397   0.14837   0.14085  -0.0244
 -10.000  -0.2436   0.14698   0.13956  -0.0233
  -9.750  -0.2488   0.14411   0.13670  -0.0225
  -9.500  -0.2523   0.14159   0.13421  -0.0215
  -9.250  -0.2526   0.14117   0.13395  -0.0198
  -9.000  -0.2541   0.13903   0.13187  -0.0185
  -8.750  -0.2627   0.13643   0.12930  -0.0175
  -8.500  -0.2670   0.13411   0.12703  -0.0161
  -8.250  -0.2736   0.13164   0.12460  -0.0148
  -8.000  -0.2740   0.13180   0.12494  -0.0127
  -7.750  -0.2820   0.13011   0.12333  -0.0110
  -7.500  -0.2880   0.12848   0.12178  -0.0094
  -7.250  -0.2913   0.12919   0.12269  -0.0072
  -7.000  -0.2960   0.12747   0.12105  -0.0053
  -6.750  -0.3055   0.12645   0.12013  -0.0036
  -6.500  -0.3159   0.12392   0.11764  -0.0020
  -6.250  -0.3286   0.12146   0.11521  -0.0000
  -6.000  -0.3307   0.12024   0.11409   0.0019
  -5.750  -0.3474   0.11740   0.11126   0.0040
  -5.500  -0.3554   0.11649   0.11046   0.0062
  -5.250  -0.3669   0.11595   0.11004   0.0087
  -5.000  -0.3810   0.11570   0.10988   0.0146
  -4.750  -0.4087   0.11577   0.11017   0.0199
  -4.500  -0.4142   0.10884   0.10314   0.0136
  -4.250  -0.3967   0.09744   0.09141  -0.0016
  -3.500  -0.3505   0.08490   0.07840  -0.0230
  -3.000  -0.2918   0.07145   0.06431  -0.0471
  -2.750  -0.2174   0.06105   0.05332  -0.0701
  -2.500  -0.1464   0.05399   0.04571  -0.0869
  -2.250  -0.0885   0.05275   0.04415  -0.0929
  -2.000  -0.0526   0.05379   0.04511  -0.0938
  -1.750  -0.0092   0.05301   0.04418  -0.0980
  -1.500   0.0297   0.05268   0.04376  -0.1011
  -1.250   0.0667   0.05250   0.04353  -0.1037
  -1.000   0.1058   0.05230   0.04329  -0.1064
  -0.750   0.1427   0.05216   0.04313  -0.1086
  -0.500   0.1780   0.05205   0.04303  -0.1104
  -0.250   0.2123   0.05201   0.04302  -0.1119
   0.000   0.2482   0.05194   0.04298  -0.1134
   0.250   0.2822   0.05195   0.04306  -0.1146
   0.500   0.3127   0.05209   0.04332  -0.1153
   0.750   0.3411   0.05233   0.04370  -0.1155
   1.000   0.3700   0.05254   0.04407  -0.1156
   1.250   0.3968   0.05276   0.04445  -0.1151
   1.500   0.4199   0.05292   0.04479  -0.1136
   1.750   0.4382   0.05286   0.04496  -0.1110
   2.000   0.4561   0.05287   0.04513  -0.1089
   2.250   0.4721   0.05302   0.04540  -0.1075
   2.500   0.4931   0.05344   0.04579  -0.1073
   2.750   0.5261   0.05427   0.04644  -0.1083
   3.000   0.5647   0.05571   0.04759  -0.1100
   3.500   0.6037   0.05769   0.04925  -0.1118
   4.000   0.6369   0.05996   0.05126  -0.1124
   4.250   0.6610   0.06195   0.05309  -0.1119
   4.500   0.6801   0.06424   0.05528  -0.1111
   4.750   0.6927   0.06630   0.05727  -0.1102
   5.000   0.7061   0.06891   0.05982  -0.1094
   5.500   0.7223   0.07216   0.06300  -0.1086
   5.750   0.7340   0.07603   0.06682  -0.1078
   6.250   0.7413   0.08021   0.07096  -0.1069
   6.500   0.7602   0.08245   0.07313  -0.1054
   6.750   0.7385   0.08900   0.07975  -0.1061
   7.000   0.7303   0.09397   0.08476  -0.1065
   7.250   0.7261   0.09792   0.08873  -0.1067
   7.500   0.7263   0.10166   0.09248  -0.1067
   7.750   0.7355   0.10444   0.09525  -0.1063
   8.000   0.7516   0.10623   0.09699  -0.1054
   8.250   0.7622   0.10878   0.09951  -0.1051
   8.500   0.7820   0.10941   0.10008  -0.1039
   8.750   0.7575   0.11712   0.10789  -0.1062
   9.000   0.7475   0.12431   0.11515  -0.1084
   9.250   0.7340   0.13269   0.12361  -0.1113
  10.000   0.7250   0.14084   0.13182  -0.1141
  10.500   0.7280   0.14788   0.13890  -0.1165
  10.750   0.7372   0.15344   0.14447  -0.1180
  11.000   0.7430   0.15818   0.14922  -0.1193
  11.500   0.7600   0.16014   0.15115  -0.1193
  11.750   0.7917   0.16321   0.15414  -0.1226
  12.000   0.7704   0.16567   0.15672  -0.1187
  12.250   0.7594   0.16867   0.15982  -0.1162
  12.500   0.7575   0.17172   0.16292  -0.1153
  12.750   0.7680   0.17571   0.16694  -0.1159
  13.500   0.7862   0.17970   0.17094  -0.1179
  13.750   0.8152   0.18411   0.17536  -0.1213
  14.250   0.8533   0.18841   0.17962  -0.1260
  14.500   0.9247   0.19338   0.18440  -0.1358
  15.000   0.8765   0.19530   0.18659  -0.1283
  15.250   0.8622   0.19863   0.19007  -0.1256
  15.750   0.8585   0.20211   0.19360  -0.1247
  16.250   0.8662   0.20584   0.19737  -0.1258
  16.500   0.8849   0.20959   0.20111  -0.1283
  16.750   0.9142   0.21325   0.20471  -0.1325
  17.000   0.9544   0.21695   0.20831  -0.1384
  17.250   1.0051   0.22079   0.21200  -0.1462
  17.500   1.0207   0.22388   0.21508  -0.1488
  18.000   0.9812   0.22527   0.21666  -0.1427
  18.250   0.9586   0.22788   0.21944  -0.1395
  18.750   0.9245   0.23032   0.22208  -0.1348
  19.500   0.9191   0.23400   0.22589  -0.1345
  19.750   0.9645   0.23964   0.23151  -0.1420
  20.000   1.0828   0.24798   0.23958  -0.1605
