Smoothened XFOIL polar
 10-point moving average applied

   alpha    CL        CD       CDp       CM
  ------ -------- --------- --------- --------
  -8.750  -0.3437   0.10706   0.10359  -0.0313
  -8.500  -0.3484   0.07409   0.06994  -0.0497
  -6.500  -0.3432   0.04964   0.04462  -0.0629
  -6.250  -0.3282   0.03259   0.02663  -0.0720
  -6.000  -0.3038   0.02181   0.01495  -0.0778
  -5.750  -0.2700   0.01410   0.00653  -0.0831
  -5.500  -0.2201   0.01665   0.00878  -0.0827
  -5.250  -0.1729   0.01677   0.00885  -0.0851
  -4.750  -0.1249   0.01683   0.00893  -0.0882
  -4.500  -0.0788   0.01677   0.00886  -0.0912
  -4.250  -0.0348   0.01660   0.00870  -0.0942
  -4.000   0.0040   0.01621   0.00833  -0.0966
  -3.750   0.0371   0.01569   0.00785  -0.0985
  -3.500   0.0723   0.01509   0.00731  -0.1002
  -3.250   0.1059   0.01447   0.00675  -0.1016
  -3.000   0.1377   0.01396   0.00633  -0.1027
  -2.750   0.1695   0.01350   0.00598  -0.1037
  -2.500   0.1997   0.01308   0.00568  -0.1044
  -2.250   0.2298   0.01268   0.00542  -0.1050
  -2.000   0.2590   0.01232   0.00521  -0.1055
  -1.750   0.2857   0.01190   0.00503  -0.1054
  -1.500   0.3132   0.01135   0.00489  -0.1054
  -1.250   0.3411   0.01078   0.00477  -0.1053
  -1.000   0.3695   0.01026   0.00468  -0.1052
  -0.750   0.3986   0.00984   0.00458  -0.1052
  -0.500   0.4276   0.00958   0.00447  -0.1052
  -0.250   0.4564   0.00948   0.00436  -0.1053
   0.000   0.4843   0.00952   0.00425  -0.1053
   0.250   0.5093   0.00959   0.00416  -0.1048
   0.500   0.5357   0.00962   0.00410  -0.1046
   0.750   0.5623   0.00968   0.00405  -0.1044
   1.000   0.5886   0.00976   0.00403  -0.1042
   1.250   0.6148   0.00986   0.00403  -0.1039
   1.500   0.6406   0.00996   0.00402  -0.1035
   1.750   0.6659   0.01007   0.00401  -0.1030
   2.000   0.6910   0.01018   0.00399  -0.1025
   2.250   0.7157   0.01031   0.00398  -0.1019
   2.500   0.7401   0.01045   0.00397  -0.1012
   2.750   0.7643   0.01061   0.00397  -0.1005
   3.000   0.7885   0.01079   0.00401  -0.0998
   3.250   0.8127   0.01100   0.00408  -0.0992
   3.500   0.8371   0.01122   0.00417  -0.0987
   3.750   0.8616   0.01144   0.00430  -0.0982
   4.000   0.8862   0.01167   0.00444  -0.0978
   4.250   0.9108   0.01190   0.00460  -0.0973
   4.500   0.9352   0.01214   0.00476  -0.0968
   4.750   0.9594   0.01239   0.00494  -0.0963
   5.000   0.9837   0.01264   0.00513  -0.0958
   5.250   1.0080   0.01289   0.00533  -0.0953
   5.500   1.0316   0.01315   0.00552  -0.0947
   5.750   1.0529   0.01355   0.00576  -0.0937
   6.000   1.0714   0.01413   0.00608  -0.0923
   6.250   1.0872   0.01495   0.00652  -0.0906
   6.500   1.1010   0.01595   0.00707  -0.0886
   6.750   1.1139   0.01706   0.00774  -0.0866
   7.000   1.1277   0.01816   0.00847  -0.0848
   7.250   1.1433   0.01911   0.00915  -0.0832
   7.500   1.1545   0.01785   0.00753  -0.0832
   7.750   1.1767   0.01980   0.00938  -0.0811
   8.000   1.2057   0.02383   0.01363  -0.0772
   8.250   1.2378   0.02968   0.01989  -0.0720
   9.750   1.2689   0.03701   0.02789  -0.0658
  10.000   1.2957   0.04560   0.03739  -0.0588
  10.250   1.3150   0.05521   0.04816  -0.0512
