Smoothened XFOIL polar
 10-point moving average applied

   alpha    CL        CD       CDp       CM
  ------ -------- --------- --------- --------
  -7.750  -0.3654   0.08661   0.08331  -0.0341
  -6.000  -0.3103   0.04802   0.04282  -0.0627
  -5.750  -0.2661   0.02545   0.01894  -0.0787
  -5.500  -0.2290   0.01511   0.00776  -0.0855
  -5.250  -0.1950   0.01319   0.00539  -0.0864
  -5.000  -0.1579   0.01519   0.00713  -0.0851
  -4.750  -0.1161   0.01634   0.00842  -0.0873
  -4.500  -0.0671   0.01624   0.00833  -0.0906
  -4.000  -0.0146   0.01597   0.00810  -0.0939
  -3.750   0.0388   0.01551   0.00769  -0.0972
  -3.250   0.0894   0.01482   0.00708  -0.1000
  -3.000   0.1340   0.01415   0.00650  -0.1021
  -2.750   0.1660   0.01357   0.00601  -0.1033
  -2.500   0.2005   0.01309   0.00567  -0.1042
  -2.250   0.2329   0.01267   0.00541  -0.1050
  -2.000   0.2670   0.01211   0.00516  -0.1052
  -1.500   0.3017   0.01144   0.00497  -0.1052
  -1.250   0.3367   0.01076   0.00479  -0.1053
  -1.000   0.3702   0.01015   0.00463  -0.1053
  -0.750   0.4007   0.00970   0.00450  -0.1053
  -0.500   0.4269   0.00950   0.00442  -0.1053
  -0.250   0.4556   0.00942   0.00431  -0.1054
   0.000   0.4836   0.00947   0.00419  -0.1055
   0.250   0.5086   0.00952   0.00411  -0.1050
   0.500   0.5349   0.00955   0.00405  -0.1047
   0.750   0.5613   0.00960   0.00400  -0.1045
   1.000   0.5878   0.00967   0.00397  -0.1043
   1.250   0.6141   0.00976   0.00395  -0.1040
   1.500   0.6400   0.00985   0.00395  -0.1037
   1.750   0.6654   0.00996   0.00394  -0.1032
   2.000   0.6905   0.01007   0.00391  -0.1027
   2.250   0.7152   0.01020   0.00389  -0.1020
   2.500   0.7395   0.01033   0.00388  -0.1013
   2.750   0.7637   0.01049   0.00388  -0.1007
   3.000   0.7879   0.01067   0.00391  -0.1000
   3.250   0.8121   0.01088   0.00398  -0.0994
   3.500   0.8366   0.01110   0.00409  -0.0989
   3.750   0.8612   0.01133   0.00421  -0.0984
   4.000   0.8858   0.01156   0.00436  -0.0980
   4.250   0.9104   0.01179   0.00451  -0.0976
   4.500   0.9348   0.01203   0.00468  -0.0971
   4.750   0.9590   0.01228   0.00486  -0.0966
   5.000   0.9837   0.01251   0.00505  -0.0962
   5.250   1.0078   0.01277   0.00524  -0.0956
   5.500   1.0304   0.01308   0.00544  -0.0949
   5.750   1.0502   0.01360   0.00571  -0.0937
   6.000   1.0671   0.01436   0.00610  -0.0921
   6.250   1.0817   0.01532   0.00662  -0.0902
   6.500   1.0951   0.01643   0.00724  -0.0882
   6.750   1.1087   0.01757   0.00794  -0.0863
   7.000   1.1244   0.01857   0.00864  -0.0848
   7.250   1.1418   0.01939   0.00924  -0.0835
   7.500   1.1606   0.02005   0.00976  -0.0823
   7.750   1.1794   0.02066   0.01026  -0.0812
   8.000   1.1978   0.02129   0.01079  -0.0799
   8.250   1.2150   0.02200   0.01137  -0.0783
