Smoothened XFOIL polar
 10-point moving average applied

   alpha    CL        CD       CDp       CM
  ------ -------- --------- --------- --------
 -20.000  -0.3476   0.22058   0.21204  -0.0232
 -19.500  -0.4214   0.22315   0.21400  -0.0186
 -19.000  -0.4406   0.22213   0.21283  -0.0181
 -18.750  -0.4239   0.21870   0.20953  -0.0202
 -18.500  -0.3900   0.21400   0.20511  -0.0236
 -18.000  -0.3655   0.20959   0.20088  -0.0261
 -17.750  -0.3798   0.20678   0.19794  -0.0256
 -17.500  -0.3795   0.20479   0.19594  -0.0259
 -17.250  -0.3981   0.20405   0.19504  -0.0249
 -17.000  -0.4021   0.20184   0.19278  -0.0252
 -16.750  -0.3645   0.19890   0.19016  -0.0276
 -16.500  -0.3580   0.19637   0.18767  -0.0284
 -16.250  -0.3377   0.19445   0.18592  -0.0295
 -16.000  -0.3321   0.19264   0.18417  -0.0300
 -15.750  -0.3462   0.19010   0.18151  -0.0295
 -15.500  -0.3227   0.18859   0.18023  -0.0309
 -15.250  -0.3278   0.18645   0.17805  -0.0309
 -15.000  -0.3361   0.18446   0.17603  -0.0309
 -14.750  -0.3174   0.18240   0.17416  -0.0319
 -14.500  -0.3071   0.18012   0.17200  -0.0321
 -13.750  -0.2878   0.17639   0.16847  -0.0330
 -13.500  -0.2779   0.17278   0.16498  -0.0333
 -13.000  -0.2824   0.16768   0.15987  -0.0331
 -12.500  -0.2740   0.16341   0.15568  -0.0331
 -12.250  -0.2821   0.15894   0.15115  -0.0326
 -12.000  -0.2793   0.15498   0.14720  -0.0321
 -11.250  -0.2697   0.15223   0.14452  -0.0314
 -11.000  -0.2640   0.14990   0.14227  -0.0309
 -10.750  -0.2690   0.14594   0.13827  -0.0304
 -10.500  -0.2699   0.14301   0.13536  -0.0300
 -10.250  -0.2823   0.13927   0.13153  -0.0299
 -10.000  -0.2877   0.13603   0.12830  -0.0293
  -9.750  -0.2868   0.13367   0.12605  -0.0281
  -9.500  -0.2853   0.13129   0.12379  -0.0266
  -9.000  -0.2847   0.12899   0.12162  -0.0252
  -8.750  -0.2846   0.12699   0.11976  -0.0235
  -8.500  -0.2878   0.12433   0.11716  -0.0222
  -8.250  -0.2932   0.12230   0.11524  -0.0206
  -8.000  -0.3026   0.11963   0.11262  -0.0189
  -7.750  -0.3098   0.11715   0.11023  -0.0168
  -7.250  -0.3161   0.11503   0.10824  -0.0142
  -7.000  -0.3283   0.11243   0.10572  -0.0117
  -6.750  -0.3436   0.10933   0.10263  -0.0092
  -6.500  -0.3447   0.10811   0.10153  -0.0065
  -6.250  -0.3545   0.10673   0.10022  -0.0041
  -6.000  -0.3678   0.10747   0.10118   0.0028
  -5.750  -0.3868   0.10546   0.09941   0.0065
  -5.250  -0.3797   0.09580   0.08952  -0.0032
  -4.750  -0.3859   0.08817   0.08195  -0.0084
  -3.750  -0.3719   0.07747   0.07098  -0.0202
  -3.500  -0.3418   0.06587   0.05888  -0.0353
  -3.250  -0.2925   0.05637   0.04878  -0.0507
  -3.000  -0.2464   0.04963   0.04141  -0.0625
  -2.750  -0.2095   0.04725   0.03854  -0.0663
  -2.500  -0.1759   0.04493   0.03582  -0.0708
  -2.250  -0.1279   0.04069   0.03106  -0.0802
  -2.000  -0.1008   0.04258   0.03304  -0.0794
  -1.750  -0.0548   0.04243   0.03280  -0.0840
  -1.500  -0.0041   0.04252   0.03288  -0.0893
  -1.250   0.0496   0.04271   0.03308  -0.0949
  -1.000   0.1026   0.04288   0.03329  -0.1002
  -0.750   0.1482   0.04297   0.03349  -0.1041
  -0.500   0.1891   0.04304   0.03367  -0.1071
  -0.250   0.2279   0.04322   0.03406  -0.1096
   0.000   0.2589   0.04315   0.03436  -0.1098
   0.250   0.2854   0.04298   0.03457  -0.1092
   0.500   0.3118   0.04283   0.03468  -0.1088
   0.750   0.3397   0.04281   0.03482  -0.1089
   1.000   0.3698   0.04302   0.03503  -0.1098
   1.250   0.4042   0.04343   0.03530  -0.1118
   1.500   0.4410   0.04412   0.03574  -0.1145
   1.750   0.4783   0.04501   0.03637  -0.1173
   2.000   0.5113   0.04565   0.03689  -0.1184
   2.250   0.5423   0.04634   0.03743  -0.1194
   2.500   0.5723   0.04708   0.03801  -0.1202
   2.750   0.6005   0.04785   0.03867  -0.1207
   3.000   0.6309   0.04843   0.03914  -0.1213
   3.250   0.6608   0.04905   0.03966  -0.1217
   3.500   0.6874   0.04979   0.04033  -0.1218
   3.750   0.7122   0.05064   0.04111  -0.1216
   4.000   0.7373   0.05154   0.04195  -0.1216
   4.250   0.7616   0.05220   0.04257  -0.1215
   4.500   0.7864   0.05317   0.04350  -0.1211
   4.750   0.8136   0.05419   0.04448  -0.1204
   5.000   0.8450   0.05503   0.04530  -0.1198
   5.500   0.8755   0.05586   0.04611  -0.1190
   5.750   0.9111   0.05580   0.04602  -0.1184
   6.000   0.9434   0.05619   0.04640  -0.1173
   6.250   0.9741   0.05659   0.04681  -0.1160
   6.500   1.0221   0.05513   0.04534  -0.1156
   7.000   1.0541   0.05550   0.04572  -0.1144
   7.250   1.0751   0.05672   0.04697  -0.1124
   7.500   1.0993   0.05746   0.04769  -0.1108
   7.750   1.1231   0.05790   0.04818  -0.1093
   8.000   1.1541   0.05734   0.04772  -0.1086
   8.250   1.1750   0.05767   0.04826  -0.1081
   8.500   1.2227   0.05655   0.04726  -0.1080
   8.750   1.2975   0.05335   0.04407  -0.1084
   9.000   1.3573   0.05146   0.04207  -0.1075
  10.000   1.4073   0.04959   0.03996  -0.1051
  10.250   1.4538   0.04777   0.03785  -0.1024
  10.500   1.4830   0.04695   0.03686  -0.0991
  10.750   1.4938   0.04718   0.03705  -0.0955
  11.000   1.4840   0.04878   0.03875  -0.0922
  11.250   1.4875   0.05004   0.04008  -0.0892
  11.500   1.4897   0.05141   0.04153  -0.0864
  11.750   1.4896   0.05287   0.04304  -0.0835
  12.000   1.4851   0.05449   0.04468  -0.0804
  12.250   1.4806   0.05655   0.04683  -0.0778
  12.500   1.4797   0.05832   0.04864  -0.0755
  12.750   1.4748   0.06055   0.05094  -0.0732
  13.000   1.4720   0.06245   0.05289  -0.0713
  13.250   1.4660   0.06538   0.05590  -0.0698
  13.500   1.4920   0.05996   0.05052  -0.0633
  13.750   1.4503   0.07167   0.06239  -0.0666
  14.250   1.3788   0.09020   0.08117  -0.0731
  14.500   1.2926   0.11613   0.10741  -0.0841
  15.500   1.2123   0.14302   0.13457  -0.0964
  16.250   1.1485   0.16953   0.16139  -0.1094
  17.500   1.1173   0.18984   0.18193  -0.1203
  18.000   1.1404   0.19804   0.19029  -0.1250
  19.250   1.1698   0.20328   0.19563  -0.1286
  19.500   1.1863   0.20853   0.20089  -0.1328
  19.750   1.1707   0.21675   0.20905  -0.1392
