Smoothened XFOIL polar
 10-point moving average applied

   alpha    CL        CD       CDp       CM
  ------ -------- --------- --------- --------
 -10.750  -0.2958   0.13121   0.12777  -0.0268
  -9.000  -0.3373   0.09844   0.09510  -0.0351
  -7.250  -0.3298   0.06954   0.06560  -0.0483
  -6.250  -0.2875   0.04527   0.04028  -0.0638
  -5.500  -0.2246   0.02636   0.02016  -0.0792
  -5.250  -0.1656   0.01422   0.00709  -0.0910
  -5.000  -0.1018   0.00931   0.00161  -0.0982
  -4.750  -0.0679   0.01285   0.00513  -0.0954
  -4.500  -0.0379   0.01419   0.00673  -0.0970
  -4.250  -0.0034   0.01407   0.00663  -0.0989
  -4.000   0.0306   0.01378   0.00637  -0.1006
  -3.750   0.0628   0.01340   0.00602  -0.1018
  -3.500   0.0942   0.01297   0.00565  -0.1028
  -3.250   0.1244   0.01254   0.00526  -0.1035
  -3.000   0.1541   0.01207   0.00486  -0.1041
  -2.750   0.1830   0.01169   0.00456  -0.1045
  -2.500   0.2114   0.01134   0.00431  -0.1048
  -2.250   0.2392   0.01102   0.00410  -0.1050
  -2.000   0.2670   0.01074   0.00392  -0.1052
  -1.750   0.2947   0.01047   0.00378  -0.1054
  -1.500   0.3189   0.01011   0.00370  -0.1049
  -1.250   0.3420   0.00965   0.00364  -0.1045
  -1.000   0.3699   0.00916   0.00359  -0.1042
  -0.750   0.4015   0.00873   0.00353  -0.1040
  -0.500   0.4355   0.00840   0.00345  -0.1039
   0.000   0.4706   0.00823   0.00336  -0.1038
   0.250   0.5053   0.00824   0.00327  -0.1039
   0.500   0.5376   0.00835   0.00320  -0.1040
   0.750   0.5638   0.00847   0.00318  -0.1035
   1.000   0.5873   0.00856   0.00318  -0.1032
   1.250   0.6128   0.00867   0.00317  -0.1028
   1.500   0.6380   0.00880   0.00317  -0.1024
   1.750   0.6629   0.00893   0.00316  -0.1019
   2.000   0.6876   0.00908   0.00316  -0.1013
   2.250   0.7120   0.00926   0.00317  -0.1008
   2.500   0.7364   0.00945   0.00320  -0.1002
   2.750   0.7608   0.00966   0.00326  -0.0997
   3.000   0.7854   0.00987   0.00335  -0.0992
   3.250   0.8080   0.01006   0.00344  -0.0989
   3.500   0.8343   0.01030   0.00356  -0.0985
   3.750   0.8633   0.01057   0.00373  -0.0980
   4.000   0.8936   0.01087   0.00392  -0.0975
   4.500   0.9246   0.01117   0.00412  -0.0971
   4.750   0.9551   0.01145   0.00431  -0.0966
   5.000   0.9838   0.01171   0.00451  -0.0961
   5.250   1.0080   0.01209   0.00473  -0.0954
   5.500   1.0254   0.01268   0.00504  -0.0943
   5.750   1.0424   0.01354   0.00549  -0.0928
   6.000   1.0574   0.01459   0.00606  -0.0911
   6.250   1.0719   0.01571   0.00671  -0.0893
   6.500   1.1250  -0.00328  -0.01325  -0.0872
   6.750   1.1554  -0.00912  -0.01952  -0.0858
   7.000   1.1332   0.01382   0.00392  -0.0852
   7.250   1.0291   0.08108   0.07306  -0.0860
  19.750   0.8143   0.20821   0.20390  -0.0885
