Smoothened XFOIL polar
 10-point moving average applied

   alpha    CL        CD       CDp       CM
  ------ -------- --------- --------- --------
 -20.000  -0.4523   0.22598   0.21908  -0.0164
 -19.500  -0.3679   0.22022   0.21387  -0.0230
 -19.250  -0.3118   0.21566   0.20967  -0.0275
 -18.750  -0.2779   0.21201   0.20624  -0.0302
 -18.500  -0.2604   0.20897   0.20332  -0.0314
 -18.250  -0.2378   0.20633   0.20082  -0.0323
 -17.500  -0.2563   0.20347   0.19778  -0.0310
 -17.250  -0.2599   0.19988   0.19414  -0.0308
 -16.750  -0.2573   0.19787   0.19215  -0.0310
 -16.250  -0.2642   0.19535   0.18960  -0.0315
 -15.750  -0.2728   0.19156   0.18574  -0.0318
 -15.500  -0.2794   0.18657   0.18070  -0.0322
 -14.750  -0.2858   0.18174   0.17585  -0.0330
 -14.250  -0.2849   0.17706   0.17120  -0.0337
 -14.000  -0.2999   0.17215   0.16618  -0.0337
 -13.750  -0.3009   0.16889   0.16294  -0.0340
 -13.500  -0.2902   0.16743   0.16157  -0.0340
 -13.250  -0.2892   0.16417   0.15833  -0.0339
 -13.000  -0.2782   0.16143   0.15566  -0.0329
 -12.750  -0.2673   0.16039   0.15477  -0.0318
 -12.250  -0.2629   0.15899   0.15349  -0.0313
 -12.000  -0.2658   0.15611   0.15068  -0.0312
 -11.750  -0.2669   0.15411   0.14881  -0.0305
 -11.500  -0.2697   0.15129   0.14606  -0.0298
 -11.000  -0.2731   0.14787   0.14264  -0.0291
 -10.750  -0.2827   0.14293   0.13761  -0.0290
 -10.500  -0.2782   0.14074   0.13544  -0.0273
 -10.250  -0.2733   0.13937   0.13412  -0.0254
 -10.000  -0.2781   0.13698   0.13174  -0.0242
  -9.500  -0.2905   0.13341   0.12815  -0.0235
  -9.250  -0.2968   0.13225   0.12710  -0.0216
  -9.000  -0.2960   0.13129   0.12627  -0.0201
  -8.750  -0.3074   0.13116   0.12622  -0.0172
  -8.500  -0.3028   0.13003   0.12515  -0.0156
  -8.250  -0.3038   0.12475   0.11994  -0.0185
  -8.000  -0.3032   0.11938   0.11477  -0.0208
  -6.750  -0.3165   0.10650   0.10178  -0.0319
  -6.500  -0.3299   0.08856   0.08338  -0.0486
  -6.250  -0.3340   0.07089   0.06510  -0.0669
  -6.000  -0.3235   0.05606   0.04963  -0.0840
  -5.750  -0.3123   0.04588   0.03876  -0.0964
  -5.500  -0.2734   0.03957   0.03189  -0.1050
  -5.250  -0.2388   0.03533   0.02728  -0.1114
  -5.000  -0.1935   0.03764   0.02959  -0.1106
  -4.750  -0.1539   0.03663   0.02845  -0.1134
  -4.500  -0.1150   0.03550   0.02714  -0.1160
  -4.250  -0.0747   0.03458   0.02610  -0.1186
  -4.000  -0.0338   0.03382   0.02528  -0.1210
  -3.750   0.0060   0.03306   0.02446  -0.1233
  -3.500   0.0433   0.03245   0.02382  -0.1250
  -3.250   0.0822   0.03184   0.02323  -0.1269
  -3.000   0.1207   0.03121   0.02262  -0.1287
  -2.750   0.1569   0.03063   0.02206  -0.1301
  -2.500   0.1940   0.02997   0.02142  -0.1315
  -2.250   0.2336   0.02922   0.02069  -0.1333
  -2.000   0.2727   0.02847   0.01998  -0.1348
  -1.750   0.3112   0.02772   0.01928  -0.1361
  -1.500   0.3510   0.02691   0.01853  -0.1377
  -1.250   0.3935   0.02602   0.01775  -0.1396
  -1.000   0.4365   0.02515   0.01699  -0.1417
  -0.750   0.4788   0.02434   0.01632  -0.1436
  -0.500   0.5228   0.02350   0.01562  -0.1458
  -0.250   0.5662   0.02273   0.01497  -0.1479
   0.000   0.6070   0.02208   0.01442  -0.1496
   0.250   0.6449   0.02156   0.01397  -0.1508
   0.500   0.6814   0.02111   0.01357  -0.1517
   0.750   0.7152   0.02077   0.01330  -0.1521
   1.000   0.7461   0.02052   0.01312  -0.1520
   1.250   0.7751   0.02033   0.01300  -0.1514
   1.500   0.7985   0.02017   0.01293  -0.1496
   1.750   0.8199   0.01997   0.01282  -0.1473
   2.000   0.8426   0.01979   0.01267  -0.1453
   2.250   0.8657   0.01969   0.01256  -0.1437
   2.500   0.8914   0.01968   0.01246  -0.1429
   2.750   0.9207   0.01976   0.01237  -0.1430
   3.000   0.9519   0.01997   0.01237  -0.1438
   3.250   0.9830   0.02029   0.01247  -0.1446
   3.500   1.0103   0.02065   0.01263  -0.1445
   3.750   1.0370   0.02098   0.01280  -0.1442
   4.000   1.0635   0.02132   0.01298  -0.1440
   4.250   1.0878   0.02170   0.01323  -0.1433
   4.500   1.1113   0.02208   0.01350  -0.1424
   4.750   1.1352   0.02245   0.01375  -0.1416
   5.000   1.1585   0.02285   0.01404  -0.1408
   5.250   1.1816   0.02327   0.01437  -0.1399
   5.500   1.2053   0.02371   0.01472  -0.1392
   5.750   1.2293   0.02417   0.01509  -0.1385
   6.000   1.2529   0.02467   0.01551  -0.1378
   6.250   1.2758   0.02521   0.01596  -0.1369
   6.500   1.2980   0.02576   0.01647  -0.1360
   6.750   1.3196   0.02632   0.01702  -0.1349
   7.000   1.3413   0.02687   0.01758  -0.1339
   7.250   1.3631   0.02740   0.01812  -0.1329
   7.500   1.3845   0.02793   0.01865  -0.1319
   7.750   1.4053   0.02847   0.01918  -0.1307
   8.000   1.4250   0.02904   0.01972  -0.1294
   8.250   1.4429   0.02965   0.02028  -0.1278
   8.500   1.4609   0.03028   0.02088  -0.1263
   8.750   1.4795   0.03093   0.02148  -0.1249
   9.000   1.4978   0.03159   0.02210  -0.1234
   9.250   1.5143   0.03230   0.02278  -0.1217
   9.500   1.5316   0.03302   0.02346  -0.1201
   9.750   1.5471   0.03377   0.02419  -0.1183
  10.000   1.5587   0.03462   0.02509  -0.1159
  10.250   1.5716   0.03544   0.02595  -0.1137
  10.500   1.5838   0.03628   0.02684  -0.1114
  10.750   1.5964   0.03713   0.02773  -0.1093
  11.000   1.6087   0.03797   0.02860  -0.1072
  11.250   1.6177   0.03894   0.02964  -0.1047
  11.500   1.6299   0.03982   0.03052  -0.1026
  11.750   1.6381   0.04083   0.03155  -0.1002
  12.000   1.6433   0.04191   0.03269  -0.0973
  12.250   1.6510   0.04284   0.03361  -0.0949
  12.500   1.6534   0.04395   0.03475  -0.0920
  12.750   1.6559   0.04498   0.03579  -0.0891
  13.000   1.6563   0.04614   0.03697  -0.0863
  13.250   1.6531   0.04758   0.03846  -0.0833
  13.500   1.6515   0.04893   0.03983  -0.0806
  13.750   1.6438   0.05069   0.04164  -0.0778
  14.000   1.6351   0.05260   0.04360  -0.0751
  14.250   1.6251   0.05481   0.04588  -0.0728
  14.500   1.6162   0.05708   0.04821  -0.0708
  14.750   1.6087   0.05957   0.05076  -0.0692
  15.000   1.6018   0.06228   0.05356  -0.0679
  15.250   1.5973   0.06508   0.05647  -0.0670
  15.500   1.5926   0.06810   0.05959  -0.0663
  15.750   1.5894   0.07092   0.06249  -0.0658
  16.000   1.5871   0.07374   0.06537  -0.0654
  16.250   1.5808   0.07715   0.06890  -0.0652
  16.500   1.5812   0.07978   0.07155  -0.0651
  16.750   1.5792   0.08276   0.07460  -0.0650
  17.000   1.5721   0.08659   0.07853  -0.0655
  17.250   1.5848   0.08662   0.07857  -0.0639
  17.500   1.5498   0.09575   0.08793  -0.0675
  17.750   1.5139   0.10452   0.09694  -0.0711
  18.000   1.4669   0.11610   0.10881  -0.0763
  18.500   1.4316   0.12703   0.12001  -0.0813
  18.750   1.4212   0.13557   0.12876  -0.0851
  19.750   1.4488   0.14000   0.13326  -0.0867
