Smoothened XFOIL polar
 10-point moving average applied

   alpha    CL        CD       CDp       CM
  ------ -------- --------- --------- --------
 -12.000  -0.3406   0.14676   0.14197  -0.0365
 -11.750  -0.3016   0.14077   0.13604  -0.0354
 -10.500  -0.3008   0.12953   0.12505  -0.0343
  -9.250  -0.3240   0.11420   0.10998  -0.0341
  -8.500  -0.3568   0.09593   0.09182  -0.0355
  -7.500  -0.3728   0.07400   0.06940  -0.0412
  -6.250  -0.3765   0.05461   0.04917  -0.0497
  -6.000  -0.3545   0.03736   0.03089  -0.0588
  -5.500  -0.3172   0.02447   0.01702  -0.0689
  -5.250  -0.2619   0.01815   0.00993  -0.0766
  -5.000  -0.2114   0.01991   0.01137  -0.0783
  -4.750  -0.1696   0.02147   0.01306  -0.0808
  -4.500  -0.1355   0.02187   0.01350  -0.0833
  -4.250  -0.0974   0.02139   0.01298  -0.0860
  -4.000  -0.0596   0.02078   0.01234  -0.0885
  -3.750  -0.0213   0.01999   0.01151  -0.0909
  -3.500   0.0138   0.01912   0.01062  -0.0930
  -3.250   0.0547   0.01835   0.00991  -0.0956
  -3.000   0.0981   0.01762   0.00932  -0.0982
  -2.750   0.1443   0.01690   0.00880  -0.1009
  -2.250   0.1901   0.01622   0.00831  -0.1036
  -2.000   0.2328   0.01555   0.00793  -0.1057
  -1.750   0.2719   0.01479   0.00763  -0.1072
  -1.500   0.3075   0.01402   0.00738  -0.1083
  -1.250   0.3365   0.01336   0.00718  -0.1087
  -1.000   0.3689   0.01274   0.00694  -0.1092
  -0.750   0.4003   0.01229   0.00671  -0.1094
  -0.500   0.4317   0.01203   0.00648  -0.1098
  -0.250   0.4618   0.01196   0.00626  -0.1101
   0.000   0.4890   0.01198   0.00610  -0.1100
   0.250   0.5164   0.01195   0.00599  -0.1099
   0.500   0.5436   0.01193   0.00589  -0.1097
   0.750   0.5708   0.01192   0.00580  -0.1095
   1.000   0.5980   0.01192   0.00572  -0.1093
   1.250   0.6256   0.01193   0.00563  -0.1092
   1.500   0.6529   0.01197   0.00558  -0.1090
   1.750   0.6800   0.01205   0.00555  -0.1088
   2.000   0.7042   0.01214   0.00555  -0.1086
   2.250   0.7317   0.01226   0.00555  -0.1082
   2.500   0.7615   0.01238   0.00554  -0.1075
   2.750   0.7923   0.01253   0.00552  -0.1067
   3.250   0.8231   0.01268   0.00552  -0.1057
   3.500   0.8531   0.01283   0.00552  -0.1048
   3.750   0.8812   0.01301   0.00556  -0.1038
   4.000   0.9066   0.01321   0.00564  -0.1030
   4.250   0.9282   0.01342   0.00575  -0.1023
   4.500   0.9521   0.01366   0.00590  -0.1016
   4.750   0.9760   0.01391   0.00607  -0.1010
   5.000   0.9999   0.01417   0.00627  -0.1003
   5.250   1.0238   0.01443   0.00648  -0.0997
   5.500   1.0479   0.01470   0.00671  -0.0991
   5.750   1.0714   0.01495   0.00692  -0.0984
   6.000   1.0929   0.01527   0.00714  -0.0974
   6.250   1.1125   0.01566   0.00737  -0.0960
   6.500   1.1299   0.01616   0.00765  -0.0943
   6.750   1.1458   0.01586   0.00699  -0.0943
   7.000   1.1600   0.01719   0.00795  -0.0910
   7.250   1.1693   0.01987   0.01035  -0.0850
   7.500   1.1726   0.02350   0.01380  -0.0770
   9.000   1.1829   0.02825   0.01847  -0.0692
   9.250   1.1988   0.03287   0.02305  -0.0626
   9.500   1.2200   0.03785   0.02813  -0.0575
   9.750   1.2467   0.04284   0.03340  -0.0543
  10.000   1.2791   0.04770   0.03873  -0.0535
  10.500   1.3174   0.05227   0.04399  -0.0555
