Smoothened XFOIL polar
 10-point moving average applied

   alpha    CL        CD       CDp       CM
  ------ -------- --------- --------- --------
 -13.750  -0.4082   0.16190   0.15576  -0.0181
  -9.250  -0.3521   0.12503   0.11946  -0.0298
  -8.500  -0.3267   0.10424   0.09902  -0.0354
  -8.250  -0.3242   0.09534   0.09030  -0.0364
  -8.000  -0.3371   0.09414   0.08917  -0.0343
  -7.750  -0.3561   0.09842   0.09353  -0.0284
  -7.500  -0.3792   0.09608   0.09143  -0.0267
  -7.250  -0.3903   0.08734   0.08265  -0.0283
  -6.750  -0.3845   0.07365   0.06845  -0.0334
  -5.500  -0.3674   0.05745   0.05137  -0.0407
  -5.250  -0.3471   0.04201   0.03488  -0.0485
  -4.750  -0.3094   0.02959   0.02150  -0.0550
  -4.500  -0.2698   0.02284   0.01399  -0.0597
  -4.250  -0.2309   0.02324   0.01406  -0.0605
  -4.000  -0.1967   0.02470   0.01560  -0.0620
  -3.750  -0.1618   0.02535   0.01628  -0.0649
  -3.500  -0.1188   0.02492   0.01576  -0.0688
  -3.250  -0.0740   0.02422   0.01497  -0.0728
  -3.000  -0.0311   0.02333   0.01401  -0.0763
  -2.750   0.0104   0.02258   0.01328  -0.0795
  -2.500   0.0519   0.02203   0.01281  -0.0827
  -2.250   0.0936   0.02157   0.01246  -0.0861
  -2.000   0.1322   0.02096   0.01221  -0.0888
  -1.750   0.1695   0.02020   0.01201  -0.0910
  -1.500   0.2061   0.01940   0.01181  -0.0928
  -1.250   0.2422   0.01869   0.01162  -0.0944
  -1.000   0.2794   0.01811   0.01142  -0.0961
  -0.750   0.3172   0.01773   0.01119  -0.0979
  -0.500   0.3563   0.01753   0.01093  -0.1000
  -0.250   0.3954   0.01752   0.01065  -0.1022
   0.000   0.4315   0.01744   0.01043  -0.1039
   0.250   0.4659   0.01731   0.01022  -0.1051
   0.500   0.4984   0.01720   0.01005  -0.1059
   0.750   0.5288   0.01713   0.00992  -0.1063
   1.000   0.5587   0.01707   0.00982  -0.1065
   1.250   0.5877   0.01703   0.00973  -0.1066
   1.500   0.6162   0.01699   0.00963  -0.1066
   1.750   0.6449   0.01693   0.00951  -0.1065
   2.000   0.6737   0.01687   0.00938  -0.1064
   2.250   0.7024   0.01684   0.00927  -0.1063
   2.500   0.7311   0.01684   0.00919  -0.1062
   2.750   0.7587   0.01690   0.00919  -0.1059
   3.000   0.7853   0.01699   0.00922  -0.1055
   3.250   0.8118   0.01706   0.00921  -0.1049
   3.500   0.8380   0.01708   0.00915  -0.1043
   3.750   0.8643   0.01706   0.00902  -0.1035
   4.000   0.8899   0.01705   0.00890  -0.1026
   4.250   0.9146   0.01707   0.00883  -0.1016
   4.500   0.9391   0.01712   0.00878  -0.1006
   4.750   0.9627   0.01723   0.00881  -0.0995
   5.000   0.9862   0.01738   0.00888  -0.0985
   5.250   1.0097   0.01755   0.00897  -0.0975
   5.500   1.0330   0.01775   0.00911  -0.0965
   5.750   1.0565   0.01798   0.00930  -0.0957
   6.000   1.0797   0.01823   0.00953  -0.0947
   6.250   1.1015   0.01845   0.00975  -0.0936
   6.500   1.1204   0.01871   0.00992  -0.0919
   6.750   1.1374   0.01900   0.01008  -0.0899
   7.000   1.1515   0.01929   0.01017  -0.0878
   7.250   1.1594   0.01738   0.00770  -0.0869
   7.500   1.1694   0.01748   0.00732  -0.0847
   7.750   1.1867   0.02175   0.01132  -0.0797
   8.250   1.2161   0.03228   0.02198  -0.0708
   9.750   1.2625   0.05119   0.04156  -0.0566
