Smoothened XFOIL polar
 10-point moving average applied

   alpha    CL        CD       CDp       CM
  ------ -------- --------- --------- --------
  -9.500  -0.2970   0.11706   0.11403  -0.0279
  -8.750  -0.3116   0.07495   0.07091  -0.0529
  -6.500  -0.3067   0.04571   0.04064  -0.0701
  -6.250  -0.2867   0.02712   0.02108  -0.0811
  -6.000  -0.2556   0.01694   0.01009  -0.0873
  -5.750  -0.2195   0.01030   0.00283  -0.0924
  -5.500  -0.1797   0.01439   0.00679  -0.0900
  -5.250  -0.1428   0.01474   0.00724  -0.0918
  -5.000  -0.1051   0.01453   0.00703  -0.0942
  -4.750  -0.0691   0.01455   0.00709  -0.0963
  -4.500  -0.0335   0.01445   0.00699  -0.0983
  -4.250   0.0015   0.01418   0.00674  -0.1002
  -4.000   0.0342   0.01382   0.00640  -0.1016
  -3.750   0.0661   0.01340   0.00602  -0.1027
  -3.500   0.0965   0.01296   0.00562  -0.1034
  -3.250   0.1256   0.01247   0.00518  -0.1038
  -3.000   0.1547   0.01204   0.00482  -0.1043
  -2.750   0.1828   0.01168   0.00454  -0.1045
  -2.500   0.2113   0.01134   0.00430  -0.1048
  -2.250   0.2391   0.01103   0.00409  -0.1049
  -2.000   0.2666   0.01076   0.00392  -0.1050
  -1.750   0.2945   0.01049   0.00378  -0.1052
  -1.500   0.3190   0.01016   0.00370  -0.1048
  -1.250   0.3397   0.00972   0.00366  -0.1045
  -1.000   0.3694   0.00925   0.00361  -0.1042
  -0.750   0.4056   0.00882   0.00354  -0.1040
  -0.500   0.4459   0.00851   0.00345  -0.1038
   0.250   0.4878   0.00835   0.00337  -0.1037
   0.500   0.5285   0.00837   0.00328  -0.1037
   0.750   0.5648   0.00849   0.00322  -0.1036
   1.000   0.5923   0.00864   0.00321  -0.1030
   1.250   0.6130   0.00874   0.00322  -0.1027
   1.500   0.6383   0.00887   0.00321  -0.1023
   1.750   0.6633   0.00901   0.00321  -0.1018
   2.000   0.6880   0.00916   0.00321  -0.1012
   2.250   0.7124   0.00933   0.00323  -0.1007
   2.500   0.7368   0.00952   0.00327  -0.1001
   2.750   0.7611   0.00973   0.00333  -0.0996
   3.000   0.7857   0.00995   0.00341  -0.0991
   3.250   0.8105   0.01016   0.00351  -0.0987
   3.500   0.8354   0.01038   0.00363  -0.0983
   3.750   0.8602   0.01061   0.00376  -0.0980
   4.000   0.8848   0.01084   0.00390  -0.0975
   4.250   0.9092   0.01108   0.00405  -0.0971
   4.500   0.9338   0.01133   0.00422  -0.0967
   4.750   0.9584   0.01157   0.00439  -0.0963
   5.000   0.9830   0.01180   0.00457  -0.0958
   5.250   1.0068   0.01206   0.00475  -0.0953
   5.500   1.0274   0.01257   0.00503  -0.0943
   5.750   1.0452   0.01333   0.00543  -0.0929
   6.000   1.0608   0.01430   0.00595  -0.0912
   6.250   1.0733   0.01535   0.00654  -0.0895
   6.500   1.0893   0.01646   0.00724  -0.0877
   6.750   1.1073   0.01748   0.00795  -0.0861
   7.000   1.1290   0.01840   0.00863  -0.0845
   7.500   1.1556   0.01917   0.00927  -0.0831
   7.750   1.1881   0.01976   0.00981  -0.0818
