Smoothened XFOIL polar
 10-point moving average applied

   alpha    CL        CD       CDp       CM
  ------ -------- --------- --------- --------
 -19.250  -0.2625   0.21609   0.21094  -0.0206
 -18.750  -0.2507   0.21270   0.20762  -0.0224
 -18.000  -0.2444   0.20852   0.20346  -0.0234
 -17.750  -0.2415   0.20389   0.19882  -0.0238
 -17.250  -0.2399   0.19916   0.19408  -0.0237
 -15.750  -0.2516   0.19495   0.18976  -0.0230
 -15.500  -0.2217   0.19074   0.18575  -0.0226
 -15.250  -0.2058   0.18884   0.18402  -0.0229
 -15.000  -0.1797   0.18899   0.18438  -0.0253
 -14.750  -0.1660   0.18935   0.18487  -0.0266
 -14.500  -0.1604   0.18781   0.18341  -0.0270
 -14.250  -0.1652   0.18553   0.18115  -0.0258
 -13.750  -0.1785   0.18251   0.17808  -0.0234
 -13.500  -0.1989   0.17895   0.17440  -0.0203
 -13.250  -0.1987   0.17516   0.17059  -0.0198
 -13.000  -0.1907   0.17179   0.16721  -0.0226
 -12.750  -0.1597   0.16833   0.16377  -0.0290
 -12.250  -0.1283   0.16380   0.15922  -0.0354
 -12.000  -0.1010   0.15904   0.15444  -0.0423
 -11.750  -0.0791   0.15487   0.15025  -0.0477
 -11.500  -0.0575   0.15118   0.14655  -0.0521
 -11.250  -0.0353   0.14716   0.14253  -0.0564
 -11.000  -0.0199   0.14428   0.13964  -0.0599
 -10.500   0.0661   0.14251   0.13803  -0.0647
 -10.000   0.0813   0.12990   0.12533  -0.0738
  -9.750   0.0426   0.11024   0.10540  -0.0851
  -7.750  -0.0330   0.08768   0.08250  -0.0977
  -7.500  -0.1240   0.06533   0.05970  -0.1087
  -7.250  -0.2507   0.04258   0.03625  -0.1168
  -7.000  -0.2378   0.03530   0.02886  -0.1223
  -6.500  -0.1972   0.03619   0.02969  -0.1229
  -6.250  -0.0799   0.04169   0.03526  -0.1227
  -6.000  -0.0346   0.04071   0.03415  -0.1241
  -5.750  -0.0104   0.03838   0.03165  -0.1255
  -5.500  -0.0010   0.03494   0.02799  -0.1276
  -5.250  -0.0139   0.02968   0.02238  -0.1291
  -5.000  -0.0512   0.02287   0.01515  -0.1297
  -4.750   0.0233   0.02568   0.01803  -0.1307
  -4.500   0.0550   0.02501   0.01724  -0.1314
  -4.250   0.0849   0.02437   0.01646  -0.1317
  -4.000   0.1132   0.02383   0.01579  -0.1317
  -3.750   0.1416   0.02336   0.01519  -0.1316
  -3.500   0.1681   0.02288   0.01459  -0.1313
  -3.250   0.1921   0.02249   0.01409  -0.1303
  -3.000   0.2163   0.02219   0.01372  -0.1294
  -2.750   0.2409   0.02190   0.01332  -0.1286
  -2.500   0.2632   0.02168   0.01302  -0.1273
  -2.250   0.2840   0.02151   0.01280  -0.1257
  -2.000   0.3057   0.02134   0.01253  -0.1243
  -1.750   0.3280   0.02121   0.01231  -0.1230
  -1.500   0.3460   0.02111   0.01217  -0.1214
  -1.250   0.3662   0.02099   0.01200  -0.1194
  -1.000   0.3903   0.02089   0.01184  -0.1175
  -0.750   0.4166   0.02082   0.01170  -0.1157
  -0.250   0.4416   0.02079   0.01162  -0.1135
   0.000   0.4643   0.02082   0.01159  -0.1111
   0.250   0.4855   0.02086   0.01156  -0.1087
   0.500   0.5044   0.02093   0.01158  -0.1065
   0.750   0.5193   0.02102   0.01164  -0.1044
   1.000   0.5357   0.02109   0.01171  -0.1020
   1.250   0.5535   0.02118   0.01177  -0.1000
   1.500   0.5728   0.02129   0.01185  -0.0982
   1.750   0.5913   0.02141   0.01195  -0.0963
   2.000   0.6092   0.02155   0.01207  -0.0943
   2.250   0.6275   0.02168   0.01217  -0.0924
   2.500   0.6453   0.02182   0.01229  -0.0905
   2.750   0.6625   0.02196   0.01244  -0.0884
   3.000   0.6799   0.02212   0.01260  -0.0864
   3.250   0.6971   0.02230   0.01278  -0.0844
   3.500   0.7140   0.02249   0.01298  -0.0823
   3.750   0.7303   0.02268   0.01318  -0.0801
   4.000   0.7464   0.02289   0.01340  -0.0780
   4.250   0.7642   0.02309   0.01361  -0.0761
   4.500   0.7805   0.02333   0.01388  -0.0740
   4.750   0.7981   0.02356   0.01413  -0.0722
   5.000   0.8142   0.02382   0.01443  -0.0702
   5.250   0.8293   0.02408   0.01474  -0.0680
   5.500   0.8429   0.02435   0.01509  -0.0656
   5.750   0.8581   0.02459   0.01539  -0.0635
   6.000   0.8721   0.02486   0.01573  -0.0612
   6.250   0.8897   0.02510   0.01603  -0.0595
   6.500   0.9039   0.02536   0.01641  -0.0572
   6.750   0.9300   0.02563   0.01682  -0.0571
   7.000   0.9593   0.02600   0.01737  -0.0580
   7.250   0.9925   0.02641   0.01793  -0.0597
   7.500   1.0227   0.02693   0.01858  -0.0610
   7.750   1.0518   0.02746   0.01914  -0.0622
   8.000   1.0740   0.02806   0.01973  -0.0622
   8.250   1.0901   0.02859   0.02018  -0.0613
   8.500   1.1007   0.02926   0.02076  -0.0588
   8.750   1.1193   0.03000   0.02145  -0.0572
   9.000   1.1400   0.03079   0.02217  -0.0558
   9.500   1.1602   0.03168   0.02301  -0.0543
   9.750   1.1794   0.03259   0.02387  -0.0529
  10.000   1.1977   0.03348   0.02471  -0.0515
  10.250   1.2100   0.03446   0.02568  -0.0500
  10.500   1.2182   0.03538   0.02662  -0.0484
  10.750   1.2266   0.03642   0.02768  -0.0468
  11.000   1.2334   0.03756   0.02885  -0.0450
  11.250   1.2407   0.03871   0.03003  -0.0435
  11.500   1.2520   0.03966   0.03097  -0.0422
  11.750   1.2655   0.04058   0.03185  -0.0412
  12.000   1.2770   0.04166   0.03291  -0.0402
  12.250   1.2893   0.04273   0.03396  -0.0393
  12.500   1.3053   0.04364   0.03482  -0.0386
  12.750   1.3173   0.04482   0.03599  -0.0377
  13.000   1.3218   0.04647   0.03769  -0.0365
  13.250   1.3299   0.04791   0.03916  -0.0355
  13.500   1.3444   0.04898   0.04021  -0.0349
  13.750   1.3492   0.05070   0.04199  -0.0339
  14.000   1.3429   0.05328   0.04470  -0.0326
  14.250   1.3353   0.05608   0.04763  -0.0315
  14.500   1.3547   0.05574   0.04729  -0.0302
  14.750   1.3253   0.06136   0.05310  -0.0298
  15.000   1.2744   0.06968   0.06170  -0.0298
  15.250   1.2963   0.06717   0.05925  -0.0259
  15.750   1.2342   0.07918   0.07151  -0.0289
  16.000   1.1183   0.10153   0.09427  -0.0363
  16.250   0.9737   0.12925   0.12246  -0.0468
  16.750   0.8552   0.15805   0.15158  -0.0599
  17.250   0.7363   0.17874   0.17266  -0.0683
  17.500   0.6200   0.19899   0.19331  -0.0760
  18.000   0.5779   0.20889   0.20339  -0.0796
  18.250   0.6346   0.20187   0.19626  -0.0764
  18.750   0.7007   0.19702   0.19125  -0.0750
  19.250   0.7401   0.20236   0.19644  -0.0794
  19.750   0.7169   0.22589   0.21991  -0.0935
