Smoothened XFOIL polar
 10-point moving average applied

   alpha    CL        CD       CDp       CM
  ------ -------- --------- --------- --------
 -17.750  -0.5269   0.21819   0.20882  -0.0005
 -17.000  -0.4209   0.20054   0.19178  -0.0145
 -15.000  -0.3521   0.18711   0.17874  -0.0237
 -14.000  -0.3131   0.17709   0.16893  -0.0291
 -13.750  -0.2963   0.16966   0.16158  -0.0316
 -13.000  -0.2854   0.16273   0.15473  -0.0331
 -12.750  -0.2973   0.15948   0.15145  -0.0321
 -12.250  -0.3057   0.15508   0.14706  -0.0326
 -11.750  -0.3110   0.15043   0.14243  -0.0330
 -11.500  -0.3151   0.14693   0.13896  -0.0334
 -11.250  -0.3139   0.14293   0.13500  -0.0334
 -11.000  -0.3130   0.14002   0.13215  -0.0335
 -10.750  -0.3084   0.13704   0.12925  -0.0334
 -10.500  -0.3006   0.13362   0.12591  -0.0331
 -10.250  -0.2915   0.13094   0.12337  -0.0330
 -10.000  -0.3018   0.12760   0.12002  -0.0328
  -9.750  -0.3035   0.12450   0.11699  -0.0324
  -9.500  -0.3087   0.12118   0.11371  -0.0318
  -9.250  -0.3168   0.11734   0.10987  -0.0312
  -9.000  -0.3274   0.11460   0.10719  -0.0304
  -8.750  -0.3287   0.11211   0.10480  -0.0289
  -8.500  -0.3290   0.10957   0.10238  -0.0270
  -8.250  -0.3263   0.10706   0.09998  -0.0250
  -8.000  -0.3344   0.10466   0.09764  -0.0228
  -7.750  -0.3396   0.10265   0.09575  -0.0202
  -7.500  -0.3508   0.10034   0.09349  -0.0176
  -7.250  -0.3656   0.09782   0.09101  -0.0152
  -7.000  -0.3778   0.09596   0.08924  -0.0127
  -6.750  -0.3830   0.09410   0.08750  -0.0101
  -6.500  -0.4047   0.09561   0.08933  -0.0027
  -6.250  -0.4019   0.09079   0.08451  -0.0038
  -6.000  -0.3816   0.08176   0.07516  -0.0114
  -5.750  -0.3439   0.06994   0.06278  -0.0235
  -3.750  -0.2930   0.05712   0.04917  -0.0380
  -3.500  -0.2362   0.04519   0.03638  -0.0521
  -3.250  -0.1823   0.03610   0.02651  -0.0632
  -3.000  -0.1417   0.03178   0.02166  -0.0684
  -2.750  -0.1269   0.03413   0.02390  -0.0649
  -2.500  -0.1015   0.03328   0.02284  -0.0656
  -2.250  -0.0770   0.03263   0.02208  -0.0661
  -2.000  -0.0533   0.03217   0.02156  -0.0666
  -1.750  -0.0296   0.03181   0.02118  -0.0670
  -1.500  -0.0062   0.03163   0.02094  -0.0676
  -1.250   0.0165   0.03127   0.02092  -0.0676
  -1.000   0.0413   0.03083   0.02100  -0.0679
  -0.750   0.0718   0.03050   0.02119  -0.0691
  -0.500   0.1081   0.03037   0.02146  -0.0714
  -0.250   0.1488   0.03054   0.02183  -0.0747
   0.000   0.1938   0.03107   0.02233  -0.0789
   0.250   0.2388   0.03194   0.02293  -0.0834
   0.500   0.2809   0.03307   0.02362  -0.0877
   0.750   0.3203   0.03399   0.02438  -0.0911
   1.000   0.3564   0.03483   0.02509  -0.0938
   1.250   0.3910   0.03566   0.02583  -0.0962
   1.500   0.4250   0.03647   0.02658  -0.0984
   1.750   0.4570   0.03729   0.02736  -0.1001
   2.000   0.4882   0.03814   0.02818  -0.1017
   2.250   0.5194   0.03892   0.02893  -0.1032
   2.500   0.5492   0.03970   0.02967  -0.1044
   2.750   0.5792   0.04048   0.03040  -0.1055
   3.000   0.6084   0.04124   0.03110  -0.1063
   3.250   0.6371   0.04200   0.03183  -0.1071
   3.500   0.6649   0.04284   0.03265  -0.1077
   3.750   0.6900   0.04377   0.03357  -0.1080
   4.000   0.7163   0.04459   0.03439  -0.1082
   4.250   0.7434   0.04540   0.03520  -0.1085
   4.500   0.7668   0.04638   0.03618  -0.1083
   4.750   0.7883   0.04747   0.03730  -0.1080
   5.000   0.8218   0.04799   0.03782  -0.1088
   5.250   0.8306   0.04955   0.03946  -0.1070
   5.500   0.8397   0.05117   0.04115  -0.1052
   5.750   0.8632   0.05165   0.04170  -0.1042
   6.000   0.8927   0.05165   0.04177  -0.1034
   6.250   0.9328   0.05075   0.04094  -0.1031
   6.500   0.9756   0.04969   0.03995  -0.1030
   6.750   1.0287   0.04776   0.03808  -0.1035
   7.000   1.0935   0.04539   0.03571  -0.1058
   7.250   1.1338   0.04307   0.03351  -0.1039
   7.500   1.1764   0.03985   0.03039  -0.1011
   7.750   1.2111   0.03652   0.02710  -0.0956
   8.250   1.2233   0.03476   0.02526  -0.0877
   8.500   1.2212   0.03448   0.02472  -0.0789
   9.000   1.2010   0.03652   0.02641  -0.0702
   9.250   1.1772   0.04002   0.02948  -0.0634
   9.500   1.1552   0.04483   0.03385  -0.0599
   9.750   1.1390   0.04917   0.03788  -0.0570
  10.000   1.1281   0.05297   0.04151  -0.0554
  10.250   1.1255   0.05618   0.04462  -0.0531
  10.500   1.1359   0.05867   0.04707  -0.0508
  10.750   1.1576   0.06075   0.04915  -0.0485
  11.000   1.1865   0.06276   0.05126  -0.0464
  11.250   1.2223   0.06490   0.05356  -0.0450
  11.500   1.2360   0.06808   0.05703  -0.0425
  11.750   1.2488   0.06954   0.05875  -0.0395
  12.000   1.2437   0.06621   0.05583  -0.0320
  12.250   1.2221   0.07025   0.06031  -0.0294
  12.500   1.1818   0.09096   0.08157  -0.0387
  13.750   1.1204   0.13644   0.12771  -0.0660
  17.000   1.0352   0.21476   0.20685  -0.1174
