Smoothened XFOIL polar
 10-point moving average applied

   alpha    CL        CD       CDp       CM
  ------ -------- --------- --------- --------
 -12.000  -0.3835   0.15616   0.15270  -0.0158
 -11.250  -0.3310   0.09282   0.08809  -0.0495
  -6.000  -0.2752   0.05045   0.04467  -0.0719
  -5.750  -0.2186   0.02510   0.01848  -0.0854
  -5.250  -0.1636   0.01281   0.00559  -0.0922
  -5.000  -0.1119   0.00493  -0.00272  -0.0969
  -4.750  -0.0753   0.01370   0.00609  -0.0944
  -4.500  -0.0365   0.01382   0.00631  -0.0967
  -4.250  -0.0045   0.01392   0.00648  -0.0986
  -4.000   0.0303   0.01369   0.00630  -0.1004
  -3.750   0.0628   0.01336   0.00599  -0.1018
  -3.500   0.0946   0.01295   0.00563  -0.1029
  -3.250   0.1250   0.01254   0.00526  -0.1036
  -3.000   0.1541   0.01208   0.00487  -0.1041
  -2.750   0.1832   0.01169   0.00456  -0.1045
  -2.500   0.2111   0.01135   0.00432  -0.1047
  -2.250   0.2393   0.01103   0.00410  -0.1050
  -2.000   0.2670   0.01074   0.00392  -0.1052
  -1.750   0.2945   0.01046   0.00378  -0.1054
  -1.500   0.3190   0.01008   0.00369  -0.1049
  -1.250   0.3444   0.00961   0.00363  -0.1046
  -1.000   0.3683   0.00912   0.00359  -0.1043
  -0.750   0.3969   0.00868   0.00354  -0.1040
  -0.500   0.4291   0.00836   0.00347  -0.1039
  -0.250   0.4636   0.00820   0.00337  -0.1039
   0.250   0.4989   0.00821   0.00328  -0.1040
   0.500   0.5330   0.00832   0.00319  -0.1041
   0.750   0.5620   0.00844   0.00316  -0.1035
   1.000   0.5895   0.00854   0.00315  -0.1032
   1.250   0.6126   0.00864   0.00315  -0.1029
   1.500   0.6379   0.00876   0.00315  -0.1025
   1.750   0.6628   0.00890   0.00314  -0.1020
   2.000   0.6874   0.00905   0.00314  -0.1014
   2.250   0.7119   0.00922   0.00314  -0.1008
   2.500   0.7362   0.00942   0.00318  -0.1002
   2.750   0.7607   0.00963   0.00324  -0.0997
   3.000   0.7852   0.00984   0.00333  -0.0993
   3.250   0.8101   0.01006   0.00343  -0.0989
   3.500   0.8349   0.01028   0.00355  -0.0985
   3.750   0.8597   0.01050   0.00368  -0.0982
   4.000   0.8844   0.01074   0.00382  -0.0978
   4.250   0.9070   0.01094   0.00395  -0.0975
   4.500   0.9332   0.01119   0.00412  -0.0971
   4.750   0.9619   0.01144   0.00430  -0.0965
   5.000   0.9897   0.01192   0.00457  -0.0957
   5.500   1.0151   0.01265   0.00497  -0.0944
   5.750   1.0375   0.01362   0.00549  -0.0928
   6.000   1.0564   0.01474   0.00611  -0.0909
   6.250   1.0728   0.01586   0.00677  -0.0892
   6.500   1.0868   0.01684   0.00740  -0.0877
   6.750   1.1073   0.01810   0.00841  -0.0869
   7.000   1.1226   0.01782   0.00809  -0.0855
   7.250   1.1397   0.01770   0.00791  -0.0842
   7.500   1.1593   0.01777   0.00790  -0.0826
   7.750   1.1832   0.01833   0.00832  -0.0809
   8.250   1.2128   0.01965   0.00941  -0.0788
