Smoothened XFOIL polar
 10-point moving average applied

   alpha    CL        CD       CDp       CM
  ------ -------- --------- --------- --------
  -8.250  -0.4330   0.08441   0.08113  -0.0294
  -8.000  -0.4784   0.05609   0.05174  -0.0522
  -7.500  -0.4806   0.04093   0.03593  -0.0664
  -7.250  -0.4510   0.03523   0.02988  -0.0745
  -7.000  -0.4008   0.03528   0.02975  -0.0788
  -6.750  -0.3401   0.03557   0.02971  -0.0832
  -6.250  -0.2973   0.03518   0.02921  -0.0863
  -6.000  -0.2536   0.02997   0.02356  -0.0938
  -5.750  -0.2145   0.02155   0.01446  -0.1028
  -5.500  -0.1770   0.02412   0.01702  -0.1018
  -5.250  -0.1416   0.02270   0.01538  -0.1040
  -5.000  -0.0983   0.02155   0.01408  -0.1065
  -4.750  -0.0530   0.02036   0.01273  -0.1090
  -4.250  -0.0063   0.01918   0.01141  -0.1116
  -4.000   0.0350   0.01813   0.01028  -0.1137
  -3.750   0.0814   0.01714   0.00930  -0.1164
  -3.500   0.1269   0.01628   0.00853  -0.1189
  -3.250   0.1689   0.01558   0.00796  -0.1211
  -2.750   0.2143   0.01485   0.00737  -0.1235
  -2.500   0.2587   0.01418   0.00686  -0.1257
  -2.250   0.2991   0.01360   0.00646  -0.1274
  -2.000   0.3353   0.01313   0.00614  -0.1289
  -1.750   0.3649   0.01278   0.00595  -0.1299
  -1.500   0.3986   0.01231   0.00572  -0.1312
  -1.250   0.4279   0.01182   0.00556  -0.1315
  -1.000   0.4554   0.01131   0.00544  -0.1311
  -0.750   0.4823   0.01082   0.00533  -0.1305
  -0.500   0.5084   0.01044   0.00522  -0.1296
  -0.250   0.5351   0.01018   0.00511  -0.1289
   0.000   0.5629   0.01004   0.00499  -0.1286
   0.250   0.5922   0.01002   0.00487  -0.1288
   0.500   0.6222   0.01005   0.00476  -0.1292
   0.750   0.6497   0.01011   0.00470  -0.1292
   1.000   0.6776   0.01017   0.00464  -0.1292
   1.250   0.7052   0.01025   0.00459  -0.1291
   1.500   0.7319   0.01035   0.00455  -0.1288
   1.750   0.7581   0.01047   0.00454  -0.1284
   2.000   0.7840   0.01061   0.00455  -0.1280
   2.250   0.8098   0.01076   0.00457  -0.1276
   2.500   0.8352   0.01093   0.00461  -0.1271
   2.750   0.8602   0.01111   0.00467  -0.1265
   3.000   0.8850   0.01130   0.00474  -0.1259
   3.250   0.9092   0.01151   0.00482  -0.1252
   3.500   0.9332   0.01173   0.00492  -0.1245
   3.750   0.9573   0.01197   0.00504  -0.1238
   4.000   0.9814   0.01222   0.00518  -0.1232
   4.250   1.0053   0.01248   0.00534  -0.1225
   4.500   1.0290   0.01274   0.00552  -0.1218
   4.750   1.0522   0.01301   0.00570  -0.1210
   5.000   1.0753   0.01329   0.00590  -0.1202
   5.250   1.0985   0.01359   0.00612  -0.1194
   5.500   1.1219   0.01386   0.00634  -0.1187
   5.750   1.1439   0.01418   0.00657  -0.1178
   6.000   1.1641   0.01457   0.00684  -0.1165
   6.250   1.1827   0.01501   0.00712  -0.1150
   6.500   1.2010   0.01511   0.00712  -0.1141
   6.750   1.2124   0.01571   0.00736  -0.1121
   7.000   1.2272   0.01730   0.00850  -0.1079
   7.250   1.2449   0.01956   0.01033  -0.1023
   8.000   1.2644   0.02216   0.01259  -0.0960
   9.000   1.2836   0.02484   0.01503  -0.0897
   9.250   1.3015   0.02731   0.01740  -0.0841
   9.500   1.3172   0.02922   0.01940  -0.0801
   9.750   1.3295   0.03029   0.02075  -0.0783
  10.000   1.3326   0.03062   0.02115  -0.0772
  10.250   1.3374   0.03200   0.02267  -0.0750
  10.500   1.3405   0.03493   0.02579  -0.0719
  10.750   1.3420   0.04013   0.03127  -0.0675
  12.000   1.3422   0.04833   0.03986  -0.0612
