Smoothened XFOIL polar
 10-point moving average applied

   alpha    CL        CD       CDp       CM
  ------ -------- --------- --------- --------
 -16.500  -0.4999   0.19622   0.18986   0.0019
 -16.250  -0.5128   0.20762   0.20111   0.0021
 -15.250  -0.4925   0.20059   0.19414  -0.0020
 -15.000  -0.4508   0.18101   0.17476  -0.0089
 -14.750  -0.3996   0.15479   0.14883  -0.0172
  -8.750  -0.3594   0.13288   0.12721  -0.0247
  -8.500  -0.3278   0.11331   0.10795  -0.0295
  -8.250  -0.3167   0.09861   0.09355  -0.0326
  -8.000  -0.3254   0.09090   0.08603  -0.0312
  -7.250  -0.3605   0.09384   0.08901  -0.0268
  -6.750  -0.3835   0.09117   0.08673  -0.0237
  -6.500  -0.3988   0.08270   0.07818  -0.0252
  -6.000  -0.3935   0.07049   0.06545  -0.0308
  -5.250  -0.3723   0.05706   0.05115  -0.0395
  -5.000  -0.3361   0.04333   0.03637  -0.0479
  -4.750  -0.2990   0.03129   0.02322  -0.0545
  -4.500  -0.2608   0.02382   0.01491  -0.0586
  -4.250  -0.2279   0.02156   0.01224  -0.0611
  -4.000  -0.1995   0.02404   0.01487  -0.0609
  -3.750  -0.1645   0.02445   0.01527  -0.0634
  -3.500  -0.1252   0.02448   0.01527  -0.0668
  -3.250  -0.0820   0.02406   0.01482  -0.0707
  -3.000  -0.0372   0.02339   0.01411  -0.0747
  -2.750   0.0058   0.02252   0.01321  -0.0782
  -2.500   0.0480   0.02191   0.01268  -0.0816
  -2.250   0.0890   0.02148   0.01235  -0.0849
  -2.000   0.1283   0.02086   0.01210  -0.0878
  -1.750   0.1664   0.02009   0.01188  -0.0901
  -1.500   0.2035   0.01929   0.01168  -0.0921
  -1.250   0.2407   0.01855   0.01147  -0.0940
  -1.000   0.2786   0.01797   0.01127  -0.0959
  -0.750   0.3165   0.01760   0.01107  -0.0978
  -0.500   0.3513   0.01747   0.01086  -0.0996
  -0.250   0.3903   0.01752   0.01063  -0.1016
   0.000   0.4306   0.01745   0.01043  -0.1032
   0.250   0.4719   0.01734   0.01022  -0.1046
   0.750   0.5126   0.01722   0.01003  -0.1056
   1.000   0.5515   0.01711   0.00985  -0.1063
   1.250   0.5877   0.01699   0.00968  -0.1068
   1.500   0.6195   0.01690   0.00952  -0.1070
   1.750   0.6457   0.01683   0.00941  -0.1069
   2.000   0.6745   0.01678   0.00928  -0.1068
   2.250   0.7030   0.01674   0.00918  -0.1067
   2.500   0.7309   0.01676   0.00913  -0.1065
   2.750   0.7583   0.01682   0.00913  -0.1062
   3.000   0.7852   0.01689   0.00914  -0.1058
   3.250   0.8120   0.01693   0.00910  -0.1052
   3.500   0.8382   0.01694   0.00902  -0.1046
   3.750   0.8639   0.01693   0.00892  -0.1037
   4.000   0.8891   0.01692   0.00881  -0.1027
   4.250   0.9140   0.01693   0.00872  -0.1017
   4.500   0.9381   0.01699   0.00869  -0.1006
   4.750   0.9619   0.01709   0.00870  -0.0996
   5.000   0.9855   0.01723   0.00875  -0.0985
   5.250   1.0091   0.01740   0.00884  -0.0976
   5.500   1.0324   0.01760   0.00899  -0.0966
   5.750   1.0561   0.01783   0.00918  -0.0958
   6.000   1.0792   0.01806   0.00940  -0.0948
   6.250   1.0997   0.01830   0.00957  -0.0934
   6.500   1.1179   0.01858   0.00973  -0.0916
   6.750   1.1333   0.01878   0.00979  -0.0896
   7.000   1.1476   0.01940   0.01007  -0.0871
   7.250   1.1573   0.01681   0.00668  -0.0867
   7.500   1.1876   0.01747   0.00689  -0.0825
   8.000   1.2101   0.02170   0.01087  -0.0772
   8.250   1.2144   0.03480   0.02446  -0.0683
  10.250   1.1896   0.06039   0.05161  -0.0544
  12.250   1.1249   0.10209   0.09630  -0.0343
