Smoothened XFOIL polar
 10-point moving average applied

   alpha    CL        CD       CDp       CM
  ------ -------- --------- --------- --------
 -16.000  -0.4943   0.19492   0.18848  -0.0031
 -14.500  -0.4403   0.18603   0.17976  -0.0103
 -14.250  -0.3911   0.17257   0.16648  -0.0174
 -13.750  -0.3493   0.15644   0.15053  -0.0239
 -10.500  -0.3174   0.13958   0.13385  -0.0294
 -10.250  -0.2996   0.12596   0.12043  -0.0331
  -9.250  -0.2965   0.11338   0.10800  -0.0359
  -9.000  -0.3180   0.10437   0.09910  -0.0349
  -8.250  -0.3399   0.10451   0.09942  -0.0310
  -8.000  -0.3622   0.09726   0.09228  -0.0300
  -7.250  -0.3839   0.08933   0.08455  -0.0302
  -7.000  -0.3944   0.07682   0.07188  -0.0336
  -5.750  -0.3949   0.06221   0.05667  -0.0394
  -5.500  -0.3780   0.04739   0.04105  -0.0464
  -5.250  -0.3527   0.03522   0.02791  -0.0534
  -5.000  -0.3244   0.02681   0.01857  -0.0572
  -4.750  -0.2930   0.02548   0.01667  -0.0573
  -4.500  -0.2629   0.02401   0.01488  -0.0588
  -4.250  -0.2331   0.02529   0.01627  -0.0598
  -4.000  -0.2022   0.02570   0.01667  -0.0621
  -3.750  -0.1602   0.02562   0.01654  -0.0657
  -3.500  -0.1093   0.02497   0.01582  -0.0703
  -3.250  -0.0550   0.02406   0.01484  -0.0750
  -2.750  -0.0020   0.02293   0.01364  -0.0790
  -2.500   0.0485   0.02216   0.01297  -0.0829
  -2.250   0.0961   0.02158   0.01248  -0.0866
  -2.000   0.1370   0.02094   0.01221  -0.0894
  -1.750   0.1700   0.02024   0.01208  -0.0911
  -1.500   0.2068   0.01944   0.01186  -0.0929
  -1.250   0.2439   0.01870   0.01165  -0.0947
  -1.000   0.2812   0.01813   0.01145  -0.0964
  -0.750   0.3186   0.01775   0.01124  -0.0981
  -0.500   0.3559   0.01760   0.01101  -0.0999
  -0.250   0.3937   0.01761   0.01075  -0.1019
   0.000   0.4290   0.01754   0.01054  -0.1034
   0.250   0.4630   0.01742   0.01034  -0.1045
   0.500   0.4956   0.01732   0.01017  -0.1053
   0.750   0.5268   0.01723   0.01003  -0.1059
   1.000   0.5568   0.01717   0.00992  -0.1061
   1.250   0.5861   0.01711   0.00981  -0.1062
   1.500   0.6155   0.01703   0.00968  -0.1063
   1.750   0.6450   0.01695   0.00952  -0.1064
   2.000   0.6742   0.01688   0.00939  -0.1063
   2.250   0.7030   0.01685   0.00928  -0.1063
   2.500   0.7313   0.01687   0.00922  -0.1061
   2.750   0.7587   0.01694   0.00923  -0.1058
   3.000   0.7853   0.01704   0.00926  -0.1054
   3.250   0.8116   0.01712   0.00927  -0.1048
   3.500   0.8380   0.01714   0.00920  -0.1042
   3.750   0.8642   0.01713   0.00909  -0.1034
   4.000   0.8897   0.01712   0.00898  -0.1025
   4.250   0.9147   0.01715   0.00890  -0.1015
   4.500   0.9392   0.01719   0.00885  -0.1005
   4.750   0.9630   0.01730   0.00887  -0.0995
   5.000   0.9865   0.01744   0.00893  -0.0985
   5.250   1.0100   0.01761   0.00902  -0.0975
   5.500   1.0333   0.01781   0.00916  -0.0965
   5.750   1.0566   0.01804   0.00935  -0.0956
   6.000   1.0799   0.01829   0.00958  -0.0947
   6.250   1.1021   0.01852   0.00981  -0.0936
   6.500   1.1213   0.01878   0.00998  -0.0920
   6.750   1.1387   0.01906   0.01015  -0.0901
   7.000   1.1542   0.01943   0.01032  -0.0879
   7.250   1.1628   0.01788   0.00839  -0.0871
   7.500   1.1747   0.01883   0.00889  -0.0839
   7.750   1.2421   0.00854  -0.00186  -0.0746
   8.000   1.2810   0.01112   0.00059  -0.0663
   9.500   1.2533   0.03931   0.02934  -0.0615
  10.250   1.1210   0.10537   0.09697  -0.0632
  19.500   0.8460   0.22156   0.21606  -0.0742
