Smoothened XFOIL polar
 10-point moving average applied

   alpha    CL        CD       CDp       CM
  ------ -------- --------- --------- --------
 -16.500  -0.3445   0.17547   0.17089  -0.0251
  -9.000  -0.3618   0.13300   0.12963  -0.0227
  -8.000  -0.3613   0.09961   0.09644  -0.0275
  -7.750  -0.3460   0.07390   0.07020  -0.0375
  -6.750  -0.3189   0.05444   0.04974  -0.0504
  -5.750  -0.2844   0.04288   0.03714  -0.0607
  -5.500  -0.2423   0.02736   0.02056  -0.0741
  -5.250  -0.1985   0.01567   0.00801  -0.0842
  -5.000  -0.1528   0.01201   0.00388  -0.0888
  -4.750  -0.1188   0.01609   0.00813  -0.0869
  -4.500  -0.0811   0.01615   0.00823  -0.0894
  -4.250  -0.0443   0.01614   0.00824  -0.0917
  -4.000  -0.0070   0.01601   0.00814  -0.0943
  -3.750   0.0290   0.01564   0.00779  -0.0964
  -3.500   0.0656   0.01518   0.00738  -0.0986
  -3.250   0.1005   0.01465   0.00691  -0.1004
  -3.000   0.1344   0.01406   0.00640  -0.1019
  -2.750   0.1664   0.01357   0.00604  -0.1029
  -2.500   0.1981   0.01311   0.00571  -0.1040
  -2.250   0.2285   0.01271   0.00545  -0.1048
  -2.000   0.2589   0.01232   0.00521  -0.1056
  -1.750   0.2852   0.01186   0.00504  -0.1055
  -1.500   0.3104   0.01128   0.00490  -0.1055
  -1.250   0.3400   0.01068   0.00476  -0.1054
  -1.000   0.3727   0.01014   0.00462  -0.1053
  -0.750   0.4075   0.00973   0.00449  -0.1051
  -0.250   0.4431   0.00949   0.00435  -0.1051
   0.000   0.4780   0.00942   0.00422  -0.1052
   0.250   0.5107   0.00948   0.00410  -0.1052
   0.500   0.5373   0.00954   0.00403  -0.1047
   0.750   0.5613   0.00958   0.00399  -0.1045
   1.000   0.5877   0.00965   0.00396  -0.1043
   1.250   0.6140   0.00974   0.00395  -0.1040
   1.500   0.6400   0.00984   0.00394  -0.1037
   1.750   0.6654   0.00994   0.00393  -0.1033
   2.000   0.6904   0.01006   0.00390  -0.1027
   2.250   0.7151   0.01018   0.00388  -0.1021
   2.500   0.7394   0.01031   0.00387  -0.1014
   2.750   0.7636   0.01047   0.00386  -0.1007
   3.000   0.7878   0.01065   0.00390  -0.1000
   3.250   0.8121   0.01086   0.00397  -0.0994
   3.500   0.8365   0.01108   0.00407  -0.0989
   3.750   0.8611   0.01130   0.00419  -0.0985
   4.000   0.8858   0.01154   0.00434  -0.0980
   4.250   0.9104   0.01177   0.00449  -0.0976
   4.500   0.9347   0.01202   0.00466  -0.0971
   4.750   0.9577   0.01220   0.00481  -0.0968
   5.000   0.9835   0.01244   0.00501  -0.0963
   5.250   1.0099   0.01282   0.00523  -0.0954
   5.500   1.0350   0.01343   0.00556  -0.0940
   6.000   1.0576   0.01430   0.00603  -0.0923
   6.250   1.0776   0.01536   0.00661  -0.0903
   6.500   1.0949   0.01653   0.00728  -0.0882
   6.750   1.1127   0.01811   0.00841  -0.0867
   7.000   1.1224   0.01832   0.00837  -0.0846
   7.250   1.1368   0.01852   0.00843  -0.0827
   7.500   1.1525   0.01872   0.00852  -0.0811
   7.750   1.1703   0.01910   0.00877  -0.0797
   8.000   1.1908   0.01985   0.00933  -0.0788
