Smoothened XFOIL polar
 10-point moving average applied

   alpha    CL        CD       CDp       CM
  ------ -------- --------- --------- --------
 -16.500  -0.5028   0.19823   0.19185   0.0027
 -16.250  -0.5016   0.20007   0.19357   0.0018
 -15.000  -0.4779   0.19388   0.18742  -0.0029
 -14.500  -0.4400   0.18153   0.17524  -0.0102
 -14.250  -0.3963   0.16492   0.15886  -0.0184
 -12.500  -0.3606   0.14569   0.13987  -0.0252
  -9.250  -0.3376   0.12763   0.12202  -0.0303
  -8.500  -0.3190   0.11078   0.10541  -0.0336
  -8.250  -0.3184   0.09805   0.09287  -0.0339
  -8.000  -0.3426   0.09382   0.08876  -0.0304
  -7.500  -0.3632   0.09442   0.08954  -0.0261
  -7.000  -0.3818   0.09024   0.08568  -0.0253
  -6.500  -0.3915   0.08031   0.07566  -0.0281
  -5.750  -0.3863   0.06689   0.06168  -0.0342
  -5.250  -0.3667   0.05233   0.04624  -0.0426
  -5.000  -0.3315   0.03899   0.03186  -0.0508
  -4.750  -0.2955   0.02851   0.02031  -0.0567
  -4.500  -0.2598   0.02321   0.01423  -0.0595
  -4.250  -0.2296   0.02291   0.01364  -0.0599
  -4.000  -0.1994   0.02410   0.01491  -0.0609
  -3.750  -0.1643   0.02449   0.01531  -0.0635
  -3.500  -0.1248   0.02451   0.01530  -0.0669
  -3.250  -0.0818   0.02407   0.01485  -0.0708
  -3.000  -0.0370   0.02340   0.01413  -0.0748
  -2.750   0.0061   0.02251   0.01320  -0.0782
  -2.500   0.0483   0.02191   0.01268  -0.0816
  -2.250   0.0893   0.02149   0.01235  -0.0850
  -2.000   0.1286   0.02086   0.01210  -0.0878
  -1.750   0.1667   0.02009   0.01188  -0.0902
  -1.500   0.2039   0.01929   0.01168  -0.0921
  -1.250   0.2411   0.01855   0.01147  -0.0940
  -1.000   0.2789   0.01797   0.01127  -0.0959
  -0.750   0.3169   0.01760   0.01106  -0.0978
  -0.500   0.3546   0.01746   0.01084  -0.0997
  -0.250   0.3915   0.01752   0.01062  -0.1017
   0.000   0.4263   0.01747   0.01045  -0.1031
   0.250   0.4602   0.01738   0.01028  -0.1043
   0.500   0.4931   0.01728   0.01011  -0.1052
   0.750   0.5251   0.01718   0.00996  -0.1059
   1.000   0.5561   0.01709   0.00983  -0.1064
   1.250   0.5868   0.01699   0.00968  -0.1067
   1.500   0.6167   0.01690   0.00954  -0.1069
   1.750   0.6459   0.01683   0.00941  -0.1069
   2.000   0.6746   0.01677   0.00928  -0.1068
   2.250   0.7031   0.01674   0.00918  -0.1067
   2.500   0.7310   0.01676   0.00913  -0.1065
   2.750   0.7583   0.01683   0.00913  -0.1062
   3.000   0.7852   0.01690   0.00914  -0.1058
   3.250   0.8121   0.01694   0.00911  -0.1052
   3.500   0.8383   0.01695   0.00903  -0.1046
   3.750   0.8639   0.01694   0.00893  -0.1037
   4.000   0.8892   0.01693   0.00881  -0.1027
   4.250   0.9140   0.01694   0.00872  -0.1017
   4.500   0.9382   0.01699   0.00869  -0.1006
   4.750   0.9619   0.01710   0.00870  -0.0996
   5.000   0.9855   0.01723   0.00876  -0.0985
   5.250   1.0091   0.01740   0.00884  -0.0976
   5.500   1.0325   0.01761   0.00899  -0.0966
   5.750   1.0561   0.01784   0.00919  -0.0958
   6.000   1.0792   0.01807   0.00941  -0.0948
   6.250   1.0998   0.01831   0.00958  -0.0934
   6.500   1.1172   0.01846   0.00965  -0.0918
   6.750   1.1330   0.01875   0.00975  -0.0897
   7.000   1.1428   0.01672   0.00708  -0.0884
   7.250   1.1683   0.01855   0.00834  -0.0852
   7.750   1.1970   0.02527   0.01496  -0.0779
   8.250   1.2183   0.03792   0.02802  -0.0675
   9.750   1.2280   0.05231   0.04321  -0.0553
  10.750   1.2227   0.07065   0.06283  -0.0421
  11.500   1.1971   0.08725   0.08059  -0.0331
  11.750   1.1467   0.09919   0.09323  -0.0316
  12.500   1.0671   0.10351   0.09748  -0.0410
