Smoothened XFOIL polar
 10-point moving average applied

   alpha    CL        CD       CDp       CM
  ------ -------- --------- --------- --------
 -19.250  -0.3319   0.20736   0.20306  -0.0236
 -18.750  -0.3667   0.20775   0.20335  -0.0247
 -18.000  -0.3716   0.20576   0.20134  -0.0260
 -17.500  -0.3565   0.20215   0.19781  -0.0275
 -17.250  -0.3310   0.19772   0.19348  -0.0290
 -16.750  -0.3037   0.19404   0.18993  -0.0314
 -16.500  -0.2993   0.19092   0.18686  -0.0320
 -15.750  -0.3009   0.18815   0.18409  -0.0315
 -15.250  -0.3033   0.18372   0.17966  -0.0324
 -14.750  -0.2936   0.17953   0.17554  -0.0327
 -14.500  -0.2791   0.17420   0.17029  -0.0325
 -13.750  -0.2886   0.16788   0.16390  -0.0316
 -13.250  -0.2878   0.16203   0.15800  -0.0306
 -13.000  -0.2953   0.15792   0.15388  -0.0310
 -12.750  -0.3002   0.15447   0.15049  -0.0314
 -12.500  -0.2978   0.15419   0.15031  -0.0320
 -12.000  -0.3046   0.15038   0.14657  -0.0320
 -11.750  -0.3008   0.14685   0.14314  -0.0300
 -11.500  -0.2862   0.14660   0.14306  -0.0233
 -10.000  -0.3079   0.13508   0.13154  -0.0264
  -9.750  -0.3540   0.11535   0.11157  -0.0374
  -9.500  -0.4117   0.09213   0.08799  -0.0547
  -9.000  -0.4663   0.06920   0.06462  -0.0744
  -8.750  -0.5024   0.05058   0.04553  -0.0935
  -8.500  -0.5167   0.03568   0.03020  -0.1078
  -8.250  -0.4995   0.02939   0.02354  -0.1139
  -8.000  -0.4460   0.03324   0.02724  -0.1115
  -7.750  -0.4122   0.03161   0.02539  -0.1138
  -7.500  -0.3775   0.02987   0.02338  -0.1163
  -7.250  -0.3416   0.02834   0.02159  -0.1188
  -7.000  -0.3055   0.02707   0.02010  -0.1210
  -6.750  -0.2688   0.02590   0.01871  -0.1231
  -6.500  -0.2332   0.02488   0.01753  -0.1250
  -6.250  -0.1961   0.02396   0.01648  -0.1269
  -6.000  -0.1585   0.02315   0.01560  -0.1289
  -5.750  -0.1211   0.02243   0.01486  -0.1308
  -5.500  -0.0842   0.02176   0.01418  -0.1327
  -5.250  -0.0514   0.02119   0.01360  -0.1341
  -5.000  -0.0133   0.02058   0.01299  -0.1358
  -4.750   0.0258   0.01994   0.01236  -0.1375
  -4.500   0.0742   0.01916   0.01161  -0.1398
  -4.000   0.1284   0.01829   0.01077  -0.1424
  -3.750   0.1851   0.01740   0.00995  -0.1452
  -3.250   0.2416   0.01654   0.00916  -0.1483
  -3.000   0.2920   0.01584   0.00852  -0.1508
  -2.750   0.3344   0.01533   0.00806  -0.1530
  -2.500   0.3744   0.01488   0.00767  -0.1549
  -2.250   0.4080   0.01455   0.00739  -0.1564
  -2.000   0.4440   0.01421   0.00711  -0.1578
  -1.750   0.4784   0.01392   0.00686  -0.1589
  -1.500   0.5126   0.01365   0.00665  -0.1600
  -1.250   0.5458   0.01343   0.00648  -0.1609
  -1.000   0.5779   0.01325   0.00636  -0.1615
  -0.750   0.6094   0.01310   0.00627  -0.1620
  -0.500   0.6393   0.01299   0.00622  -0.1622
  -0.250   0.6677   0.01292   0.00619  -0.1621
   0.000   0.6952   0.01287   0.00617  -0.1618
   0.250   0.7225   0.01284   0.00615  -0.1615
   0.500   0.7467   0.01282   0.00617  -0.1611
   0.750   0.7739   0.01283   0.00622  -0.1604
   1.000   0.8022   0.01286   0.00633  -0.1592
   1.250   0.8282   0.01289   0.00644  -0.1570
   1.750   0.8528   0.01289   0.00654  -0.1543
   2.000   0.8765   0.01291   0.00661  -0.1515
   2.250   0.8994   0.01297   0.00666  -0.1491
   2.500   0.9218   0.01308   0.00670  -0.1473
   2.750   0.9430   0.01325   0.00675  -0.1464
   3.000   0.9684   0.01351   0.00684  -0.1460
   3.250   0.9941   0.01381   0.00700  -0.1457
   3.500   1.0178   0.01410   0.00718  -0.1449
   3.750   1.0414   0.01439   0.00735  -0.1441
   4.000   1.0648   0.01468   0.00754  -0.1433
   4.250   1.0881   0.01499   0.00775  -0.1425
   4.500   1.1112   0.01531   0.00797  -0.1416
   4.750   1.1343   0.01565   0.00822  -0.1408
   5.000   1.1572   0.01600   0.00848  -0.1399
   5.250   1.1796   0.01635   0.00876  -0.1389
   5.500   1.2012   0.01669   0.00905  -0.1377
   5.750   1.2219   0.01703   0.00934  -0.1364
   6.000   1.2417   0.01737   0.00963  -0.1350
   6.250   1.2606   0.01772   0.00992  -0.1334
   6.500   1.2793   0.01810   0.01025  -0.1318
   6.750   1.2980   0.01849   0.01062  -0.1302
   7.000   1.3167   0.01892   0.01103  -0.1286
   7.250   1.3348   0.01937   0.01147  -0.1270
   7.500   1.3516   0.01985   0.01194  -0.1252
   7.750   1.3667   0.02033   0.01242  -0.1231
   8.000   1.3797   0.02083   0.01289  -0.1207
   8.250   1.3912   0.02138   0.01337  -0.1181
   8.500   1.4016   0.02198   0.01392  -0.1155
   8.750   1.4122   0.02263   0.01452  -0.1129
   9.000   1.4234   0.02335   0.01517  -0.1106
   9.250   1.4351   0.02412   0.01588  -0.1085
   9.500   1.4474   0.02492   0.01664  -0.1065
   9.750   1.4598   0.02577   0.01744  -0.1046
  10.000   1.4721   0.02665   0.01830  -0.1027
  10.250   1.4843   0.02756   0.01921  -0.1010
  10.500   1.4964   0.02850   0.02017  -0.0992
  10.750   1.5085   0.02947   0.02118  -0.0976
  11.000   1.5204   0.03047   0.02222  -0.0959
  11.250   1.5316   0.03154   0.02333  -0.0943
  11.500   1.5419   0.03270   0.02451  -0.0927
  11.750   1.5505   0.03400   0.02579  -0.0910
  12.000   1.5583   0.03539   0.02718  -0.0893
  12.250   1.5649   0.03692   0.02870  -0.0877
  12.500   1.5720   0.03846   0.03025  -0.0862
  12.750   1.5797   0.04000   0.03182  -0.0848
  13.000   1.5872   0.04160   0.03345  -0.0836
  13.250   1.5942   0.04331   0.03519  -0.0824
  13.500   1.5992   0.04524   0.03713  -0.0813
  13.750   1.6029   0.04736   0.03925  -0.0802
  14.000   1.6043   0.04977   0.04163  -0.0792
  14.250   1.6041   0.05240   0.04423  -0.0783
  14.500   1.6046   0.05503   0.04684  -0.0775
  14.750   1.6044   0.05781   0.04959  -0.0769
  15.000   1.6028   0.06084   0.05260  -0.0764
  15.250   1.6001   0.06376   0.05549  -0.0760
  15.500   1.5939   0.06768   0.05938  -0.0758
  15.750   1.5846   0.07243   0.06412  -0.0758
  16.000   1.5716   0.07797   0.06966  -0.0761
  16.500   1.5604   0.08278   0.07447  -0.0763
  16.750   1.5443   0.08944   0.08117  -0.0773
  17.000   1.5251   0.09726   0.08907  -0.0791
  17.250   1.5054   0.10541   0.09731  -0.0813
  18.000   1.4879   0.11305   0.10506  -0.0839
  18.250   1.4719   0.12070   0.11281  -0.0866
  18.500   1.4586   0.12756   0.11978  -0.0894
  18.750   1.4497   0.13306   0.12538  -0.0919
  19.000   1.4465   0.13666   0.12908  -0.0939
  19.250   1.4404   0.14135   0.13389  -0.0963
  19.500   1.4347   0.14604   0.13870  -0.0989
  19.750   1.4291   0.15073   0.14353  -0.1016
  20.000   1.4236   0.15544   0.14838  -0.1045
