Smoothened XFOIL polar
 10-point moving average applied

   alpha    CL        CD       CDp       CM
  ------ -------- --------- --------- --------
 -20.000  -0.3585   0.22554   0.21989  -0.0197
 -19.500  -0.3384   0.22147   0.21595  -0.0213
 -19.250  -0.3111   0.21735   0.21201  -0.0228
 -19.000  -0.2821   0.21338   0.20823  -0.0241
 -18.750  -0.2567   0.20973   0.20474  -0.0252
 -18.250  -0.2549   0.20699   0.20195  -0.0259
 -17.750  -0.2417   0.20451   0.19955  -0.0263
 -17.500  -0.2465   0.20285   0.19785  -0.0267
 -17.250  -0.2660   0.20183   0.19667  -0.0269
 -17.000  -0.2631   0.19948   0.19433  -0.0273
 -16.750  -0.2547   0.19567   0.19055  -0.0284
 -16.250  -0.2424   0.19400   0.18899  -0.0278
 -15.750  -0.2384   0.19185   0.18688  -0.0276
 -15.500  -0.2381   0.18919   0.18419  -0.0273
 -15.250  -0.2222   0.18577   0.18094  -0.0268
 -14.750  -0.2214   0.18155   0.17678  -0.0266
 -14.000  -0.2327   0.17650   0.17176  -0.0246
 -13.250  -0.2188   0.17172   0.16703  -0.0265
 -12.750  -0.2264   0.16779   0.16310  -0.0251
 -12.500  -0.2052   0.16643   0.16190  -0.0252
 -12.250  -0.1696   0.16390   0.15945  -0.0303
 -12.000  -0.0959   0.16860   0.16429  -0.0302
 -11.500  -0.1489   0.15263   0.14813  -0.0424
 -11.000  -0.1317   0.14303   0.13851  -0.0505
 -10.750  -0.1704   0.12423   0.11950  -0.0627
  -9.500  -0.2242   0.10116   0.09607  -0.0798
  -9.000  -0.3110   0.07836   0.07288  -0.0922
  -8.500  -0.4017   0.05466   0.04868  -0.1075
  -8.250  -0.3614   0.04962   0.04364  -0.1138
  -8.000  -0.3002   0.05347   0.04757  -0.1123
  -7.750  -0.3232   0.04500   0.03897  -0.1181
  -7.500  -0.2371   0.05116   0.04518  -0.1157
  -7.250  -0.2122   0.04867   0.04251  -0.1181
  -7.000  -0.2108   0.04387   0.03741  -0.1210
  -6.750  -0.2130   0.03694   0.03013  -0.1259
  -6.500  -0.2253   0.02780   0.02057  -0.1321
  -6.250  -0.1464   0.03035   0.02311  -0.1324
  -5.750  -0.0990   0.02877   0.02144  -0.1347
  -5.500  -0.0534   0.02743   0.02000  -0.1367
  -5.250  -0.0058   0.02610   0.01857  -0.1395
  -5.000   0.0371   0.02512   0.01748  -0.1419
  -4.750   0.0735   0.02449   0.01680  -0.1438
  -4.500   0.1166   0.02374   0.01595  -0.1464
  -4.250   0.1594   0.02306   0.01519  -0.1491
  -4.000   0.1979   0.02246   0.01447  -0.1509
  -3.750   0.2337   0.02197   0.01392  -0.1522
  -3.500   0.2662   0.02153   0.01339  -0.1528
  -3.250   0.2994   0.02116   0.01297  -0.1536
  -3.000   0.3298   0.02085   0.01255  -0.1538
  -2.750   0.3582   0.02061   0.01225  -0.1536
  -2.500   0.3857   0.02039   0.01192  -0.1533
  -2.250   0.4130   0.02021   0.01167  -0.1529
  -2.000   0.4392   0.02005   0.01146  -0.1524
  -1.750   0.4656   0.01992   0.01130  -0.1519
  -1.500   0.4900   0.01984   0.01119  -0.1510
  -1.250   0.5149   0.01978   0.01110  -0.1501
  -1.000   0.5397   0.01975   0.01101  -0.1493
  -0.750   0.5644   0.01977   0.01096  -0.1484
  -0.500   0.5879   0.01979   0.01091  -0.1474
  -0.250   0.6117   0.01982   0.01089  -0.1464
   0.000   0.6356   0.01987   0.01090  -0.1455
   0.250   0.6598   0.01994   0.01092  -0.1446
   0.500   0.6828   0.02003   0.01096  -0.1435
   0.750   0.7054   0.02011   0.01101  -0.1423
   1.000   0.7280   0.02020   0.01107  -0.1411
   1.250   0.7506   0.02030   0.01115  -0.1400
   1.500   0.7733   0.02042   0.01124  -0.1388
   1.750   0.7964   0.02054   0.01134  -0.1378
   2.000   0.8195   0.02069   0.01147  -0.1368
   2.250   0.8423   0.02085   0.01161  -0.1357
   2.500   0.8641   0.02103   0.01179  -0.1345
   2.750   0.8856   0.02121   0.01198  -0.1332
   3.000   0.9070   0.02140   0.01219  -0.1319
   3.250   0.9283   0.02160   0.01241  -0.1306
   3.500   0.9499   0.02182   0.01267  -0.1293
   3.750   0.9720   0.02206   0.01293  -0.1282
   4.000   0.9934   0.02231   0.01322  -0.1269
   4.250   1.0145   0.02256   0.01353  -0.1257
   4.500   1.0357   0.02283   0.01384  -0.1244
   4.750   1.0564   0.02310   0.01418  -0.1230
   5.000   1.0781   0.02337   0.01451  -0.1219
   5.250   1.0975   0.02367   0.01490  -0.1203
   5.500   1.1139   0.02389   0.01526  -0.1180
   5.750   1.1290   0.02406   0.01556  -0.1155
   6.000   1.1443   0.02423   0.01584  -0.1131
   6.250   1.1610   0.02445   0.01610  -0.1111
   6.500   1.1793   0.02477   0.01639  -0.1095
   6.750   1.1992   0.02519   0.01674  -0.1083
   7.000   1.2210   0.02573   0.01715  -0.1077
   7.250   1.2413   0.02634   0.01767  -0.1068
   7.500   1.2592   0.02693   0.01821  -0.1054
   7.750   1.2751   0.02754   0.01881  -0.1038
   8.000   1.2915   0.02813   0.01939  -0.1023
   8.250   1.3065   0.02875   0.02002  -0.1006
   8.500   1.3233   0.02935   0.02059  -0.0992
   8.750   1.3403   0.02997   0.02118  -0.0979
   9.000   1.3571   0.03063   0.02179  -0.0966
   9.250   1.3750   0.03129   0.02239  -0.0954
   9.500   1.3908   0.03206   0.02313  -0.0941
   9.750   1.4074   0.03282   0.02384  -0.0928
  10.000   1.4228   0.03363   0.02463  -0.0915
  10.250   1.4341   0.03459   0.02562  -0.0897
  10.500   1.4473   0.03548   0.02650  -0.0882
  10.750   1.4577   0.03648   0.02753  -0.0864
  11.000   1.4660   0.03757   0.02867  -0.0845
  11.250   1.4783   0.03850   0.02959  -0.0831
  11.500   1.4899   0.03949   0.03058  -0.0816
  11.750   1.5022   0.04052   0.03161  -0.0803
  12.000   1.5153   0.04153   0.03263  -0.0791
  12.250   1.5290   0.04255   0.03365  -0.0780
  12.500   1.5418   0.04368   0.03478  -0.0769
  12.750   1.5485   0.04516   0.03632  -0.0754
  13.000   1.5612   0.04631   0.03748  -0.0743
  13.250   1.5755   0.04741   0.03855  -0.0734
  13.500   1.5832   0.04894   0.04013  -0.0722
  13.750   1.5828   0.05100   0.04230  -0.0706
  14.000   1.5878   0.05269   0.04405  -0.0693
  14.250   1.5924   0.05443   0.04585  -0.0680
  14.500   1.5891   0.05678   0.04831  -0.0665
  14.750   1.5802   0.05964   0.05133  -0.0650
  15.000   1.5776   0.06227   0.05404  -0.0641
  15.250   1.5880   0.06367   0.05545  -0.0634
  15.500   1.5965   0.06511   0.05693  -0.0625
  15.750   1.5867   0.06860   0.06055  -0.0618
  16.000   1.5680   0.07338   0.06549  -0.0618
  16.250   1.6374   0.06826   0.06026  -0.0596
  16.500   1.5313   0.07793   0.07036  -0.0568
  16.750   1.3969   0.10223   0.09514  -0.0670
  17.000   1.2099   0.13176   0.12525  -0.0775
  17.500   1.0018   0.16441   0.15855  -0.0884
  18.000   0.7913   0.19720   0.19198  -0.0975
  19.500   0.5974   0.22712   0.22250  -0.1028
