Smoothened XFOIL polar
 10-point moving average applied

   alpha    CL        CD       CDp       CM
  ------ -------- --------- --------- --------
  -7.750  -0.4391   0.03904   0.03490  -0.0764
  -6.750  -0.3477   0.02647   0.02046  -0.0882
  -6.500  -0.2828   0.01983   0.01283  -0.0955
  -6.250  -0.2375   0.01756   0.01020  -0.0994
  -6.000  -0.2050   0.01808   0.01078  -0.1011
  -5.750  -0.1791   0.01980   0.01271  -0.1015
  -5.500  -0.1431   0.01949   0.01235  -0.1037
  -5.250  -0.1081   0.01902   0.01178  -0.1056
  -5.000  -0.0731   0.01827   0.01095  -0.1075
  -4.750  -0.0359   0.01730   0.00992  -0.1097
  -4.500   0.0001   0.01632   0.00889  -0.1116
  -4.250   0.0367   0.01543   0.00800  -0.1136
  -4.000   0.0716   0.01471   0.00731  -0.1153
  -3.750   0.1061   0.01407   0.00671  -0.1168
  -3.500   0.1402   0.01351   0.00620  -0.1183
  -3.250   0.1722   0.01300   0.00575  -0.1193
  -3.000   0.2037   0.01252   0.00536  -0.1202
  -2.750   0.2355   0.01207   0.00501  -0.1211
  -2.500   0.2662   0.01169   0.00474  -0.1219
  -2.250   0.2968   0.01134   0.00451  -0.1226
  -2.000   0.3242   0.01107   0.00432  -0.1232
  -1.750   0.3561   0.01076   0.00416  -0.1239
  -1.500   0.3878   0.01037   0.00406  -0.1239
  -1.250   0.4203   0.00991   0.00399  -0.1235
  -0.750   0.4531   0.00942   0.00393  -0.1229
  -0.500   0.4852   0.00899   0.00387  -0.1222
  -0.250   0.5160   0.00867   0.00380  -0.1216
   0.000   0.5447   0.00852   0.00374  -0.1211
   0.250   0.5700   0.00856   0.00367  -0.1210
   0.500   0.5982   0.00865   0.00360  -0.1211
   0.750   0.6243   0.00877   0.00358  -0.1209
   1.000   0.6507   0.00887   0.00356  -0.1206
   1.250   0.6765   0.00899   0.00355  -0.1203
   1.500   0.7021   0.00912   0.00355  -0.1199
   1.750   0.7277   0.00926   0.00356  -0.1194
   2.000   0.7529   0.00942   0.00358  -0.1190
   2.250   0.7779   0.00959   0.00362  -0.1185
   2.500   0.8026   0.00978   0.00367  -0.1179
   2.750   0.8270   0.00999   0.00374  -0.1173
   3.000   0.8513   0.01020   0.00382  -0.1167
   3.250   0.8757   0.01043   0.00393  -0.1161
   3.500   0.9000   0.01067   0.00404  -0.1156
   3.750   0.9243   0.01091   0.00418  -0.1151
   4.000   0.9485   0.01115   0.00432  -0.1145
   4.250   0.9726   0.01140   0.00448  -0.1139
   4.500   0.9965   0.01166   0.00465  -0.1134
   4.750   1.0193   0.01186   0.00481  -0.1130
   5.000   1.0446   0.01215   0.00502  -0.1124
   5.250   1.0711   0.01254   0.00528  -0.1115
   5.500   1.0971   0.01305   0.00559  -0.1102
   6.000   1.1212   0.01371   0.00596  -0.1085
   6.250   1.1430   0.01450   0.00641  -0.1066
   6.500   1.1617   0.01539   0.00693  -0.1046
   6.750   1.1783   0.01611   0.00731  -0.1032
   7.000   1.1924   0.01702   0.00794  -0.1013
   7.250   1.2077   0.01819   0.00887  -0.0987
   7.500   1.2223   0.01948   0.01003  -0.0957
   8.000   1.2361   0.02085   0.01134  -0.0922
   8.250   1.2489   0.02222   0.01275  -0.0887
   8.500   1.2607   0.02353   0.01418  -0.0853
   8.750   1.2711   0.02475   0.01555  -0.0823
   9.000   1.2803   0.02558   0.01655  -0.0803
   9.250   1.2876   0.02686   0.01796  -0.0776
   9.500   1.2928   0.02864   0.01986  -0.0745
   9.750   1.2954   0.03111   0.02248  -0.0707
  10.250   1.2952   0.03449   0.02601  -0.0660
