Smoothened XFOIL polar
 10-point moving average applied

   alpha    CL        CD       CDp       CM
  ------ -------- --------- --------- --------
 -20.000  -0.6231   0.24471   0.23547   0.0245
 -19.000  -0.6247   0.24076   0.23144   0.0221
 -18.750  -0.6067   0.23415   0.22486   0.0183
 -18.250  -0.5750   0.22574   0.21657   0.0135
 -17.250  -0.5358   0.21641   0.20739   0.0080
 -17.000  -0.5096   0.21020   0.20127   0.0034
 -16.000  -0.4631   0.19982   0.19110  -0.0040
 -15.000  -0.4289   0.18895   0.18038  -0.0108
 -14.750  -0.3940   0.17727   0.16885  -0.0167
 -12.250  -0.3612   0.16550   0.15724  -0.0217
 -12.000  -0.3393   0.15700   0.14887  -0.0249
 -11.750  -0.3400   0.15106   0.14296  -0.0256
 -11.500  -0.3256   0.14508   0.13707  -0.0278
 -11.250  -0.3372   0.14400   0.13597  -0.0270
 -11.000  -0.3287   0.14013   0.13218  -0.0280
 -10.500  -0.3321   0.13634   0.12841  -0.0281
 -10.250  -0.3256   0.13253   0.12469  -0.0288
 -10.000  -0.3112   0.12873   0.12103  -0.0297
  -9.750  -0.2988   0.12404   0.11650  -0.0305
  -9.250  -0.3047   0.11916   0.11174  -0.0304
  -8.750  -0.3165   0.11293   0.10559  -0.0294
  -8.000  -0.3271   0.10713   0.09990  -0.0282
  -7.750  -0.3391   0.10214   0.09502  -0.0265
  -7.500  -0.3528   0.09893   0.09192  -0.0248
  -7.250  -0.3636   0.09662   0.08973  -0.0232
  -7.000  -0.3686   0.09496   0.08819  -0.0218
  -6.750  -0.3749   0.09299   0.08632  -0.0204
  -6.500  -0.3879   0.09207   0.08566  -0.0167
  -6.250  -0.3920   0.08746   0.08115  -0.0173
  -6.000  -0.3869   0.07924   0.07271  -0.0223
  -5.250  -0.3707   0.06827   0.06120  -0.0305
  -5.000  -0.3483   0.05739   0.04975  -0.0392
  -4.750  -0.3252   0.04841   0.04033  -0.0466
  -4.500  -0.3004   0.04203   0.03358  -0.0521
  -4.250  -0.2767   0.03932   0.03062  -0.0543
  -4.000  -0.2580   0.03959   0.03086  -0.0519
  -3.750  -0.2345   0.03857   0.02967  -0.0521
  -3.500  -0.2066   0.03647   0.02717  -0.0535
  -3.250  -0.1753   0.03377   0.02394  -0.0556
  -3.000  -0.1467   0.03201   0.02180  -0.0569
  -2.750  -0.1214   0.03102   0.02059  -0.0574
  -2.500  -0.0967   0.03020   0.01959  -0.0578
  -2.250  -0.0727   0.02954   0.01883  -0.0581
  -2.000  -0.0493   0.02904   0.01826  -0.0583
  -1.750  -0.0239   0.02869   0.01779  -0.0591
  -1.500   0.0005   0.02807   0.01753  -0.0592
  -1.250   0.0208   0.02731   0.01732  -0.0585
  -1.000   0.0402   0.02665   0.01722  -0.0577
  -0.750   0.0631   0.02625   0.01727  -0.0577
  -0.500   0.0925   0.02628   0.01752  -0.0591
  -0.250   0.1278   0.02679   0.01799  -0.0620
   0.000   0.1692   0.02776   0.01863  -0.0663
   0.250   0.2168   0.02905   0.01941  -0.0719
   0.500   0.2630   0.03006   0.02026  -0.0768
   0.750   0.3036   0.03096   0.02102  -0.0807
   1.000   0.3415   0.03180   0.02176  -0.0839
   1.250   0.3768   0.03262   0.02250  -0.0866
   1.500   0.4110   0.03343   0.02326  -0.0889
   1.750   0.4450   0.03421   0.02401  -0.0912
   2.000   0.4768   0.03503   0.02480  -0.0930
   2.250   0.5078   0.03587   0.02562  -0.0945
   2.500   0.5383   0.03666   0.02639  -0.0959
   2.750   0.5678   0.03745   0.02716  -0.0971
   3.000   0.5964   0.03826   0.02795  -0.0980
   3.250   0.6237   0.03908   0.02876  -0.0987
   3.500   0.6521   0.03986   0.02953  -0.0995
   3.750   0.6798   0.04071   0.03039  -0.1001
   4.000   0.7044   0.04167   0.03136  -0.1003
   4.250   0.7280   0.04268   0.03240  -0.1004
   4.500   0.7547   0.04352   0.03327  -0.1007
   4.750   0.7777   0.04455   0.03433  -0.1005
   5.000   0.7995   0.04564   0.03546  -0.1002
   5.250   0.8210   0.04677   0.03665  -0.0999
   5.500   0.8450   0.04773   0.03768  -0.0996
   5.750   0.8780   0.04758   0.03761  -0.0992
   6.000   0.9176   0.04642   0.03655  -0.0984
   6.250   0.9651   0.04410   0.03432  -0.0974
   6.500   1.0193   0.04090   0.03119  -0.0964
   6.750   1.0695   0.03785   0.02820  -0.0949
   7.000   1.1146   0.03521   0.02561  -0.0933
   7.250   1.1893   0.01807   0.00823  -0.0911
   7.500   1.2276   0.01195   0.00198  -0.0884
   7.750   1.1994   0.02814   0.01831  -0.0847
   8.000   1.0734   0.07826   0.06901  -0.0798
  16.000   0.8186   0.17396   0.16588  -0.0731
