Smoothened XFOIL polar
 10-point moving average applied

   alpha    CL        CD       CDp       CM
  ------ -------- --------- --------- --------
 -20.000  -0.4240   0.22631   0.21978  -0.0209
 -19.750  -0.4077   0.22147   0.21503  -0.0222
 -19.500  -0.3992   0.21605   0.20962  -0.0233
 -18.250  -0.3939   0.21036   0.20390  -0.0244
 -17.500  -0.3871   0.20468   0.19823  -0.0256
 -17.250  -0.3740   0.20151   0.19515  -0.0272
 -16.250  -0.3352   0.19417   0.18806  -0.0306
 -15.750  -0.3054   0.18959   0.18368  -0.0318
 -15.000  -0.2898   0.18569   0.17992  -0.0332
 -14.500  -0.2796   0.18065   0.17493  -0.0337
 -14.250  -0.2825   0.17636   0.17060  -0.0339
 -14.000  -0.2977   0.16944   0.16360  -0.0340
 -13.250  -0.2937   0.16257   0.15682  -0.0333
 -12.500  -0.2955   0.15511   0.14949  -0.0331
 -11.250  -0.3012   0.14730   0.14178  -0.0319
 -10.250  -0.2908   0.14120   0.13587  -0.0300
 -10.000  -0.2929   0.13609   0.13084  -0.0285
  -9.750  -0.2961   0.13180   0.12655  -0.0272
  -9.500  -0.2965   0.12928   0.12407  -0.0253
  -9.250  -0.3092   0.12573   0.12057  -0.0237
  -8.750  -0.3147   0.12332   0.11830  -0.0216
  -8.000  -0.3235   0.12519   0.12040  -0.0132
  -7.750  -0.3371   0.11732   0.11248  -0.0166
  -7.500  -0.3530   0.10510   0.10014  -0.0259
  -7.250  -0.3678   0.09580   0.09094  -0.0343
  -6.250  -0.3710   0.08245   0.07737  -0.0486
  -6.000  -0.3574   0.06826   0.06270  -0.0649
  -5.750  -0.3369   0.05483   0.04861  -0.0806
  -5.500  -0.2960   0.04653   0.03965  -0.0923
  -5.250  -0.2488   0.04502   0.03756  -0.0953
  -5.000  -0.2112   0.03642   0.02824  -0.1063
  -4.750  -0.1712   0.03248   0.02393  -0.1126
  -4.500  -0.1309   0.03457   0.02611  -0.1122
  -4.250  -0.0908   0.03392   0.02540  -0.1149
  -4.000  -0.0549   0.03321   0.02459  -0.1173
  -3.750  -0.0127   0.03248   0.02381  -0.1198
  -3.500   0.0344   0.03167   0.02297  -0.1226
  -3.250   0.0823   0.03092   0.02220  -0.1251
  -2.750   0.1295   0.03024   0.02154  -0.1273
  -2.500   0.1777   0.02954   0.02088  -0.1298
  -2.250   0.2229   0.02889   0.02028  -0.1319
  -2.000   0.2619   0.02835   0.01981  -0.1334
  -1.750   0.2958   0.02780   0.01934  -0.1347
  -1.500   0.3350   0.02711   0.01875  -0.1363
  -1.250   0.3728   0.02643   0.01818  -0.1376
  -1.000   0.4126   0.02566   0.01756  -0.1392
  -0.750   0.4541   0.02482   0.01689  -0.1411
  -0.500   0.4971   0.02393   0.01619  -0.1431
  -0.250   0.5398   0.02308   0.01554  -0.1451
   0.000   0.5807   0.02231   0.01496  -0.1467
   0.250   0.6226   0.02153   0.01434  -0.1484
   0.500   0.6605   0.02088   0.01385  -0.1493
   0.750   0.6896   0.02040   0.01352  -0.1484
   1.000   0.7176   0.01986   0.01314  -0.1470
   1.250   0.7436   0.01942   0.01280  -0.1454
   1.500   0.7705   0.01908   0.01246  -0.1443
   1.750   0.7991   0.01885   0.01215  -0.1437
   2.000   0.8308   0.01873   0.01187  -0.1441
   2.250   0.8657   0.01871   0.01164  -0.1453
   2.500   0.8998   0.01886   0.01156  -0.1465
   2.750   0.9297   0.01910   0.01160  -0.1469
   3.000   0.9584   0.01933   0.01166  -0.1469
   3.250   0.9860   0.01958   0.01176  -0.1467
   3.500   1.0135   0.01985   0.01187  -0.1465
   3.750   1.0396   0.02015   0.01202  -0.1461
   4.000   1.0658   0.02044   0.01217  -0.1456
   4.250   1.0914   0.02076   0.01234  -0.1450
   4.500   1.1165   0.02110   0.01255  -0.1444
   4.750   1.1405   0.02148   0.01282  -0.1436
   5.000   1.1636   0.02189   0.01314  -0.1427
   5.250   1.1873   0.02228   0.01345  -0.1419
   5.500   1.2109   0.02271   0.01379  -0.1411
   5.750   1.2347   0.02315   0.01415  -0.1403
   6.000   1.2590   0.02360   0.01449  -0.1397
   6.250   1.2833   0.02408   0.01490  -0.1391
   6.500   1.3072   0.02458   0.01537  -0.1384
   6.750   1.3302   0.02511   0.01590  -0.1376
   7.000   1.3522   0.02564   0.01646  -0.1366
   7.250   1.3729   0.02618   0.01703  -0.1353
   7.500   1.3931   0.02670   0.01757  -0.1340
   7.750   1.4130   0.02721   0.01806  -0.1327
   8.000   1.4326   0.02774   0.01851  -0.1313
   8.250   1.4518   0.02828   0.01900  -0.1299
   8.500   1.4710   0.02886   0.01953  -0.1285
   8.750   1.4899   0.02948   0.02010  -0.1271
   9.000   1.5075   0.03012   0.02070  -0.1255
   9.250   1.5225   0.03076   0.02130  -0.1234
   9.500   1.5326   0.03131   0.02181  -0.1206
   9.750   1.5408   0.03192   0.02242  -0.1174
  10.000   1.5476   0.03257   0.02310  -0.1141
  10.250   1.5528   0.03325   0.02385  -0.1106
  10.500   1.5575   0.03400   0.02467  -0.1071
  10.750   1.5616   0.03483   0.02557  -0.1037
  11.000   1.5649   0.03571   0.02648  -0.1005
  11.250   1.5664   0.03663   0.02740  -0.0971
  11.500   1.5646   0.03760   0.02834  -0.0934
  11.750   1.5628   0.03880   0.02955  -0.0901
  12.000   1.5612   0.04018   0.03095  -0.0871
  12.250   1.5606   0.04166   0.03245  -0.0844
  12.500   1.5606   0.04328   0.03412  -0.0820
  12.750   1.5622   0.04492   0.03580  -0.0799
  13.000   1.5641   0.04666   0.03759  -0.0780
  13.250   1.5666   0.04845   0.03941  -0.0764
  13.500   1.5685   0.05037   0.04138  -0.0748
  13.750   1.5692   0.05246   0.04355  -0.0734
  14.000   1.5680   0.05479   0.04597  -0.0721
  14.250   1.5659   0.05729   0.04855  -0.0710
  14.500   1.5624   0.06003   0.05137  -0.0701
  14.750   1.5596   0.06280   0.05417  -0.0694
  15.000   1.5558   0.06581   0.05724  -0.0689
  15.250   1.5536   0.06843   0.05989  -0.0684
  15.500   1.5505   0.07149   0.06301  -0.0681
  15.750   1.5476   0.07420   0.06582  -0.0677
  16.000   1.5389   0.08013   0.07191  -0.0684
  16.500   1.5247   0.08869   0.08066  -0.0703
  17.000   1.5069   0.10029   0.09250  -0.0738
  18.250   1.4875   0.11337   0.10584  -0.0785
  18.750   1.4662   0.12755   0.12031  -0.0844
  19.500   1.4465   0.14001   0.13303  -0.0903
  19.750   1.4306   0.14894   0.14219  -0.0955
  20.000   1.4206   0.15254   0.14596  -0.0993
