Smoothened XFOIL polar
 10-point moving average applied

   alpha    CL        CD       CDp       CM
  ------ -------- --------- --------- --------
 -19.500  -0.3016   0.20688   0.20321  -0.0273
 -19.250  -0.3697   0.20773   0.20379  -0.0227
 -19.000  -0.4102   0.20737   0.20325  -0.0203
 -18.750  -0.4276   0.20593   0.20175  -0.0198
 -18.500  -0.4262   0.20358   0.19940  -0.0207
 -18.250  -0.4074   0.20110   0.19700  -0.0223
 -17.500  -0.3780   0.19696   0.19297  -0.0247
 -17.250  -0.3634   0.19184   0.18792  -0.0270
 -16.250  -0.3476   0.18644   0.18262  -0.0290
 -15.750  -0.3464   0.17887   0.17507  -0.0301
 -14.250  -0.3158   0.17092   0.16727  -0.0316
 -13.750  -0.3015   0.16426   0.16069  -0.0316
 -13.000  -0.3017   0.15958   0.15607  -0.0312
 -12.750  -0.2975   0.15509   0.15165  -0.0323
 -12.500  -0.3103   0.15102   0.14759  -0.0322
 -12.000  -0.2815   0.15584   0.15256  -0.0271
 -11.750  -0.3389   0.13947   0.13610  -0.0362
 -11.250  -0.3584   0.13202   0.12871  -0.0354
 -11.000  -0.4038   0.11571   0.11220  -0.0421
 -10.250  -0.4648   0.09558   0.09186  -0.0533
 -10.000  -0.5199   0.07509   0.07115  -0.0673
  -9.750  -0.5621   0.05664   0.05240  -0.0826
  -9.500  -0.5666   0.04459   0.04006  -0.0947
  -9.000  -0.5250   0.04273   0.03795  -0.1004
  -8.750  -0.5363   0.02841   0.02324  -0.1140
  -8.500  -0.4691   0.03392   0.02860  -0.1111
  -8.250  -0.4381   0.03106   0.02540  -0.1145
  -8.000  -0.4095   0.02908   0.02324  -0.1168
  -7.750  -0.3767   0.02776   0.02180  -0.1188
  -7.500  -0.3426   0.02680   0.02072  -0.1207
  -7.250  -0.3072   0.02566   0.01939  -0.1228
  -7.000  -0.2722   0.02454   0.01805  -0.1247
  -6.750  -0.2365   0.02336   0.01663  -0.1266
  -6.500  -0.1992   0.02217   0.01524  -0.1288
  -6.250  -0.1629   0.02113   0.01404  -0.1306
  -6.000  -0.1262   0.02019   0.01300  -0.1325
  -5.750  -0.0890   0.01935   0.01212  -0.1345
  -5.500  -0.0532   0.01862   0.01142  -0.1361
  -5.250  -0.0172   0.01794   0.01076  -0.1378
  -5.000   0.0192   0.01735   0.01019  -0.1395
  -4.750   0.0548   0.01678   0.00963  -0.1410
  -4.500   0.0922   0.01620   0.00908  -0.1429
  -4.250   0.1249   0.01572   0.00862  -0.1443
  -4.000   0.1635   0.01518   0.00812  -0.1461
  -3.750   0.2089   0.01458   0.00756  -0.1485
  -3.500   0.2557   0.01400   0.00704  -0.1509
  -3.000   0.3029   0.01347   0.00656  -0.1533
  -2.750   0.3500   0.01297   0.00612  -0.1558
  -2.500   0.3924   0.01257   0.00577  -0.1577
  -2.250   0.4302   0.01224   0.00550  -0.1592
  -2.000   0.4598   0.01204   0.00535  -0.1600
  -1.750   0.4916   0.01184   0.00520  -0.1607
  -1.500   0.5234   0.01165   0.00505  -0.1614
  -1.250   0.5541   0.01150   0.00494  -0.1618
  -1.000   0.5839   0.01137   0.00488  -0.1621
  -0.750   0.6132   0.01127   0.00484  -0.1622
  -0.500   0.6419   0.01119   0.00482  -0.1623
  -0.250   0.6698   0.01114   0.00483  -0.1621
   0.000   0.6967   0.01109   0.00486  -0.1618
   0.250   0.7229   0.01107   0.00489  -0.1613
   0.500   0.7483   0.01107   0.00494  -0.1607
   0.750   0.7732   0.01107   0.00501  -0.1599
   1.000   0.7965   0.01111   0.00511  -0.1587
   1.250   0.8173   0.01110   0.00520  -0.1568
   1.500   0.8368   0.01110   0.00526  -0.1547
   1.750   0.8561   0.01111   0.00530  -0.1525
   2.000   0.8763   0.01117   0.00533  -0.1506
   2.250   0.8982   0.01129   0.00537  -0.1492
   2.500   0.9219   0.01147   0.00543  -0.1483
   2.750   0.9473   0.01172   0.00553  -0.1478
   3.000   0.9727   0.01201   0.00568  -0.1474
   3.250   0.9969   0.01227   0.00583  -0.1467
   3.500   1.0206   0.01253   0.00599  -0.1460
   3.750   1.0441   0.01280   0.00615  -0.1451
   4.000   1.0671   0.01308   0.00633  -0.1442
   4.250   1.0900   0.01337   0.00653  -0.1433
   4.500   1.1127   0.01368   0.00674  -0.1424
   4.750   1.1352   0.01400   0.00697  -0.1414
   5.000   1.1573   0.01432   0.00721  -0.1403
   5.250   1.1787   0.01462   0.00746  -0.1392
   5.500   1.1992   0.01492   0.00770  -0.1378
   5.750   1.2190   0.01523   0.00795  -0.1363
   6.000   1.2382   0.01556   0.00822  -0.1348
   6.250   1.2583   0.01590   0.00850  -0.1334
   6.500   1.2772   0.01629   0.00884  -0.1318
   6.750   1.2939   0.01674   0.00923  -0.1299
   7.000   1.3089   0.01724   0.00966  -0.1277
   7.250   1.3226   0.01777   0.01012  -0.1254
   7.500   1.3356   0.01834   0.01060  -0.1230
   7.750   1.3486   0.01895   0.01110  -0.1207
   8.000   1.3626   0.01957   0.01162  -0.1186
   8.250   1.3783   0.02021   0.01216  -0.1169
   8.500   1.3937   0.02086   0.01275  -0.1151
   8.750   1.4084   0.02156   0.01337  -0.1133
   9.000   1.4225   0.02230   0.01404  -0.1114
   9.250   1.4358   0.02311   0.01478  -0.1095
   9.500   1.4484   0.02397   0.01556  -0.1076
   9.750   1.4610   0.02485   0.01638  -0.1058
  10.000   1.4746   0.02568   0.01720  -0.1041
  10.250   1.4877   0.02656   0.01809  -0.1024
  10.500   1.5005   0.02749   0.01902  -0.1007
  10.750   1.5127   0.02847   0.02002  -0.0991
  11.000   1.5237   0.02955   0.02110  -0.0974
  11.250   1.5331   0.03078   0.02229  -0.0956
  11.500   1.5415   0.03209   0.02355  -0.0938
  11.750   1.5487   0.03354   0.02494  -0.0920
  12.000   1.5544   0.03516   0.02649  -0.0902
  12.250   1.5585   0.03672   0.02797  -0.0885
  12.500   1.5604   0.03890   0.03005  -0.0866
  12.750   1.5582   0.04188   0.03292  -0.0846
  13.000   1.5528   0.04546   0.03640  -0.0826
  13.500   1.5439   0.04964   0.04048  -0.0808
  13.750   1.5354   0.05387   0.04463  -0.0793
  14.000   1.5279   0.05797   0.04870  -0.0782
  14.250   1.5226   0.06168   0.05243  -0.0775
  14.500   1.5209   0.06472   0.05556  -0.0772
  14.750   1.5211   0.06783   0.05881  -0.0770
  15.000   1.5206   0.07110   0.06224  -0.0769
  15.250   1.5195   0.07449   0.06579  -0.0769
  15.500   1.5163   0.07819   0.06963  -0.0771
  15.750   1.5131   0.08195   0.07352  -0.0774
  16.000   1.5093   0.08585   0.07755  -0.0779
  16.250   1.5053   0.08984   0.08169  -0.0785
  16.500   1.5008   0.09394   0.08594  -0.0793
  16.750   1.4960   0.09815   0.09030  -0.0802
  17.000   1.4909   0.10246   0.09476  -0.0813
  17.250   1.4854   0.10687   0.09932  -0.0826
  17.500   1.4797   0.11136   0.10397  -0.0840
  17.750   1.4736   0.11595   0.10871  -0.0856
  18.000   1.4673   0.12064   0.11355  -0.0875
  18.250   1.4609   0.12540   0.11847  -0.0895
  18.500   1.4540   0.13028   0.12349  -0.0917
  18.750   1.4473   0.13518   0.12854  -0.0941
  19.000   1.4406   0.14010   0.13361  -0.0967
  19.250   1.4342   0.14503   0.13869  -0.0994
  19.500   1.4280   0.14995   0.14376  -0.1022
  19.750   1.4222   0.15484   0.14879  -0.1051
  20.000   1.4169   0.15967   0.15377  -0.1081
