Smoothened XFOIL polar
 10-point moving average applied

   alpha    CL        CD       CDp       CM
  ------ -------- --------- --------- --------
  -8.500  -0.3247   0.08725   0.08370  -0.0406
  -6.000  -0.2692   0.04256   0.03697  -0.0711
  -5.750  -0.2225   0.01797   0.01115  -0.0880
  -5.500  -0.1826   0.00844   0.00100  -0.0947
  -5.250  -0.1469   0.00890   0.00127  -0.0949
  -5.000  -0.1139   0.01407   0.00648  -0.0921
  -4.750  -0.0760   0.01409   0.00657  -0.0944
  -4.500  -0.0400   0.01400   0.00651  -0.0965
  -4.250  -0.0046   0.01390   0.00646  -0.0985
  -4.000   0.0302   0.01368   0.00629  -0.1004
  -3.750   0.0627   0.01335   0.00598  -0.1017
  -3.500   0.0944   0.01295   0.00563  -0.1028
  -3.250   0.1249   0.01254   0.00526  -0.1036
  -3.000   0.1515   0.01211   0.00489  -0.1040
  -2.750   0.1823   0.01170   0.00456  -0.1045
  -2.500   0.2150   0.01132   0.00430  -0.1048
  -2.250   0.2496   0.01094   0.00404  -0.1051
  -1.750   0.2845   0.01057   0.00384  -0.1054
  -1.500   0.3151   0.01012   0.00371  -0.1049
  -1.250   0.3405   0.00959   0.00364  -0.1046
  -1.000   0.3716   0.00909   0.00357  -0.1043
  -0.750   0.4049   0.00869   0.00351  -0.1040
  -0.500   0.4450   0.00838   0.00341  -0.1038
   0.250   0.4868   0.00824   0.00331  -0.1037
   0.500   0.5276   0.00828   0.00322  -0.1037
   0.750   0.5643   0.00841   0.00316  -0.1038
   1.000   0.5918   0.00854   0.00314  -0.1032
   1.250   0.6127   0.00864   0.00315  -0.1029
   1.500   0.6379   0.00876   0.00315  -0.1024
   1.750   0.6628   0.00889   0.00314  -0.1020
   2.000   0.6874   0.00904   0.00314  -0.1014
   2.250   0.7118   0.00922   0.00314  -0.1008
   2.500   0.7362   0.00941   0.00317  -0.1003
   2.750   0.7606   0.00962   0.00323  -0.0998
   3.000   0.7852   0.00984   0.00332  -0.0993
   3.250   0.8101   0.01005   0.00342  -0.0989
   3.500   0.8349   0.01027   0.00354  -0.0985
   3.750   0.8597   0.01050   0.00368  -0.0982
   4.000   0.8844   0.01073   0.00382  -0.0978
   4.250   0.9088   0.01098   0.00397  -0.0974
   4.500   0.9320   0.01115   0.00410  -0.0971
   4.750   0.9586   0.01135   0.00426  -0.0968
   5.000   0.9851   0.01179   0.00451  -0.0960
   5.250   1.0100   0.01252   0.00491  -0.0947
   5.750   1.0328   0.01349   0.00544  -0.0930
   6.000   1.0530   0.01465   0.00608  -0.0911
   6.250   1.0715   0.01583   0.00676  -0.0893
   6.500   1.0886   0.01689   0.00743  -0.0876
   6.750   1.1057   0.01806   0.00837  -0.0870
   7.000   1.1267   0.01874   0.00896  -0.0863
   7.250   1.1471   0.01877   0.00895  -0.0849
   7.500   1.1653   0.01792   0.00807  -0.0823
   8.000   1.1801   0.01596   0.00602  -0.0779
