Smoothened XFOIL polar
 10-point moving average applied

   alpha    CL        CD       CDp       CM
  ------ -------- --------- --------- --------
 -19.000  -0.6030   0.23661   0.22738   0.0191
 -18.750  -0.5910   0.23146   0.22226   0.0162
 -17.250  -0.5610   0.22306   0.21396   0.0109
 -17.000  -0.5185   0.21236   0.20341   0.0040
 -16.500  -0.4694   0.20032   0.19156  -0.0036
 -15.000  -0.4187   0.18718   0.17862  -0.0109
 -14.000  -0.3783   0.17734   0.16897  -0.0172
 -12.750  -0.3394   0.16761   0.15945  -0.0231
 -12.500  -0.3235   0.15984   0.15176  -0.0256
 -12.250  -0.3403   0.15579   0.14766  -0.0251
 -12.000  -0.3282   0.15149   0.14346  -0.0271
 -11.500  -0.3450   0.14744   0.13933  -0.0259
 -11.000  -0.3454   0.14238   0.13429  -0.0262
 -10.750  -0.3375   0.13741   0.12940  -0.0267
 -10.500  -0.3279   0.13387   0.12596  -0.0279
 -10.250  -0.3133   0.13143   0.12367  -0.0293
 -10.000  -0.3034   0.12872   0.12107  -0.0299
  -9.750  -0.3089   0.12579   0.11817  -0.0302
  -9.500  -0.3042   0.12273   0.11519  -0.0306
  -9.250  -0.3112   0.11965   0.11214  -0.0303
  -9.000  -0.3112   0.11648   0.10904  -0.0301
  -8.750  -0.3111   0.11350   0.10616  -0.0297
  -8.500  -0.3121   0.11091   0.10368  -0.0294
  -8.250  -0.3077   0.10819   0.10110  -0.0288
  -8.000  -0.3079   0.10560   0.09864  -0.0278
  -7.750  -0.3215   0.10280   0.09589  -0.0265
  -7.500  -0.3329   0.09996   0.09309  -0.0248
  -7.250  -0.3497   0.09760   0.09080  -0.0233
  -7.000  -0.3636   0.09498   0.08824  -0.0218
  -6.750  -0.3796   0.09444   0.08785  -0.0183
  -6.500  -0.3881   0.09110   0.08460  -0.0182
  -6.250  -0.3872   0.08517   0.07872  -0.0213
  -6.000  -0.3801   0.07604   0.06930  -0.0278
  -5.250  -0.3636   0.06479   0.05750  -0.0365
  -5.000  -0.3411   0.05409   0.04620  -0.0448
  -4.750  -0.3195   0.04593   0.03764  -0.0509
  -4.500  -0.2975   0.04101   0.03244  -0.0538
  -4.250  -0.2781   0.04039   0.03170  -0.0524
  -4.000  -0.2570   0.03941   0.03063  -0.0522
  -3.750  -0.2339   0.03849   0.02956  -0.0523
  -3.500  -0.2063   0.03646   0.02715  -0.0536
  -3.250  -0.1754   0.03382   0.02401  -0.0555
  -3.000  -0.1464   0.03200   0.02179  -0.0569
  -2.750  -0.1211   0.03101   0.02058  -0.0574
  -2.500  -0.0963   0.03018   0.01958  -0.0578
  -2.250  -0.0724   0.02953   0.01882  -0.0581
  -2.000  -0.0490   0.02902   0.01825  -0.0583
  -1.750  -0.0235   0.02867   0.01777  -0.0591
  -1.500   0.0009   0.02805   0.01751  -0.0592
  -1.250   0.0212   0.02729   0.01730  -0.0585
  -1.000   0.0406   0.02662   0.01720  -0.0577
  -0.750   0.0633   0.02623   0.01724  -0.0577
  -0.500   0.0924   0.02625   0.01749  -0.0591
  -0.250   0.1277   0.02676   0.01795  -0.0619
   0.000   0.1688   0.02773   0.01860  -0.0662
   0.250   0.2166   0.02902   0.01938  -0.0719
   0.500   0.2629   0.03004   0.02023  -0.0768
   0.750   0.3037   0.03094   0.02100  -0.0807
   1.000   0.3417   0.03178   0.02174  -0.0839
   1.250   0.3772   0.03260   0.02248  -0.0866
   1.500   0.4114   0.03341   0.02324  -0.0890
   1.750   0.4452   0.03419   0.02399  -0.0912
   2.000   0.4769   0.03501   0.02478  -0.0929
   2.250   0.5076   0.03585   0.02561  -0.0945
   2.500   0.5385   0.03664   0.02637  -0.0960
   2.750   0.5681   0.03743   0.02714  -0.0971
   3.000   0.5970   0.03823   0.02792  -0.0981
   3.250   0.6241   0.03906   0.02874  -0.0988
   3.500   0.6529   0.03982   0.02949  -0.0995
   3.750   0.6809   0.04065   0.03033  -0.1002
   4.000   0.7056   0.04161   0.03130  -0.1005
   4.250   0.7289   0.04263   0.03234  -0.1005
   4.500   0.7556   0.04347   0.03322  -0.1008
   4.750   0.7784   0.04451   0.03429  -0.1006
   5.000   0.7998   0.04562   0.03545  -0.1003
   5.250   0.8209   0.04676   0.03664  -0.0999
   5.500   0.8453   0.04770   0.03765  -0.0997
   5.750   0.8789   0.04748   0.03752  -0.0993
   6.000   0.9190   0.04628   0.03641  -0.0985
   6.250   0.9668   0.04394   0.03416  -0.0975
   6.500   1.0207   0.04074   0.03103  -0.0964
   6.750   1.0707   0.03771   0.02806  -0.0950
   7.000   1.1184   0.03544   0.02581  -0.0938
   7.250   1.1476   0.03303   0.02345  -0.0907
   7.500   1.1846   0.01778   0.00798  -0.0852
   7.750   1.2037   0.01170   0.00175  -0.0802
   8.000   1.1911   0.02622   0.01629  -0.0776
   8.250   1.1341   0.07231   0.06268  -0.0790
  15.250   1.0200   0.16097   0.15202  -0.0862
