Smoothened XFOIL polar
 10-point moving average applied

   alpha    CL        CD       CDp       CM
  ------ -------- --------- --------- --------
 -12.250  -0.3314   0.15443   0.14958  -0.0230
 -11.750  -0.3352   0.13015   0.12536  -0.0309
  -9.500  -0.3395   0.11349   0.10885  -0.0331
  -8.500  -0.3443   0.10265   0.09821  -0.0317
  -7.750  -0.3494   0.09581   0.09159  -0.0285
  -7.500  -0.3567   0.09214   0.08839  -0.0251
  -7.250  -0.3675   0.08663   0.08290  -0.0257
  -6.750  -0.3684   0.07563   0.07150  -0.0317
  -6.000  -0.3513   0.06056   0.05561  -0.0423
  -5.500  -0.3183   0.04396   0.03794  -0.0544
  -5.250  -0.2672   0.02937   0.02226  -0.0660
  -4.750  -0.2074   0.01961   0.01158  -0.0750
  -4.500  -0.1588   0.01645   0.00786  -0.0787
  -4.250  -0.1119   0.01875   0.01019  -0.0799
  -4.000  -0.0704   0.01887   0.01032  -0.0829
  -3.750  -0.0362   0.01921   0.01070  -0.0855
  -3.500   0.0020   0.01878   0.01029  -0.0881
  -3.250   0.0393   0.01821   0.00978  -0.0905
  -3.000   0.0775   0.01751   0.00916  -0.0929
  -2.750   0.1156   0.01685   0.00862  -0.0954
  -2.500   0.1523   0.01630   0.00823  -0.0976
  -2.250   0.1898   0.01581   0.00789  -0.1000
  -2.000   0.2236   0.01524   0.00764  -0.1016
  -1.750   0.2568   0.01455   0.00742  -0.1029
  -1.500   0.2896   0.01381   0.00720  -0.1039
  -1.250   0.3220   0.01311   0.00698  -0.1046
  -1.000   0.3551   0.01250   0.00673  -0.1053
  -0.750   0.3875   0.01207   0.00649  -0.1059
  -0.500   0.4189   0.01185   0.00626  -0.1063
  -0.250   0.4494   0.01181   0.00604  -0.1068
   0.000   0.4764   0.01180   0.00589  -0.1066
   0.250   0.5033   0.01177   0.00578  -0.1064
   0.500   0.5301   0.01175   0.00569  -0.1061
   0.750   0.5570   0.01174   0.00560  -0.1059
   1.000   0.5840   0.01173   0.00552  -0.1057
   1.250   0.6111   0.01174   0.00544  -0.1055
   1.500   0.6381   0.01178   0.00538  -0.1053
   1.750   0.6648   0.01185   0.00536  -0.1051
   2.000   0.6910   0.01194   0.00535  -0.1047
   2.250   0.7167   0.01203   0.00535  -0.1042
   2.500   0.7421   0.01212   0.00532  -0.1036
   2.750   0.7669   0.01221   0.00529  -0.1029
   3.000   0.7914   0.01231   0.00525  -0.1021
   3.250   0.8156   0.01241   0.00521  -0.1013
   3.500   0.8397   0.01255   0.00520  -0.1005
   3.750   0.8637   0.01271   0.00525  -0.0997
   4.000   0.8877   0.01292   0.00533  -0.0990
   4.250   0.9118   0.01314   0.00545  -0.0983
   4.500   0.9359   0.01338   0.00561  -0.0977
   4.750   0.9601   0.01363   0.00580  -0.0972
   5.000   0.9842   0.01389   0.00601  -0.0966
   5.250   1.0085   0.01415   0.00624  -0.0961
   5.500   1.0324   0.01438   0.00644  -0.0954
   5.750   1.0545   0.01468   0.00664  -0.0945
   6.000   1.0746   0.01506   0.00684  -0.0932
   6.250   1.0919   0.01564   0.00712  -0.0915
   6.500   1.1065   0.01645   0.00753  -0.0895
   6.750   1.1193   0.01747   0.00809  -0.0874
   7.000   1.1291   0.01844   0.00859  -0.0857
   7.250   1.1412   0.01958   0.00932  -0.0839
   7.500   1.1581   0.02089   0.01029  -0.0817
   7.750   1.1824   0.02240   0.01154  -0.0790
   8.500   1.2167   0.02414   0.01313  -0.0753
