Smoothened XFOIL polar
 10-point moving average applied

   alpha    CL        CD       CDp       CM
  ------ -------- --------- --------- --------
 -19.000  -0.5952   0.23747   0.22828   0.0185
 -18.750  -0.5494   0.22744   0.21846   0.0115
 -18.250  -0.5208   0.22147   0.21261   0.0071
 -17.750  -0.5020   0.21753   0.20873   0.0041
 -17.250  -0.4855   0.21361   0.20484   0.0014
 -17.000  -0.4522   0.20487   0.19622  -0.0039
 -16.000  -0.4292   0.19467   0.18612  -0.0091
 -14.250  -0.3609   0.17792   0.16973  -0.0196
 -12.250  -0.3197   0.16327   0.15530  -0.0263
 -11.250  -0.3070   0.15000   0.14210  -0.0294
 -11.000  -0.3170   0.14160   0.13370  -0.0286
 -10.750  -0.3198   0.13595   0.12806  -0.0284
 -10.500  -0.3193   0.13355   0.12570  -0.0283
 -10.250  -0.3221   0.13003   0.12218  -0.0281
 -10.000  -0.3238   0.12635   0.11856  -0.0285
  -9.500  -0.3170   0.12274   0.11508  -0.0291
  -9.250  -0.3130   0.11918   0.11161  -0.0297
  -9.000  -0.3139   0.11545   0.10796  -0.0295
  -8.750  -0.3096   0.11275   0.10539  -0.0296
  -8.500  -0.3100   0.11034   0.10308  -0.0291
  -8.250  -0.3081   0.10768   0.10055  -0.0286
  -8.000  -0.3198   0.10466   0.09756  -0.0276
  -7.750  -0.3256   0.10232   0.09533  -0.0263
  -7.500  -0.3316   0.09996   0.09309  -0.0247
  -7.250  -0.3471   0.09738   0.09057  -0.0231
  -7.000  -0.3612   0.09701   0.09033  -0.0194
  -6.750  -0.3732   0.09387   0.08730  -0.0190
  -6.500  -0.3767   0.08765   0.08113  -0.0219
  -6.250  -0.3753   0.07820   0.07148  -0.0280
  -5.250  -0.3648   0.06633   0.05905  -0.0365
  -5.000  -0.3408   0.05491   0.04705  -0.0448
  -4.750  -0.3184   0.04604   0.03776  -0.0508
  -4.500  -0.2966   0.04075   0.03217  -0.0539
  -4.250  -0.2764   0.04020   0.03147  -0.0527
  -4.000  -0.2551   0.03908   0.03024  -0.0525
  -3.750  -0.2320   0.03814   0.02915  -0.0526
  -3.500  -0.2057   0.03649   0.02721  -0.0536
  -3.250  -0.1748   0.03389   0.02410  -0.0555
  -3.000  -0.1454   0.03195   0.02174  -0.0570
  -2.750  -0.1200   0.03096   0.02052  -0.0575
  -2.500  -0.0953   0.03013   0.01952  -0.0579
  -2.250  -0.0713   0.02947   0.01876  -0.0582
  -2.000  -0.0478   0.02897   0.01819  -0.0584
  -1.750  -0.0222   0.02861   0.01772  -0.0592
  -1.500   0.0020   0.02798   0.01744  -0.0593
  -1.250   0.0226   0.02722   0.01723  -0.0587
  -1.000   0.0415   0.02655   0.01712  -0.0578
  -0.750   0.0639   0.02615   0.01716  -0.0577
  -0.500   0.0924   0.02617   0.01740  -0.0590
  -0.250   0.1273   0.02668   0.01787  -0.0618
   0.000   0.1681   0.02765   0.01852  -0.0660
   0.250   0.2159   0.02895   0.01931  -0.0716
   0.500   0.2624   0.02997   0.02016  -0.0766
   0.750   0.3033   0.03088   0.02094  -0.0805
   1.000   0.3416   0.03172   0.02167  -0.0838
   1.250   0.3777   0.03253   0.02241  -0.0866
   1.500   0.4119   0.03334   0.02318  -0.0890
   1.750   0.4457   0.03413   0.02393  -0.0912
   2.000   0.4773   0.03495   0.02472  -0.0930
   2.250   0.5079   0.03579   0.02554  -0.0946
   2.500   0.5383   0.03659   0.02632  -0.0959
   2.750   0.5675   0.03738   0.02709  -0.0970
   3.000   0.5967   0.03818   0.02787  -0.0981
   3.250   0.6239   0.03902   0.02869  -0.0988
   3.500   0.6528   0.03978   0.02945  -0.0996
   3.750   0.6808   0.04060   0.03029  -0.1002
   4.000   0.7059   0.04154   0.03124  -0.1005
   4.250   0.7294   0.04256   0.03227  -0.1006
   4.500   0.7557   0.04343   0.03318  -0.1008
   4.750   0.7706   0.04474   0.03450  -0.1008
   5.000   0.7941   0.04612   0.03594  -0.1004
   5.250   0.8345   0.04635   0.03627  -0.1000
   5.500   0.8876   0.04549   0.03553  -0.0993
   6.250   0.9482   0.04350   0.03366  -0.0981
   6.500   1.0118   0.04069   0.03096  -0.0966
   6.750   1.0719   0.03770   0.02805  -0.0949
   7.000   1.1225   0.03490   0.02533  -0.0933
   7.250   1.1503   0.03307   0.02347  -0.0910
   7.500   1.2030   0.02072   0.01080  -0.0891
   7.750   1.2004   0.02679   0.01684  -0.0838
   8.000   1.1330   0.04262   0.03290  -0.0714
   8.250   1.0478   0.07020   0.06080  -0.0615
  14.500   0.9706   0.10956   0.10056  -0.0600
  14.750   0.9255   0.16112   0.15258  -0.0724
  16.500   0.9365   0.22530   0.21722  -0.1041
