Smoothened XFOIL polar
 10-point moving average applied

   alpha    CL        CD       CDp       CM
  ------ -------- --------- --------- --------
 -19.250  -0.3200   0.20890   0.20298  -0.0259
 -17.000  -0.3352   0.19969   0.19369  -0.0281
 -16.250  -0.3406   0.19392   0.18787  -0.0298
 -16.000  -0.3385   0.18998   0.18392  -0.0310
 -15.750  -0.3313   0.18630   0.18027  -0.0318
 -15.500  -0.3231   0.17977   0.17386  -0.0326
 -14.250  -0.3047   0.16989   0.16416  -0.0339
 -13.250  -0.3048   0.15895   0.15327  -0.0332
 -11.750  -0.3028   0.14899   0.14335  -0.0335
 -11.500  -0.2971   0.14160   0.13605  -0.0339
 -11.250  -0.2947   0.13678   0.13130  -0.0342
 -11.000  -0.3094   0.13224   0.12671  -0.0338
 -10.500  -0.3188   0.12876   0.12319  -0.0336
 -10.000  -0.3209   0.12498   0.11949  -0.0329
  -9.750  -0.3201   0.12170   0.11626  -0.0321
  -9.500  -0.3203   0.11884   0.11349  -0.0311
  -9.250  -0.3256   0.11561   0.11029  -0.0299
  -9.000  -0.3300   0.11316   0.10790  -0.0287
  -8.500  -0.3340   0.11076   0.10560  -0.0273
  -8.250  -0.3406   0.10823   0.10315  -0.0255
  -8.000  -0.3607   0.10558   0.10056  -0.0243
  -7.750  -0.3681   0.10454   0.09966  -0.0222
  -7.500  -0.3790   0.10329   0.09849  -0.0203
  -7.250  -0.3930   0.10200   0.09729  -0.0178
  -7.000  -0.4082   0.09959   0.09494  -0.0164
  -6.750  -0.4259   0.09694   0.09234  -0.0141
  -6.500  -0.4310   0.09493   0.09046  -0.0117
  -6.000  -0.4295   0.09055   0.08621  -0.0144
  -5.750  -0.4181   0.08160   0.07709  -0.0248
  -5.250  -0.3795   0.07039   0.06544  -0.0396
  -5.000  -0.3285   0.05803   0.05237  -0.0567
  -4.750  -0.2683   0.04675   0.04017  -0.0730
  -4.500  -0.2096   0.03728   0.02979  -0.0873
  -4.250  -0.1602   0.03200   0.02374  -0.0951
  -4.000  -0.1162   0.03066   0.02192  -0.0978
  -3.750  -0.0754   0.03054   0.02162  -0.1001
  -3.500  -0.0337   0.02940   0.02033  -0.1032
  -3.250   0.0070   0.02852   0.01939  -0.1061
  -3.000   0.0475   0.02779   0.01868  -0.1089
  -2.750   0.0884   0.02716   0.01809  -0.1117
  -2.500   0.1300   0.02659   0.01761  -0.1147
  -2.250   0.1706   0.02610   0.01726  -0.1174
  -2.000   0.2092   0.02567   0.01699  -0.1198
  -1.750   0.2493   0.02519   0.01670  -0.1223
  -1.500   0.2893   0.02465   0.01640  -0.1248
  -1.250   0.3291   0.02410   0.01615  -0.1272
  -1.000   0.3634   0.02348   0.01598  -0.1281
  -0.750   0.3939   0.02284   0.01580  -0.1280
  -0.500   0.4242   0.02216   0.01549  -0.1276
  -0.250   0.4548   0.02154   0.01514  -0.1272
   0.000   0.4863   0.02104   0.01475  -0.1271
   0.250   0.5220   0.02060   0.01428  -0.1280
   0.500   0.5608   0.02025   0.01380  -0.1297
   0.750   0.6015   0.01995   0.01335  -0.1320
   1.000   0.6386   0.01965   0.01295  -0.1334
   1.250   0.6741   0.01936   0.01255  -0.1344
   1.500   0.7117   0.01900   0.01205  -0.1357
   1.750   0.7486   0.01867   0.01161  -0.1369
   2.000   0.7846   0.01839   0.01121  -0.1379
   2.250   0.8193   0.01818   0.01089  -0.1388
   2.500   0.8521   0.01806   0.01067  -0.1393
   2.750   0.8832   0.01802   0.01052  -0.1395
   3.000   0.9131   0.01803   0.01042  -0.1395
   3.250   0.9419   0.01810   0.01039  -0.1394
   3.500   0.9713   0.01818   0.01035  -0.1393
   3.750   0.9993   0.01831   0.01037  -0.1391
   4.000   1.0266   0.01848   0.01044  -0.1387
   4.250   1.0529   0.01869   0.01055  -0.1382
   4.500   1.0785   0.01893   0.01068  -0.1376
   4.750   1.1034   0.01919   0.01087  -0.1368
   5.000   1.1288   0.01948   0.01106  -0.1362
   5.250   1.1533   0.01981   0.01132  -0.1355
   5.500   1.1787   0.02015   0.01157  -0.1349
   5.750   1.2029   0.02052   0.01189  -0.1342
   6.000   1.2262   0.02089   0.01221  -0.1333
   6.250   1.2509   0.02127   0.01254  -0.1331
   6.500   1.2715   0.02157   0.01279  -0.1313
   6.750   1.2877   0.02183   0.01300  -0.1281
   7.000   1.3003   0.02212   0.01318  -0.1239
   7.500   1.3097   0.02246   0.01341  -0.1191
   7.750   1.3173   0.02289   0.01369  -0.1143
   8.000   1.3240   0.02343   0.01408  -0.1097
   8.250   1.3315   0.02412   0.01460  -0.1062
   8.500   1.3423   0.02496   0.01527  -0.1042
   8.750   1.3507   0.02588   0.01603  -0.1014
   9.000   1.3585   0.02694   0.01692  -0.0986
   9.250   1.3662   0.02808   0.01792  -0.0960
   9.500   1.3737   0.02931   0.01905  -0.0934
   9.750   1.3809   0.03063   0.02028  -0.0910
  10.000   1.3887   0.03193   0.02158  -0.0887
  10.250   1.3960   0.03330   0.02297  -0.0864
  10.500   1.4016   0.03486   0.02454  -0.0842
  10.750   1.4052   0.03661   0.02629  -0.0819
  11.000   1.4056   0.03871   0.02833  -0.0796
  11.250   1.4041   0.04104   0.03062  -0.0774
  11.500   1.4009   0.04363   0.03316  -0.0753
  11.750   1.3965   0.04644   0.03594  -0.0733
  12.000   1.3928   0.04932   0.03888  -0.0716
  12.250   1.3894   0.05230   0.04197  -0.0702
  12.500   1.3854   0.05547   0.04527  -0.0690
  12.750   1.3815   0.05878   0.04874  -0.0681
  13.000   1.3763   0.06238   0.05249  -0.0675
  13.250   1.3704   0.06621   0.05650  -0.0672
  13.500   1.3636   0.07032   0.06079  -0.0672
  13.750   1.3559   0.07470   0.06536  -0.0675
  14.000   1.3470   0.07937   0.07021  -0.0681
  14.250   1.3370   0.08434   0.07536  -0.0689
