Smoothened XFOIL polar
 10-point moving average applied

   alpha    CL        CD       CDp       CM
  ------ -------- --------- --------- --------
  -9.500  -0.3004   0.10916   0.10521  -0.0369
  -8.000  -0.3509   0.10317   0.09989  -0.0271
  -7.750  -0.3609   0.08801   0.08447  -0.0305
  -7.500  -0.3402   0.06754   0.06311  -0.0426
  -5.750  -0.2988   0.04561   0.03996  -0.0592
  -5.500  -0.2530   0.02986   0.02317  -0.0728
  -5.250  -0.1998   0.01707   0.00955  -0.0833
  -5.000  -0.1525   0.01138   0.00337  -0.0890
  -4.750  -0.1209   0.01593   0.00798  -0.0865
  -4.500  -0.0832   0.01603   0.00811  -0.0889
  -4.250  -0.0463   0.01602   0.00813  -0.0912
  -4.000  -0.0089   0.01593   0.00805  -0.0937
  -3.750   0.0273   0.01563   0.00777  -0.0959
  -3.500   0.0639   0.01519   0.00737  -0.0982
  -3.250   0.0989   0.01467   0.00693  -0.1000
  -3.000   0.1330   0.01410   0.00644  -0.1015
  -2.750   0.1655   0.01359   0.00604  -0.1028
  -2.500   0.1951   0.01318   0.00573  -0.1039
  -2.250   0.2280   0.01275   0.00544  -0.1049
  -2.000   0.2578   0.01221   0.00523  -0.1051
  -1.750   0.2937   0.01154   0.00502  -0.1052
  -1.250   0.3338   0.01083   0.00481  -0.1052
  -1.000   0.3750   0.01020   0.00462  -0.1052
  -0.500   0.4150   0.00971   0.00444  -0.1051
  -0.250   0.4517   0.00943   0.00430  -0.1051
   0.000   0.4824   0.00941   0.00419  -0.1051
   0.250   0.5121   0.00947   0.00408  -0.1052
   0.500   0.5346   0.00953   0.00403  -0.1047
   0.750   0.5611   0.00957   0.00398  -0.1045
   1.000   0.5875   0.00964   0.00395  -0.1043
   1.250   0.6138   0.00972   0.00394  -0.1041
   1.500   0.6376   0.00980   0.00393  -0.1038
   1.750   0.6645   0.00991   0.00391  -0.1033
   2.000   0.6936   0.01006   0.00389  -0.1027
   2.250   0.7239   0.01022   0.00388  -0.1019
   2.750   0.7544   0.01040   0.00387  -0.1010
   3.000   0.7843   0.01060   0.00389  -0.1002
   3.250   0.8127   0.01083   0.00395  -0.0995
   3.500   0.8386   0.01107   0.00405  -0.0989
   3.750   0.8610   0.01128   0.00418  -0.0985
   4.000   0.8856   0.01152   0.00432  -0.0981
   4.250   0.9102   0.01175   0.00448  -0.0977
   4.500   0.9346   0.01200   0.00465  -0.0972
   4.750   0.9589   0.01225   0.00483  -0.0967
   5.000   0.9836   0.01247   0.00501  -0.0963
   5.250   1.0077   0.01271   0.00520  -0.0957
   5.500   1.0295   0.01308   0.00542  -0.0948
   5.750   1.0488   0.01365   0.00571  -0.0936
   6.000   1.0652   0.01446   0.00613  -0.0919
   6.250   1.0796   0.01547   0.00666  -0.0901
   6.500   1.0930   0.01661   0.00731  -0.0881
   6.750   1.1074   0.01771   0.00800  -0.0864
   7.000   1.1237   0.01866   0.00867  -0.0849
   7.250   1.1419   0.01943   0.00923  -0.0837
   7.500   1.1608   0.02007   0.00973  -0.0825
   7.750   1.1798   0.02068   0.01023  -0.0814
   8.000   1.1986   0.02131   0.01079  -0.0801
   8.250   1.2165   0.02199   0.01144  -0.0786
