Smoothened XFOIL polar
 10-point moving average applied

   alpha    CL        CD       CDp       CM
  ------ -------- --------- --------- --------
  -7.000  -0.3918   0.04588   0.04178  -0.0645
  -6.750  -0.3761   0.02981   0.02372  -0.0734
  -6.500  -0.3452   0.02097   0.01372  -0.0797
  -6.000  -0.3029   0.01753   0.00977  -0.0839
  -5.750  -0.2535   0.01766   0.00981  -0.0869
  -5.500  -0.1988   0.01943   0.01170  -0.0892
  -5.250  -0.1508   0.01941   0.01162  -0.0924
  -4.750  -0.1088   0.01915   0.01133  -0.0950
  -4.500  -0.0647   0.01852   0.01064  -0.0976
  -4.250  -0.0211   0.01779   0.00990  -0.1003
  -4.000   0.0177   0.01703   0.00915  -0.1025
  -3.750   0.0515   0.01619   0.00833  -0.1044
  -3.500   0.0885   0.01550   0.00772  -0.1065
  -3.250   0.1234   0.01493   0.00722  -0.1081
  -3.000   0.1578   0.01436   0.00674  -0.1097
  -2.750   0.1903   0.01385   0.00636  -0.1109
  -2.500   0.2218   0.01340   0.00603  -0.1118
  -2.250   0.2536   0.01296   0.00575  -0.1128
  -2.000   0.2845   0.01257   0.00551  -0.1136
  -1.750   0.3148   0.01215   0.00530  -0.1143
  -1.500   0.3425   0.01162   0.00514  -0.1143
  -1.250   0.3701   0.01104   0.00501  -0.1141
  -1.000   0.3957   0.01050   0.00489  -0.1138
  -0.750   0.4252   0.01006   0.00478  -0.1135
  -0.500   0.4576   0.00977   0.00466  -0.1131
  -0.250   0.4922   0.00964   0.00454  -0.1130
   0.250   0.5276   0.00966   0.00441  -0.1131
   0.500   0.5618   0.00974   0.00430  -0.1132
   0.750   0.5925   0.00980   0.00424  -0.1128
   1.000   0.6211   0.00987   0.00420  -0.1127
   1.250   0.6452   0.00996   0.00419  -0.1125
   1.500   0.6713   0.01007   0.00418  -0.1121
   1.750   0.6970   0.01018   0.00417  -0.1117
   2.000   0.7224   0.01030   0.00416  -0.1112
   2.250   0.7475   0.01044   0.00416  -0.1107
   2.500   0.7722   0.01058   0.00417  -0.1101
   2.750   0.7967   0.01074   0.00419  -0.1094
   3.000   0.8210   0.01093   0.00423  -0.1087
   3.250   0.8451   0.01113   0.00429  -0.1081
   3.500   0.8693   0.01134   0.00439  -0.1074
   3.750   0.8935   0.01158   0.00451  -0.1068
   4.000   0.9178   0.01182   0.00464  -0.1063
   4.250   0.9421   0.01206   0.00480  -0.1058
   4.500   0.9663   0.01230   0.00497  -0.1052
   4.750   0.9903   0.01256   0.00515  -0.1047
   5.000   1.0145   0.01283   0.00534  -0.1041
   5.250   1.0389   0.01307   0.00555  -0.1036
   5.500   1.0622   0.01335   0.00577  -0.1030
   5.750   1.0839   0.01371   0.00600  -0.1020
   6.000   1.1034   0.01417   0.00626  -0.1007
   6.250   1.1205   0.01479   0.00659  -0.0991
   6.500   1.1355   0.01559   0.00702  -0.0971
   6.750   1.1494   0.01652   0.00756  -0.0951
   7.000   1.1634   0.01751   0.00819  -0.0932
   7.250   1.1793   0.01820   0.00849  -0.0921
   7.500   1.1943   0.01923   0.00930  -0.0901
   7.750   1.2074   0.02057   0.01060  -0.0870
   8.000   1.2132   0.02138   0.01149  -0.0840
   8.500   1.2191   0.02370   0.01403  -0.0785
   8.750   1.2246   0.02678   0.01746  -0.0721
   9.000   1.2383   0.03111   0.02215  -0.0657
  10.250   1.2656   0.03696   0.02831  -0.0596
  10.500   1.3117   0.04459   0.03611  -0.0546
