Smoothened XFOIL polar
 10-point moving average applied

   alpha    CL        CD       CDp       CM
  ------ -------- --------- --------- --------
 -10.750  -0.3497   0.13004   0.12690  -0.0207
  -8.000  -0.3081   0.07345   0.06873  -0.0507
  -6.000  -0.2665   0.03780   0.03188  -0.0711
  -5.750  -0.2254   0.01862   0.01184  -0.0837
  -5.500  -0.1851   0.01143   0.00411  -0.0905
  -5.250  -0.1447   0.00868   0.00093  -0.0958
  -5.000  -0.1111   0.01440   0.00689  -0.0927
  -4.750  -0.0740   0.01417   0.00666  -0.0949
  -4.500  -0.0384   0.01414   0.00667  -0.0969
  -4.250  -0.0040   0.01401   0.00658  -0.0987
  -4.000   0.0304   0.01376   0.00635  -0.1005
  -3.750   0.0627   0.01339   0.00601  -0.1018
  -3.500   0.0941   0.01297   0.00564  -0.1028
  -3.250   0.1244   0.01254   0.00526  -0.1035
  -3.000   0.1540   0.01208   0.00486  -0.1041
  -2.750   0.1829   0.01169   0.00456  -0.1045
  -2.500   0.2113   0.01134   0.00431  -0.1048
  -2.250   0.2392   0.01103   0.00410  -0.1050
  -2.000   0.2670   0.01074   0.00392  -0.1052
  -1.750   0.2946   0.01047   0.00378  -0.1054
  -1.500   0.3189   0.01011   0.00370  -0.1049
  -1.250   0.3396   0.00964   0.00365  -0.1046
  -1.000   0.3667   0.00914   0.00359  -0.1043
  -0.750   0.4044   0.00872   0.00351  -0.1040
  -0.500   0.4489   0.00843   0.00342  -0.1038
   0.250   0.4967   0.00831   0.00332  -0.1036
   0.750   0.5441   0.00836   0.00324  -0.1035
   1.000   0.5866   0.00852   0.00317  -0.1035
   1.250   0.6183   0.00867   0.00315  -0.1028
   1.500   0.6404   0.00880   0.00316  -0.1024
   1.750   0.6629   0.00893   0.00316  -0.1019
   2.000   0.6875   0.00908   0.00316  -0.1014
   2.250   0.7120   0.00925   0.00316  -0.1008
   2.500   0.7364   0.00944   0.00319  -0.1002
   2.750   0.7608   0.00965   0.00326  -0.0997
   3.000   0.7854   0.00987   0.00334  -0.0993
   3.250   0.8102   0.01008   0.00345  -0.0989
   3.500   0.8351   0.01030   0.00356  -0.0985
   3.750   0.8599   0.01053   0.00370  -0.0981
   4.000   0.8845   0.01076   0.00384  -0.0977
   4.250   0.9090   0.01101   0.00399  -0.0973
   4.500   0.9337   0.01125   0.00416  -0.0969
   4.750   0.9583   0.01148   0.00433  -0.0965
   5.000   0.9830   0.01170   0.00450  -0.0961
   5.250   1.0057   0.01206   0.00471  -0.0954
   5.500   1.0252   0.01269   0.00504  -0.0943
   5.750   1.0420   0.01357   0.00550  -0.0928
   6.000   1.0570   0.01463   0.00607  -0.0910
   6.250   1.0715   0.01574   0.00672  -0.0893
   6.500   1.0875   0.01676   0.00737  -0.0877
   6.750   1.1020   0.01747   0.00786  -0.0867
   7.000   1.1682   0.00096  -0.00941  -0.0854
   7.250   1.2066  -0.00413  -0.01482  -0.0841
   7.500   1.1858   0.01575   0.00562  -0.0828
   8.250   1.0724   0.07407   0.06583  -0.0813
  17.750   0.8331   0.18431   0.17976  -0.0797
