Smoothened XFOIL polar
 10-point moving average applied

   alpha    CL        CD       CDp       CM
  ------ -------- --------- --------- --------
 -11.000  -0.3474   0.12527   0.12076  -0.0349
  -8.250  -0.3674   0.10917   0.10593  -0.0234
  -7.250  -0.3646   0.09018   0.08716  -0.0258
  -7.000  -0.3444   0.07012   0.06654  -0.0376
  -6.000  -0.3117   0.05077   0.04614  -0.0543
  -5.750  -0.2816   0.03686   0.03112  -0.0676
  -5.500  -0.2302   0.02341   0.01661  -0.0800
  -5.250  -0.1863   0.01486   0.00720  -0.0869
  -5.000  -0.1477   0.01450   0.00643  -0.0862
  -4.500  -0.0966   0.01600   0.00802  -0.0882
  -4.250  -0.0506   0.01600   0.00806  -0.0911
  -4.000  -0.0072   0.01588   0.00797  -0.0939
  -3.750   0.0319   0.01565   0.00779  -0.0965
  -3.500   0.0648   0.01519   0.00738  -0.0984
  -3.250   0.0997   0.01466   0.00692  -0.1002
  -3.000   0.1337   0.01408   0.00643  -0.1017
  -2.750   0.1659   0.01358   0.00604  -0.1029
  -2.500   0.1978   0.01312   0.00572  -0.1040
  -2.250   0.2284   0.01271   0.00545  -0.1047
  -2.000   0.2589   0.01232   0.00521  -0.1056
  -1.750   0.2852   0.01186   0.00504  -0.1055
  -1.500   0.3128   0.01128   0.00489  -0.1054
  -1.250   0.3382   0.01068   0.00477  -0.1054
  -1.000   0.3679   0.01015   0.00465  -0.1052
  -0.750   0.4011   0.00973   0.00451  -0.1052
  -0.500   0.4362   0.00948   0.00438  -0.1051
   0.000   0.4718   0.00941   0.00424  -0.1052
   0.250   0.5061   0.00947   0.00411  -0.1053
   0.500   0.5356   0.00953   0.00403  -0.1047
   0.750   0.5636   0.00957   0.00397  -0.1045
   1.000   0.5876   0.00964   0.00395  -0.1043
   1.250   0.6139   0.00973   0.00394  -0.1041
   1.500   0.6399   0.00983   0.00394  -0.1037
   1.750   0.6653   0.00993   0.00392  -0.1033
   2.000   0.6903   0.01005   0.00390  -0.1028
   2.250   0.7150   0.01017   0.00387  -0.1021
   2.500   0.7393   0.01031   0.00386  -0.1014
   2.750   0.7635   0.01046   0.00386  -0.1007
   3.000   0.7878   0.01064   0.00389  -0.1001
   3.250   0.8120   0.01085   0.00396  -0.0995
   3.500   0.8365   0.01107   0.00407  -0.0989
   3.750   0.8611   0.01129   0.00419  -0.0985
   4.000   0.8857   0.01153   0.00433  -0.0981
   4.250   0.9103   0.01176   0.00449  -0.0976
   4.500   0.9346   0.01201   0.00466  -0.0971
   4.750   0.9589   0.01226   0.00484  -0.0967
   5.000   0.9837   0.01248   0.00502  -0.0962
   5.250   1.0078   0.01272   0.00521  -0.0957
   5.500   1.0299   0.01307   0.00542  -0.0948
   5.750   1.0492   0.01363   0.00571  -0.0936
   6.000   1.0657   0.01443   0.00612  -0.0920
   6.250   1.0802   0.01543   0.00665  -0.0901
   6.500   1.0935   0.01656   0.00729  -0.0882
   6.750   1.1102   0.01812   0.00841  -0.0867
   7.000   1.1273   0.01925   0.00925  -0.0854
   7.250   1.1419   0.01960   0.00942  -0.0836
   7.500   1.1521   0.01878   0.00854  -0.0811
   7.750   1.1560   0.01642   0.00623  -0.0775
