Smoothened XFOIL polar
 10-point moving average applied

   alpha    CL        CD       CDp       CM
  ------ -------- --------- --------- --------
 -10.750  -0.2970   0.12274   0.11846  -0.0336
  -8.250  -0.3697   0.10496   0.10169  -0.0246
  -7.000  -0.3919   0.08485   0.08158  -0.0283
  -6.750  -0.3761   0.06424   0.06027  -0.0406
  -6.000  -0.3347   0.04496   0.03988  -0.0572
  -5.750  -0.2878   0.03157   0.02544  -0.0701
  -5.500  -0.2335   0.01995   0.01283  -0.0820
  -5.250  -0.1900   0.01388   0.00610  -0.0869
  -5.000  -0.1564   0.01581   0.00782  -0.0850
  -4.750  -0.1184   0.01613   0.00820  -0.0870
  -4.500  -0.0805   0.01618   0.00827  -0.0895
  -4.250  -0.0436   0.01616   0.00827  -0.0919
  -4.000  -0.0064   0.01603   0.00816  -0.0944
  -3.750   0.0295   0.01564   0.00780  -0.0965
  -3.500   0.0660   0.01518   0.00738  -0.0987
  -3.250   0.1008   0.01464   0.00690  -0.1005
  -3.000   0.1347   0.01405   0.00640  -0.1019
  -2.750   0.1665   0.01357   0.00603  -0.1030
  -2.500   0.1982   0.01311   0.00571  -0.1041
  -2.250   0.2285   0.01271   0.00545  -0.1048
  -2.000   0.2589   0.01232   0.00521  -0.1056
  -1.750   0.2852   0.01186   0.00504  -0.1055
  -1.500   0.3128   0.01128   0.00489  -0.1055
  -1.250   0.3409   0.01068   0.00476  -0.1054
  -1.000   0.3691   0.01015   0.00464  -0.1053
  -0.750   0.3977   0.00974   0.00453  -0.1052
  -0.500   0.4267   0.00949   0.00442  -0.1053
  -0.250   0.4555   0.00942   0.00430  -0.1054
   0.000   0.4835   0.00947   0.00419  -0.1055
   0.250   0.5085   0.00951   0.00411  -0.1050
   0.500   0.5349   0.00954   0.00404  -0.1047
   0.750   0.5613   0.00959   0.00399  -0.1045
   1.000   0.5878   0.00966   0.00396  -0.1043
   1.250   0.6149   0.01010   0.00430  -0.1042
   1.500   0.6395   0.00961   0.00371  -0.1036
   1.750   0.6639   0.00929   0.00328  -0.1029
   2.000   0.6884   0.00915   0.00301  -0.1022
   2.250   0.7129   0.00919   0.00290  -0.1016
   2.500   0.7374   0.00941   0.00297  -0.1009
   2.750   0.7622   0.00982   0.00322  -0.1003
   3.000   0.7874   0.01042   0.00367  -0.0999
   3.250   0.8129   0.01122   0.00433  -0.0996
   3.500   0.8365   0.01109   0.00408  -0.0989
   3.750   0.8612   0.01131   0.00420  -0.0985
   4.000   0.8858   0.01154   0.00435  -0.0980
   4.250   0.9104   0.01178   0.00450  -0.0976
   4.500   0.9347   0.01202   0.00467  -0.0971
   4.750   0.9590   0.01227   0.00485  -0.0966
   5.000   0.9838   0.01250   0.00504  -0.0962
   5.250   1.0078   0.01275   0.00523  -0.0957
   5.500   1.0302   0.01308   0.00543  -0.0948
   5.750   1.0499   0.01361   0.00571  -0.0936
   6.000   1.0666   0.01439   0.00611  -0.0920
   6.250   1.0811   0.01536   0.00663  -0.0902
   6.500   1.0953   0.01688   0.00764  -0.0887
   6.750   1.1090   0.01819   0.00849  -0.0870
   7.000   1.1230   0.01882   0.00878  -0.0848
   7.250   1.1377   0.01833   0.00813  -0.0817
   7.750   1.1539   0.01629   0.00620  -0.0777
