Smoothened XFOIL polar
 10-point moving average applied

   alpha    CL        CD       CDp       CM
  ------ -------- --------- --------- --------
 -16.750  -0.2791   0.19332   0.18968  -0.0245
 -11.250  -0.4632   0.10619   0.10229  -0.0493
  -9.250  -0.5659   0.05309   0.04876  -0.0670
  -9.000  -0.6043   0.02632   0.02145  -0.0790
  -8.750  -0.5958   0.01814   0.01271  -0.0866
  -8.500  -0.5711   0.01749   0.01160  -0.0923
  -8.250  -0.5079   0.02241   0.01625  -0.0926
  -8.000  -0.4734   0.01730   0.01073  -0.0987
  -7.750  -0.4332   0.02375   0.01756  -0.0949
  -7.500  -0.3931   0.02939   0.02359  -0.0928
  -7.250  -0.3552   0.03370   0.02816  -0.0921
  -7.000  -0.3195   0.03582   0.03036  -0.0931
  -6.750  -0.2872   0.03552   0.02994  -0.0960
  -6.500  -0.2515   0.03245   0.02656  -0.1009
  -6.250  -0.2124   0.02661   0.02020  -0.1079
  -6.000  -0.1724   0.01800   0.01093  -0.1167
  -5.500  -0.1258   0.02046   0.01345  -0.1156
  -5.250  -0.0803   0.01935   0.01222  -0.1183
  -5.000  -0.0386   0.01846   0.01120  -0.1204
  -4.750  -0.0015   0.01763   0.01029  -0.1221
  -4.500   0.0322   0.01694   0.00958  -0.1239
  -4.250   0.0681   0.01617   0.00879  -0.1257
  -4.000   0.1055   0.01540   0.00805  -0.1278
  -3.750   0.1411   0.01472   0.00742  -0.1295
  -3.500   0.1769   0.01409   0.00686  -0.1313
  -3.250   0.2128   0.01352   0.00637  -0.1330
  -3.000   0.2469   0.01301   0.00595  -0.1344
  -2.750   0.2805   0.01254   0.00559  -0.1357
  -2.500   0.3147   0.01213   0.00528  -0.1371
  -2.250   0.3475   0.01176   0.00503  -0.1382
  -2.000   0.3805   0.01142   0.00481  -0.1393
  -1.750   0.4121   0.01113   0.00463  -0.1402
  -1.500   0.4436   0.01085   0.00447  -0.1410
  -1.250   0.4738   0.01058   0.00436  -0.1416
  -1.000   0.5036   0.01028   0.00429  -0.1421
  -0.750   0.5303   0.00998   0.00427  -0.1418
  -0.500   0.5552   0.00965   0.00426  -0.1409
  -0.250   0.5794   0.00934   0.00425  -0.1398
   0.000   0.6037   0.00911   0.00421  -0.1386
   0.250   0.6288   0.00899   0.00415  -0.1376
   0.500   0.6551   0.00897   0.00407  -0.1370
   0.750   0.6826   0.00903   0.00400  -0.1368
   1.000   0.7107   0.00915   0.00396  -0.1369
   1.250   0.7368   0.00930   0.00394  -0.1366
   1.500   0.7628   0.00944   0.00395  -0.1362
   1.750   0.7886   0.00961   0.00397  -0.1358
   2.000   0.8143   0.00978   0.00401  -0.1354
   2.250   0.8398   0.00997   0.00408  -0.1350
   2.500   0.8649   0.01016   0.00415  -0.1345
   2.750   0.8896   0.01037   0.00423  -0.1339
   3.000   0.9139   0.01058   0.00433  -0.1332
   3.250   0.9380   0.01082   0.00443  -0.1325
   3.500   0.9620   0.01107   0.00456  -0.1319
   3.750   0.9840   0.01129   0.00469  -0.1313
   4.000   1.0093   0.01156   0.00486  -0.1305
   4.250   1.0369   0.01187   0.00507  -0.1297
   4.500   1.0656   0.01222   0.00530  -0.1288
   5.000   1.0948   0.01258   0.00555  -0.1278
   5.250   1.1235   0.01292   0.00581  -0.1269
   5.500   1.1497   0.01328   0.00606  -0.1258
   5.750   1.1720   0.01366   0.00633  -0.1246
   6.000   1.1894   0.01405   0.00658  -0.1233
   6.250   1.2076   0.01452   0.00688  -0.1217
   6.500   1.2264   0.01493   0.00711  -0.1202
   6.750   1.2423   0.01553   0.00750  -0.1182
   7.000   1.2515   0.01642   0.00809  -0.1157
   7.250   1.2583   0.01776   0.00900  -0.1123
   7.500   1.2637   0.01938   0.01016  -0.1082
   7.750   1.2697   0.02111   0.01144  -0.1039
   8.250   1.2782   0.02272   0.01273  -0.0999
   8.500   1.2907   0.02406   0.01388  -0.0968
   8.750   1.3082   0.02496   0.01481  -0.0946
   9.000   1.3250   0.02570   0.01569  -0.0929
   9.250   1.3382   0.02643   0.01656  -0.0914
   9.500   1.3514   0.02735   0.01759  -0.0895
   9.750   1.3638   0.02833   0.01870  -0.0876
  10.000   1.3755   0.02938   0.01989  -0.0857
  10.250   1.3866   0.03052   0.02119  -0.0838
  10.500   1.3966   0.03176   0.02260  -0.0820
  10.750   1.4053   0.03315   0.02415  -0.0800
  11.000   1.4123   0.03472   0.02589  -0.0781
  11.250   1.4172   0.03653   0.02787  -0.0761
  11.500   1.4201   0.03834   0.02983  -0.0743
  11.750   1.4203   0.04065   0.03228  -0.0724
  12.000   1.4174   0.04373   0.03551  -0.0704
  12.250   1.4110   0.04783   0.03979  -0.0682
  12.750   1.4007   0.05322   0.04538  -0.0657
