Smoothened XFOIL polar
 10-point moving average applied

   alpha    CL        CD       CDp       CM
  ------ -------- --------- --------- --------
  -9.000  -0.3501   0.09988   0.09580  -0.0442
  -8.500  -0.3521   0.10318   0.09952  -0.0318
  -8.250  -0.3598   0.10009   0.09668  -0.0266
  -8.000  -0.3669   0.09174   0.08833  -0.0277
  -7.000  -0.3672   0.07924   0.07558  -0.0339
  -6.750  -0.3464   0.06321   0.05878  -0.0449
  -6.000  -0.3098   0.04532   0.03989  -0.0582
  -5.500  -0.2595   0.02917   0.02265  -0.0720
  -5.250  -0.2032   0.01769   0.01021  -0.0837
  -5.000  -0.1496   0.01224   0.00420  -0.0893
  -4.750  -0.1149   0.01534   0.00729  -0.0875
  -4.500  -0.0800   0.01623   0.00832  -0.0897
  -4.250  -0.0430   0.01620   0.00831  -0.0921
  -4.000  -0.0058   0.01604   0.00817  -0.0946
  -3.750   0.0299   0.01565   0.00780  -0.0967
  -3.500   0.0665   0.01518   0.00738  -0.0988
  -3.250   0.1012   0.01463   0.00690  -0.1005
  -3.000   0.1351   0.01403   0.00639  -0.1020
  -2.750   0.1668   0.01356   0.00603  -0.1031
  -2.500   0.1984   0.01311   0.00571  -0.1041
  -2.250   0.2286   0.01271   0.00544  -0.1048
  -2.000   0.2590   0.01232   0.00521  -0.1056
  -1.750   0.2852   0.01187   0.00504  -0.1054
  -1.500   0.3129   0.01128   0.00489  -0.1054
  -1.250   0.3410   0.01068   0.00476  -0.1054
  -1.000   0.3692   0.01015   0.00464  -0.1053
  -0.750   0.3978   0.00974   0.00453  -0.1052
  -0.500   0.4268   0.00949   0.00442  -0.1053
  -0.250   0.4555   0.00942   0.00430  -0.1054
   0.000   0.4836   0.00947   0.00419  -0.1055
   0.250   0.5085   0.00952   0.00411  -0.1050
   0.500   0.5349   0.00955   0.00404  -0.1047
   0.750   0.5613   0.00959   0.00399  -0.1045
   1.000   0.5878   0.00966   0.00396  -0.1043
   1.250   0.6141   0.00975   0.00395  -0.1040
   1.500   0.6400   0.00985   0.00395  -0.1037
   1.750   0.6654   0.00995   0.00393  -0.1032
   2.000   0.6905   0.01007   0.00391  -0.1027
   2.250   0.7151   0.01019   0.00389  -0.1020
   2.500   0.7394   0.01033   0.00388  -0.1013
   2.750   0.7637   0.01048   0.00387  -0.1006
   3.000   0.7879   0.01066   0.00391  -0.1000
   3.250   0.8121   0.01087   0.00398  -0.0994
   3.500   0.8365   0.01109   0.00408  -0.0989
   3.750   0.8612   0.01131   0.00421  -0.0985
   4.000   0.8858   0.01155   0.00435  -0.0980
   4.250   0.9104   0.01178   0.00451  -0.0976
   4.500   0.9347   0.01203   0.00467  -0.0971
   4.750   0.9590   0.01228   0.00485  -0.0966
   5.000   0.9837   0.01251   0.00504  -0.0962
   5.250   1.0078   0.01276   0.00524  -0.0956
   5.500   1.0303   0.01308   0.00543  -0.0948
   5.750   1.0501   0.01360   0.00571  -0.0937
   6.000   1.0668   0.01437   0.00611  -0.0921
   6.250   1.0814   0.01535   0.00663  -0.0902
   6.500   1.0947   0.01647   0.00726  -0.0882
   6.750   1.1084   0.01760   0.00796  -0.0863
   7.000   1.1242   0.01859   0.00865  -0.0848
   7.250   1.1447   0.01984   0.00966  -0.0840
   7.500   1.1646   0.02063   0.01030  -0.0830
   7.750   1.1802   0.02075   0.01034  -0.0813
   8.000   1.1886   0.01991   0.00949  -0.0784
   8.250   1.1867   0.01784   0.00746  -0.0739
