Smoothened XFOIL polar
 10-point moving average applied

   alpha    CL        CD       CDp       CM
  ------ -------- --------- --------- --------
 -19.000  -0.3660   0.20928   0.20498  -0.0287
 -18.750  -0.2877   0.21117   0.20701  -0.0259
 -17.250  -0.2745   0.19572   0.19164  -0.0274
 -12.750  -0.3117   0.16809   0.16403  -0.0324
 -12.500  -0.3846   0.13344   0.12933  -0.0400
 -11.500  -0.4763   0.09748   0.09319  -0.0500
 -10.000  -0.5727   0.06694   0.06241  -0.0600
  -9.750  -0.6577   0.04763   0.04285  -0.0688
  -9.500  -0.7088   0.03095   0.02599  -0.0753
  -9.250  -0.7094   0.02547   0.02037  -0.0783
  -9.000  -0.6500   0.03238   0.02723  -0.0766
  -8.750  -0.6193   0.03227   0.02709  -0.0782
  -8.500  -0.5848   0.03193   0.02668  -0.0809
  -8.250  -0.5465   0.03106   0.02563  -0.0846
  -8.000  -0.5075   0.03024   0.02466  -0.0885
  -7.750  -0.4727   0.02719   0.02123  -0.0933
  -7.500  -0.4337   0.03004   0.02426  -0.0939
  -7.250  -0.3919   0.02979   0.02384  -0.0967
  -7.000  -0.3503   0.03488   0.02934  -0.0957
  -6.500  -0.3066   0.03802   0.03269  -0.0963
  -6.250  -0.2634   0.03889   0.03351  -0.0981
  -6.000  -0.2206   0.03709   0.03134  -0.1018
  -5.750  -0.1819   0.03293   0.02664  -0.1065
  -5.500  -0.1476   0.02627   0.01920  -0.1125
  -5.250  -0.1081   0.02436   0.01701  -0.1155
  -5.000  -0.0701   0.01957   0.01168  -0.1204
  -4.750  -0.0335   0.02099   0.01331  -0.1208
  -4.500   0.0040   0.02016   0.01243  -0.1229
  -4.250   0.0405   0.01938   0.01163  -0.1247
  -4.000   0.0773   0.01861   0.01085  -0.1266
  -3.750   0.1126   0.01789   0.01017  -0.1282
  -3.500   0.1494   0.01722   0.00957  -0.1301
  -3.250   0.1871   0.01656   0.00901  -0.1322
  -3.000   0.2251   0.01596   0.00850  -0.1343
  -2.750   0.2633   0.01537   0.00803  -0.1364
  -2.500   0.3012   0.01483   0.00761  -0.1385
  -2.250   0.3391   0.01432   0.00722  -0.1405
  -2.000   0.3757   0.01386   0.00689  -0.1423
  -1.750   0.4108   0.01344   0.00660  -0.1437
  -1.500   0.4461   0.01301   0.00633  -0.1452
  -1.250   0.4797   0.01261   0.00611  -0.1464
  -1.000   0.5130   0.01220   0.00593  -0.1475
  -0.750   0.5429   0.01184   0.00586  -0.1478
  -0.500   0.5702   0.01144   0.00580  -0.1472
  -0.250   0.5957   0.01107   0.00573  -0.1462
   0.000   0.6205   0.01077   0.00564  -0.1449
   0.250   0.6458   0.01057   0.00552  -0.1438
   0.500   0.6728   0.01045   0.00537  -0.1431
   0.750   0.7016   0.01043   0.00521  -0.1431
   1.000   0.7314   0.01050   0.00508  -0.1434
   1.250   0.7602   0.01062   0.00503  -0.1436
   1.500   0.7871   0.01074   0.00501  -0.1433
   1.750   0.8138   0.01087   0.00500  -0.1431
   2.000   0.8400   0.01103   0.00502  -0.1427
   2.250   0.8661   0.01121   0.00506  -0.1423
   2.500   0.8920   0.01141   0.00512  -0.1419
   2.750   0.9175   0.01162   0.00522  -0.1414
   3.000   0.9425   0.01183   0.00532  -0.1409
   3.250   0.9671   0.01206   0.00544  -0.1403
   3.500   0.9913   0.01230   0.00556  -0.1395
   3.750   1.0151   0.01256   0.00569  -0.1388
   4.000   1.0386   0.01283   0.00585  -0.1379
   4.250   1.0618   0.01311   0.00602  -0.1370
   4.500   1.0847   0.01339   0.00621  -0.1361
   4.750   1.1076   0.01368   0.00641  -0.1352
   5.000   1.1305   0.01397   0.00663  -0.1343
   5.250   1.1534   0.01428   0.00686  -0.1335
   5.500   1.1761   0.01461   0.00711  -0.1326
   5.750   1.1988   0.01494   0.00739  -0.1317
   6.000   1.2206   0.01526   0.00766  -0.1307
   6.250   1.2417   0.01557   0.00790  -0.1295
   6.500   1.2601   0.01590   0.00818  -0.1278
   6.750   1.2729   0.01628   0.00846  -0.1255
   7.000   1.2822   0.01707   0.00897  -0.1221
   7.250   1.2890   0.01821   0.00971  -0.1179
   7.500   1.2939   0.01967   0.01067  -0.1134
   8.000   1.2987   0.02114   0.01165  -0.1092
   8.250   1.3060   0.02281   0.01287  -0.1051
   8.500   1.3169   0.02446   0.01418  -0.1016
   8.750   1.3291   0.02597   0.01553  -0.0985
   9.250   1.3405   0.02730   0.01680  -0.0959
   9.500   1.3531   0.02869   0.01815  -0.0932
   9.750   1.3655   0.03000   0.01948  -0.0908
  10.000   1.3767   0.03123   0.02074  -0.0888
  10.250   1.3870   0.03226   0.02187  -0.0873
  10.500   1.3975   0.03347   0.02320  -0.0856
  10.750   1.4078   0.03473   0.02461  -0.0839
  11.000   1.4172   0.03609   0.02613  -0.0823
  11.250   1.4260   0.03755   0.02776  -0.0807
  11.500   1.4338   0.03914   0.02952  -0.0791
  11.750   1.4404   0.04089   0.03145  -0.0775
  12.000   1.4458   0.04280   0.03354  -0.0760
  12.250   1.4496   0.04492   0.03584  -0.0746
  12.500   1.4518   0.04730   0.03839  -0.0733
  12.750   1.4520   0.04998   0.04123  -0.0721
  13.000   1.4502   0.05298   0.04440  -0.0711
  13.250   1.4464   0.05633   0.04792  -0.0703
  13.500   1.4462   0.05585   0.04736  -0.0697
  13.750   1.4411   0.05843   0.05002  -0.0693
  14.000   1.4274   0.06725   0.05926  -0.0691
  14.250   1.4014   0.08551   0.07845  -0.0689
  17.000   1.3593   0.11641   0.11096  -0.0688
