Smoothened XFOIL polar
 10-point moving average applied

   alpha    CL        CD       CDp       CM
  ------ -------- --------- --------- --------
 -17.750  -0.5689   0.22138   0.21474   0.0154
 -16.500  -0.4844   0.19692   0.19053  -0.0003
 -15.000  -0.4201   0.17192   0.16578  -0.0132
 -11.250  -0.3737   0.14805   0.14215  -0.0234
  -9.500  -0.3432   0.12697   0.12128  -0.0308
  -9.250  -0.3227   0.11079   0.10526  -0.0352
  -8.750  -0.3184   0.10201   0.09660  -0.0361
  -8.500  -0.3318   0.10187   0.09655  -0.0338
  -8.250  -0.3360   0.10152   0.09634  -0.0331
  -8.000  -0.3454   0.09871   0.09366  -0.0312
  -7.750  -0.3754   0.10149   0.09697  -0.0263
  -7.250  -0.3843   0.09425   0.08958  -0.0262
  -6.750  -0.3736   0.08047   0.07514  -0.0300
  -6.500  -0.3460   0.06288   0.05648  -0.0362
  -4.500  -0.3024   0.04585   0.03835  -0.0445
  -4.250  -0.2516   0.03223   0.02375  -0.0537
  -4.000  -0.1995   0.02267   0.01345  -0.0619
  -3.750  -0.1535   0.01934   0.00980  -0.0669
  -3.500  -0.1241   0.02458   0.01540  -0.0672
  -3.250  -0.0809   0.02412   0.01489  -0.0711
  -3.000  -0.0364   0.02342   0.01415  -0.0750
  -2.750   0.0067   0.02251   0.01319  -0.0784
  -2.500   0.0490   0.02193   0.01270  -0.0818
  -2.250   0.0901   0.02149   0.01236  -0.0851
  -2.000   0.1291   0.02088   0.01212  -0.0880
  -1.750   0.1671   0.02012   0.01190  -0.0903
  -1.500   0.2044   0.01932   0.01170  -0.0923
  -1.250   0.2414   0.01858   0.01149  -0.0941
  -1.000   0.2794   0.01799   0.01129  -0.0960
  -0.750   0.3176   0.01762   0.01107  -0.0980
  -0.500   0.3555   0.01746   0.01084  -0.0999
  -0.250   0.3925   0.01751   0.01062  -0.1019
   0.000   0.4269   0.01747   0.01045  -0.1033
   0.250   0.4607   0.01738   0.01028  -0.1044
   0.500   0.4934   0.01728   0.01011  -0.1053
   0.750   0.5254   0.01718   0.00996  -0.1059
   1.000   0.5565   0.01708   0.00982  -0.1064
   1.250   0.5871   0.01699   0.00968  -0.1067
   1.500   0.6168   0.01691   0.00954  -0.1069
   1.750   0.6458   0.01684   0.00942  -0.1069
   2.000   0.6746   0.01679   0.00929  -0.1068
   2.250   0.7029   0.01676   0.00919  -0.1066
   2.500   0.7308   0.01678   0.00915  -0.1064
   2.750   0.7581   0.01684   0.00915  -0.1061
   3.000   0.7851   0.01691   0.00916  -0.1057
   3.250   0.8119   0.01695   0.00912  -0.1052
   3.500   0.8382   0.01696   0.00905  -0.1045
   3.750   0.8639   0.01695   0.00894  -0.1036
   4.000   0.8893   0.01694   0.00883  -0.1027
   4.250   0.9141   0.01696   0.00874  -0.1017
   4.500   0.9383   0.01701   0.00871  -0.1006
   4.750   0.9620   0.01712   0.00873  -0.0995
   5.000   0.9856   0.01726   0.00878  -0.0985
   5.250   1.0092   0.01743   0.00886  -0.0976
   5.500   1.0326   0.01763   0.00901  -0.0966
   5.750   1.0562   0.01786   0.00921  -0.0958
   6.000   1.0793   0.01809   0.00943  -0.0948
   6.250   1.1001   0.01833   0.00960  -0.0934
   6.500   1.1183   0.01860   0.00976  -0.0916
   6.750   1.1329   0.01868   0.00972  -0.0899
   7.000   1.1479   0.01936   0.01006  -0.0873
   7.250   1.1604   0.01653   0.00635  -0.0865
   7.500   1.1851   0.02008   0.00950  -0.0820
   8.250   1.2226   0.02625   0.01579  -0.0726
   8.500   1.2458   0.03825   0.02828  -0.0616
  10.500   1.2276   0.05752   0.04856  -0.0507
  11.250   1.1464   0.08560   0.07824  -0.0412
  13.250   0.9801   0.12404   0.11893  -0.0348
