Smoothened XFOIL polar
 10-point moving average applied

   alpha    CL        CD       CDp       CM
  ------ -------- --------- --------- --------
 -19.000  -0.5874   0.23303   0.22389   0.0171
 -18.750  -0.6103   0.23636   0.22705   0.0198
 -18.250  -0.5965   0.23166   0.22238   0.0171
 -17.250  -0.5562   0.22063   0.21151   0.0106
 -17.000  -0.5001   0.20496   0.19611   0.0017
 -16.500  -0.4452   0.18519   0.17658  -0.0073
 -11.500  -0.3899   0.16704   0.15873  -0.0166
 -11.000  -0.3493   0.15059   0.14252  -0.0240
 -10.750  -0.3243   0.13651   0.12859  -0.0290
 -10.500  -0.3189   0.12940   0.12154  -0.0307
 -10.250  -0.3363   0.13142   0.12353  -0.0286
 -10.000  -0.3270   0.12886   0.12108  -0.0292
  -9.750  -0.3200   0.12581   0.11813  -0.0299
  -9.500  -0.3160   0.12209   0.11445  -0.0297
  -9.250  -0.3050   0.11948   0.11199  -0.0302
  -9.000  -0.3101   0.11665   0.10923  -0.0303
  -8.750  -0.3177   0.11353   0.10615  -0.0298
  -8.500  -0.3179   0.11122   0.10394  -0.0297
  -8.250  -0.3203   0.10832   0.10113  -0.0291
  -8.000  -0.3226   0.10547   0.09845  -0.0276
  -7.750  -0.3371   0.10191   0.09501  -0.0255
  -7.250  -0.3479   0.09803   0.09127  -0.0232
  -6.750  -0.3634   0.09662   0.09012  -0.0186
  -6.500  -0.3809   0.09165   0.08519  -0.0185
  -6.250  -0.3876   0.08469   0.07820  -0.0218
  -6.000  -0.3792   0.07544   0.06868  -0.0286
  -5.250  -0.3632   0.06401   0.05663  -0.0376
  -5.000  -0.3398   0.05356   0.04563  -0.0458
  -4.750  -0.3186   0.04558   0.03727  -0.0515
  -4.500  -0.2970   0.04094   0.03238  -0.0539
  -4.250  -0.2782   0.04072   0.03209  -0.0519
  -4.000  -0.2564   0.03931   0.03054  -0.0522
  -3.750  -0.2331   0.03833   0.02940  -0.0524
  -3.500  -0.2061   0.03651   0.02723  -0.0536
  -3.250  -0.1748   0.03382   0.02400  -0.0556
  -3.000  -0.1458   0.03197   0.02175  -0.0570
  -2.750  -0.1204   0.03097   0.02054  -0.0575
  -2.500  -0.0956   0.03015   0.01954  -0.0579
  -2.250  -0.0717   0.02949   0.01877  -0.0582
  -2.000  -0.0483   0.02898   0.01821  -0.0584
  -1.750  -0.0227   0.02863   0.01774  -0.0592
  -1.500   0.0016   0.02800   0.01747  -0.0593
  -1.250   0.0221   0.02724   0.01725  -0.0586
  -1.000   0.0412   0.02657   0.01715  -0.0577
  -0.750   0.0637   0.02617   0.01719  -0.0577
  -0.500   0.0924   0.02620   0.01743  -0.0590
  -0.250   0.1274   0.02671   0.01790  -0.0618
   0.000   0.1683   0.02768   0.01855  -0.0660
   0.250   0.2162   0.02897   0.01933  -0.0717
   0.500   0.2626   0.02999   0.02018  -0.0767
   0.750   0.3034   0.03090   0.02096  -0.0806
   1.000   0.3418   0.03173   0.02169  -0.0839
   1.250   0.3777   0.03255   0.02243  -0.0867
   1.500   0.4120   0.03336   0.02319  -0.0891
   1.750   0.4457   0.03415   0.02395  -0.0912
   2.000   0.4773   0.03497   0.02474  -0.0930
   2.250   0.5079   0.03582   0.02556  -0.0946
   2.500   0.5384   0.03661   0.02634  -0.0960
   2.750   0.5676   0.03740   0.02711  -0.0971
   3.000   0.5968   0.03820   0.02788  -0.0981
   3.250   0.6239   0.03904   0.02871  -0.0988
   3.500   0.6529   0.03979   0.02946  -0.0995
   3.750   0.6809   0.04062   0.03029  -0.1002
   4.000   0.7059   0.04156   0.03125  -0.1005
   4.250   0.7294   0.04258   0.03229  -0.1006
   4.500   0.7558   0.04344   0.03318  -0.1008
   4.750   0.7787   0.04447   0.03426  -0.1007
   5.000   0.7998   0.04560   0.03544  -0.1003
   5.250   0.8212   0.04671   0.03660  -0.0999
   5.500   0.8463   0.04760   0.03756  -0.0997
   5.750   0.8806   0.04732   0.03736  -0.0994
   6.000   0.9210   0.04608   0.03621  -0.0986
   6.250   0.9690   0.04371   0.03393  -0.0976
   6.500   1.0225   0.04054   0.03083  -0.0965
   6.750   1.0721   0.03755   0.02789  -0.0950
   7.000   1.1159   0.03502   0.02542  -0.0933
   7.250   1.1500   0.03315   0.02354  -0.0910
   7.500   1.1731   0.03172   0.02211  -0.0886
   7.750   1.1880   0.02647   0.01641  -0.0861
   8.000   1.2265   0.02246   0.01208  -0.0763
   8.250   1.2077   0.03569   0.02534  -0.0666
   9.000   1.1145   0.05411   0.04414  -0.0519
  11.000   1.0140   0.08815   0.07883  -0.0428
  15.000   0.9410   0.13443   0.12574  -0.0487
  15.250   0.9289   0.19308   0.18481  -0.0770
  19.750   1.0112   0.26421   0.25596  -0.1357
