Smoothened XFOIL polar
 10-point moving average applied

   alpha    CL        CD       CDp       CM
  ------ -------- --------- --------- --------
 -19.750  -0.2172   0.21012   0.20664  -0.0254
 -19.250  -0.2476   0.21091   0.20726  -0.0245
 -18.750  -0.2756   0.20971   0.20593  -0.0247
 -18.500  -0.2980   0.20713   0.20325  -0.0256
 -18.250  -0.3114   0.20374   0.19981  -0.0268
 -17.500  -0.3015   0.20161   0.19776  -0.0272
 -17.250  -0.2883   0.19817   0.19440  -0.0278
 -17.000  -0.2702   0.19270   0.18900  -0.0286
 -16.750  -0.2635   0.19014   0.18645  -0.0276
 -16.000  -0.2616   0.18855   0.18486  -0.0275
 -15.500  -0.2013   0.19413   0.19064  -0.0224
 -15.250  -0.2403   0.18306   0.17949  -0.0253
 -14.250  -0.3296   0.15981   0.15605  -0.0356
 -13.750  -0.4549   0.12947   0.12540  -0.0511
 -12.750  -0.6102   0.09525   0.09069  -0.0700
 -12.500  -0.7583   0.06318   0.05806  -0.0886
 -12.250  -0.8543   0.04115   0.03563  -0.1029
 -12.000  -0.8768   0.03174   0.02602  -0.1113
 -11.750  -0.8139   0.03871   0.03301  -0.1096
 -11.500  -0.7858   0.03768   0.03191  -0.1113
 -11.250  -0.7585   0.03644   0.03056  -0.1131
 -11.000  -0.7310   0.03502   0.02903  -0.1153
 -10.750  -0.7034   0.03366   0.02757  -0.1173
 -10.500  -0.6740   0.03241   0.02624  -0.1192
 -10.250  -0.6442   0.03132   0.02506  -0.1209
 -10.000  -0.6130   0.03035   0.02401  -0.1224
  -9.750  -0.5811   0.02950   0.02310  -0.1239
  -9.500  -0.5490   0.02867   0.02220  -0.1254
  -9.250  -0.5157   0.02777   0.02120  -0.1271
  -9.000  -0.4815   0.02688   0.02022  -0.1288
  -8.750  -0.4482   0.02606   0.01937  -0.1302
  -8.500  -0.4122   0.02525   0.01855  -0.1319
  -8.250  -0.3781   0.02450   0.01772  -0.1333
  -8.000  -0.3428   0.02369   0.01687  -0.1349
  -7.750  -0.3085   0.02294   0.01611  -0.1362
  -7.500  -0.2744   0.02224   0.01538  -0.1373
  -7.250  -0.2365   0.02151   0.01456  -0.1391
  -7.000  -0.1996   0.02075   0.01375  -0.1407
  -6.750  -0.1633   0.02005   0.01299  -0.1422
  -6.500  -0.1292   0.01940   0.01232  -0.1437
  -6.250  -0.0916   0.01873   0.01161  -0.1451
  -6.000  -0.0448   0.01802   0.01090  -0.1477
  -5.750   0.0027   0.01738   0.01025  -0.1500
  -5.250   0.0499   0.01683   0.00967  -0.1522
  -5.000   0.0978   0.01630   0.00914  -0.1547
  -4.750   0.1427   0.01589   0.00871  -0.1569
  -4.500   0.1803   0.01560   0.00837  -0.1583
  -4.250   0.2102   0.01539   0.00812  -0.1591
  -4.000   0.2425   0.01514   0.00785  -0.1597
  -3.750   0.2768   0.01493   0.00759  -0.1608
  -3.500   0.3074   0.01477   0.00737  -0.1611
  -3.250   0.3351   0.01465   0.00720  -0.1608
  -3.000   0.3622   0.01455   0.00704  -0.1604
  -2.750   0.3891   0.01447   0.00690  -0.1599
  -2.500   0.4141   0.01441   0.00679  -0.1591
  -2.250   0.4384   0.01436   0.00669  -0.1582
  -2.000   0.4632   0.01432   0.00661  -0.1574
  -1.750   0.4875   0.01431   0.00656  -0.1564
  -1.500   0.5113   0.01429   0.00653  -0.1554
  -1.250   0.5343   0.01429   0.00652  -0.1543
  -1.000   0.5578   0.01431   0.00651  -0.1532
  -0.750   0.5809   0.01434   0.00651  -0.1521
  -0.500   0.6036   0.01438   0.00652  -0.1509
  -0.250   0.6258   0.01444   0.00653  -0.1496
   0.000   0.6482   0.01452   0.00657  -0.1483
   0.250   0.6706   0.01462   0.00662  -0.1471
   0.500   0.6924   0.01471   0.00670  -0.1458
   0.750   0.7142   0.01482   0.00678  -0.1445
   1.000   0.7365   0.01494   0.00687  -0.1432
   1.250   0.7590   0.01508   0.00698  -0.1421
   1.500   0.7816   0.01523   0.00711  -0.1410
   1.750   0.8045   0.01539   0.00726  -0.1400
   2.000   0.8278   0.01557   0.00742  -0.1390
   2.250   0.8513   0.01575   0.00761  -0.1382
   2.500   0.8748   0.01594   0.00781  -0.1373
   2.750   0.8981   0.01612   0.00802  -0.1363
   3.000   0.9211   0.01632   0.00825  -0.1354
   3.250   0.9438   0.01652   0.00848  -0.1344
   3.500   0.9661   0.01673   0.00873  -0.1333
   3.750   0.9878   0.01693   0.00900  -0.1321
   4.000   1.0091   0.01716   0.00928  -0.1309
   4.250   1.0301   0.01739   0.00958  -0.1296
   4.500   1.0503   0.01762   0.00992  -0.1281
   4.750   1.0680   0.01779   0.01023  -0.1261
   5.000   1.0843   0.01794   0.01051  -0.1238
   5.250   1.1003   0.01810   0.01077  -0.1214
   5.500   1.1167   0.01831   0.01102  -0.1192
   5.750   1.1344   0.01859   0.01129  -0.1174
   6.000   1.1538   0.01897   0.01159  -0.1160
   6.250   1.1747   0.01942   0.01196  -0.1150
   6.500   1.1960   0.01991   0.01238  -0.1141
   6.750   1.2159   0.02037   0.01280  -0.1130
   7.000   1.2352   0.02083   0.01323  -0.1118
   7.250   1.2539   0.02130   0.01369  -0.1105
   7.500   1.2721   0.02180   0.01417  -0.1092
   7.750   1.2898   0.02233   0.01470  -0.1078
   8.000   1.3072   0.02291   0.01525  -0.1064
   8.250   1.3243   0.02351   0.01583  -0.1050
   8.500   1.3411   0.02415   0.01645  -0.1036
   8.750   1.3576   0.02481   0.01709  -0.1022
   9.000   1.3737   0.02550   0.01775  -0.1008
   9.250   1.3894   0.02620   0.01846  -0.0994
   9.500   1.4046   0.02694   0.01919  -0.0980
   9.750   1.4192   0.02771   0.01995  -0.0965
  10.000   1.4333   0.02853   0.02076  -0.0951
  10.250   1.4472   0.02938   0.02159  -0.0937
  10.500   1.4608   0.03029   0.02247  -0.0923
  10.750   1.4741   0.03123   0.02338  -0.0909
  11.000   1.4873   0.03220   0.02434  -0.0895
  11.250   1.5000   0.03323   0.02538  -0.0881
  11.500   1.5123   0.03429   0.02647  -0.0868
  11.750   1.5240   0.03541   0.02762  -0.0855
  12.000   1.5349   0.03660   0.02887  -0.0842
  12.250   1.5457   0.03781   0.03011  -0.0829
  12.500   1.5564   0.03905   0.03138  -0.0817
  12.750   1.5668   0.04033   0.03266  -0.0806
  13.000   1.5769   0.04168   0.03402  -0.0795
  13.250   1.5873   0.04299   0.03533  -0.0784
  13.500   1.5974   0.04437   0.03670  -0.0773
  13.750   1.6064   0.04586   0.03822  -0.0763
  14.000   1.6163   0.04726   0.03963  -0.0753
  14.250   1.6245   0.04885   0.04125  -0.0743
  14.500   1.6299   0.05072   0.04317  -0.0734
  14.750   1.6322   0.05296   0.04548  -0.0726
  15.000   1.6319   0.05554   0.04815  -0.0720
  15.250   1.6315   0.05818   0.05083  -0.0714
  15.500   1.6306   0.06091   0.05361  -0.0710
  15.750   1.6299   0.06369   0.05644  -0.0706
  16.000   1.6315   0.06628   0.05904  -0.0703
  16.250   1.6343   0.06870   0.06148  -0.0700
  16.500   1.6370   0.07114   0.06393  -0.0697
  16.750   1.6389   0.07370   0.06654  -0.0695
  17.000   1.6397   0.07648   0.06940  -0.0694
  17.250   1.6414   0.07911   0.07207  -0.0693
  17.500   1.6423   0.08190   0.07490  -0.0694
  17.750   1.6426   0.08479   0.07787  -0.0696
  18.000   1.6422   0.08780   0.08097  -0.0699
  18.250   1.6427   0.09071   0.08396  -0.0702
  18.500   1.6426   0.09371   0.08705  -0.0706
  18.750   1.6431   0.09666   0.09009  -0.0711
  19.000   1.6433   0.09965   0.09317  -0.0716
  19.250   1.6445   0.10249   0.09605  -0.0722
  19.500   1.6451   0.10542   0.09903  -0.0729
  19.750   1.6444   0.10855   0.10222  -0.0738
  20.000   1.6418   0.11197   0.10574  -0.0749
