Smoothened XFOIL polar
 10-point moving average applied

   alpha    CL        CD       CDp       CM
  ------ -------- --------- --------- --------
 -19.000  -0.3326   0.20946   0.20521  -0.0269
 -18.750  -0.4318   0.21122   0.20654  -0.0224
 -18.500  -0.4694   0.21014   0.20529  -0.0209
 -18.000  -0.4632   0.20687   0.20205  -0.0216
 -17.750  -0.4310   0.20210   0.19742  -0.0237
 -17.500  -0.4070   0.19580   0.19122  -0.0259
 -17.000  -0.3873   0.19076   0.18627  -0.0274
 -16.250  -0.3567   0.18734   0.18299  -0.0287
 -16.000  -0.3389   0.18384   0.17957  -0.0295
 -15.750  -0.3330   0.18037   0.17612  -0.0298
 -15.500  -0.3511   0.17726   0.17294  -0.0303
 -15.250  -0.3407   0.17459   0.17034  -0.0314
 -14.750  -0.3386   0.17153   0.16730  -0.0317
 -14.500  -0.3404   0.16813   0.16391  -0.0319
 -14.000  -0.3222   0.16565   0.16153  -0.0319
 -13.750  -0.3005   0.16374   0.15977  -0.0327
 -13.250  -0.2913   0.16090   0.15701  -0.0328
 -13.000  -0.2837   0.15796   0.15415  -0.0324
 -12.500  -0.2931   0.15417   0.15035  -0.0326
 -12.250  -0.2974   0.14987   0.14605  -0.0324
 -12.000  -0.3004   0.14514   0.14128  -0.0318
 -11.750  -0.3041   0.14269   0.13885  -0.0321
 -11.250  -0.3154   0.13829   0.13446  -0.0307
 -11.000  -0.3109   0.13869   0.13499  -0.0248
 -10.750  -0.3227   0.12816   0.12449  -0.0283
  -9.000  -0.3388   0.11102   0.10731  -0.0392
  -8.750  -0.3605   0.08914   0.08519  -0.0555
  -7.750  -0.3764   0.06603   0.06169  -0.0742
  -7.500  -0.3794   0.04558   0.04071  -0.0927
  -7.250  -0.3718   0.03274   0.02731  -0.1084
  -7.000  -0.3509   0.02568   0.01966  -0.1154
  -6.750  -0.2988   0.02944   0.02296  -0.1132
  -6.500  -0.2632   0.02747   0.02056  -0.1158
  -6.250  -0.2252   0.02610   0.01890  -0.1184
  -6.000  -0.1887   0.02495   0.01757  -0.1206
  -5.750  -0.1512   0.02392   0.01641  -0.1228
  -5.500  -0.1134   0.02301   0.01544  -0.1250
  -5.250  -0.0770   0.02210   0.01449  -0.1269
  -5.000  -0.0425   0.02129   0.01365  -0.1288
  -4.750  -0.0024   0.02042   0.01275  -0.1309
  -4.500   0.0402   0.01958   0.01193  -0.1330
  -4.250   0.0828   0.01882   0.01122  -0.1351
  -3.750   0.1304   0.01806   0.01053  -0.1373
  -3.500   0.1838   0.01724   0.00977  -0.1401
  -3.250   0.2369   0.01646   0.00908  -0.1428
  -2.750   0.2866   0.01574   0.00847  -0.1452
  -2.500   0.3316   0.01514   0.00795  -0.1477
  -2.250   0.3771   0.01456   0.00747  -0.1502
  -2.000   0.4166   0.01409   0.00710  -0.1521
  -1.750   0.4494   0.01375   0.00685  -0.1535
  -1.500   0.4839   0.01340   0.00659  -0.1547
  -1.250   0.5193   0.01306   0.00636  -0.1561
  -1.000   0.5528   0.01275   0.00620  -0.1571
  -0.750   0.5846   0.01248   0.00609  -0.1577
  -0.500   0.6161   0.01222   0.00600  -0.1582
  -0.250   0.6464   0.01200   0.00594  -0.1585
   0.000   0.6754   0.01181   0.00591  -0.1585
   0.250   0.7018   0.01166   0.00590  -0.1577
   0.500   0.7250   0.01151   0.00587  -0.1562
   0.750   0.7473   0.01138   0.00582  -0.1544
   1.000   0.7690   0.01131   0.00576  -0.1526
   1.250   0.7916   0.01129   0.00570  -0.1510
   1.500   0.8160   0.01134   0.00564  -0.1500
   1.750   0.8422   0.01147   0.00561  -0.1496
   2.000   0.8695   0.01166   0.00563  -0.1495
   2.250   0.8958   0.01189   0.00571  -0.1492
   2.500   0.9210   0.01211   0.00579  -0.1486
   2.750   0.9459   0.01234   0.00589  -0.1481
   3.000   0.9707   0.01259   0.00600  -0.1474
   3.250   0.9952   0.01285   0.00613  -0.1468
   3.500   1.0196   0.01312   0.00628  -0.1461
   3.750   1.0437   0.01341   0.00646  -0.1454
   4.000   1.0675   0.01371   0.00666  -0.1446
   4.250   1.0908   0.01399   0.00686  -0.1438
   4.500   1.1139   0.01429   0.00706  -0.1429
   4.750   1.1366   0.01459   0.00728  -0.1419
   5.000   1.1591   0.01491   0.00752  -0.1410
   5.250   1.1812   0.01525   0.00777  -0.1399
   5.500   1.2029   0.01561   0.00803  -0.1388
   5.750   1.2240   0.01595   0.00832  -0.1376
   6.000   1.2449   0.01621   0.00854  -0.1368
   6.250   1.2640   0.01659   0.00886  -0.1349
   6.500   1.2819   0.01706   0.00927  -0.1323
   6.750   1.2980   0.01761   0.00973  -0.1290
   7.250   1.3118   0.01816   0.01019  -0.1258
   7.500   1.3268   0.01888   0.01077  -0.1222
   7.750   1.3425   0.01971   0.01145  -0.1188
   8.000   1.3593   0.02056   0.01215  -0.1159
   8.500   1.3769   0.02138   0.01283  -0.1138
   8.750   1.3929   0.02233   0.01364  -0.1112
   9.000   1.4079   0.02327   0.01445  -0.1089
   9.250   1.4206   0.02421   0.01527  -0.1067
   9.500   1.4304   0.02511   0.01607  -0.1048
   9.750   1.4396   0.02623   0.01703  -0.1026
  10.000   1.4498   0.02730   0.01800  -0.1005
  10.250   1.4606   0.02817   0.01884  -0.0988
  10.500   1.4719   0.02931   0.01995  -0.0969
  10.750   1.4817   0.03084   0.02142  -0.0946
  11.000   1.4901   0.03265   0.02317  -0.0922
  11.500   1.4965   0.03447   0.02491  -0.0898
  11.750   1.4987   0.03705   0.02737  -0.0871
  12.000   1.4973   0.04015   0.03033  -0.0843
  12.250   1.4958   0.04335   0.03348  -0.0820
  12.750   1.4938   0.04645   0.03658  -0.0802
  13.000   1.4932   0.04969   0.03984  -0.0786
  13.250   1.4927   0.05285   0.04306  -0.0772
  13.500   1.4934   0.05573   0.04602  -0.0763
  13.750   1.4953   0.05818   0.04860  -0.0759
  14.000   1.4958   0.06108   0.05164  -0.0754
  14.250   1.4957   0.06415   0.05487  -0.0750
  14.500   1.4944   0.06744   0.05833  -0.0748
  14.750   1.4923   0.07092   0.06199  -0.0747
  15.000   1.4894   0.07457   0.06582  -0.0748
  15.250   1.4859   0.07838   0.06982  -0.0750
  15.500   1.4818   0.08233   0.07396  -0.0754
  15.750   1.4774   0.08641   0.07822  -0.0760
  16.000   1.4721   0.09069   0.08268  -0.0768
  16.250   1.4661   0.09515   0.08732  -0.0778
  16.500   1.4595   0.09977   0.09213  -0.0790
  16.750   1.4525   0.10454   0.09707  -0.0804
  17.000   1.4451   0.10944   0.10214  -0.0821
  17.250   1.4374   0.11446   0.10732  -0.0839
  17.500   1.4296   0.11956   0.11258  -0.0860
  17.750   1.4219   0.12471   0.11787  -0.0882
  18.000   1.4144   0.12987   0.12317  -0.0906
  18.250   1.4072   0.13467   0.12809  -0.0930
  18.500   1.4010   0.13987   0.13342  -0.0957
  18.750   1.3964   0.14511   0.13879  -0.0985
  19.000   1.3937   0.15021   0.14401  -0.1012
  19.500   1.3934   0.15486   0.14877  -0.1037
  19.750   1.3959   0.15882   0.15284  -0.1057
  20.000   1.4017   0.16185   0.15597  -0.1071
