Smoothened XFOIL polar
 10-point moving average applied

   alpha    CL        CD       CDp       CM
  ------ -------- --------- --------- --------
 -16.500  -0.5168   0.20145   0.19502   0.0043
 -16.250  -0.4952   0.20047   0.19400   0.0014
 -15.000  -0.4549   0.18739   0.18103  -0.0056
 -14.750  -0.4057   0.16646   0.16032  -0.0146
 -10.500  -0.3577   0.14190   0.13607  -0.0237
  -9.750  -0.3261   0.12140   0.11592  -0.0281
  -8.250  -0.3247   0.10640   0.10136  -0.0284
  -7.250  -0.3399   0.09222   0.08755  -0.0290
  -7.000  -0.3700   0.08240   0.07764  -0.0295
  -6.000  -0.3737   0.06742   0.06217  -0.0350
  -5.250  -0.3582   0.05318   0.04706  -0.0429
  -5.000  -0.3312   0.03901   0.03180  -0.0515
  -4.750  -0.2977   0.02772   0.01950  -0.0573
  -4.500  -0.2591   0.02274   0.01378  -0.0596
  -4.250  -0.2302   0.02322   0.01401  -0.0595
  -4.000  -0.1995   0.02390   0.01472  -0.0608
  -3.750  -0.1649   0.02433   0.01515  -0.0632
  -3.500  -0.1260   0.02441   0.01520  -0.0666
  -3.250  -0.0826   0.02401   0.01475  -0.0706
  -3.000  -0.0376   0.02337   0.01408  -0.0746
  -2.750   0.0054   0.02254   0.01323  -0.0781
  -2.500   0.0476   0.02190   0.01266  -0.0814
  -2.250   0.0887   0.02147   0.01233  -0.0848
  -2.000   0.1280   0.02085   0.01209  -0.0876
  -1.750   0.1659   0.02009   0.01187  -0.0900
  -1.500   0.2029   0.01928   0.01167  -0.0919
  -1.250   0.2402   0.01855   0.01147  -0.0938
  -1.000   0.2779   0.01797   0.01127  -0.0957
  -0.750   0.3158   0.01760   0.01106  -0.0976
  -0.500   0.3535   0.01746   0.01085  -0.0996
  -0.250   0.3906   0.01752   0.01063  -0.1016
   0.000   0.4257   0.01747   0.01045  -0.1031
   0.250   0.4598   0.01738   0.01028  -0.1043
   0.500   0.4927   0.01728   0.01011  -0.1052
   0.750   0.5247   0.01718   0.00996  -0.1059
   1.000   0.5557   0.01710   0.00983  -0.1064
   1.250   0.5863   0.01700   0.00969  -0.1067
   1.500   0.6163   0.01691   0.00955  -0.1069
   1.750   0.6456   0.01684   0.00941  -0.1069
   2.000   0.6743   0.01678   0.00929  -0.1069
   2.250   0.7030   0.01673   0.00917  -0.1067
   2.500   0.7310   0.01675   0.00912  -0.1065
   2.750   0.7585   0.01680   0.00911  -0.1062
   3.000   0.7854   0.01687   0.00912  -0.1058
   3.250   0.8122   0.01691   0.00908  -0.1053
   3.500   0.8384   0.01692   0.00901  -0.1046
   3.750   0.8640   0.01691   0.00891  -0.1037
   4.000   0.8891   0.01691   0.00881  -0.1027
   4.250   0.9139   0.01692   0.00871  -0.1017
   4.500   0.9380   0.01698   0.00868  -0.1006
   4.750   0.9618   0.01708   0.00869  -0.0996
   5.000   0.9854   0.01721   0.00874  -0.0986
   5.250   1.0090   0.01738   0.00882  -0.0976
   5.500   1.0324   0.01759   0.00897  -0.0966
   5.750   1.0561   0.01782   0.00917  -0.0958
   6.000   1.0791   0.01805   0.00939  -0.0948
   6.250   1.0995   0.01829   0.00956  -0.0934
   6.500   1.1175   0.01857   0.00971  -0.0915
   6.750   1.1338   0.01891   0.00986  -0.0894
   7.000   1.1513   0.01308   0.00331  -0.0910
   7.250   1.1644   0.01168   0.00141  -0.0898
   7.500   1.1711   0.01972   0.00950  -0.0829
   7.750   1.1689   0.04217   0.03291  -0.0671
  11.750   1.1554   0.08401   0.07699  -0.0397
