Smoothened XFOIL polar
 10-point moving average applied

   alpha    CL        CD       CDp       CM
  ------ -------- --------- --------- --------
 -15.000  -0.3240   0.17956   0.17453  -0.0386
 -13.500  -0.2967   0.16041   0.15594  -0.0309
 -11.250  -0.3136   0.13778   0.13359  -0.0284
  -8.750  -0.3591   0.11345   0.10931  -0.0305
  -8.500  -0.4175   0.08920   0.08490  -0.0361
  -7.750  -0.4742   0.06409   0.05929  -0.0469
  -7.500  -0.4972   0.05113   0.04608  -0.0539
  -7.250  -0.4846   0.04495   0.03991  -0.0615
  -7.000  -0.4456   0.04059   0.03539  -0.0695
  -6.000  -0.3738   0.04145   0.03592  -0.0756
  -5.750  -0.3031   0.04421   0.03851  -0.0783
  -5.500  -0.2425   0.04065   0.03443  -0.0858
  -5.250  -0.1942   0.03424   0.02731  -0.0939
  -5.000  -0.1616   0.02551   0.01778  -0.1023
  -4.750  -0.1218   0.02479   0.01676  -0.1038
  -4.500  -0.0841   0.02514   0.01712  -0.1054
  -4.250  -0.0453   0.02407   0.01585  -0.1078
  -4.000  -0.0060   0.02296   0.01456  -0.1103
  -3.750   0.0318   0.02205   0.01360  -0.1124
  -3.500   0.0703   0.02124   0.01282  -0.1147
  -3.250   0.1075   0.02051   0.01217  -0.1168
  -3.000   0.1457   0.01982   0.01159  -0.1190
  -2.750   0.1831   0.01919   0.01109  -0.1211
  -2.500   0.2216   0.01857   0.01064  -0.1234
  -2.250   0.2595   0.01802   0.01025  -0.1255
  -2.000   0.2989   0.01746   0.00986  -0.1279
  -1.750   0.3378   0.01689   0.00950  -0.1302
  -1.500   0.3765   0.01627   0.00917  -0.1325
  -1.250   0.4101   0.01565   0.00892  -0.1335
  -1.000   0.4420   0.01496   0.00866  -0.1338
  -0.750   0.4714   0.01432   0.00841  -0.1334
  -0.500   0.5014   0.01375   0.00811  -0.1331
  -0.250   0.5311   0.01333   0.00783  -0.1327
   0.000   0.5626   0.01302   0.00753  -0.1329
   0.250   0.5950   0.01285   0.00727  -0.1336
   0.500   0.6277   0.01277   0.00706  -0.1345
   0.750   0.6582   0.01272   0.00690  -0.1349
   1.000   0.6887   0.01267   0.00674  -0.1353
   1.250   0.7189   0.01264   0.00658  -0.1356
   1.500   0.7490   0.01263   0.00644  -0.1358
   1.750   0.7781   0.01268   0.00635  -0.1359
   2.000   0.8061   0.01275   0.00630  -0.1358
   2.250   0.8331   0.01286   0.00628  -0.1355
   2.500   0.8597   0.01298   0.00628  -0.1351
   2.750   0.8862   0.01312   0.00629  -0.1347
   3.000   0.9123   0.01330   0.00635  -0.1342
   3.250   0.9382   0.01350   0.00644  -0.1338
   3.500   0.9636   0.01372   0.00655  -0.1333
   3.750   0.9883   0.01394   0.00667  -0.1326
   4.000   1.0125   0.01417   0.00679  -0.1319
   4.250   1.0362   0.01440   0.00691  -0.1310
   4.500   1.0596   0.01466   0.00706  -0.1301
   4.750   1.0830   0.01494   0.00723  -0.1293
   5.000   1.1062   0.01523   0.00744  -0.1284
   5.250   1.1293   0.01554   0.00768  -0.1275
   5.500   1.1522   0.01584   0.00792  -0.1266
   5.750   1.1752   0.01615   0.00818  -0.1258
   6.000   1.1977   0.01648   0.00846  -0.1248
   6.250   1.2199   0.01668   0.00864  -0.1242
   6.500   1.2397   0.01702   0.00891  -0.1225
   6.750   1.2550   0.01761   0.00931  -0.1195
   7.000   1.2651   0.01850   0.00986  -0.1154
   7.500   1.2715   0.01966   0.01058  -0.1107
   7.750   1.2760   0.02100   0.01145  -0.1059
   8.000   1.2808   0.02242   0.01243  -0.1016
   8.250   1.2876   0.02375   0.01345  -0.0983
   8.500   1.2965   0.02487   0.01443  -0.0961
   8.750   1.3024   0.02516   0.01459  -0.0947
   9.000   1.3142   0.02687   0.01629  -0.0915
   9.250   1.3290   0.02975   0.01925  -0.0869
   9.500   1.3448   0.03346   0.02315  -0.0817
  11.250   1.3600   0.03737   0.02730  -0.0765
  11.500   1.3724   0.04096   0.03116  -0.0718
  11.750   1.3783   0.04619   0.03673  -0.0679
  12.000   1.3749   0.05085   0.04167  -0.0659
  12.500   1.3681   0.05658   0.04767  -0.0644
  13.500   1.3599   0.06388   0.05527  -0.0629
  13.750   1.3526   0.07327   0.06500  -0.0610
