Smoothened XFOIL polar
 10-point moving average applied

   alpha    CL        CD       CDp       CM
  ------ -------- --------- --------- --------
 -20.000  -0.3502   0.21767   0.21153  -0.0231
 -19.750  -0.4025   0.21900   0.21255  -0.0199
 -19.500  -0.4026   0.21731   0.21086  -0.0202
 -19.250  -0.3713   0.21382   0.20755  -0.0226
 -19.000  -0.3297   0.20974   0.20372  -0.0259
 -18.750  -0.3240   0.20745   0.20147  -0.0281
 -18.500  -0.3269   0.20685   0.20086  -0.0284
 -18.250  -0.3683   0.20716   0.20092  -0.0266
 -18.000  -0.3695   0.20558   0.19935  -0.0270
 -17.750  -0.3746   0.20203   0.19575  -0.0272
 -17.000  -0.3494   0.19773   0.19159  -0.0284
 -16.250  -0.3258   0.19231   0.18631  -0.0303
 -16.000  -0.3146   0.18775   0.18180  -0.0305
 -15.500  -0.3103   0.18594   0.18003  -0.0310
 -15.250  -0.2925   0.18397   0.17817  -0.0319
 -15.000  -0.3028   0.18143   0.17559  -0.0321
 -14.750  -0.2981   0.17814   0.17236  -0.0331
 -14.500  -0.3159   0.17319   0.16729  -0.0333
 -13.750  -0.3101   0.16934   0.16349  -0.0336
 -13.500  -0.3096   0.16581   0.15998  -0.0332
 -13.250  -0.2997   0.16246   0.15669  -0.0329
 -13.000  -0.2849   0.16139   0.15577  -0.0332
 -12.750  -0.2797   0.16095   0.15542  -0.0334
 -12.500  -0.2727   0.16016   0.15478  -0.0333
 -12.250  -0.2699   0.15740   0.15201  -0.0330
 -12.000  -0.2803   0.15320   0.14780  -0.0332
 -11.500  -0.2836   0.14817   0.14278  -0.0327
 -11.000  -0.2826   0.14209   0.13670  -0.0316
 -10.500  -0.2930   0.13635   0.13094  -0.0308
  -9.750  -0.3022   0.13129   0.12593  -0.0296
  -9.500  -0.3122   0.12661   0.12131  -0.0282
  -9.250  -0.3178   0.12355   0.11840  -0.0262
  -8.500  -0.3199   0.12110   0.11605  -0.0238
  -8.250  -0.3256   0.11890   0.11397  -0.0220
  -8.000  -0.3364   0.11602   0.11117  -0.0201
  -7.750  -0.3486   0.11295   0.10814  -0.0185
  -7.500  -0.3653   0.11199   0.10726  -0.0163
  -7.250  -0.3757   0.11159   0.10694  -0.0111
  -7.000  -0.3915   0.10761   0.10304  -0.0118
  -6.750  -0.4007   0.09903   0.09436  -0.0203
  -6.250  -0.3957   0.08731   0.08242  -0.0341
  -6.000  -0.3733   0.07017   0.06452  -0.0551
  -5.750  -0.3567   0.05993   0.05406  -0.0695
  -5.500  -0.3280   0.05066   0.04439  -0.0827
  -5.250  -0.2897   0.04487   0.03811  -0.0910
  -5.000  -0.2432   0.04375   0.03654  -0.0930
  -4.750  -0.1993   0.04198   0.03437  -0.0968
  -4.500  -0.1540   0.03870   0.03062  -0.1024
  -4.250  -0.1090   0.03482   0.02630  -0.1087
  -4.000  -0.0661   0.02978   0.02071  -0.1161
  -3.750  -0.0274   0.03165   0.02280  -0.1160
  -3.500   0.0193   0.03100   0.02217  -0.1189
  -3.250   0.0688   0.03029   0.02149  -0.1219
  -2.750   0.1171   0.02963   0.02087  -0.1246
  -2.500   0.1659   0.02894   0.02022  -0.1273
  -2.250   0.2122   0.02831   0.01965  -0.1297
  -2.000   0.2522   0.02782   0.01925  -0.1316
  -1.750   0.2862   0.02738   0.01891  -0.1330
  -1.500   0.3253   0.02679   0.01846  -0.1349
  -1.250   0.3639   0.02617   0.01798  -0.1365
  -1.000   0.4005   0.02557   0.01753  -0.1378
  -0.750   0.4383   0.02488   0.01705  -0.1391
  -0.500   0.4783   0.02410   0.01649  -0.1407
  -0.250   0.5184   0.02330   0.01596  -0.1423
   0.000   0.5571   0.02256   0.01548  -0.1435
   0.250   0.5910   0.02175   0.01498  -0.1433
   0.500   0.6225   0.02094   0.01443  -0.1425
   0.750   0.6540   0.02018   0.01383  -0.1418
   1.000   0.6843   0.01958   0.01326  -0.1411
   1.250   0.7187   0.01906   0.01266  -0.1414
   1.500   0.7553   0.01870   0.01214  -0.1425
   1.750   0.7933   0.01851   0.01174  -0.1442
   2.000   0.8308   0.01847   0.01147  -0.1459
   2.250   0.8629   0.01850   0.01133  -0.1464
   2.500   0.8941   0.01856   0.01123  -0.1467
   2.750   0.9253   0.01865   0.01115  -0.1471
   3.000   0.9549   0.01882   0.01116  -0.1472
   3.250   0.9833   0.01903   0.01123  -0.1471
   3.500   1.0108   0.01927   0.01133  -0.1469
   3.750   1.0372   0.01953   0.01146  -0.1464
   4.000   1.0635   0.01979   0.01158  -0.1459
   4.250   1.0890   0.02007   0.01173  -0.1453
   4.500   1.1138   0.02038   0.01192  -0.1446
   4.750   1.1388   0.02071   0.01213  -0.1439
   5.000   1.1638   0.02109   0.01240  -0.1433
   5.250   1.1875   0.02150   0.01273  -0.1425
   5.500   1.2111   0.02193   0.01308  -0.1417
   5.750   1.2343   0.02236   0.01346  -0.1408
   6.000   1.2577   0.02280   0.01381  -0.1400
   6.250   1.2806   0.02326   0.01423  -0.1391
   6.500   1.3034   0.02373   0.01469  -0.1382
   6.750   1.3272   0.02420   0.01517  -0.1374
   7.000   1.3506   0.02470   0.01569  -0.1367
   7.250   1.3727   0.02524   0.01627  -0.1357
   7.500   1.3933   0.02574   0.01680  -0.1345
   7.750   1.4117   0.02620   0.01726  -0.1328
   8.000   1.4273   0.02660   0.01759  -0.1306
   8.250   1.4390   0.02696   0.01788  -0.1277
   8.500   1.4473   0.02730   0.01814  -0.1243
   8.750   1.4528   0.02767   0.01843  -0.1204
   9.000   1.4556   0.02814   0.01883  -0.1162
   9.250   1.4572   0.02873   0.01940  -0.1120
   9.500   1.4594   0.02941   0.02006  -0.1081
   9.750   1.4625   0.03018   0.02082  -0.1045
  10.000   1.4679   0.03102   0.02168  -0.1014
  10.250   1.4751   0.03193   0.02262  -0.0987
  10.500   1.4835   0.03292   0.02364  -0.0964
  10.750   1.4921   0.03397   0.02472  -0.0941
  11.000   1.4997   0.03511   0.02590  -0.0919
  11.250   1.5065   0.03635   0.02716  -0.0897
  11.500   1.5122   0.03767   0.02850  -0.0876
  11.750   1.5165   0.03911   0.02993  -0.0854
  12.000   1.5206   0.04064   0.03149  -0.0834
  12.250   1.5242   0.04228   0.03317  -0.0816
  12.500   1.5275   0.04403   0.03496  -0.0798
  12.750   1.5301   0.04589   0.03685  -0.0782
  13.000   1.5321   0.04788   0.03888  -0.0768
  13.250   1.5346   0.04935   0.04037  -0.0754
  13.500   1.5350   0.05199   0.04304  -0.0742
  13.750   1.5326   0.05568   0.04678  -0.0731
  14.000   1.5276   0.06022   0.05135  -0.0722
  14.750   1.5205   0.06531   0.05650  -0.0717
  15.000   1.5124   0.07060   0.06186  -0.0714
  15.250   1.5039   0.07573   0.06708  -0.0715
  15.500   1.4964   0.08027   0.07173  -0.0718
  15.750   1.4902   0.08388   0.07544  -0.0724
  16.000   1.4834   0.08817   0.07985  -0.0731
  16.250   1.4768   0.09249   0.08431  -0.0740
  16.500   1.4703   0.09687   0.08883  -0.0750
  16.750   1.4632   0.10141   0.09352  -0.0762
  17.000   1.4556   0.10614   0.09840  -0.0777
  17.250   1.4462   0.11125   0.10365  -0.0796
  17.500   1.4361   0.11658   0.10909  -0.0818
  17.750   1.4251   0.12211   0.11471  -0.0843
  18.000   1.4137   0.12777   0.12045  -0.0871
  18.250   1.4030   0.13338   0.12614  -0.0900
  18.500   1.3933   0.13889   0.13175  -0.0929
  18.750   1.3839   0.14443   0.13739  -0.0961
  19.000   1.3740   0.15012   0.14317  -0.0996
  19.250   1.3635   0.15602   0.14912  -0.1033
  19.500   1.3530   0.16200   0.15514  -0.1072
  19.750   1.3428   0.16801   0.16118  -0.1113
  20.000   1.3331   0.17401   0.16721  -0.1154
