Smoothened XFOIL polar
 10-point moving average applied

   alpha    CL        CD       CDp       CM
  ------ -------- --------- --------- --------
 -16.000  -0.4612   0.19194   0.18670  -0.0041
 -12.000  -0.3675   0.15168   0.14676  -0.0221
 -10.250  -0.3139   0.12483   0.12017  -0.0318
 -10.000  -0.2923   0.10850   0.10406  -0.0353
  -8.250  -0.2947   0.09982   0.09554  -0.0344
  -8.000  -0.3208   0.09667   0.09251  -0.0292
  -7.750  -0.3463   0.09537   0.09162  -0.0251
  -7.500  -0.3606   0.08737   0.08363  -0.0269
  -6.750  -0.3691   0.07640   0.07215  -0.0329
  -6.000  -0.3600   0.06053   0.05544  -0.0425
  -5.500  -0.3325   0.04385   0.03773  -0.0537
  -5.250  -0.2885   0.02932   0.02213  -0.0648
  -5.000  -0.2332   0.01971   0.01163  -0.0734
  -4.750  -0.1872   0.01650   0.00793  -0.0769
  -4.500  -0.1508   0.01906   0.01056  -0.0774
  -4.250  -0.1112   0.01923   0.01074  -0.0803
  -4.000  -0.0727   0.01939   0.01090  -0.0832
  -3.750  -0.0355   0.01927   0.01078  -0.0858
  -3.500   0.0027   0.01880   0.01034  -0.0884
  -3.250   0.0401   0.01822   0.00979  -0.0907
  -3.000   0.0782   0.01748   0.00913  -0.0931
  -2.750   0.1169   0.01683   0.00861  -0.0957
  -2.500   0.1540   0.01628   0.00822  -0.0980
  -2.250   0.1912   0.01579   0.00789  -0.1003
  -2.000   0.2251   0.01523   0.00763  -0.1020
  -1.750   0.2580   0.01453   0.00741  -0.1031
  -1.500   0.2906   0.01379   0.00719  -0.1040
  -1.250   0.3224   0.01310   0.00698  -0.1046
  -1.000   0.3550   0.01251   0.00675  -0.1052
  -0.750   0.3869   0.01209   0.00652  -0.1057
  -0.500   0.4176   0.01189   0.00631  -0.1061
  -0.250   0.4481   0.01185   0.00609  -0.1065
   0.000   0.4756   0.01183   0.00593  -0.1064
   0.250   0.5031   0.01179   0.00580  -0.1063
   0.500   0.5302   0.01176   0.00570  -0.1061
   0.750   0.5572   0.01175   0.00561  -0.1059
   1.000   0.5843   0.01174   0.00553  -0.1057
   1.250   0.6112   0.01175   0.00545  -0.1055
   1.500   0.6381   0.01179   0.00540  -0.1053
   1.750   0.6625   0.01186   0.00539  -0.1051
   2.000   0.6904   0.01196   0.00537  -0.1047
   2.250   0.7204   0.01206   0.00534  -0.1041
   2.500   0.7514   0.01218   0.00531  -0.1033
   3.000   0.7824   0.01231   0.00528  -0.1024
   3.250   0.8125   0.01244   0.00525  -0.1014
   3.500   0.8407   0.01258   0.00523  -0.1004
   3.750   0.8662   0.01275   0.00526  -0.0996
   4.000   0.8879   0.01295   0.00535  -0.0989
   4.250   0.9119   0.01317   0.00547  -0.0983
   4.500   0.9361   0.01341   0.00563  -0.0977
   4.750   0.9603   0.01366   0.00582  -0.0971
   5.000   0.9844   0.01392   0.00603  -0.0966
   5.250   1.0086   0.01418   0.00625  -0.0960
   5.500   1.0327   0.01441   0.00646  -0.0954
   5.750   1.0549   0.01470   0.00667  -0.0945
   6.000   1.0753   0.01506   0.00687  -0.0932
   6.250   1.0930   0.01560   0.00714  -0.0916
   6.500   1.1078   0.01639   0.00753  -0.0897
   6.750   1.1208   0.01737   0.00807  -0.0875
   7.000   1.1332   0.01848   0.00872  -0.0854
   7.250   1.1740   0.00894  -0.00185  -0.0858
   7.500   1.1974   0.00648  -0.00483  -0.0849
   7.750   1.1814   0.01939   0.00849  -0.0806
   8.000   1.1042   0.05595   0.04684  -0.0712
  14.000   0.9444   0.12443   0.11897  -0.0546
