Smoothened XFOIL polar
 10-point moving average applied

   alpha    CL        CD       CDp       CM
  ------ -------- --------- --------- --------
 -20.000  -0.4366   0.23052   0.22129  -0.0186
 -19.500  -0.4166   0.22523   0.21613  -0.0215
 -19.000  -0.4066   0.21952   0.21048  -0.0234
 -18.250  -0.4027   0.21358   0.20454  -0.0246
 -17.500  -0.4010   0.20761   0.19855  -0.0254
 -16.750  -0.4136   0.20236   0.19315  -0.0252
 -16.250  -0.3691   0.19612   0.18726  -0.0280
 -15.750  -0.3460   0.19150   0.18284  -0.0294
 -15.500  -0.3286   0.18745   0.17892  -0.0303
 -14.750  -0.3183   0.18389   0.17547  -0.0312
 -14.500  -0.3103   0.17987   0.17151  -0.0316
 -14.250  -0.3091   0.17651   0.16819  -0.0322
 -13.750  -0.3122   0.17279   0.16448  -0.0326
 -13.500  -0.3193   0.16926   0.16091  -0.0326
 -13.000  -0.3049   0.16621   0.15802  -0.0329
 -12.750  -0.3001   0.16366   0.15553  -0.0331
 -12.500  -0.2970   0.16104   0.15301  -0.0330
 -12.250  -0.2947   0.15803   0.15007  -0.0329
 -12.000  -0.2929   0.15414   0.14617  -0.0326
 -11.250  -0.2881   0.15090   0.14297  -0.0321
 -11.000  -0.2794   0.14816   0.14030  -0.0312
 -10.750  -0.2696   0.14661   0.13888  -0.0301
 -10.500  -0.2632   0.14413   0.13646  -0.0291
 -10.250  -0.2622   0.14355   0.13596  -0.0286
 -10.000  -0.2593   0.14211   0.13469  -0.0273
  -9.750  -0.2660   0.13874   0.13138  -0.0261
  -9.500  -0.2757   0.13475   0.12743  -0.0247
  -8.750  -0.2822   0.13167   0.12445  -0.0228
  -8.500  -0.2828   0.12944   0.12239  -0.0204
  -8.250  -0.2862   0.12701   0.12008  -0.0183
  -8.000  -0.2925   0.12411   0.11722  -0.0165
  -7.750  -0.2941   0.12285   0.11604  -0.0148
  -7.500  -0.2935   0.12141   0.11472  -0.0126
  -7.250  -0.2995   0.11943   0.11280  -0.0111
  -7.000  -0.3048   0.11787   0.11134  -0.0090
  -6.750  -0.3116   0.11637   0.10997  -0.0066
  -6.500  -0.3203   0.11511   0.10886  -0.0038
  -6.000  -0.3294   0.11312   0.10697  -0.0012
  -5.750  -0.3468   0.11074   0.10466   0.0015
  -5.500  -0.3662   0.11008   0.10416   0.0080
  -5.250  -0.3920   0.10774   0.10201   0.0117
  -4.750  -0.4013   0.10031   0.09452   0.0062
  -4.250  -0.3939   0.08897   0.08284  -0.0066
  -3.750  -0.3716   0.07609   0.06946  -0.0237
  -3.500  -0.3362   0.06369   0.05644  -0.0423
  -3.250  -0.2913   0.05378   0.04591  -0.0589
  -3.000  -0.2553   0.04680   0.03832  -0.0696
  -2.750  -0.2200   0.04590   0.03710  -0.0719
  -2.500  -0.1917   0.04645   0.03752  -0.0729
  -2.250  -0.1439   0.04588   0.03677  -0.0780
  -2.000  -0.0843   0.04547   0.03618  -0.0846
  -1.750  -0.0190   0.04543   0.03607  -0.0914
  -1.250   0.0473   0.04545   0.03604  -0.0982
  -1.000   0.1061   0.04549   0.03609  -0.1036
  -0.750   0.1530   0.04542   0.03605  -0.1071
  -0.500   0.1945   0.04548   0.03619  -0.1099
  -0.250   0.2277   0.04563   0.03647  -0.1117
   0.000   0.2638   0.04577   0.03677  -0.1135
   0.250   0.2943   0.04591   0.03716  -0.1138
   0.500   0.3222   0.04578   0.03733  -0.1132
   0.750   0.3478   0.04560   0.03744  -0.1124
   1.000   0.3725   0.04550   0.03756  -0.1118
   1.250   0.4011   0.04550   0.03763  -0.1120
   1.500   0.4320   0.04576   0.03782  -0.1132
   1.750   0.4657   0.04629   0.03816  -0.1150
   2.000   0.5023   0.04698   0.03858  -0.1174
   2.250   0.5348   0.04780   0.03918  -0.1188
   2.500   0.5643   0.04856   0.03976  -0.1195
   2.750   0.5909   0.04940   0.04047  -0.1198
   3.000   0.6176   0.05020   0.04115  -0.1200
   3.250   0.6499   0.05064   0.04147  -0.1205
   3.500   0.6774   0.05133   0.04207  -0.1206
   3.750   0.7015   0.05228   0.04293  -0.1205
   4.000   0.7246   0.05337   0.04395  -0.1203
   4.250   0.7469   0.05445   0.04498  -0.1200
   4.500   0.7656   0.05549   0.04598  -0.1194
   4.750   0.7836   0.05672   0.04716  -0.1187
   5.000   0.8097   0.05768   0.04808  -0.1179
   5.250   0.8334   0.06006   0.05043  -0.1168
   5.750   0.8653   0.06114   0.05147  -0.1157
   6.250   0.9108   0.06077   0.05107  -0.1138
   6.750   0.9446   0.06485   0.05516  -0.1113
   7.000   0.9655   0.07220   0.06255  -0.1088
   8.000   0.9693   0.08173   0.07216  -0.1067
   9.250   0.9771   0.08986   0.08035  -0.1035
   9.500   0.9491   0.10284   0.09345  -0.1045
   9.750   0.9121   0.11505   0.10579  -0.1058
  10.000   0.8940   0.12190   0.11270  -0.1076
  10.250   0.8912   0.12529   0.11612  -0.1091
  10.500   0.8929   0.12865   0.11950  -0.1089
  10.750   0.8883   0.13355   0.12444  -0.1100
  11.000   0.8840   0.13833   0.12926  -0.1115
  11.250   0.8889   0.14138   0.13231  -0.1125
  11.750   0.8972   0.15302   0.14402  -0.1211
  12.000   0.8632   0.16291   0.15415  -0.1202
  12.750   0.8390   0.17176   0.16319  -0.1204
  14.500   0.8556   0.18261   0.17425  -0.1216
  14.750   0.9047   0.19355   0.18535  -0.1240
  15.500   0.9602   0.20539   0.19734  -0.1288
  18.750   1.0246   0.21410   0.20612  -0.1338
  19.000   1.0901   0.22018   0.21218  -0.1395
  19.250   1.1500   0.22541   0.21742  -0.1448
  19.500   1.1845   0.22853   0.22057  -0.1480
  19.750   1.1806   0.22925   0.22133  -0.1480
  20.000   1.1256   0.22724   0.21940  -0.1435
