Smoothened XFOIL polar
 10-point moving average applied

   alpha    CL        CD       CDp       CM
  ------ -------- --------- --------- --------
 -16.750  -0.2794   0.21123   0.20634  -0.0253
 -16.000  -0.3389   0.16322   0.15858  -0.0329
 -12.500  -0.3959   0.12220   0.11760  -0.0388
  -7.500  -0.4431   0.08881   0.08410  -0.0437
  -7.250  -0.4732   0.06368   0.05879  -0.0483
  -7.000  -0.4720   0.04553   0.04056  -0.0549
  -6.750  -0.4370   0.04451   0.03969  -0.0606
  -6.250  -0.3695   0.05025   0.04524  -0.0668
  -5.750  -0.3100   0.05057   0.04547  -0.0716
  -5.500  -0.2574   0.04385   0.03826  -0.0815
  -5.250  -0.2107   0.03185   0.02531  -0.0942
  -5.000  -0.1702   0.03031   0.02319  -0.0952
  -4.750  -0.1304   0.02585   0.01800  -0.1001
  -4.500  -0.0898   0.02345   0.01520  -0.1034
  -4.250  -0.0520   0.02376   0.01549  -0.1050
  -4.000  -0.0140   0.02266   0.01424  -0.1072
  -3.750   0.0252   0.02174   0.01327  -0.1096
  -3.500   0.0626   0.02095   0.01251  -0.1117
  -3.250   0.1013   0.02019   0.01183  -0.1140
  -3.000   0.1391   0.01950   0.01126  -0.1162
  -2.750   0.1768   0.01886   0.01075  -0.1184
  -2.500   0.2141   0.01826   0.01032  -0.1205
  -2.250   0.2518   0.01771   0.00993  -0.1226
  -2.000   0.2894   0.01719   0.00958  -0.1247
  -1.750   0.3281   0.01663   0.00925  -0.1271
  -1.500   0.3638   0.01603   0.00898  -0.1288
  -1.250   0.3981   0.01531   0.00869  -0.1298
  -1.000   0.4301   0.01459   0.00842  -0.1300
  -0.750   0.4602   0.01394   0.00815  -0.1298
  -0.500   0.4905   0.01341   0.00785  -0.1296
  -0.250   0.5208   0.01305   0.00757  -0.1295
   0.000   0.5529   0.01282   0.00729  -0.1299
   0.250   0.5852   0.01272   0.00706  -0.1307
   0.500   0.6161   0.01269   0.00690  -0.1313
   0.750   0.6467   0.01261   0.00673  -0.1317
   1.000   0.6767   0.01255   0.00658  -0.1320
   1.250   0.7065   0.01253   0.00644  -0.1322
   1.500   0.7358   0.01254   0.00631  -0.1323
   1.750   0.7647   0.01258   0.00623  -0.1323
   2.000   0.7927   0.01266   0.00618  -0.1322
   2.250   0.8195   0.01276   0.00617  -0.1319
   2.500   0.8460   0.01288   0.00617  -0.1315
   2.750   0.8724   0.01302   0.00618  -0.1311
   3.000   0.8984   0.01319   0.00624  -0.1307
   3.250   0.9242   0.01338   0.00631  -0.1302
   3.500   0.9494   0.01358   0.00641  -0.1296
   3.750   0.9741   0.01379   0.00650  -0.1289
   4.000   0.9980   0.01401   0.00661  -0.1281
   4.250   1.0216   0.01423   0.00672  -0.1272
   4.500   1.0452   0.01448   0.00686  -0.1264
   4.750   1.0688   0.01476   0.00704  -0.1256
   5.000   1.0923   0.01505   0.00726  -0.1248
   5.250   1.1156   0.01535   0.00749  -0.1240
   5.500   1.1387   0.01565   0.00773  -0.1231
   5.750   1.1616   0.01595   0.00798  -0.1223
   6.000   1.1838   0.01625   0.00824  -0.1213
   6.250   1.2050   0.01629   0.00830  -0.1209
   6.500   1.2229   0.01665   0.00851  -0.1189
   6.750   1.2386   0.01765   0.00915  -0.1151
   7.000   1.2508   0.01905   0.01007  -0.1100
   7.750   1.2618   0.02102   0.01148  -0.1039
   8.250   1.2721   0.02331   0.01324  -0.0974
   8.500   1.2829   0.02563   0.01517  -0.0917
   9.000   1.2935   0.02749   0.01687  -0.0874
   9.250   1.3053   0.02895   0.01842  -0.0849
   9.500   1.3164   0.03054   0.02010  -0.0821
   9.750   1.3270   0.03231   0.02198  -0.0792
  10.250   1.3357   0.03404   0.02385  -0.0767
  10.500   1.3435   0.03601   0.02598  -0.0741
  10.750   1.3491   0.03810   0.02824  -0.0717
  11.000   1.3523   0.03999   0.03028  -0.0697
  11.250   1.3525   0.04232   0.03279  -0.0680
  11.500   1.3516   0.04535   0.03600  -0.0661
  11.750   1.3488   0.04860   0.03943  -0.0645
  12.250   1.3467   0.05032   0.04116  -0.0633
  12.500   1.3444   0.05374   0.04470  -0.0618
  12.750   1.3427   0.06023   0.05155  -0.0592
  13.250   1.3420   0.07125   0.06329  -0.0551
  14.750   1.3425   0.08825   0.08148  -0.0489
