Smoothened XFOIL polar
 10-point moving average applied

   alpha    CL        CD       CDp       CM
  ------ -------- --------- --------- --------
 -11.000  -0.3022   0.11672   0.11318  -0.0390
  -6.250  -0.2892   0.05328   0.04783  -0.0692
  -6.000  -0.2499   0.01851   0.01184  -0.0868
  -5.500  -0.1926   0.00517  -0.00216  -0.0951
  -5.250  -0.1262   0.00604  -0.00156  -0.0971
  -4.500  -0.0640   0.01351   0.00584  -0.0957
  -4.250  -0.0094   0.01378   0.00626  -0.0986
  -4.000   0.0335   0.01374   0.00631  -0.1008
  -3.750   0.0705   0.01340   0.00602  -0.1024
  -3.500   0.0949   0.01297   0.00564  -0.1030
  -3.250   0.1247   0.01252   0.00524  -0.1036
  -3.000   0.1543   0.01205   0.00484  -0.1041
  -2.750   0.1830   0.01168   0.00456  -0.1045
  -2.500   0.2114   0.01134   0.00431  -0.1048
  -2.250   0.2391   0.01103   0.00409  -0.1049
  -2.000   0.2670   0.01074   0.00391  -0.1051
  -1.750   0.2948   0.01047   0.00377  -0.1054
  -1.500   0.3191   0.01012   0.00369  -0.1049
  -1.250   0.3421   0.00966   0.00364  -0.1045
  -1.000   0.3701   0.00918   0.00359  -0.1042
  -0.750   0.4017   0.00874   0.00353  -0.1040
  -0.500   0.4357   0.00842   0.00346  -0.1039
   0.000   0.4709   0.00825   0.00337  -0.1039
   0.250   0.5032   0.00824   0.00328  -0.1040
   0.500   0.5370   0.00836   0.00322  -0.1040
   0.750   0.5674   0.00850   0.00319  -0.1034
   1.000   0.5968   0.00862   0.00318  -0.1030
   1.500   0.6286   0.00877   0.00317  -0.1025
   1.750   0.6595   0.00894   0.00317  -0.1019
   2.000   0.6885   0.00911   0.00317  -0.1013
   2.250   0.7145   0.00928   0.00318  -0.1007
   2.500   0.7365   0.00947   0.00321  -0.1002
   2.750   0.7609   0.00968   0.00328  -0.0997
   3.000   0.7855   0.00989   0.00336  -0.0992
   3.250   0.8103   0.01011   0.00347  -0.0988
   3.500   0.8352   0.01033   0.00359  -0.0984
   3.750   0.8600   0.01055   0.00372  -0.0981
   4.000   0.8846   0.01078   0.00386  -0.0977
   4.250   0.9091   0.01103   0.00401  -0.0972
   4.500   0.9337   0.01127   0.00418  -0.0968
   4.750   0.9584   0.01151   0.00435  -0.0964
   5.000   0.9830   0.01173   0.00452  -0.0960
   5.250   1.0061   0.01206   0.00472  -0.0954
   5.500   1.0259   0.01265   0.00503  -0.0943
   5.750   1.0430   0.01349   0.00547  -0.0928
   6.000   1.0581   0.01453   0.00603  -0.0911
   6.250   1.0725   0.01565   0.00668  -0.0893
   6.500   1.0881   0.01668   0.00734  -0.0877
   6.750   1.1064   0.01795   0.00834  -0.0868
   7.000   1.1265   0.01871   0.00898  -0.0860
   7.250   1.1461   0.01880   0.00901  -0.0845
   7.500   1.1636   0.01797   0.00813  -0.0818
   8.000   1.1778   0.01597   0.00604  -0.0775
