Smoothened XFOIL polar
 10-point moving average applied

   alpha    CL        CD       CDp       CM
  ------ -------- --------- --------- --------
 -13.250  -0.2852   0.16065   0.15723  -0.0264
 -10.000  -0.3803   0.09095   0.08684  -0.0533
  -7.750  -0.4198   0.04758   0.04275  -0.0725
  -7.500  -0.4166   0.02482   0.01929  -0.0855
  -7.250  -0.3834   0.01693   0.01077  -0.0934
  -6.750  -0.3433   0.01476   0.00810  -0.0996
  -6.500  -0.2841   0.02100   0.01422  -0.0982
  -6.250  -0.2410   0.02130   0.01448  -0.1008
  -6.000  -0.2027   0.02135   0.01450  -0.1031
  -5.750  -0.1711   0.02083   0.01393  -0.1050
  -5.500  -0.1354   0.02020   0.01317  -0.1070
  -5.250  -0.1005   0.01942   0.01226  -0.1088
  -5.000  -0.0641   0.01847   0.01118  -0.1108
  -4.750  -0.0282   0.01742   0.01003  -0.1127
  -4.500   0.0074   0.01651   0.00909  -0.1145
  -4.250   0.0445   0.01567   0.00824  -0.1166
  -4.000   0.0798   0.01493   0.00753  -0.1184
  -3.750   0.1156   0.01424   0.00689  -0.1202
  -3.500   0.1503   0.01363   0.00634  -0.1218
  -3.250   0.1831   0.01313   0.00590  -0.1229
  -3.000   0.2157   0.01263   0.00549  -0.1240
  -2.750   0.2478   0.01218   0.00514  -0.1251
  -2.500   0.2788   0.01179   0.00487  -0.1259
  -2.250   0.3101   0.01143   0.00463  -0.1267
  -2.000   0.3403   0.01112   0.00444  -0.1273
  -1.750   0.3708   0.01082   0.00428  -0.1280
  -1.500   0.4005   0.01054   0.00414  -0.1285
  -1.250   0.4257   0.01023   0.00408  -0.1287
  -1.000   0.4538   0.00984   0.00403  -0.1284
  -0.750   0.4841   0.00944   0.00398  -0.1277
  -0.500   0.5160   0.00908   0.00392  -0.1269
   0.000   0.5487   0.00882   0.00386  -0.1261
   0.250   0.5813   0.00869   0.00380  -0.1255
   0.500   0.6130   0.00869   0.00372  -0.1251
   0.750   0.6421   0.00880   0.00367  -0.1250
   1.000   0.6661   0.00894   0.00366  -0.1249
   1.250   0.6920   0.00906   0.00365  -0.1245
   1.500   0.7177   0.00919   0.00364  -0.1241
   1.750   0.7434   0.00934   0.00365  -0.1237
   2.000   0.7688   0.00950   0.00368  -0.1232
   2.250   0.7939   0.00968   0.00373  -0.1228
   2.500   0.8187   0.00987   0.00378  -0.1222
   2.750   0.8433   0.01007   0.00385  -0.1216
   3.000   0.8676   0.01028   0.00394  -0.1210
   3.250   0.8918   0.01052   0.00404  -0.1204
   3.500   0.9161   0.01075   0.00416  -0.1199
   3.750   0.9403   0.01099   0.00430  -0.1193
   4.000   0.9643   0.01124   0.00445  -0.1187
   4.250   0.9882   0.01150   0.00460  -0.1181
   4.500   1.0119   0.01176   0.00477  -0.1174
   4.750   1.0358   0.01204   0.00496  -0.1168
   5.000   1.0602   0.01229   0.00516  -0.1163
   5.250   1.0838   0.01257   0.00537  -0.1156
   5.500   1.1063   0.01289   0.00560  -0.1148
   5.750   1.1270   0.01329   0.00585  -0.1137
   6.000   1.1457   0.01381   0.00614  -0.1122
   6.250   1.1611   0.01438   0.00644  -0.1107
   6.500   1.1783   0.01498   0.00672  -0.1092
   6.750   1.1955   0.01608   0.00744  -0.1067
   7.000   1.2126   0.01751   0.00850  -0.1034
   7.500   1.2287   0.01915   0.00982  -0.0996
   8.000   1.2440   0.02082   0.01128  -0.0955
   8.250   1.2583   0.02238   0.01275  -0.0916
   8.500   1.2713   0.02370   0.01410  -0.0883
   8.750   1.2825   0.02467   0.01522  -0.0858
   9.000   1.2957   0.02542   0.01616  -0.0841
   9.250   1.3068   0.02649   0.01737  -0.0818
   9.500   1.3158   0.02773   0.01875  -0.0793
   9.750   1.3225   0.02918   0.02033  -0.0767
  10.000   1.3265   0.03088   0.02216  -0.0741
  10.250   1.3275   0.03286   0.02426  -0.0713
