Smoothened XFOIL polar
 10-point moving average applied

   alpha    CL        CD       CDp       CM
  ------ -------- --------- --------- --------
 -16.250  -0.3239   0.19221   0.18625  -0.0308
 -14.750  -0.3598   0.17894   0.17278  -0.0300
 -14.500  -0.3669   0.16673   0.16056  -0.0306
 -13.250  -0.3541   0.15571   0.14967  -0.0320
 -11.750  -0.3306   0.14602   0.14019  -0.0338
 -11.500  -0.3068   0.13843   0.13281  -0.0349
 -11.000  -0.2928   0.13135   0.12588  -0.0347
 -10.500  -0.2946   0.12664   0.12122  -0.0342
 -10.000  -0.3071   0.12302   0.11767  -0.0334
  -9.500  -0.3203   0.11753   0.11230  -0.0310
  -9.000  -0.3473   0.11102   0.10595  -0.0281
  -8.000  -0.3768   0.10399   0.09909  -0.0238
  -7.250  -0.4108   0.09918   0.09456  -0.0174
  -6.250  -0.4306   0.09045   0.08586  -0.0176
  -6.000  -0.4320   0.08163   0.07706  -0.0219
  -5.750  -0.4184   0.07104   0.06624  -0.0324
  -5.250  -0.3833   0.06043   0.05515  -0.0462
  -5.000  -0.3340   0.05020   0.04420  -0.0606
  -4.750  -0.2803   0.04089   0.03406  -0.0734
  -4.500  -0.2259   0.03491   0.02729  -0.0819
  -4.250  -0.1798   0.03331   0.02512  -0.0855
  -4.000  -0.1336   0.03028   0.02152  -0.0907
  -3.750  -0.0923   0.02971   0.02071  -0.0934
  -3.500  -0.0509   0.02862   0.01948  -0.0965
  -3.250  -0.0095   0.02769   0.01846  -0.0995
  -3.000   0.0315   0.02690   0.01767  -0.1025
  -2.750   0.0723   0.02623   0.01704  -0.1054
  -2.500   0.1133   0.02562   0.01655  -0.1083
  -2.250   0.1544   0.02510   0.01620  -0.1112
  -2.000   0.1943   0.02462   0.01591  -0.1139
  -1.750   0.2333   0.02417   0.01567  -0.1164
  -1.500   0.2734   0.02364   0.01548  -0.1191
  -1.250   0.3096   0.02293   0.01525  -0.1205
  -1.000   0.3392   0.02221   0.01505  -0.1208
  -0.750   0.3720   0.02155   0.01482  -0.1208
  -0.500   0.4108   0.02091   0.01443  -0.1213
  -0.250   0.4535   0.02036   0.01397  -0.1222
   0.250   0.4986   0.01997   0.01350  -0.1235
   0.500   0.5446   0.01971   0.01304  -0.1255
   0.750   0.5902   0.01946   0.01263  -0.1279
   1.000   0.6291   0.01915   0.01225  -0.1293
   1.250   0.6617   0.01886   0.01190  -0.1303
   1.500   0.6955   0.01862   0.01157  -0.1310
   1.750   0.7297   0.01838   0.01121  -0.1317
   2.000   0.7637   0.01815   0.01089  -0.1325
   2.250   0.7964   0.01799   0.01064  -0.1330
   2.500   0.8282   0.01789   0.01044  -0.1333
   2.750   0.8583   0.01787   0.01032  -0.1334
   3.000   0.8880   0.01787   0.01023  -0.1334
   3.250   0.9172   0.01790   0.01016  -0.1333
   3.500   0.9457   0.01797   0.01013  -0.1331
   3.750   0.9734   0.01809   0.01015  -0.1328
   4.000   1.0010   0.01822   0.01018  -0.1324
   4.250   1.0274   0.01841   0.01028  -0.1319
   4.500   1.0533   0.01862   0.01041  -0.1314
   4.750   1.0784   0.01887   0.01058  -0.1307
   5.000   1.1032   0.01912   0.01075  -0.1299
   5.250   1.1277   0.01938   0.01094  -0.1291
   5.500   1.1523   0.01965   0.01112  -0.1283
   5.750   1.1757   0.01994   0.01134  -0.1274
   6.000   1.1985   0.02023   0.01156  -0.1263
   6.250   1.2228   0.02053   0.01183  -0.1260
   6.500   1.2436   0.02080   0.01207  -0.1243
   6.750   1.2604   0.02111   0.01229  -0.1212
   7.000   1.2728   0.02148   0.01253  -0.1171
   7.500   1.2823   0.02194   0.01282  -0.1124
   7.750   1.2886   0.02257   0.01322  -0.1074
   8.000   1.2934   0.02338   0.01379  -0.1026
   8.250   1.2993   0.02432   0.01450  -0.0988
   8.500   1.3088   0.02537   0.01538  -0.0967
   8.750   1.3164   0.02637   0.01625  -0.0941
   9.000   1.3230   0.02781   0.01754  -0.0911
   9.250   1.3272   0.02970   0.01924  -0.0877
   9.500   1.3299   0.03190   0.02126  -0.0841
  10.000   1.3307   0.03413   0.02332  -0.0806
  10.250   1.3310   0.03679   0.02588  -0.0771
  10.500   1.3316   0.03965   0.02874  -0.0738
  10.750   1.3328   0.04251   0.03172  -0.0711
  11.250   1.3338   0.04526   0.03466  -0.0691
  11.500   1.3340   0.04832   0.03793  -0.0671
  11.750   1.3322   0.05155   0.04135  -0.0654
  12.000   1.3289   0.05479   0.04478  -0.0642
  12.250   1.3329   0.05659   0.04669  -0.0639
  12.500   1.3216   0.06055   0.05084  -0.0631
  12.750   1.3070   0.06548   0.05598  -0.0622
  13.000   1.2817   0.07295   0.06375  -0.0604
  13.750   1.2428   0.08384   0.07507  -0.0575
  14.500   1.1873   0.09906   0.09086  -0.0530
