Smoothened XFOIL polar
 10-point moving average applied

   alpha    CL        CD       CDp       CM
  ------ -------- --------- --------- --------
 -15.250  -0.3387   0.17813   0.17332  -0.0218
 -12.250  -0.3249   0.15993   0.15510  -0.0276
 -12.000  -0.3164   0.14280   0.13802  -0.0313
 -11.000  -0.3131   0.12722   0.12256  -0.0333
  -9.750  -0.3149   0.11364   0.10914  -0.0337
  -8.500  -0.3216   0.10432   0.09999  -0.0321
  -8.000  -0.3398   0.09941   0.09550  -0.0260
  -7.500  -0.3622   0.09228   0.08844  -0.0256
  -7.250  -0.3677   0.08008   0.07590  -0.0304
  -7.000  -0.3657   0.06492   0.05995  -0.0388
  -5.750  -0.3449   0.04772   0.04175  -0.0500
  -5.500  -0.3080   0.03195   0.02495  -0.0615
  -5.250  -0.2675   0.01988   0.01197  -0.0712
  -5.000  -0.2205   0.01481   0.00636  -0.0766
  -4.750  -0.1849   0.01909   0.01063  -0.0757
  -4.500  -0.1482   0.02017   0.01169  -0.0784
  -4.250  -0.1108   0.01989   0.01142  -0.0814
  -4.000  -0.0707   0.01987   0.01138  -0.0842
  -3.750  -0.0267   0.01934   0.01086  -0.0872
  -3.500   0.0199   0.01863   0.01020  -0.0902
  -3.000   0.0675   0.01778   0.00943  -0.0931
  -2.750   0.1146   0.01690   0.00869  -0.0961
  -2.500   0.1580   0.01625   0.00821  -0.0987
  -2.250   0.1970   0.01571   0.00785  -0.1011
  -2.000   0.2265   0.01524   0.00765  -0.1023
  -1.750   0.2592   0.01455   0.00742  -0.1034
  -1.500   0.2916   0.01382   0.00720  -0.1042
  -1.250   0.3240   0.01312   0.00698  -0.1049
  -1.000   0.3558   0.01254   0.00676  -0.1053
  -0.750   0.3881   0.01211   0.00653  -0.1058
  -0.500   0.4194   0.01189   0.00631  -0.1062
  -0.250   0.4496   0.01184   0.00609  -0.1066
   0.000   0.4766   0.01184   0.00593  -0.1064
   0.250   0.5040   0.01180   0.00580  -0.1063
   0.500   0.5310   0.01178   0.00571  -0.1061
   0.750   0.5579   0.01177   0.00562  -0.1058
   1.000   0.5847   0.01177   0.00555  -0.1056
   1.250   0.6115   0.01180   0.00548  -0.1053
   1.500   0.6383   0.01185   0.00544  -0.1051
   1.750   0.6653   0.01193   0.00541  -0.1049
   2.000   0.6915   0.01202   0.00541  -0.1045
   2.250   0.7173   0.01213   0.00541  -0.1041
   2.500   0.7426   0.01222   0.00539  -0.1035
   2.750   0.7677   0.01231   0.00534  -0.1028
   3.000   0.7922   0.01241   0.00531  -0.1020
   3.250   0.8164   0.01252   0.00529  -0.1012
   3.500   0.8404   0.01266   0.00529  -0.1004
   3.750   0.8644   0.01283   0.00534  -0.0996
   4.000   0.8882   0.01303   0.00542  -0.0989
   4.250   0.9122   0.01325   0.00554  -0.0982
   4.500   0.9363   0.01349   0.00570  -0.0976
   4.750   0.9605   0.01374   0.00588  -0.0970
   5.000   0.9846   0.01399   0.00608  -0.0964
   5.250   1.0087   0.01425   0.00630  -0.0958
   5.500   1.0329   0.01449   0.00652  -0.0953
   5.750   1.0558   0.01476   0.00673  -0.0944
   6.000   1.0767   0.01510   0.00694  -0.0933
   6.250   1.0951   0.01558   0.00719  -0.0918
   6.500   1.1111   0.01624   0.00752  -0.0899
   6.750   1.1245   0.01713   0.00800  -0.0878
   7.000   1.1367   0.01819   0.00861  -0.0856
   7.250   1.1439   0.01733   0.00713  -0.0852
   7.500   1.1554   0.01782   0.00721  -0.0839
   7.750   1.1750   0.02113   0.01045  -0.0803
   8.000   1.2073   0.02872   0.01849  -0.0732
   9.500   1.2566   0.04209   0.03298  -0.0613
