Smoothened XFOIL polar
 10-point moving average applied

   alpha    CL        CD       CDp       CM
  ------ -------- --------- --------- --------
  -8.250  -0.3424   0.10143   0.09847  -0.0242
  -7.750  -0.3534   0.08360   0.08015  -0.0330
  -7.250  -0.3345   0.06388   0.05955  -0.0465
  -6.000  -0.2944   0.04432   0.03890  -0.0622
  -5.750  -0.2419   0.02694   0.02044  -0.0778
  -5.500  -0.1905   0.01429   0.00695  -0.0902
  -5.250  -0.1395   0.00935   0.00162  -0.0961
  -5.000  -0.1121   0.01435   0.00683  -0.0925
  -4.750  -0.0748   0.01413   0.00662  -0.0947
  -4.500  -0.0389   0.01408   0.00661  -0.0968
  -4.250  -0.0043   0.01398   0.00654  -0.0986
  -4.000   0.0302   0.01374   0.00633  -0.1005
  -3.750   0.0625   0.01338   0.00600  -0.1017
  -3.500   0.0941   0.01297   0.00564  -0.1028
  -3.250   0.1245   0.01254   0.00527  -0.1035
  -3.000   0.1539   0.01208   0.00487  -0.1041
  -2.750   0.1830   0.01169   0.00457  -0.1045
  -2.500   0.2113   0.01134   0.00432  -0.1048
  -2.250   0.2392   0.01103   0.00410  -0.1050
  -2.000   0.2670   0.01074   0.00392  -0.1052
  -1.750   0.2945   0.01046   0.00378  -0.1054
  -1.500   0.3165   0.01009   0.00370  -0.1049
  -1.250   0.3436   0.00963   0.00363  -0.1045
  -1.000   0.3743   0.00914   0.00357  -0.1042
  -0.750   0.4075   0.00871   0.00351  -0.1039
  -0.250   0.4420   0.00839   0.00343  -0.1038
   0.000   0.4765   0.00822   0.00334  -0.1038
   0.250   0.5096   0.00823   0.00325  -0.1039
   0.500   0.5390   0.00834   0.00319  -0.1040
   0.750   0.5613   0.00846   0.00318  -0.1035
   1.000   0.5871   0.00855   0.00317  -0.1032
   1.250   0.6127   0.00866   0.00316  -0.1028
   1.500   0.6379   0.00878   0.00316  -0.1024
   1.750   0.6629   0.00892   0.00315  -0.1019
   2.000   0.6875   0.00907   0.00315  -0.1014
   2.250   0.7119   0.00924   0.00316  -0.1008
   2.500   0.7363   0.00943   0.00319  -0.1002
   2.750   0.7607   0.00964   0.00325  -0.0997
   3.000   0.7853   0.00986   0.00334  -0.0993
   3.250   0.8102   0.01007   0.00344  -0.0989
   3.500   0.8350   0.01029   0.00356  -0.0985
   3.750   0.8599   0.01051   0.00369  -0.0982
   4.000   0.8845   0.01075   0.00383  -0.0978
   4.250   0.9089   0.01100   0.00398  -0.0973
   4.500   0.9337   0.01124   0.00415  -0.0969
   4.750   0.9583   0.01148   0.00432  -0.0966
   5.000   0.9830   0.01169   0.00449  -0.0962
   5.250   1.0055   0.01207   0.00471  -0.0955
   5.500   1.0248   0.01272   0.00505  -0.0943
   5.750   1.0416   0.01360   0.00551  -0.0928
   6.000   1.0565   0.01467   0.00609  -0.0910
   6.250   1.0711   0.01579   0.00674  -0.0893
   6.500   1.0872   0.01679   0.00739  -0.0877
   6.750   1.1051   0.01763   0.00798  -0.0865
   7.000   1.1255   0.01821   0.00845  -0.0855
   7.250   1.1879   0.00270  -0.00775  -0.0851
   7.500   1.2225  -0.00215  -0.01291  -0.0843
   7.750   1.1969   0.01611   0.00594  -0.0829
   8.000   1.0787   0.06997   0.06174  -0.0803
  16.750   0.8350   0.17191   0.16742  -0.0762
