Smoothened XFOIL polar
 10-point moving average applied

   alpha    CL        CD       CDp       CM
  ------ -------- --------- --------- --------
 -20.000  -0.6707   0.25387   0.24441   0.0305
 -19.000  -0.5710   0.23279   0.22368   0.0147
 -17.000  -0.4817   0.20825   0.19951   0.0001
 -15.500  -0.4056   0.18274   0.17436  -0.0127
 -10.750  -0.3452   0.15875   0.15072  -0.0229
 -10.500  -0.3030   0.14065   0.13287  -0.0300
 -10.250  -0.2885   0.12885   0.12122  -0.0321
 -10.000  -0.3008   0.12310   0.11549  -0.0307
  -9.500  -0.3031   0.12427   0.11670  -0.0302
  -9.250  -0.2985   0.12021   0.11277  -0.0301
  -9.000  -0.2995   0.11607   0.10871  -0.0300
  -8.750  -0.3056   0.11238   0.10508  -0.0297
  -8.250  -0.3182   0.10872   0.10146  -0.0289
  -8.000  -0.3265   0.10483   0.09768  -0.0273
  -7.750  -0.3364   0.10135   0.09431  -0.0255
  -7.250  -0.3492   0.09838   0.09147  -0.0233
  -7.000  -0.3641   0.09678   0.09010  -0.0195
  -6.750  -0.3726   0.09242   0.08591  -0.0190
  -6.250  -0.3778   0.08533   0.07884  -0.0219
  -5.750  -0.3776   0.07645   0.06977  -0.0281
  -5.250  -0.3683   0.06540   0.05826  -0.0363
  -5.000  -0.3433   0.05463   0.04692  -0.0447
  -4.750  -0.3193   0.04669   0.03853  -0.0508
  -4.500  -0.2954   0.04177   0.03329  -0.0535
  -4.250  -0.2758   0.04046   0.03182  -0.0526
  -4.000  -0.2538   0.03903   0.03023  -0.0527
  -3.750  -0.2301   0.03787   0.02887  -0.0529
  -3.500  -0.2040   0.03632   0.02703  -0.0538
  -3.250  -0.1741   0.03401   0.02424  -0.0555
  -3.000  -0.1439   0.03189   0.02168  -0.0571
  -2.750  -0.1184   0.03088   0.02044  -0.0577
  -2.500  -0.0936   0.03005   0.01943  -0.0581
  -2.250  -0.0696   0.02938   0.01867  -0.0584
  -2.000  -0.0461   0.02887   0.01810  -0.0586
  -1.750  -0.0202   0.02851   0.01761  -0.0594
  -1.500   0.0039   0.02787   0.01733  -0.0595
  -1.250   0.0247   0.02711   0.01711  -0.0589
  -1.000   0.0431   0.02643   0.01700  -0.0579
  -0.750   0.0650   0.02602   0.01703  -0.0577
  -0.500   0.0923   0.02604   0.01727  -0.0588
  -0.250   0.1269   0.02655   0.01774  -0.0615
   0.000   0.1677   0.02753   0.01839  -0.0657
   0.250   0.2152   0.02883   0.01918  -0.0714
   0.500   0.2617   0.02985   0.02004  -0.0764
   0.750   0.3033   0.03078   0.02083  -0.0804
   1.000   0.3411   0.03162   0.02157  -0.0836
   1.250   0.3772   0.03243   0.02231  -0.0865
   1.500   0.4112   0.03324   0.02307  -0.0888
   1.750   0.4449   0.03405   0.02384  -0.0911
   2.000   0.4771   0.03486   0.02462  -0.0929
   2.250   0.5078   0.03570   0.02544  -0.0945
   2.500   0.5383   0.03650   0.02623  -0.0960
   2.750   0.5678   0.03729   0.02700  -0.0971
   3.000   0.5971   0.03808   0.02777  -0.0982
   3.250   0.6247   0.03891   0.02859  -0.0989
   3.500   0.6529   0.03970   0.02938  -0.0996
   3.750   0.6806   0.04053   0.03021  -0.1002
   4.000   0.7065   0.04145   0.03114  -0.1006
   4.250   0.7302   0.04245   0.03216  -0.1007
   4.500   0.7556   0.04337   0.03311  -0.1009
   4.750   0.7793   0.04435   0.03414  -0.1008
   5.000   0.7992   0.04560   0.03543  -0.1004
   5.250   0.8235   0.04649   0.03637  -0.1002
   5.500   0.8510   0.04714   0.03711  -0.1001
   5.750   0.8870   0.04673   0.03679  -0.0998
   6.000   0.9282   0.04539   0.03555  -0.0990
   6.250   0.9764   0.04297   0.03320  -0.0980
   6.500   1.0277   0.03993   0.03023  -0.0967
   6.750   1.0757   0.03709   0.02746  -0.0951
   7.000   1.1165   0.03475   0.02516  -0.0932
   7.250   1.1515   0.03267   0.02308  -0.0912
   7.500   1.1821   0.01071   0.00079  -0.0811
   7.750   1.1892   0.02357   0.01357  -0.0799
   8.000   1.1846   0.04415   0.03406  -0.0803
   8.500   1.1658   0.09138   0.08145  -0.0897
  19.250   1.1325   0.17370   0.16433  -0.1118
  19.750   1.0843   0.29958   0.29126  -0.1504
