Smoothened XFOIL polar
 10-point moving average applied

   alpha    CL        CD       CDp       CM
  ------ -------- --------- --------- --------
 -15.000  -0.3271   0.16648   0.16270  -0.0217
  -8.000  -0.3542   0.12161   0.11862  -0.0202
  -7.750  -0.3521   0.08550   0.08226  -0.0294
  -7.500  -0.3268   0.05748   0.05326  -0.0453
  -6.000  -0.2847   0.03684   0.03131  -0.0642
  -5.750  -0.2352   0.02687   0.02027  -0.0787
  -5.500  -0.1753   0.01402   0.00663  -0.0911
  -5.000  -0.1168   0.00888   0.00112  -0.0975
  -4.750  -0.0798   0.01429   0.00679  -0.0946
  -4.500  -0.0370   0.01404   0.00656  -0.0971
  -4.250  -0.0000   0.01396   0.00652  -0.0991
  -4.000   0.0305   0.01377   0.00636  -0.1006
  -3.750   0.0628   0.01340   0.00602  -0.1018
  -3.500   0.0942   0.01297   0.00564  -0.1028
  -3.250   0.1244   0.01254   0.00526  -0.1035
  -3.000   0.1541   0.01207   0.00486  -0.1041
  -2.750   0.1830   0.01169   0.00456  -0.1045
  -2.500   0.2114   0.01134   0.00431  -0.1048
  -2.250   0.2392   0.01103   0.00410  -0.1050
  -2.000   0.2670   0.01074   0.00392  -0.1052
  -1.750   0.2946   0.01047   0.00378  -0.1054
  -1.500   0.3189   0.01011   0.00370  -0.1049
  -1.250   0.3443   0.00965   0.00364  -0.1045
  -1.000   0.3683   0.00916   0.00360  -0.1042
  -0.750   0.3971   0.00872   0.00354  -0.1041
  -0.500   0.4294   0.00839   0.00347  -0.1039
  -0.250   0.4640   0.00822   0.00338  -0.1039
   0.250   0.4993   0.00823   0.00329  -0.1040
   0.500   0.5333   0.00835   0.00321  -0.1041
   0.750   0.5622   0.00847   0.00318  -0.1035
   1.000   0.5896   0.00857   0.00317  -0.1032
   1.250   0.6128   0.00867   0.00317  -0.1028
   1.500   0.6380   0.00879   0.00317  -0.1024
   1.750   0.6629   0.00893   0.00316  -0.1019
   2.000   0.6875   0.00908   0.00316  -0.1013
   2.250   0.7120   0.00925   0.00317  -0.1008
   2.500   0.7364   0.00945   0.00320  -0.1002
   2.750   0.7608   0.00966   0.00326  -0.0997
   3.000   0.7854   0.00987   0.00335  -0.0992
   3.250   0.8102   0.01009   0.00345  -0.0988
   3.500   0.8351   0.01030   0.00357  -0.0985
   3.750   0.8599   0.01053   0.00370  -0.0981
   4.000   0.8845   0.01076   0.00384  -0.0977
   4.250   0.9089   0.01102   0.00399  -0.0973
   4.500   0.9336   0.01126   0.00416  -0.0969
   4.750   0.9583   0.01149   0.00433  -0.0965
   5.000   0.9830   0.01171   0.00450  -0.0961
   5.250   1.0057   0.01206   0.00471  -0.0954
   5.500   1.0252   0.01269   0.00504  -0.0943
   5.750   1.0421   0.01355   0.00550  -0.0928
   6.000   1.0571   0.01461   0.00607  -0.0911
   6.250   1.0716   0.01573   0.00672  -0.0893
   6.500   1.0875   0.01675   0.00737  -0.0877
   6.750   1.1051   0.01761   0.00797  -0.0864
   7.000   1.1253   0.01820   0.00847  -0.0854
   7.250   1.1462   0.01871   0.00891  -0.0845
   7.500   1.1671   0.01918   0.00928  -0.0836
   7.750   1.1872   0.01966   0.00960  -0.0827
