Smoothened XFOIL polar
 10-point moving average applied

   alpha    CL        CD       CDp       CM
  ------ -------- --------- --------- --------
 -19.000  -0.5320   0.22869   0.21983   0.0105
 -16.500  -0.4775   0.20619   0.19743  -0.0013
 -15.500  -0.4325   0.18981   0.18118  -0.0100
 -14.750  -0.3965   0.17806   0.16958  -0.0163
 -13.250  -0.3689   0.16944   0.16111  -0.0207
 -12.750  -0.3689   0.16217   0.15385  -0.0215
 -12.250  -0.3319   0.15288   0.14480  -0.0268
 -11.250  -0.3144   0.14634   0.13843  -0.0293
 -11.000  -0.3167   0.14145   0.13356  -0.0296
 -10.750  -0.3248   0.13649   0.12860  -0.0294
 -10.500  -0.3214   0.13276   0.12493  -0.0298
 -10.250  -0.3159   0.13063   0.12286  -0.0302
 -10.000  -0.3085   0.12801   0.12037  -0.0310
  -9.750  -0.3050   0.12503   0.11745  -0.0309
  -9.500  -0.3065   0.12202   0.11451  -0.0312
  -9.250  -0.3048   0.11898   0.11157  -0.0315
  -9.000  -0.3088   0.11492   0.10760  -0.0308
  -8.500  -0.3131   0.11064   0.10342  -0.0298
  -8.250  -0.3253   0.10634   0.09921  -0.0287
  -7.750  -0.3332   0.10255   0.09557  -0.0265
  -7.500  -0.3481   0.09989   0.09306  -0.0250
  -7.250  -0.3580   0.09877   0.09209  -0.0217
  -7.000  -0.3773   0.09589   0.08930  -0.0204
  -6.750  -0.3885   0.09137   0.08487  -0.0216
  -6.500  -0.3905   0.08365   0.07708  -0.0258
  -5.750  -0.3871   0.07318   0.06629  -0.0325
  -5.500  -0.3770   0.06137   0.05391  -0.0417
  -5.250  -0.3659   0.05375   0.04607  -0.0454
  -5.000  -0.3570   0.04926   0.04149  -0.0470
  -4.750  -0.3436   0.04822   0.04046  -0.0451
  -4.500  -0.3275   0.04721   0.03940  -0.0441
  -4.250  -0.3069   0.04619   0.03825  -0.0440
  -4.000  -0.2804   0.04373   0.03544  -0.0459
  -3.750  -0.2472   0.03975   0.03084  -0.0498
  -3.500  -0.2099   0.03513   0.02550  -0.0547
  -3.250  -0.1835   0.03368   0.02369  -0.0552
  -3.000  -0.1579   0.03249   0.02224  -0.0558
  -2.750  -0.1336   0.03161   0.02119  -0.0561
  -2.500  -0.1091   0.03081   0.02021  -0.0566
  -2.250  -0.0854   0.03017   0.01948  -0.0569
  -2.000  -0.0622   0.02967   0.01893  -0.0571
  -1.750  -0.0383   0.02935   0.01849  -0.0576
  -1.500  -0.0139   0.02885   0.01829  -0.0579
  -1.250   0.0067   0.02817   0.01813  -0.0573
  -1.000   0.0302   0.02759   0.01810  -0.0573
  -0.750   0.0585   0.02725   0.01819  -0.0583
  -0.500   0.0933   0.02729   0.01847  -0.0607
  -0.250   0.1329   0.02776   0.01893  -0.0642
   0.000   0.1761   0.02865   0.01955  -0.0686
   0.250   0.2228   0.02985   0.02027  -0.0739
   0.500   0.2674   0.03085   0.02108  -0.0784
   0.750   0.3043   0.03169   0.02180  -0.0815
   1.000   0.3417   0.03251   0.02251  -0.0845
   1.250   0.3766   0.03331   0.02323  -0.0870
   1.500   0.4100   0.03412   0.02399  -0.0891
   1.750   0.4419   0.03492   0.02476  -0.0909
   2.000   0.4727   0.03574   0.02555  -0.0925
   2.250   0.5028   0.03659   0.02637  -0.0940
   2.500   0.5311   0.03743   0.02719  -0.0950
   2.750   0.5608   0.03819   0.02792  -0.0961
   3.000   0.5907   0.03896   0.02866  -0.0972
   3.250   0.6181   0.03980   0.02948  -0.0979
   3.500   0.6437   0.04072   0.03039  -0.0983
   3.750   0.6704   0.04160   0.03127  -0.0988
   4.000   0.6963   0.04252   0.03220  -0.0991
   4.250   0.7193   0.04355   0.03325  -0.0991
   4.500   0.7406   0.04469   0.03441  -0.0989
   4.750   0.7620   0.04588   0.03563  -0.0987
   5.000   0.7862   0.04681   0.03660  -0.0986
   5.250   0.8060   0.04806   0.03789  -0.0982
   5.500   0.8300   0.04893   0.03882  -0.0978
   5.750   0.8566   0.04961   0.03957  -0.0975
   6.000   0.8900   0.04940   0.03946  -0.0970
   6.250   0.9331   0.04781   0.03796  -0.0962
   6.500   0.9819   0.04522   0.03545  -0.0951
   6.750   1.0344   0.04198   0.03227  -0.0938
   7.000   1.0879   0.03864   0.02900  -0.0926
   7.250   1.1326   0.03599   0.02637  -0.0910
   7.500   1.1705   0.03383   0.02419  -0.0890
   7.750   1.1892   0.03016   0.02054  -0.0875
   8.000   1.2069   0.03025   0.02026  -0.0833
   8.250   1.2248   0.03429   0.02395  -0.0757
   8.500   1.2650   0.03154   0.02097  -0.0610
   9.750   1.2753   0.04056   0.02991  -0.0472
  10.500   1.2212   0.06706   0.05678  -0.0404
  11.250   1.0722   0.11809   0.10883  -0.0459
  17.500   0.7975   0.20074   0.19332  -0.0687
