Smoothened XFOIL polar
 10-point moving average applied

   alpha    CL        CD       CDp       CM
  ------ -------- --------- --------- --------
 -18.000  -0.3587   0.19741   0.19247  -0.0286
 -12.750  -0.2849   0.17455   0.16979  -0.0322
 -12.500  -0.2711   0.15186   0.14718  -0.0349
 -11.750  -0.2980   0.13007   0.12541  -0.0369
 -10.500  -0.3461   0.10992   0.10526  -0.0388
  -9.750  -0.3852   0.09824   0.09390  -0.0388
  -7.000  -0.4041   0.07906   0.07470  -0.0439
  -6.750  -0.4006   0.06177   0.05715  -0.0524
  -6.000  -0.3753   0.04869   0.04361  -0.0630
  -5.750  -0.3218   0.04028   0.03462  -0.0732
  -5.500  -0.2546   0.03859   0.03226  -0.0815
  -5.250  -0.2119   0.02722   0.02006  -0.0935
  -5.000  -0.1774   0.02514   0.01750  -0.0954
  -4.750  -0.1388   0.02608   0.01827  -0.0964
  -4.500  -0.0999   0.02463   0.01652  -0.0991
  -4.250  -0.0605   0.02343   0.01511  -0.1017
  -4.000  -0.0223   0.02236   0.01392  -0.1039
  -3.750   0.0163   0.02146   0.01298  -0.1063
  -3.500   0.0537   0.02067   0.01222  -0.1084
  -3.250   0.0920   0.01992   0.01154  -0.1107
  -3.000   0.1293   0.01925   0.01098  -0.1128
  -2.750   0.1678   0.01858   0.01044  -0.1152
  -2.500   0.2027   0.01802   0.01003  -0.1173
  -2.250   0.2438   0.01741   0.00960  -0.1199
  -2.000   0.2881   0.01677   0.00923  -0.1226
  -1.750   0.3313   0.01602   0.00891  -0.1244
  -1.250   0.3727   0.01519   0.00859  -0.1253
  -1.000   0.4126   0.01436   0.00824  -0.1259
  -0.750   0.4485   0.01365   0.00793  -0.1259
  -0.500   0.4815   0.01312   0.00761  -0.1260
  -0.250   0.5093   0.01286   0.00737  -0.1259
   0.000   0.5422   0.01268   0.00709  -0.1267
   0.250   0.5750   0.01260   0.00687  -0.1276
   0.500   0.6048   0.01256   0.00673  -0.1280
   0.750   0.6349   0.01249   0.00657  -0.1283
   1.000   0.6644   0.01244   0.00643  -0.1285
   1.250   0.6936   0.01242   0.00630  -0.1286
   1.500   0.7223   0.01244   0.00619  -0.1287
   1.750   0.7507   0.01249   0.00612  -0.1286
   2.000   0.7787   0.01257   0.00607  -0.1285
   2.250   0.8055   0.01267   0.00606  -0.1282
   2.500   0.8320   0.01279   0.00606  -0.1278
   2.750   0.8582   0.01292   0.00608  -0.1274
   3.000   0.8841   0.01308   0.00612  -0.1269
   3.250   0.9096   0.01326   0.00618  -0.1263
   3.500   0.9345   0.01344   0.00626  -0.1257
   3.750   0.9589   0.01364   0.00633  -0.1250
   4.000   0.9827   0.01384   0.00643  -0.1241
   4.250   1.0066   0.01407   0.00654  -0.1233
   4.500   1.0304   0.01432   0.00668  -0.1225
   4.750   1.0542   0.01459   0.00687  -0.1218
   5.000   1.0778   0.01488   0.00708  -0.1210
   5.250   1.1010   0.01516   0.00731  -0.1202
   5.500   1.1241   0.01545   0.00754  -0.1193
   5.750   1.1469   0.01575   0.00777  -0.1185
   6.000   1.1690   0.01604   0.00801  -0.1174
   6.250   1.1892   0.01636   0.00824  -0.1161
   6.500   1.2086   0.01652   0.00834  -0.1149
   6.750   1.2245   0.01704   0.00865  -0.1126
   7.000   1.2352   0.01787   0.00913  -0.1094
   7.250   1.2433   0.01927   0.01007  -0.1050
   7.750   1.2482   0.02088   0.01118  -0.1003
   8.000   1.2553   0.02293   0.01280  -0.0951
   8.500   1.2661   0.02544   0.01507  -0.0893
   8.750   1.2794   0.02808   0.01764  -0.0838
   9.500   1.2953   0.03049   0.02021  -0.0795
  10.000   1.3091   0.03297   0.02287  -0.0753
  10.250   1.3185   0.03530   0.02538  -0.0719
  10.500   1.3244   0.03758   0.02783  -0.0691
  10.750   1.3251   0.03955   0.02995  -0.0673
  11.000   1.3251   0.04170   0.03225  -0.0656
  11.250   1.3243   0.04405   0.03474  -0.0639
  11.500   1.3233   0.04669   0.03753  -0.0622
  11.750   1.3229   0.04973   0.04072  -0.0604
