Smoothened XFOIL polar
 10-point moving average applied

   alpha    CL        CD       CDp       CM
  ------ -------- --------- --------- --------
 -14.000  -0.3571   0.16720   0.16110  -0.0292
 -12.500  -0.3188   0.15581   0.14993  -0.0302
 -11.750  -0.3140   0.13553   0.12993  -0.0321
 -10.000  -0.3284   0.11015   0.10484  -0.0352
  -5.500  -0.3479   0.08351   0.07837  -0.0396
  -5.000  -0.3510   0.06247   0.05720  -0.0457
  -4.750  -0.3251   0.04550   0.03975  -0.0546
  -4.500  -0.2773   0.03644   0.02994  -0.0643
  -4.250  -0.2139   0.03485   0.02745  -0.0742
  -4.000  -0.1669   0.03316   0.02517  -0.0773
  -3.750  -0.1174   0.02841   0.01959  -0.0834
  -3.500  -0.0714   0.02606   0.01678  -0.0878
  -3.250  -0.0320   0.02629   0.01701  -0.0900
  -3.000   0.0095   0.02551   0.01620  -0.0931
  -2.750   0.0507   0.02482   0.01555  -0.0961
  -2.500   0.0908   0.02422   0.01509  -0.0990
  -2.250   0.1319   0.02368   0.01472  -0.1019
  -2.000   0.1723   0.02319   0.01442  -0.1049
  -1.750   0.2077   0.02265   0.01425  -0.1074
  -1.500   0.2457   0.02197   0.01408  -0.1091
  -1.250   0.2870   0.02120   0.01382  -0.1106
  -1.000   0.3301   0.02046   0.01351  -0.1119
  -0.500   0.3735   0.01984   0.01318  -0.1130
  -0.250   0.4166   0.01939   0.01283  -0.1142
   0.000   0.4587   0.01911   0.01246  -0.1157
   0.250   0.4976   0.01898   0.01213  -0.1174
   0.500   0.5300   0.01888   0.01194  -0.1187
   0.750   0.5631   0.01874   0.01174  -0.1195
   1.000   0.5966   0.01856   0.01151  -0.1203
   1.250   0.6300   0.01837   0.01126  -0.1211
   1.500   0.6631   0.01817   0.01099  -0.1218
   1.750   0.6967   0.01795   0.01068  -0.1225
   2.000   0.7295   0.01776   0.01040  -0.1230
   2.250   0.7616   0.01761   0.01016  -0.1234
   2.500   0.7927   0.01752   0.00999  -0.1237
   2.750   0.8221   0.01752   0.00990  -0.1237
   3.000   0.8506   0.01757   0.00987  -0.1235
   3.250   0.8783   0.01764   0.00986  -0.1232
   3.500   0.9056   0.01773   0.00987  -0.1228
   3.750   0.9335   0.01780   0.00986  -0.1225
   4.000   0.9605   0.01791   0.00987  -0.1220
   4.250   0.9868   0.01804   0.00991  -0.1214
   4.500   1.0122   0.01817   0.00996  -0.1207
   4.750   1.0368   0.01832   0.01001  -0.1198
   5.000   1.0611   0.01847   0.01008  -0.1188
   5.250   1.0851   0.01866   0.01017  -0.1179
   5.500   1.1088   0.01888   0.01032  -0.1169
   5.750   1.1324   0.01915   0.01052  -0.1160
   6.000   1.1559   0.01945   0.01078  -0.1152
   6.250   1.1789   0.01976   0.01107  -0.1142
   6.500   1.2007   0.02004   0.01133  -0.1131
   6.750   1.2218   0.02008   0.01135  -0.1121
   7.000   1.2381   0.02016   0.01135  -0.1099
   7.250   1.2486   0.02086   0.01182  -0.1056
   7.500   1.2527   0.02227   0.01285  -0.0998
   8.000   1.2513   0.02432   0.01444  -0.0930
   8.500   1.2472   0.02683   0.01650  -0.0861
   8.750   1.2429   0.02954   0.01884  -0.0799
   9.000   1.2403   0.03211   0.02119  -0.0751
   9.250   1.2410   0.03417   0.02325  -0.0721
   9.500   1.2421   0.03601   0.02521  -0.0696
   9.750   1.2432   0.03807   0.02741  -0.0670
  10.000   1.2422   0.04013   0.02961  -0.0647
  10.250   1.2403   0.04276   0.03236  -0.0624
  10.500   1.2388   0.04575   0.03543  -0.0599
  10.750   1.2393   0.04891   0.03867  -0.0575
  11.250   1.2445   0.05198   0.04180  -0.0551
  11.500   1.2565   0.05474   0.04462  -0.0528
  11.750   1.2773   0.05700   0.04694  -0.0507
