Smoothened XFOIL polar
 10-point moving average applied

   alpha    CL        CD       CDp       CM
  ------ -------- --------- --------- --------
 -20.000  -0.3864   0.22620   0.21764  -0.0166
 -19.250  -0.4410   0.21972   0.21069  -0.0137
 -18.000  -0.4348   0.21219   0.20315  -0.0158
 -16.500  -0.3905   0.20432   0.19558  -0.0210
 -16.250  -0.3312   0.19684   0.18850  -0.0274
 -15.750  -0.2958   0.18957   0.18147  -0.0319
 -15.500  -0.2981   0.18715   0.17903  -0.0321
 -15.250  -0.3125   0.18665   0.17846  -0.0310
 -15.000  -0.3193   0.18426   0.17603  -0.0309
 -14.750  -0.3321   0.18240   0.17409  -0.0307
 -14.500  -0.3433   0.17947   0.17108  -0.0306
 -14.250  -0.3510   0.17622   0.16779  -0.0308
 -14.000  -0.3496   0.17231   0.16391  -0.0313
 -13.500  -0.3675   0.16789   0.15937  -0.0305
 -13.250  -0.3588   0.16420   0.15577  -0.0310
 -13.000  -0.3460   0.15983   0.15154  -0.0320
 -12.750  -0.3367   0.15521   0.14703  -0.0323
 -12.000  -0.3223   0.15122   0.14318  -0.0324
 -11.500  -0.3153   0.14631   0.13835  -0.0323
 -11.250  -0.3064   0.14268   0.13482  -0.0321
 -11.000  -0.3022   0.13899   0.13119  -0.0316
 -10.750  -0.3059   0.13607   0.12827  -0.0311
 -10.500  -0.3033   0.13322   0.12544  -0.0307
 -10.250  -0.3148   0.13057   0.12276  -0.0306
 -10.000  -0.3199   0.12712   0.11932  -0.0301
  -9.750  -0.3173   0.12440   0.11674  -0.0292
  -9.500  -0.3196   0.12075   0.11319  -0.0280
  -8.750  -0.3205   0.11768   0.11026  -0.0266
  -8.500  -0.3219   0.11470   0.10742  -0.0248
  -8.250  -0.3196   0.11238   0.10527  -0.0230
  -8.000  -0.3195   0.11010   0.10311  -0.0211
  -7.750  -0.3247   0.10845   0.10154  -0.0195
  -7.500  -0.3350   0.10607   0.09921  -0.0175
  -7.250  -0.3435   0.10435   0.09759  -0.0152
  -7.000  -0.3533   0.10254   0.09581  -0.0131
  -6.750  -0.3729   0.09990   0.09323  -0.0105
  -6.500  -0.3867   0.09683   0.09029  -0.0073
  -6.250  -0.3958   0.09345   0.08708  -0.0045
  -5.250  -0.4128   0.09123   0.08507   0.0021
  -5.000  -0.4222   0.08753   0.08163   0.0049
  -4.750  -0.4102   0.08045   0.07445  -0.0012
  -4.500  -0.3752   0.07124   0.06481  -0.0140
  -3.750  -0.3223   0.06157   0.05438  -0.0312
  -3.500  -0.2640   0.05141   0.04337  -0.0488
  -3.250  -0.2049   0.04274   0.03381  -0.0639
  -3.000  -0.1564   0.03719   0.02752  -0.0738
  -2.750  -0.1279   0.03633   0.02628  -0.0738
  -2.500  -0.1073   0.03646   0.02633  -0.0728
  -2.250  -0.0821   0.03579   0.02552  -0.0736
  -2.000  -0.0581   0.03537   0.02505  -0.0742
  -1.750  -0.0372   0.03506   0.02470  -0.0743
  -1.500  -0.0143   0.03495   0.02462  -0.0748
  -1.250   0.0164   0.03497   0.02465  -0.0768
  -1.000   0.0525   0.03494   0.02495  -0.0793
  -0.750   0.0918   0.03479   0.02530  -0.0819
  -0.500   0.1338   0.03462   0.02563  -0.0849
  -0.250   0.1780   0.03455   0.02593  -0.0882
   0.000   0.2205   0.03467   0.02624  -0.0914
   0.250   0.2569   0.03507   0.02660  -0.0939
   0.500   0.2946   0.03580   0.02706  -0.0969
   0.750   0.3334   0.03680   0.02767  -0.1003
   1.000   0.3698   0.03774   0.02842  -0.1031
   1.250   0.4051   0.03857   0.02913  -0.1054
   1.500   0.4382   0.03939   0.02988  -0.1074
   1.750   0.4708   0.04022   0.03065  -0.1091
   2.000   0.5033   0.04098   0.03136  -0.1107
   2.250   0.5339   0.04175   0.03207  -0.1119
   2.500   0.5646   0.04250   0.03276  -0.1131
   2.750   0.5965   0.04314   0.03334  -0.1142
   3.000   0.6258   0.04387   0.03399  -0.1150
   3.250   0.6545   0.04467   0.03474  -0.1157
   3.500   0.6835   0.04536   0.03539  -0.1162
   3.750   0.7108   0.04612   0.03612  -0.1165
   4.000   0.7370   0.04692   0.03690  -0.1166
   4.250   0.7603   0.04786   0.03783  -0.1164
   4.500   0.7858   0.04864   0.03860  -0.1163
   4.750   0.8115   0.04946   0.03942  -0.1162
   5.000   0.8332   0.05051   0.04049  -0.1157
   5.250   0.8550   0.05151   0.04150  -0.1151
   5.500   0.8865   0.05164   0.04166  -0.1150
   5.750   0.9121   0.05216   0.04221  -0.1143
   6.000   0.9375   0.05249   0.04258  -0.1132
   6.250   0.9763   0.05158   0.04171  -0.1129
   6.500   1.0174   0.05035   0.04053  -0.1125
   6.750   1.0644   0.04862   0.03886  -0.1126
   7.000   1.1054   0.04812   0.03843  -0.1129
   7.250   1.1525   0.04604   0.03641  -0.1126
   7.500   1.2026   0.04283   0.03321  -0.1117
   7.750   1.2390   0.04015   0.03050  -0.1095
   8.000   1.2676   0.03762   0.02793  -0.1062
   8.250   1.2953   0.03503   0.02529  -0.1027
   8.500   1.3091   0.03377   0.02399  -0.0985
   8.750   1.3200   0.03346   0.02364  -0.0947
   9.000   1.3192   0.03509   0.02529  -0.0914
   9.250   1.3222   0.03580   0.02605  -0.0875
   9.500   1.3221   0.03700   0.02725  -0.0831
   9.750   1.3172   0.03917   0.02937  -0.0782
  10.250   1.3042   0.04336   0.03344  -0.0733
  10.750   1.2857   0.04909   0.03898  -0.0689
  11.250   1.2639   0.05585   0.04550  -0.0655
  11.750   1.2420   0.06289   0.05232  -0.0634
  12.000   1.2225   0.06947   0.05875  -0.0628
  12.250   1.2076   0.07519   0.06440  -0.0628
  12.500   1.1980   0.07982   0.06904  -0.0630
  12.750   1.1928   0.08367   0.07296  -0.0632
  13.000   1.1890   0.08763   0.07701  -0.0633
  13.250   1.1873   0.09128   0.08074  -0.0634
  13.500   1.2001   0.09355   0.08304  -0.0638
  13.750   1.2231   0.08912   0.07856  -0.0600
  14.000   1.2247   0.09019   0.07969  -0.0578
  14.250   1.1733   0.10388   0.09381  -0.0591
  14.500   1.0423   0.13685   0.12778  -0.0661
  17.750   0.8055   0.19579   0.18846  -0.0809
