Smoothened XFOIL polar
 10-point moving average applied

   alpha    CL        CD       CDp       CM
  ------ -------- --------- --------- --------
  -8.500  -0.3519   0.10262   0.09922  -0.0281
  -7.500  -0.3750   0.08394   0.08025  -0.0319
  -7.000  -0.3654   0.06423   0.05975  -0.0421
  -6.000  -0.3320   0.04522   0.03968  -0.0558
  -5.750  -0.2840   0.02867   0.02200  -0.0703
  -5.500  -0.2352   0.01697   0.00940  -0.0823
  -5.250  -0.1840   0.01205   0.00400  -0.0882
  -5.000  -0.1531   0.01644   0.00850  -0.0854
  -4.750  -0.1156   0.01655   0.00864  -0.0878
  -4.500  -0.0785   0.01657   0.00867  -0.0902
  -4.250  -0.0412   0.01648   0.00860  -0.0927
  -4.000  -0.0045   0.01615   0.00828  -0.0951
  -3.750   0.0323   0.01570   0.00786  -0.0973
  -3.500   0.0676   0.01519   0.00739  -0.0991
  -3.250   0.1026   0.01458   0.00684  -0.1008
  -3.000   0.1357   0.01401   0.00637  -0.1022
  -2.750   0.1652   0.01359   0.00603  -0.1033
  -2.500   0.1981   0.01313   0.00571  -0.1042
  -2.250   0.2337   0.01266   0.00540  -0.1051
  -2.000   0.2675   0.01210   0.00515  -0.1053
  -1.500   0.3026   0.01144   0.00495  -0.1054
  -1.250   0.3374   0.01077   0.00477  -0.1054
  -1.000   0.3712   0.01016   0.00461  -0.1054
  -0.750   0.4017   0.00972   0.00450  -0.1054
  -0.500   0.4276   0.00952   0.00442  -0.1053
  -0.250   0.4560   0.00944   0.00432  -0.1053
   0.000   0.4839   0.00949   0.00421  -0.1054
   0.250   0.5087   0.00955   0.00413  -0.1049
   0.500   0.5351   0.00958   0.00407  -0.1047
   0.750   0.5617   0.00963   0.00402  -0.1045
   1.000   0.5882   0.00970   0.00399  -0.1042
   1.250   0.6122   0.00978   0.00398  -0.1040
   1.500   0.6395   0.00989   0.00397  -0.1036
   1.750   0.6690   0.01002   0.00396  -0.1031
   2.000   0.6997   0.01018   0.00394  -0.1023
   2.500   0.7305   0.01034   0.00393  -0.1015
   2.750   0.7605   0.01053   0.00393  -0.1007
   3.000   0.7889   0.01072   0.00395  -0.0999
   3.250   0.8146   0.01093   0.00402  -0.0993
   3.500   0.8368   0.01115   0.00412  -0.0988
   3.750   0.8614   0.01137   0.00425  -0.0983
   4.000   0.8860   0.01160   0.00439  -0.0979
   4.250   0.9105   0.01184   0.00455  -0.0975
   4.500   0.9349   0.01207   0.00471  -0.0970
   4.750   0.9591   0.01232   0.00489  -0.0965
   5.000   0.9838   0.01256   0.00508  -0.0960
   5.250   1.0079   0.01281   0.00528  -0.0955
   5.500   1.0310   0.01309   0.00547  -0.0948
   5.750   1.0515   0.01355   0.00573  -0.0937
   6.000   1.0688   0.01426   0.00609  -0.0922
   6.250   1.0838   0.01517   0.00657  -0.0904
   6.500   1.0974   0.01623   0.00716  -0.0884
   6.750   1.1105   0.01738   0.00786  -0.0864
   7.000   1.1573   0.00592  -0.00453  -0.0866
   7.250   1.1630   0.00851  -0.00178  -0.0814
   7.500   1.1163   0.03631   0.02701  -0.0782
   7.750   1.0428   0.07555   0.06767  -0.0747
  14.750   0.9454   0.12746   0.12124  -0.0740
  19.250   0.8297   0.19089   0.18635  -0.0778
  19.750   0.7010   0.26470   0.26167  -0.0879
