Smoothened XFOIL polar
 10-point moving average applied

   alpha    CL        CD       CDp       CM
  ------ -------- --------- --------- --------
 -20.000  -0.2854   0.21847   0.21350  -0.0267
 -19.250  -0.2624   0.21422   0.20944  -0.0271
 -19.000  -0.2570   0.21143   0.20668  -0.0274
 -18.750  -0.2623   0.20951   0.20469  -0.0275
 -18.500  -0.2714   0.20787   0.20295  -0.0275
 -18.000  -0.2503   0.20533   0.20055  -0.0277
 -17.500  -0.2641   0.20273   0.19785  -0.0273
 -17.000  -0.2714   0.19674   0.19181  -0.0285
 -15.750  -0.2609   0.19168   0.18686  -0.0291
 -15.250  -0.2427   0.18591   0.18124  -0.0300
 -14.750  -0.2456   0.18120   0.17651  -0.0301
 -14.500  -0.2575   0.17740   0.17259  -0.0297
 -14.250  -0.2593   0.17399   0.16912  -0.0300
 -14.000  -0.2503   0.17377   0.16904  -0.0293
 -13.750  -0.2555   0.17138   0.16663  -0.0295
 -13.500  -0.2613   0.17035   0.16565  -0.0294
 -13.250  -0.2556   0.17048   0.16593  -0.0286
 -13.000  -0.2508   0.16891   0.16442  -0.0278
 -12.750  -0.2512   0.16590   0.16145  -0.0271
 -12.500  -0.2528   0.16167   0.15723  -0.0263
 -12.000  -0.2595   0.15671   0.15224  -0.0252
 -11.500  -0.2738   0.15462   0.15021  -0.0219
 -11.250  -0.2232   0.15726   0.15297  -0.0193
 -11.000  -0.2289   0.14902   0.14470  -0.0259
 -10.750  -0.2783   0.13097   0.12644  -0.0400
 -10.000  -0.3529   0.10722   0.10236  -0.0587
  -9.500  -0.4217   0.08534   0.08038  -0.0754
  -9.250  -0.5226   0.05923   0.05383  -0.0944
  -9.000  -0.5232   0.05219   0.04677  -0.0995
  -8.750  -0.5008   0.05207   0.04665  -0.0988
  -8.500  -0.4077   0.06010   0.05461  -0.0958
  -8.250  -0.3810   0.05732   0.05148  -0.0994
  -8.000  -0.3700   0.05220   0.04598  -0.1044
  -7.750  -0.3701   0.04506   0.03842  -0.1110
  -7.500  -0.3652   0.03924   0.03240  -0.1155
  -7.250  -0.3829   0.02926   0.02198  -0.1233
  -7.000  -0.3154   0.03312   0.02586  -0.1221
  -6.750  -0.2794   0.03220   0.02489  -0.1238
  -6.500  -0.2477   0.03122   0.02374  -0.1253
  -6.250  -0.2127   0.03026   0.02265  -0.1270
  -6.000  -0.1679   0.02921   0.02151  -0.1288
  -5.750  -0.1138   0.02792   0.02012  -0.1314
  -5.250  -0.0556   0.02656   0.01870  -0.1342
  -4.750   0.0043   0.02524   0.01737  -0.1371
  -4.500   0.0596   0.02400   0.01610  -0.1397
  -4.250   0.1078   0.02302   0.01514  -0.1418
  -4.000   0.1486   0.02228   0.01438  -0.1441
  -3.750   0.1873   0.02167   0.01375  -0.1463
  -3.500   0.2289   0.02105   0.01310  -0.1485
  -3.250   0.2706   0.02049   0.01253  -0.1508
  -3.000   0.3129   0.01996   0.01194  -0.1532
  -2.750   0.3508   0.01954   0.01149  -0.1548
  -2.500   0.3856   0.01919   0.01110  -0.1558
  -2.250   0.4185   0.01888   0.01074  -0.1565
  -2.000   0.4506   0.01862   0.01045  -0.1570
  -1.750   0.4813   0.01843   0.01025  -0.1572
  -1.500   0.5098   0.01830   0.01013  -0.1570
  -1.250   0.5374   0.01822   0.01004  -0.1567
  -1.000   0.5656   0.01815   0.00994  -0.1565
  -0.750   0.5921   0.01812   0.00987  -0.1559
  -0.500   0.6184   0.01812   0.00981  -0.1554
  -0.250   0.6432   0.01812   0.00977  -0.1545
   0.000   0.6676   0.01815   0.00975  -0.1536
   0.250   0.6929   0.01818   0.00974  -0.1528
   0.500   0.7177   0.01824   0.00975  -0.1520
   0.750   0.7418   0.01832   0.00980  -0.1511
   1.000   0.7658   0.01841   0.00986  -0.1502
   1.250   0.7900   0.01851   0.00994  -0.1493
   1.500   0.8139   0.01864   0.01005  -0.1483
   1.750   0.8368   0.01878   0.01019  -0.1472
   2.000   0.8595   0.01891   0.01033  -0.1460
   2.250   0.8824   0.01906   0.01047  -0.1449
   2.500   0.9049   0.01921   0.01063  -0.1438
   2.750   0.9270   0.01937   0.01082  -0.1425
   3.000   0.9487   0.01954   0.01102  -0.1412
   3.250   0.9701   0.01971   0.01124  -0.1398
   3.500   0.9915   0.01990   0.01149  -0.1384
   3.750   1.0127   0.02010   0.01176  -0.1369
   4.000   1.0312   0.02026   0.01202  -0.1348
   4.250   1.0481   0.02037   0.01224  -0.1324
   4.500   1.0652   0.02048   0.01244  -0.1300
   4.750   1.0831   0.02062   0.01262  -0.1278
   5.000   1.1019   0.02082   0.01282  -0.1260
   5.250   1.1223   0.02111   0.01305  -0.1247
   5.500   1.1456   0.02148   0.01330  -0.1241
   5.750   1.1699   0.02193   0.01361  -0.1237
   6.000   1.1919   0.02240   0.01398  -0.1228
   6.250   1.2132   0.02286   0.01436  -0.1218
   6.500   1.2333   0.02334   0.01477  -0.1206
   6.750   1.2533   0.02382   0.01516  -0.1194
   7.000   1.2727   0.02430   0.01558  -0.1181
   7.250   1.2913   0.02481   0.01606  -0.1167
   7.500   1.3114   0.02533   0.01652  -0.1155
   7.750   1.3296   0.02588   0.01706  -0.1141
   8.000   1.3480   0.02645   0.01761  -0.1128
   8.250   1.3643   0.02705   0.01821  -0.1111
   8.500   1.3802   0.02765   0.01880  -0.1094
   8.750   1.3949   0.02828   0.01941  -0.1076
   9.000   1.4108   0.02888   0.01998  -0.1059
   9.250   1.4251   0.02954   0.02064  -0.1041
   9.500   1.4420   0.03017   0.02123  -0.1027
   9.750   1.4572   0.03088   0.02192  -0.1011
  10.000   1.4733   0.03161   0.02262  -0.0997
  10.250   1.4880   0.03239   0.02340  -0.0981
  10.500   1.5013   0.03325   0.02426  -0.0965
  10.750   1.5135   0.03414   0.02517  -0.0947
  11.000   1.5251   0.03509   0.02615  -0.0930
  11.250   1.5356   0.03605   0.02717  -0.0911
  11.500   1.5485   0.03696   0.02808  -0.0896
  11.750   1.5591   0.03799   0.02916  -0.0878
  12.000   1.5729   0.03891   0.03008  -0.0865
  12.250   1.5870   0.03987   0.03103  -0.0853
  12.500   1.5974   0.04104   0.03222  -0.0838
  12.750   1.6113   0.04209   0.03325  -0.0826
  13.000   1.6237   0.04321   0.03438  -0.0813
  13.250   1.6333   0.04451   0.03573  -0.0799
  13.500   1.6407   0.04596   0.03723  -0.0784
  13.750   1.6480   0.04738   0.03871  -0.0768
  14.000   1.6552   0.04887   0.04025  -0.0755
  14.250   1.6576   0.05069   0.04216  -0.0738
  14.500   1.6602   0.05246   0.04403  -0.0723
  14.750   1.6703   0.05380   0.04539  -0.0712
  15.000   1.6773   0.05542   0.04706  -0.0701
  15.250   1.6765   0.05764   0.04940  -0.0688
  15.500   1.6829   0.05925   0.05105  -0.0677
  15.750   1.6896   0.06089   0.05270  -0.0668
  16.000   1.6849   0.06360   0.05551  -0.0657
  16.250   1.6803   0.06620   0.05821  -0.0647
  16.500   1.6814   0.06828   0.06033  -0.0638
  16.750   1.6725   0.07144   0.06359  -0.0634
  17.000   1.6668   0.07442   0.06666  -0.0627
  17.250   1.7037   0.06849   0.06075  -0.0563
  17.500   1.6528   0.07970   0.07217  -0.0602
  18.000   1.5787   0.09596   0.08875  -0.0668
  18.250   1.4444   0.12595   0.11923  -0.0819
  18.500   1.2347   0.17372   0.16768  -0.1083
  19.500   0.9341   0.24331   0.23819  -0.1488
