Smoothened XFOIL polar
 10-point moving average applied

   alpha    CL        CD       CDp       CM
  ------ -------- --------- --------- --------
 -10.500  -0.3269   0.12081   0.11675  -0.0344
  -9.500  -0.3352   0.11296   0.10889  -0.0333
  -9.000  -0.3479   0.10519   0.10133  -0.0323
  -8.000  -0.3603   0.09674   0.09316  -0.0325
  -7.750  -0.3680   0.08687   0.08346  -0.0349
  -6.750  -0.3646   0.07254   0.06881  -0.0421
  -6.250  -0.3456   0.05645   0.05204  -0.0530
  -6.000  -0.3140   0.04096   0.03560  -0.0660
  -5.750  -0.2676   0.02685   0.02046  -0.0773
  -5.500  -0.2157   0.01804   0.01074  -0.0846
  -5.000  -0.1713   0.01503   0.00717  -0.0855
  -4.750  -0.1236   0.01589   0.00792  -0.0870
  -4.500  -0.0786   0.01603   0.00809  -0.0898
  -4.250  -0.0392   0.01607   0.00817  -0.0924
  -4.000  -0.0055   0.01605   0.00819  -0.0947
  -3.750   0.0303   0.01565   0.00781  -0.0968
  -3.500   0.0668   0.01518   0.00738  -0.0989
  -3.250   0.1015   0.01463   0.00689  -0.1006
  -3.000   0.1353   0.01403   0.00638  -0.1020
  -2.750   0.1669   0.01356   0.00603  -0.1031
  -2.500   0.1985   0.01311   0.00571  -0.1041
  -2.250   0.2287   0.01271   0.00544  -0.1048
  -2.000   0.2591   0.01232   0.00521  -0.1055
  -1.750   0.2853   0.01187   0.00504  -0.1054
  -1.500   0.3130   0.01129   0.00489  -0.1054
  -1.250   0.3411   0.01069   0.00475  -0.1054
  -1.000   0.3692   0.01015   0.00464  -0.1053
  -0.750   0.3978   0.00974   0.00453  -0.1052
  -0.500   0.4268   0.00950   0.00442  -0.1053
  -0.250   0.4556   0.00942   0.00431  -0.1054
   0.000   0.4836   0.00947   0.00419  -0.1055
   0.250   0.5086   0.00952   0.00411  -0.1050
   0.500   0.5349   0.00955   0.00405  -0.1047
   0.750   0.5613   0.00960   0.00400  -0.1045
   1.000   0.5878   0.00967   0.00397  -0.1043
   1.250   0.6141   0.00975   0.00396  -0.1040
   1.500   0.6400   0.00985   0.00395  -0.1037
   1.750   0.6655   0.00996   0.00394  -0.1032
   2.000   0.6905   0.01007   0.00391  -0.1027
   2.250   0.7151   0.01020   0.00389  -0.1020
   2.500   0.7394   0.01033   0.00388  -0.1013
   2.750   0.7637   0.01049   0.00388  -0.1007
   3.000   0.7879   0.01067   0.00391  -0.1000
   3.250   0.8121   0.01088   0.00398  -0.0994
   3.500   0.8366   0.01110   0.00408  -0.0989
   3.750   0.8612   0.01132   0.00421  -0.0984
   4.000   0.8858   0.01155   0.00435  -0.0980
   4.250   0.9104   0.01179   0.00451  -0.0976
   4.500   0.9348   0.01203   0.00467  -0.0971
   4.750   0.9590   0.01228   0.00485  -0.0966
   5.000   0.9837   0.01251   0.00504  -0.0962
   5.250   1.0078   0.01276   0.00524  -0.0956
   5.500   1.0304   0.01307   0.00544  -0.0949
   5.750   1.0502   0.01359   0.00571  -0.0937
   6.000   1.0670   0.01435   0.00611  -0.0921
   6.250   1.0816   0.01533   0.00662  -0.0902
   6.500   1.0950   0.01645   0.00725  -0.0882
   6.750   1.1086   0.01758   0.00795  -0.0863
   7.000   1.1244   0.01858   0.00865  -0.0848
   7.250   1.1419   0.01939   0.00924  -0.0835
   7.500   1.1607   0.02005   0.00975  -0.0824
   7.750   1.1796   0.02066   0.01026  -0.0812
   8.000   1.1979   0.02129   0.01079  -0.0799
   8.250   1.2150   0.02201   0.01138  -0.0783
