Smoothened XFOIL polar
 10-point moving average applied

   alpha    CL        CD       CDp       CM
  ------ -------- --------- --------- --------
 -16.750  -0.3066   0.19546   0.18732  -0.0282
 -16.500  -0.3156   0.19593   0.18769  -0.0273
 -16.250  -0.3266   0.19378   0.18548  -0.0271
 -15.500  -0.3376   0.18968   0.18133  -0.0272
 -15.000  -0.3463   0.18426   0.17589  -0.0278
 -14.500  -0.3498   0.17868   0.17030  -0.0284
 -13.750  -0.3419   0.17248   0.16417  -0.0297
 -13.500  -0.3235   0.16717   0.15898  -0.0316
 -13.000  -0.3223   0.16217   0.15400  -0.0315
 -12.500  -0.3132   0.15661   0.14848  -0.0321
 -12.250  -0.2988   0.15266   0.14465  -0.0333
 -11.750  -0.2945   0.14842   0.14047  -0.0336
 -11.500  -0.3018   0.14387   0.13591  -0.0329
 -11.250  -0.3106   0.13996   0.13199  -0.0328
 -11.000  -0.3137   0.13694   0.12902  -0.0328
 -10.750  -0.3189   0.13409   0.12619  -0.0327
 -10.500  -0.3164   0.13203   0.12425  -0.0325
 -10.250  -0.3215   0.12904   0.12128  -0.0317
 -10.000  -0.3219   0.12654   0.11886  -0.0309
  -9.750  -0.3200   0.12376   0.11614  -0.0300
  -9.500  -0.3169   0.12095   0.11342  -0.0288
  -9.250  -0.3216   0.11782   0.11030  -0.0279
  -9.000  -0.3172   0.11545   0.10804  -0.0270
  -8.750  -0.3138   0.11333   0.10601  -0.0260
  -8.500  -0.3134   0.11190   0.10475  -0.0246
  -8.250  -0.3182   0.10949   0.10246  -0.0228
  -8.000  -0.3310   0.10666   0.09969  -0.0207
  -7.500  -0.3422   0.10394   0.09707  -0.0182
  -7.250  -0.3515   0.10193   0.09518  -0.0155
  -7.000  -0.3658   0.09903   0.09235  -0.0127
  -6.750  -0.3737   0.09653   0.08996  -0.0097
  -6.500  -0.3816   0.09450   0.08805  -0.0074
  -6.000  -0.4047   0.09355   0.08735   0.0002
  -5.750  -0.4121   0.08861   0.08251   0.0008
  -5.250  -0.4033   0.08032   0.07408  -0.0056
  -4.750  -0.3711   0.07038   0.06377  -0.0176
  -4.000  -0.3259   0.05961   0.05232  -0.0331
  -3.750  -0.2734   0.04933   0.04124  -0.0488
  -3.500  -0.2201   0.04136   0.03245  -0.0620
  -3.250  -0.1777   0.03677   0.02718  -0.0698
  -3.000  -0.1536   0.03657   0.02666  -0.0680
  -2.750  -0.1275   0.03554   0.02537  -0.0689
  -2.500  -0.1028   0.03479   0.02448  -0.0694
  -2.250  -0.0781   0.03415   0.02372  -0.0701
  -2.000  -0.0537   0.03366   0.02314  -0.0707
  -1.750  -0.0306   0.03334   0.02283  -0.0711
  -1.500  -0.0095   0.03317   0.02264  -0.0712
  -1.250   0.0167   0.03308   0.02269  -0.0723
  -1.000   0.0462   0.03280   0.02284  -0.0735
  -0.750   0.0800   0.03253   0.02307  -0.0753
  -0.500   0.1192   0.03237   0.02335  -0.0780
  -0.250   0.1623   0.03242   0.02369  -0.0814
   0.000   0.2060   0.03274   0.02412  -0.0851
   0.250   0.2486   0.03339   0.02462  -0.0888
   0.500   0.2874   0.03433   0.02522  -0.0922
   0.750   0.3265   0.03539   0.02598  -0.0957
   1.000   0.3629   0.03624   0.02668  -0.0984
   1.250   0.3977   0.03706   0.02741  -0.1008
   1.500   0.4309   0.03790   0.02818  -0.1028
   1.750   0.4639   0.03872   0.02895  -0.1047
   2.000   0.4951   0.03954   0.02973  -0.1062
   2.250   0.5256   0.04035   0.03050  -0.1076
   2.500   0.5570   0.04107   0.03118  -0.1088
   2.750   0.5871   0.04180   0.03185  -0.1098
   3.000   0.6164   0.04257   0.03255  -0.1107
   3.250   0.6446   0.04337   0.03332  -0.1113
   3.500   0.6733   0.04412   0.03403  -0.1120
   3.750   0.7011   0.04491   0.03480  -0.1124
   4.000   0.7263   0.04579   0.03567  -0.1125
   4.250   0.7503   0.04672   0.03659  -0.1125
   4.500   0.7787   0.04738   0.03725  -0.1127
   4.750   0.8032   0.04826   0.03814  -0.1125
   5.000   0.8246   0.04935   0.03925  -0.1120
   5.250   0.8503   0.05005   0.03998  -0.1117
   5.500   0.8746   0.05089   0.04085  -0.1113
   5.750   0.8955   0.05183   0.04184  -0.1104
   6.000   0.9265   0.05172   0.04178  -0.1098
   6.250   0.9598   0.05125   0.04137  -0.1091
   6.500   1.0037   0.04981   0.03999  -0.1088
   6.750   1.0448   0.04853   0.03878  -0.1083
   7.000   1.0857   0.04792   0.03826  -0.1085
   7.250   1.1351   0.04553   0.03595  -0.1081
   7.500   1.1778   0.04277   0.03324  -0.1064
   7.750   1.2128   0.03981   0.03032  -0.1033
   8.000   1.2451   0.03647   0.02699  -0.0994
   8.250   1.2636   0.03391   0.02443  -0.0945
   8.500   1.2729   0.03250   0.02299  -0.0888
   8.750   1.2685   0.03288   0.02329  -0.0827
   9.000   1.2540   0.03602   0.02623  -0.0773
   9.500   1.2387   0.03949   0.02939  -0.0718
   9.750   1.2204   0.04393   0.03346  -0.0670
  10.250   1.2012   0.04900   0.03817  -0.0632
  10.500   1.1840   0.05415   0.04303  -0.0606
  10.750   1.1713   0.05884   0.04758  -0.0594
  11.000   1.1619   0.06315   0.05181  -0.0583
  11.250   1.1581   0.06650   0.05520  -0.0577
  11.500   1.1561   0.06987   0.05861  -0.0567
  11.750   1.1653   0.07196   0.06069  -0.0561
  12.000   1.1563   0.07560   0.06443  -0.0540
  12.250   1.1686   0.07826   0.06722  -0.0519
  12.500   1.1656   0.08193   0.07111  -0.0485
  13.000   1.2014   0.08083   0.07008  -0.0445
  13.250   1.2008   0.08376   0.07340  -0.0418
  13.500   1.1227   0.09451   0.08488  -0.0383
  13.750   1.0443   0.11232   0.10346  -0.0420
  15.250   0.9818   0.14293   0.13473  -0.0573
  17.000   0.9587   0.18995   0.18218  -0.0888
  19.000   0.9985   0.25700   0.24930  -0.1410
