Smoothened XFOIL polar
 10-point moving average applied

   alpha    CL        CD       CDp       CM
  ------ -------- --------- --------- --------
  -8.250  -0.5707   0.03877   0.03429  -0.0684
  -8.000  -0.5361   0.02926   0.02361  -0.0768
  -7.750  -0.5000   0.02440   0.01813  -0.0824
  -7.500  -0.4628   0.02316   0.01667  -0.0857
  -7.250  -0.4252   0.02450   0.01809  -0.0875
  -7.000  -0.3884   0.02760   0.02148  -0.0885
  -6.750  -0.3613   0.03056   0.02465  -0.0895
  -6.500  -0.3183   0.03200   0.02610  -0.0920
  -6.250  -0.2627   0.03154   0.02542  -0.0959
  -6.000  -0.2009   0.02928   0.02277  -0.1006
  -5.000  -0.1360   0.02519   0.01813  -0.1059
  -4.750  -0.0736   0.01988   0.01217  -0.1113
  -4.500  -0.0184   0.01966   0.01186  -0.1137
  -4.250   0.0250   0.01860   0.01074  -0.1160
  -4.000   0.0517   0.01816   0.01033  -0.1173
  -3.750   0.0885   0.01741   0.00960  -0.1192
  -3.500   0.1259   0.01669   0.00895  -0.1213
  -3.250   0.1630   0.01601   0.00837  -0.1233
  -3.000   0.1999   0.01539   0.00785  -0.1253
  -2.750   0.2367   0.01482   0.00740  -0.1272
  -2.500   0.2722   0.01430   0.00702  -0.1289
  -2.250   0.3078   0.01381   0.00668  -0.1306
  -2.000   0.3423   0.01337   0.00638  -0.1321
  -1.750   0.3770   0.01294   0.00610  -0.1336
  -1.500   0.4106   0.01249   0.00587  -0.1348
  -1.250   0.4425   0.01202   0.00570  -0.1357
  -1.000   0.4704   0.01153   0.00558  -0.1355
  -0.750   0.4974   0.01105   0.00546  -0.1349
  -0.500   0.5232   0.01065   0.00536  -0.1339
  -0.250   0.5489   0.01036   0.00527  -0.1330
   0.000   0.5760   0.01018   0.00515  -0.1324
   0.250   0.6047   0.01012   0.00501  -0.1323
   0.500   0.6347   0.01013   0.00489  -0.1328
   0.750   0.6641   0.01019   0.00481  -0.1331
   1.000   0.6918   0.01025   0.00475  -0.1330
   1.250   0.7195   0.01033   0.00469  -0.1329
   1.500   0.7464   0.01044   0.00465  -0.1326
   1.750   0.7726   0.01056   0.00464  -0.1323
   2.000   0.7987   0.01070   0.00465  -0.1319
   2.250   0.8245   0.01085   0.00468  -0.1315
   2.500   0.8502   0.01103   0.00473  -0.1310
   2.750   0.8754   0.01122   0.00480  -0.1305
   3.000   0.9003   0.01142   0.00488  -0.1300
   3.250   0.9246   0.01163   0.00497  -0.1293
   3.500   0.9485   0.01185   0.00507  -0.1285
   3.750   0.9724   0.01209   0.00518  -0.1278
   4.000   0.9964   0.01235   0.00533  -0.1271
   4.250   1.0182   0.01258   0.00547  -0.1265
   4.500   1.0433   0.01287   0.00567  -0.1257
   4.750   1.0705   0.01320   0.00590  -0.1248
   5.000   1.0990   0.01356   0.00617  -0.1238
   5.500   1.1280   0.01392   0.00645  -0.1228
   5.750   1.1554   0.01428   0.00672  -0.1216
   6.000   1.1793   0.01472   0.00701  -0.1201
   6.250   1.1994   0.01515   0.00731  -0.1186
   6.500   1.2173   0.01528   0.00738  -0.1176
   6.750   1.2321   0.01598   0.00781  -0.1152
   7.000   1.2394   0.01705   0.00841  -0.1121
   7.250   1.2481   0.01872   0.00958  -0.1076
   7.750   1.2585   0.02074   0.01114  -0.1026
   8.000   1.2701   0.02290   0.01291  -0.0973
   8.750   1.2831   0.02496   0.01473  -0.0923
   9.000   1.2990   0.02661   0.01635  -0.0886
   9.250   1.3178   0.02762   0.01758  -0.0865
   9.500   1.3316   0.02874   0.01883  -0.0843
   9.750   1.3400   0.02972   0.01992  -0.0826
  10.000   1.3501   0.03094   0.02127  -0.0806
  10.250   1.3588   0.03229   0.02277  -0.0785
  10.500   1.3657   0.03383   0.02446  -0.0764
  10.750   1.3706   0.03558   0.02637  -0.0742
  11.000   1.3731   0.03761   0.02856  -0.0722
  11.250   1.3733   0.03994   0.03105  -0.0701
  11.500   1.3713   0.04256   0.03382  -0.0681
  11.750   1.3678   0.04543   0.03682  -0.0663
  12.000   1.3632   0.04852   0.04003  -0.0646
  12.250   1.3580   0.05180   0.04341  -0.0630
