Smoothened XFOIL polar
 10-point moving average applied

   alpha    CL        CD       CDp       CM
  ------ -------- --------- --------- --------
  -9.750  -0.3089   0.11788   0.11345  -0.0351
  -8.750  -0.3060   0.10005   0.09573  -0.0353
  -7.750  -0.3193   0.09206   0.08793  -0.0313
  -7.500  -0.3422   0.09027   0.08637  -0.0256
  -7.250  -0.3679   0.09106   0.08733  -0.0207
  -7.000  -0.3872   0.08841   0.08485  -0.0219
  -6.750  -0.3932   0.07991   0.07609  -0.0290
  -6.500  -0.3848   0.06643   0.06193  -0.0392
  -5.750  -0.3603   0.05080   0.04534  -0.0510
  -5.500  -0.3221   0.03571   0.02916  -0.0622
  -5.250  -0.2747   0.02394   0.01637  -0.0706
  -5.000  -0.2254   0.01785   0.00955  -0.0741
  -4.750  -0.1886   0.01852   0.00992  -0.0754
  -4.500  -0.1485   0.01940   0.01088  -0.0779
  -4.250  -0.1098   0.01957   0.01106  -0.0808
  -4.000  -0.0713   0.01965   0.01114  -0.0837
  -3.750  -0.0339   0.01938   0.01088  -0.0863
  -3.500   0.0043   0.01886   0.01040  -0.0889
  -3.250   0.0429   0.01819   0.00977  -0.0914
  -3.000   0.0810   0.01743   0.00908  -0.0938
  -2.750   0.1190   0.01682   0.00861  -0.0962
  -2.500   0.1563   0.01626   0.00822  -0.0985
  -2.250   0.1921   0.01580   0.00791  -0.1005
  -2.000   0.2256   0.01524   0.00765  -0.1021
  -1.750   0.2553   0.01456   0.00745  -0.1031
  -1.500   0.2901   0.01381   0.00721  -0.1040
  -1.250   0.3275   0.01309   0.00694  -0.1048
  -1.000   0.3663   0.01248   0.00667  -0.1053
  -0.500   0.4057   0.01204   0.00640  -0.1059
  -0.250   0.4433   0.01182   0.00615  -0.1062
   0.000   0.4778   0.01179   0.00593  -0.1065
   0.250   0.5064   0.01179   0.00578  -0.1064
   0.500   0.5307   0.01177   0.00570  -0.1061
   0.750   0.5577   0.01176   0.00562  -0.1059
   1.000   0.5846   0.01175   0.00553  -0.1057
   1.250   0.6114   0.01178   0.00547  -0.1054
   1.500   0.6382   0.01182   0.00542  -0.1052
   1.750   0.6650   0.01190   0.00540  -0.1049
   2.000   0.6914   0.01200   0.00538  -0.1046
   2.250   0.7172   0.01209   0.00539  -0.1042
   2.500   0.7425   0.01219   0.00537  -0.1036
   2.750   0.7675   0.01228   0.00533  -0.1029
   3.000   0.7920   0.01238   0.00529  -0.1021
   3.250   0.8161   0.01249   0.00527  -0.1012
   3.500   0.8402   0.01262   0.00526  -0.1004
   3.750   0.8642   0.01279   0.00530  -0.0996
   4.000   0.8881   0.01299   0.00539  -0.0989
   4.250   0.9121   0.01321   0.00551  -0.0982
   4.500   0.9362   0.01345   0.00567  -0.0976
   4.750   0.9604   0.01371   0.00586  -0.0970
   5.000   0.9845   0.01396   0.00606  -0.0965
   5.250   1.0075   0.01415   0.00626  -0.0961
   5.500   1.0323   0.01443   0.00647  -0.0954
   5.750   1.0572   0.01482   0.00672  -0.0941
   6.000   1.0811   0.01537   0.00701  -0.0924
   6.500   1.1022   0.01617   0.00743  -0.0903
   6.750   1.1204   0.01719   0.00799  -0.0879
   7.000   1.1355   0.01837   0.00866  -0.0854
   7.250   1.1492   0.01956   0.00940  -0.0832
   7.500   1.1620   0.02067   0.01019  -0.0814
   7.750   1.1748   0.02162   0.01099  -0.0803
