Smoothened XFOIL polar
 10-point moving average applied

   alpha    CL        CD       CDp       CM
  ------ -------- --------- --------- --------
  -7.000  -0.3777   0.04509   0.04117  -0.0739
  -6.750  -0.2992   0.02733   0.02134  -0.0834
  -5.750  -0.2339   0.01746   0.01030  -0.0899
  -5.500  -0.1790   0.01349   0.00584  -0.0940
  -5.250  -0.1313   0.01342   0.00574  -0.0966
  -5.000  -0.0803   0.01491   0.00739  -0.0987
  -4.750  -0.0465   0.01523   0.00781  -0.1007
  -4.250  -0.0025   0.01472   0.00730  -0.1030
  -4.000   0.0386   0.01417   0.00676  -0.1048
  -3.750   0.0768   0.01359   0.00622  -0.1062
  -3.500   0.1110   0.01304   0.00570  -0.1074
  -3.250   0.1382   0.01257   0.00528  -0.1079
  -3.000   0.1677   0.01214   0.00493  -0.1084
  -2.750   0.1970   0.01176   0.00464  -0.1089
  -2.500   0.2232   0.01144   0.00440  -0.1092
  -2.250   0.2534   0.01112   0.00418  -0.1095
  -2.000   0.2860   0.01079   0.00399  -0.1097
  -1.750   0.3186   0.01041   0.00386  -0.1097
  -1.250   0.3518   0.00992   0.00376  -0.1095
  -1.000   0.3845   0.00940   0.00370  -0.1091
  -0.750   0.4158   0.00892   0.00365  -0.1088
  -0.500   0.4448   0.00856   0.00359  -0.1086
  -0.250   0.4702   0.00837   0.00353  -0.1084
   0.000   0.4983   0.00832   0.00345  -0.1084
   0.250   0.5260   0.00839   0.00338  -0.1084
   0.500   0.5515   0.00852   0.00334  -0.1080
   0.750   0.5775   0.00861   0.00333  -0.1077
   1.000   0.6032   0.00871   0.00332  -0.1074
   1.250   0.6288   0.00882   0.00331  -0.1070
   1.500   0.6542   0.00895   0.00331  -0.1066
   1.750   0.6793   0.00909   0.00331  -0.1062
   2.000   0.7042   0.00924   0.00332  -0.1057
   2.250   0.7288   0.00941   0.00333  -0.1051
   2.500   0.7531   0.00961   0.00337  -0.1045
   2.750   0.7774   0.00981   0.00343  -0.1039
   3.000   0.8018   0.01003   0.00351  -0.1034
   3.250   0.8265   0.01025   0.00362  -0.1029
   3.500   0.8513   0.01047   0.00374  -0.1025
   3.750   0.8761   0.01069   0.00387  -0.1021
   4.000   0.9007   0.01092   0.00401  -0.1017
   4.250   0.9251   0.01116   0.00416  -0.1012
   4.500   0.9494   0.01142   0.00433  -0.1008
   4.750   0.9741   0.01166   0.00451  -0.1004
   5.000   0.9985   0.01191   0.00470  -0.0999
   5.250   1.0227   0.01215   0.00488  -0.0994
   5.500   1.0445   0.01254   0.00511  -0.0985
   5.750   1.0633   0.01317   0.00544  -0.0972
   6.000   1.0796   0.01401   0.00589  -0.0956
   6.250   1.0944   0.01500   0.00644  -0.0938
   6.500   1.1085   0.01607   0.00709  -0.0919
   6.750   1.1219   0.01632   0.00689  -0.0920
   7.000   1.1383   0.01692   0.00722  -0.0911
   7.250   1.1585   0.01846   0.00874  -0.0879
   7.500   1.1843   0.02150   0.01206  -0.0810
   9.000   1.2172   0.02658   0.01783  -0.0690
