Smoothened XFOIL polar
 10-point moving average applied

   alpha    CL        CD       CDp       CM
  ------ -------- --------- --------- --------
 -19.250  -0.3402   0.20654   0.20274  -0.0241
 -18.250  -0.3958   0.20626   0.20217  -0.0216
 -17.750  -0.4111   0.20087   0.19670  -0.0221
 -17.500  -0.3979   0.19190   0.18783  -0.0247
 -17.000  -0.3679   0.18089   0.17701  -0.0283
 -14.000  -0.3307   0.17068   0.16701  -0.0314
 -13.000  -0.3165   0.16175   0.15820  -0.0331
 -12.750  -0.3201   0.15161   0.14817  -0.0328
 -12.250  -0.2745   0.15117   0.14805  -0.0270
 -11.250  -0.3364   0.13195   0.12855  -0.0351
 -10.250  -0.3364   0.12293   0.11953  -0.0357
  -9.750  -0.3723   0.10522   0.10161  -0.0444
  -9.500  -0.4193   0.08384   0.07979  -0.0591
  -9.250  -0.4637   0.05945   0.05478  -0.0800
  -9.000  -0.4752   0.05007   0.04532  -0.0880
  -8.500  -0.4654   0.04489   0.04010  -0.0930
  -8.250  -0.4203   0.04682   0.04203  -0.0933
  -8.000  -0.4303   0.03503   0.02994  -0.1043
  -7.750  -0.3639   0.04049   0.03532  -0.1023
  -7.500  -0.3311   0.03596   0.03036  -0.1083
  -7.250  -0.2976   0.02885   0.02262  -0.1168
  -6.750  -0.2655   0.02009   0.01326  -0.1273
  -6.500  -0.2144   0.02274   0.01584  -0.1251
  -6.250  -0.1738   0.02165   0.01456  -0.1271
  -6.000  -0.1358   0.02073   0.01354  -0.1290
  -5.750  -0.1028   0.02009   0.01293  -0.1306
  -5.500  -0.0676   0.01935   0.01215  -0.1322
  -5.250  -0.0300   0.01856   0.01132  -0.1343
  -5.000   0.0056   0.01780   0.01056  -0.1359
  -4.750   0.0415   0.01709   0.00987  -0.1376
  -4.500   0.0781   0.01645   0.00927  -0.1394
  -4.250   0.1109   0.01594   0.00877  -0.1409
  -4.000   0.1502   0.01535   0.00822  -0.1428
  -3.750   0.1938   0.01474   0.00767  -0.1450
  -3.500   0.2400   0.01413   0.00713  -0.1473
  -3.000   0.2877   0.01353   0.00660  -0.1498
  -2.750   0.3331   0.01300   0.00616  -0.1520
  -2.500   0.3758   0.01255   0.00578  -0.1540
  -2.250   0.4153   0.01217   0.00548  -0.1560
  -2.000   0.4467   0.01192   0.00528  -0.1572
  -1.750   0.4797   0.01168   0.00511  -0.1581
  -1.500   0.5122   0.01146   0.00494  -0.1590
  -1.250   0.5431   0.01127   0.00484  -0.1595
  -1.000   0.5728   0.01110   0.00476  -0.1598
  -0.750   0.6020   0.01095   0.00472  -0.1599
  -0.500   0.6309   0.01082   0.00469  -0.1601
  -0.250   0.6598   0.01070   0.00468  -0.1601
   0.000   0.6874   0.01061   0.00470  -0.1600
   0.250   0.7139   0.01054   0.00474  -0.1595
   0.500   0.7383   0.01050   0.00480  -0.1586
   0.750   0.7599   0.01044   0.00485  -0.1569
   1.000   0.7805   0.01039   0.00488  -0.1549
   1.250   0.8011   0.01037   0.00488  -0.1529
   1.500   0.8226   0.01041   0.00488  -0.1512
   1.750   0.8454   0.01050   0.00489  -0.1499
   2.000   0.8700   0.01066   0.00492  -0.1492
   2.250   0.8959   0.01086   0.00498  -0.1489
   2.500   0.9214   0.01111   0.00508  -0.1485
   2.750   0.9461   0.01135   0.00519  -0.1479
   3.000   0.9706   0.01160   0.00531  -0.1472
   3.250   0.9950   0.01186   0.00546  -0.1465
   3.500   1.0189   0.01213   0.00562  -0.1458
   3.750   1.0424   0.01239   0.00578  -0.1450
   4.000   1.0655   0.01266   0.00596  -0.1441
   4.250   1.0884   0.01294   0.00614  -0.1432
   4.500   1.1110   0.01324   0.00634  -0.1422
   4.750   1.1333   0.01355   0.00656  -0.1412
   5.000   1.1555   0.01388   0.00680  -0.1402
   5.250   1.1773   0.01420   0.00704  -0.1391
   5.500   1.1983   0.01450   0.00729  -0.1379
   5.750   1.2187   0.01480   0.00754  -0.1365
   6.000   1.2390   0.01504   0.00773  -0.1356
   6.250   1.2588   0.01541   0.00805  -0.1338
   6.500   1.2777   0.01593   0.00847  -0.1314
   6.750   1.2953   0.01658   0.00897  -0.1286
   7.250   1.3119   0.01732   0.00955  -0.1256
   7.500   1.3273   0.01811   0.01018  -0.1225
   7.750   1.3415   0.01891   0.01081  -0.1196
   8.000   1.3549   0.01970   0.01142  -0.1172
   8.250   1.3687   0.02037   0.01198  -0.1156
   8.500   1.3819   0.02117   0.01264  -0.1136
   8.750   1.3947   0.02201   0.01335  -0.1115
   9.000   1.4067   0.02291   0.01412  -0.1095
   9.250   1.4189   0.02381   0.01491  -0.1074
   9.500   1.4302   0.02479   0.01577  -0.1054
   9.750   1.4382   0.02602   0.01684  -0.1030
  10.000   1.4468   0.02723   0.01792  -0.1008
  10.250   1.4559   0.02842   0.01904  -0.0988
  10.500   1.4642   0.02969   0.02024  -0.0967
  10.750   1.4728   0.03097   0.02148  -0.0948
  11.000   1.4795   0.03245   0.02294  -0.0928
  11.250   1.4838   0.03419   0.02464  -0.0907
  11.500   1.4855   0.03621   0.02657  -0.0886
  11.750   1.4847   0.03848   0.02872  -0.0864
  12.000   1.4866   0.04061   0.03081  -0.0845
  12.250   1.4902   0.04264   0.03287  -0.0830
  12.500   1.4956   0.04459   0.03489  -0.0817
  12.750   1.5029   0.04644   0.03686  -0.0807
  13.000   1.5089   0.04846   0.03902  -0.0797
  13.250   1.5130   0.05072   0.04140  -0.0788
  13.500   1.5163   0.05314   0.04394  -0.0779
  13.750   1.5184   0.05575   0.04667  -0.0772
  14.000   1.5196   0.05854   0.04961  -0.0766
  14.250   1.5198   0.06153   0.05276  -0.0761
  14.500   1.5191   0.06471   0.05611  -0.0758
  14.750   1.5173   0.06810   0.05967  -0.0756
  15.000   1.5145   0.07169   0.06344  -0.0756
  15.250   1.5108   0.07548   0.06740  -0.0758
  15.500   1.5062   0.07946   0.07154  -0.0761
  15.750   1.5006   0.08368   0.07592  -0.0767
  16.000   1.4940   0.08811   0.08052  -0.0774
  16.250   1.4866   0.09273   0.08532  -0.0783
  16.500   1.4787   0.09752   0.09027  -0.0795
  16.750   1.4705   0.10243   0.09534  -0.0808
  17.000   1.4622   0.10741   0.10049  -0.0824
  17.250   1.4541   0.11242   0.10566  -0.0841
  17.500   1.4464   0.11743   0.11082  -0.0860
  17.750   1.4394   0.12236   0.11590  -0.0880
  18.000   1.4332   0.12720   0.12087  -0.0900
  18.250   1.4279   0.13188   0.12567  -0.0921
  18.500   1.4234   0.13611   0.13000  -0.0941
  18.750   1.4208   0.14050   0.13449  -0.0962
  19.000   1.4198   0.14459   0.13869  -0.0981
  19.250   1.4211   0.14851   0.14272  -0.0998
  19.750   1.4249   0.15224   0.14657  -0.1012
  20.000   1.4316   0.15578   0.15025  -0.1023
