Smoothened XFOIL polar
 10-point moving average applied

   alpha    CL        CD       CDp       CM
  ------ -------- --------- --------- --------
 -18.250  -0.3499   0.19742   0.19357  -0.0306
 -17.500  -0.2522   0.20647   0.20287  -0.0242
 -16.500  -0.2647   0.18947   0.18596  -0.0263
 -13.500  -0.3519   0.15531   0.15176  -0.0346
 -11.000  -0.4784   0.11285   0.10915  -0.0470
 -10.500  -0.5815   0.07701   0.07307  -0.0597
 -10.250  -0.6898   0.04117   0.03682  -0.0787
 -10.000  -0.7015   0.03703   0.03262  -0.0793
  -9.750  -0.6725   0.03980   0.03531  -0.0801
  -9.500  -0.5835   0.05133   0.04684  -0.0761
  -9.250  -0.5442   0.05209   0.04752  -0.0776
  -9.000  -0.5061   0.04927   0.04443  -0.0825
  -8.750  -0.4741   0.04266   0.03748  -0.0909
  -8.250  -0.4529   0.03330   0.02783  -0.1019
  -7.750  -0.4382   0.02058   0.01472  -0.1155
  -7.500  -0.3622   0.02734   0.02143  -0.1124
  -7.250  -0.3112   0.02662   0.02046  -0.1155
  -6.750  -0.2691   0.02573   0.01931  -0.1177
  -6.500  -0.2287   0.02438   0.01769  -0.1201
  -6.250  -0.1858   0.02265   0.01565  -0.1230
  -6.000  -0.1474   0.02121   0.01406  -0.1253
  -5.750  -0.1144   0.02046   0.01330  -0.1271
  -5.500  -0.0774   0.01960   0.01240  -0.1291
  -5.250  -0.0413   0.01894   0.01171  -0.1308
  -5.000  -0.0052   0.01822   0.01097  -0.1326
  -4.750   0.0313   0.01747   0.01021  -0.1344
  -4.500   0.0669   0.01673   0.00949  -0.1361
  -4.250   0.1004   0.01608   0.00887  -0.1378
  -4.000   0.1388   0.01543   0.00827  -0.1396
  -3.750   0.1815   0.01481   0.00770  -0.1417
  -3.500   0.2281   0.01415   0.00711  -0.1442
  -3.000   0.2739   0.01356   0.00661  -0.1464
  -2.750   0.3190   0.01301   0.00614  -0.1485
  -2.500   0.3626   0.01250   0.00573  -0.1508
  -2.250   0.4003   0.01211   0.00544  -0.1524
  -2.000   0.4324   0.01184   0.00523  -0.1538
  -1.750   0.4666   0.01155   0.00502  -0.1550
  -1.500   0.4992   0.01131   0.00486  -0.1560
  -1.250   0.5305   0.01109   0.00472  -0.1566
  -1.000   0.5604   0.01089   0.00465  -0.1570
  -0.750   0.5897   0.01071   0.00460  -0.1573
  -0.500   0.6186   0.01052   0.00458  -0.1574
  -0.250   0.6469   0.01036   0.00458  -0.1573
   0.000   0.6745   0.01022   0.00461  -0.1571
   0.250   0.6986   0.01010   0.00465  -0.1559
   0.500   0.7205   0.00999   0.00467  -0.1542
   0.750   0.7417   0.00992   0.00465  -0.1523
   1.000   0.7633   0.00989   0.00463  -0.1506
   1.250   0.7863   0.00992   0.00460  -0.1493
   1.500   0.8111   0.01002   0.00458  -0.1485
   1.750   0.8377   0.01019   0.00459  -0.1482
   2.000   0.8647   0.01039   0.00464  -0.1482
   2.250   0.8899   0.01061   0.00473  -0.1477
   2.500   0.9148   0.01082   0.00482  -0.1471
   2.750   0.9394   0.01104   0.00492  -0.1464
   3.000   0.9638   0.01128   0.00503  -0.1457
   3.250   0.9880   0.01154   0.00517  -0.1450
   3.500   1.0121   0.01181   0.00532  -0.1443
   3.750   1.0358   0.01207   0.00548  -0.1436
   4.000   1.0590   0.01234   0.00566  -0.1427
   4.250   1.0819   0.01262   0.00583  -0.1418
   4.500   1.1044   0.01290   0.00603  -0.1408
   4.750   1.1267   0.01321   0.00623  -0.1398
   5.000   1.1489   0.01353   0.00646  -0.1388
   5.250   1.1711   0.01385   0.00671  -0.1378
   5.500   1.1934   0.01416   0.00696  -0.1368
   5.750   1.2155   0.01445   0.00722  -0.1358
   6.000   1.2369   0.01475   0.00747  -0.1347
   6.250   1.2586   0.01503   0.00771  -0.1336
   6.500   1.2763   0.01542   0.00802  -0.1318
   6.750   1.2901   0.01595   0.00841  -0.1293
   7.000   1.3009   0.01662   0.00889  -0.1265
   7.250   1.3095   0.01743   0.00945  -0.1233
   7.500   1.3174   0.01834   0.01009  -0.1201
   7.750   1.3259   0.01929   0.01078  -0.1172
   8.000   1.3363   0.02023   0.01147  -0.1147
   8.250   1.3491   0.02113   0.01218  -0.1126
   8.500   1.3593   0.02216   0.01300  -0.1102
   8.750   1.3685   0.02327   0.01390  -0.1078
   9.000   1.3776   0.02439   0.01485  -0.1053
   9.250   1.3853   0.02564   0.01592  -0.1028
   9.500   1.3912   0.02705   0.01714  -0.1002
   9.750   1.3973   0.02848   0.01842  -0.0976
  10.000   1.4047   0.02985   0.01968  -0.0953
  10.250   1.4134   0.03114   0.02092  -0.0933
  10.500   1.4232   0.03238   0.02217  -0.0915
  10.750   1.4345   0.03353   0.02339  -0.0899
  11.000   1.4469   0.03463   0.02461  -0.0886
  11.250   1.4582   0.03584   0.02596  -0.0872
  11.500   1.4673   0.03727   0.02749  -0.0857
  11.750   1.4754   0.03882   0.02915  -0.0842
  12.000   1.4825   0.04050   0.03094  -0.0828
  12.250   1.4888   0.04232   0.03288  -0.0814
  12.500   1.4943   0.04425   0.03494  -0.0801
  12.750   1.4991   0.04632   0.03715  -0.0789
  13.000   1.5032   0.04853   0.03951  -0.0778
  13.250   1.5064   0.05092   0.04205  -0.0768
  13.500   1.5087   0.05346   0.04475  -0.0760
  13.750   1.5095   0.05626   0.04772  -0.0753
  14.000   1.5086   0.05937   0.05100  -0.0748
  14.250   1.5059   0.06280   0.05462  -0.0744
  14.500   1.5016   0.06653   0.05854  -0.0742
  14.750   1.4961   0.07053   0.06274  -0.0742
  15.000   1.4896   0.07477   0.06717  -0.0744
  15.250   1.4825   0.07919   0.07177  -0.0749
  15.500   1.4752   0.08374   0.07648  -0.0755
  15.750   1.4672   0.08846   0.08135  -0.0763
  16.000   1.4588   0.09331   0.08635  -0.0773
  16.250   1.4502   0.09823   0.09140  -0.0784
  16.500   1.4420   0.10311   0.09641  -0.0796
  16.750   1.4347   0.10782   0.10125  -0.0808
  17.000   1.4287   0.11224   0.10577  -0.0819
  17.250   1.4245   0.11623   0.10986  -0.0827
  17.500   1.4227   0.11967   0.11339  -0.0831
