Smoothened XFOIL polar
 10-point moving average applied

   alpha    CL        CD       CDp       CM
  ------ -------- --------- --------- --------
  -9.750  -0.3015   0.11218   0.10786  -0.0354
  -9.500  -0.3176   0.11366   0.11025  -0.0296
  -8.500  -0.3237   0.10212   0.09878  -0.0335
  -8.250  -0.3192   0.08219   0.07832  -0.0439
  -6.000  -0.3037   0.05851   0.05372  -0.0577
  -5.750  -0.2718   0.03901   0.03327  -0.0695
  -5.500  -0.2326   0.02392   0.01716  -0.0796
  -5.250  -0.1840   0.01436   0.00677  -0.0864
  -4.750  -0.1352   0.01423   0.00621  -0.0871
  -4.500  -0.0876   0.01592   0.00796  -0.0888
  -4.250  -0.0442   0.01594   0.00802  -0.0915
  -4.000  -0.0052   0.01584   0.00793  -0.0940
  -3.750   0.0277   0.01564   0.00777  -0.0961
  -3.500   0.0643   0.01519   0.00738  -0.0983
  -3.250   0.0993   0.01467   0.00692  -0.1001
  -3.000   0.1333   0.01409   0.00643  -0.1016
  -2.750   0.1657   0.01358   0.00604  -0.1028
  -2.500   0.1953   0.01318   0.00573  -0.1040
  -2.250   0.2281   0.01275   0.00544  -0.1050
  -2.000   0.2604   0.01221   0.00521  -0.1051
  -1.750   0.2945   0.01154   0.00502  -0.1052
  -1.250   0.3302   0.01084   0.00483  -0.1053
  -1.000   0.3651   0.01020   0.00467  -0.1053
  -0.750   0.3983   0.00972   0.00453  -0.1052
  -0.500   0.4289   0.00943   0.00440  -0.1052
  -0.250   0.4553   0.00941   0.00429  -0.1053
   0.000   0.4834   0.00946   0.00418  -0.1055
   0.250   0.5083   0.00951   0.00410  -0.1050
   0.500   0.5347   0.00953   0.00403  -0.1047
   0.750   0.5612   0.00957   0.00398  -0.1045
   1.000   0.5876   0.00964   0.00395  -0.1043
   1.250   0.6116   0.00971   0.00394  -0.1041
   1.500   0.6391   0.00981   0.00393  -0.1038
   1.750   0.6687   0.00995   0.00391  -0.1032
   2.000   0.6993   0.01010   0.00389  -0.1025
   2.500   0.7301   0.01026   0.00387  -0.1017
   2.750   0.7601   0.01044   0.00387  -0.1008
   3.000   0.7885   0.01063   0.00389  -0.1001
   3.250   0.8142   0.01085   0.00395  -0.0994
   3.500   0.8364   0.01106   0.00406  -0.0990
   3.750   0.8610   0.01129   0.00418  -0.0985
   4.000   0.8857   0.01152   0.00433  -0.0981
   4.250   0.9103   0.01176   0.00448  -0.0976
   4.500   0.9346   0.01200   0.00465  -0.0972
   4.750   0.9589   0.01225   0.00483  -0.0967
   5.000   0.9836   0.01247   0.00502  -0.0963
   5.250   1.0077   0.01272   0.00521  -0.0957
   5.500   1.0297   0.01308   0.00542  -0.0949
   5.750   1.0490   0.01365   0.00572  -0.0936
   6.000   1.0654   0.01445   0.00613  -0.0920
   6.250   1.0798   0.01546   0.00666  -0.0901
   6.500   1.0932   0.01659   0.00730  -0.0881
   6.750   1.1074   0.01770   0.00800  -0.0863
   7.000   1.1237   0.01866   0.00867  -0.0849
   7.250   1.1449   0.01986   0.00965  -0.0842
   7.500   1.1648   0.02065   0.01028  -0.0832
   7.750   1.1805   0.02078   0.01033  -0.0815
   8.000   1.1889   0.01996   0.00951  -0.0786
   8.250   1.1872   0.01791   0.00756  -0.0740
