Smoothened XFOIL polar
 10-point moving average applied

   alpha    CL        CD       CDp       CM
  ------ -------- --------- --------- --------
 -19.750  -0.4516   0.22714   0.21764  -0.0172
 -19.500  -0.4454   0.22611   0.21665  -0.0183
 -19.250  -0.4364   0.22374   0.21434  -0.0196
 -18.750  -0.4255   0.22047   0.21114  -0.0210
 -18.500  -0.4137   0.21671   0.20745  -0.0223
 -18.000  -0.4035   0.21354   0.20434  -0.0233
 -17.750  -0.3921   0.20973   0.20060  -0.0243
 -17.500  -0.3834   0.20683   0.19775  -0.0256
 -17.250  -0.3739   0.20375   0.19472  -0.0265
 -16.500  -0.3636   0.20021   0.19124  -0.0275
 -16.250  -0.3569   0.19513   0.18617  -0.0286
 -16.000  -0.3338   0.19139   0.18265  -0.0300
 -15.000  -0.3234   0.18774   0.17910  -0.0312
 -14.750  -0.3019   0.18589   0.17750  -0.0320
 -14.500  -0.2863   0.18352   0.17531  -0.0328
 -14.250  -0.2764   0.18092   0.17280  -0.0331
 -14.000  -0.2824   0.17889   0.17072  -0.0332
 -13.750  -0.2789   0.17657   0.16846  -0.0331
 -13.500  -0.2836   0.17338   0.16523  -0.0329
 -13.250  -0.2761   0.17088   0.16283  -0.0329
 -12.750  -0.2811   0.16698   0.15895  -0.0329
 -12.500  -0.2736   0.16293   0.15500  -0.0328
 -12.000  -0.2684   0.15861   0.15072  -0.0321
 -11.500  -0.2603   0.15539   0.14758  -0.0310
 -11.250  -0.2623   0.15258   0.14476  -0.0303
 -11.000  -0.2564   0.15023   0.14248  -0.0296
 -10.750  -0.2524   0.14912   0.14144  -0.0287
 -10.500  -0.2531   0.14721   0.13958  -0.0278
 -10.250  -0.2570   0.14352   0.13592  -0.0270
 -10.000  -0.2637   0.14066   0.13310  -0.0257
  -9.500  -0.2638   0.13822   0.13076  -0.0241
  -9.250  -0.2667   0.13609   0.12873  -0.0226
  -9.000  -0.2714   0.13380   0.12651  -0.0211
  -8.750  -0.2751   0.13173   0.12452  -0.0196
  -8.500  -0.2726   0.13136   0.12431  -0.0178
  -8.250  -0.2718   0.13076   0.12387  -0.0159
  -8.000  -0.2748   0.12892   0.12211  -0.0142
  -7.750  -0.2780   0.12770   0.12100  -0.0124
  -7.500  -0.2888   0.12458   0.11789  -0.0110
  -7.250  -0.2987   0.12191   0.11524  -0.0097
  -7.000  -0.3099   0.11971   0.11308  -0.0080
  -6.750  -0.3188   0.11757   0.11100  -0.0063
  -6.500  -0.3332   0.11555   0.10903  -0.0041
  -6.250  -0.3385   0.11482   0.10842  -0.0021
  -6.000  -0.3456   0.11389   0.10762   0.0002
  -5.750  -0.3558   0.11522   0.10916   0.0068
  -5.500  -0.3722   0.11111   0.10512   0.0062
  -5.000  -0.3886   0.10718   0.10134   0.0057
  -4.500  -0.4054   0.09952   0.09369   0.0000
  -4.000  -0.4074   0.08856   0.08249  -0.0114
  -3.750  -0.4030   0.07643   0.06997  -0.0253
  -3.500  -0.3850   0.06571   0.05879  -0.0392
  -3.250  -0.3398   0.05796   0.05051  -0.0526
  -3.000  -0.2797   0.05497   0.04708  -0.0615
  -2.750  -0.2099   0.05044   0.04204  -0.0744
  -2.250  -0.1417   0.05000   0.04129  -0.0817
  -2.000  -0.0728   0.04940   0.04042  -0.0897
  -1.750  -0.0091   0.04882   0.03962  -0.0969
  -1.500   0.0397   0.04863   0.03934  -0.1013
  -1.250   0.0744   0.04843   0.03914  -0.1037
  -1.000   0.1141   0.04839   0.03910  -0.1065
  -0.750   0.1503   0.04847   0.03924  -0.1087
  -0.500   0.1872   0.04851   0.03935  -0.1108
  -0.250   0.2240   0.04857   0.03948  -0.1128
   0.000   0.2585   0.04866   0.03966  -0.1143
   0.250   0.2913   0.04876   0.03986  -0.1153
   0.500   0.3233   0.04886   0.04012  -0.1160
   0.750   0.3553   0.04889   0.04037  -0.1161
   1.000   0.3758   0.04880   0.04064  -0.1140
   1.250   0.3944   0.04872   0.04088  -0.1119
   1.500   0.4184   0.04858   0.04092  -0.1108
   1.750   0.4448   0.04863   0.04101  -0.1108
   2.000   0.4731   0.04900   0.04124  -0.1116
   2.250   0.5044   0.04968   0.04165  -0.1133
   2.500   0.5384   0.05057   0.04224  -0.1156
   2.750   0.5752   0.05127   0.04267  -0.1176
   3.000   0.6016   0.05203   0.04330  -0.1176
   3.250   0.6267   0.05296   0.04410  -0.1176
   3.500   0.6512   0.05400   0.04502  -0.1177
   3.750   0.6716   0.05531   0.04624  -0.1174
   4.000   0.6897   0.05677   0.04762  -0.1169
   4.250   0.7112   0.05791   0.04869  -0.1165
   4.500   0.7311   0.05889   0.04960  -0.1161
   4.750   0.7549   0.06003   0.05067  -0.1156
   5.000   0.7753   0.06175   0.05233  -0.1147
   5.250   0.7925   0.06397   0.05451  -0.1137
   5.750   0.8071   0.06562   0.05613  -0.1128
   6.000   0.8208   0.06882   0.05930  -0.1115
   6.250   0.8339   0.07302   0.06349  -0.1100
   6.500   0.8482   0.07753   0.06799  -0.1086
   7.500   0.8554   0.08184   0.07230  -0.1074
   7.750   0.8685   0.08670   0.07717  -0.1060
   8.000   0.8732   0.09272   0.08322  -0.1049
   8.250   0.8767   0.09842   0.08894  -0.1042
   9.000   0.8791   0.10290   0.09345  -0.1040
   9.250   0.8697   0.10996   0.10057  -0.1048
   9.500   0.8645   0.11582   0.10647  -0.1051
   9.750   0.8474   0.12290   0.11363  -0.1071
  10.000   0.8262   0.13011   0.12092  -0.1102
  10.250   0.8119   0.13758   0.12847  -0.1133
  10.750   0.8008   0.14635   0.13732  -0.1168
  11.250   0.8028   0.15432   0.14535  -0.1198
  11.750   0.8124   0.16115   0.15222  -0.1220
  12.500   0.8220   0.16735   0.15845  -0.1239
  12.750   0.8456   0.17070   0.16179  -0.1241
  13.000   0.8607   0.17495   0.16608  -0.1253
  13.250   0.8764   0.17892   0.17011  -0.1264
  13.750   0.8884   0.18227   0.17352  -0.1275
  14.250   0.9036   0.18639   0.17773  -0.1288
  14.500   0.9162   0.19015   0.18155  -0.1301
  14.750   0.9248   0.19327   0.18472  -0.1316
  15.000   0.9592   0.19698   0.18838  -0.1364
  15.250   0.9259   0.19818   0.18971  -0.1313
  15.500   0.9037   0.19976   0.19141  -0.1281
  15.750   0.9211   0.20276   0.19439  -0.1305
  16.000   0.8778   0.20327   0.19508  -0.1243
  16.250   0.8882   0.20582   0.19764  -0.1258
  16.500   0.8470   0.20546   0.19744  -0.1193
  16.750   0.8778   0.20932   0.20124  -0.1244
  17.000   0.8702   0.21227   0.20426  -0.1229
  17.250   0.8372   0.21530   0.20750  -0.1184
  18.500   0.8715   0.22156   0.21376  -0.1243
  18.750   0.9311   0.22939   0.22153  -0.1342
  19.250   0.9991   0.23708   0.22913  -0.1453
  19.750   1.0643   0.24359   0.23555  -0.1559
  20.000   1.1158   0.24787   0.23977  -0.1643
