Smoothened XFOIL polar
 10-point moving average applied

   alpha    CL        CD       CDp       CM
  ------ -------- --------- --------- --------
 -19.750  -0.4520   0.22247   0.21700  -0.0154
 -19.500  -0.4055   0.21565   0.21040  -0.0203
 -19.000  -0.3732   0.20706   0.20196  -0.0247
 -17.250  -0.3517   0.19732   0.19233  -0.0284
 -15.500  -0.3374   0.18706   0.18215  -0.0312
 -15.000  -0.3303   0.17758   0.17275  -0.0323
 -14.250  -0.2963   0.16697   0.16231  -0.0337
 -13.500  -0.3045   0.15967   0.15503  -0.0327
 -12.250  -0.3029   0.15312   0.14860  -0.0336
 -12.000  -0.3216   0.14493   0.14041  -0.0343
 -11.250  -0.3236   0.13971   0.13528  -0.0342
 -11.000  -0.3210   0.13554   0.13118  -0.0337
 -10.750  -0.3261   0.13090   0.12651  -0.0326
 -10.000  -0.3107   0.12819   0.12385  -0.0301
  -9.750  -0.3059   0.12586   0.12151  -0.0284
  -9.500  -0.3156   0.12260   0.11828  -0.0276
  -9.250  -0.3275   0.12187   0.11759  -0.0230
  -9.000  -0.3541   0.11921   0.11520  -0.0214
  -8.250  -0.3704   0.10851   0.10455  -0.0288
  -8.000  -0.3797   0.09148   0.08724  -0.0431
  -7.250  -0.3739   0.07155   0.06669  -0.0618
  -6.500  -0.3463   0.05330   0.04769  -0.0809
  -6.250  -0.3148   0.03832   0.03192  -0.0991
  -6.000  -0.2735   0.02869   0.02160  -0.1109
  -5.750  -0.2265   0.02786   0.02026  -0.1126
  -5.500  -0.1890   0.02936   0.02166  -0.1128
  -5.250  -0.1489   0.02813   0.02027  -0.1156
  -5.000  -0.1100   0.02698   0.01900  -0.1181
  -4.750  -0.0706   0.02585   0.01771  -0.1206
  -4.500  -0.0326   0.02488   0.01667  -0.1228
  -4.250   0.0058   0.02407   0.01584  -0.1249
  -4.000   0.0426   0.02337   0.01517  -0.1268
  -3.750   0.0800   0.02272   0.01455  -0.1287
  -3.500   0.1178   0.02209   0.01398  -0.1307
  -3.250   0.1559   0.02151   0.01345  -0.1327
  -3.000   0.1932   0.02097   0.01297  -0.1345
  -2.750   0.2321   0.02038   0.01245  -0.1366
  -2.500   0.2700   0.01980   0.01196  -0.1384
  -2.250   0.3099   0.01916   0.01142  -0.1405
  -2.000   0.3491   0.01856   0.01093  -0.1425
  -1.750   0.3882   0.01798   0.01050  -0.1444
  -1.500   0.4272   0.01742   0.01008  -0.1464
  -1.250   0.4671   0.01684   0.00966  -0.1486
  -1.000   0.5053   0.01630   0.00931  -0.1504
  -0.750   0.5437   0.01574   0.00897  -0.1521
  -0.500   0.5790   0.01525   0.00871  -0.1533
  -0.250   0.6132   0.01478   0.00850  -0.1541
   0.000   0.6422   0.01439   0.00835  -0.1536
   0.250   0.6677   0.01403   0.00820  -0.1523
   0.500   0.6931   0.01370   0.00799  -0.1509
   0.750   0.7187   0.01344   0.00776  -0.1496
   1.000   0.7457   0.01328   0.00754  -0.1488
   1.250   0.7744   0.01321   0.00734  -0.1485
   1.500   0.8044   0.01324   0.00720  -0.1488
   1.750   0.8348   0.01336   0.00712  -0.1492
   2.000   0.8630   0.01352   0.00712  -0.1492
   2.250   0.8906   0.01368   0.00711  -0.1491
   2.500   0.9174   0.01387   0.00715  -0.1487
   2.750   0.9433   0.01408   0.00722  -0.1483
   3.000   0.9687   0.01431   0.00731  -0.1477
   3.250   0.9936   0.01456   0.00743  -0.1471
   3.500   1.0183   0.01482   0.00756  -0.1464
   3.750   1.0429   0.01510   0.00771  -0.1457
   4.000   1.0673   0.01540   0.00789  -0.1450
   4.250   1.0919   0.01572   0.00809  -0.1444
   4.500   1.1159   0.01606   0.00834  -0.1436
   4.750   1.1395   0.01640   0.00859  -0.1428
   5.000   1.1629   0.01673   0.00885  -0.1420
   5.250   1.1863   0.01708   0.00912  -0.1412
   5.500   1.2090   0.01743   0.00941  -0.1403
   5.750   1.2317   0.01780   0.00969  -0.1393
   6.000   1.2539   0.01819   0.00998  -0.1383
   6.250   1.2765   0.01859   0.01035  -0.1374
   6.500   1.2962   0.01894   0.01071  -0.1359
   6.750   1.3114   0.01927   0.01104  -0.1335
   7.000   1.3222   0.01962   0.01137  -0.1304
   7.250   1.3290   0.01996   0.01166  -0.1270
   7.500   1.3367   0.02044   0.01206  -0.1232
   7.750   1.3468   0.02105   0.01255  -0.1194
   8.000   1.3599   0.02178   0.01312  -0.1160
   8.500   1.3765   0.02261   0.01384  -0.1132
   8.750   1.3930   0.02343   0.01458  -0.1107
   9.000   1.4074   0.02430   0.01535  -0.1082
   9.250   1.4201   0.02515   0.01612  -0.1059
   9.500   1.4304   0.02597   0.01686  -0.1040
   9.750   1.4405   0.02696   0.01773  -0.1018
  10.000   1.4509   0.02796   0.01866  -0.0998
  10.250   1.4616   0.02898   0.01966  -0.0978
  10.500   1.4723   0.03003   0.02069  -0.0959
  10.750   1.4823   0.03115   0.02181  -0.0940
  11.000   1.4914   0.03237   0.02302  -0.0922
  11.250   1.4992   0.03373   0.02436  -0.0903
  11.500   1.5057   0.03523   0.02580  -0.0885
  11.750   1.5096   0.03696   0.02741  -0.0865
  12.000   1.5129   0.03881   0.02919  -0.0846
  12.250   1.5145   0.04064   0.03094  -0.0829
  12.500   1.5160   0.04297   0.03323  -0.0812
  12.750   1.5215   0.04368   0.03392  -0.0795
  13.000   1.5196   0.04795   0.03825  -0.0777
  13.500   1.5112   0.05489   0.04535  -0.0762
  13.750   1.4992   0.06351   0.05417  -0.0750
  15.250   1.4842   0.07289   0.06379  -0.0744
  15.500   1.4686   0.08199   0.07313  -0.0745
  15.750   1.4539   0.08976   0.08111  -0.0751
  16.000   1.4436   0.09573   0.08725  -0.0761
  16.250   1.4405   0.09855   0.09020  -0.0775
  16.500   1.4325   0.10346   0.09527  -0.0790
  16.750   1.4241   0.10854   0.10052  -0.0807
  17.000   1.4152   0.11379   0.10594  -0.0827
  17.250   1.4059   0.11921   0.11152  -0.0850
  17.500   1.3962   0.12477   0.11725  -0.0875
  17.750   1.3864   0.13042   0.12306  -0.0903
  18.000   1.3768   0.13614   0.12894  -0.0933
  18.250   1.3676   0.14184   0.13479  -0.0964
  18.500   1.3592   0.14744   0.14053  -0.0996
  18.750   1.3522   0.15281   0.14604  -0.1028
  19.000   1.3470   0.15781   0.15116  -0.1059
  19.250   1.3440   0.16232   0.15577  -0.1087
  19.500   1.3438   0.16616   0.15970  -0.1110
  19.750   1.3468   0.16921   0.16282  -0.1128
  20.000   1.3535   0.17131   0.16498  -0.1139
