Smoothened XFOIL polar
 10-point moving average applied

   alpha    CL        CD       CDp       CM
  ------ -------- --------- --------- --------
 -17.250  -0.5577   0.21994   0.21084   0.0097
 -16.250  -0.5010   0.20333   0.19447  -0.0003
 -16.000  -0.4427   0.18831   0.17972  -0.0093
 -12.500  -0.3881   0.17492   0.16658  -0.0171
 -12.250  -0.3425   0.16319   0.15508  -0.0233
 -12.000  -0.3187   0.15253   0.14453  -0.0272
 -11.750  -0.3100   0.14428   0.13637  -0.0294
 -10.750  -0.3202   0.14028   0.13241  -0.0280
 -10.250  -0.3201   0.13210   0.12430  -0.0286
  -9.500  -0.3170   0.12482   0.11712  -0.0291
  -9.250  -0.3126   0.11934   0.11178  -0.0296
  -9.000  -0.3088   0.11519   0.10774  -0.0295
  -8.750  -0.3078   0.11148   0.10415  -0.0292
  -8.250  -0.3195   0.10832   0.10103  -0.0284
  -8.000  -0.3268   0.10481   0.09761  -0.0274
  -7.750  -0.3359   0.10199   0.09490  -0.0264
  -7.500  -0.3512   0.09930   0.09227  -0.0248
  -7.250  -0.3618   0.09738   0.09045  -0.0235
  -7.000  -0.3672   0.09524   0.08845  -0.0220
  -6.750  -0.3783   0.09531   0.08875  -0.0180
  -6.500  -0.3899   0.09225   0.08585  -0.0182
  -6.250  -0.3813   0.08343   0.07675  -0.0232
  -6.000  -0.3630   0.07255   0.06552  -0.0300
  -5.000  -0.3365   0.06083   0.05334  -0.0380
  -4.250  -0.3005   0.04946   0.04142  -0.0458
  -4.000  -0.2625   0.04036   0.03175  -0.0524
  -3.750  -0.2253   0.03494   0.02582  -0.0558
  -3.500  -0.1979   0.03502   0.02560  -0.0546
  -3.250  -0.1737   0.03411   0.02438  -0.0555
  -3.000  -0.1430   0.03184   0.02164  -0.0572
  -2.750  -0.1173   0.03083   0.02039  -0.0578
  -2.500  -0.0925   0.03000   0.01939  -0.0582
  -2.250  -0.0684   0.02933   0.01861  -0.0585
  -2.000  -0.0449   0.02882   0.01804  -0.0587
  -1.750  -0.0189   0.02846   0.01755  -0.0595
  -1.500   0.0051   0.02780   0.01727  -0.0596
  -1.250   0.0261   0.02704   0.01704  -0.0590
  -1.000   0.0441   0.02635   0.01692  -0.0579
  -0.750   0.0657   0.02594   0.01696  -0.0577
  -0.500   0.0926   0.02596   0.01719  -0.0587
  -0.250   0.1268   0.02647   0.01766  -0.0614
   0.000   0.1674   0.02746   0.01832  -0.0656
   0.250   0.2145   0.02876   0.01911  -0.0712
   0.500   0.2612   0.02978   0.01997  -0.0762
   0.750   0.3033   0.03071   0.02076  -0.0804
   1.000   0.3408   0.03155   0.02150  -0.0836
   1.250   0.3774   0.03238   0.02225  -0.0865
   1.500   0.4116   0.03318   0.02300  -0.0888
   1.750   0.4449   0.03400   0.02379  -0.0910
   2.000   0.4776   0.03479   0.02456  -0.0930
   2.250   0.5085   0.03562   0.02537  -0.0946
   2.500   0.5390   0.03644   0.02617  -0.0961
   2.750   0.5689   0.03722   0.02692  -0.0973
   3.000   0.5982   0.03800   0.02769  -0.0983
   3.250   0.6261   0.03883   0.02850  -0.0991
   3.500   0.6536   0.03964   0.02931  -0.0997
   3.750   0.6810   0.04047   0.03015  -0.1003
   4.000   0.7074   0.04137   0.03106  -0.1007
   4.250   0.7312   0.04236   0.03208  -0.1008
   4.500   0.7558   0.04332   0.03307  -0.1009
   4.750   0.7802   0.04427   0.03406  -0.1009
   5.000   0.8002   0.04551   0.03535  -0.1006
   5.250   0.8246   0.04640   0.03629  -0.1003
   5.500   0.8527   0.04697   0.03695  -0.1002
   5.750   0.8892   0.04652   0.03658  -0.0999
   6.000   0.9307   0.04512   0.03528  -0.0992
   6.250   0.9791   0.04265   0.03289  -0.0981
   6.500   1.0297   0.03965   0.02996  -0.0967
   6.750   1.0779   0.03680   0.02718  -0.0952
   7.000   1.1180   0.03452   0.02493  -0.0932
   7.250   1.1522   0.03257   0.02296  -0.0908
   7.500   1.1708   0.02753   0.01769  -0.0900
   7.750   1.1900   0.02812   0.01810  -0.0844
   8.000   1.2278   0.02941   0.01931  -0.0721
   8.250   1.1924   0.04222   0.03234  -0.0569
  10.500   1.1518   0.06481   0.05532  -0.0434
  11.250   1.0921   0.09953   0.09050  -0.0417
  14.750   1.0151   0.14823   0.13968  -0.0589
  15.750   0.9222   0.21275   0.20465  -0.1022
