Smoothened XFOIL polar
 10-point moving average applied

   alpha    CL        CD       CDp       CM
  ------ -------- --------- --------- --------
  -9.500  -0.4613   0.08066   0.07738  -0.0395
  -8.750  -0.5268   0.05403   0.05029  -0.0627
  -8.500  -0.5474   0.03474   0.03018  -0.0791
  -8.250  -0.5339   0.02235   0.01686  -0.0897
  -8.000  -0.4969   0.01639   0.01009  -0.0953
  -7.750  -0.4441   0.02177   0.01549  -0.0938
  -7.500  -0.4048   0.02604   0.02006  -0.0929
  -7.250  -0.3656   0.02923   0.02350  -0.0938
  -7.000  -0.3289   0.03109   0.02549  -0.0955
  -6.750  -0.2937   0.03143   0.02581  -0.0979
  -6.500  -0.2580   0.02983   0.02398  -0.1016
  -6.250  -0.2247   0.02594   0.01966  -0.1060
  -6.000  -0.1924   0.01976   0.01286  -0.1112
  -5.750  -0.1555   0.02116   0.01430  -0.1115
  -5.500  -0.1208   0.02024   0.01325  -0.1132
  -5.250  -0.0876   0.01940   0.01226  -0.1150
  -5.000  -0.0505   0.01850   0.01125  -0.1168
  -4.750  -0.0084   0.01755   0.01023  -0.1189
  -4.500   0.0368   0.01657   0.00921  -0.1214
  -4.000   0.0823   0.01559   0.00823  -0.1238
  -3.750   0.1270   0.01470   0.00738  -0.1261
  -3.500   0.1686   0.01393   0.00668  -0.1281
  -3.250   0.2049   0.01333   0.00616  -0.1296
  -3.000   0.2362   0.01289   0.00581  -0.1309
  -2.750   0.2696   0.01243   0.00544  -0.1322
  -2.500   0.3031   0.01201   0.00514  -0.1335
  -2.250   0.3355   0.01165   0.00489  -0.1345
  -2.000   0.3677   0.01131   0.00468  -0.1355
  -1.750   0.3989   0.01102   0.00450  -0.1363
  -1.500   0.4296   0.01074   0.00436  -0.1370
  -1.250   0.4593   0.01046   0.00426  -0.1375
  -1.000   0.4881   0.01014   0.00421  -0.1378
  -0.750   0.5134   0.00980   0.00418  -0.1371
  -0.500   0.5376   0.00945   0.00417  -0.1360
  -0.250   0.5619   0.00915   0.00415  -0.1349
   0.000   0.5869   0.00894   0.00410  -0.1339
   0.250   0.6129   0.00885   0.00403  -0.1332
   0.500   0.6405   0.00886   0.00395  -0.1329
   0.750   0.6689   0.00895   0.00389  -0.1330
   1.000   0.6966   0.00908   0.00385  -0.1331
   1.250   0.7223   0.00922   0.00383  -0.1327
   1.500   0.7482   0.00935   0.00384  -0.1323
   1.750   0.7740   0.00951   0.00385  -0.1319
   2.000   0.7996   0.00968   0.00389  -0.1315
   2.250   0.8250   0.00986   0.00395  -0.1311
   2.500   0.8500   0.01005   0.00402  -0.1306
   2.750   0.8747   0.01025   0.00410  -0.1300
   3.000   0.8990   0.01047   0.00419  -0.1293
   3.250   0.9233   0.01070   0.00430  -0.1287
   3.500   0.9474   0.01095   0.00442  -0.1281
   3.750   0.9715   0.01120   0.00456  -0.1274
   4.000   0.9954   0.01145   0.00471  -0.1268
   4.250   1.0190   0.01171   0.00488  -0.1260
   4.500   1.0424   0.01198   0.00505  -0.1253
   4.750   1.0656   0.01227   0.00524  -0.1245
   5.000   1.0892   0.01255   0.00545  -0.1239
   5.250   1.1128   0.01282   0.00566  -0.1232
   5.500   1.1351   0.01315   0.00589  -0.1223
   5.750   1.1562   0.01351   0.00614  -0.1212
   6.000   1.1757   0.01394   0.00641  -0.1198
   6.250   1.1934   0.01446   0.00673  -0.1182
   6.500   1.2118   0.01478   0.00689  -0.1170
   6.750   1.2263   0.01564   0.00742  -0.1147
   7.000   1.2380   0.01689   0.00828  -0.1115
   7.250   1.2472   0.01843   0.00937  -0.1077
   7.750   1.2548   0.02011   0.01061  -0.1035
   8.000   1.2630   0.02173   0.01188  -0.0996
   8.250   1.2726   0.02313   0.01307  -0.0961
   8.500   1.2849   0.02417   0.01408  -0.0935
   8.750   1.3010   0.02470   0.01478  -0.0922
   9.000   1.3154   0.02550   0.01571  -0.0904
   9.250   1.3293   0.02636   0.01671  -0.0885
   9.500   1.3419   0.02732   0.01781  -0.0866
   9.750   1.3539   0.02834   0.01899  -0.0846
  10.000   1.3650   0.02946   0.02027  -0.0826
  10.250   1.3747   0.03071   0.02168  -0.0806
  10.500   1.3825   0.03214   0.02327  -0.0784
  10.750   1.3881   0.03381   0.02509  -0.0763
  11.000   1.3911   0.03577   0.02720  -0.0741
  11.250   1.3914   0.03803   0.02960  -0.0718
  11.500   1.3896   0.04059   0.03230  -0.0696
  11.750   1.3858   0.04344   0.03528  -0.0676
  12.000   1.3801   0.04660   0.03856  -0.0656
