Smoothened XFOIL polar
 10-point moving average applied

   alpha    CL        CD       CDp       CM
  ------ -------- --------- --------- --------
 -19.500  -0.4459   0.22440   0.21526  -0.0131
 -19.000  -0.4105   0.22010   0.21121  -0.0174
 -18.750  -0.3868   0.21605   0.20730  -0.0205
 -18.500  -0.3724   0.21184   0.20318  -0.0228
 -18.000  -0.3650   0.20708   0.19846  -0.0246
 -16.250  -0.3853   0.20168   0.19290  -0.0248
 -16.000  -0.3675   0.19313   0.18449  -0.0278
 -14.750  -0.3236   0.18436   0.17607  -0.0321
 -14.500  -0.3204   0.17755   0.16930  -0.0330
 -14.000  -0.3322   0.17343   0.16513  -0.0320
 -13.750  -0.3213   0.16952   0.16135  -0.0328
 -13.250  -0.2986   0.16766   0.15975  -0.0339
 -13.000  -0.3008   0.16447   0.15662  -0.0342
 -12.750  -0.3066   0.16137   0.15352  -0.0339
 -12.500  -0.3092   0.15733   0.14948  -0.0338
 -12.250  -0.3032   0.15357   0.14575  -0.0334
 -11.500  -0.3060   0.14877   0.14087  -0.0326
 -11.250  -0.3003   0.14550   0.13764  -0.0320
 -11.000  -0.2936   0.14201   0.13420  -0.0314
 -10.750  -0.2918   0.13921   0.13144  -0.0312
 -10.500  -0.2963   0.13652   0.12877  -0.0308
 -10.250  -0.2911   0.13410   0.12643  -0.0302
 -10.000  -0.2966   0.13154   0.12391  -0.0297
  -9.750  -0.2927   0.12928   0.12173  -0.0288
  -9.500  -0.2878   0.12803   0.12063  -0.0278
  -9.250  -0.2867   0.12631   0.11902  -0.0270
  -9.000  -0.2920   0.12410   0.11687  -0.0261
  -8.750  -0.2987   0.12156   0.11435  -0.0252
  -8.500  -0.2986   0.11925   0.11215  -0.0237
  -8.250  -0.3035   0.11659   0.10957  -0.0220
  -8.000  -0.3101   0.11362   0.10667  -0.0201
  -7.500  -0.3204   0.11076   0.10390  -0.0178
  -7.250  -0.3333   0.10837   0.10160  -0.0153
  -7.000  -0.3521   0.10497   0.09820  -0.0130
  -6.750  -0.3675   0.10301   0.09632  -0.0104
  -6.500  -0.3751   0.10211   0.09556  -0.0079
  -6.250  -0.3803   0.10073   0.09432  -0.0055
  -6.000  -0.4003   0.10332   0.09727   0.0028
  -5.750  -0.3962   0.09896   0.09294   0.0012
  -5.500  -0.3764   0.08980   0.08350  -0.0081
  -5.250  -0.3374   0.07708   0.07022  -0.0231
  -3.500  -0.2877   0.06290   0.05526  -0.0409
  -3.250  -0.2295   0.05008   0.04157  -0.0584
  -3.000  -0.1741   0.04062   0.03136  -0.0721
  -2.750  -0.1347   0.03574   0.02592  -0.0792
  -2.500  -0.1167   0.03845   0.02853  -0.0753
  -2.250  -0.0907   0.03773   0.02764  -0.0764
  -2.000  -0.0691   0.03730   0.02713  -0.0767
  -1.750  -0.0467   0.03710   0.02691  -0.0772
  -1.500  -0.0188   0.03707   0.02691  -0.0787
  -1.250   0.0175   0.03712   0.02699  -0.0816
  -1.000   0.0626   0.03734   0.02735  -0.0860
  -0.750   0.1102   0.03746   0.02786  -0.0901
  -0.500   0.1559   0.03736   0.02827  -0.0935
  -0.250   0.1996   0.03718   0.02853  -0.0964
   0.000   0.2358   0.03707   0.02872  -0.0981
   0.250   0.2686   0.03720   0.02895  -0.0996
   0.500   0.3030   0.03762   0.02925  -0.1016
   0.750   0.3384   0.03835   0.02967  -0.1042
   1.000   0.3763   0.03932   0.03032  -0.1075
   1.250   0.4125   0.04020   0.03107  -0.1099
   1.500   0.4450   0.04102   0.03180  -0.1117
   1.750   0.4790   0.04177   0.03248  -0.1135
   2.000   0.5108   0.04251   0.03315  -0.1149
   2.250   0.5411   0.04326   0.03383  -0.1160
   2.500   0.5737   0.04391   0.03438  -0.1173
   2.750   0.6038   0.04460   0.03498  -0.1181
   3.000   0.6322   0.04538   0.03568  -0.1187
   3.250   0.6619   0.04607   0.03630  -0.1194
   3.500   0.6901   0.04676   0.03695  -0.1197
   3.750   0.7178   0.04748   0.03763  -0.1200
   4.000   0.7431   0.04830   0.03841  -0.1199
   4.250   0.7673   0.04918   0.03927  -0.1197
   4.500   0.7966   0.04971   0.03978  -0.1198
   4.750   0.8215   0.05054   0.04060  -0.1196
   5.000   0.8448   0.05143   0.04150  -0.1191
   5.250   0.8712   0.05203   0.04210  -0.1188
   5.500   0.9020   0.05211   0.04220  -0.1184
   5.750   0.9274   0.05256   0.04266  -0.1176
   6.000   0.9516   0.05293   0.04307  -0.1164
   6.250   0.9895   0.05210   0.04226  -0.1161
   6.500   1.0294   0.05102   0.04121  -0.1157
   6.750   1.0744   0.04953   0.03975  -0.1157
   7.000   1.1128   0.04912   0.03940  -0.1158
   7.250   1.1620   0.04711   0.03742  -0.1160
   7.500   1.2133   0.04413   0.03443  -0.1157
   7.750   1.2540   0.04152   0.03177  -0.1144
   8.000   1.2883   0.03902   0.02920  -0.1123
   8.250   1.3219   0.03645   0.02656  -0.1100
   8.500   1.3404   0.03522   0.02524  -0.1067
   8.750   1.3560   0.03476   0.02471  -0.1037
   9.000   1.3575   0.03631   0.02623  -0.1003
   9.250   1.3656   0.03695   0.02683  -0.0972
   9.500   1.3709   0.03759   0.02744  -0.0941
   9.750   1.3752   0.03860   0.02844  -0.0906
  10.000   1.3773   0.03983   0.02969  -0.0869
  10.250   1.3776   0.04169   0.03162  -0.0829
  10.750   1.3769   0.04403   0.03406  -0.0788
  11.000   1.3756   0.04668   0.03681  -0.0750
  11.500   1.3746   0.04917   0.03943  -0.0717
  11.750   1.3712   0.05199   0.04236  -0.0691
  12.000   1.4057   0.04768   0.03795  -0.0654
  12.250   1.3221   0.06556   0.05623  -0.0671
  12.750   1.2487   0.08285   0.07378  -0.0694
  13.250   1.1900   0.09874   0.08978  -0.0716
  14.250   1.1505   0.11175   0.10278  -0.0737
  14.500   1.1354   0.12036   0.11128  -0.0752
  14.750   1.1489   0.12318   0.11395  -0.0760
  15.000   1.1902   0.12005   0.11056  -0.0754
  15.250   1.2593   0.11049   0.10065  -0.0730
  15.500   1.2223   0.12018   0.11057  -0.0747
  15.750   1.2250   0.12362   0.11409  -0.0753
  16.000   1.2251   0.12902   0.11969  -0.0771
  16.500   1.2203   0.13745   0.12850  -0.0808
  17.000   1.2080   0.15001   0.14167  -0.0872
