Smoothened XFOIL polar
 10-point moving average applied

   alpha    CL        CD       CDp       CM
  ------ -------- --------- --------- --------
 -20.000  -0.3930   0.22265   0.21852  -0.0205
 -18.750  -0.3396   0.20929   0.20530  -0.0246
 -17.750  -0.3019   0.20037   0.19652  -0.0269
 -17.000  -0.2775   0.19447   0.19075  -0.0277
 -16.500  -0.2643   0.19014   0.18653  -0.0278
 -15.000  -0.2741   0.18425   0.18064  -0.0278
 -14.750  -0.2103   0.18714   0.18376  -0.0233
 -14.000  -0.3032   0.16641   0.16286  -0.0305
 -13.500  -0.2929   0.15890   0.15546  -0.0316
 -13.250  -0.3651   0.14066   0.13700  -0.0405
 -12.250  -0.4672   0.11545   0.11151  -0.0545
 -12.000  -0.5772   0.08944   0.08516  -0.0708
 -11.750  -0.6690   0.06707   0.06245  -0.0858
 -11.500  -0.7338   0.04979   0.04482  -0.0979
 -11.250  -0.7720   0.03829   0.03292  -0.1082
 -11.000  -0.7683   0.03470   0.02933  -0.1092
 -10.750  -0.6361   0.05148   0.04633  -0.1001
 -10.500  -0.5794   0.05538   0.05019  -0.0985
 -10.250  -0.5413   0.05559   0.05023  -0.0995
 -10.000  -0.5221   0.05213   0.04653  -0.1029
  -9.750  -0.5229   0.04509   0.03918  -0.1085
  -9.500  -0.5409   0.03444   0.02816  -0.1170
  -9.250  -0.5790   0.02020   0.01350  -0.1279
  -9.000  -0.5055   0.02709   0.02054  -0.1237
  -8.750  -0.4695   0.02615   0.01956  -0.1258
  -8.500  -0.4345   0.02539   0.01875  -0.1275
  -8.250  -0.3976   0.02458   0.01788  -0.1296
  -8.000  -0.3625   0.02384   0.01710  -0.1312
  -7.750  -0.3282   0.02321   0.01643  -0.1326
  -7.500  -0.2915   0.02257   0.01575  -0.1344
  -7.250  -0.2574   0.02199   0.01512  -0.1356
  -7.000  -0.2265   0.02140   0.01445  -0.1368
  -6.750  -0.1888   0.02071   0.01368  -0.1383
  -6.500  -0.1464   0.01993   0.01284  -0.1401
  -6.250  -0.1008   0.01908   0.01195  -0.1421
  -5.750  -0.0540   0.01825   0.01111  -0.1442
  -5.500  -0.0074   0.01749   0.01035  -0.1464
  -5.250   0.0367   0.01677   0.00965  -0.1484
  -5.000   0.0766   0.01620   0.00911  -0.1503
  -4.750   0.1125   0.01578   0.00869  -0.1522
  -4.500   0.1525   0.01536   0.00826  -0.1545
  -4.250   0.1921   0.01497   0.00786  -0.1566
  -4.000   0.2294   0.01464   0.00752  -0.1583
  -3.750   0.2666   0.01433   0.00720  -0.1599
  -3.500   0.3007   0.01408   0.00694  -0.1610
  -3.250   0.3318   0.01389   0.00673  -0.1615
  -3.000   0.3635   0.01371   0.00654  -0.1620
  -2.750   0.3949   0.01357   0.00637  -0.1625
  -2.500   0.4259   0.01344   0.00622  -0.1629
  -2.250   0.4542   0.01335   0.00608  -0.1628
  -2.000   0.4817   0.01328   0.00598  -0.1625
  -1.750   0.5086   0.01323   0.00593  -0.1621
  -1.500   0.5347   0.01321   0.00590  -0.1615
  -1.250   0.5600   0.01320   0.00589  -0.1608
  -1.000   0.5855   0.01321   0.00589  -0.1602
  -0.750   0.6104   0.01325   0.00591  -0.1594
  -0.500   0.6347   0.01330   0.00592  -0.1585
  -0.250   0.6583   0.01335   0.00592  -0.1575
   0.000   0.6817   0.01341   0.00595  -0.1564
   0.250   0.7050   0.01349   0.00599  -0.1553
   0.500   0.7261   0.01357   0.00603  -0.1543
   0.750   0.7504   0.01367   0.00611  -0.1532
   1.000   0.7772   0.01380   0.00622  -0.1519
   1.250   0.8052   0.01395   0.00635  -0.1505
   1.750   0.8331   0.01410   0.00651  -0.1489
   2.000   0.8603   0.01425   0.00667  -0.1474
   2.250   0.8862   0.01441   0.00685  -0.1460
   2.500   0.9098   0.01457   0.00704  -0.1447
   2.750   0.9302   0.01472   0.00724  -0.1437
   3.000   0.9530   0.01490   0.00747  -0.1427
   3.250   0.9757   0.01509   0.00774  -0.1416
   3.500   0.9954   0.01522   0.00799  -0.1397
   3.750   1.0133   0.01531   0.00820  -0.1375
   4.000   1.0306   0.01540   0.00839  -0.1352
   4.250   1.0482   0.01551   0.00856  -0.1330
   4.500   1.0666   0.01568   0.00873  -0.1310
   4.750   1.0866   0.01593   0.00892  -0.1295
   5.000   1.1083   0.01626   0.00915  -0.1285
   5.250   1.1309   0.01667   0.00945  -0.1277
   5.500   1.1517   0.01704   0.00975  -0.1265
   5.750   1.1723   0.01744   0.01006  -0.1253
   6.000   1.1927   0.01784   0.01040  -0.1241
   6.250   1.2129   0.01826   0.01076  -0.1229
   6.500   1.2329   0.01870   0.01113  -0.1217
   6.750   1.2527   0.01915   0.01153  -0.1204
   7.000   1.2722   0.01962   0.01197  -0.1191
   7.250   1.2914   0.02008   0.01244  -0.1178
   7.500   1.3101   0.02054   0.01292  -0.1165
   7.750   1.3283   0.02101   0.01341  -0.1151
   8.000   1.3459   0.02150   0.01392  -0.1136
   8.250   1.3630   0.02204   0.01443  -0.1121
   8.500   1.3796   0.02261   0.01496  -0.1105
   8.750   1.3959   0.02323   0.01554  -0.1090
   9.000   1.4118   0.02388   0.01616  -0.1074
   9.250   1.4275   0.02455   0.01682  -0.1059
   9.500   1.4427   0.02525   0.01752  -0.1043
   9.750   1.4574   0.02598   0.01825  -0.1027
  10.000   1.4714   0.02676   0.01902  -0.1011
  10.250   1.4842   0.02761   0.01985  -0.0994
  10.500   1.4966   0.02851   0.02074  -0.0977
  10.750   1.5087   0.02946   0.02168  -0.0961
  11.000   1.5205   0.03045   0.02268  -0.0945
  11.250   1.5321   0.03148   0.02374  -0.0929
  11.500   1.5429   0.03258   0.02486  -0.0913
  11.750   1.5530   0.03374   0.02606  -0.0898
  12.000   1.5617   0.03502   0.02735  -0.0882
  12.250   1.5690   0.03643   0.02876  -0.0867
  12.500   1.5758   0.03794   0.03028  -0.0852
  12.750   1.5824   0.03953   0.03189  -0.0838
  13.000   1.5889   0.04120   0.03358  -0.0826
  13.250   1.5955   0.04291   0.03534  -0.0815
  13.500   1.6017   0.04471   0.03716  -0.0804
  13.750   1.6078   0.04654   0.03902  -0.0794
  14.000   1.6132   0.04849   0.04099  -0.0784
  14.250   1.6171   0.05062   0.04313  -0.0775
  14.500   1.6204   0.05285   0.04537  -0.0767
  14.750   1.6236   0.05514   0.04770  -0.0760
  15.000   1.6260   0.05755   0.05015  -0.0753
  15.250   1.6287   0.05998   0.05263  -0.0748
  15.500   1.6317   0.06241   0.05513  -0.0743
  15.750   1.6351   0.06485   0.05765  -0.0739
  16.000   1.6380   0.06739   0.06026  -0.0736
  16.250   1.6400   0.07006   0.06300  -0.0735
  16.500   1.6416   0.07281   0.06582  -0.0734
  16.750   1.6421   0.07573   0.06880  -0.0733
  17.000   1.6407   0.07888   0.07197  -0.0734
  17.250   1.6394   0.08202   0.07513  -0.0735
  17.500   1.6385   0.08511   0.07827  -0.0737
  17.750   1.6379   0.08819   0.08140  -0.0739
  18.000   1.6374   0.09126   0.08455  -0.0742
  18.250   1.6374   0.09428   0.08763  -0.0745
  18.500   1.6372   0.09733   0.09075  -0.0749
  18.750   1.6364   0.10050   0.09400  -0.0755
  19.000   1.6347   0.10383   0.09740  -0.0763
  19.250   1.6330   0.10719   0.10083  -0.0771
  19.500   1.6310   0.11064   0.10437  -0.0781
  19.750   1.6287   0.11418   0.10801  -0.0793
  20.000   1.6259   0.11784   0.11179  -0.0807
