Smoothened XFOIL polar
 10-point moving average applied

   alpha    CL        CD       CDp       CM
  ------ -------- --------- --------- --------
 -15.250  -0.4792   0.19021   0.18393  -0.0078
 -15.000  -0.4650   0.19177   0.18539  -0.0067
 -14.750  -0.4356   0.18075   0.17445  -0.0103
 -14.000  -0.3985   0.16161   0.15552  -0.0168
 -11.250  -0.3610   0.13882   0.13300  -0.0244
  -8.750  -0.3377   0.12090   0.11530  -0.0308
  -8.500  -0.3215   0.10535   0.09999  -0.0339
  -8.250  -0.3246   0.09590   0.09074  -0.0335
  -8.000  -0.3488   0.09606   0.09112  -0.0275
  -7.250  -0.3640   0.09353   0.08865  -0.0266
  -7.000  -0.3805   0.08544   0.08071  -0.0280
  -6.500  -0.3869   0.07342   0.06844  -0.0325
  -5.500  -0.3794   0.05923   0.05362  -0.0396
  -5.250  -0.3591   0.04533   0.03879  -0.0481
  -5.000  -0.3265   0.03340   0.02592  -0.0547
  -4.750  -0.2936   0.02585   0.01749  -0.0583
  -4.500  -0.2621   0.02483   0.01593  -0.0580
  -4.250  -0.2299   0.02333   0.01411  -0.0599
  -4.000  -0.1991   0.02438   0.01524  -0.0612
  -3.750  -0.1630   0.02470   0.01553  -0.0640
  -3.500  -0.1228   0.02466   0.01546  -0.0675
  -3.250  -0.0791   0.02414   0.01488  -0.0715
  -3.000  -0.0357   0.02343   0.01414  -0.0752
  -2.750   0.0070   0.02252   0.01321  -0.0785
  -2.500   0.0493   0.02195   0.01273  -0.0820
  -2.250   0.0907   0.02150   0.01239  -0.0853
  -2.000   0.1297   0.02090   0.01214  -0.0881
  -1.750   0.1671   0.02015   0.01193  -0.0904
  -1.500   0.2011   0.01936   0.01175  -0.0922
  -1.250   0.2406   0.01862   0.01153  -0.0942
  -1.000   0.2844   0.01802   0.01129  -0.0963
  -0.750   0.3310   0.01761   0.01102  -0.0986
  -0.250   0.3781   0.01742   0.01074  -0.1009
   0.000   0.4234   0.01743   0.01046  -0.1032
   0.250   0.4632   0.01736   0.01025  -0.1047
   0.500   0.4976   0.01726   0.01009  -0.1055
   0.750   0.5262   0.01716   0.00995  -0.1060
   1.000   0.5573   0.01707   0.00981  -0.1064
   1.250   0.5876   0.01698   0.00967  -0.1067
   1.500   0.6170   0.01692   0.00955  -0.1068
   1.750   0.6457   0.01686   0.00944  -0.1068
   2.000   0.6744   0.01680   0.00931  -0.1067
   2.250   0.7027   0.01678   0.00922  -0.1066
   2.500   0.7307   0.01680   0.00917  -0.1064
   2.750   0.7581   0.01686   0.00917  -0.1061
   3.000   0.7853   0.01693   0.00917  -0.1057
   3.250   0.8120   0.01697   0.00914  -0.1052
   3.500   0.8382   0.01699   0.00907  -0.1045
   3.750   0.8639   0.01698   0.00896  -0.1036
   4.000   0.8895   0.01696   0.00884  -0.1027
   4.250   0.9143   0.01698   0.00875  -0.1017
   4.500   0.9385   0.01703   0.00872  -0.1006
   4.750   0.9621   0.01714   0.00874  -0.0995
   5.000   0.9858   0.01728   0.00879  -0.0985
   5.250   1.0093   0.01745   0.00888  -0.0976
   5.500   1.0327   0.01765   0.00902  -0.0966
   5.750   1.0563   0.01788   0.00923  -0.0958
   6.000   1.0795   0.01812   0.00945  -0.0948
   6.250   1.1004   0.01835   0.00963  -0.0935
   6.500   1.1188   0.01862   0.00979  -0.0917
   6.750   1.1344   0.01882   0.00985  -0.0898
   7.000   1.1441   0.01711   0.00768  -0.0890
   7.250   1.1644   0.01747   0.00748  -0.0864
   7.500   1.1837   0.02031   0.00990  -0.0822
   8.000   1.2041   0.02920   0.01889  -0.0738
   9.500   1.2252   0.04662   0.03719  -0.0597
  10.750   1.2466   0.07505   0.06757  -0.0382
