Smoothened XFOIL polar
 10-point moving average applied

   alpha    CL        CD       CDp       CM
  ------ -------- --------- --------- --------
 -16.500  -0.5021   0.19720   0.19082   0.0022
 -16.250  -0.5082   0.20600   0.19953   0.0019
 -15.250  -0.4890   0.19940   0.19297  -0.0029
 -15.000  -0.4535   0.18204   0.17577  -0.0106
 -14.250  -0.4106   0.15860   0.15254  -0.0193
  -9.500  -0.3735   0.13646   0.13065  -0.0263
  -9.250  -0.3480   0.11688   0.11131  -0.0311
  -8.250  -0.3372   0.10266   0.09733  -0.0347
  -8.000  -0.3423   0.09465   0.08952  -0.0330
  -7.750  -0.3705   0.09680   0.09189  -0.0277
  -7.250  -0.3864   0.09035   0.08572  -0.0265
  -6.500  -0.3952   0.08075   0.07598  -0.0297
  -5.750  -0.3866   0.06653   0.06121  -0.0355
  -5.250  -0.3627   0.05113   0.04496  -0.0432
  -5.000  -0.3305   0.03775   0.03055  -0.0513
  -4.750  -0.2947   0.02777   0.01951  -0.0572
  -4.500  -0.2596   0.02294   0.01394  -0.0597
  -4.250  -0.2302   0.02327   0.01404  -0.0597
  -4.000  -0.1994   0.02413   0.01495  -0.0610
  -3.750  -0.1640   0.02452   0.01533  -0.0636
  -3.500  -0.1244   0.02453   0.01532  -0.0670
  -3.250  -0.0814   0.02409   0.01486  -0.0709
  -3.000  -0.0368   0.02341   0.01414  -0.0749
  -2.750   0.0063   0.02251   0.01320  -0.0783
  -2.500   0.0485   0.02192   0.01269  -0.0817
  -2.250   0.0895   0.02149   0.01236  -0.0850
  -2.000   0.1288   0.02087   0.01211  -0.0879
  -1.750   0.1669   0.02010   0.01189  -0.0902
  -1.500   0.2042   0.01929   0.01168  -0.0922
  -1.250   0.2413   0.01855   0.01148  -0.0941
  -1.000   0.2793   0.01797   0.01127  -0.0960
  -0.750   0.3173   0.01760   0.01106  -0.0979
  -0.500   0.3550   0.01746   0.01084  -0.0998
  -0.250   0.3918   0.01752   0.01062  -0.1018
   0.000   0.4265   0.01747   0.01045  -0.1032
   0.250   0.4604   0.01738   0.01028  -0.1043
   0.500   0.4932   0.01728   0.01011  -0.1052
   0.750   0.5252   0.01718   0.00996  -0.1059
   1.000   0.5562   0.01709   0.00983  -0.1064
   1.250   0.5869   0.01699   0.00967  -0.1067
   1.500   0.6168   0.01690   0.00953  -0.1069
   1.750   0.6460   0.01683   0.00940  -0.1069
   2.000   0.6747   0.01677   0.00928  -0.1068
   2.250   0.7031   0.01674   0.00918  -0.1067
   2.500   0.7310   0.01676   0.00914  -0.1065
   2.750   0.7582   0.01683   0.00914  -0.1061
   3.000   0.7851   0.01691   0.00915  -0.1057
   3.250   0.8120   0.01694   0.00911  -0.1052
   3.500   0.8382   0.01695   0.00903  -0.1045
   3.750   0.8639   0.01694   0.00893  -0.1036
   4.000   0.8893   0.01693   0.00881  -0.1027
   4.250   0.9141   0.01694   0.00872  -0.1017
   4.500   0.9382   0.01700   0.00869  -0.1006
   4.750   0.9620   0.01711   0.00871  -0.0996
   5.000   0.9856   0.01724   0.00876  -0.0986
   5.250   1.0092   0.01741   0.00885  -0.0976
   5.500   1.0326   0.01762   0.00900  -0.0967
   5.750   1.0562   0.01784   0.00919  -0.0958
   6.000   1.0793   0.01808   0.00941  -0.0948
   6.250   1.1000   0.01831   0.00959  -0.0934
   6.500   1.1182   0.01859   0.00974  -0.0916
   6.750   1.1344   0.01893   0.00990  -0.0895
   7.000   1.1465   0.01919   0.00993  -0.0875
   7.250   1.1549   0.01617   0.00616  -0.0867
   7.500   1.1753   0.02026   0.00989  -0.0825
   7.750   1.2008   0.02923   0.01896  -0.0754
   8.500   1.2256   0.03979   0.02995  -0.0663
  10.250   1.2407   0.05412   0.04508  -0.0558
  10.500   1.2475   0.07043   0.06256  -0.0444
  10.750   1.2367   0.08413   0.07727  -0.0356
  11.500   1.2027   0.09237   0.08607  -0.0317
  11.750   1.1397   0.09227   0.08577  -0.0348
