Smoothened XFOIL polar
 10-point moving average applied

   alpha    CL        CD       CDp       CM
  ------ -------- --------- --------- --------
 -20.000  -0.3350   0.21178   0.20795  -0.0219
 -19.750  -0.4147   0.21647   0.21235  -0.0192
 -19.500  -0.4404   0.21624   0.21203  -0.0193
 -19.000  -0.4270   0.21256   0.20841  -0.0212
 -18.750  -0.3894   0.20693   0.20292  -0.0241
 -18.500  -0.3394   0.20152   0.19770  -0.0268
 -17.500  -0.3140   0.19863   0.19490  -0.0284
 -17.000  -0.2928   0.19541   0.19178  -0.0288
 -16.750  -0.2967   0.19080   0.18716  -0.0288
 -16.000  -0.2917   0.18369   0.18005  -0.0296
 -14.250  -0.2792   0.17732   0.17376  -0.0304
 -14.000  -0.3020   0.16972   0.16609  -0.0310
 -13.750  -0.3124   0.16384   0.16021  -0.0321
 -13.250  -0.3143   0.16052   0.15695  -0.0324
 -13.000  -0.3214   0.15747   0.15393  -0.0335
 -12.750  -0.3147   0.15430   0.15086  -0.0330
 -12.250  -0.3068   0.15105   0.14768  -0.0319
 -11.750  -0.3014   0.14703   0.14368  -0.0303
 -11.500  -0.2648   0.15177   0.14858  -0.0220
 -11.250  -0.2905   0.14242   0.13917  -0.0252
 -11.000  -0.3491   0.12481   0.12134  -0.0373
 -10.750  -0.4243   0.10153   0.09771  -0.0549
 -10.000  -0.5052   0.07472   0.07044  -0.0755
  -9.750  -0.5866   0.04602   0.04109  -0.0995
  -9.500  -0.5834   0.03798   0.03303  -0.1063
  -9.250  -0.5537   0.03681   0.03185  -0.1080
  -9.000  -0.4773   0.04654   0.04163  -0.1007
  -8.750  -0.4351   0.04610   0.04102  -0.1021
  -8.500  -0.3990   0.04308   0.03768  -0.1060
  -8.000  -0.3748   0.03753   0.03171  -0.1119
  -7.750  -0.3544   0.02950   0.02321  -0.1203
  -7.500  -0.3405   0.01917   0.01233  -0.1308
  -7.250  -0.2761   0.02304   0.01622  -0.1283
  -6.750  -0.2345   0.02204   0.01511  -0.1303
  -6.500  -0.1897   0.02096   0.01393  -0.1325
  -6.250  -0.1467   0.02002   0.01292  -0.1347
  -6.000  -0.1091   0.01931   0.01217  -0.1363
  -5.750  -0.0754   0.01873   0.01156  -0.1380
  -5.500  -0.0401   0.01817   0.01102  -0.1394
  -5.250  -0.0072   0.01768   0.01054  -0.1409
  -5.000   0.0302   0.01712   0.00998  -0.1424
  -4.750   0.0736   0.01648   0.00937  -0.1444
  -4.500   0.1212   0.01580   0.00870  -0.1469
  -4.000   0.1687   0.01515   0.00809  -0.1493
  -3.750   0.2164   0.01452   0.00751  -0.1518
  -3.500   0.2595   0.01399   0.00701  -0.1543
  -3.250   0.3023   0.01354   0.00660  -0.1564
  -3.000   0.3416   0.01320   0.00629  -0.1582
  -2.750   0.3843   0.01284   0.00597  -0.1597
  -2.250   0.4275   0.01251   0.00568  -0.1611
  -2.000   0.4676   0.01225   0.00546  -0.1621
  -1.750   0.5040   0.01206   0.00528  -0.1627
  -1.500   0.5368   0.01192   0.00516  -0.1632
  -1.250   0.5635   0.01184   0.00511  -0.1633
  -1.000   0.5930   0.01178   0.00507  -0.1635
  -0.750   0.6212   0.01174   0.00506  -0.1634
  -0.500   0.6483   0.01172   0.00507  -0.1631
  -0.250   0.6749   0.01171   0.00508  -0.1627
   0.000   0.7006   0.01171   0.00511  -0.1621
   0.250   0.7259   0.01173   0.00513  -0.1615
   0.500   0.7512   0.01176   0.00517  -0.1608
   0.750   0.7760   0.01181   0.00524  -0.1601
   1.000   0.8003   0.01186   0.00533  -0.1592
   1.250   0.8242   0.01193   0.00544  -0.1582
   1.500   0.8475   0.01200   0.00557  -0.1571
   1.750   0.8681   0.01206   0.00571  -0.1553
   2.000   0.8869   0.01209   0.00583  -0.1531
   2.250   0.9053   0.01214   0.00592  -0.1508
   2.500   0.9241   0.01222   0.00600  -0.1486
   2.750   0.9443   0.01234   0.00608  -0.1468
   3.000   0.9661   0.01250   0.00617  -0.1455
   3.250   0.9899   0.01273   0.00628  -0.1447
   3.500   1.0148   0.01301   0.00643  -0.1442
   3.750   1.0382   0.01330   0.00662  -0.1434
   4.000   1.0612   0.01360   0.00680  -0.1425
   4.250   1.0840   0.01390   0.00701  -0.1416
   4.500   1.1066   0.01421   0.00723  -0.1406
   4.750   1.1289   0.01452   0.00747  -0.1396
   5.000   1.1507   0.01483   0.00772  -0.1385
   5.250   1.1720   0.01513   0.00796  -0.1373
   5.500   1.1927   0.01545   0.00822  -0.1360
   5.750   1.2128   0.01578   0.00849  -0.1346
   6.000   1.2326   0.01613   0.00878  -0.1332
   6.250   1.2520   0.01651   0.00908  -0.1317
   6.500   1.2717   0.01691   0.00943  -0.1303
   6.750   1.2910   0.01734   0.00982  -0.1289
   7.000   1.3096   0.01777   0.01025  -0.1274
   7.250   1.3270   0.01820   0.01069  -0.1256
   7.500   1.3427   0.01867   0.01113  -0.1237
   7.750   1.3570   0.01919   0.01160  -0.1216
   8.000   1.3703   0.01975   0.01210  -0.1193
   8.250   1.3832   0.02037   0.01261  -0.1171
   8.500   1.3966   0.02103   0.01319  -0.1150
   8.750   1.4107   0.02172   0.01380  -0.1131
   9.000   1.4250   0.02244   0.01447  -0.1113
   9.250   1.4392   0.02319   0.01517  -0.1095
   9.500   1.4532   0.02396   0.01591  -0.1078
   9.750   1.4667   0.02477   0.01668  -0.1061
  10.000   1.4805   0.02558   0.01748  -0.1044
  10.250   1.4944   0.02640   0.01831  -0.1028
  10.500   1.5077   0.02728   0.01922  -0.1012
  10.750   1.5206   0.02821   0.02017  -0.0996
  11.000   1.5319   0.02926   0.02124  -0.0979
  11.250   1.5420   0.03042   0.02240  -0.0962
  11.500   1.5518   0.03161   0.02360  -0.0945
  11.750   1.5616   0.03284   0.02482  -0.0929
  12.000   1.5712   0.03412   0.02610  -0.0913
  12.250   1.5803   0.03548   0.02746  -0.0899
  12.500   1.5882   0.03698   0.02895  -0.0885
  12.750   1.5949   0.03863   0.03059  -0.0870
  13.000   1.6016   0.04029   0.03226  -0.0857
  13.250   1.6065   0.04218   0.03416  -0.0844
  13.500   1.6113   0.04413   0.03611  -0.0831
  13.750   1.6146   0.04630   0.03826  -0.0820
  14.000   1.6158   0.04873   0.04065  -0.0810
  14.250   1.6139   0.05157   0.04341  -0.0800
  14.500   1.6096   0.05474   0.04649  -0.0791
  14.750   1.6029   0.05826   0.04993  -0.0783
  15.000   1.5973   0.06145   0.05307  -0.0777
  15.250   1.5851   0.06608   0.05766  -0.0773
  15.500   1.5703   0.07154   0.06313  -0.0773
  15.750   1.5529   0.07770   0.06929  -0.0776
  16.250   1.5347   0.08421   0.07580  -0.0783
  16.500   1.5172   0.09068   0.08229  -0.0791
  16.750   1.5035   0.09656   0.08819  -0.0802
  17.000   1.4942   0.10153   0.09322  -0.0813
  17.250   1.4904   0.10532   0.09709  -0.0824
  17.500   1.4858   0.10951   0.10140  -0.0835
  17.750   1.4825   0.11355   0.10557  -0.0848
  18.000   1.4793   0.11760   0.10976  -0.0862
  18.250   1.4750   0.12184   0.11412  -0.0878
  18.500   1.4707   0.12610   0.11851  -0.0896
  18.750   1.4665   0.13038   0.12291  -0.0914
  19.000   1.4623   0.13466   0.12733  -0.0934
  19.250   1.4583   0.13895   0.13175  -0.0956
  19.500   1.4542   0.14329   0.13623  -0.0978
  19.750   1.4499   0.14770   0.14078  -0.1003
  20.000   1.4452   0.15221   0.14542  -0.1029
