Smoothened XFOIL polar
 10-point moving average applied

   alpha    CL        CD       CDp       CM
  ------ -------- --------- --------- --------
  -9.000  -0.3230   0.10711   0.10414  -0.0253
  -7.500  -0.3516   0.08216   0.07874  -0.0373
  -7.250  -0.3513   0.05975   0.05548  -0.0513
  -6.500  -0.3293   0.04060   0.03528  -0.0655
  -6.250  -0.2928   0.02544   0.01904  -0.0786
  -6.000  -0.2478   0.01512   0.00788  -0.0893
  -5.750  -0.2156   0.01123   0.00357  -0.0922
  -5.500  -0.1770   0.01519   0.00770  -0.0904
  -5.250  -0.1399   0.01481   0.00729  -0.0925
  -5.000  -0.1056   0.01482   0.00732  -0.0946
  -4.750  -0.0680   0.01475   0.00728  -0.0968
  -4.500  -0.0277   0.01448   0.00703  -0.0989
  -4.250   0.0133   0.01404   0.00662  -0.1007
  -3.750   0.0531   0.01354   0.00615  -0.1020
  -3.500   0.0917   0.01300   0.00566  -0.1032
  -3.250   0.1267   0.01248   0.00518  -0.1039
  -3.000   0.1577   0.01199   0.00477  -0.1044
  -2.750   0.1832   0.01167   0.00453  -0.1045
  -2.500   0.2111   0.01134   0.00429  -0.1047
  -2.250   0.2390   0.01103   0.00409  -0.1049
  -2.000   0.2664   0.01077   0.00393  -0.1050
  -1.750   0.2938   0.01052   0.00380  -0.1051
  -1.500   0.3184   0.01020   0.00372  -0.1047
  -1.250   0.3441   0.00977   0.00367  -0.1044
  -1.000   0.3708   0.00930   0.00363  -0.1042
  -0.750   0.3960   0.00885   0.00359  -0.1041
  -0.500   0.4259   0.00850   0.00353  -0.1040
  -0.250   0.4589   0.00831   0.00345  -0.1040
   0.000   0.4935   0.00830   0.00336  -0.1040
   0.500   0.5278   0.00842   0.00329  -0.1040
   0.750   0.5584   0.00856   0.00326  -0.1034
   1.000   0.5886   0.00867   0.00324  -0.1030
   1.250   0.6156   0.00878   0.00323  -0.1026
   1.500   0.6385   0.00890   0.00323  -0.1022
   1.750   0.6635   0.00904   0.00323  -0.1017
   2.000   0.6881   0.00919   0.00323  -0.1012
   2.250   0.7126   0.00936   0.00325  -0.1006
   2.500   0.7370   0.00956   0.00329  -0.1001
   2.750   0.7613   0.00977   0.00335  -0.0995
   3.000   0.7858   0.00998   0.00344  -0.0990
   3.250   0.8106   0.01020   0.00354  -0.0986
   3.500   0.8355   0.01042   0.00365  -0.0982
   3.750   0.8603   0.01064   0.00379  -0.0978
   4.000   0.8849   0.01086   0.00392  -0.0974
   4.250   0.9093   0.01111   0.00407  -0.0970
   4.500   0.9339   0.01136   0.00424  -0.0966
   4.750   0.9585   0.01160   0.00442  -0.0962
   5.000   0.9830   0.01184   0.00460  -0.0957
   5.250   1.0071   0.01208   0.00478  -0.0952
   5.500   1.0283   0.01254   0.00503  -0.0943
   5.750   1.0465   0.01325   0.00541  -0.0929
   6.000   1.0623   0.01418   0.00591  -0.0913
   6.250   1.0766   0.01527   0.00653  -0.0894
   6.500   1.0911   0.01635   0.00720  -0.0877
   6.750   1.1071   0.01731   0.00785  -0.0861
   7.000   1.1253   0.01806   0.00843  -0.0849
   7.250   1.1444   0.01871   0.00896  -0.0838
   7.500   1.1641   0.01927   0.00943  -0.0827
   7.750   1.1838   0.01975   0.00980  -0.0816
