Smoothened XFOIL polar
 10-point moving average applied

   alpha    CL        CD       CDp       CM
  ------ -------- --------- --------- --------
 -15.500  -0.3263   0.18977   0.18164  -0.0233
 -14.250  -0.3282   0.17836   0.17020  -0.0244
 -14.000  -0.3304   0.16816   0.15998  -0.0256
 -12.250  -0.3319   0.15928   0.15112  -0.0268
 -11.750  -0.3321   0.15182   0.14371  -0.0280
 -11.500  -0.3297   0.14651   0.13845  -0.0290
 -11.250  -0.3194   0.14216   0.13422  -0.0303
 -11.000  -0.3124   0.13969   0.13181  -0.0309
 -10.750  -0.3153   0.13549   0.12763  -0.0306
 -10.250  -0.3074   0.13103   0.12325  -0.0308
 -10.000  -0.3024   0.12773   0.12007  -0.0315
  -9.750  -0.3061   0.12414   0.11654  -0.0314
  -9.500  -0.3057   0.12127   0.11376  -0.0315
  -9.250  -0.3023   0.11922   0.11184  -0.0315
  -9.000  -0.3007   0.11645   0.10915  -0.0315
  -8.750  -0.3090   0.11302   0.10575  -0.0307
  -8.500  -0.3093   0.10965   0.10248  -0.0296
  -8.250  -0.3169   0.10591   0.09886  -0.0280
  -7.750  -0.3311   0.10228   0.09535  -0.0257
  -7.500  -0.3468   0.09880   0.09198  -0.0235
  -7.000  -0.3678   0.09630   0.08963  -0.0207
  -6.750  -0.3861   0.09347   0.08702  -0.0182
  -6.500  -0.4046   0.08747   0.08098  -0.0203
  -6.000  -0.4071   0.07933   0.07276  -0.0245
  -5.500  -0.3888   0.06970   0.06294  -0.0308
  -5.250  -0.3618   0.05926   0.05209  -0.0382
  -4.250  -0.3224   0.04944   0.04166  -0.0453
  -4.000  -0.2802   0.04226   0.03383  -0.0512
  -3.750  -0.2406   0.03820   0.02916  -0.0541
  -3.500  -0.2074   0.03628   0.02674  -0.0552
  -3.250  -0.1806   0.03428   0.02429  -0.0574
  -3.000  -0.1547   0.03304   0.02277  -0.0582
  -2.750  -0.1304   0.03215   0.02173  -0.0585
  -2.500  -0.1063   0.03139   0.02083  -0.0589
  -2.250  -0.0824   0.03074   0.02007  -0.0593
  -2.000  -0.0592   0.03026   0.01956  -0.0595
  -1.750  -0.0358   0.02988   0.01913  -0.0598
  -1.500  -0.0101   0.02951   0.01888  -0.0605
  -1.250   0.0108   0.02891   0.01874  -0.0602
  -1.000   0.0345   0.02837   0.01871  -0.0602
  -0.750   0.0628   0.02803   0.01882  -0.0612
  -0.500   0.0975   0.02801   0.01909  -0.0635
  -0.250   0.1369   0.02839   0.01953  -0.0668
   0.000   0.1771   0.02908   0.02006  -0.0709
   0.250   0.2241   0.03023   0.02081  -0.0758
   0.500   0.2743   0.03146   0.02174  -0.0809
   0.750   0.3205   0.03248   0.02262  -0.0846
   1.250   0.3658   0.03352   0.02353  -0.0880
   1.500   0.4076   0.03452   0.02446  -0.0909
   1.750   0.4468   0.03548   0.02535  -0.0933
   2.000   0.4803   0.03635   0.02619  -0.0951
   2.250   0.5066   0.03712   0.02695  -0.0962
   2.500   0.5358   0.03794   0.02774  -0.0974
   2.750   0.5651   0.03871   0.02848  -0.0984
   3.000   0.5946   0.03949   0.02923  -0.0994
   3.250   0.6217   0.04034   0.03005  -0.1000
   3.500   0.6475   0.04125   0.03095  -0.1005
   3.750   0.6761   0.04204   0.03174  -0.1012
   4.000   0.7023   0.04294   0.03264  -0.1015
   4.250   0.7257   0.04395   0.03367  -0.1015
   4.500   0.7481   0.04504   0.03478  -0.1014
   4.750   0.7721   0.04602   0.03579  -0.1013
   5.000   0.7937   0.04712   0.03692  -0.1010
   5.250   0.8116   0.04849   0.03833  -0.1004
   5.500   0.8372   0.04920   0.03910  -0.1001
   5.750   0.8667   0.04958   0.03954  -0.0999
   6.000   0.8954   0.04984   0.03989  -0.0993
   6.250   0.9300   0.04923   0.03938  -0.0984
   6.500   0.9761   0.04715   0.03738  -0.0975
   6.750   1.0294   0.04410   0.03440  -0.0966
   7.000   1.0805   0.04105   0.03143  -0.0959
   7.250   1.1344   0.03615   0.02670  -0.0971
   7.500   1.1725   0.03277   0.02300  -0.0927
   7.750   1.2000   0.03510   0.02499  -0.0839
   8.250   1.2239   0.04116   0.03065  -0.0729
   9.750   1.2394   0.04978   0.03911  -0.0589
  10.500   1.2520   0.05887   0.04838  -0.0447
  10.750   1.2383   0.07332   0.06337  -0.0350
  11.750   1.1737   0.09442   0.08518  -0.0339
  12.750   1.0388   0.12400   0.11554  -0.0452
  13.750   0.8141   0.16389   0.15621  -0.0725
