Airfoil_rR0.282767.txt
1.000000     0.000000
0.990000     0.005161
0.980000     0.010314
0.970000     0.014661
0.960000     0.018817
0.950000     0.021984
0.940000     0.025284
0.930000     0.028032
0.920000     0.030780
0.910000     0.033347
0.900000     0.035836
0.890000     0.038325
0.880000     0.040465
0.870000     0.042712
0.860000     0.044958
0.850000     0.046977
0.840000     0.048860
0.830000     0.050900
0.820000     0.052927
0.810000     0.054631
0.800000     0.056334
0.790000     0.058097
0.780000     0.059905
0.770000     0.061458
0.760000     0.063011
0.750000     0.064564
0.740000     0.066172
0.730000     0.067563
0.720000     0.068946
0.710000     0.070328
0.700000     0.071710
0.690000     0.072955
0.680000     0.074189
0.670000     0.075424
0.660000     0.076658
0.650000     0.077892
0.640000     0.078856
0.630000     0.079875
0.620000     0.080942
0.610000     0.082009
0.600000     0.083015
0.590000     0.083816
0.580000     0.084618
0.570000     0.085514
0.560000     0.086426
0.550000     0.087229
0.540000     0.087864
0.530000     0.088500
0.520000     0.089141
0.510000     0.089877
0.500000     0.090476
0.490000     0.090943
0.480000     0.091410
0.470000     0.091878
0.460000     0.092369
0.450000     0.092752
0.440000     0.093025
0.430000     0.093298
0.420000     0.093572
0.410000     0.093845
0.400000     0.093937
0.390000     0.094010
0.380000     0.094084
0.370000     0.094157
0.360000     0.094216
0.350000     0.093974
0.340000     0.093811
0.330000     0.093653
0.320000     0.093496
0.310000     0.093192
0.300000     0.092704
0.290000     0.092257
0.280000     0.091842
0.270000     0.091416
0.260000     0.090628
0.250000     0.089839
0.240000     0.089085
0.230000     0.088363
0.220000     0.087303
0.210000     0.086178
0.200000     0.085053
0.190000     0.083971
0.180000     0.082469
0.170000     0.080930
0.160000     0.079391
0.150000     0.077710
0.140000     0.075679
0.130000     0.073648
0.120000     0.071602
0.110000     0.068939
0.100000     0.066280
0.090000     0.063541
0.080000     0.060093
0.070000     0.056629
0.060000     0.052599
0.050000     0.048090
0.040000     0.042962
0.030000     0.037009
0.020000     0.029501
0.010000     0.019743
0.000000     0.004387
0.010000     -0.011876
0.020000     -0.015490
0.030000     -0.017494
0.040000     -0.018548
0.050000     -0.019122
0.060000     -0.019371
0.070000     -0.019328
0.080000     -0.019069
0.090000     -0.018770
0.100000     -0.018183
0.110000     -0.017565
0.120000     -0.016960
0.130000     -0.016143
0.140000     -0.015321
0.150000     -0.014498
0.160000     -0.013586
0.170000     -0.012665
0.180000     -0.011744
0.190000     -0.010808
0.200000     -0.009737
0.210000     -0.008778
0.220000     -0.007820
0.230000     -0.006837
0.240000     -0.005724
0.250000     -0.004699
0.260000     -0.003765
0.270000     -0.002830
0.280000     -0.001757
0.290000     -0.000680
0.300000     0.000315
0.310000     0.001202
0.320000     0.002158
0.330000     0.003170
0.340000     0.004183
0.350000     0.005179
0.360000     0.005970
0.370000     0.006876
0.380000     0.007787
0.390000     0.008698
0.400000     0.009609
0.410000     0.010432
0.420000     0.011225
0.430000     0.012018
0.440000     0.012811
0.450000     0.013603
0.460000     0.014438
0.470000     0.015149
0.480000     0.015798
0.490000     0.016446
0.500000     0.017095
0.510000     0.017794
0.520000     0.018544
0.530000     0.019048
0.540000     0.019538
0.550000     0.020027
0.560000     0.020580
0.570000     0.021175
0.580000     0.021729
0.590000     0.022034
0.600000     0.022339
0.610000     0.022722
0.620000     0.023128
0.630000     0.023534
0.640000     0.023816
0.650000     0.023932
0.660000     0.024150
0.670000     0.024369
0.680000     0.024587
0.690000     0.024806
0.700000     0.024789
0.710000     0.024789
0.720000     0.024790
0.730000     0.024790
0.740000     0.024794
0.750000     0.024716
0.760000     0.024493
0.770000     0.024270
0.780000     0.024046
0.790000     0.023920
0.800000     0.023584
0.810000     0.023090
0.820000     0.022595
0.830000     0.022224
0.840000     0.021858
0.850000     0.021078
0.860000     0.020348
0.870000     0.019704
0.880000     0.019061
0.890000     0.018005
0.900000     0.017025
0.910000     0.016045
0.920000     0.014952
0.930000     0.013530
0.940000     0.012108
0.950000     0.010710
0.960000     0.008685
0.970000     0.007037
0.980000     0.004764
0.990000     0.002584
1.000000     0.000000
