Airfoil_rR0.549650.txt
1.000000     0.000000
0.990000     0.004928
0.980000     0.009813
0.970000     0.013972
0.960000     0.017902
0.950000     0.020966
0.940000     0.024094
0.930000     0.026722
0.920000     0.029351
0.910000     0.031784
0.900000     0.034137
0.890000     0.036489
0.880000     0.038532
0.870000     0.040633
0.860000     0.042735
0.850000     0.044637
0.840000     0.046420
0.830000     0.048310
0.820000     0.050187
0.810000     0.051781
0.800000     0.053375
0.790000     0.055010
0.780000     0.056666
0.770000     0.058098
0.760000     0.059531
0.750000     0.060964
0.740000     0.062434
0.730000     0.063699
0.720000     0.064957
0.710000     0.066214
0.700000     0.067471
0.690000     0.068606
0.680000     0.069709
0.670000     0.070811
0.660000     0.071914
0.650000     0.073017
0.640000     0.073884
0.630000     0.074785
0.620000     0.075719
0.610000     0.076653
0.600000     0.077533
0.590000     0.078235
0.580000     0.078937
0.570000     0.079702
0.560000     0.080477
0.550000     0.081158
0.540000     0.081692
0.530000     0.082226
0.520000     0.082764
0.510000     0.083365
0.500000     0.083847
0.490000     0.084213
0.480000     0.084580
0.470000     0.084946
0.460000     0.085329
0.450000     0.085602
0.440000     0.085779
0.430000     0.085956
0.420000     0.086133
0.410000     0.086310
0.400000     0.086319
0.390000     0.086304
0.380000     0.086288
0.370000     0.086272
0.360000     0.086245
0.350000     0.085953
0.340000     0.085714
0.330000     0.085479
0.320000     0.085245
0.310000     0.084882
0.300000     0.084358
0.290000     0.083862
0.280000     0.083386
0.270000     0.082902
0.260000     0.082101
0.250000     0.081299
0.240000     0.080520
0.230000     0.079763
0.220000     0.078710
0.210000     0.077600
0.200000     0.076490
0.190000     0.075409
0.180000     0.073958
0.170000     0.072475
0.160000     0.070991
0.150000     0.069380
0.140000     0.067458
0.130000     0.065537
0.120000     0.063602
0.110000     0.061124
0.100000     0.058650
0.090000     0.056105
0.080000     0.052942
0.070000     0.049768
0.060000     0.046098
0.050000     0.042018
0.040000     0.037405
0.030000     0.032085
0.020000     0.025437
0.010000     0.016886
0.000000     0.003664
0.010000     -0.009019
0.020000     -0.011426
0.030000     -0.012571
0.040000     -0.012992
0.050000     -0.013051
0.060000     -0.012870
0.070000     -0.012466
0.080000     -0.011918
0.090000     -0.011334
0.100000     -0.010553
0.110000     -0.009751
0.120000     -0.008960
0.130000     -0.008032
0.140000     -0.007100
0.150000     -0.006169
0.160000     -0.005187
0.170000     -0.004210
0.180000     -0.003233
0.190000     -0.002246
0.200000     -0.001174
0.210000     -0.000200
0.220000     0.000773
0.230000     0.001763
0.240000     0.002840
0.250000     0.003841
0.260000     0.004762
0.270000     0.005684
0.280000     0.006698
0.290000     0.007715
0.300000     0.008661
0.310000     0.009512
0.320000     0.010409
0.330000     0.011344
0.340000     0.012279
0.350000     0.013201
0.360000     0.013942
0.370000     0.014761
0.380000     0.015583
0.390000     0.016405
0.400000     0.017227
0.410000     0.017968
0.420000     0.018664
0.430000     0.019360
0.440000     0.020057
0.450000     0.020753
0.460000     0.021478
0.470000     0.022081
0.480000     0.022628
0.490000     0.023176
0.500000     0.023724
0.510000     0.024305
0.520000     0.024922
0.530000     0.025322
0.540000     0.025710
0.550000     0.026098
0.560000     0.026529
0.570000     0.026987
0.580000     0.027410
0.590000     0.027615
0.600000     0.027820
0.610000     0.028078
0.620000     0.028351
0.630000     0.028624
0.640000     0.028788
0.650000     0.028806
0.660000     0.028894
0.670000     0.028981
0.680000     0.029068
0.690000     0.029155
0.700000     0.029027
0.710000     0.028903
0.720000     0.028778
0.730000     0.028654
0.740000     0.028532
0.750000     0.028316
0.760000     0.027972
0.770000     0.027629
0.780000     0.027286
0.790000     0.027007
0.800000     0.026543
0.810000     0.025939
0.820000     0.025335
0.830000     0.024814
0.840000     0.024297
0.850000     0.023417
0.860000     0.022571
0.870000     0.021783
0.880000     0.020995
0.890000     0.019841
0.900000     0.018724
0.910000     0.017608
0.920000     0.016382
0.930000     0.014840
0.940000     0.013298
0.950000     0.011729
0.960000     0.009601
0.970000     0.007726
0.980000     0.005265
0.990000     0.002817
1.000000     0.000000
