Airfoil_rR0.948867.txt
1.000000     0.000840
0.990000     0.003036
0.980000     0.005232
0.970000     0.007427
0.960000     0.009623
0.950000     0.011818
0.940000     0.013839
0.930000     0.015859
0.920000     0.017879
0.910000     0.019900
0.900000     0.021920
0.890000     0.023685
0.880000     0.025449
0.870000     0.027214
0.860000     0.028978
0.850000     0.030743
0.840000     0.032507
0.830000     0.034272
0.820000     0.036036
0.810000     0.037801
0.800000     0.039566
0.790000     0.041001
0.780000     0.042437
0.770000     0.043873
0.760000     0.045309
0.750000     0.046745
0.740000     0.048180
0.730000     0.049616
0.720000     0.051052
0.710000     0.052488
0.700000     0.053924
0.690000     0.055055
0.680000     0.056187
0.670000     0.057319
0.660000     0.058451
0.650000     0.059583
0.640000     0.060714
0.630000     0.061846
0.620000     0.062978
0.610000     0.064110
0.600000     0.065242
0.590000     0.066035
0.580000     0.066829
0.570000     0.067622
0.560000     0.068416
0.550000     0.069210
0.540000     0.070003
0.530000     0.070797
0.520000     0.071591
0.510000     0.072384
0.500000     0.073178
0.490000     0.073610
0.480000     0.074041
0.470000     0.074472
0.460000     0.074904
0.450000     0.075335
0.440000     0.075767
0.430000     0.076198
0.420000     0.076630
0.410000     0.077061
0.400000     0.077493
0.390000     0.077378
0.380000     0.077264
0.370000     0.077150
0.360000     0.077036
0.350000     0.076921
0.340000     0.076807
0.330000     0.076693
0.320000     0.076579
0.310000     0.076464
0.300000     0.076350
0.290000     0.075689
0.280000     0.075028
0.270000     0.074367
0.260000     0.073706
0.250000     0.073044
0.240000     0.071955
0.230000     0.070866
0.220000     0.069777
0.210000     0.068688
0.200000     0.067599
0.190000     0.066051
0.180000     0.064503
0.170000     0.062955
0.160000     0.061408
0.150000     0.059860
0.140000     0.057727
0.130000     0.055593
0.120000     0.053460
0.110000     0.051327
0.100000     0.049193
0.090000     0.046545
0.080000     0.043897
0.070000     0.040966
0.060000     0.037751
0.050000     0.034536
0.040000     0.030505
0.030000     0.026475
0.020000     0.021699
0.010000     0.014047
0.000000     0.000000
0.010000     -0.005967
0.020000     -0.009019
0.030000     -0.010475
0.040000     -0.011305
0.050000     -0.012136
0.060000     -0.012231
0.070000     -0.012326
0.080000     -0.012277
0.090000     -0.012085
0.100000     -0.011893
0.110000     -0.011467
0.120000     -0.011040
0.130000     -0.010613
0.140000     -0.010187
0.150000     -0.009760
0.160000     -0.009208
0.170000     -0.008655
0.180000     -0.008103
0.190000     -0.007551
0.200000     -0.006999
0.210000     -0.006388
0.220000     -0.005777
0.230000     -0.005166
0.240000     -0.004555
0.250000     -0.003944
0.260000     -0.003426
0.270000     -0.002907
0.280000     -0.002388
0.290000     -0.001869
0.300000     -0.001350
0.310000     -0.000964
0.320000     -0.000579
0.330000     -0.000193
0.340000     0.000193
0.350000     0.000579
0.360000     0.000964
0.370000     0.001350
0.380000     0.001736
0.390000     0.002122
0.400000     0.002507
0.410000     0.002729
0.420000     0.002950
0.430000     0.003172
0.440000     0.003393
0.450000     0.003615
0.460000     0.003836
0.470000     0.004058
0.480000     0.004279
0.490000     0.004500
0.500000     0.004722
0.510000     0.004866
0.520000     0.005009
0.530000     0.005153
0.540000     0.005297
0.550000     0.005440
0.560000     0.005584
0.570000     0.005728
0.580000     0.005871
0.590000     0.006015
0.600000     0.006158
0.610000     0.006190
0.620000     0.006222
0.630000     0.006254
0.640000     0.006286
0.650000     0.006317
0.660000     0.006349
0.670000     0.006381
0.680000     0.006413
0.690000     0.006445
0.700000     0.006476
0.710000     0.006372
0.720000     0.006268
0.730000     0.006164
0.740000     0.006060
0.750000     0.005955
0.760000     0.005851
0.770000     0.005747
0.780000     0.005643
0.790000     0.005539
0.800000     0.005434
0.810000     0.005189
0.820000     0.004944
0.830000     0.004698
0.840000     0.004453
0.850000     0.004207
0.860000     0.003962
0.870000     0.003716
0.880000     0.003471
0.890000     0.003225
0.900000     0.002980
0.910000     0.002640
0.920000     0.002301
0.930000     0.001961
0.940000     0.001621
0.950000     0.001282
0.960000     0.000857
0.970000     0.000433
0.980000     0.000008
0.990000     -0.000416
1.000000     -0.000840
