Airfoil_rR0.389517.txt
1.000000     0.000000
0.990000     0.005020
0.980000     0.010011
0.970000     0.014244
0.960000     0.018264
0.950000     0.021369
0.940000     0.024564
0.930000     0.027240
0.920000     0.029916
0.910000     0.032402
0.900000     0.034809
0.890000     0.037215
0.880000     0.039296
0.870000     0.041455
0.860000     0.043613
0.850000     0.045562
0.840000     0.047385
0.830000     0.049334
0.820000     0.051271
0.810000     0.052908
0.800000     0.054545
0.790000     0.056231
0.780000     0.057946
0.770000     0.059427
0.760000     0.060907
0.750000     0.062387
0.740000     0.063912
0.730000     0.065227
0.720000     0.066534
0.710000     0.067840
0.700000     0.069147
0.690000     0.070325
0.680000     0.071480
0.670000     0.072635
0.660000     0.073790
0.650000     0.074944
0.640000     0.075849
0.630000     0.076798
0.620000     0.077784
0.610000     0.078770
0.600000     0.079700
0.590000     0.080441
0.580000     0.081183
0.570000     0.082000
0.560000     0.082829
0.550000     0.083558
0.540000     0.084132
0.530000     0.084707
0.520000     0.085285
0.510000     0.085939
0.500000     0.086467
0.490000     0.086874
0.480000     0.087280
0.470000     0.087687
0.460000     0.088112
0.450000     0.088429
0.440000     0.088644
0.430000     0.088859
0.420000     0.089074
0.410000     0.089289
0.400000     0.089331
0.390000     0.089351
0.380000     0.089370
0.370000     0.089389
0.360000     0.089396
0.350000     0.089124
0.340000     0.088915
0.330000     0.088711
0.320000     0.088507
0.310000     0.088167
0.300000     0.087658
0.290000     0.087181
0.280000     0.086729
0.270000     0.086268
0.260000     0.085472
0.250000     0.084675
0.240000     0.083906
0.230000     0.083163
0.220000     0.082107
0.210000     0.080991
0.200000     0.079876
0.190000     0.078794
0.180000     0.077323
0.170000     0.075818
0.160000     0.074312
0.150000     0.072673
0.140000     0.070708
0.130000     0.068744
0.120000     0.066765
0.110000     0.064214
0.100000     0.061667
0.090000     0.059045
0.080000     0.055769
0.070000     0.052480
0.060000     0.048668
0.050000     0.044419
0.040000     0.039602
0.030000     0.034032
0.020000     0.027044
0.010000     0.018015
0.000000     0.003950
0.010000     -0.010149
0.020000     -0.013033
0.030000     -0.014517
0.040000     -0.015189
0.050000     -0.015451
0.060000     -0.015440
0.070000     -0.015179
0.080000     -0.014745
0.090000     -0.014274
0.100000     -0.013569
0.110000     -0.012840
0.120000     -0.012123
0.130000     -0.011239
0.140000     -0.010350
0.150000     -0.009462
0.160000     -0.008508
0.170000     -0.007553
0.180000     -0.006598
0.190000     -0.005631
0.200000     -0.004559
0.210000     -0.003592
0.220000     -0.002624
0.230000     -0.001637
0.240000     -0.000546
0.250000     0.000465
0.260000     0.001391
0.270000     0.002318
0.280000     0.003356
0.290000     0.004396
0.300000     0.005362
0.310000     0.006226
0.320000     0.007147
0.330000     0.008113
0.340000     0.009078
0.350000     0.010030
0.360000     0.010791
0.370000     0.011644
0.380000     0.012501
0.390000     0.013358
0.400000     0.014215
0.410000     0.014989
0.420000     0.015723
0.430000     0.016458
0.440000     0.017192
0.450000     0.017927
0.460000     0.018694
0.470000     0.019340
0.480000     0.019928
0.490000     0.020516
0.500000     0.021103
0.510000     0.021731
0.520000     0.022400
0.530000     0.022842
0.540000     0.023270
0.550000     0.023698
0.560000     0.024177
0.570000     0.024689
0.580000     0.025164
0.590000     0.025409
0.600000     0.025653
0.610000     0.025960
0.620000     0.026286
0.630000     0.026612
0.640000     0.026822
0.650000     0.026879
0.660000     0.027018
0.670000     0.027157
0.680000     0.027297
0.690000     0.027436
0.700000     0.027351
0.710000     0.027276
0.720000     0.027201
0.730000     0.027126
0.740000     0.027054
0.750000     0.026893
0.760000     0.026597
0.770000     0.026301
0.780000     0.026005
0.790000     0.025787
0.800000     0.025373
0.810000     0.024813
0.820000     0.024252
0.830000     0.023790
0.840000     0.023333
0.850000     0.022492
0.860000     0.021692
0.870000     0.020961
0.880000     0.020230
0.890000     0.019115
0.900000     0.018053
0.910000     0.016990
0.920000     0.015816
0.930000     0.014322
0.940000     0.012828
0.950000     0.011326
0.960000     0.009239
0.970000     0.007453
0.980000     0.005067
0.990000     0.002725
1.000000     0.000000
