Airfoil_rR0.229383.txt
1.000000     0.000000
0.990000     0.005399
0.980000     0.010827
0.970000     0.015365
0.960000     0.019754
0.950000     0.023026
0.940000     0.026502
0.930000     0.029373
0.920000     0.032244
0.910000     0.034946
0.900000     0.037575
0.890000     0.040203
0.880000     0.042444
0.870000     0.044838
0.860000     0.047233
0.850000     0.049371
0.840000     0.051356
0.830000     0.053551
0.820000     0.055731
0.810000     0.057546
0.800000     0.059361
0.790000     0.061257
0.780000     0.063220
0.770000     0.064896
0.760000     0.066571
0.750000     0.068247
0.740000     0.069996
0.730000     0.071517
0.720000     0.073027
0.710000     0.074537
0.700000     0.076047
0.690000     0.077406
0.680000     0.078775
0.670000     0.080143
0.660000     0.081511
0.650000     0.082880
0.640000     0.083943
0.630000     0.085083
0.620000     0.086286
0.610000     0.087489
0.600000     0.088623
0.590000     0.089527
0.580000     0.090431
0.570000     0.091461
0.560000     0.092512
0.550000     0.093440
0.540000     0.094180
0.530000     0.094920
0.520000     0.095667
0.510000     0.096540
0.500000     0.097259
0.490000     0.097829
0.480000     0.098400
0.470000     0.098970
0.460000     0.099573
0.450000     0.100068
0.440000     0.100440
0.430000     0.100812
0.420000     0.101183
0.410000     0.101555
0.400000     0.101732
0.390000     0.101896
0.380000     0.102061
0.370000     0.102225
0.360000     0.102374
0.350000     0.102182
0.340000     0.102096
0.330000     0.102017
0.320000     0.101939
0.310000     0.101695
0.300000     0.101244
0.290000     0.100848
0.280000     0.100494
0.270000     0.100128
0.260000     0.099353
0.250000     0.098578
0.240000     0.097848
0.230000     0.097163
0.220000     0.096096
0.210000     0.094956
0.200000     0.093815
0.190000     0.092732
0.180000     0.091178
0.170000     0.089582
0.160000     0.087985
0.150000     0.086233
0.140000     0.084091
0.130000     0.081948
0.120000     0.079789
0.110000     0.076935
0.100000     0.074088
0.090000     0.071150
0.080000     0.067410
0.070000     0.063651
0.060000     0.059252
0.050000     0.054303
0.040000     0.048648
0.030000     0.042047
0.020000     0.033660
0.010000     0.022665
0.000000     0.005127
0.010000     -0.014798
0.020000     -0.019649
0.030000     -0.022533
0.040000     -0.024234
0.050000     -0.025335
0.060000     -0.026024
0.070000     -0.026349
0.080000     -0.026387
0.090000     -0.026379
0.100000     -0.025990
0.110000     -0.025561
0.120000     -0.025147
0.130000     -0.024444
0.140000     -0.023733
0.150000     -0.023022
0.160000     -0.022181
0.170000     -0.021317
0.180000     -0.020453
0.190000     -0.019569
0.200000     -0.018499
0.210000     -0.017556
0.220000     -0.016613
0.230000     -0.015637
0.240000     -0.014488
0.250000     -0.013438
0.260000     -0.012490
0.270000     -0.011542
0.280000     -0.010409
0.290000     -0.009271
0.300000     -0.008225
0.310000     -0.007302
0.320000     -0.006285
0.330000     -0.005194
0.340000     -0.004102
0.350000     -0.003028
0.360000     -0.002187
0.370000     -0.001192
0.380000     -0.000190
0.390000     0.000812
0.400000     0.001814
0.410000     0.002722
0.420000     0.003613
0.430000     0.004505
0.440000     0.005396
0.450000     0.006287
0.460000     0.007234
0.470000     0.008057
0.480000     0.008808
0.490000     0.009560
0.500000     0.010312
0.510000     0.011130
0.520000     0.012018
0.530000     0.012628
0.540000     0.013222
0.550000     0.013815
0.560000     0.014494
0.570000     0.015228
0.580000     0.015916
0.590000     0.016323
0.600000     0.016730
0.610000     0.017242
0.620000     0.017784
0.630000     0.018326
0.640000     0.018728
0.650000     0.018944
0.660000     0.019297
0.670000     0.019649
0.680000     0.020002
0.690000     0.020355
0.700000     0.020451
0.710000     0.020580
0.720000     0.020708
0.730000     0.020836
0.740000     0.020969
0.750000     0.021033
0.760000     0.020932
0.770000     0.020832
0.780000     0.020732
0.790000     0.020761
0.800000     0.020557
0.810000     0.020174
0.820000     0.019791
0.830000     0.019573
0.840000     0.019362
0.850000     0.018683
0.860000     0.018073
0.870000     0.017578
0.880000     0.017083
0.890000     0.016127
0.900000     0.015286
0.910000     0.014446
0.920000     0.013488
0.930000     0.012189
0.940000     0.010890
0.950000     0.009668
0.960000     0.007749
0.970000     0.006332
0.980000     0.004251
0.990000     0.002346
1.000000     0.000000
