Airfoil_rR0.736483.txt
1.000000     0.000586
0.990000     0.004193
0.980000     0.007736
0.970000     0.010982
0.960000     0.014060
0.950000     0.016813
0.940000     0.019430
0.930000     0.021838
0.920000     0.024246
0.910000     0.026534
0.900000     0.028775
0.890000     0.030879
0.880000     0.032860
0.870000     0.034819
0.860000     0.036778
0.850000     0.038662
0.840000     0.040502
0.830000     0.042340
0.820000     0.044173
0.810000     0.045900
0.800000     0.047627
0.790000     0.049179
0.780000     0.050716
0.770000     0.052170
0.760000     0.053624
0.750000     0.055077
0.740000     0.056530
0.730000     0.057887
0.720000     0.059241
0.710000     0.060595
0.700000     0.061949
0.690000     0.063093
0.680000     0.064196
0.670000     0.065300
0.660000     0.066403
0.650000     0.067506
0.640000     0.068521
0.630000     0.069532
0.620000     0.070542
0.610000     0.071553
0.600000     0.072543
0.590000     0.073284
0.580000     0.074024
0.570000     0.074763
0.560000     0.075503
0.550000     0.076206
0.540000     0.076854
0.530000     0.077503
0.520000     0.078151
0.510000     0.078798
0.500000     0.079401
0.490000     0.079760
0.480000     0.080118
0.470000     0.080476
0.460000     0.080835
0.450000     0.081132
0.440000     0.081394
0.430000     0.081656
0.420000     0.081917
0.410000     0.082179
0.400000     0.082366
0.390000     0.082236
0.380000     0.082105
0.370000     0.081974
0.360000     0.081839
0.350000     0.081605
0.340000     0.081370
0.330000     0.081135
0.320000     0.080900
0.310000     0.080617
0.300000     0.080274
0.290000     0.079628
0.280000     0.078982
0.270000     0.078333
0.260000     0.077565
0.250000     0.076796
0.240000     0.075790
0.230000     0.074783
0.220000     0.073665
0.210000     0.072526
0.200000     0.071387
0.190000     0.069974
0.180000     0.068420
0.170000     0.066853
0.160000     0.065287
0.150000     0.063667
0.140000     0.061572
0.130000     0.059476
0.120000     0.057376
0.110000     0.055069
0.100000     0.052762
0.090000     0.050102
0.080000     0.047212
0.070000     0.044142
0.060000     0.040704
0.050000     0.037125
0.040000     0.032797
0.030000     0.028223
0.020000     0.022688
0.010000     0.014671
0.000000     0.001147
0.010000     -0.006706
0.020000     -0.009292
0.030000     -0.010334
0.040000     -0.010795
0.050000     -0.011195
0.060000     -0.011040
0.070000     -0.010846
0.080000     -0.010538
0.090000     -0.010100
0.100000     -0.009658
0.110000     -0.009020
0.120000     -0.008386
0.130000     -0.007764
0.140000     -0.007141
0.150000     -0.006519
0.160000     -0.005774
0.170000     -0.005047
0.180000     -0.004319
0.190000     -0.003592
0.200000     -0.002876
0.210000     -0.002109
0.220000     -0.001342
0.230000     -0.000576
0.240000     0.000189
0.250000     0.000926
0.260000     0.001629
0.270000     0.002333
0.280000     0.003035
0.290000     0.003737
0.300000     0.004413
0.310000     0.005039
0.320000     0.005665
0.330000     0.006290
0.340000     0.006915
0.350000     0.007535
0.360000     0.008087
0.370000     0.008638
0.380000     0.009189
0.390000     0.009740
0.400000     0.010291
0.410000     0.010774
0.420000     0.011218
0.430000     0.011662
0.440000     0.012105
0.450000     0.012549
0.460000     0.012993
0.470000     0.013372
0.480000     0.013731
0.490000     0.014089
0.500000     0.014448
0.510000     0.014804
0.520000     0.015159
0.530000     0.015433
0.540000     0.015702
0.550000     0.015971
0.560000     0.016240
0.570000     0.016508
0.580000     0.016762
0.590000     0.016935
0.600000     0.017108
0.610000     0.017255
0.620000     0.017402
0.630000     0.017548
0.640000     0.017654
0.650000     0.017704
0.660000     0.017753
0.670000     0.017802
0.680000     0.017850
0.690000     0.017899
0.700000     0.017855
0.710000     0.017754
0.720000     0.017653
0.730000     0.017552
0.740000     0.017451
0.750000     0.017286
0.760000     0.017073
0.770000     0.016860
0.780000     0.016646
0.790000     0.016432
0.800000     0.016144
0.810000     0.015759
0.820000     0.015375
0.830000     0.014990
0.840000     0.014604
0.850000     0.014083
0.860000     0.013560
0.870000     0.013036
0.880000     0.012513
0.890000     0.011845
0.900000     0.011155
0.910000     0.010440
0.920000     0.009669
0.930000     0.008744
0.940000     0.007819
0.950000     0.006820
0.960000     0.005570
0.970000     0.004316
0.980000     0.002792
0.990000     0.001182
1.000000     -0.000586
