  
       XFOIL         Version 6.99
  
 Calculated polar for: Airfoil_rR0.603040.txt                          
  
 1 1 Reynolds number fixed          Mach number fixed         
  
 xtrf =   1.000 (top)        1.000 (bottom)  
 Mach =   0.000     Re =     0.050 e 6     Ncrit =   9.000
  
   alpha    CL        CD       CDp       CM     Top_Xtr  Bot_Xtr
  ------ -------- --------- --------- -------- -------- --------
 -15.250  -0.3142   0.18579   0.17776  -0.0267   1.0000   0.0940
 -14.750  -0.3169   0.18285   0.17467  -0.0280   1.0000   0.0993
 -14.000  -0.4059   0.17574   0.16701  -0.0222   1.0000   0.0999
 -13.500  -0.3149   0.17098   0.16284  -0.0303   1.0000   0.1097
 -13.250  -0.3787   0.16438   0.15577  -0.0242   1.0000   0.1081
 -12.750  -0.3690   0.15856   0.15006  -0.0264   1.0000   0.1119
 -12.500  -0.3096   0.15925   0.15120  -0.0317   1.0000   0.1196
 -12.000  -0.3653   0.15242   0.14407  -0.0301   1.0000   0.1202
 -10.750  -0.3050   0.13806   0.13030  -0.0334   1.0000   0.1398
 -10.500  -0.2947   0.13331   0.12560  -0.0326   1.0000   0.1433
 -10.250  -0.2963   0.13067   0.12302  -0.0326   1.0000   0.1484
 -10.000  -0.3031   0.12832   0.12076  -0.0331   1.0000   0.1509
  -9.750  -0.2948   0.12431   0.11679  -0.0321   1.0000   0.1574
  -9.500  -0.3100   0.12313   0.11572  -0.0328   1.0000   0.1601
  -9.250  -0.2985   0.11840   0.11103  -0.0312   1.0000   0.1680
  -9.000  -0.3005   0.11520   0.10792  -0.0306   1.0000   0.1730
  -8.750  -0.3105   0.11328   0.10610  -0.0300   1.0000   0.1794
  -8.500  -0.3431   0.10900   0.10166  -0.0295   1.0000   0.1796
  -7.750  -0.3301   0.10233   0.09554  -0.0229   1.0000   0.2188
  -7.500  -0.3336   0.10043   0.09376  -0.0193   1.0000   0.2489
  -7.250  -0.3291   0.09764   0.09107  -0.0159   1.0000   0.2760
  -7.000  -0.3396   0.09569   0.08922  -0.0132   1.0000   0.2839
  -6.750  -0.3947   0.09376   0.08721  -0.0117   1.0000   0.2799
  -6.500  -0.3893   0.09069   0.08421  -0.0084   1.0000   0.2978
  -6.250  -0.3982   0.08861   0.08222  -0.0064   1.0000   0.3085
  -5.750  -0.4077   0.08373   0.07752  -0.0024   1.0000   0.3324
  -5.250  -0.4126   0.07884   0.07277   0.0018   1.0000   0.3635
  -4.000  -0.2799   0.04562   0.03757  -0.0510   1.0000   0.1964
  -3.750  -0.2422   0.04111   0.03233  -0.0562   1.0000   0.1877
  -3.500  -0.2111   0.03834   0.02909  -0.0587   1.0000   0.1863
  -3.250  -0.1807   0.03613   0.02638  -0.0608   1.0000   0.1878
  -3.000  -0.1521   0.03445   0.02431  -0.0622   1.0000   0.1917
  -2.750  -0.1260   0.03332   0.02293  -0.0630   1.0000   0.1988
  -2.500  -0.1023   0.03268   0.02220  -0.0635   1.0000   0.2119
  -2.250  -0.0792   0.03214   0.02161  -0.0638   1.0000   0.2276
  -2.000  -0.0547   0.03150   0.02090  -0.0643   1.0000   0.2439
  -1.750  -0.0303   0.03102   0.02040  -0.0647   1.0000   0.2657
  -1.500  -0.0071   0.03075   0.02019  -0.0651   1.0000   0.2972
  -1.250   0.0168   0.03060   0.02016  -0.0656   1.0000   0.3410
  -1.000   0.0421   0.03040   0.02021  -0.0662   1.0000   0.3993
  -0.750   0.0695   0.03000   0.02043  -0.0671   1.0000   0.4970
  -0.500   0.0812   0.02822   0.02052  -0.0630   0.9944   0.9418
  -0.250   0.1451   0.02951   0.02083  -0.0718   0.9778   1.0000
   0.000   0.1933   0.03058   0.02152  -0.0772   0.9625   1.0000
   0.250   0.2380   0.03158   0.02225  -0.0818   0.9489   1.0000
   0.500   0.2755   0.03245   0.02293  -0.0850   0.9343   1.0000
   0.750   0.3168   0.03335   0.02367  -0.0887   0.9212   1.0000
   1.000   0.3510   0.03419   0.02439  -0.0912   0.9075   1.0000
   1.250   0.3845   0.03501   0.02512  -0.0934   0.8938   1.0000
   1.500   0.4223   0.03581   0.02583  -0.0962   0.8811   1.0000
   1.750   0.4526   0.03664   0.02661  -0.0977   0.8675   1.0000
   2.000   0.4822   0.03748   0.02751  -0.0991   0.8540   1.0000
   2.250   0.5153   0.03829   0.02825  -0.1009   0.8417   1.0000
   2.500   0.5473   0.03907   0.02897  -0.1025   0.8290   1.0000
   2.750   0.5709   0.03997   0.02983  -0.1027   0.8144   1.0000
   3.000   0.6048   0.04059   0.03040  -0.1042   0.8014   1.0000
   3.250   0.6331   0.04135   0.03114  -0.1049   0.7880   1.0000
   3.500   0.6565   0.04234   0.03211  -0.1050   0.7745   1.0000
   3.750   0.6846   0.04320   0.03296  -0.1057   0.7625   1.0000
   4.000   0.7159   0.04387   0.03363  -0.1065   0.7508   1.0000
   4.250   0.7349   0.04506   0.03482  -0.1060   0.7374   1.0000
   4.500   0.7566   0.04610   0.03588  -0.1057   0.7242   1.0000
   4.750   0.7844   0.04682   0.03662  -0.1059   0.7121   1.0000
   5.000   0.8116   0.04759   0.03742  -0.1060   0.7009   1.0000
   5.250   0.8430   0.04803   0.03791  -0.1063   0.6899   1.0000
   5.500   0.8470   0.05020   0.04011  -0.1045   0.6751   1.0000
   5.750   0.8760   0.05062   0.04059  -0.1042   0.6625   1.0000
   6.000   0.9203   0.04958   0.03963  -0.1044   0.6504   1.0000
   6.250   0.9293   0.05120   0.04130  -0.1024   0.6339   1.0000
   6.500   0.9940   0.04777   0.03798  -0.1028   0.6210   1.0000
   6.750   1.0104   0.04843   0.03872  -0.1007   0.6043   1.0000
   7.000   1.0807   0.04440   0.03481  -0.1014   0.5910   1.0000
   7.250   1.1405   0.04059   0.03103  -0.1010   0.5711   1.0000
   7.500   1.1820   0.03817   0.02859  -0.0993   0.5464   1.0000
   7.750   1.2252   0.03579   0.02611  -0.0981   0.5202   1.0000
   8.000   1.2430   0.03562   0.02599  -0.0954   0.4957   1.0000
   9.750   1.1242   0.04993   0.03852  -0.0541   0.0914   1.0000
  10.000   1.1172   0.05369   0.04212  -0.0514   0.0784   1.0000
  10.500   1.2223   0.05868   0.04683  -0.0470   0.0589   1.0000
  10.750   1.2505   0.06265   0.05121  -0.0463   0.0581   1.0000
  11.000   1.2612   0.06656   0.05549  -0.0447   0.0579   1.0000
  11.500   1.2589   0.07462   0.06419  -0.0408   0.0584   1.0000
  12.000   1.2409   0.08318   0.07328  -0.0376   0.0591   1.0000
  12.250   1.2299   0.08780   0.07812  -0.0368   0.0595   1.0000
  12.500   1.2208   0.09274   0.08322  -0.0364   0.0600   1.0000
  12.750   1.1961   0.09741   0.08824  -0.0368   0.0605   1.0000
  13.000   1.0913   0.10529   0.09661  -0.0319   0.0608   1.0000
  13.250   1.0353   0.11363   0.10536  -0.0357   0.0618   1.0000
  13.750   0.8178   0.16781   0.15986  -0.0750   0.2238   1.0000
