  
       XFOIL         Version 6.99
  
 Calculated polar for: Airfoil_rR0.683107.txt                          
  
 1 1 Reynolds number fixed          Mach number fixed         
  
 xtrf =   1.000 (top)        1.000 (bottom)  
 Mach =   0.000     Re =     0.200 e 6     Ncrit =   9.000
  
   alpha    CL        CD       CDp       CM     Top_Xtr  Bot_Xtr
  ------ -------- --------- --------- -------- -------- --------
  -8.750  -0.3519   0.09791   0.09411  -0.0376   1.0000   0.0510
  -8.500  -0.3242   0.09650   0.09289  -0.0341   1.0000   0.0517
  -6.500  -0.3598   0.03924   0.03448  -0.0706   0.9813   0.0296
  -6.250  -0.3357   0.02633   0.02004  -0.0761   0.9771   0.0252
  -6.000  -0.3009   0.02078   0.01349  -0.0778   0.9745   0.0236
  -5.750  -0.2620   0.01867   0.01108  -0.0800   0.9717   0.0252
  -5.500  -0.2236   0.01728   0.00949  -0.0820   0.9680   0.0353
  -5.250  -0.1859   0.01707   0.00924  -0.0842   0.9627   0.0513
  -4.750  -0.1118   0.01697   0.00909  -0.0889   0.9526   0.0641
  -4.500  -0.0735   0.01681   0.00887  -0.0916   0.9486   0.0715
  -4.250  -0.0380   0.01689   0.00902  -0.0939   0.9427   0.0831
  -4.000   0.0038   0.01626   0.00837  -0.0970   0.9404   0.0883
  -3.750   0.0353   0.01560   0.00777  -0.0981   0.9338   0.0935
  -3.500   0.0735   0.01500   0.00721  -0.1005   0.9307   0.1025
  -3.250   0.1039   0.01453   0.00681  -0.1012   0.9236   0.1142
  -3.000   0.1405   0.01393   0.00628  -0.1032   0.9201   0.1314
  -2.750   0.1690   0.01348   0.00596  -0.1036   0.9121   0.1514
  -2.500   0.1983   0.01308   0.00569  -0.1041   0.9046   0.1809
  -2.250   0.2294   0.01268   0.00545  -0.1049   0.8982   0.2179
  -2.000   0.2595   0.01229   0.00521  -0.1055   0.8912   0.2622
  -1.750   0.2874   0.01191   0.00502  -0.1057   0.8824   0.3124
  -1.500   0.3148   0.01148   0.00486  -0.1057   0.8734   0.3800
  -1.250   0.3406   0.01093   0.00474  -0.1055   0.8640   0.4962
  -1.000   0.3608   0.01016   0.00475  -0.1036   0.8542   0.7186
  -0.750   0.4038   0.00958   0.00459  -0.1059   0.8458   1.0000
  -0.500   0.4302   0.00957   0.00446  -0.1056   0.8343   1.0000
  -0.250   0.4565   0.00957   0.00435  -0.1053   0.8227   1.0000
   0.000   0.4830   0.00958   0.00424  -0.1051   0.8110   1.0000
   0.250   0.5088   0.00960   0.00418  -0.1048   0.7980   1.0000
   0.500   0.5356   0.00961   0.00409  -0.1046   0.7861   1.0000
   0.750   0.5623   0.00967   0.00404  -0.1044   0.7733   1.0000
   1.000   0.5890   0.00975   0.00402  -0.1042   0.7603   1.0000
   1.250   0.6147   0.00987   0.00404  -0.1039   0.7455   1.0000
   1.500   0.6407   0.00998   0.00402  -0.1035   0.7307   1.0000
   1.750   0.6658   0.01008   0.00404  -0.1030   0.7135   1.0000
   2.000   0.6909   0.01017   0.00401  -0.1025   0.6950   1.0000
   2.250   0.7159   0.01028   0.00395  -0.1019   0.6755   1.0000
   2.500   0.7402   0.01045   0.00395  -0.1012   0.6534   1.0000
   2.750   0.7643   0.01063   0.00398  -0.1005   0.6307   1.0000
   3.000   0.7884   0.01079   0.00403  -0.0998   0.6074   1.0000
   3.250   0.8126   0.01097   0.00406  -0.0992   0.5866   1.0000
   3.500   0.8370   0.01121   0.00415  -0.0987   0.5691   1.0000
   3.750   0.8616   0.01145   0.00430  -0.0982   0.5524   1.0000
   4.000   0.8862   0.01169   0.00446  -0.0978   0.5358   1.0000
   4.250   0.9108   0.01192   0.00461  -0.0973   0.5195   1.0000
   4.500   0.9354   0.01211   0.00478  -0.0969   0.5010   1.0000
   4.750   0.9594   0.01236   0.00492  -0.0963   0.4856   1.0000
   5.000   0.9832   0.01266   0.00511  -0.0957   0.4711   1.0000
   5.250   1.0072   0.01295   0.00534  -0.0952   0.4559   1.0000
   5.500   1.0307   0.01325   0.00558  -0.0946   0.4395   1.0000
   5.750   1.0544   0.01352   0.00582  -0.0940   0.4204   1.0000
   6.000   1.0734   0.01395   0.00600  -0.0926   0.3785   1.0000
   6.250   1.0890   0.01475   0.00643  -0.0908   0.3248   1.0000
   6.500   1.0989   0.01603   0.00703  -0.0883   0.2203   1.0000
   6.750   1.1131   0.01714   0.00775  -0.0865   0.1490   1.0000
   7.000   1.1270   0.01826   0.00853  -0.0847   0.1157   1.0000
   7.250   1.1434   0.01912   0.00917  -0.0832   0.0839   1.0000
   7.500   1.1598   0.01994   0.00980  -0.0817   0.0669   1.0000
   7.750   1.1779   0.02059   0.01035  -0.0804   0.0582   1.0000
   8.000   1.1963   0.02118   0.01079  -0.0792   0.0474   1.0000
   8.250   1.2128   0.02189   0.01129  -0.0777   0.0396   1.0000
   9.750   1.2947   0.04500   0.03648  -0.0608   0.0306   1.0000
  10.000   1.3015   0.04703   0.03915  -0.0564   0.0336   1.0000
  10.250   1.3072   0.05303   0.04571  -0.0533   0.0378   1.0000
