  
       XFOIL         Version 6.99
  
 Calculated polar for: Airfoil_rR0.763173.txt                          
  
 1 1 Reynolds number fixed          Mach number fixed         
  
 xtrf =   1.000 (top)        1.000 (bottom)  
 Mach =   0.000     Re =     0.100 e 6     Ncrit =   9.000
  
   alpha    CL        CD       CDp       CM     Top_Xtr  Bot_Xtr
  ------ -------- --------- --------- -------- -------- --------
 -14.750  -0.4469   0.18113   0.17480  -0.0087   1.0000   0.0488
 -13.750  -0.4149   0.16824   0.16203  -0.0139   1.0000   0.0551
 -11.500  -0.3122   0.14192   0.13619  -0.0302   1.0000   0.0691
 -10.500  -0.3447   0.12675   0.12096  -0.0305   1.0000   0.0715
  -9.250  -0.3054   0.11245   0.10712  -0.0352   1.0000   0.0812
  -7.750  -0.3799   0.09757   0.09256  -0.0311   1.0000   0.0900
  -7.000  -0.3877   0.08867   0.08387  -0.0246   1.0000   0.0929
  -6.750  -0.3756   0.08789   0.08334  -0.0208   1.0000   0.0954
  -6.500  -0.4012   0.08363   0.07896  -0.0232   1.0000   0.0960
  -5.500  -0.3899   0.05612   0.05087  -0.0436   1.0000   0.0613
  -5.250  -0.3629   0.04132   0.03515  -0.0511   1.0000   0.0437
  -5.000  -0.3172   0.02947   0.02120  -0.0569   1.0000   0.0403
  -4.750  -0.2864   0.02587   0.01718  -0.0581   1.0000   0.0457
  -4.500  -0.2568   0.02421   0.01506  -0.0583   1.0000   0.0708
  -4.250  -0.2378   0.02463   0.01560  -0.0580   1.0000   0.0841
  -4.000  -0.2043   0.02483   0.01576  -0.0604   0.9961   0.0962
  -3.750  -0.1613   0.02597   0.01696  -0.0652   0.9891   0.1209
  -3.500  -0.1199   0.02491   0.01582  -0.0685   0.9828   0.1252
  -3.250  -0.0769   0.02392   0.01459  -0.0720   0.9768   0.1317
  -3.000  -0.0322   0.02314   0.01377  -0.0758   0.9707   0.1416
  -2.500   0.0493   0.02198   0.01278  -0.0821   0.9542   0.1779
  -2.250   0.0900   0.02154   0.01249  -0.0852   0.9460   0.2098
  -2.000   0.1335   0.02094   0.01217  -0.0888   0.9395   0.2532
  -1.750   0.1711   0.02035   0.01188  -0.0913   0.9311   0.3107
  -1.500   0.2068   0.01969   0.01170  -0.0934   0.9224   0.4011
  -1.250   0.2360   0.01827   0.01173  -0.0932   0.9150   0.7288
  -0.750   0.3166   0.01776   0.01113  -0.0977   0.8972   1.0000
  -0.500   0.3599   0.01761   0.01082  -0.1008   0.8904   1.0000
  -0.250   0.3953   0.01753   0.01062  -0.1024   0.8809   1.0000
   0.000   0.4296   0.01744   0.01043  -0.1036   0.8714   1.0000
   0.250   0.4629   0.01735   0.01026  -0.1047   0.8617   1.0000
   0.500   0.4954   0.01726   0.01009  -0.1055   0.8519   1.0000
   0.750   0.5272   0.01715   0.00993  -0.1061   0.8417   1.0000
   1.000   0.5582   0.01705   0.00979  -0.1065   0.8314   1.0000
   1.250   0.5887   0.01695   0.00966  -0.1068   0.8208   1.0000
   1.500   0.6185   0.01688   0.00951  -0.1070   0.8101   1.0000
   1.750   0.6441   0.01695   0.00953  -0.1065   0.7970   1.0000
   2.000   0.6735   0.01687   0.00938  -0.1065   0.7857   1.0000
   2.250   0.7023   0.01681   0.00924  -0.1064   0.7738   1.0000
   2.500   0.7313   0.01676   0.00912  -0.1063   0.7618   1.0000
   2.750   0.7602   0.01677   0.00904  -0.1062   0.7500   1.0000
   3.000   0.7847   0.01699   0.00923  -0.1055   0.7353   1.0000
   3.250   0.8119   0.01706   0.00923  -0.1052   0.7219   1.0000
   3.500   0.8370   0.01713   0.00923  -0.1043   0.7056   1.0000
   3.750   0.8649   0.01697   0.00894  -0.1037   0.6897   1.0000
   4.000   0.8902   0.01694   0.00880  -0.1027   0.6708   1.0000
   4.250   0.9147   0.01698   0.00874  -0.1016   0.6513   1.0000
   4.500   0.9387   0.01710   0.00876  -0.1006   0.6320   1.0000
   4.750   0.9621   0.01723   0.00884  -0.0996   0.6130   1.0000
   5.000   0.9855   0.01732   0.00886  -0.0985   0.5937   1.0000
   5.250   1.0094   0.01745   0.00888  -0.0975   0.5749   1.0000
   5.500   1.0329   0.01767   0.00902  -0.0966   0.5563   1.0000
   5.750   1.0562   0.01793   0.00922  -0.0956   0.5386   1.0000
   6.000   1.0787   0.01820   0.00948  -0.0946   0.5209   1.0000
   6.250   1.1002   0.01846   0.00978  -0.0935   0.5021   1.0000
   6.500   1.1223   0.01869   0.00996  -0.0924   0.4838   1.0000
   6.750   1.1380   0.01894   0.01000  -0.0900   0.4460   1.0000
   7.000   1.1487   0.01933   0.01009  -0.0870   0.3866   1.0000
   7.250   1.1606   0.02013   0.01049  -0.0845   0.3362   1.0000
   7.500   1.1754   0.02089   0.01101  -0.0826   0.2804   1.0000
   7.750   1.1847   0.02213   0.01175  -0.0800   0.2160   1.0000
   8.250   1.2023   0.02498   0.01376  -0.0753   0.1242   1.0000
  10.250   1.2559   0.06465   0.05667  -0.0457   0.0544   1.0000
  11.250   1.1905   0.08098   0.07416  -0.0334   0.0626   1.0000
  12.000   1.1223   0.09471   0.08846  -0.0339   0.0627   1.0000
