  
       XFOIL         Version 6.99
  
 Calculated polar for: Airfoil_rR0.843240.txt                          
  
 1 1 Reynolds number fixed          Mach number fixed         
  
 xtrf =   1.000 (top)        1.000 (bottom)  
 Mach =   0.000     Re =     0.200 e 6     Ncrit =   9.000
  
   alpha    CL        CD       CDp       CM     Top_Xtr  Bot_Xtr
  ------ -------- --------- --------- -------- -------- --------
  -9.750  -0.2970   0.11410   0.11017  -0.0342   1.0000   0.0487
  -9.500  -0.3283   0.10958   0.10555  -0.0334   1.0000   0.0487
  -8.500  -0.3174   0.09816   0.09449  -0.0343   1.0000   0.0515
  -8.250  -0.3202   0.09558   0.09198  -0.0324   1.0000   0.0520
  -6.000  -0.3032   0.05619   0.05242  -0.0643   0.9800   0.0620
  -5.750  -0.2741   0.02566   0.01933  -0.0783   0.9739   0.0266
  -5.500  -0.2359   0.02003   0.01266  -0.0803   0.9722   0.0243
  -5.250  -0.1946   0.01780   0.01012  -0.0827   0.9702   0.0258
  -4.750  -0.1181   0.01635   0.00851  -0.0870   0.9608   0.0560
  -4.500  -0.0846   0.01628   0.00839  -0.0886   0.9544   0.0631
  -4.250  -0.0445   0.01607   0.00814  -0.0916   0.9509   0.0698
  -4.000  -0.0108   0.01613   0.00827  -0.0935   0.9443   0.0829
  -3.750   0.0297   0.01570   0.00784  -0.0966   0.9412   0.0918
  -3.500   0.0633   0.01518   0.00737  -0.0981   0.9355   0.0990
  -3.250   0.1005   0.01464   0.00686  -0.1002   0.9316   0.1103
  -3.000   0.1321   0.01409   0.00644  -0.1014   0.9252   0.1242
  -2.750   0.1675   0.01351   0.00598  -0.1032   0.9208   0.1446
  -2.500   0.1969   0.01311   0.00571  -0.1038   0.9132   0.1723
  -2.250   0.2271   0.01271   0.00548  -0.1045   0.9062   0.2088
  -2.000   0.2589   0.01230   0.00523  -0.1055   0.9002   0.2552
  -1.750   0.2871   0.01190   0.00503  -0.1058   0.8917   0.3078
  -1.250   0.3405   0.01080   0.00474  -0.1057   0.8739   0.5164
  -1.000   0.3593   0.00995   0.00474  -0.1033   0.8645   0.7689
  -0.750   0.4023   0.00951   0.00453  -0.1059   0.8563   1.0000
  -0.500   0.4290   0.00950   0.00439  -0.1057   0.8451   1.0000
  -0.250   0.4555   0.00949   0.00428  -0.1054   0.8335   1.0000
   0.000   0.4820   0.00950   0.00418  -0.1052   0.8219   1.0000
   0.250   0.5086   0.00951   0.00409  -0.1050   0.8101   1.0000
   0.500   0.5341   0.00954   0.00405  -0.1047   0.7962   1.0000
   0.750   0.5610   0.00956   0.00397  -0.1045   0.7840   1.0000
   1.000   0.5878   0.00962   0.00394  -0.1043   0.7711   1.0000
   1.250   0.6139   0.00972   0.00393  -0.1041   0.7567   1.0000
   1.500   0.6399   0.00984   0.00393  -0.1038   0.7417   1.0000
   1.750   0.6653   0.00995   0.00394  -0.1033   0.7250   1.0000
   2.000   0.6903   0.01004   0.00393  -0.1028   0.7057   1.0000
   2.500   0.7394   0.01029   0.00382  -0.1014   0.6611   1.0000
   2.750   0.7634   0.01047   0.00385  -0.1007   0.6368   1.0000
   3.000   0.7875   0.01064   0.00391  -0.1000   0.6132   1.0000
   3.250   0.8118   0.01082   0.00395  -0.0995   0.5915   1.0000
   3.500   0.8365   0.01104   0.00404  -0.0990   0.5741   1.0000
   3.750   0.8610   0.01130   0.00418  -0.0985   0.5569   1.0000
   4.000   0.8856   0.01156   0.00433  -0.0981   0.5399   1.0000
   4.250   0.9102   0.01178   0.00450  -0.0976   0.5224   1.0000
   4.500   0.9349   0.01197   0.00467  -0.0972   0.5037   1.0000
   4.750   0.9589   0.01223   0.00481  -0.0967   0.4873   1.0000
   5.000   0.9827   0.01252   0.00501  -0.0961   0.4715   1.0000
   5.250   1.0065   0.01283   0.00524  -0.0955   0.4542   1.0000
   5.500   1.0301   0.01313   0.00549  -0.0950   0.4359   1.0000
   5.750   1.0526   0.01341   0.00569  -0.0942   0.3977   1.0000
   6.000   1.0669   0.01426   0.00603  -0.0921   0.3433   1.0000
   6.250   1.0784   0.01546   0.00656  -0.0898   0.2340   1.0000
   6.500   1.0916   0.01673   0.00733  -0.0879   0.1584   1.0000
   6.750   1.1067   0.01781   0.00807  -0.0863   0.1142   1.0000
   7.000   1.1237   0.01869   0.00871  -0.0849   0.0800   1.0000
   7.250   1.1414   0.01948   0.00931  -0.0836   0.0649   1.0000
   7.500   1.1613   0.02003   0.00977  -0.0826   0.0549   1.0000
   7.750   1.1792   0.02072   0.01022  -0.0813   0.0445   1.0000
   8.000   1.1990   0.02125   0.01068  -0.0802   0.0362   1.0000
   8.250   1.1822   0.01726   0.00698  -0.0732   0.0299   1.0000
