  
       XFOIL         Version 6.99
  
 Calculated polar for: Airfoil_rR0.496280.txt                          
  
 1 1 Reynolds number fixed          Mach number fixed         
  
 xtrf =   1.000 (top)        1.000 (bottom)  
 Mach =   0.000     Re =     0.050 e 6     Ncrit =   9.000
  
   alpha    CL        CD       CDp       CM     Top_Xtr  Bot_Xtr
  ------ -------- --------- --------- -------- -------- --------
 -18.750  -0.5135   0.22655   0.21712  -0.0060   1.0000   0.0697
 -17.750  -0.4763   0.21289   0.20357  -0.0109   1.0000   0.0739
 -15.750  -0.3161   0.19522   0.18706  -0.0317   1.0000   0.0902
 -15.250  -0.2971   0.18587   0.17779  -0.0311   1.0000   0.0948
 -15.000  -0.2968   0.18397   0.17591  -0.0315   1.0000   0.0974
 -14.750  -0.3008   0.18295   0.17489  -0.0322   1.0000   0.0993
 -14.250  -0.2960   0.17691   0.16893  -0.0325   1.0000   0.1026
 -14.000  -0.3810   0.17480   0.16621  -0.0296   1.0000   0.1000
 -13.750  -0.3653   0.16868   0.16016  -0.0290   1.0000   0.1025
 -13.250  -0.2983   0.16595   0.15787  -0.0333   1.0000   0.1187
 -13.000  -0.3644   0.16357   0.15527  -0.0325   1.0000   0.1101
 -12.500  -0.3001   0.15747   0.14947  -0.0339   1.0000   0.1292
 -12.250  -0.2949   0.15331   0.14535  -0.0334   1.0000   0.1337
 -12.000  -0.3013   0.15140   0.14347  -0.0339   1.0000   0.1394
 -11.750  -0.2957   0.14733   0.13944  -0.0332   1.0000   0.1476
 -10.500  -0.3365   0.13234   0.12445  -0.0313   1.0000   0.1900
 -10.250  -0.3048   0.13290   0.12537  -0.0309   1.0000   0.2000
 -10.000  -0.3226   0.12555   0.11777  -0.0298   1.0000   0.2023
  -9.750  -0.3028   0.12744   0.12003  -0.0295   1.0000   0.2099
  -9.500  -0.2896   0.12334   0.11597  -0.0283   1.0000   0.2146
  -9.250  -0.3213   0.11840   0.11082  -0.0279   1.0000   0.2183
  -9.000  -0.3231   0.11594   0.10845  -0.0271   1.0000   0.2222
  -8.750  -0.3247   0.11385   0.10644  -0.0260   1.0000   0.2285
  -8.500  -0.3256   0.11130   0.10397  -0.0249   1.0000   0.2327
  -8.000  -0.3048   0.10950   0.10260  -0.0211   1.0000   0.2464
  -7.750  -0.3524   0.10645   0.09943  -0.0198   1.0000   0.2498
  -7.500  -0.3420   0.10303   0.09605  -0.0180   1.0000   0.2564
  -6.500  -0.3913   0.09666   0.09014  -0.0080   1.0000   0.2812
  -6.250  -0.4032   0.09502   0.08859  -0.0066   1.0000   0.2899
  -6.000  -0.4032   0.09248   0.08612  -0.0045   1.0000   0.2991
  -5.750  -0.4073   0.09016   0.08388  -0.0028   1.0000   0.3089
  -5.500  -0.4160   0.08807   0.08187  -0.0023   1.0000   0.3199
  -3.750  -0.2625   0.04726   0.03919  -0.0572   1.0000   0.1859
  -3.500  -0.2204   0.04247   0.03358  -0.0637   1.0000   0.1787
  -3.250  -0.1884   0.03988   0.03052  -0.0666   1.0000   0.1785
  -3.000  -0.1569   0.03778   0.02794  -0.0690   1.0000   0.1808
  -2.750  -0.1314   0.03663   0.02665  -0.0699   1.0000   0.1857
  -2.500  -0.1039   0.03551   0.02527  -0.0711   1.0000   0.1932
  -2.250  -0.0799   0.03504   0.02470  -0.0718   1.0000   0.2078
  -2.000  -0.0571   0.03468   0.02435  -0.0723   1.0000   0.2255
  -1.750  -0.0321   0.03420   0.02380  -0.0730   1.0000   0.2450
  -1.500  -0.0071   0.03390   0.02348  -0.0737   1.0000   0.2713
  -1.250   0.0157   0.03385   0.02358  -0.0742   1.0000   0.3045
  -1.000   0.0393   0.03392   0.02379  -0.0747   1.0000   0.3480
  -0.750   0.0816   0.03402   0.02415  -0.0785   0.9938   0.4204
  -0.500   0.1393   0.03379   0.02476  -0.0842   0.9817   0.5663
  -0.250   0.1553   0.03228   0.02463  -0.0805   0.9666   1.0000
   0.000   0.2108   0.03338   0.02491  -0.0876   0.9519   1.0000
   0.250   0.2537   0.03434   0.02552  -0.0917   0.9381   1.0000
   0.500   0.2911   0.03523   0.02616  -0.0948   0.9240   1.0000
   0.750   0.3321   0.03612   0.02685  -0.0984   0.9111   1.0000
   1.000   0.3656   0.03697   0.02755  -0.1006   0.8974   1.0000
   1.250   0.3994   0.03780   0.02826  -0.1028   0.8837   1.0000
   1.500   0.4374   0.03859   0.02894  -0.1055   0.8710   1.0000
   1.750   0.4666   0.03945   0.02973  -0.1068   0.8573   1.0000
   2.000   0.4966   0.04030   0.03065  -0.1081   0.8437   1.0000
   2.250   0.5328   0.04099   0.03124  -0.1102   0.8310   1.0000
   2.500   0.5584   0.04185   0.03203  -0.1107   0.8164   1.0000
   2.750   0.5899   0.04252   0.03263  -0.1118   0.8026   1.0000
   3.000   0.6277   0.04297   0.03301  -0.1136   0.7903   1.0000
   3.250   0.6466   0.04409   0.03409  -0.1132   0.7756   1.0000
   3.500   0.6757   0.04486   0.03483  -0.1139   0.7628   1.0000
   3.750   0.7084   0.04544   0.03538  -0.1148   0.7509   1.0000
   4.000   0.7284   0.04655   0.03647  -0.1143   0.7370   1.0000
   4.250   0.7536   0.04736   0.03728  -0.1143   0.7235   1.0000
   4.500   0.7852   0.04780   0.03771  -0.1147   0.7114   1.0000
   4.750   0.8160   0.04828   0.03820  -0.1150   0.7002   1.0000
   5.000   0.8251   0.05018   0.04011  -0.1137   0.6863   1.0000
   5.250   0.8476   0.05117   0.04113  -0.1132   0.6738   1.0000
   5.500   0.8796   0.05135   0.04134  -0.1132   0.6618   1.0000
   5.750   0.9188   0.05077   0.04080  -0.1132   0.6503   1.0000
   6.000   0.9236   0.05290   0.04297  -0.1113   0.6342   1.0000
   6.250   0.9615   0.05214   0.04227  -0.1108   0.6220   1.0000
   6.500   1.0200   0.04924   0.03943  -0.1111   0.6105   1.0000
   6.750   1.0312   0.05042   0.04066  -0.1088   0.5939   1.0000
   7.000   1.1038   0.04645   0.03677  -0.1103   0.5817   1.0000
   7.250   1.1366   0.04599   0.03638  -0.1095   0.5671   1.0000
   7.500   1.1759   0.04505   0.03551  -0.1092   0.5523   1.0000
   7.750   1.2079   0.04458   0.03510  -0.1082   0.5355   1.0000
   8.000   1.2779   0.03282   0.02318  -0.1020   0.4584   1.0000
   8.250   1.2859   0.03308   0.02343  -0.0981   0.4322   1.0000
   8.500   1.2891   0.03370   0.02412  -0.0940   0.4069   1.0000
   8.750   1.2932   0.03412   0.02447  -0.0897   0.3808   1.0000
   9.000   1.2920   0.03502   0.02532  -0.0852   0.3541   1.0000
   9.500   1.2836   0.03786   0.02825  -0.0770   0.2946   1.0000
   9.750   1.2762   0.03973   0.02991  -0.0733   0.2592   1.0000
  10.000   1.2657   0.04227   0.03219  -0.0700   0.2186   1.0000
  10.250   1.2545   0.04538   0.03503  -0.0673   0.1783   1.0000
  10.500   1.2411   0.04911   0.03851  -0.0652   0.1401   1.0000
  10.750   1.2260   0.05339   0.04260  -0.0635   0.1120   1.0000
  11.000   1.2120   0.05787   0.04693  -0.0623   0.0906   1.0000
  11.500   1.1889   0.06681   0.05574  -0.0609   0.0712   1.0000
  11.750   1.1811   0.07098   0.05993  -0.0604   0.0661   1.0000
  12.000   1.1752   0.07497   0.06392  -0.0601   0.0622   1.0000
  12.250   1.1705   0.07879   0.06772  -0.0597   0.0592   1.0000
  12.500   1.1726   0.08181   0.07091  -0.0588   0.0560   1.0000
  12.750   1.1755   0.08473   0.07391  -0.0580   0.0534   1.0000
  13.000   1.1797   0.08744   0.07663  -0.0572   0.0514   1.0000
  13.250   1.1852   0.08989   0.07913  -0.0565   0.0499   1.0000
  13.500   1.2002   0.09145   0.08090  -0.0544   0.0486   1.0000
  13.750   1.2163   0.09331   0.08302  -0.0523   0.0477   1.0000
  14.000   1.2258   0.09640   0.08639  -0.0513   0.0472   1.0000
  14.250   1.2262   0.10077   0.09105  -0.0515   0.0472   1.0000
  15.250   1.1780   0.12666   0.11803  -0.0633   0.0485   1.0000
  16.750   1.0593   0.20112   0.19310  -0.1145   0.0655   1.0000
