  
       XFOIL         Version 6.99
  
 Calculated polar for: Airfoil_rR0.789867.txt                          
  
 1 1 Reynolds number fixed          Mach number fixed         
  
 xtrf =   1.000 (top)        1.000 (bottom)  
 Mach =   0.000     Re =     0.050 e 6     Ncrit =   9.000
  
   alpha    CL        CD       CDp       CM     Top_Xtr  Bot_Xtr
  ------ -------- --------- --------- -------- -------- --------
 -19.000  -0.6023   0.23541   0.22618   0.0196   1.0000   0.0596
 -18.750  -0.5996   0.23734   0.22813   0.0164   1.0000   0.0602
 -18.250  -0.5730   0.22502   0.21585   0.0150   1.0000   0.0647
 -17.250  -0.5378   0.21413   0.20509   0.0079   1.0000   0.0735
 -15.750  -0.4856   0.19679   0.18798  -0.0017   1.0000   0.0842
 -15.250  -0.4701   0.19152   0.18282  -0.0050   1.0000   0.0885
 -13.500  -0.3276   0.17105   0.16293  -0.0235   1.0000   0.1074
 -13.250  -0.3319   0.16973   0.16162  -0.0244   1.0000   0.1095
 -11.250  -0.3237   0.14665   0.13874  -0.0290   1.0000   0.1300
 -10.750  -0.3075   0.13809   0.13027  -0.0287   1.0000   0.1376
 -10.250  -0.3043   0.13167   0.12396  -0.0296   1.0000   0.1430
 -10.000  -0.3018   0.12857   0.12091  -0.0297   1.0000   0.1474
  -9.750  -0.3129   0.12734   0.11976  -0.0311   1.0000   0.1501
  -9.500  -0.3480   0.12306   0.11530  -0.0302   1.0000   0.1502
  -9.250  -0.3020   0.11976   0.11231  -0.0304   1.0000   0.1588
  -9.000  -0.3360   0.11559   0.10797  -0.0296   1.0000   0.1594
  -8.750  -0.2988   0.11324   0.10594  -0.0296   1.0000   0.1669
  -8.500  -0.3154   0.11229   0.10512  -0.0301   1.0000   0.1701
  -8.000  -0.3333   0.10346   0.09619  -0.0274   1.0000   0.1762
  -7.750  -0.3129   0.10231   0.09542  -0.0265   1.0000   0.1831
  -7.500  -0.3455   0.09872   0.09169  -0.0250   1.0000   0.1841
  -6.750  -0.3622   0.09484   0.08844  -0.0194   1.0000   0.1998
  -6.500  -0.3594   0.09113   0.08482  -0.0169   1.0000   0.2042
  -6.250  -0.3867   0.08736   0.08088  -0.0186   1.0000   0.2080
  -6.000  -0.3915   0.08442   0.07803  -0.0182   1.0000   0.2127
  -5.250  -0.3652   0.06093   0.05382  -0.0417   1.0000   0.0971
  -5.000  -0.3424   0.05189   0.04419  -0.0480   1.0000   0.0878
  -4.750  -0.3106   0.04277   0.03394  -0.0538   1.0000   0.0897
  -4.500  -0.2867   0.03942   0.03036  -0.0543   1.0000   0.1125
  -4.250  -0.2848   0.04313   0.03489  -0.0499   1.0000   0.1667
  -4.000  -0.2688   0.04240   0.03418  -0.0490   1.0000   0.1980
  -3.750  -0.2325   0.03805   0.02906  -0.0528   1.0000   0.1919
  -3.500  -0.2018   0.03542   0.02593  -0.0547   1.0000   0.1926
  -3.250  -0.1734   0.03352   0.02364  -0.0559   1.0000   0.1963
  -3.000  -0.1453   0.03194   0.02167  -0.0569   1.0000   0.2022
  -2.750  -0.1215   0.03112   0.02074  -0.0573   1.0000   0.2150
  -2.500  -0.0960   0.03030   0.01966  -0.0579   1.0000   0.2303
  -2.250  -0.0723   0.02953   0.01887  -0.0581   1.0000   0.2436
  -2.000  -0.0476   0.02888   0.01811  -0.0584   1.0000   0.2620
  -1.750  -0.0245   0.02848   0.01772  -0.0587   1.0000   0.2897
  -1.500  -0.0010   0.02815   0.01753  -0.0589   1.0000   0.3268
  -1.250   0.0242   0.02779   0.01735  -0.0595   1.0000   0.3783
  -1.000   0.0517   0.02717   0.01726  -0.0604   1.0000   0.4662
  -0.750   0.0618   0.02514   0.01727  -0.0560   1.0000   0.8926
  -0.500   0.0788   0.02576   0.01718  -0.0563   1.0000   1.0000
  -0.250   0.1221   0.02689   0.01785  -0.0611   0.9912   1.0000
   0.000   0.1739   0.02804   0.01866  -0.0674   0.9755   1.0000
   0.250   0.2220   0.02909   0.01947  -0.0728   0.9613   1.0000
   0.500   0.2623   0.03001   0.02022  -0.0767   0.9470   1.0000
   0.750   0.3027   0.03090   0.02096  -0.0805   0.9328   1.0000
   1.000   0.3453   0.03177   0.02173  -0.0845   0.9200   1.0000
   1.250   0.3746   0.03258   0.02247  -0.0862   0.9052   1.0000
   1.500   0.4113   0.03338   0.02321  -0.0889   0.8921   1.0000
   1.750   0.4479   0.03416   0.02394  -0.0916   0.8793   1.0000
   2.000   0.4746   0.03501   0.02478  -0.0926   0.8650   1.0000
   2.250   0.5077   0.03580   0.02557  -0.0945   0.8522   1.0000
   2.500   0.5420   0.03658   0.02631  -0.0965   0.8403   1.0000
   2.750   0.5637   0.03755   0.02725  -0.0966   0.8259   1.0000
   3.000   0.5950   0.03827   0.02796  -0.0979   0.8125   1.0000
   3.250   0.6308   0.03881   0.02849  -0.0996   0.8001   1.0000
   3.500   0.6497   0.03988   0.02956  -0.0991   0.7855   1.0000
   3.750   0.6772   0.04076   0.03044  -0.0998   0.7732   1.0000
   4.000   0.7063   0.04158   0.03128  -0.1006   0.7615   1.0000
   4.250   0.7389   0.04217   0.03189  -0.1015   0.7500   1.0000
   4.500   0.7497   0.04374   0.03348  -0.1002   0.7355   1.0000
   4.750   0.7748   0.04463   0.03441  -0.1002   0.7231   1.0000
   5.000   0.8022   0.04541   0.03524  -0.1004   0.7116   1.0000
   5.250   0.8316   0.04602   0.03591  -0.1006   0.7003   1.0000
   5.500   0.8417   0.04771   0.03765  -0.0992   0.6859   1.0000
   5.750   0.8734   0.04786   0.03788  -0.0990   0.6725   1.0000
   6.000   0.9113   0.04721   0.03733  -0.0986   0.6581   1.0000
   6.250   0.9632   0.04477   0.03501  -0.0980   0.6414   1.0000
   6.500   1.0370   0.03914   0.02944  -0.0969   0.6199   1.0000
   6.750   1.0687   0.03747   0.02784  -0.0943   0.5962   1.0000
   7.000   1.1163   0.03450   0.02485  -0.0928   0.5721   1.0000
   7.250   1.1492   0.03324   0.02359  -0.0910   0.5486   1.0000
   7.500   1.1725   0.03274   0.02314  -0.0886   0.5230   1.0000
   7.750   1.1928   0.03128   0.02155  -0.0848   0.4855   1.0000
   8.000   1.1976   0.03020   0.02012  -0.0791   0.4328   1.0000
   8.250   1.1936   0.03035   0.01995  -0.0735   0.3790   1.0000
   9.000   1.1822   0.03470   0.02323  -0.0607   0.2208   1.0000
  14.500   0.8554   0.15445   0.14631  -0.0541   0.0664   1.0000
  15.750   0.7892   0.18304   0.17512  -0.0644   0.0806   1.0000
  18.000   0.7409   0.22188   0.21431  -0.0810   0.1436   1.0000
