  
       XFOIL         Version 6.99
  
 Calculated polar for: Airfoil_rR0.763173.txt                          
  
 1 1 Reynolds number fixed          Mach number fixed         
  
 xtrf =   1.000 (top)        1.000 (bottom)  
 Mach =   0.000     Re =     0.050 e 6     Ncrit =   9.000
  
   alpha    CL        CD       CDp       CM     Top_Xtr  Bot_Xtr
  ------ -------- --------- --------- -------- -------- --------
 -19.000  -0.6025   0.23667   0.22744   0.0188   1.0000   0.0599
 -18.750  -0.5960   0.23523   0.22606   0.0164   1.0000   0.0605
 -17.500  -0.5473   0.21794   0.20888   0.0086   1.0000   0.0715
 -16.750  -0.5206   0.20973   0.20075   0.0037   1.0000   0.0793
 -15.750  -0.4839   0.19657   0.18777  -0.0021   1.0000   0.0846
 -15.250  -0.4691   0.19162   0.18291  -0.0055   1.0000   0.0888
 -14.500  -0.3371   0.18240   0.17425  -0.0221   1.0000   0.0994
 -13.750  -0.3272   0.17328   0.16517  -0.0232   1.0000   0.1051
 -13.250  -0.4064   0.16661   0.15804  -0.0159   1.0000   0.1044
 -12.000  -0.3769   0.15206   0.14369  -0.0218   1.0000   0.1187
 -11.000  -0.3081   0.14085   0.13300  -0.0285   1.0000   0.1340
 -10.750  -0.3075   0.13808   0.13026  -0.0290   1.0000   0.1381
 -10.250  -0.3028   0.13141   0.12370  -0.0297   1.0000   0.1435
 -10.000  -0.3374   0.12640   0.11848  -0.0278   1.0000   0.1438
  -9.250  -0.3035   0.11985   0.11241  -0.0307   1.0000   0.1592
  -8.750  -0.2995   0.11322   0.10593  -0.0297   1.0000   0.1676
  -8.500  -0.3327   0.10920   0.10175  -0.0291   1.0000   0.1687
  -8.000  -0.3342   0.10339   0.09614  -0.0275   1.0000   0.1769
  -7.750  -0.3122   0.10207   0.09518  -0.0264   1.0000   0.1838
  -7.500  -0.3248   0.10041   0.09365  -0.0249   1.0000   0.1888
  -7.250  -0.3640   0.09754   0.09067  -0.0231   1.0000   0.1891
  -7.000  -0.3400   0.09555   0.08902  -0.0204   1.0000   0.1967
  -6.750  -0.3756   0.09238   0.08572  -0.0202   1.0000   0.1981
  -6.250  -0.3901   0.08737   0.08090  -0.0190   1.0000   0.2088
  -5.500  -0.3796   0.06684   0.05990  -0.0393   1.0000   0.1095
  -5.250  -0.3613   0.05688   0.04942  -0.0460   1.0000   0.0894
  -5.000  -0.3420   0.05046   0.04262  -0.0489   1.0000   0.0879
  -4.750  -0.3163   0.04393   0.03549  -0.0521   1.0000   0.0948
  -4.500  -0.2894   0.03973   0.03072  -0.0539   1.0000   0.1220
  -4.250  -0.2962   0.04545   0.03758  -0.0469   1.0000   0.1857
  -4.000  -0.3424   0.05420   0.04772  -0.0234   1.0000   0.3322
  -3.750  -0.2336   0.03797   0.02894  -0.0528   1.0000   0.1917
  -3.500  -0.2036   0.03545   0.02594  -0.0545   1.0000   0.1926
  -3.250  -0.1755   0.03359   0.02370  -0.0557   1.0000   0.1963
  -3.000  -0.1476   0.03204   0.02177  -0.0567   1.0000   0.2023
  -2.750  -0.1240   0.03124   0.02086  -0.0570   1.0000   0.2153
  -2.500  -0.0985   0.03042   0.01978  -0.0576   1.0000   0.2303
  -2.250  -0.0748   0.02965   0.01899  -0.0578   1.0000   0.2436
  -2.000  -0.0502   0.02901   0.01824  -0.0582   1.0000   0.2619
  -1.750  -0.0272   0.02861   0.01787  -0.0584   1.0000   0.2894
  -1.500  -0.0038   0.02829   0.01768  -0.0587   1.0000   0.3262
  -1.250   0.0213   0.02795   0.01751  -0.0592   1.0000   0.3768
  -1.000   0.0487   0.02737   0.01743  -0.0601   1.0000   0.4624
  -0.750   0.0614   0.02533   0.01746  -0.0561   1.0000   0.8703
  -0.500   0.0759   0.02590   0.01735  -0.0561   1.0000   1.0000
  -0.250   0.1253   0.02712   0.01807  -0.0620   0.9892   1.0000
   0.000   0.1758   0.02822   0.01885  -0.0680   0.9734   1.0000
   0.250   0.2244   0.02928   0.01966  -0.0734   0.9596   1.0000
   0.500   0.2622   0.03016   0.02037  -0.0769   0.9448   1.0000
   0.750   0.3050   0.03106   0.02113  -0.0810   0.9312   1.0000
   1.000   0.3403   0.03190   0.02187  -0.0838   0.9172   1.0000
   1.250   0.3749   0.03272   0.02261  -0.0863   0.9034   1.0000
   1.500   0.4137   0.03350   0.02334  -0.0894   0.8907   1.0000
   1.750   0.4427   0.03433   0.02413  -0.0908   0.8767   1.0000
   2.000   0.4747   0.03513   0.02492  -0.0926   0.8633   1.0000
   2.250   0.5097   0.03590   0.02568  -0.0948   0.8510   1.0000
   2.500   0.5364   0.03681   0.02655  -0.0957   0.8380   1.0000
   2.750   0.5625   0.03770   0.02741  -0.0964   0.8242   1.0000
   3.000   0.5965   0.03834   0.02803  -0.0980   0.8113   1.0000
   3.250   0.6222   0.03918   0.02886  -0.0985   0.7975   1.0000
   3.500   0.6486   0.04003   0.02970  -0.0990   0.7841   1.0000
   3.750   0.6778   0.04085   0.03053  -0.0998   0.7721   1.0000
   4.000   0.7079   0.04162   0.03132  -0.1007   0.7607   1.0000
   4.250   0.7262   0.04285   0.03256  -0.1002   0.7474   1.0000
   4.500   0.7476   0.04394   0.03368  -0.0999   0.7344   1.0000
   4.750   0.7747   0.04473   0.03451  -0.1001   0.7223   1.0000
   5.000   0.8030   0.04545   0.03528  -0.1004   0.7109   1.0000
   5.250   0.8228   0.04664   0.03652  -0.0999   0.6987   1.0000
   5.500   0.8379   0.04804   0.03797  -0.0988   0.6850   1.0000
   5.750   0.8722   0.04803   0.03805  -0.0988   0.6720   1.0000
   6.000   0.8997   0.04823   0.03832  -0.0979   0.6570   1.0000
   6.250   0.9559   0.04560   0.03582  -0.0977   0.6414   1.0000
   6.500   1.0215   0.04093   0.03124  -0.0965   0.6209   1.0000
   6.750   1.0660   0.03799   0.02834  -0.0944   0.5975   1.0000
   7.000   1.1115   0.03512   0.02547  -0.0926   0.5732   1.0000
   7.250   1.1503   0.03336   0.02368  -0.0912   0.5502   1.0000
   7.500   1.1707   0.03309   0.02348  -0.0887   0.5248   1.0000
   7.750   1.1946   0.03171   0.02201  -0.0855   0.4913   1.0000
   8.000   1.2025   0.03032   0.02024  -0.0799   0.4398   1.0000
   8.250   1.1972   0.03050   0.02023  -0.0742   0.3885   1.0000
   8.500   1.1953   0.03127   0.02059  -0.0694   0.3355   1.0000
  15.000   0.8258   0.16456   0.15649  -0.0574   0.0690   1.0000
  15.250   0.7979   0.17315   0.16515  -0.0620   0.0749   1.0000
  20.000   1.1118   0.27223   0.26360  -0.1422   0.1098   1.0000
