  
       XFOIL         Version 6.99
  
 Calculated polar for: Airfoil_rR0.843240.txt                          
  
 1 1 Reynolds number fixed          Mach number fixed         
  
 xtrf =   1.000 (top)        1.000 (bottom)  
 Mach =   0.000     Re =     0.100 e 6     Ncrit =   9.000
  
   alpha    CL        CD       CDp       CM     Top_Xtr  Bot_Xtr
  ------ -------- --------- --------- -------- -------- --------
 -16.500  -0.5094   0.20199   0.19554   0.0033   1.0000   0.0320
 -16.250  -0.4998   0.19892   0.19250   0.0021   1.0000   0.0339
 -15.000  -0.4577   0.18397   0.17762  -0.0059   1.0000   0.0441
 -14.750  -0.4493   0.18099   0.17467  -0.0074   1.0000   0.0464
 -10.500  -0.3033   0.12844   0.12283  -0.0317   1.0000   0.0726
  -9.750  -0.2991   0.11916   0.11368  -0.0334   1.0000   0.0788
  -8.250  -0.3299   0.09953   0.09423  -0.0322   1.0000   0.0866
  -7.250  -0.3482   0.09214   0.08741  -0.0251   1.0000   0.0928
  -7.000  -0.3601   0.09037   0.08572  -0.0223   1.0000   0.0940
  -6.000  -0.4076   0.07686   0.07219  -0.0302   1.0000   0.1010
  -5.250  -0.3647   0.04688   0.04110  -0.0484   1.0000   0.0488
  -5.000  -0.3218   0.03270   0.02502  -0.0559   1.0000   0.0401
  -4.750  -0.2858   0.02681   0.01819  -0.0582   1.0000   0.0415
  -4.500  -0.2543   0.02415   0.01513  -0.0588   1.0000   0.0514
  -4.250  -0.2309   0.02402   0.01492  -0.0586   1.0000   0.0779
  -4.000  -0.2086   0.02400   0.01477  -0.0586   0.9997   0.0890
  -3.750  -0.1662   0.02516   0.01611  -0.0634   0.9922   0.1120
  -3.500  -0.1248   0.02490   0.01587  -0.0673   0.9857   0.1245
  -3.250  -0.0793   0.02388   0.01454  -0.0711   0.9806   0.1310
  -3.000  -0.0382   0.02313   0.01370  -0.0743   0.9732   0.1402
  -2.750   0.0040   0.02243   0.01314  -0.0778   0.9659   0.1530
  -2.500   0.0484   0.02188   0.01269  -0.0816   0.9589   0.1750
  -2.250   0.0898   0.02141   0.01240  -0.0849   0.9508   0.2061
  -2.000   0.1284   0.02091   0.01210  -0.0876   0.9421   0.2465
  -1.750   0.1661   0.02032   0.01182  -0.0901   0.9336   0.3022
  -1.500   0.2037   0.01966   0.01163  -0.0926   0.9256   0.3921
  -1.250   0.2370   0.01804   0.01160  -0.0931   0.9206   0.7608
  -1.000   0.2780   0.01770   0.01126  -0.0953   0.9109   1.0000
  -0.750   0.3163   0.01767   0.01103  -0.0977   0.9013   1.0000
  -0.500   0.3544   0.01763   0.01083  -0.0999   0.8922   1.0000
  -0.250   0.3906   0.01755   0.01064  -0.1016   0.8829   1.0000
   0.000   0.4257   0.01747   0.01045  -0.1031   0.8736   1.0000
   0.250   0.4597   0.01738   0.01028  -0.1043   0.8641   1.0000
   0.500   0.4927   0.01728   0.01011  -0.1052   0.8543   1.0000
   0.750   0.5247   0.01718   0.00996  -0.1059   0.8442   1.0000
   1.000   0.5558   0.01709   0.00982  -0.1064   0.8337   1.0000
   1.250   0.5862   0.01700   0.00970  -0.1067   0.8229   1.0000
   1.500   0.6160   0.01693   0.00957  -0.1068   0.8121   1.0000
   1.750   0.6452   0.01686   0.00944  -0.1069   0.8010   1.0000
   2.000   0.6755   0.01673   0.00923  -0.1070   0.7904   1.0000
   2.250   0.7026   0.01674   0.00918  -0.1067   0.7774   1.0000
   2.500   0.7302   0.01675   0.00913  -0.1064   0.7644   1.0000
   2.750   0.7585   0.01677   0.00908  -0.1062   0.7520   1.0000
   3.000   0.7869   0.01682   0.00904  -0.1060   0.7399   1.0000
   3.250   0.8112   0.01701   0.00921  -0.1053   0.7243   1.0000
   3.500   0.8383   0.01697   0.00907  -0.1046   0.7090   1.0000
   3.750   0.8639   0.01690   0.00890  -0.1037   0.6913   1.0000
   4.000   0.8893   0.01685   0.00874  -0.1027   0.6723   1.0000
   4.250   0.9141   0.01689   0.00866  -0.1017   0.6526   1.0000
   4.500   0.9382   0.01700   0.00869  -0.1007   0.6332   1.0000
   4.750   0.9617   0.01712   0.00874  -0.0996   0.6138   1.0000
   5.000   0.9850   0.01721   0.00876  -0.0985   0.5939   1.0000
   5.250   1.0089   0.01734   0.00878  -0.0975   0.5749   1.0000
   5.500   1.0324   0.01757   0.00893  -0.0966   0.5562   1.0000
   5.750   1.0556   0.01783   0.00914  -0.0957   0.5381   1.0000
   6.000   1.0783   0.01810   0.00939  -0.0947   0.5203   1.0000
   6.250   1.0998   0.01836   0.00970  -0.0936   0.5011   1.0000
   6.500   1.1207   0.01856   0.00978  -0.0921   0.4786   1.0000
   6.750   1.1344   0.01887   0.00985  -0.0895   0.4321   1.0000
   7.000   1.1443   0.01943   0.00997  -0.0864   0.3687   1.0000
   7.250   1.1592   0.02017   0.01048  -0.0844   0.3221   1.0000
   7.500   1.1728   0.02105   0.01102  -0.0824   0.2533   1.0000
   7.750   1.1801   0.02252   0.01190  -0.0797   0.1882   1.0000
  11.750   1.1492   0.09385   0.08748  -0.0333   0.0694   1.0000
