  
       XFOIL         Version 6.99
  
 Calculated polar for: Airfoil_rR0.336133.txt                          
  
 1 1 Reynolds number fixed          Mach number fixed         
  
 xtrf =   1.000 (top)        1.000 (bottom)  
 Mach =   0.000     Re =     0.150 e 6     Ncrit =   9.000
  
   alpha    CL        CD       CDp       CM     Top_Xtr  Bot_Xtr
  ------ -------- --------- --------- -------- -------- --------
 -19.750  -0.4834   0.22333   0.21772  -0.0140   1.0000   0.0310
 -19.500  -0.3120   0.21020   0.20539  -0.0259   1.0000   0.0330
 -19.000  -0.4594   0.21532   0.20978  -0.0167   1.0000   0.0321
 -17.250  -0.3174   0.19876   0.19397  -0.0327   1.0000   0.0400
 -15.500  -0.3787   0.17727   0.17214  -0.0306   1.0000   0.0510
 -15.000  -0.2974   0.17933   0.17468  -0.0337   1.0000   0.0596
 -14.250  -0.2922   0.17107   0.16649  -0.0337   1.0000   0.0612
 -13.500  -0.3312   0.15844   0.15360  -0.0326   1.0000   0.0633
 -12.250  -0.2750   0.15267   0.14829  -0.0316   1.0000   0.0755
 -12.000  -0.3095   0.14470   0.14010  -0.0326   1.0000   0.0759
 -11.250  -0.3502   0.13891   0.13452  -0.0371   1.0000   0.0802
 -11.000  -0.3348   0.13507   0.13069  -0.0349   1.0000   0.0806
 -10.750  -0.3236   0.13209   0.12773  -0.0332   1.0000   0.0810
 -10.000  -0.2898   0.12999   0.12571  -0.0274   1.0000   0.0835
  -9.750  -0.3142   0.12293   0.11849  -0.0286   1.0000   0.0842
  -9.500  -0.3167   0.12084   0.11645  -0.0276   1.0000   0.0855
  -9.250  -0.3045   0.12337   0.11921  -0.0251   1.0000   0.0882
  -9.000  -0.3739   0.11630   0.11205  -0.0300   1.0000   0.0900
  -8.250  -0.3665   0.10903   0.10493  -0.0239   1.0000   0.0914
  -8.000  -0.3669   0.10731   0.10325  -0.0218   1.0000   0.0922
  -7.250  -0.4076   0.07274   0.06888  -0.0625   0.9780   0.0800
  -6.500  -0.3422   0.03723   0.03114  -0.0995   0.9612   0.0793
  -6.250  -0.3075   0.03438   0.02760  -0.1027   0.9565   0.0778
  -6.000  -0.2655   0.03212   0.02469  -0.1071   0.9521   0.0804
  -5.750  -0.2294   0.03092   0.02355  -0.1096   0.9466   0.0828
  -5.500  -0.1890   0.02973   0.02223  -0.1127   0.9418   0.0851
  -5.250  -0.1506   0.02820   0.02040  -0.1153   0.9368   0.0867
  -5.000  -0.1102   0.02687   0.01873  -0.1180   0.9324   0.0892
  -4.750  -0.0663   0.02566   0.01752  -0.1215   0.9299   0.0929
  -4.500  -0.0341   0.02497   0.01676  -0.1225   0.9224   0.0978
  -4.250   0.0040   0.02415   0.01597  -0.1246   0.9172   0.1043
  -4.000   0.0436   0.02336   0.01516  -0.1269   0.9120   0.1139
  -3.750   0.0794   0.02270   0.01454  -0.1286   0.9059   0.1259
  -3.500   0.1199   0.02200   0.01384  -0.1310   0.9016   0.1407
  -3.250   0.1533   0.02160   0.01357  -0.1323   0.8946   0.1550
  -3.000   0.1956   0.02095   0.01297  -0.1350   0.8910   0.1733
  -2.750   0.2293   0.02046   0.01252  -0.1361   0.8839   0.1899
  -2.500   0.2729   0.01975   0.01189  -0.1389   0.8809   0.2101
  -2.250   0.3069   0.01924   0.01148  -0.1399   0.8736   0.2297
  -2.000   0.3517   0.01846   0.01084  -0.1429   0.8709   0.2567
  -1.750   0.3850   0.01803   0.01055  -0.1438   0.8632   0.2855
  -1.500   0.4313   0.01734   0.01002  -0.1472   0.8604   0.3241
  -1.250   0.4651   0.01691   0.00973  -0.1482   0.8524   0.3608
  -1.000   0.5022   0.01639   0.00939  -0.1498   0.8455   0.4021
  -0.750   0.5460   0.01568   0.00888  -0.1526   0.8402   0.4549
  -0.500   0.5800   0.01521   0.00863  -0.1534   0.8304   0.5090
  -0.250   0.6126   0.01478   0.00854  -0.1539   0.8200   0.5682
   0.000   0.6441   0.01437   0.00833  -0.1541   0.8094   0.6357
   0.250   0.6694   0.01408   0.00823  -0.1529   0.7964   0.7059
   0.500   0.6938   0.01377   0.00806  -0.1512   0.7840   0.7832
   0.750   0.7134   0.01344   0.00781  -0.1483   0.7716   0.8734
   1.000   0.7446   0.01313   0.00743  -0.1482   0.7576   1.0000
   1.250   0.7756   0.01320   0.00731  -0.1488   0.7421   1.0000
   1.500   0.8059   0.01328   0.00721  -0.1492   0.7267   1.0000
   1.750   0.8352   0.01339   0.00714  -0.1494   0.7111   1.0000
   2.000   0.8618   0.01353   0.00714  -0.1490   0.6946   1.0000
   2.250   0.8915   0.01366   0.00708  -0.1492   0.6794   1.0000
   2.500   0.9172   0.01387   0.00715  -0.1487   0.6623   1.0000
   2.750   0.9429   0.01409   0.00723  -0.1482   0.6459   1.0000
   3.000   0.9697   0.01432   0.00729  -0.1479   0.6304   1.0000
   3.250   0.9933   0.01457   0.00745  -0.1470   0.6137   1.0000
   3.500   1.0175   0.01481   0.00757  -0.1462   0.5978   1.0000
   3.750   1.0428   0.01508   0.00770  -0.1457   0.5833   1.0000
   4.000   1.0681   0.01540   0.00787  -0.1452   0.5689   1.0000
   4.250   1.0912   0.01572   0.00811  -0.1442   0.5535   1.0000
   4.500   1.1162   0.01606   0.00831  -0.1437   0.5403   1.0000
   4.750   1.1398   0.01641   0.00859  -0.1429   0.5271   1.0000
   5.000   1.1628   0.01675   0.00888  -0.1420   0.5140   1.0000
   5.250   1.1856   0.01707   0.00915  -0.1411   0.5014   1.0000
   5.500   1.2093   0.01741   0.00936  -0.1403   0.4900   1.0000
   5.750   1.2317   0.01779   0.00967  -0.1393   0.4775   1.0000
   6.000   1.2535   0.01819   0.01002  -0.1383   0.4649   1.0000
   6.250   1.2747   0.01858   0.01035  -0.1371   0.4521   1.0000
   6.500   1.2957   0.01898   0.01065  -0.1358   0.4394   1.0000
   6.750   1.3135   0.01936   0.01102  -0.1340   0.4257   1.0000
   7.000   1.3295   0.01962   0.01157  -0.1318   0.4117   1.0000
   7.250   1.3286   0.01986   0.01162  -0.1264   0.3822   1.0000
   7.500   1.3319   0.02045   0.01200  -0.1221   0.3542   1.0000
   7.750   1.3422   0.02106   0.01248  -0.1192   0.3337   1.0000
   8.000   1.3564   0.02158   0.01297  -0.1171   0.3174   1.0000
   8.500   1.3826   0.02279   0.01402  -0.1126   0.2850   1.0000
   8.750   1.3954   0.02349   0.01464  -0.1105   0.2689   1.0000
   9.000   1.4076   0.02426   0.01532  -0.1083   0.2537   1.0000
   9.250   1.4177   0.02516   0.01610  -0.1059   0.2400   1.0000
   9.500   1.4302   0.02598   0.01687  -0.1040   0.2257   1.0000
   9.750   1.4408   0.02694   0.01775  -0.1018   0.2129   1.0000
  10.000   1.4529   0.02785   0.01860  -0.1000   0.1975   1.0000
  10.250   1.4607   0.02903   0.01965  -0.0977   0.1839   1.0000
  10.500   1.4684   0.03028   0.02079  -0.0955   0.1721   1.0000
  10.750   1.4840   0.03105   0.02182  -0.0942   0.1741   1.0000
  11.000   1.4927   0.03229   0.02302  -0.0923   0.1625   1.0000
  11.250   1.5012   0.03359   0.02424  -0.0905   0.1462   1.0000
  11.500   1.5038   0.03535   0.02586  -0.0883   0.1357   1.0000
  11.750   1.5093   0.03698   0.02742  -0.0865   0.1234   1.0000
  12.000   1.5117   0.03891   0.02928  -0.0846   0.1122   1.0000
  12.250   1.5171   0.04066   0.03101  -0.0830   0.0979   1.0000
  12.500   1.5160   0.04304   0.03330  -0.0811   0.0845   1.0000
  12.750   1.5163   0.04539   0.03564  -0.0796   0.0741   1.0000
  13.000   1.5151   0.04798   0.03823  -0.0781   0.0655   1.0000
  13.500   1.5186   0.05284   0.04328  -0.0759   0.0554   1.0000
  13.750   1.5198   0.05546   0.04601  -0.0751   0.0477   1.0000
  15.250   1.4668   0.08063   0.07167  -0.0739   0.0195   1.0000
  15.500   1.4611   0.08484   0.07603  -0.0745   0.0192   1.0000
  15.750   1.4548   0.08924   0.08057  -0.0753   0.0191   1.0000
  16.000   1.4479   0.09381   0.08530  -0.0763   0.0190   1.0000
  16.250   1.4405   0.09854   0.09020  -0.0775   0.0189   1.0000
  16.500   1.4326   0.10344   0.09525  -0.0789   0.0189   1.0000
  16.750   1.4240   0.10856   0.10054  -0.0807   0.0189   1.0000
  17.000   1.4153   0.11377   0.10592  -0.0827   0.0189   1.0000
  17.250   1.4060   0.11917   0.11148  -0.0849   0.0189   1.0000
  17.500   1.3963   0.12474   0.11721  -0.0875   0.0189   1.0000
  17.750   1.3865   0.13043   0.12306  -0.0903   0.0190   1.0000
  18.000   1.3768   0.13612   0.12892  -0.0932   0.0190   1.0000
  18.250   1.3676   0.14182   0.13477  -0.0964   0.0191   1.0000
  18.500   1.3594   0.14737   0.14046  -0.0996   0.0192   1.0000
  18.750   1.3522   0.15280   0.14602  -0.1028   0.0192   1.0000
  19.000   1.3468   0.15784   0.15118  -0.1059   0.0193   1.0000
  19.250   1.3439   0.16235   0.15580  -0.1087   0.0194   1.0000
  19.500   1.3439   0.16615   0.15970  -0.1110   0.0195   1.0000
  19.750   1.3471   0.16916   0.16277  -0.1128   0.0196   1.0000
  20.000   1.3533   0.17134   0.16501  -0.1139   0.0198   1.0000
