  
       XFOIL         Version 6.99
  
 Calculated polar for: Airfoil_rR0.923307.txt                          
  
 1 1 Reynolds number fixed          Mach number fixed         
  
 xtrf =   1.000 (top)        1.000 (bottom)  
 Mach =   0.000     Re =     0.150 e 6     Ncrit =   9.000
  
   alpha    CL        CD       CDp       CM     Top_Xtr  Bot_Xtr
  ------ -------- --------- --------- -------- -------- --------
 -14.000  -0.4274   0.16966   0.16450  -0.0127   1.0000   0.0316
 -10.000  -0.3310   0.11761   0.11289  -0.0306   1.0000   0.0555
  -8.500  -0.3424   0.09934   0.09496  -0.0352   1.0000   0.0613
  -7.750  -0.3516   0.09190   0.08771  -0.0298   1.0000   0.0635
  -7.250  -0.3809   0.08888   0.08486  -0.0240   1.0000   0.0648
  -6.750  -0.4036   0.08451   0.08062  -0.0220   1.0000   0.0668
  -5.750  -0.3647   0.06517   0.06121  -0.0420   0.9911   0.0735
  -5.500  -0.3188   0.03741   0.03200  -0.0639   0.9860   0.0352
  -5.250  -0.2761   0.02491   0.01730  -0.0686   0.9856   0.0294
  -5.000  -0.2351   0.02143   0.01324  -0.0709   0.9833   0.0305
  -4.750  -0.1914   0.01910   0.01077  -0.0740   0.9808   0.0482
  -4.500  -0.1525   0.01937   0.01095  -0.0767   0.9735   0.0669
  -4.250  -0.1128   0.01926   0.01081  -0.0798   0.9678   0.0754
  -4.000  -0.0733   0.01960   0.01104  -0.0830   0.9612   0.0899
  -3.750  -0.0380   0.01949   0.01102  -0.0854   0.9538   0.1017
  -3.250   0.0386   0.01811   0.00969  -0.0903   0.9429   0.1168
  -3.000   0.0771   0.01745   0.00906  -0.0928   0.9376   0.1306
  -2.750   0.1153   0.01681   0.00859  -0.0953   0.9320   0.1495
  -2.500   0.1513   0.01628   0.00823  -0.0974   0.9255   0.1756
  -2.250   0.1921   0.01573   0.00789  -0.1004   0.9210   0.2194
  -2.000   0.2243   0.01528   0.00767  -0.1016   0.9133   0.2690
  -1.750   0.2574   0.01474   0.00742  -0.1031   0.9065   0.3316
  -1.500   0.2916   0.01401   0.00713  -0.1046   0.9006   0.4314
  -1.250   0.3152   0.01294   0.00706  -0.1034   0.8923   0.6990
  -1.000   0.3567   0.01223   0.00678  -0.1052   0.8861   1.0000
  -0.750   0.3890   0.01208   0.00649  -0.1061   0.8783   1.0000
  -0.500   0.4204   0.01193   0.00621  -0.1067   0.8698   1.0000
  -0.250   0.4486   0.01185   0.00603  -0.1067   0.8591   1.0000
   0.000   0.4759   0.01181   0.00590  -0.1065   0.8478   1.0000
   0.250   0.5029   0.01178   0.00579  -0.1063   0.8362   1.0000
   0.500   0.5299   0.01176   0.00569  -0.1061   0.8245   1.0000
   0.750   0.5570   0.01175   0.00561  -0.1059   0.8127   1.0000
   1.000   0.5839   0.01174   0.00555  -0.1057   0.8005   1.0000
   1.250   0.6113   0.01172   0.00543  -0.1055   0.7886   1.0000
   1.500   0.6378   0.01177   0.00538  -0.1052   0.7751   1.0000
   1.750   0.6648   0.01183   0.00533  -0.1050   0.7619   1.0000
   2.000   0.6912   0.01194   0.00534  -0.1047   0.7481   1.0000
   2.250   0.7169   0.01207   0.00538  -0.1043   0.7329   1.0000
   2.500   0.7421   0.01216   0.00537  -0.1037   0.7157   1.0000
   2.750   0.7667   0.01221   0.00531  -0.1029   0.6960   1.0000
   3.000   0.7915   0.01227   0.00520  -0.1021   0.6752   1.0000
   3.250   0.8157   0.01240   0.00518  -0.1012   0.6532   1.0000
   3.500   0.8398   0.01257   0.00522  -0.1005   0.6317   1.0000
   3.750   0.8636   0.01273   0.00528  -0.0997   0.6103   1.0000
   4.000   0.8876   0.01289   0.00532  -0.0990   0.5901   1.0000
   4.250   0.9117   0.01313   0.00544  -0.0983   0.5716   1.0000
   4.500   0.9359   0.01339   0.00561  -0.0977   0.5539   1.0000
   4.750   0.9601   0.01366   0.00581  -0.0971   0.5372   1.0000
   5.000   0.9842   0.01392   0.00603  -0.0966   0.5210   1.0000
   5.250   1.0081   0.01415   0.00626  -0.0960   0.5034   1.0000
   5.500   1.0316   0.01441   0.00643  -0.0953   0.4865   1.0000
   5.750   1.0546   0.01473   0.00665  -0.0945   0.4693   1.0000
   6.000   1.0766   0.01508   0.00692  -0.0936   0.4468   1.0000
   6.250   1.0935   0.01548   0.00709  -0.0917   0.3916   1.0000
   6.500   1.1058   0.01639   0.00748  -0.0893   0.3286   1.0000
   6.750   1.1201   0.01732   0.00795  -0.0874   0.2450   1.0000
   7.000   1.1310   0.01867   0.00875  -0.0852   0.1770   1.0000
   7.250   1.1437   0.01992   0.00961  -0.0833   0.1263   1.0000
   7.500   1.1596   0.02085   0.01032  -0.0817   0.0946   1.0000
   7.750   1.1754   0.02175   0.01097  -0.0802   0.0731   1.0000
   8.000   1.1907   0.02264   0.01162  -0.0786   0.0596   1.0000
   8.250   1.2065   0.02347   0.01231  -0.0769   0.0451   1.0000
   8.500   1.2201   0.02446   0.01339  -0.0747   0.0381   1.0000
