  
       XFOIL         Version 6.99
  
 Calculated polar for: Airfoil_rR0.955053.txt                          
  
 1 1 Reynolds number fixed          Mach number fixed         
  
 xtrf =   1.000 (top)        1.000 (bottom)  
 Mach =   0.000     Re =     0.100 e 6     Ncrit =   9.000
  
   alpha    CL        CD       CDp       CM     Top_Xtr  Bot_Xtr
  ------ -------- --------- --------- -------- -------- --------
 -16.500  -0.5088   0.20188   0.19544   0.0032   1.0000   0.0322
 -16.250  -0.4993   0.19887   0.19245   0.0020   1.0000   0.0341
 -15.250  -0.4808   0.19447   0.18816  -0.0084   1.0000   0.0402
 -15.000  -0.4572   0.18392   0.17757  -0.0060   1.0000   0.0444
 -14.750  -0.4489   0.18096   0.17464  -0.0075   1.0000   0.0467
  -8.750  -0.2970   0.10619   0.10095  -0.0331   1.0000   0.0844
  -8.500  -0.3270   0.10203   0.09666  -0.0326   1.0000   0.0844
  -8.250  -0.3110   0.10139   0.09631  -0.0327   1.0000   0.0890
  -8.000  -0.3364   0.10067   0.09571  -0.0325   1.0000   0.0899
  -7.250  -0.3484   0.09210   0.08737  -0.0251   1.0000   0.0928
  -6.750  -0.3907   0.08661   0.08187  -0.0234   1.0000   0.0942
  -6.500  -0.3975   0.08408   0.07940  -0.0231   1.0000   0.0961
  -6.000  -0.4081   0.07674   0.07207  -0.0304   1.0000   0.1010
  -5.250  -0.3915   0.06555   0.06085  -0.0321   1.0000   0.1037
  -5.000  -0.3213   0.03225   0.02450  -0.0560   1.0000   0.0401
  -4.750  -0.2858   0.02662   0.01799  -0.0582   1.0000   0.0419
  -4.500  -0.2551   0.02423   0.01527  -0.0587   1.0000   0.0527
  -4.250  -0.2315   0.02410   0.01491  -0.0585   1.0000   0.0795
  -4.000  -0.2078   0.02403   0.01474  -0.0588   0.9994   0.0897
  -3.750  -0.1661   0.02543   0.01651  -0.0637   0.9917   0.1140
  -3.500  -0.1242   0.02491   0.01587  -0.0674   0.9853   0.1246
  -3.250  -0.0784   0.02388   0.01455  -0.0713   0.9803   0.1312
  -3.000  -0.0376   0.02313   0.01371  -0.0745   0.9729   0.1404
  -2.750   0.0044   0.02244   0.01315  -0.0779   0.9654   0.1532
  -2.500   0.0478   0.02189   0.01271  -0.0815   0.9581   0.1751
  -2.250   0.0907   0.02143   0.01241  -0.0851   0.9505   0.2070
  -2.000   0.1291   0.02091   0.01211  -0.0878   0.9418   0.2476
  -1.750   0.1666   0.02033   0.01183  -0.0903   0.9333   0.3030
  -1.500   0.2038   0.01966   0.01164  -0.0927   0.9251   0.3926
  -1.250   0.2375   0.01804   0.01161  -0.0932   0.9203   0.7655
  -1.000   0.2789   0.01770   0.01126  -0.0955   0.9107   1.0000
  -0.750   0.3171   0.01767   0.01103  -0.0978   0.9011   1.0000
  -0.500   0.3550   0.01763   0.01083  -0.1000   0.8919   1.0000
  -0.250   0.3911   0.01755   0.01064  -0.1017   0.8826   1.0000
   0.000   0.4261   0.01746   0.01045  -0.1031   0.8732   1.0000
   0.250   0.4600   0.01738   0.01028  -0.1043   0.8637   1.0000
   0.750   0.5249   0.01718   0.00996  -0.1059   0.8438   1.0000
   1.000   0.5560   0.01709   0.00982  -0.1064   0.8334   1.0000
   1.250   0.5865   0.01699   0.00970  -0.1067   0.8226   1.0000
   1.500   0.6162   0.01692   0.00956  -0.1068   0.8118   1.0000
   1.750   0.6454   0.01686   0.00943  -0.1069   0.8007   1.0000
   2.000   0.6758   0.01672   0.00922  -0.1070   0.7902   1.0000
   2.250   0.7023   0.01676   0.00920  -0.1066   0.7768   1.0000
   2.500   0.7302   0.01676   0.00913  -0.1063   0.7640   1.0000
   2.750   0.7586   0.01677   0.00908  -0.1062   0.7517   1.0000
   3.000   0.7862   0.01686   0.00909  -0.1059   0.7390   1.0000
   3.250   0.8112   0.01702   0.00921  -0.1052   0.7240   1.0000
   3.500   0.8379   0.01700   0.00910  -0.1046   0.7084   1.0000
   3.750   0.8641   0.01691   0.00890  -0.1037   0.6911   1.0000
   4.000   0.8894   0.01686   0.00875  -0.1027   0.6721   1.0000
   4.250   0.9141   0.01690   0.00867  -0.1017   0.6524   1.0000
   4.500   0.9382   0.01701   0.00870  -0.1006   0.6331   1.0000
   4.750   0.9618   0.01714   0.00876  -0.0996   0.6138   1.0000
   5.000   0.9851   0.01723   0.00878  -0.0985   0.5940   1.0000
   5.250   1.0090   0.01735   0.00880  -0.0975   0.5750   1.0000
   5.500   1.0324   0.01758   0.00894  -0.0966   0.5563   1.0000
   5.750   1.0556   0.01785   0.00915  -0.0957   0.5383   1.0000
   6.000   1.0783   0.01812   0.00941  -0.0947   0.5204   1.0000
   6.250   1.0998   0.01837   0.00971  -0.0935   0.5013   1.0000
   6.500   1.1211   0.01858   0.00979  -0.0922   0.4797   1.0000
   6.750   1.1349   0.01888   0.00987  -0.0895   0.4342   1.0000
   7.000   1.1448   0.01941   0.00998  -0.0864   0.3711   1.0000
   7.250   1.1594   0.02016   0.01048  -0.0844   0.3242   1.0000
   7.500   1.1726   0.02105   0.01102  -0.0823   0.2598   1.0000
   8.000   1.1896   0.02393   0.01289  -0.0774   0.1408   1.0000
   8.250   1.2005   0.02522   0.01390  -0.0752   0.1123   1.0000
  10.250   1.2509   0.06611   0.05828  -0.0454   0.0561   1.0000
  12.250   1.0962   0.10126   0.09521  -0.0374   0.0626   1.0000
