  
       XFOIL         Version 6.99
  
 Calculated polar for: Airfoil_rR0.960107.txt                          
  
 1 1 Reynolds number fixed          Mach number fixed         
  
 xtrf =   1.000 (top)        1.000 (bottom)  
 Mach =   0.000     Re =     0.200 e 6     Ncrit =   9.000
  
   alpha    CL        CD       CDp       CM     Top_Xtr  Bot_Xtr
  ------ -------- --------- --------- -------- -------- --------
  -8.250  -0.3497   0.09440   0.09066  -0.0338   1.0000   0.0516
  -8.000  -0.3550   0.09218   0.08850  -0.0316   1.0000   0.0520
  -7.500  -0.3507   0.08972   0.08631  -0.0250   1.0000   0.0535
  -7.000  -0.4072   0.08555   0.08215  -0.0210   1.0000   0.0538
  -6.000  -0.3038   0.03435   0.02897  -0.0748   0.9769   0.0305
  -5.750  -0.2735   0.02463   0.01810  -0.0785   0.9738   0.0260
  -5.500  -0.2350   0.01969   0.01228  -0.0804   0.9721   0.0242
  -5.250  -0.1934   0.01766   0.00995  -0.0829   0.9700   0.0264
  -5.000  -0.1582   0.01642   0.00849  -0.0841   0.9642   0.0406
  -4.750  -0.1170   0.01644   0.00858  -0.0872   0.9606   0.0571
  -4.500  -0.0839   0.01631   0.00843  -0.0888   0.9540   0.0637
  -4.250  -0.0434   0.01611   0.00817  -0.0918   0.9507   0.0704
  -4.000  -0.0101   0.01620   0.00835  -0.0937   0.9439   0.0839
  -3.750   0.0307   0.01568   0.00782  -0.0968   0.9410   0.0920
  -3.500   0.0638   0.01518   0.00737  -0.0982   0.9350   0.0992
  -3.250   0.1012   0.01461   0.00685  -0.1004   0.9313   0.1106
  -3.000   0.1324   0.01408   0.00643  -0.1014   0.9246   0.1245
  -2.750   0.1682   0.01350   0.00597  -0.1033   0.9206   0.1451
  -2.500   0.1972   0.01310   0.00570  -0.1038   0.9128   0.1727
  -2.250   0.2271   0.01272   0.00548  -0.1045   0.9055   0.2092
  -2.000   0.2586   0.01230   0.00524  -0.1054   0.8994   0.2556
  -1.750   0.2874   0.01189   0.00503  -0.1058   0.8914   0.3086
  -1.500   0.3149   0.01144   0.00485  -0.1060   0.8825   0.3805
  -1.250   0.3406   0.01081   0.00473  -0.1057   0.8733   0.5147
  -1.000   0.3595   0.00997   0.00473  -0.1034   0.8638   0.7634
  -0.750   0.4023   0.00952   0.00453  -0.1059   0.8555   1.0000
  -0.500   0.4290   0.00950   0.00439  -0.1057   0.8443   1.0000
  -0.250   0.4556   0.00950   0.00428  -0.1054   0.8328   1.0000
   0.000   0.4822   0.00950   0.00418  -0.1052   0.8213   1.0000
   0.250   0.5084   0.00952   0.00411  -0.1050   0.8090   1.0000
   0.500   0.5342   0.00954   0.00405  -0.1047   0.7955   1.0000
   0.750   0.5611   0.00957   0.00397  -0.1045   0.7833   1.0000
   1.000   0.5880   0.00963   0.00394  -0.1043   0.7705   1.0000
   1.250   0.6139   0.00973   0.00394  -0.1040   0.7558   1.0000
   1.500   0.6400   0.00984   0.00393  -0.1038   0.7411   1.0000
   1.750   0.6654   0.00996   0.00395  -0.1033   0.7242   1.0000
   2.000   0.6903   0.01005   0.00394  -0.1028   0.7048   1.0000
   2.250   0.7151   0.01014   0.00386  -0.1021   0.6839   1.0000
   2.500   0.7395   0.01030   0.00382  -0.1014   0.6607   1.0000
   2.750   0.7635   0.01048   0.00386  -0.1007   0.6364   1.0000
   3.000   0.7876   0.01065   0.00392  -0.1000   0.6130   1.0000
   3.250   0.8119   0.01083   0.00396  -0.0994   0.5913   1.0000
   3.500   0.8365   0.01105   0.00405  -0.0990   0.5737   1.0000
   3.750   0.8611   0.01131   0.00419  -0.0985   0.5566   1.0000
   4.000   0.8856   0.01156   0.00434  -0.0980   0.5396   1.0000
   4.250   0.9103   0.01178   0.00451  -0.0976   0.5222   1.0000
   4.500   0.9349   0.01198   0.00468  -0.0972   0.5036   1.0000
   4.750   0.9589   0.01224   0.00482  -0.0966   0.4872   1.0000
   5.000   0.9828   0.01253   0.00501  -0.0961   0.4715   1.0000
   5.250   1.0065   0.01284   0.00525  -0.0955   0.4544   1.0000
   5.500   1.0302   0.01314   0.00549  -0.0949   0.4363   1.0000
   5.750   1.0530   0.01340   0.00570  -0.0942   0.3996   1.0000
   6.000   1.0674   0.01423   0.00602  -0.0921   0.3465   1.0000
   6.250   1.0793   0.01539   0.00653  -0.0899   0.2396   1.0000
   6.500   1.0919   0.01670   0.00731  -0.0879   0.1630   1.0000
   7.000   1.1241   0.01865   0.00869  -0.0849   0.0824   1.0000
   7.250   1.1415   0.01945   0.00930  -0.0835   0.0658   1.0000
   7.500   1.1344   0.01516   0.00516  -0.0781   0.0571   1.0000
   7.750   1.1794   0.02069   0.01022  -0.0813   0.0454   1.0000
   8.000   1.1987   0.02125   0.01067  -0.0801   0.0371   1.0000
   8.250   1.2156   0.02202   0.01147  -0.0784   0.0296   1.0000
