  
       XFOIL         Version 6.99
  
 Calculated polar for: Airfoil_rR0.923307.txt                          
  
 1 1 Reynolds number fixed          Mach number fixed         
  
 xtrf =   1.000 (top)        1.000 (bottom)  
 Mach =   0.000     Re =     0.200 e 6     Ncrit =   9.000
  
   alpha    CL        CD       CDp       CM     Top_Xtr  Bot_Xtr
  ------ -------- --------- --------- -------- -------- --------
  -9.750  -0.3281   0.11272   0.10864  -0.0319   1.0000   0.0472
  -9.500  -0.3104   0.11201   0.10813  -0.0372   1.0000   0.0499
  -9.250  -0.3222   0.10968   0.10587  -0.0390   1.0000   0.0502
  -5.500  -0.2362   0.02015   0.01280  -0.0802   0.9723   0.0243
  -5.250  -0.1950   0.01785   0.01018  -0.0827   0.9703   0.0257
  -5.000  -0.1595   0.01647   0.00861  -0.0840   0.9647   0.0369
  -4.750  -0.1185   0.01633   0.00849  -0.0869   0.9609   0.0556
  -4.500  -0.0848   0.01627   0.00838  -0.0885   0.9546   0.0630
  -4.250  -0.0449   0.01606   0.00813  -0.0915   0.9510   0.0697
  -4.000  -0.0111   0.01611   0.00825  -0.0935   0.9445   0.0827
  -3.750   0.0293   0.01570   0.00784  -0.0965   0.9413   0.0918
  -3.500   0.0632   0.01518   0.00737  -0.0980   0.9356   0.0990
  -3.250   0.1003   0.01464   0.00686  -0.1002   0.9317   0.1103
  -3.000   0.1320   0.01409   0.00644  -0.1013   0.9253   0.1242
  -2.750   0.1673   0.01351   0.00599  -0.1031   0.9209   0.1445
  -2.500   0.1967   0.01311   0.00571  -0.1037   0.9133   0.1721
  -2.250   0.2272   0.01271   0.00548  -0.1045   0.9065   0.2087
  -2.000   0.2587   0.01230   0.00523  -0.1055   0.9003   0.2552
  -1.750   0.2870   0.01190   0.00504  -0.1057   0.8919   0.3079
  -1.250   0.3405   0.01080   0.00474  -0.1057   0.8741   0.5168
  -1.000   0.3592   0.00995   0.00474  -0.1033   0.8647   0.7703
  -0.750   0.4023   0.00951   0.00452  -0.1059   0.8566   1.0000
  -0.500   0.4290   0.00950   0.00439  -0.1057   0.8453   1.0000
   0.000   0.4820   0.00950   0.00418  -0.1052   0.8220   1.0000
   0.250   0.5086   0.00951   0.00409  -0.1050   0.8102   1.0000
   0.500   0.5341   0.00954   0.00405  -0.1047   0.7965   1.0000
   0.750   0.5610   0.00956   0.00397  -0.1045   0.7842   1.0000
   1.000   0.5878   0.00962   0.00394  -0.1043   0.7713   1.0000
   1.250   0.6139   0.00972   0.00393  -0.1041   0.7570   1.0000
   1.500   0.6399   0.00983   0.00393  -0.1038   0.7418   1.0000
   1.750   0.6653   0.00995   0.00394  -0.1034   0.7252   1.0000
   2.000   0.6902   0.01004   0.00392  -0.1028   0.7056   1.0000
   2.250   0.7150   0.01012   0.00385  -0.1021   0.6844   1.0000
   2.750   0.7634   0.01047   0.00385  -0.1007   0.6370   1.0000
   3.000   0.7875   0.01064   0.00390  -0.1000   0.6134   1.0000
   3.250   0.8118   0.01081   0.00395  -0.0995   0.5917   1.0000
   3.500   0.8364   0.01104   0.00404  -0.0990   0.5741   1.0000
   3.750   0.8610   0.01129   0.00417  -0.0985   0.5569   1.0000
   4.000   0.8855   0.01155   0.00433  -0.0981   0.5399   1.0000
   4.250   0.9102   0.01177   0.00450  -0.0976   0.5224   1.0000
   4.500   0.9349   0.01197   0.00467  -0.0972   0.5037   1.0000
   4.750   0.9588   0.01223   0.00481  -0.0967   0.4872   1.0000
   5.000   0.9827   0.01252   0.00500  -0.0961   0.4714   1.0000
   5.250   1.0064   0.01283   0.00524  -0.0955   0.4542   1.0000
   5.500   1.0301   0.01313   0.00548  -0.0950   0.4359   1.0000
   5.750   1.0524   0.01341   0.00569  -0.0941   0.3973   1.0000
   6.000   1.0668   0.01427   0.00603  -0.0921   0.3425   1.0000
   6.250   1.0782   0.01548   0.00656  -0.0898   0.2328   1.0000
   6.500   1.0917   0.01672   0.00732  -0.0879   0.1572   1.0000
   6.750   1.1067   0.01782   0.00808  -0.0863   0.1138   1.0000
   7.000   1.1237   0.01869   0.00871  -0.0849   0.0799   1.0000
   7.250   1.1414   0.01948   0.00931  -0.0836   0.0648   1.0000
   7.500   1.1614   0.02002   0.00976  -0.0826   0.0547   1.0000
   7.750   1.1792   0.02072   0.01022  -0.0813   0.0444   1.0000
   8.250   1.2161   0.02201   0.01149  -0.0785   0.0290   1.0000
