  
       XFOIL         Version 6.99
  
 Calculated polar for: Airfoil_rR0.522960.txt                          
  
 1 1 Reynolds number fixed          Mach number fixed         
  
 xtrf =   1.000 (top)        1.000 (bottom)  
 Mach =   0.000     Re =     0.250 e 6     Ncrit =   9.000
  
   alpha    CL        CD       CDp       CM     Top_Xtr  Bot_Xtr
  ------ -------- --------- --------- -------- -------- --------
 -17.000  -0.3236   0.19326   0.18945  -0.0286   1.0000   0.0208
 -11.000  -0.3082   0.12459   0.12103  -0.0347   1.0000   0.0336
 -10.500  -0.3247   0.11386   0.11033  -0.0350   1.0000   0.0256
  -9.750  -0.3638   0.09825   0.09483  -0.0348   1.0000   0.0246
  -8.250  -0.5163   0.03482   0.03046  -0.0796   0.9865   0.0181
  -7.750  -0.4339   0.01841   0.01268  -0.0900   0.9746   0.0181
  -7.500  -0.4170   0.02145   0.01513  -0.0926   0.9782   0.0186
  -7.250  -0.3822   0.01982   0.01322  -0.0947   0.9746   0.0200
  -6.500  -0.2680   0.02391   0.01745  -0.1018   0.9611   0.0588
  -6.250  -0.2365   0.02322   0.01672  -0.1036   0.9563   0.0631
  -6.000  -0.2009   0.02254   0.01599  -0.1057   0.9527   0.0656
  -5.750  -0.1619   0.02121   0.01441  -0.1085   0.9508   0.0663
  -5.500  -0.1308   0.02027   0.01330  -0.1096   0.9453   0.0674
  -5.250  -0.0932   0.01942   0.01227  -0.1118   0.9424   0.0688
  -5.000  -0.0537   0.01840   0.01111  -0.1145   0.9406   0.0691
  -4.750  -0.0229   0.01757   0.01021  -0.1152   0.9348   0.0694
  -4.500   0.0153   0.01674   0.00932  -0.1175   0.9322   0.0699
  -4.250   0.0552   0.01572   0.00832  -0.1203   0.9307   0.0714
  -4.000   0.0858   0.01509   0.00775  -0.1211   0.9247   0.0737
  -3.750   0.1241   0.01446   0.00713  -0.1233   0.9220   0.0780
  -3.500   0.1589   0.01381   0.00653  -0.1249   0.9178   0.0856
  -3.250   0.1923   0.01326   0.00605  -0.1262   0.9126   0.0999
  -3.000   0.2269   0.01278   0.00564  -0.1276   0.9083   0.1199
  -2.750   0.2583   0.01230   0.00529  -0.1286   0.9020   0.1431
  -2.500   0.2896   0.01193   0.00503  -0.1294   0.8954   0.1723
  -2.250   0.3244   0.01150   0.00474  -0.1309   0.8904   0.2066
  -2.000   0.3544   0.01121   0.00456  -0.1315   0.8822   0.2440
  -1.750   0.3846   0.01092   0.00440  -0.1321   0.8737   0.2881
  -1.500   0.4146   0.01063   0.00427  -0.1327   0.8648   0.3351
  -1.250   0.4439   0.01036   0.00415  -0.1331   0.8551   0.3875
  -0.750   0.4992   0.00967   0.00407  -0.1332   0.8339   0.5800
  -0.500   0.5223   0.00926   0.00412  -0.1319   0.8225   0.7235
  -0.250   0.5390   0.00891   0.00411  -0.1287   0.8107   0.8657
   0.000   0.5716   0.00871   0.00393  -0.1293   0.7972   1.0000
   0.250   0.5999   0.00874   0.00384  -0.1294   0.7841   1.0000
   0.500   0.6283   0.00880   0.00381  -0.1295   0.7702   1.0000
   0.750   0.6548   0.00891   0.00378  -0.1293   0.7537   1.0000
   1.000   0.6813   0.00902   0.00376  -0.1290   0.7371   1.0000
   1.250   0.7075   0.00915   0.00374  -0.1287   0.7204   1.0000
   1.500   0.7327   0.00926   0.00375  -0.1282   0.7017   1.0000
   1.750   0.7587   0.00940   0.00374  -0.1278   0.6851   1.0000
   2.000   0.7845   0.00958   0.00377  -0.1275   0.6688   1.0000
   2.250   0.8098   0.00978   0.00384  -0.1270   0.6516   1.0000
   2.500   0.8347   0.00997   0.00391  -0.1265   0.6329   1.0000
   2.750   0.8590   0.01016   0.00399  -0.1259   0.6129   1.0000
   3.000   0.8833   0.01034   0.00406  -0.1252   0.5931   1.0000
   3.250   0.9077   0.01059   0.00415  -0.1246   0.5760   1.0000
   3.500   0.9320   0.01085   0.00428  -0.1240   0.5593   1.0000
   3.750   0.9561   0.01111   0.00444  -0.1234   0.5414   1.0000
   4.000   0.9801   0.01135   0.00459  -0.1228   0.5234   1.0000
   4.250   1.0041   0.01157   0.00475  -0.1222   0.5042   1.0000
   4.500   1.0272   0.01185   0.00489  -0.1214   0.4868   1.0000
   4.750   1.0504   0.01215   0.00508  -0.1206   0.4712   1.0000
   5.000   1.0741   0.01245   0.00531  -0.1200   0.4569   1.0000
   5.250   1.0978   0.01274   0.00554  -0.1194   0.4433   1.0000
   5.500   1.1213   0.01303   0.00577  -0.1187   0.4295   1.0000
   5.750   1.1443   0.01329   0.00599  -0.1179   0.4084   1.0000
   6.000   1.1609   0.01382   0.00623  -0.1161   0.3726   1.0000
   6.250   1.1769   0.01450   0.00664  -0.1142   0.3344   1.0000
   6.500   1.1932   0.01515   0.00698  -0.1124   0.2814   1.0000
   6.750   1.2094   0.01588   0.00744  -0.1106   0.2408   1.0000
   7.000   1.2258   0.01661   0.00796  -0.1090   0.2064   1.0000
   7.250   1.2396   0.01751   0.00858  -0.1069   0.1717   1.0000
   7.750   1.2414   0.02087   0.01107  -0.0988   0.0393   1.0000
   8.000   1.2512   0.02202   0.01214  -0.0957   0.0195   1.0000
   8.250   1.2639   0.02294   0.01303  -0.0934   0.0178   1.0000
   8.500   1.2781   0.02375   0.01394  -0.0914   0.0170   1.0000
   8.750   1.2924   0.02456   0.01489  -0.0894   0.0168   1.0000
   9.000   1.3063   0.02541   0.01589  -0.0874   0.0168   1.0000
   9.250   1.3194   0.02633   0.01696  -0.0854   0.0169   1.0000
   9.500   1.3313   0.02735   0.01814  -0.0833   0.0170   1.0000
   9.750   1.3417   0.02850   0.01944  -0.0811   0.0173   1.0000
  10.000   1.3499   0.02985   0.02091  -0.0788   0.0176   1.0000
  10.250   1.3557   0.03143   0.02263  -0.0764   0.0180   1.0000
  10.500   1.3587   0.03328   0.02461  -0.0738   0.0183   1.0000
  10.750   1.3614   0.03523   0.02673  -0.0715   0.0186   1.0000
  11.500   1.3545   0.04305   0.03490  -0.0645   0.0198   1.0000
