  
       XFOIL         Version 6.99
  
 Calculated polar for: Airfoil_rR0.576347.txt                          
  
 1 1 Reynolds number fixed          Mach number fixed         
  
 xtrf =   1.000 (top)        1.000 (bottom)  
 Mach =   0.000     Re =     0.200 e 6     Ncrit =   9.000
  
   alpha    CL        CD       CDp       CM     Top_Xtr  Bot_Xtr
  ------ -------- --------- --------- -------- -------- --------
  -9.000  -0.3588   0.09384   0.09015  -0.0352   1.0000   0.0311
  -7.750  -0.4613   0.08004   0.07650  -0.0258   1.0000   0.0268
  -7.000  -0.4170   0.02586   0.01972  -0.0793   0.9848   0.0208
  -6.750  -0.3737   0.02391   0.01703  -0.0828   0.9814   0.0461
  -6.500  -0.3378   0.02362   0.01660  -0.0853   0.9765   0.0520
  -6.250  -0.3003   0.02379   0.01679  -0.0879   0.9721   0.0567
  -6.000  -0.2631   0.02333   0.01597  -0.0904   0.9679   0.0599
  -5.750  -0.2291   0.02298   0.01580  -0.0927   0.9630   0.0654
  -5.500  -0.1904   0.02340   0.01635  -0.0959   0.9594   0.0745
  -5.250  -0.1571   0.02282   0.01556  -0.0974   0.9532   0.0786
  -5.000  -0.1162   0.02132   0.01381  -0.1004   0.9507   0.0784
  -4.750  -0.0836   0.02022   0.01254  -0.1017   0.9449   0.0784
  -4.500  -0.0444   0.01919   0.01137  -0.1042   0.9418   0.0789
  -4.250  -0.0088   0.01839   0.01046  -0.1059   0.9373   0.0799
  -4.000   0.0273   0.01742   0.00955  -0.1079   0.9330   0.0821
  -3.750   0.0684   0.01667   0.00886  -0.1108   0.9306   0.0862
  -3.500   0.1005   0.01603   0.00825  -0.1119   0.9241   0.0923
  -3.250   0.1411   0.01537   0.00769  -0.1147   0.9213   0.1042
  -3.000   0.1735   0.01482   0.00721  -0.1158   0.9151   0.1220
  -2.750   0.2108   0.01417   0.00671  -0.1179   0.9114   0.1468
  -2.500   0.2415   0.01375   0.00642  -0.1187   0.9044   0.1782
  -2.250   0.2780   0.01324   0.00608  -0.1206   0.9003   0.2175
  -2.000   0.3081   0.01288   0.00587  -0.1212   0.8926   0.2609
  -1.750   0.3395   0.01245   0.00564  -0.1221   0.8854   0.3119
  -1.500   0.3730   0.01196   0.00537  -0.1233   0.8795   0.3733
  -1.250   0.4021   0.01151   0.00521  -0.1237   0.8709   0.4541
  -1.000   0.4283   0.01093   0.00516  -0.1233   0.8614   0.6033
  -0.750   0.4473   0.01031   0.00516  -0.1206   0.8514   0.7978
  -0.500   0.4820   0.00990   0.00493  -0.1212   0.8417   1.0000
  -0.250   0.5108   0.00988   0.00478  -0.1214   0.8310   1.0000
   0.000   0.5388   0.00988   0.00467  -0.1215   0.8196   1.0000
   0.250   0.5651   0.00991   0.00461  -0.1212   0.8063   1.0000
   0.500   0.5928   0.00991   0.00452  -0.1211   0.7937   1.0000
   0.750   0.6213   0.00993   0.00447  -0.1212   0.7815   1.0000
   1.000   0.6488   0.01000   0.00440  -0.1212   0.7678   1.0000
   1.250   0.6756   0.01010   0.00437  -0.1209   0.7528   1.0000
   1.500   0.7020   0.01021   0.00436  -0.1206   0.7370   1.0000
   1.750   0.7281   0.01033   0.00435  -0.1203   0.7210   1.0000
   2.000   0.7532   0.01044   0.00438  -0.1198   0.7030   1.0000
   2.250   0.7790   0.01056   0.00435  -0.1193   0.6863   1.0000
   2.500   0.8044   0.01073   0.00436  -0.1188   0.6682   1.0000
   2.750   0.8290   0.01092   0.00441  -0.1182   0.6482   1.0000
   3.000   0.8534   0.01112   0.00448  -0.1175   0.6282   1.0000
   3.250   0.8774   0.01130   0.00457  -0.1168   0.6078   1.0000
   3.500   0.9018   0.01149   0.00463  -0.1162   0.5897   1.0000
   3.750   0.9260   0.01173   0.00474  -0.1155   0.5720   1.0000
   4.000   0.9500   0.01200   0.00490  -0.1149   0.5541   1.0000
   4.250   0.9738   0.01227   0.00506  -0.1142   0.5361   1.0000
   4.500   0.9975   0.01252   0.00523  -0.1136   0.5179   1.0000
   4.750   1.0213   0.01273   0.00541  -0.1129   0.4994   1.0000
   5.000   1.0448   0.01301   0.00557  -0.1122   0.4847   1.0000
   5.250   1.0683   0.01333   0.00579  -0.1115   0.4709   1.0000
   5.500   1.0919   0.01363   0.00604  -0.1109   0.4570   1.0000
   5.750   1.1152   0.01394   0.00631  -0.1102   0.4426   1.0000
   6.000   1.1365   0.01426   0.00655  -0.1092   0.4184   1.0000
   6.250   1.1519   0.01479   0.00675  -0.1071   0.3734   1.0000
   6.500   1.1665   0.01554   0.00719  -0.1050   0.3297   1.0000
   6.750   1.1833   0.01617   0.00755  -0.1033   0.2785   1.0000
   7.000   1.1983   0.01699   0.00806  -0.1015   0.2333   1.0000
   7.250   1.2122   0.01793   0.00869  -0.0995   0.1891   1.0000
   7.500   1.2276   0.01876   0.00931  -0.0977   0.1490   1.0000
   7.750   1.2396   0.01980   0.01005  -0.0955   0.1248   1.0000
   9.750   1.2779   0.03223   0.02313  -0.0693   0.0205   1.0000
  10.000   1.2801   0.03418   0.02519  -0.0668   0.0206   1.0000
  10.250   1.2828   0.03620   0.02729  -0.0644   0.0209   1.0000
  10.500   1.2866   0.03824   0.02941  -0.0622   0.0212   1.0000
