  
       XFOIL         Version 6.99
  
 Calculated polar for: Airfoil_rR0.229373.txt                          
  
 1 1 Reynolds number fixed          Mach number fixed         
  
 xtrf =   1.000 (top)        1.000 (bottom)  
 Mach =   0.000     Re =     0.050 e 6     Ncrit =   9.000
  
   alpha    CL        CD       CDp       CM     Top_Xtr  Bot_Xtr
  ------ -------- --------- --------- -------- -------- --------
 -19.750  -0.4012   0.23013   0.22062  -0.0209   1.0000   0.1211
 -19.250  -0.3813   0.22442   0.21498  -0.0220   1.0000   0.1241
 -19.000  -0.3738   0.22231   0.21290  -0.0228   1.0000   0.1262
 -18.750  -0.3680   0.22057   0.21121  -0.0239   1.0000   0.1283
 -18.500  -0.3664   0.21994   0.21063  -0.0254   1.0000   0.1298
 -17.750  -0.3403   0.21149   0.20232  -0.0269   1.0000   0.1339
 -17.500  -0.3333   0.20932   0.20020  -0.0275   1.0000   0.1364
 -17.250  -0.2206   0.20799   0.20011  -0.0325   1.0000   0.1400
 -17.000  -0.2155   0.20543   0.19759  -0.0324   1.0000   0.1412
 -16.750  -0.2084   0.20295   0.19514  -0.0319   1.0000   0.1434
 -16.250  -0.3040   0.19844   0.18952  -0.0304   1.0000   0.1479
 -16.000  -0.3114   0.19896   0.19010  -0.0320   1.0000   0.1503
 -15.750  -0.2946   0.19387   0.18506  -0.0313   1.0000   0.1525
 -15.500  -0.2869   0.19141   0.18265  -0.0313   1.0000   0.1564
 -15.250  -0.2140   0.19659   0.18887  -0.0326   1.0000   0.1605
 -15.000  -0.2792   0.18694   0.17830  -0.0320   1.0000   0.1629
 -14.750  -0.2736   0.18477   0.17617  -0.0320   1.0000   0.1677
 -14.500  -0.2075   0.18994   0.18229  -0.0316   1.0000   0.1713
 -14.250  -0.2638   0.18013   0.17165  -0.0319   1.0000   0.1751
 -14.000  -0.2696   0.17967   0.17127  -0.0326   1.0000   0.1808
 -13.750  -0.2551   0.17617   0.16780  -0.0316   1.0000   0.1865
 -13.500  -0.2651   0.17634   0.16806  -0.0323   1.0000   0.1904
 -13.250  -0.2493   0.17212   0.16388  -0.0313   1.0000   0.1930
 -13.000  -0.2442   0.17003   0.16184  -0.0309   1.0000   0.1967
 -12.750  -0.2524   0.16970   0.16158  -0.0312   1.0000   0.2000
 -12.500  -0.2030   0.17462   0.16722  -0.0279   1.0000   0.2018
 -12.250  -0.2357   0.16396   0.15595  -0.0296   1.0000   0.2052
 -12.000  -0.2396   0.16288   0.15494  -0.0293   1.0000   0.2092
 -11.500  -0.2309   0.15822   0.15040  -0.0277   1.0000   0.2143
 -11.250  -0.2309   0.15654   0.14860  -0.0270   1.0000   0.2176
 -10.750  -0.2074   0.16089   0.15363  -0.0222   1.0000   0.2230
 -10.000  -0.2324   0.14727   0.13971  -0.0218   1.0000   0.2353
  -9.750  -0.2488   0.14701   0.13954  -0.0208   1.0000   0.2399
  -9.250  -0.2243   0.15027   0.14339  -0.0150   1.0000   0.2467
  -9.000  -0.2443   0.14959   0.14279  -0.0141   1.0000   0.2505
  -8.750  -0.2488   0.13924   0.13208  -0.0148   1.0000   0.2570
  -8.500  -0.2574   0.14674   0.14007  -0.0112   1.0000   0.2602
  -8.250  -0.2441   0.14423   0.13764  -0.0092   1.0000   0.2676
  -8.000  -0.2509   0.14273   0.13622  -0.0077   1.0000   0.2728
  -7.750  -0.2840   0.13473   0.12794  -0.0080   1.0000   0.2806
  -7.500  -0.2602   0.13987   0.13351  -0.0045   1.0000   0.2840
  -7.250  -0.2783   0.13920   0.13291  -0.0031   1.0000   0.2897
  -7.000  -0.2876   0.12957   0.12301  -0.0027   1.0000   0.2955
  -6.750  -0.3155   0.12944   0.12299  -0.0009   1.0000   0.3004
  -6.500  -0.3036   0.12692   0.12053   0.0008   1.0000   0.3050
  -6.250  -0.3346   0.12686   0.12058   0.0028   1.0000   0.3103
  -5.750  -0.3516   0.12401   0.11789   0.0066   1.0000   0.3205
  -5.500  -0.3408   0.12175   0.11568   0.0081   1.0000   0.3260
  -4.500  -0.2532   0.11606   0.11025  -0.0073   0.9544   0.3681
  -4.250  -0.3113   0.11062   0.10469  -0.0001   0.9634   0.3723
  -4.000  -0.2984   0.10828   0.10236  -0.0023   0.9513   0.3890
  -3.750  -0.2810   0.10588   0.09996  -0.0041   0.9393   0.4092
  -3.500  -0.3208   0.08594   0.07952  -0.0379   0.9316   0.2801
  -3.250  -0.2858   0.08076   0.07418  -0.0463   0.9201   0.2783
  -3.000  -0.2743   0.08851   0.08232  -0.0296   0.9045   0.3338
  -2.750  -0.1966   0.06691   0.05951  -0.0719   0.8969   0.2737
  -2.500  -0.1410   0.06187   0.05386  -0.0839   0.8856   0.2804
  -2.250  -0.1035   0.06078   0.05266  -0.0875   0.8738   0.2908
  -2.000  -0.0647   0.05981   0.05156  -0.0911   0.8623   0.3014
  -1.750  -0.0240   0.05896   0.05061  -0.0948   0.8509   0.3125
  -1.500   0.0126   0.05838   0.04996  -0.0974   0.8384   0.3246
  -1.250   0.0468   0.05769   0.04913  -0.1000   0.8249   0.3356
  -1.000   0.0929   0.05666   0.04783  -0.1045   0.8123   0.3503
  -0.750   0.1315   0.05638   0.04764  -0.1061   0.8004   0.3653
  -0.500   0.1599   0.05637   0.04757  -0.1073   0.7873   0.3815
  -0.250   0.1875   0.05648   0.04772  -0.1079   0.7750   0.3961
   0.000   0.2210   0.05637   0.04757  -0.1095   0.7634   0.4127
   0.250   0.2541   0.05635   0.04756  -0.1106   0.7520   0.4322
   0.500   0.2887   0.05623   0.04747  -0.1117   0.7407   0.4532
   0.750   0.3183   0.05629   0.04757  -0.1121   0.7285   0.4743
   1.000   0.3379   0.05687   0.04841  -0.1114   0.7151   0.4948
   1.250   0.3650   0.05719   0.04874  -0.1115   0.7036   0.5215
   1.500   0.3891   0.05766   0.04929  -0.1110   0.6929   0.5468
   1.750   0.4118   0.05832   0.04999  -0.1106   0.6825   0.5746
   2.000   0.4331   0.05894   0.05069  -0.1097   0.6721   0.6053
   2.250   0.4567   0.05935   0.05117  -0.1088   0.6614   0.6415
   2.500   0.4785   0.05966   0.05157  -0.1074   0.6508   0.6805
   2.750   0.4965   0.06000   0.05205  -0.1053   0.6406   0.7227
   3.000   0.5060   0.06081   0.05302  -0.1026   0.6307   0.7703
   3.250   0.5039   0.06194   0.05437  -0.0984   0.6210   0.8257
   3.750   0.5531   0.06413   0.05636  -0.1022   0.6002   1.0000
   4.000   0.5825   0.06554   0.05749  -0.1040   0.5899   1.0000
   4.250   0.6052   0.06712   0.05888  -0.1046   0.5797   1.0000
   4.500   0.5984   0.07083   0.06252  -0.1037   0.5676   1.0000
   4.750   0.6072   0.07331   0.06489  -0.1034   0.5568   1.0000
   5.000   0.6207   0.07556   0.06703  -0.1033   0.5474   1.0000
   5.500   0.6437   0.08066   0.07196  -0.1031   0.5306   1.0000
   5.750   0.6331   0.08512   0.07642  -0.1026   0.5225   1.0000
   6.000   0.6315   0.08887   0.08014  -0.1024   0.5153   1.0000
   6.250   0.6459   0.09133   0.08253  -0.1025   0.5080   1.0000
   6.500   0.5012   0.11222   0.10406  -0.1093   0.6191   1.0000
   6.750   0.6406   0.09904   0.09021  -0.1023   0.4948   1.0000
   7.000   0.6508   0.10168   0.09280  -0.1022   0.4864   1.0000
   7.250   0.6666   0.10395   0.09501  -0.1021   0.4782   1.0000
   7.500   0.5365   0.12241   0.11401  -0.1096   0.5842   1.0000
   8.750   0.6070   0.13617   0.12749  -0.1117   0.5394   1.0000
   9.000   0.6177   0.13867   0.12995  -0.1119   0.5300   1.0000
   9.750   0.6417   0.14647   0.13766  -0.1130   0.5084   1.0000
  10.000   0.6609   0.14949   0.14065  -0.1137   0.4998   1.0000
  10.250   0.6650   0.15148   0.14261  -0.1138   0.4908   1.0000
  10.500   0.6695   0.15369   0.14480  -0.1142   0.4829   1.0000
  10.750   0.6804   0.15651   0.14760  -0.1149   0.4772   1.0000
  11.000   0.6982   0.15957   0.15063  -0.1156   0.4703   1.0000
  11.250   0.5391   0.16529   0.15715  -0.0916   0.4511   1.0000
  11.500   0.7121   0.16442   0.15544  -0.1169   0.4578   1.0000
  11.750   0.7322   0.16760   0.15860  -0.1176   0.4499   1.0000
  12.000   0.7372   0.16936   0.16034  -0.1180   0.4409   1.0000
  12.250   0.7426   0.17135   0.16232  -0.1187   0.4327   1.0000
  12.500   0.7517   0.17380   0.16476  -0.1195   0.4260   1.0000
  12.750   0.7745   0.17746   0.16840  -0.1201   0.4198   1.0000
  13.000   0.7727   0.17874   0.16969  -0.1211   0.4129   1.0000
  13.250   0.7865   0.18186   0.17279  -0.1220   0.4084   1.0000
  13.500   0.7957   0.18405   0.17498  -0.1228   0.4014   1.0000
  13.750   0.8011   0.18627   0.17721  -0.1239   0.3960   1.0000
  14.250   0.8227   0.19116   0.18209  -0.1257   0.3825   1.0000
  14.500   0.8321   0.19370   0.18463  -0.1268   0.3769   1.0000
  14.750   0.8479   0.19657   0.18760  -0.1275   0.3707   1.0000
  15.000   0.5984   0.18960   0.18164  -0.0904   0.3512   1.0000
  15.500   0.8720   0.20316   0.19418  -0.1309   0.3523   1.0000
  15.750   0.8811   0.20567   0.19668  -0.1321   0.3471   1.0000
  16.000   0.8946   0.20838   0.19940  -0.1329   0.3410   1.0000
  16.250   0.8991   0.21041   0.20142  -0.1346   0.3366   1.0000
  16.500   0.9126   0.21323   0.20425  -0.1355   0.3311   1.0000
  16.750   0.9182   0.21543   0.20645  -0.1371   0.3272   1.0000
  17.000   0.9291   0.21785   0.20888  -0.1383   0.3217   1.0000
  17.750   0.9561   0.22520   0.21623  -0.1424   0.3079   1.0000
  18.000   0.9670   0.22744   0.21848  -0.1436   0.3012   1.0000
  18.250   0.9730   0.22956   0.22061  -0.1453   0.2973   1.0000
  18.750   0.9949   0.23506   0.22612  -0.1479   0.2887   1.0000
  19.000   1.0001   0.23633   0.22741  -0.1497   0.2824   1.0000
  19.250   1.0128   0.23962   0.23070  -0.1508   0.2787   1.0000
  19.500   1.0180   0.24083   0.23192  -0.1527   0.2723   1.0000
  19.750   0.6724   0.22571   0.21817  -0.0988   0.2568   1.0000
  20.000   1.0335   0.24532   0.23657  -0.1562   0.2641   1.0000
