  
       XFOIL         Version 6.99
  
 Calculated polar for: Airfoil_rR0.843240.txt                          
  
 1 1 Reynolds number fixed          Mach number fixed         
  
 xtrf =   1.000 (top)        1.000 (bottom)  
 Mach =   0.000     Re =     0.150 e 6     Ncrit =   9.000
  
   alpha    CL        CD       CDp       CM     Top_Xtr  Bot_Xtr
  ------ -------- --------- --------- -------- -------- --------
 -12.000  -0.3183   0.14647   0.14170  -0.0285   1.0000   0.0492
 -10.250  -0.2971   0.12230   0.11771  -0.0323   1.0000   0.0557
  -7.750  -0.3518   0.09188   0.08769  -0.0298   1.0000   0.0635
  -7.500  -0.3379   0.09108   0.08712  -0.0264   1.0000   0.0653
  -7.250  -0.3544   0.08958   0.08571  -0.0235   1.0000   0.0660
  -5.500  -0.3139   0.03063   0.02393  -0.0657   0.9877   0.0305
  -5.250  -0.2758   0.02474   0.01711  -0.0686   0.9856   0.0294
  -5.000  -0.2348   0.02125   0.01305  -0.0710   0.9833   0.0307
  -4.750  -0.1908   0.01909   0.01073  -0.0740   0.9807   0.0496
  -4.500  -0.1521   0.01939   0.01097  -0.0768   0.9733   0.0672
  -4.250  -0.1128   0.01927   0.01082  -0.0798   0.9675   0.0755
  -4.000  -0.0729   0.01965   0.01108  -0.0831   0.9610   0.0903
  -3.750  -0.0378   0.01948   0.01101  -0.0854   0.9537   0.1017
  -3.500   0.0050   0.01877   0.01028  -0.0888   0.9500   0.1085
  -3.250   0.0389   0.01811   0.00969  -0.0904   0.9427   0.1168
  -3.000   0.0769   0.01745   0.00907  -0.0928   0.9372   0.1306
  -2.750   0.1156   0.01681   0.00858  -0.0954   0.9319   0.1496
  -2.500   0.1514   0.01628   0.00823  -0.0974   0.9253   0.1758
  -2.250   0.1924   0.01572   0.00788  -0.1005   0.9209   0.2198
  -2.000   0.2245   0.01528   0.00767  -0.1017   0.9131   0.2693
  -1.750   0.2573   0.01474   0.00742  -0.1031   0.9062   0.3315
  -1.500   0.2918   0.01400   0.00713  -0.1046   0.9005   0.4317
  -1.250   0.3154   0.01293   0.00706  -0.1035   0.8922   0.6991
  -1.000   0.3567   0.01223   0.00678  -0.1052   0.8859   1.0000
  -0.750   0.3888   0.01208   0.00650  -0.1060   0.8779   1.0000
  -0.500   0.4198   0.01194   0.00623  -0.1066   0.8692   1.0000
  -0.250   0.4483   0.01186   0.00605  -0.1066   0.8587   1.0000
   0.000   0.4757   0.01181   0.00591  -0.1065   0.8475   1.0000
   0.250   0.5029   0.01179   0.00579  -0.1063   0.8360   1.0000
   0.500   0.5299   0.01177   0.00570  -0.1061   0.8243   1.0000
   0.750   0.5570   0.01175   0.00561  -0.1059   0.8125   1.0000
   1.000   0.5840   0.01174   0.00555  -0.1057   0.8004   1.0000
   1.250   0.6112   0.01173   0.00544  -0.1055   0.7883   1.0000
   1.500   0.6378   0.01177   0.00538  -0.1052   0.7749   1.0000
   1.750   0.6648   0.01183   0.00533  -0.1050   0.7617   1.0000
   2.000   0.6912   0.01195   0.00535  -0.1047   0.7478   1.0000
   2.250   0.7066   0.00756   0.00097  -0.1018   0.7245   1.0000
   2.500   0.7422   0.01217   0.00538  -0.1037   0.7157   1.0000
   2.750   0.7668   0.01222   0.00532  -0.1029   0.6961   1.0000
   3.000   0.7916   0.01228   0.00521  -0.1021   0.6754   1.0000
   3.250   0.8158   0.01241   0.00519  -0.1012   0.6531   1.0000
   3.500   0.8398   0.01258   0.00522  -0.1005   0.6316   1.0000
   3.750   0.8637   0.01274   0.00528  -0.0997   0.6102   1.0000
   4.250   0.9118   0.01313   0.00544  -0.0983   0.5715   1.0000
   4.500   0.9359   0.01340   0.00562  -0.0977   0.5539   1.0000
   4.750   0.9601   0.01367   0.00582  -0.0971   0.5372   1.0000
   5.000   0.9842   0.01393   0.00603  -0.0966   0.5209   1.0000
   5.250   1.0082   0.01415   0.00626  -0.0960   0.5034   1.0000
   5.500   1.0316   0.01441   0.00643  -0.0953   0.4866   1.0000
   5.750   1.0546   0.01474   0.00665  -0.0945   0.4693   1.0000
   6.000   1.0766   0.01508   0.00693  -0.0936   0.4471   1.0000
   6.250   1.0938   0.01547   0.00710  -0.0918   0.3923   1.0000
   6.500   1.1059   0.01639   0.00748  -0.0893   0.3299   1.0000
   6.750   1.1204   0.01730   0.00794  -0.0875   0.2460   1.0000
   7.000   1.1311   0.01866   0.00875  -0.0852   0.1780   1.0000
   7.250   1.1438   0.01991   0.00960  -0.0833   0.1269   1.0000
   7.500   1.1598   0.02084   0.01032  -0.0817   0.0950   1.0000
   7.750   1.1754   0.02175   0.01097  -0.0802   0.0735   1.0000
   8.000   1.1905   0.02265   0.01163  -0.0786   0.0599   1.0000
   8.250   1.2066   0.02346   0.01230  -0.0769   0.0453   1.0000
   8.500   1.2201   0.02445   0.01337  -0.0747   0.0382   1.0000
   9.750   1.2784   0.05394   0.04619  -0.0552   0.0447   1.0000
