  
       XFOIL         Version 6.99
  
 Calculated polar for: Airfoil_rR0.816547.txt                          
  
 1 1 Reynolds number fixed          Mach number fixed         
  
 xtrf =   1.000 (top)        1.000 (bottom)  
 Mach =   0.000     Re =     0.150 e 6     Ncrit =   9.000
  
   alpha    CL        CD       CDp       CM     Top_Xtr  Bot_Xtr
  ------ -------- --------- --------- -------- -------- --------
 -16.000  -0.4893   0.19456   0.18926  -0.0003   1.0000   0.0195
 -13.250  -0.4016   0.16031   0.15522  -0.0164   1.0000   0.0383
 -10.750  -0.3464   0.12728   0.12247  -0.0291   1.0000   0.0520
  -8.750  -0.3504   0.10302   0.09861  -0.0373   1.0000   0.0607
  -8.000  -0.3442   0.09381   0.08955  -0.0319   1.0000   0.0629
  -7.750  -0.3526   0.09179   0.08760  -0.0298   1.0000   0.0636
  -6.750  -0.4051   0.08436   0.08048  -0.0220   1.0000   0.0668
  -6.250  -0.3797   0.07434   0.07060  -0.0345   0.9934   0.0714
  -5.500  -0.3127   0.03027   0.02348  -0.0659   0.9872   0.0301
  -5.250  -0.2746   0.02415   0.01641  -0.0688   0.9854   0.0293
  -5.000  -0.2337   0.02078   0.01256  -0.0712   0.9832   0.0317
  -4.750  -0.1889   0.01922   0.01089  -0.0744   0.9801   0.0537
  -4.500  -0.1508   0.01949   0.01103  -0.0771   0.9726   0.0686
  -4.250  -0.1126   0.01933   0.01087  -0.0799   0.9664   0.0762
  -4.000  -0.0718   0.01971   0.01124  -0.0836   0.9606   0.0923
  -3.750  -0.0367   0.01947   0.01100  -0.0857   0.9531   0.1019
  -3.500   0.0026   0.01881   0.01032  -0.0883   0.9481   0.1085
  -3.250   0.0402   0.01810   0.00967  -0.0907   0.9423   0.1174
  -3.000   0.0768   0.01745   0.00907  -0.0928   0.9362   0.1310
  -2.750   0.1169   0.01680   0.00858  -0.0957   0.9315   0.1505
  -2.500   0.1521   0.01628   0.00823  -0.0976   0.9246   0.1769
  -2.250   0.1936   0.01571   0.00788  -0.1007   0.9206   0.2213
  -2.000   0.2253   0.01527   0.00766  -0.1019   0.9126   0.2709
  -1.750   0.2573   0.01474   0.00743  -0.1031   0.9052   0.3321
  -1.500   0.2927   0.01398   0.00711  -0.1048   0.9001   0.4332
  -1.250   0.3160   0.01292   0.00705  -0.1036   0.8917   0.6983
  -1.000   0.3569   0.01223   0.00679  -0.1052   0.8850   1.0000
  -0.750   0.3883   0.01210   0.00652  -0.1059   0.8767   1.0000
  -0.250   0.4476   0.01189   0.00607  -0.1065   0.8572   1.0000
   0.000   0.4755   0.01183   0.00592  -0.1064   0.8463   1.0000
   0.250   0.5029   0.01179   0.00580  -0.1063   0.8349   1.0000
   0.500   0.5301   0.01177   0.00570  -0.1061   0.8234   1.0000
   0.750   0.5573   0.01175   0.00560  -0.1059   0.8118   1.0000
   1.000   0.5841   0.01174   0.00555  -0.1057   0.7995   1.0000
   1.250   0.6110   0.01174   0.00545  -0.1055   0.7871   1.0000
   1.500   0.6379   0.01178   0.00538  -0.1052   0.7740   1.0000
   1.750   0.6651   0.01184   0.00533  -0.1050   0.7610   1.0000
   2.000   0.6911   0.01196   0.00536  -0.1047   0.7467   1.0000
   2.250   0.7171   0.01208   0.00538  -0.1043   0.7320   1.0000
   2.500   0.7422   0.01218   0.00539  -0.1037   0.7147   1.0000
   2.750   0.7668   0.01223   0.00533  -0.1029   0.6952   1.0000
   3.000   0.7917   0.01229   0.00522  -0.1021   0.6747   1.0000
   3.250   0.8159   0.01243   0.00520  -0.1012   0.6526   1.0000
   3.500   0.8400   0.01259   0.00524  -0.1004   0.6313   1.0000
   3.750   0.8638   0.01275   0.00529  -0.0997   0.6101   1.0000
   4.000   0.8878   0.01292   0.00534  -0.0989   0.5899   1.0000
   4.250   0.9119   0.01315   0.00545  -0.0983   0.5713   1.0000
   4.500   0.9360   0.01341   0.00563  -0.0977   0.5537   1.0000
   4.750   0.9602   0.01368   0.00583  -0.0971   0.5370   1.0000
   5.000   0.9843   0.01394   0.00604  -0.0966   0.5208   1.0000
   5.250   1.0083   0.01417   0.00627  -0.0960   0.5034   1.0000
   5.500   1.0317   0.01443   0.00644  -0.0953   0.4868   1.0000
   5.750   1.0547   0.01475   0.00666  -0.0945   0.4696   1.0000
   6.000   1.0770   0.01509   0.00694  -0.0936   0.4488   1.0000
   6.250   1.0949   0.01545   0.00713  -0.0919   0.3959   1.0000
   6.500   1.1067   0.01635   0.00747  -0.0894   0.3348   1.0000
   6.750   1.1216   0.01722   0.00793  -0.0876   0.2540   1.0000
   7.000   1.1320   0.01858   0.00871  -0.0853   0.1830   1.0000
   7.250   1.1442   0.01986   0.00957  -0.0833   0.1303   1.0000
   7.500   1.1606   0.02075   0.01028  -0.0818   0.0979   1.0000
   7.750   1.1758   0.02170   0.01096  -0.0802   0.0758   1.0000
   8.000   1.1908   0.02261   0.01161  -0.0785   0.0615   1.0000
   8.500   1.2200   0.02441   0.01330  -0.0747   0.0390   1.0000
  10.250   1.2703   0.06594   0.05948  -0.0466   0.0642   1.0000
  12.000   1.0731   0.09464   0.08962  -0.0294   0.0644   1.0000
