  
       XFOIL         Version 6.99
  
 Calculated polar for: Airfoil_rR0.160000.txt                          
  
 1 1 Reynolds number fixed          Mach number fixed         
  
 xtrf =   1.000 (top)        1.000 (bottom)  
 Mach =   0.000     Re =     0.050 e 6     Ncrit =   9.000
  
   alpha    CL        CD       CDp       CM     Top_Xtr  Bot_Xtr
  ------ -------- --------- --------- -------- -------- --------
 -20.000  -0.3000   0.23295   0.22340  -0.0207   1.0000   0.1591
 -19.750  -0.3013   0.23313   0.22362  -0.0221   1.0000   0.1605
 -19.500  -0.2908   0.22966   0.22021  -0.0224   1.0000   0.1615
 -19.250  -0.2796   0.22673   0.21732  -0.0225   1.0000   0.1631
 -19.000  -0.1527   0.21700   0.20915  -0.0266   1.0000   0.1633
 -18.750  -0.2655   0.22296   0.21363  -0.0234   1.0000   0.1682
 -18.500  -0.2663   0.22270   0.21341  -0.0245   1.0000   0.1702
 -18.250  -0.2600   0.22041   0.21117  -0.0250   1.0000   0.1712
 -18.000  -0.2477   0.21717   0.20795  -0.0248   1.0000   0.1732
 -17.750  -0.1404   0.21166   0.20396  -0.0261   1.0000   0.1734
 -17.500  -0.2351   0.21365   0.20452  -0.0253   1.0000   0.1786
 -17.250  -0.2393   0.21396   0.20488  -0.0263   1.0000   0.1805
 -17.000  -0.2256   0.21007   0.20105  -0.0259   1.0000   0.1824
 -16.750  -0.2163   0.20788   0.19891  -0.0257   1.0000   0.1854
 -16.500  -0.2134   0.20677   0.19786  -0.0259   1.0000   0.1891
 -16.250  -0.2175   0.20674   0.19789  -0.0266   1.0000   0.1908
 -16.000  -0.2041   0.20309   0.19430  -0.0260   1.0000   0.1923
 -15.750  -0.1959   0.20095   0.19222  -0.0257   1.0000   0.1943
 -15.500  -0.1907   0.19929   0.19061  -0.0255   1.0000   0.1969
 -15.250  -0.1900   0.19830   0.18969  -0.0256   1.0000   0.1994
 -14.750  -0.1839   0.19487   0.18640  -0.0252   1.0000   0.2019
 -14.500  -0.1757   0.19265   0.18424  -0.0245   1.0000   0.2039
 -14.250  -0.1715   0.19104   0.18271  -0.0240   1.0000   0.2067
 -14.000  -0.1733   0.19024   0.18198  -0.0237   1.0000   0.2095
 -13.500  -0.1675   0.18669   0.17859  -0.0225   1.0000   0.2126
 -13.250  -0.1349   0.19663   0.18972  -0.0160   1.0000   0.2125
 -13.000  -0.1638   0.18395   0.17601  -0.0208   1.0000   0.2188
 -12.750  -0.1758   0.18433   0.17648  -0.0205   1.0000   0.2207
 -12.500  -0.1638   0.18107   0.17330  -0.0191   1.0000   0.2227
 -12.250  -0.1609   0.17946   0.17169  -0.0178   1.0000   0.2258
 -12.000  -0.1655   0.17880   0.17112  -0.0169   1.0000   0.2290
 -11.750  -0.1760   0.17860   0.17101  -0.0161   1.0000   0.2310
 -11.500  -0.1676   0.17613   0.16863  -0.0145   1.0000   0.2334
 -11.250  -0.1684   0.17509   0.16768  -0.0130   1.0000   0.2367
 -11.000  -0.1823   0.17544   0.16811  -0.0121   1.0000   0.2401
 -10.750  -0.1811   0.17368   0.16646  -0.0106   1.0000   0.2421
 -10.500  -0.1794   0.17247   0.16535  -0.0089   1.0000   0.2460
 -10.250  -0.1966   0.17320   0.16616  -0.0079   1.0000   0.2502
 -10.000  -0.1932   0.17127   0.16434  -0.0063   1.0000   0.2527
  -9.750  -0.1947   0.17046   0.16363  -0.0047   1.0000   0.2563
  -9.500  -0.2134   0.17119   0.16444  -0.0038   1.0000   0.2602
  -9.250  -0.2128   0.16959   0.16295  -0.0024   1.0000   0.2621
  -9.000  -0.2131   0.16859   0.16203  -0.0009   1.0000   0.2653
  -8.750  -0.1851   0.16615   0.15957  -0.0095   0.9898   0.2714
  -8.500  -0.1441   0.16214   0.15555  -0.0161   0.9780   0.2779
  -8.250  -0.0343   0.16305   0.15674  -0.0344   0.9327   0.2848
  -7.750  -0.0725   0.15305   0.14648  -0.0304   0.9434   0.2937
  -7.500  -0.0630   0.15120   0.14465  -0.0342   0.9324   0.3011
  -7.250  -0.0368   0.14824   0.14169  -0.0380   0.9212   0.3098
  -7.000  -0.0031   0.14447   0.13793  -0.0420   0.9102   0.3173
  -6.750   0.0110   0.14195   0.13542  -0.0442   0.8978   0.3234
  -6.500   0.0083   0.14097   0.13446  -0.0458   0.8857   0.3305
  -6.250   0.0478   0.13663   0.13013  -0.0491   0.8739   0.3372
  -6.000   0.0629   0.13400   0.12751  -0.0512   0.8627   0.3436
  -5.500   0.0846   0.12977   0.12329  -0.0547   0.8412   0.3602
  -5.250   0.1021   0.12730   0.12083  -0.0561   0.8304   0.3701
  -5.000   0.1228   0.12470   0.11826  -0.0564   0.8171   0.3781
  -4.750   0.1386   0.12229   0.11586  -0.0572   0.8058   0.3862
  -4.250   0.1473   0.11899   0.11260  -0.0567   0.7831   0.4016
  -4.000   0.1474   0.11776   0.11138  -0.0559   0.7724   0.4103
  -3.750   0.1724   0.11479   0.10842  -0.0570   0.7620   0.4192
  -3.500   0.1799   0.11305   0.10669  -0.0564   0.7516   0.4296
  -3.250   0.1792   0.11195   0.10561  -0.0547   0.7409   0.4403
  -3.000   0.1992   0.10944   0.10311  -0.0547   0.7308   0.4515
  -2.750   0.2047   0.10795   0.10164  -0.0534   0.7206   0.4614
  -2.000   0.2005   0.10595   0.09974  -0.0460   0.6881   0.4866
  -1.750   0.2051   0.10456   0.09836  -0.0445   0.6800   0.4975
  -1.250   0.1332   0.10930   0.10329  -0.0317   0.6557   0.5070
  -1.000   0.1192   0.10856   0.10256  -0.0283   0.6499   0.5201
  -0.750  -0.1602   0.09810   0.09163  -0.0346   0.6540   0.3315
  -0.500  -0.1229   0.10801   0.10198  -0.0193   0.6422   0.4002
  -0.250  -0.1200   0.10920   0.10326  -0.0148   0.6332   0.4195
   0.000  -0.1565   0.08994   0.08300  -0.0418   0.6352   0.3248
   0.250  -0.1411   0.08700   0.07972  -0.0454   0.6273   0.3307
   0.500  -0.1291   0.08754   0.08035  -0.0435   0.6175   0.3357
   0.750  -0.1085   0.08538   0.07789  -0.0459   0.6087   0.3415
   1.000  -0.1010   0.08572   0.07823  -0.0449   0.6009   0.3451
   1.250  -0.1044   0.08613   0.07850  -0.0447   0.5952   0.3479
   1.500  -0.0809   0.08547   0.07766  -0.0457   0.5891   0.3532
   1.750  -0.0920   0.08724   0.07942  -0.0444   0.5873   0.3551
   2.000  -0.0926   0.08843   0.08047  -0.0443   0.5877   0.3587
   2.250  -0.0852   0.08982   0.08179  -0.0444   0.5896   0.3627
   3.500  -0.1463   0.10020   0.09215  -0.0403   0.6559   0.3749
   3.750  -0.1259   0.10165   0.09352  -0.0406   0.6491   0.3836
   4.750  -0.0823   0.10592   0.09769  -0.0383   0.6158   0.4151
   5.000  -0.0596   0.10794   0.09965  -0.0387   0.6094   0.4266
   5.250  -0.0501   0.10899   0.10068  -0.0380   0.6008   0.4354
   5.500  -0.0410   0.11011   0.10177  -0.0374   0.5920   0.4449
   5.750  -0.0287   0.11146   0.10309  -0.0370   0.5826   0.4556
   6.000  -0.0169   0.11279   0.10439  -0.0365   0.5735   0.4666
   6.500   0.0148   0.11634   0.10789  -0.0366   0.5585   0.4925
   6.750   0.0327   0.11815   0.10971  -0.0368   0.5504   0.5077
   7.000   0.0424   0.11952   0.11106  -0.0367   0.5416   0.5225
   7.250   0.0530   0.12113   0.11269  -0.0367   0.5338   0.5379
   7.500   0.0704   0.12334   0.11494  -0.0373   0.5279   0.5575
   7.750   0.0903   0.12551   0.11710  -0.0381   0.5207   0.5807
   8.000   0.0967   0.12691   0.11859  -0.0382   0.5140   0.5978
   8.250   0.1197   0.12962   0.12137  -0.0393   0.5089   0.6268
   8.500   0.1323   0.13119   0.12308  -0.0399   0.5015   0.6534
   8.750   0.1435   0.13295   0.12497  -0.0406   0.4948   0.6863
   9.000   0.1723   0.13587   0.12825  -0.0425   0.4891   0.7469
   9.250   0.2159   0.13822   0.13125  -0.0498   0.4800   1.0000
   9.500   0.2300   0.14008   0.13276  -0.0529   0.4719   1.0000
   9.750   0.2435   0.14224   0.13464  -0.0546   0.4651   1.0000
  10.000   0.2723   0.14583   0.13795  -0.0563   0.4599   1.0000
  10.250   0.2742   0.14683   0.13882  -0.0568   0.4526   1.0000
  10.500   0.2871   0.14914   0.14096  -0.0575   0.4473   1.0000
  10.750   0.3064   0.15170   0.14336  -0.0583   0.4407   1.0000
  11.000   0.3109   0.15315   0.14471  -0.0588   0.4344   1.0000
  11.250   0.3376   0.15685   0.14825  -0.0597   0.4298   1.0000
  11.500   0.3359   0.15748   0.14881  -0.0601   0.4234   1.0000
  11.750   0.3616   0.16132   0.15251  -0.0610   0.4197   1.0000
  12.000   0.3591   0.16178   0.15292  -0.0615   0.4134   1.0000
  12.250   0.3846   0.16569   0.15670  -0.0623   0.4097   1.0000
  12.500   0.3818   0.16602   0.15699  -0.0628   0.4038   1.0000
  12.750   0.4048   0.16956   0.16043  -0.0636   0.4000   1.0000
  13.000   0.4040   0.17025   0.16107  -0.0643   0.3950   1.0000
  13.250   0.4233   0.17321   0.16394  -0.0650   0.3907   1.0000
  13.500   0.4270   0.17453   0.16521  -0.0658   0.3863   1.0000
  13.750   0.4439   0.17708   0.16768  -0.0664   0.3811   1.0000
  14.000   0.4500   0.17864   0.16919  -0.0672   0.3766   1.0000
  14.250   0.4671   0.18115   0.17164  -0.0679   0.3710   1.0000
  14.500   0.4725   0.18259   0.17303  -0.0687   0.3663   1.0000
  14.750   0.4880   0.18498   0.17536  -0.0694   0.3614   1.0000
  15.000   0.4981   0.18719   0.17752  -0.0703   0.3583   1.0000
  15.250   0.5064   0.18867   0.17897  -0.0712   0.3530   1.0000
  15.750   0.5265   0.19270   0.18293  -0.0730   0.3458   1.0000
  16.000   0.5414   0.19516   0.18535  -0.0738   0.3415   1.0000
  16.250   0.5545   0.19796   0.18812  -0.0747   0.3390   1.0000
  16.500   0.5581   0.19876   0.18890  -0.0759   0.3342   1.0000
  16.750   0.4212   0.19333   0.18528  -0.0662   0.3110   1.0000
  17.000   0.5812   0.20336   0.19344  -0.0778   0.3280   1.0000
  17.250   0.5903   0.20491   0.19498  -0.0788   0.3228   1.0000
  17.500   0.4471   0.19938   0.19133  -0.0685   0.3002   1.0000
  17.750   0.6096   0.20873   0.19867  -0.0809   0.3152   1.0000
  18.250   0.6377   0.21420   0.20406  -0.0827   0.3092   1.0000
  18.500   0.6399   0.21464   0.20450  -0.0842   0.3048   1.0000
  19.500   0.6858   0.22340   0.21317  -0.0883   0.2908   1.0000
  20.000   0.5094   0.21655   0.20848  -0.0779   0.2645   1.0000
