  
       XFOIL         Version 6.99
  
 Calculated polar for: Airfoil_rR0.990400.txt                          
  
 1 1 Reynolds number fixed          Mach number fixed         
  
 xtrf =   1.000 (top)        1.000 (bottom)  
 Mach =   0.000     Re =     0.150 e 6     Ncrit =   9.000
  
   alpha    CL        CD       CDp       CM     Top_Xtr  Bot_Xtr
  ------ -------- --------- --------- -------- -------- --------
 -12.500  -0.3179   0.15201   0.14722  -0.0266   1.0000   0.0464
 -12.000  -0.3211   0.14687   0.14210  -0.0296   1.0000   0.0496
 -11.750  -0.3319   0.14568   0.14093  -0.0323   1.0000   0.0500
 -10.500  -0.2988   0.12528   0.12066  -0.0321   1.0000   0.0546
 -10.000  -0.3300   0.11726   0.11255  -0.0310   1.0000   0.0559
  -8.500  -0.3092   0.09983   0.09561  -0.0339   1.0000   0.0621
  -7.250  -0.3841   0.08867   0.08467  -0.0238   1.0000   0.0648
  -6.750  -0.4067   0.08419   0.08032  -0.0221   1.0000   0.0668
  -5.500  -0.3120   0.02861   0.02163  -0.0664   0.9873   0.0297
  -5.250  -0.2730   0.02348   0.01562  -0.0690   0.9853   0.0294
  -5.000  -0.2321   0.02049   0.01227  -0.0716   0.9828   0.0332
  -4.750  -0.1887   0.01948   0.01110  -0.0745   0.9785   0.0584
  -4.500  -0.1490   0.01962   0.01109  -0.0775   0.9719   0.0698
  -4.250  -0.1118   0.01940   0.01093  -0.0802   0.9653   0.0770
  -4.000  -0.0708   0.01995   0.01153  -0.0840   0.9596   0.0945
  -3.750  -0.0352   0.01946   0.01098  -0.0860   0.9524   0.1019
  -3.500   0.0022   0.01882   0.01032  -0.0883   0.9466   0.1084
  -3.250   0.0418   0.01809   0.00966  -0.0910   0.9417   0.1177
  -3.000   0.0774   0.01744   0.00907  -0.0929   0.9352   0.1313
  -2.750   0.1187   0.01678   0.00857  -0.0961   0.9311   0.1514
  -2.500   0.1533   0.01628   0.00822  -0.0979   0.9238   0.1786
  -2.250   0.1951   0.01569   0.00787  -0.1011   0.9202   0.2230
  -2.000   0.2264   0.01525   0.00766  -0.1021   0.9120   0.2724
  -1.750   0.2577   0.01474   0.00743  -0.1031   0.9043   0.3331
  -1.500   0.2907   0.01405   0.00716  -0.1044   0.8978   0.4292
  -1.250   0.3168   0.01291   0.00703  -0.1037   0.8911   0.6981
  -1.000   0.3574   0.01223   0.00679  -0.1053   0.8841   1.0000
  -0.750   0.3883   0.01211   0.00653  -0.1059   0.8754   1.0000
  -0.250   0.4473   0.01190   0.00609  -0.1064   0.8558   1.0000
   0.000   0.4754   0.01184   0.00593  -0.1064   0.8450   1.0000
   0.250   0.5030   0.01180   0.00581  -0.1063   0.8339   1.0000
   0.500   0.5304   0.01177   0.00570  -0.1061   0.8225   1.0000
   0.750   0.5577   0.01175   0.00560  -0.1060   0.8109   1.0000
   1.000   0.5837   0.01177   0.00558  -0.1056   0.7980   1.0000
   1.250   0.6110   0.01176   0.00547  -0.1054   0.7858   1.0000
   1.500   0.6381   0.01179   0.00539  -0.1052   0.7730   1.0000
   1.750   0.6655   0.01185   0.00533  -0.1050   0.7603   1.0000
   2.000   0.6910   0.01198   0.00538  -0.1046   0.7454   1.0000
   2.250   0.7174   0.01209   0.00538  -0.1043   0.7311   1.0000
   2.500   0.7422   0.01220   0.00540  -0.1036   0.7137   1.0000
   2.750   0.7669   0.01225   0.00534  -0.1029   0.6944   1.0000
   3.000   0.7918   0.01231   0.00524  -0.1021   0.6739   1.0000
   3.250   0.8160   0.01245   0.00521  -0.1012   0.6520   1.0000
   3.500   0.8401   0.01261   0.00525  -0.1004   0.6308   1.0000
   3.750   0.8639   0.01277   0.00531  -0.0996   0.6094   1.0000
   4.000   0.8878   0.01293   0.00535  -0.0989   0.5892   1.0000
   4.250   0.9119   0.01317   0.00546  -0.0982   0.5709   1.0000
   4.500   0.9361   0.01343   0.00564  -0.0976   0.5532   1.0000
   4.750   0.9602   0.01370   0.00584  -0.0971   0.5365   1.0000
   5.000   0.9843   0.01396   0.00605  -0.0965   0.5205   1.0000
   5.250   1.0083   0.01418   0.00629  -0.0959   0.5032   1.0000
   5.500   1.0318   0.01444   0.00646  -0.0952   0.4867   1.0000
   5.750   1.0548   0.01477   0.00667  -0.0944   0.4698   1.0000
   6.000   1.0772   0.01511   0.00695  -0.0936   0.4502   1.0000
   6.250   1.0958   0.01543   0.00717  -0.0920   0.3997   1.0000
   6.500   1.1073   0.01633   0.00747  -0.0894   0.3406   1.0000
   6.750   1.1217   0.01720   0.00792  -0.0875   0.2628   1.0000
   7.000   1.1329   0.01849   0.00868  -0.0853   0.1886   1.0000
   7.250   1.1449   0.01978   0.00954  -0.0833   0.1337   1.0000
   7.750   1.1759   0.02166   0.01095  -0.0801   0.0783   1.0000
   8.000   1.1911   0.02255   0.01160  -0.0785   0.0633   1.0000
   8.250   1.2077   0.02330   0.01221  -0.0770   0.0481   1.0000
  10.000   1.2871   0.05992   0.05241  -0.0531   0.0489   1.0000
