  
       XFOIL         Version 6.99
  
 Calculated polar for: Airfoil_rR0.985360.txt                          
  
 1 1 Reynolds number fixed          Mach number fixed         
  
 xtrf =   1.000 (top)        1.000 (bottom)  
 Mach =   0.000     Re =     0.250 e 6     Ncrit =   9.000
  
   alpha    CL        CD       CDp       CM     Top_Xtr  Bot_Xtr
  ------ -------- --------- --------- -------- -------- --------
  -8.750  -0.3287   0.09850   0.09502  -0.0338   1.0000   0.0440
  -8.250  -0.3158   0.09478   0.09155  -0.0307   1.0000   0.0456
  -5.750  -0.2232   0.01785   0.01075  -0.0867   0.9647   0.0206
  -5.500  -0.1856   0.01575   0.00835  -0.0888   0.9621   0.0215
  -5.250  -0.1443   0.01477   0.00727  -0.0913   0.9601   0.0309
  -5.000  -0.1126   0.01439   0.00690  -0.0923   0.9537   0.0466
  -4.750  -0.0730   0.01438   0.00695  -0.0952   0.9510   0.0547
  -4.500  -0.0392   0.01431   0.00681  -0.0967   0.9457   0.0600
  -4.250  -0.0028   0.01394   0.00651  -0.0990   0.9421   0.0667
  -4.000   0.0304   0.01394   0.00653  -0.1006   0.9373   0.0781
  -3.750   0.0627   0.01342   0.00605  -0.1018   0.9324   0.0841
  -3.500   0.0937   0.01292   0.00558  -0.1027   0.9268   0.0919
  -3.250   0.1252   0.01246   0.00520  -0.1037   0.9214   0.1027
  -3.000   0.1535   0.01211   0.00489  -0.1040   0.9139   0.1164
  -2.750   0.1826   0.01170   0.00456  -0.1044   0.9072   0.1342
  -2.500   0.2117   0.01132   0.00429  -0.1049   0.9003   0.1607
  -2.250   0.2391   0.01100   0.00409  -0.1050   0.8920   0.1927
  -2.000   0.2666   0.01072   0.00394  -0.1051   0.8833   0.2311
  -1.750   0.2939   0.01046   0.00379  -0.1051   0.8739   0.2720
  -1.500   0.3206   0.01016   0.00368  -0.1051   0.8641   0.3249
  -1.250   0.3467   0.00981   0.00360  -0.1051   0.8541   0.4066
  -1.000   0.3706   0.00923   0.00358  -0.1046   0.8436   0.5688
  -0.750   0.3886   0.00855   0.00362  -0.1021   0.8327   0.7931
  -0.500   0.4306   0.00822   0.00348  -0.1047   0.8222   1.0000
   0.250   0.5091   0.00830   0.00324  -0.1040   0.7839   1.0000
   0.500   0.5356   0.00837   0.00318  -0.1038   0.7706   1.0000
   0.750   0.5614   0.00846   0.00318  -0.1035   0.7549   1.0000
   1.000   0.5873   0.00858   0.00319  -0.1032   0.7395   1.0000
   1.250   0.6127   0.00868   0.00319  -0.1028   0.7219   1.0000
   1.500   0.6380   0.00878   0.00319  -0.1024   0.7028   1.0000
   1.750   0.6631   0.00890   0.00314  -0.1019   0.6834   1.0000
   2.000   0.6877   0.00908   0.00314  -0.1014   0.6611   1.0000
   2.250   0.7120   0.00927   0.00317  -0.1008   0.6363   1.0000
   2.500   0.7364   0.00944   0.00322  -0.1002   0.6116   1.0000
   2.750   0.7607   0.00963   0.00325  -0.0997   0.5879   1.0000
   3.000   0.7853   0.00987   0.00333  -0.0992   0.5699   1.0000
   3.250   0.8101   0.01010   0.00345  -0.0988   0.5523   1.0000
   3.500   0.8350   0.01033   0.00358  -0.0985   0.5346   1.0000
   3.750   0.8600   0.01053   0.00371  -0.0982   0.5165   1.0000
   4.000   0.8850   0.01072   0.00384  -0.0978   0.4967   1.0000
   4.500   0.9332   0.01127   0.00415  -0.0968   0.4640   1.0000
   4.750   0.9576   0.01156   0.00435  -0.0964   0.4485   1.0000
   5.000   0.9819   0.01182   0.00456  -0.0960   0.4306   1.0000
   5.250   1.0067   0.01203   0.00475  -0.0956   0.4048   1.0000
   5.500   1.0275   0.01249   0.00495  -0.0946   0.3750   1.0000
   5.750   1.0455   0.01322   0.00536  -0.0932   0.3241   1.0000
   6.000   1.0554   0.01471   0.00603  -0.0908   0.1928   1.0000
   6.250   1.0687   0.01601   0.00682  -0.0889   0.1231   1.0000
   6.500   1.0870   0.01683   0.00741  -0.0877   0.0865   1.0000
   6.750   1.1053   0.01761   0.00799  -0.0864   0.0653   1.0000
   7.000   1.1262   0.01813   0.00845  -0.0855   0.0564   1.0000
   7.250   1.1464   0.01868   0.00887  -0.0846   0.0476   1.0000
   7.500   1.1658   0.01929   0.00932  -0.0835   0.0415   1.0000
  16.500   1.0136   0.20886   0.20507  -0.1100   0.0434   1.0000
