  
       XFOIL         Version 6.99
  
 Calculated polar for: Airfoil_rR0.656413.txt                          
  
 1 1 Reynolds number fixed          Mach number fixed         
  
 xtrf =   1.000 (top)        1.000 (bottom)  
 Mach =   0.000     Re =     0.100 e 6     Ncrit =   9.000
  
   alpha    CL        CD       CDp       CM     Top_Xtr  Bot_Xtr
  ------ -------- --------- --------- -------- -------- --------
 -13.750  -0.4000   0.16662   0.16040  -0.0182   1.0000   0.0570
 -12.750  -0.3123   0.15583   0.15002  -0.0297   1.0000   0.0622
 -11.000  -0.3096   0.13429   0.12866  -0.0351   1.0000   0.0709
  -9.750  -0.3262   0.11573   0.11010  -0.0342   1.0000   0.0785
  -9.000  -0.3314   0.10649   0.10107  -0.0351   1.0000   0.0819
  -8.250  -0.3381   0.09849   0.09327  -0.0327   1.0000   0.0875
  -8.000  -0.3534   0.10005   0.09517  -0.0319   1.0000   0.0900
  -7.250  -0.4065   0.09066   0.08586  -0.0287   1.0000   0.0908
  -7.000  -0.4098   0.08764   0.08290  -0.0270   1.0000   0.0913
  -6.500  -0.4183   0.08151   0.07687  -0.0259   1.0000   0.0923
  -6.000  -0.4200   0.05837   0.05322  -0.0423   1.0000   0.0482
  -5.750  -0.3933   0.03705   0.03002  -0.0557   1.0000   0.0399
  -5.500  -0.3633   0.03040   0.02247  -0.0586   1.0000   0.0425
  -5.250  -0.3355   0.02790   0.01957  -0.0592   1.0000   0.0546
  -5.000  -0.3142   0.02787   0.01946  -0.0590   1.0000   0.0741
  -4.750  -0.2946   0.02802   0.01958  -0.0587   1.0000   0.0843
  -4.500  -0.2752   0.02813   0.01967  -0.0584   1.0000   0.0936
  -4.250  -0.2351   0.03005   0.02194  -0.0628   0.9924   0.1180
  -4.000  -0.1903   0.02799   0.01933  -0.0667   0.9876   0.1185
  -3.750  -0.1463   0.02647   0.01731  -0.0703   0.9822   0.1204
  -3.500  -0.1056   0.02542   0.01625  -0.0736   0.9761   0.1244
  -3.250  -0.0606   0.02447   0.01509  -0.0774   0.9706   0.1314
  -3.000  -0.0205   0.02371   0.01431  -0.0803   0.9627   0.1411
  -2.750   0.0203   0.02305   0.01378  -0.0833   0.9548   0.1553
  -2.500   0.0622   0.02250   0.01329  -0.0866   0.9472   0.1802
  -2.250   0.1058   0.02200   0.01304  -0.0903   0.9403   0.2150
  -2.000   0.1430   0.02147   0.01272  -0.0926   0.9315   0.2575
  -1.750   0.1793   0.02090   0.01246  -0.0947   0.9229   0.3128
  -1.500   0.2157   0.02027   0.01227  -0.0969   0.9146   0.3980
  -1.000   0.2889   0.01820   0.01186  -0.0988   0.9005   1.0000
  -0.750   0.3270   0.01815   0.01159  -0.1010   0.8914   1.0000
  -0.500   0.3641   0.01808   0.01136  -0.1030   0.8823   1.0000
  -0.250   0.3997   0.01799   0.01114  -0.1045   0.8732   1.0000
   0.000   0.4344   0.01789   0.01094  -0.1058   0.8640   1.0000
   0.250   0.4683   0.01779   0.01074  -0.1069   0.8548   1.0000
   0.500   0.5015   0.01767   0.01055  -0.1078   0.8452   1.0000
   0.750   0.5336   0.01755   0.01038  -0.1085   0.8353   1.0000
   1.000   0.5647   0.01745   0.01027  -0.1089   0.8248   1.0000
   1.250   0.5951   0.01736   0.01011  -0.1092   0.8142   1.0000
   1.500   0.6247   0.01730   0.00997  -0.1093   0.8032   1.0000
   1.750   0.6553   0.01718   0.00978  -0.1096   0.7927   1.0000
   2.000   0.6860   0.01705   0.00956  -0.1098   0.7819   1.0000
   2.250   0.7164   0.01693   0.00936  -0.1099   0.7706   1.0000
   2.500   0.7431   0.01701   0.00938  -0.1095   0.7572   1.0000
   2.750   0.7704   0.01711   0.00941  -0.1092   0.7441   1.0000
   3.000   0.7986   0.01716   0.00939  -0.1090   0.7316   1.0000
   3.250   0.8251   0.01730   0.00946  -0.1086   0.7179   1.0000
   3.500   0.8506   0.01741   0.00952  -0.1079   0.7029   1.0000
   3.750   0.8779   0.01735   0.00935  -0.1073   0.6874   1.0000
   4.000   0.9051   0.01728   0.00914  -0.1066   0.6704   1.0000
   4.250   0.9296   0.01734   0.00910  -0.1056   0.6513   1.0000
   4.500   0.9536   0.01744   0.00912  -0.1045   0.6322   1.0000
   4.750   0.9772   0.01760   0.00921  -0.1035   0.6141   1.0000
   5.000   1.0009   0.01773   0.00928  -0.1026   0.5966   1.0000
   5.250   1.0261   0.01781   0.00923  -0.1018   0.5797   1.0000
   5.500   1.0492   0.01804   0.00939  -0.1007   0.5615   1.0000
   5.750   1.0720   0.01832   0.00963  -0.0998   0.5439   1.0000
   6.000   1.0945   0.01858   0.00986  -0.0987   0.5265   1.0000
   6.250   1.1164   0.01882   0.01009  -0.0976   0.5087   1.0000
   6.500   1.1380   0.01904   0.01028  -0.0964   0.4909   1.0000
   6.750   1.1584   0.01929   0.01043  -0.0949   0.4695   1.0000
   7.000   1.1718   0.01959   0.01055  -0.0922   0.4304   1.0000
   7.250   1.1816   0.02001   0.01067  -0.0891   0.3777   1.0000
   7.750   1.2101   0.02140   0.01165  -0.0849   0.2911   1.0000
  10.000   1.2925   0.05238   0.04236  -0.0570   0.0409   1.0000
  10.250   1.2987   0.05527   0.04578  -0.0536   0.0425   1.0000
  10.750   1.2826   0.06275   0.05426  -0.0452   0.0456   1.0000
  11.000   1.2735   0.06669   0.05850  -0.0419   0.0469   1.0000
  14.000   0.9090   0.13786   0.13226  -0.0478   0.0466   1.0000
