  
       XFOIL         Version 6.99
  
 Calculated polar for: Airfoil_rR0.416213.txt                          
  
 1 1 Reynolds number fixed          Mach number fixed         
  
 xtrf =   1.000 (top)        1.000 (bottom)  
 Mach =   0.000     Re =     0.150 e 6     Ncrit =   9.000
  
   alpha    CL        CD       CDp       CM     Top_Xtr  Bot_Xtr
  ------ -------- --------- --------- -------- -------- --------
 -17.500  -0.3051   0.19786   0.19304  -0.0284   1.0000   0.0353
 -13.000  -0.2959   0.15459   0.14999  -0.0339   1.0000   0.0463
 -11.250  -0.3557   0.13066   0.12614  -0.0387   1.0000   0.0600
 -10.500  -0.3353   0.12350   0.11891  -0.0340   1.0000   0.0815
 -10.000  -0.3022   0.12284   0.11850  -0.0303   1.0000   0.0839
  -9.500  -0.3302   0.11452   0.11009  -0.0302   1.0000   0.0857
  -9.000  -0.3728   0.11077   0.10649  -0.0311   1.0000   0.0898
  -7.500  -0.4944   0.07309   0.06944  -0.0390   0.9991   0.0501
  -7.250  -0.4725   0.06454   0.06083  -0.0508   0.9933   0.0511
  -7.000  -0.4062   0.09321   0.08933  -0.0205   0.9958   0.0973
  -6.750  -0.4106   0.04379   0.03887  -0.0791   0.9823   0.0595
  -6.500  -0.3740   0.04250   0.03671  -0.0839   0.9769   0.0700
  -6.000  -0.3033   0.03695   0.03095  -0.0917   0.9695   0.0749
  -5.750  -0.2785   0.05308   0.04850  -0.0812   0.9605   0.1019
  -5.500  -0.2526   0.05634   0.05197  -0.0786   0.9533   0.1221
  -5.250  -0.1840   0.02880   0.02105  -0.1036   0.9553   0.0803
  -5.000  -0.1436   0.02768   0.02002  -0.1069   0.9512   0.0834
  -4.750  -0.1084   0.02676   0.01895  -0.1089   0.9452   0.0861
  -4.500  -0.0664   0.02544   0.01735  -0.1120   0.9416   0.0874
  -4.250  -0.0297   0.02438   0.01606  -0.1140   0.9360   0.0891
  -4.000   0.0112   0.02325   0.01490  -0.1167   0.9319   0.0919
  -3.750   0.0471   0.02254   0.01422  -0.1185   0.9257   0.0967
  -3.500   0.0883   0.02171   0.01343  -0.1212   0.9215   0.1047
  -3.250   0.1231   0.02106   0.01281  -0.1227   0.9149   0.1173
  -3.000   0.1652   0.02023   0.01210  -0.1256   0.9112   0.1380
  -2.750   0.1985   0.01975   0.01172  -0.1269   0.9040   0.1593
  -2.500   0.2415   0.01911   0.01122  -0.1299   0.9006   0.1902
  -2.250   0.2746   0.01870   0.01094  -0.1311   0.8930   0.2196
  -2.000   0.3190   0.01798   0.01040  -0.1343   0.8903   0.2558
  -1.750   0.3526   0.01750   0.01008  -0.1354   0.8828   0.2930
  -1.500   0.3981   0.01676   0.00955  -0.1388   0.8803   0.3458
  -1.250   0.4306   0.01629   0.00932  -0.1397   0.8724   0.4014
  -1.000   0.4652   0.01573   0.00908  -0.1409   0.8656   0.4745
  -0.750   0.5030   0.01501   0.00876  -0.1425   0.8608   0.5780
  -0.500   0.5309   0.01447   0.00862  -0.1419   0.8522   0.6923
  -0.250   0.5526   0.01394   0.00843  -0.1394   0.8433   0.8139
   0.000   0.5789   0.01337   0.00798  -0.1378   0.8337   1.0000
   0.250   0.6135   0.01320   0.00779  -0.1390   0.8233   1.0000
   0.750   0.6810   0.01291   0.00720  -0.1410   0.8009   1.0000
   1.000   0.7147   0.01280   0.00694  -0.1420   0.7895   1.0000
   1.250   0.7437   0.01282   0.00683  -0.1420   0.7751   1.0000
   1.500   0.7755   0.01280   0.00666  -0.1426   0.7613   1.0000
   1.750   0.8036   0.01289   0.00661  -0.1425   0.7456   1.0000
   2.000   0.8329   0.01296   0.00653  -0.1426   0.7305   1.0000
   2.250   0.8588   0.01309   0.00655  -0.1421   0.7136   1.0000
   2.500   0.8851   0.01322   0.00656  -0.1416   0.6967   1.0000
   2.750   0.9128   0.01335   0.00653  -0.1415   0.6810   1.0000
   3.000   0.9386   0.01356   0.00662  -0.1410   0.6644   1.0000
   3.250   0.9648   0.01379   0.00671  -0.1406   0.6485   1.0000
   3.500   0.9899   0.01403   0.00685  -0.1400   0.6323   1.0000
   3.750   1.0146   0.01428   0.00701  -0.1393   0.6166   1.0000
   4.000   1.0388   0.01452   0.00716  -0.1386   0.6005   1.0000
   4.250   1.0633   0.01477   0.00729  -0.1379   0.5849   1.0000
   4.500   1.0881   0.01507   0.00745  -0.1373   0.5695   1.0000
   4.750   1.1108   0.01538   0.00769  -0.1363   0.5526   1.0000
   5.000   1.1339   0.01570   0.00791  -0.1354   0.5366   1.0000
   5.250   1.1564   0.01601   0.00813  -0.1344   0.5206   1.0000
   5.500   1.1775   0.01629   0.00839  -0.1331   0.5040   1.0000
   5.750   1.2000   0.01659   0.00858  -0.1321   0.4902   1.0000
   6.000   1.2221   0.01695   0.00888  -0.1311   0.4762   1.0000
   6.250   1.2438   0.01733   0.00920  -0.1300   0.4624   1.0000
   6.500   1.2651   0.01772   0.00952  -0.1289   0.4485   1.0000
   7.500   1.2962   0.01983   0.01100  -0.1146   0.2916   1.0000
   7.750   1.3046   0.02070   0.01152  -0.1116   0.2493   1.0000
   8.000   1.3116   0.02178   0.01224  -0.1085   0.2135   1.0000
   8.250   1.3188   0.02297   0.01307  -0.1056   0.1760   1.0000
   8.500   1.3271   0.02414   0.01397  -0.1030   0.1419   1.0000
   8.750   1.3366   0.02526   0.01492  -0.1005   0.1211   1.0000
   9.000   1.3479   0.02627   0.01586  -0.0983   0.1044   1.0000
   9.250   1.3552   0.02756   0.01700  -0.0957   0.0822   1.0000
   9.500   1.3628   0.02885   0.01821  -0.0933   0.0662   1.0000
   9.750   1.3722   0.03005   0.01941  -0.0911   0.0592   1.0000
  10.000   1.3874   0.03084   0.02036  -0.0896   0.0494   1.0000
  11.500   1.4180   0.04101   0.03083  -0.0772   0.0199   1.0000
  11.750   1.4225   0.04296   0.03290  -0.0756   0.0196   1.0000
  12.000   1.4260   0.04508   0.03516  -0.0740   0.0195   1.0000
  12.250   1.4282   0.04741   0.03764  -0.0726   0.0194   1.0000
  12.500   1.4285   0.04999   0.04039  -0.0713   0.0194   1.0000
  12.750   1.4273   0.05285   0.04342  -0.0702   0.0194   1.0000
  13.000   1.4246   0.05598   0.04674  -0.0692   0.0195   1.0000
  13.250   1.4202   0.05945   0.05038  -0.0686   0.0195   1.0000
  14.000   1.3177   0.07708   0.06886  -0.0612   0.0197   1.0000
  15.000   1.3696   0.08949   0.08157  -0.0701   0.0205   1.0000
  16.000   1.3738   0.10170   0.09425  -0.0686   0.0233   1.0000
  18.500   1.2642   0.16598   0.16098  -0.1004   0.0316   1.0000
