  
       XFOIL         Version 6.99
  
 Calculated polar for: Airfoil_rR0.176560.txt                          
  
 1 1 Reynolds number fixed          Mach number fixed         
  
 xtrf =   1.000 (top)        1.000 (bottom)  
 Mach =   0.000     Re =     0.200 e 6     Ncrit =   9.000
  
   alpha    CL        CD       CDp       CM     Top_Xtr  Bot_Xtr
  ------ -------- --------- --------- -------- -------- --------
 -19.750  -0.3645   0.21953   0.21471  -0.0226   1.0000   0.0711
 -19.250  -0.3380   0.21604   0.21128  -0.0220   1.0000   0.0729
 -18.750  -0.1994   0.20602   0.20212  -0.0250   1.0000   0.0738
 -18.250  -0.3200   0.20652   0.20184  -0.0258   1.0000   0.0816
 -18.000  -0.3094   0.20475   0.20008  -0.0257   1.0000   0.0822
 -17.250  -0.2849   0.19956   0.19495  -0.0260   1.0000   0.0851
 -16.750  -0.1866   0.19711   0.19330  -0.0236   1.0000   0.0871
 -15.750  -0.1929   0.19311   0.18935  -0.0232   1.0000   0.0921
 -15.250  -0.1828   0.19075   0.18704  -0.0229   0.9994   0.0940
 -15.000  -0.1718   0.18862   0.18489  -0.0253   0.9979   0.0959
 -14.250  -0.2477   0.17419   0.16996  -0.0273   1.0000   0.1020
 -14.000  -0.1465   0.17804   0.17423  -0.0344   0.9924   0.1029
 -13.750  -0.1321   0.17574   0.17193  -0.0367   0.9912   0.1046
 -13.500  -0.2326   0.17003   0.16592  -0.0244   1.0000   0.1055
 -13.250  -0.2329   0.16842   0.16435  -0.0238   1.0000   0.1077
 -12.500  -0.2168   0.15852   0.15448  -0.0324   0.9954   0.1115
 -12.250  -0.0706   0.15609   0.15212  -0.0531   0.9801   0.1132
 -11.750  -0.1376   0.14936   0.14526  -0.0436   0.9870   0.1151
 -11.250  -0.7375   0.04628   0.04039  -0.1088   0.9537   0.1107
 -11.000  -0.7004   0.04521   0.03945  -0.1110   0.9510   0.1123
 -10.750  -0.6755   0.04446   0.03876  -0.1116   0.9441   0.1135
 -10.500  -0.6434   0.04308   0.03734  -0.1147   0.9404   0.1153
 -10.250  -0.6279   0.04095   0.03505  -0.1162   0.9322   0.1171
 -10.000  -0.6125   0.03827   0.03205  -0.1183   0.9242   0.1193
  -9.500  -0.5516   0.03558   0.02922  -0.1218   0.9132   0.1228
  -9.250  -0.0071   0.10389   0.09967  -0.0860   0.9504   0.1229
  -9.000  -0.4872   0.03349   0.02701  -0.1250   0.9026   0.1271
  -8.750  -0.4614   0.03190   0.02510  -0.1263   0.8958   0.1298
  -8.500  -0.4255   0.03056   0.02374  -0.1283   0.8917   0.1319
  -8.000  -0.3532   0.02884   0.02204  -0.1314   0.8826   0.1367
  -7.750  -0.3129   0.02749   0.02037  -0.1344   0.8806   0.1405
  -7.250  -0.2413   0.02612   0.01921  -0.1368   0.8705   0.1461
  -7.000  -0.2148   0.02523   0.01805  -0.1368   0.8619   0.1495
  -6.750  -0.1806   0.02436   0.01718  -0.1380   0.8555   0.1521
  -6.500  -0.1369   0.02359   0.01646  -0.1406   0.8514   0.1551
  -6.250  -0.0979   0.02271   0.01543  -0.1427   0.8450   0.1586
  -6.000  -0.0471   0.02168   0.01430  -0.1470   0.8408   0.1621
  -5.750  -0.0127   0.02117   0.01384  -0.1481   0.8303   0.1650
  -5.500   0.0104   0.02070   0.01326  -0.1470   0.8167   0.1682
  -5.250   0.0633   0.01994   0.01242  -0.1517   0.8098   0.1725
  -5.000   0.1070   0.01957   0.01204  -0.1546   0.7993   0.1767
  -4.750   0.1311   0.01924   0.01151  -0.1538   0.7841   0.1805
  -4.500   0.1681   0.01886   0.01120  -0.1553   0.7711   0.1838
  -4.250   0.2012   0.01860   0.01086  -0.1560   0.7570   0.1876
  -4.000   0.2282   0.01834   0.01048  -0.1557   0.7414   0.1915
  -3.750   0.2574   0.01816   0.01028  -0.1556   0.7272   0.1953
  -3.500   0.2846   0.01797   0.00990  -0.1553   0.7126   0.2000
  -3.250   0.3103   0.01774   0.00968  -0.1546   0.6979   0.2035
  -3.000   0.3372   0.01760   0.00945  -0.1542   0.6841   0.2083
  -2.750   0.3631   0.01745   0.00923  -0.1536   0.6700   0.2127
  -2.500   0.3833   0.01735   0.00912  -0.1519   0.6545   0.2172
  -2.250   0.4094   0.01725   0.00891  -0.1513   0.6415   0.2223
  -2.000   0.4340   0.01724   0.00886  -0.1504   0.6278   0.2274
  -1.750   0.4545   0.01720   0.00879  -0.1487   0.6129   0.2326
  -1.500   0.4753   0.01717   0.00880  -0.1471   0.5989   0.2385
  -1.250   0.4996   0.01713   0.00867  -0.1462   0.5871   0.2446
  -1.000   0.5237   0.01714   0.00858  -0.1453   0.5750   0.2517
  -0.750   0.5446   0.01713   0.00859  -0.1438   0.5622   0.2585
  -0.500   0.5660   0.01713   0.00859  -0.1423   0.5503   0.2651
  -0.250   0.5896   0.01720   0.00857  -0.1413   0.5399   0.2728
   0.000   0.6131   0.01731   0.00859  -0.1403   0.5291   0.2818
   0.250   0.6366   0.01742   0.00863  -0.1393   0.5182   0.2913
   0.500   0.6562   0.01747   0.00871  -0.1376   0.5061   0.3006
   0.750   0.6778   0.01754   0.00879  -0.1363   0.4959   0.3098
   1.000   0.7007   0.01769   0.00888  -0.1352   0.4865   0.3201
   1.250   0.7239   0.01787   0.00900  -0.1342   0.4771   0.3311
   1.500   0.7471   0.01803   0.00914  -0.1332   0.4676   0.3423
   1.750   0.7694   0.01817   0.00929  -0.1321   0.4578   0.3537
   2.000   0.7916   0.01834   0.00947  -0.1309   0.4488   0.3651
   2.250   0.8143   0.01854   0.00962  -0.1299   0.4404   0.3783
   2.500   0.8364   0.01874   0.00983  -0.1288   0.4319   0.3918
   2.750   0.8587   0.01894   0.01006  -0.1277   0.4239   0.4056
   3.000   0.8811   0.01916   0.01028  -0.1266   0.4163   0.4207
   3.250   0.9031   0.01937   0.01052  -0.1255   0.4091   0.4356
   3.500   0.9245   0.01960   0.01076  -0.1244   0.4019   0.4521
   3.750   0.9463   0.01985   0.01102  -0.1232   0.3950   0.4707
   4.000   0.9684   0.02012   0.01130  -0.1222   0.3887   0.4893
   4.250   0.9890   0.02040   0.01164  -0.1209   0.3818   0.5096
   4.500   1.0099   0.02067   0.01197  -0.1197   0.3752   0.5324
   4.750   1.0310   0.02096   0.01229  -0.1185   0.3692   0.5564
   5.000   1.0494   0.02122   0.01268  -0.1169   0.3622   0.5843
   5.250   1.0687   0.02150   0.01305  -0.1155   0.3566   0.6126
   5.500   1.0888   0.02180   0.01338  -0.1141   0.3516   0.6463
   5.750   1.1083   0.02213   0.01380  -0.1127   0.3462   0.6861
   6.000   1.1267   0.02244   0.01422  -0.1110   0.3408   0.7298
   6.250   1.1420   0.02271   0.01468  -0.1087   0.3356   0.7893
   6.500   1.1510   0.02268   0.01489  -0.1049   0.3312   0.9219
   6.750   1.1690   0.02306   0.01524  -0.1036   0.3261   1.0000
   7.000   1.1881   0.02357   0.01568  -0.1025   0.3211   1.0000
   7.250   1.2063   0.02411   0.01619  -0.1013   0.3163   1.0000
   7.500   1.2240   0.02465   0.01667  -0.1000   0.3117   1.0000
   7.750   1.2422   0.02522   0.01717  -0.0989   0.3075   1.0000
   8.000   1.2596   0.02583   0.01773  -0.0976   0.3032   1.0000
   8.250   1.2807   0.02639   0.01822  -0.0969   0.2995   1.0000
   8.500   1.2953   0.02712   0.01899  -0.0953   0.2949   1.0000
   8.750   1.3139   0.02777   0.01955  -0.0943   0.2909   1.0000
   9.000   1.3293   0.02853   0.02031  -0.0929   0.2867   1.0000
   9.250   1.3441   0.02929   0.02107  -0.0915   0.2825   1.0000
   9.500   1.3609   0.03002   0.02174  -0.0904   0.2789   1.0000
   9.750   1.3708   0.03097   0.02279  -0.0885   0.2743   1.0000
  10.000   1.3842   0.03180   0.02360  -0.0871   0.2706   1.0000
  10.250   1.3972   0.03271   0.02452  -0.0857   0.2670   1.0000
  10.500   1.4101   0.03362   0.02541  -0.0844   0.2636   1.0000
  10.750   1.4266   0.03439   0.02607  -0.0834   0.2606   1.0000
  11.000   1.4394   0.03542   0.02710  -0.0821   0.2571   1.0000
  11.250   1.4513   0.03650   0.02819  -0.0808   0.2536   1.0000
  11.500   1.4691   0.03729   0.02888  -0.0800   0.2505   1.0000
  11.750   1.4795   0.03853   0.03016  -0.0787   0.2472   1.0000
  12.000   1.4896   0.03977   0.03144  -0.0774   0.2438   1.0000
  12.250   1.5063   0.04065   0.03230  -0.0766   0.2409   1.0000
  12.500   1.5154   0.04201   0.03371  -0.0753   0.2380   1.0000
  12.750   1.5185   0.04376   0.03560  -0.0738   0.2346   1.0000
  13.000   1.5281   0.04511   0.03695  -0.0728   0.2317   1.0000
  13.250   1.5416   0.04620   0.03800  -0.0719   0.2294   1.0000
  13.500   1.5449   0.04809   0.04001  -0.0707   0.2267   1.0000
  13.750   1.5528   0.04965   0.04160  -0.0698   0.2241   1.0000
  14.000   1.5651   0.05087   0.04279  -0.0691   0.2220   1.0000
  14.250   1.5855   0.05144   0.04324  -0.0686   0.2200   1.0000
  14.500   1.5862   0.05370   0.04564  -0.0675   0.2176   1.0000
  14.750   1.5894   0.05577   0.04780  -0.0666   0.2152   1.0000
  15.000   1.5990   0.05729   0.04933  -0.0660   0.2131   1.0000
  15.250   1.6155   0.05819   0.05016  -0.0655   0.2111   1.0000
  15.500   1.6319   0.05914   0.05109  -0.0650   0.2092   1.0000
  15.750   1.6225   0.06247   0.05462  -0.0641   0.2070   1.0000
  16.000   1.6219   0.06504   0.05731  -0.0635   0.2049   1.0000
  16.250   1.6294   0.06683   0.05912  -0.0630   0.2029   1.0000
  16.500   1.6470   0.06760   0.05982  -0.0626   0.2011   1.0000
  16.750   1.6649   0.06836   0.06053  -0.0622   0.1994   1.0000
  17.000   1.6368   0.07388   0.06637  -0.0619   0.1973   1.0000
  17.250   1.6201   0.07844   0.07114  -0.0619   0.1950   1.0000
  17.500   1.6167   0.08158   0.07437  -0.0620   0.1930   1.0000
  17.750   1.6267   0.08315   0.07593  -0.0619   0.1914   1.0000
  18.000   1.6502   0.08313   0.07581  -0.0614   0.1900   1.0000
  18.250   1.6229   0.08918   0.08212  -0.0622   0.1882   1.0000
  18.500   1.5886   0.09640   0.08961  -0.0638   0.1860   1.0000
  18.750   1.5720   0.10150   0.09486  -0.0651   0.1841   1.0000
  19.000   1.5742   0.10415   0.09755  -0.0657   0.1826   1.0000
  19.250   1.5954   0.10421   0.09755  -0.0653   0.1815   1.0000
  19.500   1.6294   0.10258   0.09582  -0.0643   0.1804   1.0000
  19.750   0.6381   0.21008   0.20602  -0.0883   0.1507   1.0000
