  
       XFOIL         Version 6.99
  
 Calculated polar for: Airfoil_rR0.980307.txt                          
  
 1 1 Reynolds number fixed          Mach number fixed         
  
 xtrf =   1.000 (top)        1.000 (bottom)  
 Mach =   0.000     Re =     0.050 e 6     Ncrit =   9.000
  
   alpha    CL        CD       CDp       CM     Top_Xtr  Bot_Xtr
  ------ -------- --------- --------- -------- -------- --------
 -19.000  -0.6024   0.23513   0.22590   0.0199   1.0000   0.0594
 -18.750  -0.5991   0.23675   0.22754   0.0166   1.0000   0.0601
 -18.250  -0.3718   0.20941   0.20131  -0.0109   1.0000   0.0744
 -17.750  -0.5581   0.22155   0.21243   0.0108   1.0000   0.0695
 -17.250  -0.5384   0.21424   0.20521   0.0080   1.0000   0.0731
 -17.000  -0.5290   0.21131   0.20231   0.0065   1.0000   0.0764
 -16.000  -0.3448   0.19367   0.18553  -0.0182   1.0000   0.0886
 -14.250  -0.3437   0.18199   0.17384  -0.0227   1.0000   0.1000
 -12.250  -0.3248   0.15786   0.14983  -0.0263   1.0000   0.1193
 -11.250  -0.3232   0.14657   0.13867  -0.0289   1.0000   0.1300
 -11.000  -0.3102   0.14119   0.13333  -0.0283   1.0000   0.1331
 -10.750  -0.3075   0.13811   0.13028  -0.0287   1.0000   0.1374
 -10.500  -0.3459   0.13299   0.12494  -0.0262   1.0000   0.1372
 -10.250  -0.3048   0.13176   0.12405  -0.0295   1.0000   0.1428
 -10.000  -0.3394   0.12675   0.11882  -0.0276   1.0000   0.1431
  -9.500  -0.2991   0.12221   0.11468  -0.0300   1.0000   0.1538
  -9.250  -0.3300   0.11743   0.10971  -0.0286   1.0000   0.1546
  -9.000  -0.3056   0.11702   0.10966  -0.0305   1.0000   0.1612
  -8.750  -0.2986   0.11325   0.10595  -0.0295   1.0000   0.1667
  -8.500  -0.3306   0.10912   0.10166  -0.0287   1.0000   0.1679
  -8.250  -0.3021   0.10746   0.10035  -0.0284   1.0000   0.1747
  -8.000  -0.3149   0.10596   0.09897  -0.0279   1.0000   0.1794
  -7.750  -0.3131   0.10240   0.09550  -0.0265   1.0000   0.1829
  -7.500  -0.3455   0.09879   0.09176  -0.0250   1.0000   0.1839
  -7.250  -0.3598   0.09741   0.09051  -0.0231   1.0000   0.1886
  -7.000  -0.3376   0.09559   0.08903  -0.0206   1.0000   0.1958
  -6.750  -0.3722   0.09239   0.08571  -0.0201   1.0000   0.1972
  -6.500  -0.3845   0.09024   0.08369  -0.0201   1.0000   0.2014
  -6.250  -0.3858   0.08737   0.08089  -0.0185   1.0000   0.2077
  -5.250  -0.3648   0.06115   0.05405  -0.0417   1.0000   0.0975
  -5.000  -0.3425   0.05228   0.04461  -0.0478   1.0000   0.0879
  -4.750  -0.3126   0.04375   0.03513  -0.0530   1.0000   0.0890
  -4.500  -0.2834   0.03872   0.02941  -0.0551   1.0000   0.1108
  -4.250  -0.2790   0.04188   0.03336  -0.0516   1.0000   0.1612
  -4.000  -0.2685   0.04246   0.03425  -0.0490   1.0000   0.1981
  -3.750  -0.2323   0.03809   0.02913  -0.0528   1.0000   0.1921
  -3.500  -0.2014   0.03542   0.02594  -0.0547   1.0000   0.1927
  -3.250  -0.1728   0.03350   0.02363  -0.0559   1.0000   0.1963
  -3.000  -0.1447   0.03191   0.02165  -0.0570   1.0000   0.2022
  -2.750  -0.1208   0.03108   0.02071  -0.0573   1.0000   0.2150
  -2.500  -0.0954   0.03027   0.01964  -0.0579   1.0000   0.2303
  -2.250  -0.0716   0.02950   0.01883  -0.0581   1.0000   0.2437
  -2.000  -0.0469   0.02884   0.01808  -0.0585   1.0000   0.2620
  -1.750  -0.0237   0.02844   0.01768  -0.0587   1.0000   0.2898
  -1.500  -0.0003   0.02811   0.01749  -0.0590   1.0000   0.3269
  -1.250   0.0250   0.02775   0.01730  -0.0596   1.0000   0.3785
  -1.000   0.0526   0.02712   0.01721  -0.0605   1.0000   0.4671
  -0.750   0.0619   0.02509   0.01721  -0.0560   1.0000   0.8992
  -0.500   0.0797   0.02572   0.01713  -0.0564   1.0000   1.0000
  -0.250   0.1210   0.02682   0.01778  -0.0609   0.9917   1.0000
   0.000   0.1736   0.02799   0.01861  -0.0673   0.9762   1.0000
   0.250   0.2212   0.02904   0.01941  -0.0726   0.9618   1.0000
   0.500   0.2627   0.02998   0.02018  -0.0767   0.9477   1.0000
   0.750   0.3022   0.03085   0.02092  -0.0803   0.9333   1.0000
   1.000   0.3443   0.03173   0.02168  -0.0843   0.9204   1.0000
   1.250   0.3749   0.03254   0.02243  -0.0862   0.9058   1.0000
   1.500   0.4108   0.03334   0.02317  -0.0888   0.8925   1.0000
   1.750   0.4497   0.03410   0.02389  -0.0919   0.8801   1.0000
   2.000   0.4748   0.03496   0.02474  -0.0926   0.8655   1.0000
   2.250   0.5073   0.03577   0.02554  -0.0944   0.8525   1.0000
   2.500   0.5413   0.03655   0.02628  -0.0964   0.8406   1.0000
   2.750   0.5645   0.03750   0.02720  -0.0967   0.8264   1.0000
   3.000   0.5946   0.03825   0.02793  -0.0978   0.8128   1.0000
   3.250   0.6300   0.03880   0.02848  -0.0995   0.8004   1.0000
   3.500   0.6504   0.03983   0.02950  -0.0992   0.7860   1.0000
   3.750   0.6772   0.04073   0.03041  -0.0998   0.7735   1.0000
   4.000   0.7059   0.04157   0.03127  -0.1006   0.7618   1.0000
   4.250   0.7382   0.04217   0.03190  -0.1015   0.7502   1.0000
   4.500   0.7507   0.04367   0.03341  -0.1003   0.7359   1.0000
   4.750   0.7750   0.04460   0.03438  -0.1003   0.7234   1.0000
   5.000   0.8021   0.04539   0.03522  -0.1004   0.7118   1.0000
   5.250   0.8313   0.04601   0.03591  -0.1006   0.7004   1.0000
   5.500   0.8431   0.04760   0.03754  -0.0993   0.6863   1.0000
   6.250   0.9640   0.04468   0.03492  -0.0980   0.6415   1.0000
   6.500   1.0375   0.03905   0.02936  -0.0969   0.6198   1.0000
   6.750   1.0697   0.03734   0.02771  -0.0944   0.5960   1.0000
   7.000   1.1175   0.03435   0.02469  -0.0929   0.5718   1.0000
   7.250   1.1488   0.03322   0.02358  -0.0910   0.5482   1.0000
   7.500   1.1733   0.03263   0.02303  -0.0887   0.5226   1.0000
   7.750   1.1928   0.03112   0.02137  -0.0847   0.4837   1.0000
   8.000   1.1972   0.03008   0.01995  -0.0789   0.4302   1.0000
   8.250   1.1926   0.03035   0.01994  -0.0733   0.3764   1.0000
  14.500   0.8538   0.15495   0.14681  -0.0544   0.0665   1.0000
  14.750   0.8354   0.16091   0.15282  -0.0565   0.0682   1.0000
  16.500   1.0043   0.21715   0.20868  -0.1133   0.1540   1.0000
