  
       XFOIL         Version 6.99
  
 Calculated polar for: Airfoil_rR0.549653.txt                          
  
 1 1 Reynolds number fixed          Mach number fixed         
  
 xtrf =   1.000 (top)        1.000 (bottom)  
 Mach =   0.000     Re =     0.250 e 6     Ncrit =   9.000
  
   alpha    CL        CD       CDp       CM     Top_Xtr  Bot_Xtr
  ------ -------- --------- --------- -------- -------- --------
 -13.250  -0.3050   0.15550   0.15176  -0.0331   1.0000   0.0326
 -10.000  -0.3259   0.10844   0.10496  -0.0351   1.0000   0.0281
  -7.750  -0.4560   0.03048   0.02561  -0.0844   0.9817   0.0189
  -7.500  -0.4223   0.02449   0.01869  -0.0892   0.9798   0.0185
  -7.250  -0.3912   0.02130   0.01500  -0.0911   0.9757   0.0188
  -6.750  -0.3133   0.02199   0.01521  -0.0961   0.9673   0.0510
  -6.500  -0.2785   0.02170   0.01502  -0.0983   0.9631   0.0538
  -6.250  -0.2393   0.02141   0.01463  -0.1012   0.9606   0.0571
  -6.000  -0.2089   0.02113   0.01425  -0.1024   0.9549   0.0621
  -5.750  -0.1717   0.02116   0.01437  -0.1050   0.9518   0.0672
  -5.500  -0.1328   0.02030   0.01328  -0.1076   0.9496   0.0690
  -5.250  -0.1022   0.01942   0.01224  -0.1084   0.9437   0.0696
  -5.000  -0.0637   0.01830   0.01099  -0.1109   0.9415   0.0695
  -4.750  -0.0283   0.01740   0.01000  -0.1127   0.9379   0.0697
  -4.500   0.0062   0.01663   0.00917  -0.1142   0.9335   0.0702
  -4.250   0.0453   0.01555   0.00814  -0.1168   0.9316   0.0718
  -4.000   0.0805   0.01488   0.00752  -0.1186   0.9277   0.0742
  -3.750   0.1142   0.01432   0.00696  -0.1199   0.9229   0.0782
  -3.500   0.1521   0.01361   0.00632  -0.1221   0.9204   0.0858
  -3.250   0.1816   0.01313   0.00591  -0.1226   0.9135   0.0985
  -3.000   0.2180   0.01261   0.00546  -0.1245   0.9102   0.1188
  -2.750   0.2464   0.01219   0.00515  -0.1248   0.9025   0.1410
  -2.500   0.2775   0.01181   0.00489  -0.1256   0.8960   0.1707
  -2.250   0.3111   0.01140   0.00462  -0.1269   0.8906   0.2050
  -2.000   0.3408   0.01112   0.00444  -0.1274   0.8821   0.2422
  -1.750   0.3705   0.01082   0.00429  -0.1279   0.8735   0.2865
  -1.500   0.3998   0.01053   0.00416  -0.1283   0.8644   0.3364
  -1.250   0.4284   0.01025   0.00405  -0.1286   0.8547   0.3934
  -1.000   0.4562   0.00992   0.00398  -0.1288   0.8442   0.4748
  -0.750   0.4821   0.00950   0.00399  -0.1284   0.8333   0.6089
  -0.500   0.5031   0.00905   0.00405  -0.1266   0.8220   0.7673
   0.000   0.5574   0.00864   0.00383  -0.1253   0.7970   1.0000
   0.250   0.5854   0.00867   0.00373  -0.1254   0.7840   1.0000
   0.500   0.6134   0.00873   0.00372  -0.1254   0.7704   1.0000
   0.750   0.6397   0.00884   0.00369  -0.1251   0.7540   1.0000
   1.000   0.6661   0.00895   0.00366  -0.1249   0.7373   1.0000
   1.250   0.6921   0.00907   0.00364  -0.1245   0.7205   1.0000
   1.500   0.7174   0.00918   0.00366  -0.1240   0.7019   1.0000
   1.750   0.7432   0.00932   0.00364  -0.1237   0.6852   1.0000
   2.000   0.7690   0.00950   0.00367  -0.1233   0.6687   1.0000
   2.250   0.7941   0.00969   0.00373  -0.1228   0.6505   1.0000
   2.500   0.8188   0.00989   0.00379  -0.1222   0.6309   1.0000
   2.750   0.8432   0.01007   0.00387  -0.1216   0.6106   1.0000
   3.000   0.8674   0.01026   0.00392  -0.1210   0.5905   1.0000
   3.250   0.8918   0.01050   0.00402  -0.1204   0.5729   1.0000
   3.500   0.9161   0.01076   0.00416  -0.1199   0.5552   1.0000
   3.750   0.9402   0.01102   0.00431  -0.1193   0.5373   1.0000
   4.000   0.9643   0.01126   0.00446  -0.1187   0.5190   1.0000
   4.250   0.9884   0.01146   0.00461  -0.1181   0.4989   1.0000
   4.500   1.0119   0.01174   0.00475  -0.1174   0.4834   1.0000
   4.750   1.0354   0.01205   0.00495  -0.1167   0.4686   1.0000
   5.000   1.0594   0.01233   0.00517  -0.1161   0.4544   1.0000
   5.250   1.0831   0.01263   0.00540  -0.1155   0.4409   1.0000
   5.500   1.1071   0.01289   0.00563  -0.1150   0.4262   1.0000
   5.750   1.1296   0.01315   0.00582  -0.1141   0.3981   1.0000
   6.000   1.1450   0.01381   0.00612  -0.1121   0.3616   1.0000
   6.250   1.1620   0.01446   0.00652  -0.1104   0.3170   1.0000
   6.500   1.1774   0.01522   0.00691  -0.1085   0.2593   1.0000
   6.750   1.1931   0.01604   0.00743  -0.1068   0.2181   1.0000
   7.000   1.2079   0.01692   0.00803  -0.1049   0.1768   1.0000
   7.500   1.2383   0.01856   0.00925  -0.1013   0.1198   1.0000
   8.000   1.2435   0.02178   0.01203  -0.0932   0.0197   1.0000
   8.250   1.2555   0.02276   0.01306  -0.0906   0.0184   1.0000
   8.500   1.2694   0.02360   0.01405  -0.0885   0.0178   1.0000
   8.750   1.2833   0.02446   0.01506  -0.0864   0.0177   1.0000
   9.000   1.2961   0.02540   0.01616  -0.0842   0.0177   1.0000
   9.250   1.3071   0.02648   0.01737  -0.0818   0.0179   1.0000
   9.500   1.3160   0.02772   0.01874  -0.0794   0.0181   1.0000
   9.750   1.3223   0.02919   0.02034  -0.0767   0.0184   1.0000
  10.000   1.3262   0.03089   0.02217  -0.0740   0.0187   1.0000
  10.250   1.3277   0.03285   0.02425  -0.0713   0.0190   1.0000
