  
       XFOIL         Version 6.99
  
 Calculated polar for: Airfoil_rR0.229373.txt                          
  
 1 1 Reynolds number fixed          Mach number fixed         
  
 xtrf =   1.000 (top)        1.000 (bottom)  
 Mach =   0.000     Re =     0.250 e 6     Ncrit =   9.000
  
   alpha    CL        CD       CDp       CM     Top_Xtr  Bot_Xtr
  ------ -------- --------- --------- -------- -------- --------
 -20.000  -0.4279   0.22436   0.22005  -0.0196   1.0000   0.0500
 -18.750  -0.2567   0.20465   0.20108  -0.0274   1.0000   0.0515
 -17.750  -0.3579   0.20256   0.19845  -0.0249   1.0000   0.0530
 -17.000  -0.2355   0.19667   0.19318  -0.0270   1.0000   0.0558
 -16.500  -0.3275   0.19141   0.18740  -0.0277   1.0000   0.0578
 -15.000  -0.2530   0.18177   0.17834  -0.0289   1.0000   0.0613
 -14.750  -0.2487   0.18021   0.17679  -0.0280   1.0000   0.0618
 -14.000  -0.2436   0.17513   0.17177  -0.0262   1.0000   0.0645
 -13.500  -0.3006   0.15905   0.15538  -0.0305   1.0000   0.0724
 -13.250  -0.2497   0.16642   0.16309  -0.0270   0.9995   0.0737
 -12.250  -0.7939   0.05590   0.05132  -0.0833   0.9960   0.0709
 -12.000  -0.2071   0.14872   0.14532  -0.0399   0.9922   0.0833
 -11.750  -0.8070   0.04464   0.03960  -0.0994   0.9816   0.0721
 -11.500  -0.7872   0.04263   0.03752  -0.1021   0.9762   0.0729
 -11.250  -0.7618   0.04069   0.03547  -0.1054   0.9717   0.0738
 -11.000  -0.7399   0.03875   0.03339  -0.1077   0.9661   0.0748
 -10.750  -0.7132   0.03679   0.03125  -0.1106   0.9618   0.0758
 -10.500  -0.6881   0.03504   0.02931  -0.1127   0.9571   0.0768
 -10.250  -0.2014   0.12021   0.11660  -0.0535   0.9835   0.0926
 -10.000  -0.6250   0.03184   0.02570  -0.1180   0.9505   0.0790
  -9.750  -0.6017   0.03065   0.02432  -0.1185   0.9439   0.0799
  -9.500  -0.5680   0.02896   0.02249  -0.1210   0.9413   0.0813
  -9.250  -0.5399   0.02795   0.02145  -0.1219   0.9365   0.0827
  -9.000  -0.5057   0.02717   0.02067  -0.1236   0.9328   0.0843
  -8.750  -0.4660   0.02630   0.01975  -0.1263   0.9307   0.0864
  -8.500  -0.4379   0.02548   0.01880  -0.1268   0.9241   0.0887
  -8.250  -0.3991   0.02440   0.01764  -0.1294   0.9215   0.0915
  -8.000  -0.3573   0.02377   0.01708  -0.1322   0.9199   0.0947
  -7.750  -0.3301   0.02331   0.01652  -0.1322   0.9125   0.0983
  -7.500  -0.2898   0.02251   0.01568  -0.1347   0.9106   0.1023
  -7.250  -0.2617   0.02209   0.01528  -0.1348   0.9040   0.1055
  -7.000  -0.2222   0.02143   0.01445  -0.1371   0.9016   0.1096
  -6.750  -0.1823   0.02051   0.01345  -0.1394   0.9002   0.1136
  -6.500  -0.1557   0.02007   0.01302  -0.1391   0.8929   0.1166
  -6.250  -0.1153   0.01936   0.01218  -0.1414   0.8910   0.1206
  -5.750  -0.0419   0.01808   0.01093  -0.1444   0.8828   0.1288
  -5.500   0.0018   0.01728   0.01017  -0.1474   0.8809   0.1335
  -5.250   0.0334   0.01684   0.00971  -0.1479   0.8738   0.1381
  -5.000   0.0775   0.01618   0.00909  -0.1510   0.8706   0.1435
  -4.750   0.1092   0.01583   0.00873  -0.1516   0.8622   0.1486
  -4.500   0.1461   0.01541   0.00834  -0.1532   0.8549   0.1539
  -4.250   0.1953   0.01496   0.00783  -0.1572   0.8498   0.1614
  -4.000   0.2346   0.01460   0.00748  -0.1593   0.8412   0.1680
  -3.750   0.2689   0.01431   0.00719  -0.1605   0.8303   0.1746
  -3.500   0.2948   0.01411   0.00697  -0.1598   0.8166   0.1815
  -3.250   0.3316   0.01389   0.00673  -0.1614   0.8059   0.1899
  -3.000   0.3651   0.01372   0.00654  -0.1623   0.7933   0.1983
  -2.750   0.3948   0.01357   0.00638  -0.1625   0.7790   0.2066
  -2.500   0.4253   0.01343   0.00621  -0.1628   0.7651   0.2156
  -2.250   0.4559   0.01334   0.00607  -0.1631   0.7509   0.2251
  -2.000   0.4807   0.01329   0.00601  -0.1623   0.7349   0.2351
  -1.750   0.5089   0.01324   0.00590  -0.1621   0.7209   0.2469
  -1.500   0.5338   0.01320   0.00585  -0.1614   0.7057   0.2592
  -1.250   0.5604   0.01320   0.00594  -0.1609   0.6912   0.2710
  -1.000   0.5856   0.01322   0.00592  -0.1602   0.6764   0.2841
  -0.750   0.6105   0.01325   0.00590  -0.1594   0.6615   0.2979
  -0.500   0.6340   0.01328   0.00590  -0.1584   0.6461   0.3111
  -0.250   0.6592   0.01336   0.00592  -0.1576   0.6321   0.3256
   0.000   0.6821   0.01344   0.00596  -0.1565   0.6165   0.3414
   0.250   0.7040   0.01347   0.00599  -0.1551   0.6003   0.3569
   0.500   0.7277   0.01356   0.00603  -0.1542   0.5866   0.3739
   0.750   0.7515   0.01369   0.00611  -0.1532   0.5730   0.3919
   1.000   0.7744   0.01380   0.00621  -0.1521   0.5590   0.4105
   1.250   0.7967   0.01389   0.00631  -0.1509   0.5455   0.4297
   1.750   0.8420   0.01417   0.00654  -0.1486   0.5212   0.4725
   2.000   0.8633   0.01426   0.00671  -0.1472   0.5080   0.4955
   2.250   0.8851   0.01439   0.00684  -0.1459   0.4961   0.5236
   2.500   0.9074   0.01454   0.00702  -0.1448   0.4859   0.5515
   2.750   0.9301   0.01472   0.00722  -0.1437   0.4756   0.5849
   3.000   0.9528   0.01490   0.00747  -0.1426   0.4656   0.6226
   3.250   0.9750   0.01507   0.00773  -0.1414   0.4558   0.6642
   3.500   0.9965   0.01523   0.00799  -0.1400   0.4468   0.7109
   3.750   1.0163   0.01539   0.00824  -0.1383   0.4386   0.7632
   4.000   1.0327   0.01549   0.00847  -0.1357   0.4305   0.8264
   4.250   1.0419   0.01534   0.00849  -0.1314   0.4227   0.9911
   4.500   1.0658   0.01564   0.00870  -0.1308   0.4137   1.0000
   4.750   1.0880   0.01595   0.00893  -0.1298   0.4049   1.0000
   5.000   1.1095   0.01629   0.00917  -0.1288   0.3967   1.0000
   5.250   1.1307   0.01667   0.00943  -0.1277   0.3892   1.0000
   5.500   1.1517   0.01706   0.00974  -0.1265   0.3809   1.0000
   5.750   1.1723   0.01744   0.01007  -0.1253   0.3727   1.0000
   6.000   1.1927   0.01783   0.01042  -0.1241   0.3648   1.0000
   6.250   1.2128   0.01825   0.01076  -0.1229   0.3575   1.0000
   6.500   1.2327   0.01870   0.01112  -0.1216   0.3511   1.0000
   6.750   1.2526   0.01915   0.01154  -0.1204   0.3442   1.0000
   7.000   1.2724   0.01963   0.01196  -0.1192   0.3378   1.0000
   7.250   1.2913   0.02009   0.01240  -0.1178   0.3313   1.0000
   7.500   1.3102   0.02053   0.01298  -0.1165   0.3248   1.0000
   7.750   1.3283   0.02102   0.01343  -0.1151   0.3189   1.0000
   8.000   1.3460   0.02149   0.01391  -0.1136   0.3123   1.0000
   8.250   1.3631   0.02203   0.01442  -0.1121   0.3064   1.0000
   8.500   1.3794   0.02261   0.01495  -0.1105   0.3008   1.0000
   8.750   1.3960   0.02321   0.01554  -0.1090   0.2951   1.0000
   9.000   1.4117   0.02390   0.01614  -0.1074   0.2900   1.0000
   9.250   1.4275   0.02455   0.01683  -0.1059   0.2839   1.0000
   9.500   1.4426   0.02528   0.01752  -0.1043   0.2787   1.0000
   9.750   1.4574   0.02597   0.01827  -0.1027   0.2723   1.0000
  10.000   1.4715   0.02675   0.01903  -0.1011   0.2671   1.0000
  10.250   1.4846   0.02758   0.01983  -0.0995   0.2621   1.0000
  10.500   1.4972   0.02849   0.02071  -0.0978   0.2568   1.0000
  10.750   1.5081   0.02948   0.02168  -0.0960   0.2509   1.0000
  11.000   1.5188   0.03052   0.02274  -0.0943   0.2446   1.0000
  11.250   1.5328   0.03147   0.02373  -0.0930   0.2416   1.0000
  11.500   1.5437   0.03255   0.02485  -0.0914   0.2364   1.0000
  11.750   1.5532   0.03374   0.02606  -0.0898   0.2307   1.0000
  12.000   1.5620   0.03499   0.02735  -0.0883   0.2250   1.0000
  12.250   1.5686   0.03644   0.02873  -0.0866   0.2199   1.0000
  12.500   1.5762   0.03791   0.03027  -0.0852   0.2138   1.0000
  12.750   1.5819   0.03956   0.03188  -0.0838   0.2086   1.0000
  13.000   1.5887   0.04122   0.03361  -0.0826   0.2024   1.0000
  13.250   1.5952   0.04294   0.03536  -0.0814   0.1970   1.0000
  13.500   1.6019   0.04470   0.03716  -0.0804   0.1916   1.0000
  13.750   1.6077   0.04656   0.03905  -0.0794   0.1875   1.0000
  14.000   1.6135   0.04848   0.04098  -0.0785   0.1840   1.0000
  14.250   1.6171   0.05061   0.04310  -0.0775   0.1811   1.0000
  14.500   1.6217   0.05269   0.04521  -0.0767   0.1779   1.0000
  14.750   1.6230   0.05522   0.04780  -0.0760   0.1725   1.0000
  15.000   1.6241   0.05772   0.05029  -0.0753   0.1693   1.0000
  15.250   1.6298   0.05988   0.05256  -0.0748   0.1659   1.0000
  15.500   1.6326   0.06234   0.05508  -0.0743   0.1626   1.0000
  15.750   1.6332   0.06503   0.05778  -0.0739   0.1599   1.0000
  16.000   1.6383   0.06736   0.06023  -0.0736   0.1568   1.0000
  16.250   1.6412   0.06994   0.06291  -0.0735   0.1534   1.0000
  16.500   1.6415   0.07284   0.06585  -0.0734   0.1505   1.0000
  16.750   1.6419   0.07574   0.06880  -0.0733   0.1481   1.0000
  17.000   1.6417   0.07875   0.07185  -0.0734   0.1458   1.0000
  17.250   1.6398   0.08198   0.07512  -0.0735   0.1435   1.0000
  17.500   1.6372   0.08531   0.07846  -0.0737   0.1414   1.0000
  17.750   1.6359   0.08842   0.08156  -0.0739   0.1394   1.0000
  18.000   1.6387   0.09105   0.08433  -0.0741   0.1383   1.0000
  18.250   1.6384   0.09417   0.08755  -0.0745   0.1362   1.0000
  18.500   1.6373   0.09737   0.09084  -0.0750   0.1341   1.0000
  18.750   1.6355   0.10065   0.09415  -0.0756   0.1320   1.0000
  19.000   1.6348   0.10370   0.09719  -0.0761   0.1300   1.0000
  19.250   1.6332   0.10716   0.10079  -0.0771   0.1279   1.0000
  19.500   1.6311   0.11068   0.10445  -0.0782   0.1254   1.0000
  19.750   1.6285   0.11424   0.10811  -0.0794   0.1228   1.0000
  20.000   1.6259   0.11780   0.11172  -0.0806   0.1205   1.0000
