  
       XFOIL         Version 6.99
  
 Calculated polar for: Airfoil_rR0.229373.txt                          
  
 1 1 Reynolds number fixed          Mach number fixed         
  
 xtrf =   1.000 (top)        1.000 (bottom)  
 Mach =   0.000     Re =     0.150 e 6     Ncrit =   9.000
  
   alpha    CL        CD       CDp       CM     Top_Xtr  Bot_Xtr
  ------ -------- --------- --------- -------- -------- --------
 -20.000  -0.2549   0.21441   0.20974  -0.0268   1.0000   0.0631
 -19.750  -0.2512   0.21302   0.20836  -0.0270   1.0000   0.0638
 -19.250  -0.2445   0.21027   0.20564  -0.0275   1.0000   0.0654
 -19.000  -0.2416   0.20889   0.20428  -0.0278   1.0000   0.0663
 -18.750  -0.2393   0.20750   0.20290  -0.0281   1.0000   0.0674
 -18.500  -0.3674   0.21239   0.20699  -0.0235   1.0000   0.0674
 -18.250  -0.3624   0.21014   0.20477  -0.0247   1.0000   0.0688
 -17.750  -0.3771   0.20881   0.20350  -0.0302   1.0000   0.0702
 -17.500  -0.3666   0.20459   0.19932  -0.0304   1.0000   0.0705
 -17.250  -0.3513   0.20057   0.19533  -0.0298   1.0000   0.0708
 -16.750  -0.3300   0.19535   0.19014  -0.0294   1.0000   0.0718
 -16.500  -0.3218   0.19320   0.18802  -0.0294   1.0000   0.0725
 -16.250  -0.2230   0.19478   0.19030  -0.0292   1.0000   0.0740
 -16.000  -0.3082   0.18893   0.18381  -0.0298   1.0000   0.0745
 -15.500  -0.2995   0.18431   0.17925  -0.0306   1.0000   0.0779
 -14.750  -0.2995   0.17575   0.17081  -0.0329   1.0000   0.0813
 -14.500  -0.2893   0.17361   0.16870  -0.0320   1.0000   0.0823
 -14.250  -0.2258   0.17995   0.17559  -0.0285   1.0000   0.0840
 -14.000  -0.2794   0.16941   0.16457  -0.0314   1.0000   0.0874
 -13.750  -0.2878   0.16580   0.16100  -0.0325   1.0000   0.0916
 -13.500  -0.2327   0.17280   0.16848  -0.0279   1.0000   0.0931
 -13.250  -0.2743   0.16225   0.15752  -0.0308   1.0000   0.0976
 -12.500  -0.2423   0.16408   0.15984  -0.0265   1.0000   0.1022
 -12.250  -0.2392   0.16250   0.15830  -0.0253   1.0000   0.1035
 -12.000  -0.2389   0.16085   0.15667  -0.0243   1.0000   0.1052
 -11.250  -0.2825   0.14554   0.14115  -0.0272   1.0000   0.1117
 -10.750  -0.2749   0.14256   0.13825  -0.0241   1.0000   0.1143
 -10.250  -0.2862   0.13909   0.13488  -0.0225   1.0000   0.1185
 -10.000  -0.3106   0.13451   0.13033  -0.0280   0.9979   0.1207
  -9.750  -0.2818   0.13090   0.12658  -0.0307   0.9946   0.1212
  -8.500  -0.2659   0.09753   0.09307  -0.0595   0.9711   0.1098
  -8.250  -0.2516   0.09372   0.08925  -0.0620   0.9644   0.1090
  -8.000  -0.4825   0.03905   0.03263  -0.1071   0.9352   0.1048
  -7.750  -0.4437   0.03676   0.02987  -0.1116   0.9308   0.1092
  -7.500  -0.4140   0.03544   0.02850  -0.1131   0.9236   0.1123
  -7.250  -0.3713   0.03467   0.02775  -0.1162   0.9202   0.1162
  -7.000  -0.3416   0.03288   0.02551  -0.1180   0.9126   0.1207
  -6.750  -0.3061   0.03222   0.02500  -0.1195   0.9071   0.1240
  -6.500  -0.2673   0.03087   0.02305  -0.1222   0.9018   0.1300
  -6.250  -0.2352   0.03010   0.02243  -0.1232   0.8950   0.1333
  -6.000  -0.1940   0.02916   0.02136  -0.1258   0.8912   0.1382
  -5.750  -0.1614   0.02830   0.02043  -0.1269   0.8843   0.1422
  -5.500  -0.1181   0.02747   0.01961  -0.1296   0.8811   0.1472
  -5.250  -0.0857   0.02674   0.01881  -0.1305   0.8735   0.1520
  -5.000  -0.0413   0.02586   0.01790  -0.1332   0.8707   0.1578
  -4.750  -0.0104   0.02519   0.01721  -0.1337   0.8629   0.1627
  -4.500   0.0343   0.02429   0.01618  -0.1365   0.8605   0.1704
  -4.250   0.0657   0.02374   0.01578  -0.1369   0.8530   0.1764
  -4.000   0.1118   0.02284   0.01491  -0.1399   0.8506   0.1848
  -3.750   0.1470   0.02224   0.01429  -0.1409   0.8436   0.1926
  -3.500   0.1960   0.02135   0.01339  -0.1445   0.8409   0.2020
  -3.250   0.2307   0.02081   0.01279  -0.1454   0.8325   0.2102
  -2.500   0.3605   0.01893   0.01101  -0.1531   0.8105   0.2414
  -2.250   0.4001   0.01841   0.01054  -0.1550   0.8006   0.2530
  -2.000   0.4401   0.01796   0.01012  -0.1570   0.7900   0.2653
  -1.750   0.4674   0.01775   0.00991  -0.1565   0.7757   0.2768
  -1.500   0.5041   0.01742   0.00956  -0.1579   0.7636   0.2916
  -1.250   0.5401   0.01718   0.00933  -0.1592   0.7509   0.3065
  -1.000   0.5672   0.01710   0.00937  -0.1587   0.7360   0.3212
  -0.750   0.5983   0.01698   0.00921  -0.1590   0.7223   0.3377
  -0.500   0.6279   0.01686   0.00908  -0.1591   0.7083   0.3549
  -0.250   0.6542   0.01681   0.00900  -0.1585   0.6933   0.3720
   0.000   0.6851   0.01676   0.00889  -0.1588   0.6797   0.3910
   0.250   0.7088   0.01679   0.00892  -0.1577   0.6643   0.4088
   0.500   0.7351   0.01680   0.00892  -0.1571   0.6501   0.4282
   0.750   0.7616   0.01685   0.00893  -0.1566   0.6364   0.4492
   1.000   0.7865   0.01691   0.00899  -0.1558   0.6220   0.4714
   1.250   0.8096   0.01698   0.00909  -0.1547   0.6077   0.4937
   1.500   0.8330   0.01706   0.00915  -0.1536   0.5937   0.5208
   1.750   0.8592   0.01715   0.00923  -0.1530   0.5810   0.5487
   2.000   0.8819   0.01730   0.00940  -0.1517   0.5672   0.5813
   2.250   0.9025   0.01742   0.00961  -0.1501   0.5538   0.6138
   2.500   0.9250   0.01752   0.00975  -0.1487   0.5418   0.6522
   2.750   0.9475   0.01766   0.00991  -0.1473   0.5301   0.6945
   3.000   0.9669   0.01780   0.01011  -0.1453   0.5185   0.7393
   3.250   0.9817   0.01788   0.01033  -0.1423   0.5066   0.7903
   3.500   0.9939   0.01786   0.01041  -0.1385   0.4967   0.8535
   3.750   1.0128   0.01775   0.01029  -0.1363   0.4873   1.0000
   4.000   1.0403   0.01812   0.01048  -0.1365   0.4773   1.0000
   4.250   1.0663   0.01850   0.01071  -0.1363   0.4677   1.0000
   4.500   1.0907   0.01888   0.01096  -0.1358   0.4582   1.0000
   4.750   1.1150   0.01925   0.01121  -0.1353   0.4491   1.0000
   5.000   1.1386   0.01963   0.01148  -0.1346   0.4403   1.0000
   5.250   1.1601   0.02002   0.01179  -0.1335   0.4315   1.0000
   5.500   1.1810   0.02042   0.01213  -0.1323   0.4230   1.0000
   5.750   1.2013   0.02082   0.01247  -0.1310   0.4147   1.0000
   6.000   1.2221   0.02121   0.01280  -0.1297   0.4068   1.0000
   6.250   1.2449   0.02161   0.01308  -0.1289   0.3995   1.0000
   6.500   1.2642   0.02205   0.01348  -0.1275   0.3916   1.0000
   6.750   1.2841   0.02254   0.01391  -0.1262   0.3840   1.0000
   7.000   1.3046   0.02303   0.01433  -0.1250   0.3765   1.0000
   7.250   1.3266   0.02352   0.01471  -0.1241   0.3691   1.0000
   7.500   1.3412   0.02401   0.01538  -0.1219   0.3615   1.0000
   7.750   1.3586   0.02452   0.01585  -0.1203   0.3543   1.0000
   8.000   1.3796   0.02505   0.01627  -0.1193   0.3475   1.0000
   8.250   1.3985   0.02562   0.01678  -0.1179   0.3405   1.0000
   8.500   1.4118   0.02625   0.01745  -0.1157   0.3337   1.0000
   8.750   1.4298   0.02684   0.01799  -0.1143   0.3275   1.0000
   9.000   1.4443   0.02744   0.01860  -0.1123   0.3212   1.0000
   9.250   1.4565   0.02810   0.01930  -0.1101   0.3151   1.0000
   9.500   1.4753   0.02865   0.01976  -0.1089   0.3098   1.0000
   9.750   1.4853   0.02940   0.02059  -0.1064   0.3039   1.0000
  10.000   1.5044   0.03001   0.02109  -0.1053   0.2989   1.0000
  10.250   1.5153   0.03083   0.02197  -0.1031   0.2931   1.0000
  10.500   1.5332   0.03154   0.02261  -0.1019   0.2881   1.0000
  10.750   1.5437   0.03244   0.02357  -0.0998   0.2826   1.0000
  11.000   1.5576   0.03331   0.02452  -0.0981   0.2774   1.0000
  11.250   1.5665   0.03429   0.02556  -0.0959   0.2722   1.0000
  11.500   1.5801   0.03516   0.02642  -0.0944   0.2676   1.0000
  11.750   1.5907   0.03612   0.02741  -0.0925   0.2629   1.0000
  12.000   1.6088   0.03688   0.02807  -0.0916   0.2585   1.0000
  12.250   1.6132   0.03818   0.02948  -0.0891   0.2537   1.0000
  12.500   1.6349   0.03884   0.02999  -0.0887   0.2493   1.0000
  12.750   1.6338   0.04045   0.03179  -0.0858   0.2448   1.0000
  13.000   1.6525   0.04120   0.03243  -0.0851   0.2406   1.0000
  13.250   1.6497   0.04296   0.03435  -0.0824   0.2362   1.0000
  13.500   1.6540   0.04432   0.03573  -0.0805   0.2315   1.0000
  13.750   1.6555   0.04591   0.03738  -0.0785   0.2271   1.0000
  14.000   1.6562   0.04754   0.03905  -0.0766   0.2226   1.0000
  14.500   1.6454   0.05161   0.04316  -0.0728   0.2108   1.0000
  14.750   1.6354   0.05452   0.04622  -0.0712   0.2056   1.0000
  15.000   1.6343   0.05675   0.04843  -0.0701   0.2006   1.0000
  15.250   1.6281   0.05974   0.05158  -0.0691   0.1964   1.0000
  15.500   1.6249   0.06252   0.05445  -0.0685   0.1922   1.0000
  15.750   1.6280   0.06469   0.05662  -0.0679   0.1889   1.0000
  16.000   1.6242   0.06777   0.05983  -0.0675   0.1855   1.0000
  16.250   1.6261   0.07020   0.06228  -0.0671   0.1824   1.0000
  16.500   1.6380   0.07142   0.06337  -0.0666   0.1796   1.0000
  16.750   1.6288   0.07533   0.06750  -0.0666   0.1765   1.0000
  17.000   1.6272   0.07834   0.07059  -0.0666   0.1735   1.0000
  17.250   1.6334   0.08031   0.07253  -0.0664   0.1708   1.0000
  17.500   1.6318   0.08338   0.07568  -0.0665   0.1682   1.0000
  17.750   1.6218   0.08765   0.08014  -0.0670   0.1654   1.0000
  18.000   1.6196   0.09088   0.08345  -0.0675   0.1627   1.0000
  18.250   1.6271   0.09277   0.08540  -0.0675   0.1610   1.0000
  18.500   1.6268   0.09576   0.08846  -0.0679   0.1588   1.0000
  18.750   1.6058   0.10187   0.09484  -0.0698   0.1560   1.0000
  19.000   1.5957   0.10648   0.09959  -0.0714   0.1533   1.0000
  19.250   1.5986   0.10911   0.10224  -0.0721   0.1510   1.0000
  19.500   1.5975   0.11236   0.10553  -0.0733   0.1488   1.0000
  19.750   1.5786   0.11847   0.11185  -0.0759   0.1462   1.0000
  20.000   1.5741   0.12233   0.11578  -0.0777   0.1437   1.0000
