  
       XFOIL         Version 6.99
  
 Calculated polar for: Airfoil_rR0.985360.txt                          
  
 1 1 Reynolds number fixed          Mach number fixed         
  
 xtrf =   1.000 (top)        1.000 (bottom)  
 Mach =   0.000     Re =     0.100 e 6     Ncrit =   9.000
  
   alpha    CL        CD       CDp       CM     Top_Xtr  Bot_Xtr
  ------ -------- --------- --------- -------- -------- --------
 -17.750  -0.5513   0.21637   0.20979   0.0122   1.0000   0.0272
 -17.000  -0.3519   0.19637   0.19054  -0.0151   1.0000   0.0375
 -16.500  -0.5071   0.20166   0.19522   0.0032   1.0000   0.0328
 -14.750  -0.4478   0.18092   0.17460  -0.0079   1.0000   0.0476
 -14.500  -0.4438   0.17963   0.17333  -0.0108   1.0000   0.0496
 -14.000  -0.4258   0.17173   0.16549  -0.0127   1.0000   0.0523
 -11.250  -0.3193   0.14026   0.13455  -0.0318   1.0000   0.0698
 -10.500  -0.3018   0.12815   0.12255  -0.0319   1.0000   0.0729
  -9.500  -0.3322   0.11453   0.10892  -0.0330   1.0000   0.0792
  -8.750  -0.3283   0.10472   0.09929  -0.0333   1.0000   0.0827
  -8.250  -0.3309   0.09936   0.09408  -0.0323   1.0000   0.0870
  -8.000  -0.3467   0.09785   0.09267  -0.0322   1.0000   0.0892
  -7.750  -0.3747   0.09748   0.09244  -0.0309   1.0000   0.0899
  -7.250  -0.3841   0.09148   0.08661  -0.0270   1.0000   0.0915
  -7.000  -0.3620   0.09023   0.08560  -0.0222   1.0000   0.0941
  -6.750  -0.3921   0.08647   0.08173  -0.0234   1.0000   0.0943
  -6.500  -0.3845   0.08568   0.08119  -0.0204   1.0000   0.0972
  -5.750  -0.4065   0.07288   0.06823  -0.0301   1.0000   0.1016
  -5.250  -0.3671   0.04636   0.04061  -0.0482   1.0000   0.0475
  -5.000  -0.3196   0.03098   0.02301  -0.0564   1.0000   0.0400
  -4.750  -0.2862   0.02629   0.01765  -0.0582   1.0000   0.0431
  -4.500  -0.2546   0.02398   0.01490  -0.0586   1.0000   0.0619
  -4.250  -0.2339   0.02426   0.01514  -0.0583   1.0000   0.0818
  -4.000  -0.2060   0.02410   0.01484  -0.0594   0.9983   0.0912
  -3.750  -0.1638   0.02587   0.01694  -0.0645   0.9906   0.1186
  -3.500  -0.1225   0.02491   0.01585  -0.0679   0.9842   0.1249
  -3.250  -0.0775   0.02390   0.01457  -0.0716   0.9789   0.1314
  -3.000  -0.0354   0.02313   0.01373  -0.0750   0.9719   0.1409
  -2.750   0.0059   0.02247   0.01319  -0.0783   0.9640   0.1539
  -2.500   0.0478   0.02193   0.01275  -0.0816   0.9561   0.1758
  -2.250   0.0908   0.02147   0.01245  -0.0852   0.9488   0.2082
  -2.000   0.1314   0.02093   0.01212  -0.0883   0.9409   0.2506
  -1.750   0.1683   0.02033   0.01185  -0.0907   0.9322   0.3058
  -1.500   0.2048   0.01968   0.01167  -0.0929   0.9238   0.3954
  -1.250   0.2362   0.01819   0.01167  -0.0932   0.9175   0.7360
  -1.000   0.2817   0.01770   0.01126  -0.0960   0.9101   1.0000
  -0.750   0.3197   0.01767   0.01103  -0.0983   0.9005   1.0000
  -0.500   0.3570   0.01762   0.01083  -0.1003   0.8912   1.0000
  -0.250   0.3928   0.01754   0.01063  -0.1020   0.8819   1.0000
   0.000   0.4275   0.01746   0.01045  -0.1033   0.8724   1.0000
   0.250   0.4611   0.01737   0.01028  -0.1044   0.8628   1.0000
   0.500   0.4938   0.01727   0.01011  -0.1053   0.8530   1.0000
   0.750   0.5257   0.01717   0.00995  -0.1060   0.8428   1.0000
   1.000   0.5568   0.01708   0.00981  -0.1064   0.8325   1.0000
   1.250   0.5873   0.01698   0.00968  -0.1067   0.8218   1.0000
   1.500   0.6172   0.01691   0.00954  -0.1069   0.8111   1.0000
   1.750   0.6464   0.01684   0.00940  -0.1069   0.8000   1.0000
   2.000   0.6743   0.01681   0.00931  -0.1067   0.7879   1.0000
   2.250   0.7021   0.01679   0.00923  -0.1065   0.7753   1.0000
   2.500   0.7306   0.01676   0.00913  -0.1063   0.7630   1.0000
   2.750   0.7593   0.01677   0.00906  -0.1062   0.7509   1.0000
   3.000   0.7852   0.01693   0.00918  -0.1057   0.7372   1.0000
   3.250   0.8115   0.01704   0.00922  -0.1052   0.7230   1.0000
   3.500   0.8373   0.01706   0.00916  -0.1045   0.7070   1.0000
   3.750   0.8646   0.01692   0.00891  -0.1037   0.6904   1.0000
   4.000   0.8897   0.01689   0.00876  -0.1027   0.6714   1.0000
   4.250   0.9144   0.01693   0.00870  -0.1016   0.6519   1.0000
   4.500   0.9384   0.01705   0.00873  -0.1006   0.6326   1.0000
   4.750   0.9620   0.01718   0.00880  -0.0996   0.6136   1.0000
   5.000   0.9853   0.01727   0.00882  -0.0985   0.5940   1.0000
   5.250   1.0092   0.01740   0.00883  -0.0975   0.5751   1.0000
   5.500   1.0327   0.01762   0.00898  -0.0966   0.5565   1.0000
   5.750   1.0559   0.01788   0.00918  -0.0957   0.5385   1.0000
   6.000   1.0785   0.01815   0.00944  -0.0947   0.5207   1.0000
   6.250   1.1000   0.01841   0.00974  -0.0935   0.5016   1.0000
   6.500   1.1217   0.01862   0.00987  -0.0923   0.4816   1.0000
   6.750   1.1364   0.01891   0.00990  -0.0897   0.4399   1.0000
   7.000   1.1465   0.01937   0.01002  -0.0867   0.3776   1.0000
   7.250   1.1598   0.02017   0.01048  -0.0844   0.3301   1.0000
   7.500   1.1738   0.02098   0.01101  -0.0824   0.2695   1.0000
   7.750   1.1835   0.02224   0.01179  -0.0800   0.1984   1.0000
   8.250   1.2013   0.02512   0.01384  -0.0753   0.1177   1.0000
