  
       XFOIL         Version 6.99
  
 Calculated polar for: Airfoil_rR0.629720.txt                          
  
 1 1 Reynolds number fixed          Mach number fixed         
  
 xtrf =   1.000 (top)        1.000 (bottom)  
 Mach =   0.000     Re =     0.250 e 6     Ncrit =   9.000
  
   alpha    CL        CD       CDp       CM     Top_Xtr  Bot_Xtr
  ------ -------- --------- --------- -------- -------- --------
  -6.500  -0.3040   0.01727   0.01008  -0.0886   0.9712   0.0232
  -6.250  -0.2687   0.01704   0.00979  -0.0901   0.9665   0.0375
  -6.000  -0.2319   0.01721   0.00996  -0.0924   0.9626   0.0464
  -5.750  -0.1922   0.01710   0.00976  -0.0953   0.9602   0.0508
  -5.500  -0.1615   0.01693   0.00962  -0.0965   0.9540   0.0543
  -5.250  -0.1224   0.01664   0.00926  -0.0992   0.9512   0.0577
  -5.000  -0.0895   0.01644   0.00905  -0.1008   0.9461   0.0634
  -4.750  -0.0518   0.01653   0.00907  -0.1033   0.9426   0.0707
  -4.500  -0.0122   0.01556   0.00814  -0.1061   0.9407   0.0726
  -4.250   0.0187   0.01494   0.00754  -0.1070   0.9347   0.0742
  -4.000   0.0547   0.01432   0.00692  -0.1089   0.9316   0.0772
  -3.750   0.0856   0.01375   0.00636  -0.1097   0.9259   0.0815
  -3.500   0.1193   0.01321   0.00585  -0.1110   0.9216   0.0895
  -3.250   0.1488   0.01272   0.00546  -0.1116   0.9149   0.1011
  -3.000   0.1821   0.01226   0.00506  -0.1128   0.9104   0.1180
  -2.750   0.2096   0.01186   0.00475  -0.1129   0.9022   0.1381
  -2.500   0.2386   0.01150   0.00452  -0.1134   0.8949   0.1667
  -2.250   0.2691   0.01114   0.00428  -0.1141   0.8885   0.2006
  -2.000   0.2984   0.01085   0.00409  -0.1145   0.8804   0.2390
  -1.750   0.3262   0.01058   0.00395  -0.1146   0.8708   0.2806
  -1.500   0.3536   0.01030   0.00385  -0.1147   0.8611   0.3330
  -1.250   0.3805   0.00999   0.00376  -0.1147   0.8510   0.4044
  -1.000   0.4062   0.00956   0.00373  -0.1145   0.8407   0.5203
  -0.750   0.4285   0.00902   0.00376  -0.1133   0.8297   0.6980
  -0.500   0.4486   0.00850   0.00378  -0.1106   0.8177   0.9238
  -0.250   0.4864   0.00842   0.00363  -0.1129   0.8053   1.0000
   0.000   0.5134   0.00844   0.00353  -0.1128   0.7929   1.0000
   0.250   0.5406   0.00848   0.00343  -0.1127   0.7805   1.0000
   0.500   0.5670   0.00856   0.00340  -0.1124   0.7657   1.0000
   0.750   0.5934   0.00866   0.00341  -0.1122   0.7507   1.0000
   1.000   0.6191   0.00877   0.00341  -0.1119   0.7340   1.0000
   1.250   0.6447   0.00888   0.00340  -0.1115   0.7167   1.0000
   1.500   0.6700   0.00898   0.00339  -0.1110   0.6981   1.0000
   1.750   0.6957   0.00912   0.00337  -0.1107   0.6815   1.0000
   2.000   0.7207   0.00930   0.00339  -0.1102   0.6622   1.0000
   2.250   0.7454   0.00949   0.00343  -0.1096   0.6415   1.0000
   2.500   0.7697   0.00967   0.00348  -0.1090   0.6184   1.0000
   2.750   0.7940   0.00983   0.00353  -0.1084   0.5947   1.0000
   3.000   0.8182   0.01006   0.00359  -0.1078   0.5751   1.0000
   3.250   0.8427   0.01031   0.00370  -0.1073   0.5573   1.0000
   3.500   0.8674   0.01056   0.00384  -0.1069   0.5409   1.0000
   3.750   0.8923   0.01077   0.00398  -0.1065   0.5237   1.0000
   4.000   0.9171   0.01096   0.00412  -0.1061   0.5047   1.0000
   4.250   0.9411   0.01122   0.00424  -0.1055   0.4875   1.0000
   4.500   0.9650   0.01149   0.00441  -0.1050   0.4722   1.0000
   4.750   0.9893   0.01178   0.00461  -0.1045   0.4579   1.0000
   5.000   1.0136   0.01205   0.00482  -0.1040   0.4434   1.0000
   5.250   1.0379   0.01231   0.00504  -0.1036   0.4283   1.0000
   5.500   1.0622   0.01253   0.00524  -0.1031   0.4072   1.0000
   5.750   1.0807   0.01307   0.00546  -0.1016   0.3709   1.0000
   6.000   1.0980   0.01377   0.00587  -0.1001   0.3231   1.0000
   6.250   1.1100   0.01490   0.00639  -0.0978   0.2292   1.0000
   6.500   1.1249   0.01593   0.00703  -0.0960   0.1726   1.0000
   6.750   1.1407   0.01687   0.00767  -0.0944   0.1300   1.0000
   7.000   1.1593   0.01755   0.00821  -0.0932   0.1057   1.0000
   7.250   1.1751   0.01842   0.00883  -0.0915   0.0743   1.0000
   7.500   1.1917   0.01919   0.00943  -0.0900   0.0614   1.0000
   7.750   1.2113   0.01968   0.00986  -0.0889   0.0494   1.0000
   8.000   1.2270   0.02042   0.01040  -0.0872   0.0423   1.0000
   8.250   1.2297   0.02220   0.01295  -0.0821   0.0200   1.0000
