  
       XFOIL         Version 6.99
  
 Calculated polar for: Airfoil_rR0.960107.txt                          
  
 1 1 Reynolds number fixed          Mach number fixed         
  
 xtrf =   1.000 (top)        1.000 (bottom)  
 Mach =   0.000     Re =     0.050 e 6     Ncrit =   9.000
  
   alpha    CL        CD       CDp       CM     Top_Xtr  Bot_Xtr
  ------ -------- --------- --------- -------- -------- --------
 -19.000  -0.6026   0.23461   0.22538   0.0203   1.0000   0.0591
 -18.750  -0.5983   0.23566   0.22645   0.0172   1.0000   0.0600
 -18.250  -0.5746   0.22523   0.21606   0.0153   1.0000   0.0638
 -18.000  -0.5654   0.22249   0.21335   0.0136   1.0000   0.0666
 -17.250  -0.5398   0.21453   0.20550   0.0080   1.0000   0.0725
 -17.000  -0.5299   0.21135   0.20234   0.0067   1.0000   0.0758
 -16.500  -0.5172   0.20847   0.19953   0.0022   1.0000   0.0798
 -14.250  -0.4384   0.17902   0.17029  -0.0102   1.0000   0.0945
 -14.000  -0.4311   0.17624   0.16754  -0.0116   1.0000   0.0974
 -13.000  -0.3400   0.16908   0.16097  -0.0253   1.0000   0.1101
 -12.000  -0.3773   0.15191   0.14354  -0.0209   1.0000   0.1177
 -11.750  -0.3162   0.15058   0.14260  -0.0267   1.0000   0.1239
 -11.250  -0.3224   0.14643   0.13853  -0.0286   1.0000   0.1299
 -11.000  -0.3114   0.14139   0.13353  -0.0283   1.0000   0.1327
 -10.750  -0.3077   0.13814   0.13031  -0.0285   1.0000   0.1370
 -10.500  -0.3155   0.13666   0.12889  -0.0298   1.0000   0.1398
  -9.500  -0.2998   0.12235   0.11482  -0.0300   1.0000   0.1534
  -9.250  -0.3010   0.11970   0.11224  -0.0301   1.0000   0.1584
  -8.750  -0.2984   0.11331   0.10600  -0.0295   1.0000   0.1663
  -8.500  -0.3133   0.11217   0.10499  -0.0299   1.0000   0.1700
  -8.000  -0.3135   0.10588   0.09889  -0.0279   1.0000   0.1793
  -7.750  -0.3511   0.10276   0.09564  -0.0267   1.0000   0.1797
  -7.500  -0.3457   0.09892   0.09188  -0.0250   1.0000   0.1835
  -7.250  -0.3582   0.09736   0.09045  -0.0231   1.0000   0.1884
  -7.000  -0.3719   0.09548   0.08872  -0.0221   1.0000   0.1912
  -6.500  -0.3847   0.09044   0.08388  -0.0203   1.0000   0.2012
  -6.250  -0.3845   0.08741   0.08092  -0.0184   1.0000   0.2073
  -5.750  -0.3974   0.08213   0.07578  -0.0203   1.0000   0.2204
  -5.000  -0.3424   0.05294   0.04532  -0.0475   1.0000   0.0880
  -4.750  -0.3148   0.04510   0.03673  -0.0521   1.0000   0.0881
  -4.500  -0.2869   0.03997   0.03104  -0.0541   1.0000   0.1047
  -4.250  -0.2727   0.04050   0.03173  -0.0529   1.0000   0.1511
  -4.000  -0.2679   0.04258   0.03439  -0.0490   1.0000   0.1984
  -3.750  -0.2318   0.03815   0.02923  -0.0528   1.0000   0.1923
  -3.500  -0.2004   0.03540   0.02594  -0.0548   1.0000   0.1927
  -3.250  -0.1717   0.03347   0.02360  -0.0561   1.0000   0.1964
  -3.000  -0.1434   0.03186   0.02160  -0.0571   1.0000   0.2022
  -2.750  -0.1195   0.03102   0.02064  -0.0575   1.0000   0.2149
  -2.500  -0.0940   0.03020   0.01957  -0.0581   1.0000   0.2303
  -2.250  -0.0702   0.02943   0.01876  -0.0583   1.0000   0.2437
  -2.000  -0.0455   0.02877   0.01800  -0.0587   1.0000   0.2620
  -1.750  -0.0222   0.02836   0.01760  -0.0589   1.0000   0.2898
  -1.500   0.0013   0.02802   0.01740  -0.0592   1.0000   0.3272
  -1.250   0.0266   0.02766   0.01721  -0.0597   1.0000   0.3792
  -1.000   0.0544   0.02701   0.01711  -0.0607   1.0000   0.4696
  -0.750   0.0622   0.02498   0.01711  -0.0559   1.0000   0.9102
  -0.500   0.0813   0.02564   0.01703  -0.0566   1.0000   1.0000
  -0.250   0.1189   0.02668   0.01765  -0.0603   0.9928   1.0000
   0.000   0.1733   0.02790   0.01851  -0.0671   0.9776   1.0000
   0.250   0.2197   0.02893   0.01930  -0.0722   0.9628   1.0000
   0.500   0.2645   0.02991   0.02010  -0.0770   0.9492   1.0000
   0.750   0.3014   0.03076   0.02083  -0.0801   0.9343   1.0000
   1.000   0.3426   0.03164   0.02159  -0.0839   0.9211   1.0000
   1.250   0.3759   0.03246   0.02234  -0.0863   0.9071   1.0000
   1.500   0.4100   0.03327   0.02309  -0.0887   0.8934   1.0000
   1.750   0.4480   0.03404   0.02382  -0.0915   0.8807   1.0000
   2.000   0.4759   0.03488   0.02465  -0.0927   0.8666   1.0000
   2.250   0.5068   0.03570   0.02547  -0.0943   0.8533   1.0000
   2.500   0.5400   0.03650   0.02623  -0.0962   0.8412   1.0000
   2.750   0.5669   0.03738   0.02708  -0.0970   0.8277   1.0000
   3.000   0.5943   0.03819   0.02787  -0.0978   0.8136   1.0000
   3.250   0.6287   0.03878   0.02845  -0.0994   0.8009   1.0000
   3.500   0.6525   0.03970   0.02937  -0.0995   0.7870   1.0000
   3.750   0.6775   0.04066   0.03034  -0.0999   0.7742   1.0000
   4.000   0.7054   0.04153   0.03123  -0.1005   0.7623   1.0000
   4.250   0.7371   0.04217   0.03189  -0.1014   0.7506   1.0000
   4.500   0.7532   0.04349   0.03323  -0.1006   0.7368   1.0000
   4.750   0.7755   0.04452   0.03431  -0.1004   0.7240   1.0000
   5.000   0.8018   0.04535   0.03519  -0.1005   0.7122   1.0000
   5.250   0.8307   0.04600   0.03589  -0.1006   0.7007   1.0000
   5.500   0.8463   0.04733   0.03729  -0.0996   0.6869   1.0000
   5.750   0.8746   0.04769   0.03773  -0.0991   0.6730   1.0000
   6.000   0.9302   0.04562   0.03577  -0.0996   0.6595   1.0000
   6.250   0.9681   0.04421   0.03446  -0.0982   0.6415   1.0000
   6.500   1.0370   0.03898   0.02930  -0.0968   0.6193   1.0000
   6.750   1.0721   0.03699   0.02736  -0.0944   0.5953   1.0000
   7.000   1.1199   0.03405   0.02439  -0.0929   0.5713   1.0000
   7.250   1.1484   0.03314   0.02351  -0.0909   0.5473   1.0000
   7.500   1.1751   0.03237   0.02276  -0.0887   0.5215   1.0000
   7.750   1.1933   0.03064   0.02080  -0.0843   0.4789   1.0000
   8.000   1.1940   0.03006   0.01995  -0.0784   0.4261   1.0000
   8.250   1.1906   0.03028   0.01979  -0.0729   0.3709   1.0000
  15.250   0.7945   0.17492   0.16693  -0.0631   0.0760   1.0000
  17.500   0.7508   0.21806   0.21045  -0.0786   0.1499   1.0000
