  
       XFOIL         Version 6.99
  
 Calculated polar for: Airfoil_rR0.469587.txt                          
  
 1 1 Reynolds number fixed          Mach number fixed         
  
 xtrf =   1.000 (top)        1.000 (bottom)  
 Mach =   0.000     Re =     0.150 e 6     Ncrit =   9.000
  
   alpha    CL        CD       CDp       CM     Top_Xtr  Bot_Xtr
  ------ -------- --------- --------- -------- -------- --------
 -15.000  -0.3199   0.18181   0.17700  -0.0346   1.0000   0.0400
 -13.500  -0.3025   0.16046   0.15578  -0.0345   1.0000   0.0415
 -11.250  -0.3129   0.13134   0.12679  -0.0356   1.0000   0.0692
  -8.750  -0.3777   0.10748   0.10344  -0.0306   1.0000   0.0900
  -8.500  -0.3780   0.10168   0.09750  -0.0285   1.0000   0.0915
  -7.750  -0.4862   0.07725   0.07356  -0.0313   1.0000   0.0396
  -7.500  -0.5266   0.03390   0.02811  -0.0701   1.0000   0.0294
  -7.250  -0.5052   0.03191   0.02596  -0.0714   1.0000   0.0319
  -7.000  -0.4684   0.03280   0.02698  -0.0740   0.9959   0.0373
  -6.000  -0.3335   0.06852   0.06454  -0.0536   0.9735   0.1134
  -5.750  -0.2931   0.04921   0.04442  -0.0792   0.9657   0.1015
  -5.500  -0.2395   0.03059   0.02326  -0.0938   0.9658   0.0802
  -5.250  -0.1995   0.02849   0.02100  -0.0974   0.9619   0.0817
  -5.000  -0.1638   0.02782   0.02037  -0.0997   0.9561   0.0848
  -4.750  -0.1229   0.02656   0.01880  -0.1029   0.9518   0.0874
  -4.500  -0.0846   0.02516   0.01710  -0.1053   0.9470   0.0878
  -4.250  -0.0448   0.02396   0.01566  -0.1079   0.9423   0.0888
  -4.000  -0.0057   0.02290   0.01444  -0.1103   0.9377   0.0907
  -3.750   0.0322   0.02200   0.01364  -0.1126   0.9323   0.0942
  -3.500   0.0695   0.02131   0.01285  -0.1145   0.9267   0.1001
  -3.250   0.1086   0.02057   0.01219  -0.1169   0.9218   0.1103
  -3.000   0.1439   0.01984   0.01163  -0.1187   0.9157   0.1261
  -2.750   0.1851   0.01909   0.01102  -0.1215   0.9115   0.1509
  -2.500   0.2193   0.01859   0.01065  -0.1229   0.9043   0.1796
  -2.250   0.2619   0.01799   0.01024  -0.1260   0.9008   0.2188
  -2.000   0.2954   0.01755   0.00997  -0.1273   0.8934   0.2574
  -1.750   0.3395   0.01684   0.00947  -0.1305   0.8906   0.3072
  -1.500   0.3731   0.01636   0.00920  -0.1317   0.8832   0.3585
  -1.250   0.4151   0.01559   0.00877  -0.1344   0.8801   0.4376
  -1.000   0.4452   0.01500   0.00863  -0.1348   0.8718   0.5444
  -0.750   0.4726   0.01436   0.00851  -0.1340   0.8639   0.6911
  -0.500   0.4926   0.01376   0.00830  -0.1310   0.8560   0.8440
  -0.250   0.5314   0.01316   0.00772  -0.1323   0.8500   1.0000
   0.000   0.5646   0.01301   0.00744  -0.1333   0.8404   1.0000
   0.250   0.5973   0.01288   0.00721  -0.1342   0.8303   1.0000
   0.500   0.6276   0.01281   0.00713  -0.1345   0.8188   1.0000
   0.750   0.6568   0.01276   0.00695  -0.1347   0.8060   1.0000
   1.000   0.6877   0.01268   0.00675  -0.1351   0.7938   1.0000
   1.250   0.7194   0.01261   0.00655  -0.1356   0.7817   1.0000
   1.500   0.7501   0.01261   0.00640  -0.1360   0.7687   1.0000
   1.750   0.7779   0.01268   0.00636  -0.1359   0.7535   1.0000
   2.000   0.8064   0.01276   0.00630  -0.1358   0.7383   1.0000
   2.250   0.8331   0.01287   0.00629  -0.1355   0.7221   1.0000
   2.500   0.8588   0.01300   0.00631  -0.1349   0.7052   1.0000
   2.750   0.8865   0.01310   0.00626  -0.1347   0.6899   1.0000
   3.000   0.9121   0.01328   0.00633  -0.1342   0.6730   1.0000
   3.250   0.9382   0.01350   0.00643  -0.1338   0.6573   1.0000
   3.500   0.9638   0.01373   0.00655  -0.1333   0.6417   1.0000
   3.750   0.9885   0.01397   0.00671  -0.1327   0.6255   1.0000
   4.000   1.0124   0.01418   0.00682  -0.1319   0.6079   1.0000
   4.250   1.0362   0.01437   0.00688  -0.1310   0.5901   1.0000
   4.500   1.0595   0.01464   0.00703  -0.1301   0.5720   1.0000
   4.750   1.0827   0.01494   0.00723  -0.1292   0.5546   1.0000
   5.000   1.1063   0.01525   0.00743  -0.1284   0.5389   1.0000
   5.250   1.1292   0.01555   0.00770  -0.1275   0.5233   1.0000
   5.500   1.1524   0.01585   0.00794  -0.1267   0.5092   1.0000
   5.750   1.1746   0.01613   0.00819  -0.1257   0.4940   1.0000
   6.000   1.1972   0.01646   0.00841  -0.1247   0.4802   1.0000
   6.250   1.2186   0.01682   0.00872  -0.1236   0.4648   1.0000
   6.500   1.2399   0.01720   0.00902  -0.1225   0.4498   1.0000
   6.750   1.2567   0.01754   0.00930  -0.1205   0.4264   1.0000
   7.000   1.2696   0.01785   0.00950  -0.1178   0.3936   1.0000
   7.500   1.2726   0.01975   0.01068  -0.1089   0.2572   1.0000
   7.750   1.2724   0.02124   0.01152  -0.1046   0.1878   1.0000
   8.000   1.2774   0.02264   0.01251  -0.1013   0.1402   1.0000
   8.250   1.2871   0.02376   0.01346  -0.0987   0.1155   1.0000
   8.500   1.2978   0.02482   0.01443  -0.0963   0.0910   1.0000
   8.750   1.3070   0.02598   0.01549  -0.0937   0.0696   1.0000
   9.000   1.3163   0.02714   0.01662  -0.0913   0.0584   1.0000
   9.250   1.3215   0.02861   0.01800  -0.0885   0.0399   1.0000
   9.500   1.3288   0.02997   0.01938  -0.0860   0.0281   1.0000
  11.250   1.3771   0.04090   0.03107  -0.0719   0.0200   1.0000
  11.500   1.3780   0.04323   0.03356  -0.0700   0.0200   1.0000
  11.750   1.3772   0.04581   0.03635  -0.0684   0.0201   1.0000
  12.000   1.3752   0.04861   0.03932  -0.0669   0.0202   1.0000
  12.500   1.3683   0.05483   0.04585  -0.0647   0.0205   1.0000
  13.500   1.3559   0.06833   0.05988  -0.0621   0.0218   1.0000
  13.750   1.3550   0.07152   0.06319  -0.0612   0.0223   1.0000
