  
       XFOIL         Version 6.99
  
 Calculated polar for: Airfoil_rR1.000000.txt                          
  
 1 1 Reynolds number fixed          Mach number fixed         
  
 xtrf =   1.000 (top)        1.000 (bottom)  
 Mach =   0.000     Re =     0.200 e 6     Ncrit =   9.000
  
   alpha    CL        CD       CDp       CM     Top_Xtr  Bot_Xtr
  ------ -------- --------- --------- -------- -------- --------
  -7.750  -0.3677   0.09019   0.08659  -0.0288   1.0000   0.0525
  -6.000  -0.3027   0.04241   0.03798  -0.0730   0.9759   0.0421
  -5.750  -0.2716   0.02244   0.01548  -0.0787   0.9737   0.0247
  -5.500  -0.2326   0.01899   0.01146  -0.0807   0.9717   0.0243
  -5.250  -0.1941   0.01738   0.00961  -0.0826   0.9679   0.0283
  -5.000  -0.1560   0.01639   0.00854  -0.0846   0.9631   0.0480
  -4.750  -0.1160   0.01663   0.00873  -0.0875   0.9590   0.0591
  -4.500  -0.0820   0.01641   0.00853  -0.0893   0.9530   0.0650
  -4.000  -0.0079   0.01634   0.00850  -0.0943   0.9430   0.0861
  -3.750   0.0333   0.01564   0.00780  -0.0974   0.9405   0.0925
  -3.250   0.1032   0.01456   0.00681  -0.1009   0.9307   0.1116
  -3.000   0.1335   0.01407   0.00642  -0.1017   0.9235   0.1258
  -2.750   0.1683   0.01350   0.00598  -0.1034   0.9190   0.1463
  -2.500   0.1984   0.01308   0.00569  -0.1041   0.9118   0.1748
  -2.250   0.2273   0.01271   0.00548  -0.1045   0.9040   0.2109
  -2.000   0.2574   0.01233   0.00526  -0.1052   0.8968   0.2560
  -1.500   0.3155   0.01143   0.00483  -0.1060   0.8813   0.3814
  -1.250   0.3410   0.01082   0.00472  -0.1058   0.8719   0.5123
  -1.000   0.3600   0.00999   0.00473  -0.1034   0.8623   0.7552
  -0.750   0.4026   0.00953   0.00454  -0.1059   0.8537   1.0000
  -0.500   0.4294   0.00951   0.00440  -0.1057   0.8427   1.0000
  -0.250   0.4561   0.00950   0.00428  -0.1055   0.8313   1.0000
   0.000   0.4827   0.00951   0.00418  -0.1053   0.8199   1.0000
   0.250   0.5080   0.00954   0.00414  -0.1049   0.8063   1.0000
   0.500   0.5345   0.00955   0.00406  -0.1047   0.7937   1.0000
   0.750   0.5615   0.00958   0.00397  -0.1045   0.7817   1.0000
   1.000   0.5880   0.00965   0.00396  -0.1043   0.7684   1.0000
   1.250   0.6140   0.00976   0.00396  -0.1040   0.7538   1.0000
   1.500   0.6402   0.00987   0.00394  -0.1037   0.7393   1.0000
   1.750   0.6655   0.00998   0.00396  -0.1033   0.7224   1.0000
   2.000   0.6904   0.01007   0.00395  -0.1027   0.7028   1.0000
   2.250   0.7153   0.01017   0.00387  -0.1021   0.6824   1.0000
   2.500   0.7396   0.01033   0.00384  -0.1013   0.6593   1.0000
   2.750   0.7636   0.01051   0.00389  -0.1006   0.6352   1.0000
   3.000   0.7877   0.01068   0.00393  -0.1000   0.6120   1.0000
   3.250   0.8120   0.01086   0.00397  -0.0994   0.5905   1.0000
   3.500   0.8366   0.01108   0.00407  -0.0989   0.5728   1.0000
   3.750   0.8612   0.01133   0.00421  -0.0984   0.5558   1.0000
   4.000   0.8857   0.01159   0.00436  -0.0980   0.5389   1.0000
   4.250   0.9104   0.01181   0.00453  -0.0976   0.5217   1.0000
   4.500   0.9350   0.01200   0.00469  -0.0971   0.5031   1.0000
   4.750   0.9590   0.01226   0.00484  -0.0966   0.4869   1.0000
   5.000   0.9829   0.01255   0.00503  -0.0960   0.4715   1.0000
   5.250   1.0067   0.01286   0.00526  -0.0955   0.4547   1.0000
   5.500   1.0303   0.01316   0.00551  -0.0949   0.4369   1.0000
   5.750   1.0533   0.01343   0.00573  -0.0942   0.4072   1.0000
   6.000   1.0685   0.01418   0.00601  -0.0922   0.3533   1.0000
   6.250   1.0820   0.01518   0.00647  -0.0902   0.2587   1.0000
   6.500   1.0928   0.01660   0.00727  -0.0879   0.1722   1.0000
   6.750   1.1075   0.01772   0.00802  -0.0862   0.1219   1.0000
   7.000   1.1244   0.01860   0.00867  -0.0848   0.0880   1.0000
   7.250   1.1417   0.01941   0.00929  -0.0834   0.0679   1.0000
   7.500   1.1603   0.02007   0.00982  -0.0823   0.0585   1.0000
   7.750   1.1796   0.02064   0.01023  -0.0812   0.0472   1.0000
   8.000   1.1977   0.02129   0.01070  -0.0799   0.0390   1.0000
   8.250   1.2150   0.02200   0.01142  -0.0783   0.0308   1.0000
