  
       XFOIL         Version 6.99
  
 Calculated polar for: Airfoil_rR0.923307.txt                          
  
 1 1 Reynolds number fixed          Mach number fixed         
  
 xtrf =   1.000 (top)        1.000 (bottom)  
 Mach =   0.000     Re =     0.050 e 6     Ncrit =   9.000
  
   alpha    CL        CD       CDp       CM     Top_Xtr  Bot_Xtr
  ------ -------- --------- --------- -------- -------- --------
 -17.250  -0.5414   0.21505   0.20601   0.0080   1.0000   0.0719
 -16.250  -0.5154   0.20871   0.19981  -0.0001   1.0000   0.0802
 -16.000  -0.4989   0.20110   0.19226  -0.0003   1.0000   0.0816
 -12.500  -0.3219   0.15974   0.15168  -0.0250   1.0000   0.1159
 -12.250  -0.3241   0.15766   0.14961  -0.0259   1.0000   0.1190
 -12.000  -0.3334   0.15693   0.14892  -0.0273   1.0000   0.1201
 -11.750  -0.3171   0.15072   0.14274  -0.0266   1.0000   0.1235
 -10.750  -0.3079   0.13818   0.13035  -0.0283   1.0000   0.1367
 -10.250  -0.3515   0.13170   0.12371  -0.0276   1.0000   0.1398
  -9.500  -0.3006   0.12250   0.11496  -0.0299   1.0000   0.1531
  -9.250  -0.3005   0.11969   0.11222  -0.0300   1.0000   0.1581
  -9.000  -0.3337   0.11543   0.10779  -0.0290   1.0000   0.1589
  -8.750  -0.2983   0.11336   0.10604  -0.0294   1.0000   0.1659
  -8.250  -0.3025   0.10767   0.10055  -0.0284   1.0000   0.1740
  -8.000  -0.3328   0.10363   0.09635  -0.0273   1.0000   0.1753
  -7.750  -0.3494   0.10269   0.09556  -0.0267   1.0000   0.1796
  -7.500  -0.3460   0.09905   0.09201  -0.0250   1.0000   0.1832
  -7.250  -0.3567   0.09733   0.09041  -0.0231   1.0000   0.1881
  -7.000  -0.3729   0.09574   0.08898  -0.0223   1.0000   0.1910
  -6.750  -0.3701   0.09246   0.08577  -0.0201   1.0000   0.1966
  -6.500  -0.3848   0.09062   0.08406  -0.0205   1.0000   0.2010
  -6.250  -0.3833   0.08745   0.08096  -0.0183   1.0000   0.2069
  -6.000  -0.3902   0.08477   0.07836  -0.0185   1.0000   0.2121
  -5.000  -0.3422   0.05355   0.04596  -0.0472   1.0000   0.0883
  -4.250  -0.2670   0.03922   0.03022  -0.0541   1.0000   0.1413
  -4.000  -0.2677   0.04275   0.03459  -0.0490   1.0000   0.1984
  -3.750  -0.2313   0.03821   0.02932  -0.0528   1.0000   0.1924
  -3.500  -0.1995   0.03539   0.02595  -0.0549   1.0000   0.1927
  -3.250  -0.1706   0.03343   0.02358  -0.0562   1.0000   0.1963
  -3.000  -0.1422   0.03181   0.02155  -0.0572   1.0000   0.2022
  -2.750  -0.1181   0.03095   0.02058  -0.0576   1.0000   0.2148
  -2.500  -0.0926   0.03014   0.01950  -0.0582   1.0000   0.2303
  -2.250  -0.0688   0.02936   0.01870  -0.0584   1.0000   0.2438
  -2.000  -0.0440   0.02870   0.01793  -0.0588   1.0000   0.2621
  -1.750  -0.0207   0.02828   0.01751  -0.0590   1.0000   0.2901
  -1.500   0.0029   0.02794   0.01731  -0.0593   1.0000   0.3277
  -1.250   0.0283   0.02757   0.01711  -0.0599   1.0000   0.3802
  -1.000   0.0561   0.02690   0.01702  -0.0608   1.0000   0.4717
  -0.750   0.0625   0.02488   0.01700  -0.0559   1.0000   0.9225
  -0.500   0.0830   0.02556   0.01693  -0.0567   1.0000   1.0000
  -0.250   0.1169   0.02655   0.01753  -0.0598   0.9940   1.0000
   0.000   0.1737   0.02783   0.01843  -0.0670   0.9792   1.0000
   0.250   0.2185   0.02882   0.01920  -0.0719   0.9638   1.0000
   0.500   0.2645   0.02982   0.02001  -0.0769   0.9505   1.0000
   0.750   0.3012   0.03068   0.02074  -0.0800   0.9355   1.0000
   1.000   0.3411   0.03155   0.02150  -0.0836   0.9220   1.0000
   1.250   0.3780   0.03238   0.02225  -0.0866   0.9085   1.0000
   1.500   0.4096   0.03319   0.02301  -0.0885   0.8943   1.0000
   1.750   0.4466   0.03397   0.02375  -0.0913   0.8814   1.0000
   2.000   0.4781   0.03478   0.02455  -0.0930   0.8680   1.0000
   2.250   0.5066   0.03563   0.02539  -0.0943   0.8542   1.0000
   2.500   0.5389   0.03645   0.02618  -0.0961   0.8419   1.0000
   2.750   0.5718   0.03720   0.02690  -0.0977   0.8293   1.0000
   3.000   0.5943   0.03812   0.02781  -0.0978   0.8144   1.0000
   3.250   0.6276   0.03875   0.02842  -0.0992   0.8014   1.0000
   3.500   0.6562   0.03951   0.02918  -0.1000   0.7883   1.0000
   3.750   0.6781   0.04058   0.03026  -0.1000   0.7749   1.0000
   4.000   0.7051   0.04149   0.03118  -0.1005   0.7629   1.0000
   4.250   0.7360   0.04216   0.03188  -0.1013   0.7511   1.0000
   4.500   0.7572   0.04324   0.03299  -0.1010   0.7379   1.0000
   4.750   0.7763   0.04442   0.03421  -0.1005   0.7246   1.0000
   5.000   0.8019   0.04530   0.03513  -0.1005   0.7126   1.0000
   5.250   0.8303   0.04597   0.03587  -0.1007   0.7010   1.0000
   5.500   0.8506   0.04700   0.03696  -0.0999   0.6876   1.0000
   5.750   0.8757   0.04757   0.03761  -0.0993   0.6733   1.0000
   6.000   0.9372   0.04496   0.03513  -0.1000   0.6600   1.0000
   6.250   0.9734   0.04360   0.03387  -0.0983   0.6414   1.0000
   6.500   1.0362   0.03892   0.02925  -0.0967   0.6186   1.0000
   6.750   1.0756   0.03649   0.02686  -0.0944   0.5944   1.0000
   7.000   1.1226   0.03372   0.02405  -0.0930   0.5708   1.0000
   7.250   1.1484   0.03302   0.02340  -0.0908   0.5463   1.0000
   7.500   1.1777   0.03202   0.02239  -0.0887   0.5201   1.0000
   7.750   1.1910   0.03052   0.02069  -0.0838   0.4754   1.0000
   8.000   1.1918   0.02994   0.01978  -0.0780   0.4212   1.0000
   8.250   1.1885   0.03028   0.01974  -0.0726   0.3653   1.0000
  10.500   1.2166   0.07439   0.06487  -0.0399   0.0752   1.0000
  11.250   1.1727   0.08886   0.08001  -0.0338   0.0796   1.0000
  14.750   0.8323   0.16212   0.15403  -0.0572   0.0685   1.0000
  15.750   0.9968   0.20702   0.19862  -0.1056   0.1608   1.0000
