  
       XFOIL         Version 6.99
  
 Calculated polar for: Airfoil_rR0.985360.txt                          
  
 1 1 Reynolds number fixed          Mach number fixed         
  
 xtrf =   1.000 (top)        1.000 (bottom)  
 Mach =   0.000     Re =     0.150 e 6     Ncrit =   9.000
  
   alpha    CL        CD       CDp       CM     Top_Xtr  Bot_Xtr
  ------ -------- --------- --------- -------- -------- --------
 -12.750  -0.3210   0.15506   0.15026  -0.0260   1.0000   0.0439
 -12.500  -0.3180   0.15203   0.14724  -0.0265   1.0000   0.0462
 -12.000  -0.3207   0.14683   0.14206  -0.0295   1.0000   0.0496
 -11.750  -0.3314   0.14561   0.14086  -0.0322   1.0000   0.0500
 -10.000  -0.3301   0.11730   0.11259  -0.0310   1.0000   0.0558
  -8.000  -0.3449   0.09369   0.08944  -0.0319   1.0000   0.0629
  -7.500  -0.3402   0.09092   0.08698  -0.0263   1.0000   0.0654
  -7.250  -0.3837   0.08869   0.08469  -0.0239   1.0000   0.0648
  -6.750  -0.4064   0.08422   0.08035  -0.0221   1.0000   0.0668
  -6.250  -0.4167   0.07467   0.07076  -0.0342   0.9990   0.0709
  -5.000  -0.2324   0.02053   0.01232  -0.0715   0.9828   0.0328
  -4.750  -0.1887   0.01943   0.01107  -0.0745   0.9788   0.0576
  -4.500  -0.1492   0.01959   0.01108  -0.0774   0.9720   0.0696
  -4.250  -0.1120   0.01939   0.01092  -0.0801   0.9655   0.0769
  -4.000  -0.0701   0.01991   0.01150  -0.0841   0.9600   0.0943
  -3.750  -0.0355   0.01946   0.01099  -0.0860   0.9525   0.1020
  -3.500   0.0022   0.01882   0.01032  -0.0883   0.9469   0.1084
  -3.250   0.0415   0.01810   0.00966  -0.0909   0.9418   0.1177
  -3.000   0.0772   0.01744   0.00908  -0.0929   0.9353   0.1312
  -2.750   0.1183   0.01678   0.00857  -0.0960   0.9311   0.1511
  -2.500   0.1530   0.01628   0.00823  -0.0978   0.9240   0.1780
  -2.250   0.1948   0.01569   0.00788  -0.1010   0.9203   0.2225
  -2.000   0.2261   0.01526   0.00766  -0.1020   0.9121   0.2719
  -1.750   0.2576   0.01474   0.00743  -0.1031   0.9045   0.3327
  -1.500   0.2909   0.01405   0.00715  -0.1044   0.8982   0.4295
  -1.250   0.3167   0.01292   0.00704  -0.1037   0.8912   0.6963
  -1.000   0.3573   0.01223   0.00679  -0.1053   0.8843   1.0000
  -0.750   0.3883   0.01211   0.00653  -0.1059   0.8756   1.0000
  -0.250   0.4473   0.01190   0.00609  -0.1064   0.8560   1.0000
   0.000   0.4754   0.01184   0.00593  -0.1064   0.8452   1.0000
   0.250   0.5030   0.01180   0.00580  -0.1063   0.8341   1.0000
   0.500   0.5303   0.01177   0.00570  -0.1061   0.8226   1.0000
   0.750   0.5576   0.01175   0.00560  -0.1060   0.8111   1.0000
   1.000   0.5838   0.01176   0.00557  -0.1056   0.7983   1.0000
   1.250   0.6110   0.01176   0.00547  -0.1054   0.7861   1.0000
   1.500   0.6380   0.01179   0.00539  -0.1052   0.7732   1.0000
   1.750   0.6654   0.01184   0.00533  -0.1050   0.7605   1.0000
   2.000   0.6910   0.01198   0.00538  -0.1046   0.7457   1.0000
   2.250   0.7173   0.01209   0.00538  -0.1043   0.7313   1.0000
   2.500   0.7422   0.01220   0.00540  -0.1037   0.7140   1.0000
   2.750   0.7669   0.01224   0.00534  -0.1029   0.6946   1.0000
   3.000   0.7918   0.01231   0.00524  -0.1021   0.6742   1.0000
   3.250   0.8161   0.01245   0.00521  -0.1012   0.6523   1.0000
   3.500   0.8401   0.01261   0.00525  -0.1004   0.6311   1.0000
   3.750   0.8639   0.01277   0.00531  -0.0997   0.6099   1.0000
   4.000   0.8879   0.01293   0.00535  -0.0989   0.5897   1.0000
   4.250   0.9120   0.01316   0.00546  -0.0983   0.5711   1.0000
   4.500   0.9361   0.01343   0.00564  -0.0977   0.5535   1.0000
   4.750   0.9603   0.01370   0.00584  -0.0971   0.5369   1.0000
   5.000   0.9844   0.01396   0.00605  -0.0965   0.5207   1.0000
   5.250   1.0083   0.01418   0.00629  -0.0960   0.5034   1.0000
   5.500   1.0318   0.01444   0.00646  -0.0952   0.4869   1.0000
   5.750   1.0548   0.01476   0.00667  -0.0945   0.4700   1.0000
   6.000   1.0772   0.01511   0.00695  -0.0936   0.4501   1.0000
   6.250   1.0958   0.01543   0.00716  -0.0920   0.3993   1.0000
   6.500   1.1072   0.01633   0.00747  -0.0894   0.3400   1.0000
   6.750   1.1218   0.01720   0.00793  -0.0875   0.2623   1.0000
   7.000   1.1329   0.01849   0.00868  -0.0853   0.1881   1.0000
   7.250   1.1450   0.01978   0.00954  -0.0833   0.1335   1.0000
   7.500   1.1613   0.02068   0.01025  -0.0818   0.1015   1.0000
   7.750   1.1760   0.02166   0.01095  -0.0801   0.0780   1.0000
   8.000   1.1912   0.02256   0.01160  -0.0785   0.0631   1.0000
   8.250   1.2078   0.02331   0.01221  -0.0770   0.0478   1.0000
