  
       XFOIL         Version 6.99
  
 Calculated polar for: Airfoil_rR0.980307.txt                          
  
 1 1 Reynolds number fixed          Mach number fixed         
  
 xtrf =   1.000 (top)        1.000 (bottom)  
 Mach =   0.000     Re =     0.100 e 6     Ncrit =   9.000
  
   alpha    CL        CD       CDp       CM     Top_Xtr  Bot_Xtr
  ------ -------- --------- --------- -------- -------- --------
 -17.750  -0.5516   0.21638   0.20980   0.0123   1.0000   0.0270
 -16.500  -0.5074   0.20170   0.19525   0.0032   1.0000   0.0327
 -15.000  -0.4560   0.18381   0.17747  -0.0062   1.0000   0.0451
 -11.250  -0.3191   0.14025   0.13454  -0.0317   1.0000   0.0698
 -10.000  -0.3319   0.12006   0.11434  -0.0304   1.0000   0.0746
  -8.750  -0.3284   0.10475   0.09933  -0.0333   1.0000   0.0827
  -8.250  -0.3308   0.09938   0.09409  -0.0323   1.0000   0.0870
  -7.250  -0.3492   0.09198   0.08726  -0.0250   1.0000   0.0929
  -7.000  -0.3860   0.08890   0.08409  -0.0247   1.0000   0.0927
  -6.500  -0.3842   0.08571   0.08122  -0.0204   1.0000   0.0972
  -5.500  -0.3794   0.04938   0.04349  -0.0489   1.0000   0.0502
  -5.250  -0.3669   0.04649   0.04075  -0.0481   1.0000   0.0478
  -5.000  -0.3199   0.03119   0.02326  -0.0564   1.0000   0.0400
  -4.750  -0.2860   0.02633   0.01769  -0.0582   1.0000   0.0429
  -4.500  -0.2541   0.02396   0.01483  -0.0586   1.0000   0.0611
  -4.250  -0.2334   0.02421   0.01507  -0.0584   1.0000   0.0815
  -4.000  -0.2062   0.02408   0.01480  -0.0593   0.9985   0.0909
  -3.750  -0.1642   0.02582   0.01692  -0.0643   0.9907   0.1179
  -3.500  -0.1228   0.02491   0.01585  -0.0678   0.9844   0.1248
  -3.250  -0.0775   0.02390   0.01457  -0.0716   0.9793   0.1314
  -3.000  -0.0358   0.02313   0.01373  -0.0749   0.9721   0.1408
  -2.750   0.0056   0.02246   0.01318  -0.0782   0.9643   0.1539
  -2.500   0.0477   0.02193   0.01274  -0.0816   0.9564   0.1758
  -2.250   0.0915   0.02146   0.01243  -0.0854   0.9493   0.2086
  -2.000   0.1311   0.02093   0.01211  -0.0882   0.9410   0.2504
  -1.750   0.1680   0.02033   0.01185  -0.0906   0.9324   0.3054
  -1.500   0.2046   0.01968   0.01167  -0.0929   0.9240   0.3951
  -1.250   0.2364   0.01816   0.01166  -0.0932   0.9180   0.7415
  -1.000   0.2812   0.01770   0.01126  -0.0959   0.9102   1.0000
  -0.750   0.3193   0.01767   0.01103  -0.0982   0.9006   1.0000
  -0.500   0.3567   0.01762   0.01083  -0.1003   0.8913   1.0000
  -0.250   0.3925   0.01754   0.01063  -0.1019   0.8820   1.0000
   0.000   0.4272   0.01746   0.01045  -0.1033   0.8725   1.0000
   0.250   0.4609   0.01737   0.01028  -0.1044   0.8629   1.0000
   0.500   0.4937   0.01728   0.01011  -0.1053   0.8531   1.0000
   0.750   0.5256   0.01718   0.00995  -0.1059   0.8430   1.0000
   1.000   0.5567   0.01708   0.00982  -0.1064   0.8326   1.0000
   1.250   0.5872   0.01698   0.00969  -0.1067   0.8219   1.0000
   1.500   0.6170   0.01691   0.00954  -0.1069   0.8112   1.0000
   1.750   0.6462   0.01684   0.00941  -0.1069   0.8002   1.0000
   2.000   0.6746   0.01679   0.00930  -0.1068   0.7883   1.0000
   2.250   0.7021   0.01679   0.00923  -0.1065   0.7755   1.0000
   2.500   0.7305   0.01676   0.00913  -0.1063   0.7631   1.0000
   2.750   0.7592   0.01677   0.00907  -0.1062   0.7511   1.0000
   3.000   0.7853   0.01692   0.00916  -0.1057   0.7375   1.0000
   3.250   0.8114   0.01704   0.00922  -0.1052   0.7231   1.0000
   3.500   0.8374   0.01705   0.00916  -0.1045   0.7073   1.0000
   3.750   0.8645   0.01692   0.00891  -0.1037   0.6906   1.0000
   4.000   0.8897   0.01689   0.00876  -0.1027   0.6716   1.0000
   4.250   0.9143   0.01693   0.00869  -0.1016   0.6520   1.0000
   4.500   0.9384   0.01704   0.00872  -0.1006   0.6327   1.0000
   4.750   0.9619   0.01717   0.00879  -0.0996   0.6135   1.0000
   5.000   0.9852   0.01726   0.00881  -0.0985   0.5940   1.0000
   5.250   1.0092   0.01739   0.00883  -0.0975   0.5751   1.0000
   5.500   1.0327   0.01761   0.00897  -0.0966   0.5564   1.0000
   5.750   1.0559   0.01788   0.00918  -0.0957   0.5385   1.0000
   6.000   1.0785   0.01815   0.00943  -0.0947   0.5206   1.0000
   6.250   1.1000   0.01840   0.00974  -0.0935   0.5016   1.0000
   6.500   1.1216   0.01862   0.00986  -0.0923   0.4814   1.0000
   6.750   1.1361   0.01890   0.00990  -0.0897   0.4389   1.0000
   7.000   1.1462   0.01937   0.01001  -0.0866   0.3765   1.0000
   7.250   1.1597   0.02016   0.01048  -0.0844   0.3291   1.0000
   7.500   1.1736   0.02099   0.01101  -0.0824   0.2678   1.0000
   7.750   1.1830   0.02228   0.01181  -0.0800   0.1971   1.0000
   8.250   1.2012   0.02514   0.01385  -0.0753   0.1168   1.0000
   9.500   1.2581   0.05020   0.04062  -0.0568   0.0458   1.0000
  10.500   1.2548   0.07209   0.06450  -0.0432   0.0615   1.0000
