  
       XFOIL         Version 6.99
  
 Calculated polar for: Airfoil_rR0.160000.txt                          
  
 1 1 Reynolds number fixed          Mach number fixed         
  
 xtrf =   1.000 (top)        1.000 (bottom)  
 Mach =   0.000     Re =     0.100 e 6     Ncrit =   9.000
  
   alpha    CL        CD       CDp       CM     Top_Xtr  Bot_Xtr
  ------ -------- --------- --------- -------- -------- --------
 -20.000  -0.3309   0.23074   0.22400  -0.0223   1.0000   0.1107
 -19.750  -0.3110   0.22556   0.21886  -0.0215   1.0000   0.1113
 -19.500  -0.1823   0.21572   0.21015  -0.0259   1.0000   0.1110
 -19.250  -0.2884   0.22113   0.21449  -0.0213   1.0000   0.1140
 -19.000  -0.2808   0.21933   0.21272  -0.0217   1.0000   0.1160
 -18.750  -0.2752   0.21747   0.21090  -0.0223   1.0000   0.1180
 -18.500  -0.2791   0.21659   0.21003  -0.0241   1.0000   0.1202
 -18.250  -0.2802   0.21505   0.20854  -0.0252   1.0000   0.1209
 -17.750  -0.1620   0.20697   0.20155  -0.0247   1.0000   0.1215
 -17.500  -0.1554   0.20537   0.19999  -0.0239   1.0000   0.1225
 -17.250  -0.2399   0.20578   0.19940  -0.0242   1.0000   0.1266
 -17.000  -0.2406   0.20439   0.19804  -0.0251   1.0000   0.1297
 -16.750  -0.2535   0.20444   0.19812  -0.0270   1.0000   0.1307
 -16.500  -0.2372   0.20062   0.19434  -0.0260   1.0000   0.1313
 -16.250  -0.2260   0.19822   0.19198  -0.0253   1.0000   0.1322
 -16.000  -0.2177   0.19637   0.19018  -0.0248   1.0000   0.1334
 -15.500  -0.1468   0.19851   0.19338  -0.0199   1.0000   0.1348
 -15.250  -0.2075   0.19177   0.18571  -0.0245   1.0000   0.1394
 -14.750  -0.2068   0.18835   0.18240  -0.0244   1.0000   0.1416
 -14.500  -0.1981   0.18644   0.18054  -0.0234   1.0000   0.1426
 -14.250  -0.1926   0.18486   0.17901  -0.0225   1.0000   0.1439
 -14.000  -0.1892   0.18340   0.17761  -0.0218   1.0000   0.1453
 -13.750  -0.1876   0.18199   0.17626  -0.0211   1.0000   0.1470
 -13.500  -0.1907   0.18075   0.17507  -0.0208   1.0000   0.1492
 -13.000  -0.2025   0.17807   0.17252  -0.0202   1.0000   0.1512
 -12.750  -0.1954   0.17627   0.17078  -0.0186   1.0000   0.1520
 -12.500  -0.1913   0.17493   0.16952  -0.0171   1.0000   0.1534
 -12.250  -0.1906   0.17384   0.16849  -0.0158   1.0000   0.1553
 -12.000  -0.1934   0.17285   0.16757  -0.0147   1.0000   0.1573
 -11.750  -0.2131   0.17256   0.16733  -0.0151   0.9999   0.1602
 -11.500  -0.1785   0.16768   0.16239  -0.0215   0.9940   0.1616
 -11.250  -0.1395   0.16401   0.15871  -0.0268   0.9886   0.1638
 -11.000  -0.1135   0.16059   0.15528  -0.0320   0.9823   0.1676
 -10.750  -0.1135   0.15757   0.15224  -0.0383   0.9755   0.1710
 -10.500  -0.0698   0.15321   0.14789  -0.0424   0.9704   0.1728
 -10.250  -0.0448   0.14989   0.14457  -0.0457   0.9626   0.1759
 -10.000  -0.0525   0.14721   0.14188  -0.0515   0.9552   0.1808
  -9.750  -0.0060   0.14259   0.13726  -0.0552   0.9507   0.1825
  -9.500   0.0199   0.13932   0.13401  -0.0581   0.9424   0.1862
  -9.250   0.0241   0.13610   0.13079  -0.0623   0.9348   0.1915
  -9.000   0.0663   0.13224   0.12693  -0.0663   0.9306   0.1962
  -8.750   0.0628   0.12925   0.12394  -0.0701   0.9219   0.2012
  -8.500   0.0993   0.12541   0.12012  -0.0722   0.9143   0.2038
  -7.750   0.1989   0.11518   0.11000  -0.0869   0.8816   0.2196
  -7.250   0.2030   0.10795   0.10266  -0.0879   0.8813   0.2259
  -6.750   0.2239   0.10226   0.09697  -0.0919   0.8632   0.2396
  -6.500   0.2508   0.09839   0.09311  -0.0944   0.8564   0.2429
  -6.000   0.3574   0.08923   0.08396  -0.1068   0.8324   0.2561
  -5.750   0.3186   0.08709   0.08170  -0.1077   0.8401   0.2612
  -5.000   0.4010   0.07794   0.07243  -0.1173   0.8054   0.2816
  -4.750   0.4362   0.07482   0.06921  -0.1230   0.7937   0.2897
  -4.500   0.3213   0.06382   0.05805  -0.1239   0.7806   0.2318
  -4.250   0.4041   0.06412   0.05829  -0.1293   0.7673   0.2523
  -3.750   0.4804   0.06154   0.05554  -0.1344   0.7357   0.2751
  -3.500   0.0996   0.03520   0.02760  -0.1182   0.7313   0.2295
  -3.250   0.1423   0.03387   0.02619  -0.1208   0.7211   0.2331
  -3.000   0.1807   0.03239   0.02447  -0.1231   0.7104   0.2378
  -2.750   0.2044   0.03120   0.02304  -0.1228   0.6984   0.2422
  -2.500   0.2385   0.03058   0.02235  -0.1237   0.6863   0.2470
  -2.250   0.2608   0.02959   0.02110  -0.1231   0.6740   0.2517
  -2.000   0.2945   0.02919   0.02068  -0.1238   0.6619   0.2564
  -1.750   0.3197   0.02849   0.01976  -0.1233   0.6502   0.2619
  -1.500   0.3637   0.02811   0.01929  -0.1260   0.6392   0.2687
  -1.250   0.3819   0.02799   0.01929  -0.1240   0.6272   0.2737
  -1.000   0.3970   0.02774   0.01882  -0.1216   0.6155   0.2805
  -0.750   0.4171   0.02770   0.01884  -0.1199   0.6042   0.2858
  -0.500   0.4439   0.02740   0.01838  -0.1195   0.5937   0.2930
  -0.250   0.4755   0.02719   0.01800  -0.1200   0.5835   0.3016
   0.000   0.4993   0.02719   0.01797  -0.1190   0.5730   0.3082
   0.250   0.5147   0.02721   0.01799  -0.1165   0.5629   0.3146
   0.500   0.5310   0.02714   0.01783  -0.1142   0.5533   0.3220
   0.750   0.5533   0.02707   0.01765  -0.1130   0.5442   0.3308
   1.000   0.5785   0.02704   0.01752  -0.1123   0.5352   0.3403
   1.250   0.6030   0.02704   0.01744  -0.1114   0.5261   0.3503
   1.500   0.6250   0.02713   0.01755  -0.1101   0.5170   0.3592
   1.750   0.6394   0.02725   0.01766  -0.1075   0.5081   0.3684
   2.000   0.6637   0.02727   0.01758  -0.1066   0.4999   0.3806
   2.250   0.6753   0.02738   0.01771  -0.1034   0.4917   0.3907
   2.500   0.6907   0.02753   0.01788  -0.1010   0.4840   0.4014
   2.750   0.7116   0.02767   0.01802  -0.0995   0.4764   0.4130
   3.000   0.7403   0.02779   0.01806  -0.0994   0.4689   0.4274
   3.250   0.7485   0.02805   0.01836  -0.0958   0.4615   0.4394
   3.500   0.7561   0.02835   0.01872  -0.0921   0.4543   0.4511
   3.750   0.7774   0.02849   0.01885  -0.0907   0.4474   0.4659
   4.000   0.8019   0.02862   0.01895  -0.0899   0.4407   0.4826
   4.250   0.8067   0.02902   0.01946  -0.0858   0.4342   0.4957
   4.500   0.8318   0.02923   0.01963  -0.0851   0.4280   0.5154
   4.750   0.8441   0.02955   0.02002  -0.0823   0.4219   0.5331
   5.000   0.8534   0.02999   0.02055  -0.0791   0.4161   0.5507
   5.250   0.8807   0.03015   0.02068  -0.0788   0.4104   0.5751
   5.500   0.8805   0.03068   0.02139  -0.0742   0.4048   0.5932
   5.750   0.9197   0.03069   0.02133  -0.0757   0.3993   0.6260
   6.000   0.9146   0.03134   0.02218  -0.0704   0.3935   0.6476
   6.250   0.9417   0.03158   0.02246  -0.0702   0.3880   0.6859
   6.500   0.9501   0.03204   0.02311  -0.0671   0.3824   0.7229
   6.750   0.9701   0.03234   0.02363  -0.0659   0.3771   0.7831
   7.000   1.0506   0.03247   0.02386  -0.0760   0.3692   1.0000
   7.250   1.0371   0.03359   0.02506  -0.0704   0.3641   1.0000
   7.500   1.0737   0.03384   0.02501  -0.0719   0.3592   1.0000
   7.750   1.0689   0.03490   0.02611  -0.0676   0.3544   1.0000
   8.000   1.1232   0.03488   0.02572  -0.0715   0.3500   1.0000
   8.250   1.1005   0.03639   0.02742  -0.0648   0.3455   1.0000
   8.500   1.1261   0.03695   0.02784  -0.0647   0.3412   1.0000
   8.750   1.1212   0.03826   0.02921  -0.0608   0.3369   1.0000
   9.000   1.1235   0.03942   0.03038  -0.0579   0.3326   1.0000
   9.250   1.1508   0.03993   0.03075  -0.0580   0.3286   1.0000
   9.500   1.1160   0.04241   0.03348  -0.0514   0.3245   1.0000
   9.750   1.1536   0.04240   0.03334  -0.0525   0.3206   1.0000
  10.000   1.1162   0.04538   0.03656  -0.0465   0.3167   1.0000
  10.250   1.1051   0.04750   0.03876  -0.0434   0.3128   1.0000
  10.500   1.1705   0.04611   0.03702  -0.0465   0.3094   1.0000
  10.750   0.8785   0.06940   0.06156  -0.0326   0.3008   1.0000
  11.000   1.0838   0.05441   0.04582  -0.0369   0.3019   1.0000
  11.250   1.1420   0.05287   0.04400  -0.0386   0.2989   1.0000
  12.000   0.4133   0.15362   0.14721  -0.0576   0.3063   1.0000
  14.500   0.5121   0.17627   0.16943  -0.0662   0.2755   1.0000
  15.000   0.5485   0.18066   0.17374  -0.0670   0.2703   1.0000
  16.250   0.5858   0.19118   0.18416  -0.0728   0.2525   1.0000
  16.500   0.6055   0.19345   0.18640  -0.0731   0.2506   1.0000
  18.000   0.6521   0.20602   0.19884  -0.0808   0.2334   1.0000
  18.750   0.6799   0.21219   0.20496  -0.0844   0.2251   1.0000
  19.750   0.7174   0.22030   0.21303  -0.0893   0.2147   1.0000
