  
       XFOIL         Version 6.99
  
 Calculated polar for: Airfoil_rR0.549653.txt                          
  
 1 1 Reynolds number fixed          Mach number fixed         
  
 xtrf =   1.000 (top)        1.000 (bottom)  
 Mach =   0.000     Re =     0.200 e 6     Ncrit =   9.000
  
   alpha    CL        CD       CDp       CM     Top_Xtr  Bot_Xtr
  ------ -------- --------- --------- -------- -------- --------
 -14.000  -0.3033   0.16608   0.16188  -0.0317   1.0000   0.0363
  -9.000  -0.3699   0.09190   0.08820  -0.0335   1.0000   0.0276
  -7.500  -0.4746   0.03448   0.02954  -0.0744   0.9901   0.0205
  -7.250  -0.4440   0.02837   0.02257  -0.0792   0.9864   0.0203
  -7.000  -0.4088   0.02330   0.01676  -0.0830   0.9844   0.0214
  -6.750  -0.3654   0.02627   0.01970  -0.0860   0.9783   0.0526
  -6.500  -0.3300   0.02617   0.01959  -0.0883   0.9732   0.0567
  -6.250  -0.2895   0.02506   0.01803  -0.0918   0.9704   0.0610
  -6.000  -0.2588   0.02588   0.01917  -0.0932   0.9639   0.0681
  -5.750  -0.2202   0.02524   0.01848  -0.0964   0.9609   0.0735
  -5.500  -0.1873   0.02400   0.01703  -0.0981   0.9554   0.0749
  -5.250  -0.1482   0.02292   0.01572  -0.1009   0.9519   0.0774
  -5.000  -0.1108   0.02160   0.01414  -0.1032   0.9480   0.0777
  -4.750  -0.0752   0.02043   0.01278  -0.1050   0.9432   0.0777
  -4.500  -0.0345   0.01938   0.01159  -0.1078   0.9408   0.0782
  -4.250  -0.0023   0.01861   0.01073  -0.1088   0.9347   0.0793
  -4.000   0.0367   0.01766   0.00978  -0.1113   0.9318   0.0813
  -3.500   0.1090   0.01626   0.00848  -0.1150   0.9227   0.0915
  -3.250   0.1511   0.01555   0.00789  -0.1181   0.9205   0.1038
  -3.000   0.1827   0.01502   0.00742  -0.1190   0.9137   0.1219
  -2.750   0.2217   0.01433   0.00689  -0.1215   0.9107   0.1480
  -2.500   0.2520   0.01393   0.00661  -0.1222   0.9034   0.1789
  -2.250   0.2899   0.01340   0.00625  -0.1244   0.9000   0.2180
  -2.000   0.3201   0.01303   0.00604  -0.1250   0.8922   0.2610
  -1.750   0.3518   0.01262   0.00581  -0.1259   0.8850   0.3106
  -1.500   0.3864   0.01212   0.00552  -0.1273   0.8796   0.3687
  -1.250   0.4161   0.01169   0.00536  -0.1278   0.8710   0.4413
  -1.000   0.4437   0.01115   0.00528  -0.1278   0.8616   0.5722
  -0.750   0.4657   0.01055   0.00527  -0.1260   0.8518   0.7478
  -0.500   0.4887   0.01008   0.00514  -0.1237   0.8419   0.9482
  -0.250   0.5235   0.00998   0.00492  -0.1251   0.8313   1.0000
   0.000   0.5523   0.00997   0.00480  -0.1253   0.8202   1.0000
   0.250   0.5791   0.00999   0.00473  -0.1252   0.8071   1.0000
   0.500   0.6068   0.01000   0.00471  -0.1251   0.7941   1.0000
   0.750   0.6356   0.01001   0.00458  -0.1253   0.7818   1.0000
   1.000   0.6637   0.01007   0.00450  -0.1253   0.7682   1.0000
   1.250   0.6905   0.01017   0.00447  -0.1250   0.7528   1.0000
   1.500   0.7170   0.01029   0.00446  -0.1248   0.7369   1.0000
   1.750   0.7433   0.01040   0.00445  -0.1244   0.7209   1.0000
   2.000   0.7684   0.01052   0.00447  -0.1239   0.7028   1.0000
   2.250   0.7944   0.01065   0.00446  -0.1235   0.6863   1.0000
   2.500   0.8203   0.01082   0.00447  -0.1231   0.6697   1.0000
   2.750   0.8450   0.01102   0.00453  -0.1224   0.6506   1.0000
   3.000   0.8694   0.01122   0.00461  -0.1218   0.6310   1.0000
   3.250   0.8934   0.01141   0.00470  -0.1211   0.6111   1.0000
   3.500   0.9175   0.01159   0.00477  -0.1204   0.5919   1.0000
   3.750   0.9418   0.01183   0.00488  -0.1197   0.5750   1.0000
   4.000   0.9659   0.01211   0.00503  -0.1191   0.5581   1.0000
   4.250   0.9898   0.01238   0.00520  -0.1184   0.5408   1.0000
   4.500   1.0134   0.01263   0.00538  -0.1177   0.5228   1.0000
   4.750   1.0367   0.01286   0.00556  -0.1170   0.5036   1.0000
   5.000   1.0598   0.01314   0.00572  -0.1162   0.4874   1.0000
   5.250   1.0831   0.01344   0.00593  -0.1154   0.4728   1.0000
   5.500   1.1064   0.01377   0.00618  -0.1147   0.4594   1.0000
   5.750   1.1297   0.01408   0.00645  -0.1141   0.4452   1.0000
   6.000   1.1516   0.01439   0.00671  -0.1131   0.4255   1.0000
   6.250   1.1684   0.01481   0.00689  -0.1112   0.3854   1.0000
   6.500   1.1821   0.01555   0.00729  -0.1089   0.3445   1.0000
   6.750   1.2001   0.01609   0.00765  -0.1074   0.2968   1.0000
   7.000   1.2151   0.01682   0.00808  -0.1054   0.2607   1.0000
   7.250   1.2292   0.01767   0.00865  -0.1034   0.2209   1.0000
   8.000   1.2372   0.02253   0.01244  -0.0920   0.0381   1.0000
   9.000   1.2826   0.02674   0.01701  -0.0820   0.0198   1.0000
   9.250   1.2919   0.02796   0.01836  -0.0796   0.0196   1.0000
   9.500   1.2993   0.02935   0.01989  -0.0770   0.0196   1.0000
   9.750   1.3045   0.03093   0.02162  -0.0744   0.0197   1.0000
  10.500   1.3078   0.03709   0.02814  -0.0666   0.0200   1.0000
  11.000   1.3108   0.04162   0.03288  -0.0625   0.0205   1.0000
  11.750   1.3306   0.04785   0.03944  -0.0568   0.0228   1.0000
