  
       XFOIL         Version 6.99
  
 Calculated polar for: Airfoil_rR0.709787.txt                          
  
 1 1 Reynolds number fixed          Mach number fixed         
  
 xtrf =   1.000 (top)        1.000 (bottom)  
 Mach =   0.000     Re =     0.100 e 6     Ncrit =   9.000
  
   alpha    CL        CD       CDp       CM     Top_Xtr  Bot_Xtr
  ------ -------- --------- --------- -------- -------- --------
 -16.000  -0.4876   0.19794   0.19154  -0.0034   1.0000   0.0398
 -14.500  -0.4379   0.17778   0.17151  -0.0119   1.0000   0.0514
 -14.250  -0.4271   0.17395   0.16770  -0.0124   1.0000   0.0531
 -13.750  -0.3310   0.17052   0.16465  -0.0257   1.0000   0.0597
 -10.500  -0.2976   0.12730   0.12172  -0.0326   1.0000   0.0742
 -10.250  -0.2955   0.12412   0.11857  -0.0330   1.0000   0.0762
  -9.250  -0.2997   0.11143   0.10611  -0.0348   1.0000   0.0821
  -9.000  -0.3294   0.10687   0.10141  -0.0343   1.0000   0.0822
  -8.250  -0.3290   0.10179   0.09678  -0.0339   1.0000   0.0899
  -8.000  -0.3632   0.09824   0.09314  -0.0328   1.0000   0.0898
  -7.250  -0.3867   0.09059   0.08575  -0.0263   1.0000   0.0920
  -7.000  -0.3927   0.08814   0.08337  -0.0246   1.0000   0.0930
  -5.750  -0.4027   0.05321   0.04774  -0.0457   1.0000   0.0495
  -5.500  -0.3904   0.04864   0.04307  -0.0466   1.0000   0.0464
  -5.250  -0.3464   0.03129   0.02335  -0.0560   1.0000   0.0400
  -5.000  -0.3156   0.02697   0.01845  -0.0575   1.0000   0.0439
  -4.750  -0.2863   0.02499   0.01610  -0.0577   1.0000   0.0639
  -4.500  -0.2655   0.02520   0.01615  -0.0574   1.0000   0.0811
  -4.250  -0.2410   0.02511   0.01596  -0.0579   0.9991   0.0892
  -4.000  -0.1996   0.02682   0.01811  -0.0628   0.9913   0.1135
  -3.750  -0.1573   0.02592   0.01687  -0.0664   0.9851   0.1214
  -3.500  -0.1124   0.02492   0.01576  -0.0703   0.9801   0.1263
  -3.250  -0.0721   0.02398   0.01466  -0.0733   0.9729   0.1329
  -2.750   0.0144   0.02258   0.01325  -0.0803   0.9589   0.1592
  -2.500   0.0557   0.02204   0.01288  -0.0836   0.9509   0.1831
  -2.250   0.0944   0.02160   0.01263  -0.0863   0.9421   0.2150
  -2.000   0.1324   0.02106   0.01230  -0.0888   0.9336   0.2566
  -1.750   0.1702   0.02047   0.01203  -0.0913   0.9255   0.3135
  -1.500   0.2106   0.01973   0.01178  -0.0942   0.9188   0.4108
  -1.250   0.2391   0.01827   0.01180  -0.0937   0.9115   0.7489
  -1.000   0.2806   0.01786   0.01145  -0.0958   0.9022   1.0000
  -0.750   0.3194   0.01782   0.01121  -0.0982   0.8931   1.0000
  -0.500   0.3570   0.01775   0.01099  -0.1002   0.8843   1.0000
  -0.250   0.3933   0.01765   0.01076  -0.1019   0.8754   1.0000
   0.000   0.4287   0.01754   0.01055  -0.1034   0.8665   1.0000
   0.250   0.4633   0.01742   0.01034  -0.1046   0.8575   1.0000
   0.500   0.4962   0.01730   0.01015  -0.1054   0.8479   1.0000
   0.750   0.5270   0.01722   0.01001  -0.1059   0.8374   1.0000
   1.000   0.5567   0.01716   0.00991  -0.1061   0.8264   1.0000
   1.250   0.5860   0.01711   0.00982  -0.1062   0.8152   1.0000
   1.500   0.6147   0.01707   0.00972  -0.1062   0.8040   1.0000
   1.750   0.6445   0.01698   0.00956  -0.1063   0.7933   1.0000
   2.000   0.6744   0.01688   0.00938  -0.1064   0.7824   1.0000
   2.250   0.7041   0.01679   0.00920  -0.1064   0.7710   1.0000
   2.500   0.7315   0.01683   0.00918  -0.1061   0.7582   1.0000
   2.750   0.7578   0.01696   0.00925  -0.1056   0.7447   1.0000
   3.000   0.7854   0.01705   0.00926  -0.1054   0.7321   1.0000
   3.250   0.8124   0.01713   0.00928  -0.1050   0.7189   1.0000
   3.500   0.8372   0.01721   0.00930  -0.1042   0.7026   1.0000
   3.750   0.8637   0.01714   0.00912  -0.1034   0.6861   1.0000
   4.000   0.8901   0.01707   0.00892  -0.1025   0.6684   1.0000
   4.250   0.9155   0.01709   0.00881  -0.1016   0.6497   1.0000
   4.500   0.9394   0.01720   0.00884  -0.1005   0.6306   1.0000
   4.750   0.9627   0.01735   0.00894  -0.0995   0.6120   1.0000
   5.000   0.9860   0.01745   0.00897  -0.0984   0.5932   1.0000
   5.250   1.0099   0.01757   0.00899  -0.0975   0.5747   1.0000
   5.500   1.0334   0.01779   0.00912  -0.0965   0.5564   1.0000
   5.750   1.0568   0.01805   0.00931  -0.0956   0.5390   1.0000
   6.000   1.0791   0.01832   0.00958  -0.0946   0.5214   1.0000
   6.250   1.1006   0.01858   0.00988  -0.0934   0.5032   1.0000
   6.500   1.1231   0.01881   0.01007  -0.0924   0.4866   1.0000
   6.750   1.1417   0.01906   0.01016  -0.0906   0.4588   1.0000
   7.000   1.1537   0.01937   0.01031  -0.0877   0.4092   1.0000
   7.250   1.1632   0.02005   0.01050  -0.0847   0.3527   1.0000
   7.500   1.1800   0.02067   0.01105  -0.0831   0.3032   1.0000
   7.750   1.1896   0.02175   0.01163  -0.0805   0.2422   1.0000
   8.000   1.1971   0.02316   0.01255  -0.0778   0.1851   1.0000
   9.500   1.2535   0.04777   0.03776  -0.0566   0.0436   1.0000
  10.250   1.2836   0.06315   0.05451  -0.0490   0.0513   1.0000
  19.500   0.7629   0.24181   0.23646  -0.0824   0.0700   1.0000
