  
       XFOIL         Version 6.99
  
 Calculated polar for: Airfoil_rR0.416213.txt                          
  
 1 1 Reynolds number fixed          Mach number fixed         
  
 xtrf =   1.000 (top)        1.000 (bottom)  
 Mach =   0.000     Re =     0.050 e 6     Ncrit =   9.000
  
   alpha    CL        CD       CDp       CM     Top_Xtr  Bot_Xtr
  ------ -------- --------- --------- -------- -------- --------
 -19.500  -0.5060   0.22969   0.22012  -0.0077   1.0000   0.0681
 -19.000  -0.3171   0.21203   0.20381  -0.0260   1.0000   0.0743
 -18.750  -0.3140   0.21026   0.20205  -0.0266   1.0000   0.0761
 -18.500  -0.4766   0.21970   0.21030  -0.0138   1.0000   0.0714
 -18.000  -0.4585   0.21352   0.20418  -0.0157   1.0000   0.0748
 -16.250  -0.3082   0.19890   0.19074  -0.0326   1.0000   0.0901
 -16.000  -0.2936   0.19260   0.18451  -0.0319   1.0000   0.0923
 -14.750  -0.3764   0.18023   0.17149  -0.0293   1.0000   0.0994
 -14.500  -0.3756   0.17843   0.16978  -0.0306   1.0000   0.1005
 -14.000  -0.2879   0.17449   0.16657  -0.0336   1.0000   0.1129
 -13.750  -0.2875   0.17204   0.16413  -0.0337   1.0000   0.1178
 -13.250  -0.3465   0.16322   0.15486  -0.0324   1.0000   0.1191
 -13.000  -0.2961   0.16552   0.15773  -0.0346   1.0000   0.1298
 -12.750  -0.2876   0.16140   0.15368  -0.0338   1.0000   0.1384
 -12.500  -0.3009   0.16097   0.15329  -0.0348   1.0000   0.1401
 -12.250  -0.3329   0.15217   0.14414  -0.0331   1.0000   0.1413
 -11.500  -0.2846   0.14834   0.14054  -0.0321   1.0000   0.1786
 -11.250  -0.3257   0.14278   0.13468  -0.0320   1.0000   0.1797
 -11.000  -0.2793   0.14275   0.13504  -0.0313   1.0000   0.1840
 -10.750  -0.2820   0.14077   0.13310  -0.0311   1.0000   0.1885
 -10.500  -0.2878   0.13877   0.13118  -0.0309   1.0000   0.1909
 -10.250  -0.3090   0.13167   0.12381  -0.0304   1.0000   0.1929
 -10.000  -0.3080   0.12950   0.12170  -0.0298   1.0000   0.1978
  -9.750  -0.2821   0.13079   0.12337  -0.0287   1.0000   0.2022
  -9.500  -0.2803   0.12836   0.12100  -0.0277   1.0000   0.2073
  -9.250  -0.2929   0.12695   0.11968  -0.0272   1.0000   0.2107
  -9.000  -0.2822   0.12358   0.11636  -0.0257   1.0000   0.2154
  -8.750  -0.3010   0.12289   0.11577  -0.0249   1.0000   0.2199
  -8.500  -0.3147   0.11600   0.10866  -0.0245   1.0000   0.2226
  -8.250  -0.3047   0.11821   0.11124  -0.0220   1.0000   0.2296
  -8.000  -0.2962   0.11490   0.10799  -0.0204   1.0000   0.2341
  -7.500  -0.3067   0.11085   0.10412  -0.0169   1.0000   0.2449
  -7.250  -0.3504   0.10714   0.10027  -0.0155   1.0000   0.2493
  -7.000  -0.3463   0.10431   0.09750  -0.0135   1.0000   0.2548
  -6.750  -0.3781   0.10434   0.09769  -0.0101   1.0000   0.2598
  -6.500  -0.3698   0.10126   0.09466  -0.0080   1.0000   0.2669
  -6.250  -0.3842   0.09964   0.09315  -0.0056   1.0000   0.2724
  -6.000  -0.3785   0.10091   0.09478  -0.0028   1.0000   0.2809
  -5.750  -0.3864   0.09898   0.09293  -0.0010   1.0000   0.2895
  -5.500  -0.4041   0.09350   0.08727  -0.0007   1.0000   0.2978
  -5.250  -0.3904   0.09412   0.08821   0.0029   1.0000   0.3065
  -3.500  -0.2444   0.04739   0.03912  -0.0632   1.0000   0.1777
  -3.250  -0.2094   0.04400   0.03524  -0.0677   1.0000   0.1759
  -3.000  -0.1747   0.04133   0.03203  -0.0714   1.0000   0.1776
  -2.750  -0.1438   0.03952   0.02983  -0.0738   1.0000   0.1821
  -2.500  -0.1139   0.03822   0.02814  -0.0757   1.0000   0.1903
  -2.250  -0.0926   0.03795   0.02797  -0.0760   1.0000   0.2032
  -2.000  -0.0678   0.03757   0.02747  -0.0770   1.0000   0.2213
  -1.750  -0.0431   0.03712   0.02694  -0.0778   1.0000   0.2388
  -1.500  -0.0181   0.03685   0.02664  -0.0787   1.0000   0.2606
  -1.250   0.0044   0.03698   0.02686  -0.0793   1.0000   0.2893
  -1.000   0.0575   0.03739   0.02747  -0.0850   0.9909   0.3419
  -0.750   0.1139   0.03761   0.02789  -0.0910   0.9761   0.4078
  -0.500   0.1649   0.03766   0.02831  -0.0957   0.9624   0.4923
  -0.250   0.2098   0.03749   0.02875  -0.0987   0.9505   0.6116
   0.000   0.2283   0.03662   0.02886  -0.0952   0.9398   0.8102
   0.250   0.2603   0.03677   0.02862  -0.0979   0.9230   1.0000
   0.500   0.3066   0.03770   0.02914  -0.1026   0.9103   1.0000
   0.750   0.3381   0.03854   0.02975  -0.1046   0.8958   1.0000
   1.000   0.3760   0.03938   0.03038  -0.1074   0.8825   1.0000
   1.250   0.4168   0.04016   0.03099  -0.1105   0.8701   1.0000
   1.500   0.4422   0.04105   0.03178  -0.1113   0.8554   1.0000
   1.750   0.4778   0.04180   0.03260  -0.1134   0.8420   1.0000
   2.000   0.5128   0.04249   0.03316  -0.1152   0.8287   1.0000
   2.250   0.5391   0.04331   0.03387  -0.1157   0.8137   1.0000
   2.500   0.5766   0.04381   0.03426  -0.1176   0.8008   1.0000
   2.750   0.6011   0.04469   0.03507  -0.1178   0.7863   1.0000
   3.000   0.6313   0.04539   0.03569  -0.1186   0.7729   1.0000
   3.250   0.6669   0.04584   0.03607  -0.1199   0.7607   1.0000
   3.500   0.6867   0.04698   0.03717  -0.1194   0.7466   1.0000
   3.750   0.7142   0.04769   0.03784  -0.1197   0.7331   1.0000
   4.000   0.7494   0.04792   0.03803  -0.1204   0.7210   1.0000
   4.250   0.7694   0.04900   0.03908  -0.1198   0.7071   1.0000
   4.500   0.7907   0.05005   0.04012  -0.1193   0.6941   1.0000
   4.750   0.8181   0.05078   0.04084  -0.1194   0.6825   1.0000
   5.000   0.8484   0.05121   0.04128  -0.1194   0.6712   1.0000
   5.250   0.8839   0.05107   0.04114  -0.1196   0.6601   1.0000
   5.500   0.8874   0.05332   0.04341  -0.1176   0.6439   1.0000
   5.750   0.9239   0.05281   0.04292  -0.1173   0.6319   1.0000
   6.000   0.9631   0.05195   0.04208  -0.1171   0.6209   1.0000
   6.250   0.9987   0.05134   0.04149  -0.1165   0.6091   1.0000
   6.500   1.0040   0.05333   0.04353  -0.1144   0.5931   1.0000
   6.750   1.0661   0.05004   0.04028  -0.1149   0.5819   1.0000
   7.000   1.1468   0.04577   0.03601  -0.1177   0.5703   1.0000
   7.250   1.1472   0.04782   0.03814  -0.1144   0.5540   1.0000
   7.500   1.2185   0.04459   0.03489  -0.1170   0.5406   1.0000
   7.750   1.2235   0.04633   0.03671  -0.1140   0.5247   1.0000
   8.000   1.3180   0.03495   0.02509  -0.1132   0.4697   1.0000
   8.250   1.3252   0.03502   0.02508  -0.1092   0.4462   1.0000
   8.500   1.3407   0.03528   0.02525  -0.1068   0.4285   1.0000
   8.750   1.3492   0.03587   0.02585  -0.1037   0.4111   1.0000
   9.000   1.3554   0.03651   0.02650  -0.1002   0.3941   1.0000
   9.250   1.3659   0.03689   0.02676  -0.0972   0.3777   1.0000
   9.500   1.3722   0.03763   0.02745  -0.0940   0.3609   1.0000
   9.750   1.3753   0.03865   0.02848  -0.0905   0.3441   1.0000
  10.000   1.3778   0.03980   0.02964  -0.0872   0.3277   1.0000
  10.250   1.3771   0.04124   0.03119  -0.0838   0.3118   1.0000
  10.750   1.3766   0.04430   0.03434  -0.0779   0.2814   1.0000
  11.000   1.3743   0.04624   0.03635  -0.0752   0.2658   1.0000
  11.500   1.3741   0.05016   0.04042  -0.0711   0.2398   1.0000
  11.750   1.3690   0.05283   0.04321  -0.0692   0.2246   1.0000
  12.000   1.3644   0.05556   0.04600  -0.0676   0.2108   1.0000
  12.250   1.3560   0.05894   0.04953  -0.0664   0.1947   1.0000
  12.750   1.3290   0.06726   0.05781  -0.0653   0.1579   1.0000
  13.250   1.3022   0.07687   0.06741  -0.0658   0.1249   1.0000
  14.250   0.8058   0.17486   0.16754  -0.0884   0.2616   1.0000
  14.500   1.2320   0.10488   0.09528  -0.0717   0.0658   1.0000
  14.750   1.2243   0.10974   0.10007  -0.0731   0.0613   1.0000
  15.000   1.2206   0.11398   0.10433  -0.0740   0.0573   1.0000
  15.250   1.2197   0.11782   0.10829  -0.0747   0.0539   1.0000
  15.500   1.2200   0.12143   0.11191  -0.0756   0.0515   1.0000
  15.750   1.2221   0.12458   0.11498  -0.0762   0.0497   1.0000
  16.000   1.2256   0.12786   0.11848  -0.0766   0.0483   1.0000
  16.500   1.2258   0.13638   0.12746  -0.0794   0.0469   1.0000
  17.000   1.2051   0.15083   0.14249  -0.0880   0.0470   1.0000
