  
       XFOIL         Version 6.99
  
 Calculated polar for: Airfoil_rR0.955053.txt                          
  
 1 1 Reynolds number fixed          Mach number fixed         
  
 xtrf =   1.000 (top)        1.000 (bottom)  
 Mach =   0.000     Re =     0.150 e 6     Ncrit =   9.000
  
   alpha    CL        CD       CDp       CM     Top_Xtr  Bot_Xtr
  ------ -------- --------- --------- -------- -------- --------
 -12.000  -0.3187   0.14653   0.14176  -0.0288   1.0000   0.0493
 -11.250  -0.3745   0.13843   0.13357  -0.0315   1.0000   0.0502
 -10.750  -0.3031   0.12879   0.12414  -0.0315   1.0000   0.0532
 -10.250  -0.3347   0.12071   0.11596  -0.0300   1.0000   0.0542
  -9.500  -0.3304   0.11165   0.10703  -0.0336   1.0000   0.0591
  -8.500  -0.3090   0.10006   0.09583  -0.0339   1.0000   0.0620
  -8.000  -0.3166   0.09499   0.09088  -0.0308   1.0000   0.0637
  -7.750  -0.3258   0.09285   0.08882  -0.0288   1.0000   0.0645
  -7.250  -0.3819   0.08882   0.08480  -0.0239   1.0000   0.0648
  -6.000  -0.3948   0.07051   0.06661  -0.0359   0.9955   0.0718
  -5.250  -0.2752   0.02442   0.01673  -0.0687   0.9855   0.0293
  -5.000  -0.2343   0.02096   0.01275  -0.0711   0.9833   0.0312
  -4.750  -0.1899   0.01912   0.01078  -0.0742   0.9804   0.0518
  -4.500  -0.1515   0.01946   0.01101  -0.0769   0.9729   0.0680
  -4.250  -0.1128   0.01931   0.01085  -0.0799   0.9669   0.0759
  -4.000  -0.0724   0.01964   0.01113  -0.0834   0.9608   0.0914
  -3.750  -0.0373   0.01948   0.01101  -0.0856   0.9533   0.1018
  -3.500   0.0034   0.01880   0.01031  -0.0885   0.9489   0.1084
  -3.250   0.0395   0.01811   0.00968  -0.0905   0.9425   0.1170
  -3.000   0.0767   0.01745   0.00907  -0.0927   0.9366   0.1307
  -2.750   0.1163   0.01681   0.00858  -0.0955   0.9317   0.1501
  -2.500   0.1517   0.01628   0.00823  -0.0975   0.9249   0.1762
  -2.250   0.1930   0.01572   0.00788  -0.1006   0.9208   0.2206
  -1.750   0.2572   0.01474   0.00743  -0.1030   0.9057   0.3318
  -1.500   0.2922   0.01399   0.00712  -0.1047   0.9003   0.4325
  -1.250   0.3157   0.01293   0.00705  -0.1035   0.8919   0.6982
  -1.000   0.3567   0.01223   0.00679  -0.1052   0.8854   1.0000
  -0.250   0.4478   0.01188   0.00606  -0.1065   0.8579   1.0000
   0.000   0.4755   0.01182   0.00592  -0.1064   0.8468   1.0000
   0.250   0.5028   0.01179   0.00580  -0.1063   0.8354   1.0000
   0.500   0.5300   0.01177   0.00570  -0.1061   0.8238   1.0000
   0.750   0.5572   0.01175   0.00561  -0.1059   0.8121   1.0000
   1.000   0.5842   0.01174   0.00554  -0.1057   0.8001   1.0000
   1.250   0.6111   0.01174   0.00545  -0.1055   0.7877   1.0000
   1.500   0.6378   0.01178   0.00538  -0.1052   0.7745   1.0000
   1.750   0.6650   0.01183   0.00533  -0.1050   0.7614   1.0000
   2.000   0.6911   0.01195   0.00536  -0.1047   0.7472   1.0000
   2.250   0.7170   0.01208   0.00538  -0.1043   0.7323   1.0000
   2.500   0.7422   0.01218   0.00539  -0.1037   0.7152   1.0000
   2.750   0.7668   0.01223   0.00533  -0.1029   0.6957   1.0000
   3.000   0.7916   0.01228   0.00522  -0.1021   0.6751   1.0000
   3.250   0.8158   0.01242   0.00519  -0.1012   0.6530   1.0000
   3.500   0.8399   0.01258   0.00523  -0.1005   0.6315   1.0000
   3.750   0.8637   0.01275   0.00529  -0.0997   0.6102   1.0000
   4.000   0.8877   0.01291   0.00533  -0.0989   0.5900   1.0000
   4.250   0.9118   0.01314   0.00544  -0.0983   0.5714   1.0000
   4.500   0.9359   0.01340   0.00562  -0.0977   0.5538   1.0000
   4.750   0.9601   0.01368   0.00582  -0.0971   0.5371   1.0000
   5.000   0.9842   0.01393   0.00604  -0.0966   0.5209   1.0000
   5.250   1.0082   0.01416   0.00627  -0.0960   0.5034   1.0000
   5.500   1.0316   0.01442   0.00644  -0.0953   0.4867   1.0000
   5.750   1.0547   0.01474   0.00666  -0.0945   0.4695   1.0000
   6.000   1.0768   0.01509   0.00693  -0.0936   0.4480   1.0000
   6.250   1.0943   0.01546   0.00711  -0.0918   0.3941   1.0000
   6.500   1.1063   0.01637   0.00748  -0.0894   0.3324   1.0000
   6.750   1.1212   0.01723   0.00793  -0.0875   0.2491   1.0000
   7.000   1.1315   0.01861   0.00873  -0.0852   0.1809   1.0000
   7.250   1.1440   0.01988   0.00959  -0.0833   0.1288   1.0000
   7.500   1.1602   0.02079   0.01030  -0.0817   0.0966   1.0000
   7.750   1.1756   0.02172   0.01096  -0.0802   0.0747   1.0000
   8.000   1.1905   0.02263   0.01162  -0.0785   0.0607   1.0000
   8.500   1.2200   0.02443   0.01333  -0.0747   0.0386   1.0000
