  
       XFOIL         Version 6.99
  
 Calculated polar for: Airfoil_rR0.990400.txt                          
  
 1 1 Reynolds number fixed          Mach number fixed         
  
 xtrf =   1.000 (top)        1.000 (bottom)  
 Mach =   0.000     Re =     0.100 e 6     Ncrit =   9.000
  
   alpha    CL        CD       CDp       CM     Top_Xtr  Bot_Xtr
  ------ -------- --------- --------- -------- -------- --------
 -17.750  -0.5511   0.21636   0.20978   0.0121   1.0000   0.0274
 -15.000  -0.4556   0.18377   0.17742  -0.0063   1.0000   0.0454
 -14.500  -0.4442   0.17984   0.17354  -0.0110   1.0000   0.0497
 -14.000  -0.4254   0.17166   0.16542  -0.0127   1.0000   0.0525
  -9.750  -0.3010   0.11917   0.11370  -0.0340   1.0000   0.0792
  -8.250  -0.3146   0.10148   0.09641  -0.0330   1.0000   0.0893
  -7.000  -0.3863   0.08884   0.08403  -0.0247   1.0000   0.0928
  -6.750  -0.3735   0.08807   0.08351  -0.0208   1.0000   0.0955
  -5.500  -0.3806   0.04948   0.04366  -0.0485   1.0000   0.0500
  -5.250  -0.3673   0.04619   0.04044  -0.0482   1.0000   0.0473
  -5.000  -0.3192   0.03076   0.02275  -0.0565   1.0000   0.0400
  -4.750  -0.2862   0.02624   0.01760  -0.0582   1.0000   0.0434
  -4.500  -0.2551   0.02405   0.01502  -0.0586   1.0000   0.0628
  -4.250  -0.2344   0.02431   0.01521  -0.0583   1.0000   0.0821
  -3.750  -0.1633   0.02590   0.01694  -0.0646   0.9904   0.1190
  -3.500  -0.1222   0.02491   0.01584  -0.0679   0.9841   0.1249
  -3.250  -0.0775   0.02390   0.01457  -0.0717   0.9787   0.1314
  -3.000  -0.0351   0.02313   0.01373  -0.0751   0.9718   0.1409
  -2.750   0.0062   0.02247   0.01319  -0.0784   0.9639   0.1541
  -2.500   0.0479   0.02193   0.01275  -0.0817   0.9559   0.1761
  -2.250   0.0905   0.02148   0.01245  -0.0852   0.9484   0.2083
  -2.000   0.1318   0.02092   0.01212  -0.0884   0.9408   0.2511
  -1.750   0.1687   0.02034   0.01186  -0.0907   0.9321   0.3066
  -1.500   0.2050   0.01968   0.01167  -0.0930   0.9236   0.3963
  -1.250   0.2360   0.01820   0.01168  -0.0931   0.9171   0.7348
  -0.750   0.3202   0.01767   0.01103  -0.0984   0.9004   1.0000
  -0.250   0.3931   0.01754   0.01063  -0.1020   0.8817   1.0000
   0.000   0.4277   0.01746   0.01044  -0.1034   0.8722   1.0000
   0.250   0.4613   0.01737   0.01028  -0.1045   0.8627   1.0000
   0.500   0.4940   0.01727   0.01011  -0.1053   0.8528   1.0000
   0.750   0.5259   0.01717   0.00995  -0.1060   0.8427   1.0000
   1.000   0.5570   0.01708   0.00981  -0.1064   0.8323   1.0000
   1.250   0.5875   0.01698   0.00968  -0.1067   0.8217   1.0000
   1.500   0.6173   0.01690   0.00954  -0.1069   0.8109   1.0000
   1.750   0.6463   0.01684   0.00941  -0.1069   0.7998   1.0000
   2.000   0.6741   0.01682   0.00933  -0.1067   0.7876   1.0000
   2.250   0.7021   0.01679   0.00923  -0.1065   0.7751   1.0000
   2.500   0.7307   0.01676   0.00913  -0.1063   0.7628   1.0000
   2.750   0.7594   0.01677   0.00906  -0.1062   0.7508   1.0000
   3.000   0.7851   0.01694   0.00918  -0.1057   0.7369   1.0000
   3.250   0.8115   0.01704   0.00922  -0.1052   0.7228   1.0000
   3.500   0.8372   0.01706   0.00917  -0.1044   0.7067   1.0000
   3.750   0.8647   0.01692   0.00890  -0.1037   0.6903   1.0000
   4.000   0.8898   0.01689   0.00876  -0.1027   0.6713   1.0000
   4.250   0.9144   0.01694   0.00870  -0.1016   0.6517   1.0000
   4.500   0.9384   0.01705   0.00873  -0.1006   0.6325   1.0000
   4.750   0.9620   0.01718   0.00879  -0.0996   0.6133   1.0000
   5.000   0.9853   0.01727   0.00882  -0.0985   0.5938   1.0000
   5.250   1.0092   0.01740   0.00883  -0.0975   0.5749   1.0000
   5.500   1.0326   0.01762   0.00898  -0.0966   0.5562   1.0000
   5.750   1.0558   0.01789   0.00918  -0.0956   0.5383   1.0000
   6.000   1.0785   0.01816   0.00944  -0.0947   0.5206   1.0000
   6.250   1.1000   0.01841   0.00974  -0.0935   0.5016   1.0000
   6.500   1.1217   0.01863   0.00988  -0.0923   0.4818   1.0000
   6.750   1.1365   0.01891   0.00991  -0.0898   0.4404   1.0000
   7.000   1.1466   0.01937   0.01002  -0.0867   0.3786   1.0000
   7.250   1.1598   0.02016   0.01048  -0.0844   0.3305   1.0000
   7.500   1.1738   0.02098   0.01101  -0.0824   0.2705   1.0000
   7.750   1.1838   0.02221   0.01178  -0.0800   0.1993   1.0000
   9.500   1.2578   0.05011   0.04051  -0.0568   0.0458   1.0000
