  
       XFOIL         Version 6.99
  
 Calculated polar for: Airfoil_rR0.816547.txt                          
  
 1 1 Reynolds number fixed          Mach number fixed         
  
 xtrf =   1.000 (top)        1.000 (bottom)  
 Mach =   0.000     Re =     0.200 e 6     Ncrit =   9.000
  
   alpha    CL        CD       CDp       CM     Top_Xtr  Bot_Xtr
  ------ -------- --------- --------- -------- -------- --------
 -13.250  -0.3411   0.16302   0.15878  -0.0271   1.0000   0.0300
  -9.250  -0.3233   0.10950   0.10570  -0.0393   1.0000   0.0502
  -8.750  -0.3184   0.10097   0.09726  -0.0361   1.0000   0.0511
  -8.500  -0.3489   0.09705   0.09326  -0.0357   1.0000   0.0511
  -7.750  -0.3655   0.09037   0.08677  -0.0289   1.0000   0.0525
  -6.750  -0.3505   0.07848   0.07518  -0.0325   0.9917   0.0570
  -5.750  -0.2733   0.02433   0.01774  -0.0785   0.9738   0.0258
  -5.500  -0.2348   0.01960   0.01217  -0.0804   0.9720   0.0242
  -5.250  -0.1934   0.01762   0.00991  -0.0829   0.9699   0.0266
  -4.750  -0.1166   0.01646   0.00860  -0.0873   0.9605   0.0574
  -4.500  -0.0837   0.01632   0.00845  -0.0888   0.9538   0.0639
  -4.250  -0.0431   0.01609   0.00816  -0.0919   0.9506   0.0707
  -4.000  -0.0098   0.01622   0.00837  -0.0938   0.9438   0.0842
  -3.750   0.0310   0.01567   0.00782  -0.0969   0.9410   0.0921
  -3.500   0.0640   0.01518   0.00736  -0.0982   0.9349   0.0993
  -3.250   0.1014   0.01460   0.00684  -0.1005   0.9312   0.1108
  -3.000   0.1325   0.01408   0.00643  -0.1015   0.9245   0.1248
  -2.750   0.1684   0.01350   0.00597  -0.1034   0.9205   0.1454
  -2.500   0.1974   0.01310   0.00570  -0.1039   0.9127   0.1732
  -2.250   0.2270   0.01272   0.00548  -0.1045   0.9053   0.2096
  -2.000   0.2583   0.01231   0.00524  -0.1054   0.8990   0.2558
  -1.750   0.2875   0.01189   0.00502  -0.1058   0.8912   0.3091
  -1.500   0.3150   0.01143   0.00485  -0.1060   0.8823   0.3808
  -1.250   0.3406   0.01081   0.00473  -0.1057   0.8731   0.5146
  -1.000   0.3595   0.00997   0.00473  -0.1034   0.8636   0.7631
  -0.500   0.4291   0.00950   0.00439  -0.1057   0.8441   1.0000
  -0.250   0.4557   0.00950   0.00428  -0.1055   0.8326   1.0000
   0.000   0.4823   0.00950   0.00418  -0.1053   0.8211   1.0000
   0.250   0.5084   0.00952   0.00411  -0.1050   0.8086   1.0000
   0.500   0.5342   0.00955   0.00406  -0.1047   0.7953   1.0000
   0.750   0.5612   0.00957   0.00397  -0.1045   0.7831   1.0000
   1.000   0.5881   0.00963   0.00394  -0.1043   0.7703   1.0000
   1.250   0.6139   0.00974   0.00394  -0.1040   0.7556   1.0000
   1.500   0.6401   0.00985   0.00393  -0.1038   0.7409   1.0000
   1.750   0.6654   0.00996   0.00395  -0.1033   0.7239   1.0000
   2.000   0.6903   0.01005   0.00394  -0.1028   0.7044   1.0000
   2.250   0.7151   0.01014   0.00386  -0.1021   0.6835   1.0000
   2.500   0.7395   0.01030   0.00382  -0.1014   0.6604   1.0000
   2.750   0.7635   0.01049   0.00387  -0.1007   0.6362   1.0000
   3.000   0.7876   0.01066   0.00392  -0.1000   0.6129   1.0000
   3.250   0.8119   0.01083   0.00396  -0.0994   0.5912   1.0000
   3.500   0.8365   0.01106   0.00405  -0.0990   0.5736   1.0000
   3.750   0.8611   0.01131   0.00419  -0.0985   0.5565   1.0000
   4.000   0.8857   0.01157   0.00434  -0.0980   0.5396   1.0000
   4.250   0.9103   0.01179   0.00451  -0.0976   0.5221   1.0000
   4.500   0.9350   0.01198   0.00468  -0.0972   0.5035   1.0000
   4.750   0.9590   0.01224   0.00482  -0.0966   0.4871   1.0000
   5.000   0.9828   0.01253   0.00502  -0.0961   0.4715   1.0000
   5.250   1.0066   0.01284   0.00525  -0.0955   0.4544   1.0000
   5.500   1.0302   0.01314   0.00549  -0.0949   0.4364   1.0000
   6.000   1.0675   0.01423   0.00602  -0.0921   0.3475   1.0000
   6.250   1.0798   0.01536   0.00652  -0.0900   0.2414   1.0000
   6.500   1.0921   0.01668   0.00731  -0.0879   0.1644   1.0000
   6.750   1.1071   0.01777   0.00805  -0.0863   0.1175   1.0000
   7.000   1.1242   0.01864   0.00869  -0.0849   0.0832   1.0000
   7.250   1.1416   0.01945   0.00930  -0.0835   0.0661   1.0000
   7.750   1.1514   0.01580   0.00562  -0.0767   0.0465   1.0000
