  
       XFOIL         Version 6.99
  
 Calculated polar for: Airfoil_rR0.960107.txt                          
  
 1 1 Reynolds number fixed          Mach number fixed         
  
 xtrf =   1.000 (top)        1.000 (bottom)  
 Mach =   0.000     Re =     0.150 e 6     Ncrit =   9.000
  
   alpha    CL        CD       CDp       CM     Top_Xtr  Bot_Xtr
  ------ -------- --------- --------- -------- -------- --------
 -12.750  -0.4051   0.15857   0.15353  -0.0231   1.0000   0.0401
 -11.250  -0.3166   0.13608   0.13139  -0.0318   1.0000   0.0512
 -10.500  -0.2994   0.12547   0.12085  -0.0319   1.0000   0.0544
 -10.250  -0.3346   0.12068   0.11593  -0.0300   1.0000   0.0543
  -9.750  -0.2995   0.11621   0.11170  -0.0345   1.0000   0.0591
  -9.000  -0.3557   0.10798   0.10351  -0.0388   1.0000   0.0602
  -8.000  -0.3442   0.09383   0.08958  -0.0319   1.0000   0.0628
  -7.750  -0.3260   0.09284   0.08881  -0.0288   1.0000   0.0645
  -7.000  -0.3745   0.08822   0.08443  -0.0205   1.0000   0.0667
  -6.750  -0.4048   0.08438   0.08050  -0.0220   1.0000   0.0668
  -5.500  -0.3127   0.03067   0.02391  -0.0658   0.9872   0.0302
  -5.250  -0.2749   0.02428   0.01656  -0.0688   0.9855   0.0293
  -5.000  -0.2340   0.02086   0.01264  -0.0712   0.9833   0.0314
  -4.750  -0.1894   0.01917   0.01084  -0.0743   0.9803   0.0528
  -4.500  -0.1512   0.01947   0.01102  -0.0770   0.9728   0.0683
  -4.250  -0.1126   0.01932   0.01086  -0.0799   0.9667   0.0761
  -4.000  -0.0720   0.01967   0.01118  -0.0835   0.9607   0.0919
  -3.750  -0.0370   0.01948   0.01101  -0.0856   0.9532   0.1019
  -3.500   0.0030   0.01880   0.01031  -0.0884   0.9485   0.1084
  -3.250   0.0399   0.01810   0.00968  -0.0906   0.9424   0.1172
  -3.000   0.0768   0.01745   0.00907  -0.0928   0.9364   0.1308
  -2.750   0.1166   0.01681   0.00858  -0.0956   0.9316   0.1503
  -2.500   0.1520   0.01628   0.00823  -0.0976   0.9247   0.1765
  -2.250   0.1933   0.01571   0.00788  -0.1007   0.9207   0.2208
  -2.000   0.2251   0.01527   0.00766  -0.1018   0.9127   0.2705
  -1.750   0.2573   0.01474   0.00743  -0.1031   0.9055   0.3319
  -1.500   0.2925   0.01399   0.00712  -0.1048   0.9002   0.4328
  -1.250   0.3159   0.01293   0.00705  -0.1035   0.8918   0.6975
  -1.000   0.3568   0.01223   0.00679  -0.1052   0.8852   1.0000
  -0.750   0.3884   0.01210   0.00651  -0.1059   0.8769   1.0000
  -0.250   0.4477   0.01188   0.00607  -0.1065   0.8575   1.0000
   0.000   0.4755   0.01183   0.00592  -0.1064   0.8465   1.0000
   0.250   0.5029   0.01179   0.00580  -0.1063   0.8352   1.0000
   0.500   0.5301   0.01177   0.00570  -0.1061   0.8236   1.0000
   0.750   0.5572   0.01175   0.00560  -0.1059   0.8119   1.0000
   1.000   0.5842   0.01174   0.00554  -0.1057   0.7999   1.0000
   1.250   0.6111   0.01174   0.00545  -0.1055   0.7874   1.0000
   1.500   0.6379   0.01178   0.00539  -0.1052   0.7742   1.0000
   1.750   0.6650   0.01184   0.00533  -0.1050   0.7612   1.0000
   2.000   0.6911   0.01196   0.00536  -0.1047   0.7469   1.0000
   2.250   0.7171   0.01208   0.00538  -0.1043   0.7321   1.0000
   2.500   0.7422   0.01218   0.00539  -0.1037   0.7151   1.0000
   2.750   0.7668   0.01223   0.00533  -0.1029   0.6956   1.0000
   3.000   0.7917   0.01229   0.00522  -0.1021   0.6749   1.0000
   3.250   0.8159   0.01242   0.00520  -0.1012   0.6528   1.0000
   3.500   0.8399   0.01259   0.00523  -0.1004   0.6313   1.0000
   3.750   0.8638   0.01275   0.00529  -0.0997   0.6101   1.0000
   4.000   0.8877   0.01291   0.00533  -0.0989   0.5899   1.0000
   4.250   0.9118   0.01314   0.00545  -0.0983   0.5713   1.0000
   4.500   0.9360   0.01341   0.00563  -0.0977   0.5537   1.0000
   4.750   0.9601   0.01368   0.00583  -0.0971   0.5370   1.0000
   5.000   0.9843   0.01394   0.00604  -0.0966   0.5209   1.0000
   5.250   1.0082   0.01416   0.00627  -0.0960   0.5034   1.0000
   5.500   1.0317   0.01442   0.00644  -0.0953   0.4867   1.0000
   5.750   1.0547   0.01475   0.00666  -0.0945   0.4696   1.0000
   6.000   1.0769   0.01509   0.00694  -0.0936   0.4484   1.0000
   6.250   1.0945   0.01545   0.00712  -0.0919   0.3949   1.0000
   6.500   1.1065   0.01636   0.00747  -0.0894   0.3335   1.0000
   6.750   1.1215   0.01722   0.00792  -0.0876   0.2511   1.0000
   7.000   1.1317   0.01860   0.00872  -0.0852   0.1819   1.0000
   7.250   1.1441   0.01987   0.00958  -0.0833   0.1295   1.0000
   7.500   1.1604   0.02077   0.01029  -0.0818   0.0972   1.0000
   7.750   1.1757   0.02171   0.01096  -0.0802   0.0753   1.0000
   8.000   1.1907   0.02262   0.01162  -0.0785   0.0611   1.0000
   8.500   1.2200   0.02442   0.01331  -0.0747   0.0388   1.0000
