  
       XFOIL         Version 6.99
  
 Calculated polar for: Airfoil_rR0.416213.txt                          
  
 1 1 Reynolds number fixed          Mach number fixed         
  
 xtrf =   1.000 (top)        1.000 (bottom)  
 Mach =   0.000     Re =     0.200 e 6     Ncrit =   9.000
  
   alpha    CL        CD       CDp       CM     Top_Xtr  Bot_Xtr
  ------ -------- --------- --------- -------- -------- --------
 -19.000  -0.3271   0.21054   0.20632  -0.0264   1.0000   0.0297
 -18.750  -0.3277   0.20985   0.20562  -0.0274   1.0000   0.0299
 -17.250  -0.3306   0.20286   0.19863  -0.0314   1.0000   0.0301
 -12.750  -0.3158   0.14525   0.14122  -0.0352   1.0000   0.0290
 -12.500  -0.3196   0.14111   0.13711  -0.0357   1.0000   0.0292
 -11.500  -0.3500   0.12746   0.12346  -0.0364   1.0000   0.0393
 -10.000  -0.7188   0.03982   0.03519  -0.0710   1.0000   0.0199
  -9.750  -0.7099   0.03502   0.03002  -0.0748   1.0000   0.0205
  -9.500  -0.6928   0.03330   0.02820  -0.0759   1.0000   0.0217
  -9.250  -0.6732   0.03348   0.02847  -0.0752   1.0000   0.0229
  -9.000  -0.6538   0.03351   0.02854  -0.0747   1.0000   0.0243
  -8.750  -0.6226   0.03252   0.02740  -0.0773   0.9979   0.0264
  -8.500  -0.5840   0.03098   0.02551  -0.0816   0.9942   0.0290
  -8.250  -0.5433   0.03088   0.02542  -0.0855   0.9907   0.0326
  -8.000  -0.5073   0.03118   0.02580  -0.0879   0.9857   0.0353
  -7.750  -0.4693   0.02977   0.02404  -0.0917   0.9820   0.0388
  -7.500  -0.4316   0.02782   0.02177  -0.0957   0.9794   0.0425
  -7.250  -0.3995   0.02800   0.02200  -0.0973   0.9738   0.0460
  -7.000  -0.3605   0.02699   0.02058  -0.1006   0.9710   0.0506
  -6.500  -0.2912   0.05173   0.04770  -0.0875   0.9604   0.0732
  -6.250  -0.2604   0.02845   0.02201  -0.1058   0.9556   0.0658
  -6.000  -0.2292   0.05211   0.04813  -0.0907   0.9508   0.0938
  -5.750  -0.1787   0.02511   0.01794  -0.1126   0.9502   0.0686
  -5.500  -0.1474   0.02399   0.01658  -0.1137   0.9438   0.0693
  -5.250  -0.1067   0.02271   0.01512  -0.1168   0.9412   0.0711
  -5.000  -0.0735   0.02192   0.01436  -0.1182   0.9357   0.0733
  -4.750  -0.0343   0.02110   0.01347  -0.1207   0.9321   0.0755
  -4.500   0.0083   0.02013   0.01240  -0.1237   0.9301   0.0772
  -4.250   0.0384   0.01944   0.01164  -0.1242   0.9232   0.0792
  -4.000   0.0789   0.01848   0.01075  -0.1269   0.9209   0.0830
  -3.750   0.1105   0.01795   0.01021  -0.1278   0.9148   0.0893
  -3.500   0.1503   0.01721   0.00957  -0.1303   0.9118   0.1006
  -3.250   0.1862   0.01662   0.00907  -0.1320   0.9071   0.1170
  -3.000   0.2236   0.01596   0.00850  -0.1340   0.9027   0.1370
  -2.750   0.2667   0.01529   0.00795  -0.1371   0.9006   0.1622
  -2.500   0.2991   0.01486   0.00763  -0.1380   0.8936   0.1878
  -2.250   0.3404   0.01431   0.00723  -0.1408   0.8908   0.2220
  -2.000   0.3731   0.01392   0.00696  -0.1418   0.8838   0.2546
  -1.750   0.4139   0.01336   0.00654  -0.1444   0.8803   0.2946
  -1.500   0.4458   0.01301   0.00632  -0.1451   0.8720   0.3340
  -1.250   0.4784   0.01264   0.00612  -0.1461   0.8639   0.3811
  -1.000   0.5115   0.01224   0.00595  -0.1471   0.8557   0.4452
  -0.750   0.5440   0.01181   0.00582  -0.1480   0.8470   0.5313
  -0.500   0.5735   0.01143   0.00575  -0.1481   0.8368   0.6271
  -0.250   0.5982   0.01111   0.00573  -0.1469   0.8249   0.7237
   0.000   0.6179   0.01081   0.00579  -0.1444   0.8129   0.8253
   0.250   0.6408   0.01047   0.00552  -0.1423   0.8007   0.9626
   0.500   0.6734   0.01042   0.00531  -0.1432   0.7875   1.0000
   0.750   0.7031   0.01045   0.00518  -0.1435   0.7729   1.0000
   1.000   0.7326   0.01052   0.00508  -0.1437   0.7576   1.0000
   1.250   0.7603   0.01062   0.00503  -0.1436   0.7410   1.0000
   1.500   0.7869   0.01075   0.00502  -0.1433   0.7241   1.0000
   1.750   0.8135   0.01088   0.00501  -0.1430   0.7077   1.0000
   2.000   0.8398   0.01102   0.00501  -0.1427   0.6912   1.0000
   2.250   0.8660   0.01120   0.00505  -0.1423   0.6749   1.0000
   2.500   0.8923   0.01141   0.00511  -0.1420   0.6593   1.0000
   2.750   0.9174   0.01162   0.00522  -0.1414   0.6428   1.0000
   3.000   0.9426   0.01185   0.00533  -0.1409   0.6269   1.0000
   3.250   0.9672   0.01207   0.00545  -0.1403   0.6104   1.0000
   3.500   0.9911   0.01228   0.00556  -0.1395   0.5934   1.0000
   3.750   1.0152   0.01254   0.00568  -0.1388   0.5771   1.0000
   4.000   1.0387   0.01284   0.00584  -0.1379   0.5595   1.0000
   4.250   1.0617   0.01312   0.00602  -0.1370   0.5420   1.0000
   4.500   1.0847   0.01341   0.00622  -0.1361   0.5254   1.0000
   4.750   1.1076   0.01369   0.00642  -0.1352   0.5096   1.0000
   5.000   1.1303   0.01394   0.00662  -0.1343   0.4941   1.0000
   5.250   1.1532   0.01427   0.00684  -0.1334   0.4813   1.0000
   5.500   1.1761   0.01461   0.00711  -0.1326   0.4687   1.0000
   5.750   1.1984   0.01495   0.00739  -0.1317   0.4549   1.0000
   6.000   1.2201   0.01530   0.00767  -0.1306   0.4409   1.0000
   6.250   1.2412   0.01563   0.00796  -0.1294   0.4261   1.0000
   6.500   1.2602   0.01592   0.00823  -0.1279   0.4062   1.0000
   6.750   1.2746   0.01637   0.00847  -0.1254   0.3813   1.0000
   7.000   1.2877   0.01697   0.00887  -0.1229   0.3535   1.0000
   7.250   1.2879   0.01787   0.00962  -0.1182   0.2835   1.0000
   7.500   1.2871   0.01930   0.01039  -0.1137   0.2105   1.0000
   8.000   1.3007   0.02179   0.01206  -0.1077   0.1226   1.0000
   8.250   1.3086   0.02300   0.01299  -0.1049   0.0890   1.0000
   8.500   1.3141   0.02439   0.01409  -0.1019   0.0616   1.0000
   8.750   1.3264   0.02532   0.01496  -0.0998   0.0455   1.0000
   9.250   1.3433   0.02778   0.01729  -0.0949   0.0197   1.0000
   9.500   1.3547   0.02883   0.01830  -0.0929   0.0190   1.0000
   9.750   1.3649   0.02999   0.01944  -0.0909   0.0181   1.0000
  10.000   1.3761   0.03110   0.02062  -0.0890   0.0172   1.0000
  10.250   1.3870   0.03226   0.02188  -0.0873   0.0168   1.0000
  10.500   1.3971   0.03351   0.02324  -0.0855   0.0165   1.0000
  10.750   1.4081   0.03470   0.02459  -0.0840   0.0164   1.0000
  11.000   1.4174   0.03608   0.02612  -0.0823   0.0164   1.0000
  11.250   1.4259   0.03756   0.02776  -0.0807   0.0164   1.0000
  11.500   1.4336   0.03916   0.02954  -0.0791   0.0165   1.0000
  11.750   1.4403   0.04090   0.03146  -0.0775   0.0167   1.0000
  12.000   1.4458   0.04280   0.03355  -0.0761   0.0168   1.0000
  12.250   1.4498   0.04492   0.03584  -0.0746   0.0170   1.0000
  12.500   1.4519   0.04729   0.03838  -0.0733   0.0173   1.0000
  12.750   1.4520   0.04996   0.04121  -0.0721   0.0175   1.0000
  13.000   1.4504   0.05294   0.04435  -0.0711   0.0178   1.0000
  13.250   1.4466   0.05630   0.04788  -0.0702   0.0181   1.0000
  13.500   1.4410   0.05999   0.05174  -0.0696   0.0183   1.0000
  13.750   1.4341   0.06397   0.05588  -0.0693   0.0186   1.0000
  14.000   1.4260   0.06820   0.06027  -0.0691   0.0189   1.0000
  14.250   1.4178   0.07257   0.06477  -0.0691   0.0191   1.0000
  17.000   1.3511   0.12287   0.11779  -0.0687   0.0370   1.0000
