  
       XFOIL         Version 6.99
  
 Calculated polar for: Airfoil_rR1.000000.txt                          
  
 1 1 Reynolds number fixed          Mach number fixed         
  
 xtrf =   1.000 (top)        1.000 (bottom)  
 Mach =   0.000     Re =     0.100 e 6     Ncrit =   9.000
  
   alpha    CL        CD       CDp       CM     Top_Xtr  Bot_Xtr
  ------ -------- --------- --------- -------- -------- --------
 -17.750  -0.5506   0.21634   0.20976   0.0120   1.0000   0.0277
 -16.000  -0.4885   0.19588   0.18949  -0.0002   1.0000   0.0375
 -14.750  -0.4473   0.18095   0.17462  -0.0082   1.0000   0.0481
  -9.750  -0.3017   0.11919   0.11372  -0.0342   1.0000   0.0793
  -9.250  -0.3491   0.11351   0.10800  -0.0366   1.0000   0.0801
  -8.500  -0.3005   0.10327   0.09811  -0.0329   1.0000   0.0871
  -8.250  -0.3156   0.10150   0.09644  -0.0331   1.0000   0.0894
  -7.750  -0.3767   0.09752   0.09249  -0.0310   1.0000   0.0899
  -7.250  -0.3498   0.09191   0.08719  -0.0250   1.0000   0.0930
  -6.750  -0.3741   0.08802   0.08347  -0.0208   1.0000   0.0955
  -5.750  -0.4071   0.07264   0.06799  -0.0305   1.0000   0.1016
  -5.500  -0.3817   0.04959   0.04383  -0.0481   1.0000   0.0498
  -5.250  -0.3675   0.04577   0.04000  -0.0484   1.0000   0.0469
  -5.000  -0.3187   0.03038   0.02229  -0.0566   1.0000   0.0401
  -4.750  -0.2864   0.02616   0.01751  -0.0582   1.0000   0.0439
  -4.500  -0.2562   0.02419   0.01521  -0.0585   1.0000   0.0647
  -4.250  -0.2354   0.02441   0.01534  -0.0582   1.0000   0.0827
  -4.000  -0.2054   0.02431   0.01514  -0.0598   0.9975   0.0926
  -3.750  -0.1620   0.02596   0.01690  -0.0648   0.9901   0.1200
  -3.500  -0.1215   0.02491   0.01584  -0.0681   0.9837   0.1251
  -3.250  -0.0774   0.02391   0.01458  -0.0717   0.9781   0.1316
  -3.000  -0.0343   0.02313   0.01375  -0.0753   0.9714   0.1412
  -2.750   0.0068   0.02248   0.01320  -0.0785   0.9634   0.1546
  -2.500   0.0482   0.02195   0.01277  -0.0818   0.9554   0.1768
  -2.250   0.0900   0.02150   0.01247  -0.0851   0.9476   0.2086
  -2.000   0.1326   0.02092   0.01213  -0.0886   0.9405   0.2518
  -1.750   0.1693   0.02034   0.01186  -0.0909   0.9318   0.3077
  -1.500   0.2055   0.01969   0.01168  -0.0931   0.9232   0.3976
  -1.250   0.2358   0.01824   0.01170  -0.0932   0.9164   0.7307
  -1.000   0.2772   0.01777   0.01135  -0.0952   0.9076   1.0000
  -0.750   0.3210   0.01767   0.01103  -0.0985   0.9002   1.0000
  -0.500   0.3581   0.01762   0.01082  -0.1005   0.8909   1.0000
  -0.250   0.3937   0.01754   0.01063  -0.1021   0.8815   1.0000
   0.000   0.4282   0.01745   0.01044  -0.1034   0.8720   1.0000
   0.250   0.4617   0.01737   0.01027  -0.1045   0.8624   1.0000
   0.500   0.4944   0.01727   0.01011  -0.1054   0.8525   1.0000
   0.750   0.5262   0.01717   0.00995  -0.1060   0.8424   1.0000
   1.000   0.5573   0.01707   0.00981  -0.1065   0.8320   1.0000
   1.250   0.5878   0.01697   0.00967  -0.1068   0.8214   1.0000
   1.500   0.6176   0.01690   0.00953  -0.1069   0.8107   1.0000
   1.750   0.6452   0.01689   0.00947  -0.1067   0.7987   1.0000
   2.000   0.6738   0.01684   0.00935  -0.1066   0.7870   1.0000
   2.250   0.7021   0.01680   0.00924  -0.1064   0.7747   1.0000
   2.500   0.7308   0.01676   0.00913  -0.1063   0.7625   1.0000
   2.750   0.7596   0.01677   0.00906  -0.1062   0.7506   1.0000
   3.000   0.7849   0.01696   0.00920  -0.1056   0.7365   1.0000
   3.250   0.8116   0.01705   0.00923  -0.1052   0.7226   1.0000
   3.500   0.8371   0.01708   0.00919  -0.1044   0.7064   1.0000
   3.750   0.8648   0.01693   0.00891  -0.1037   0.6902   1.0000
   4.000   0.8899   0.01690   0.00877  -0.1027   0.6712   1.0000
   4.250   0.9145   0.01695   0.00871  -0.1016   0.6516   1.0000
   4.500   0.9385   0.01706   0.00874  -0.1006   0.6323   1.0000
   4.750   0.9620   0.01720   0.00881  -0.0996   0.6132   1.0000
   5.000   0.9853   0.01729   0.00883  -0.0985   0.5938   1.0000
   5.250   1.0093   0.01741   0.00885  -0.0975   0.5750   1.0000
   5.500   1.0327   0.01764   0.00899  -0.0966   0.5564   1.0000
   5.750   1.0560   0.01790   0.00919  -0.0956   0.5384   1.0000
   6.000   1.0785   0.01817   0.00945  -0.0947   0.5207   1.0000
   6.250   1.1001   0.01843   0.00976  -0.0935   0.5018   1.0000
   6.500   1.1219   0.01865   0.00990  -0.0923   0.4824   1.0000
   6.750   1.1369   0.01892   0.00994  -0.0898   0.4420   1.0000
   7.000   1.1472   0.01936   0.01004  -0.0868   0.3809   1.0000
   7.250   1.1601   0.02015   0.01048  -0.0844   0.3322   1.0000
   7.500   1.1744   0.02094   0.01101  -0.0825   0.2733   1.0000
   7.750   1.1840   0.02219   0.01177  -0.0800   0.2059   1.0000
   8.000   1.1931   0.02360   0.01275  -0.0777   0.1488   1.0000
   8.250   1.2013   0.02509   0.01382  -0.0752   0.1202   1.0000
  10.000   1.2660   0.06091   0.05247  -0.0498   0.0527   1.0000
  12.000   1.1186   0.09520   0.08899  -0.0344   0.0629   1.0000
