  
       XFOIL         Version 6.99
  
 Calculated polar for: Airfoil_rR0.442893.txt                          
  
 1 1 Reynolds number fixed          Mach number fixed         
  
 xtrf =   1.000 (top)        1.000 (bottom)  
 Mach =   0.000     Re =     0.150 e 6     Ncrit =   9.000
  
   alpha    CL        CD       CDp       CM     Top_Xtr  Bot_Xtr
  ------ -------- --------- --------- -------- -------- --------
 -14.750  -0.3209   0.17855   0.17376  -0.0354   1.0000   0.0400
 -11.000  -0.3003   0.13060   0.12610  -0.0332   1.0000   0.0765
 -10.750  -0.3300   0.12430   0.11963  -0.0338   1.0000   0.0772
 -10.250  -0.3048   0.12314   0.11876  -0.0319   1.0000   0.0832
 -10.000  -0.3309   0.11715   0.11262  -0.0325   1.0000   0.0838
  -9.250  -0.3665   0.11119   0.10685  -0.0326   1.0000   0.0897
  -8.250  -0.5792   0.04578   0.04119  -0.0623   1.0000   0.0295
  -8.000  -0.5677   0.03787   0.03254  -0.0694   1.0000   0.0307
  -7.750  -0.3590   0.10086   0.09698  -0.0206   1.0000   0.0947
  -7.500  -0.3990   0.09649   0.09252  -0.0193   1.0000   0.0950
  -6.750  -0.4167   0.03241   0.02616  -0.0826   0.9898   0.0505
  -6.500  -0.3789   0.08149   0.07762  -0.0352   0.9854   0.1034
  -5.750  -0.2872   0.05089   0.04619  -0.0804   0.9628   0.1016
  -5.500  -0.2327   0.03060   0.02337  -0.0969   0.9633   0.0793
  -5.250  -0.1883   0.02853   0.02088  -0.1012   0.9603   0.0808
  -5.000  -0.1552   0.02773   0.02016  -0.1031   0.9535   0.0837
  -4.500  -0.0775   0.02538   0.01733  -0.1083   0.9439   0.0874
  -4.250  -0.0341   0.02415   0.01584  -0.1116   0.9407   0.0888
  -4.000   0.0005   0.02315   0.01472  -0.1131   0.9342   0.0908
  -3.750   0.0432   0.02223   0.01389  -0.1162   0.9308   0.0950
  -3.500   0.0771   0.02151   0.01314  -0.1175   0.9237   0.1013
  -3.250   0.1199   0.02072   0.01244  -0.1206   0.9205   0.1132
  -3.000   0.1530   0.02008   0.01187  -0.1218   0.9132   0.1308
  -2.750   0.1966   0.01932   0.01130  -0.1252   0.9102   0.1557
  -2.500   0.2291   0.01886   0.01097  -0.1263   0.9024   0.1831
  -2.250   0.2653   0.01840   0.01065  -0.1280   0.8961   0.2171
  -2.000   0.3061   0.01779   0.01022  -0.1306   0.8918   0.2561
  -1.750   0.3422   0.01726   0.00986  -0.1323   0.8855   0.2977
  -1.500   0.3845   0.01660   0.00940  -0.1351   0.8817   0.3516
  -1.250   0.4189   0.01605   0.00915  -0.1364   0.8747   0.4147
  -1.000   0.4587   0.01528   0.00878  -0.1386   0.8707   0.5116
  -0.750   0.4875   0.01472   0.00867  -0.1383   0.8624   0.6312
  -0.500   0.5120   0.01414   0.00851  -0.1367   0.8542   0.7635
  -0.250   0.5321   0.01354   0.00817  -0.1335   0.8458   0.9298
   0.000   0.5714   0.01322   0.00773  -0.1356   0.8373   1.0000
   0.250   0.6046   0.01308   0.00759  -0.1365   0.8270   1.0000
   0.500   0.6364   0.01296   0.00734  -0.1372   0.8156   1.0000
   0.750   0.6681   0.01286   0.00710  -0.1378   0.8036   1.0000
   1.000   0.7007   0.01275   0.00686  -0.1385   0.7920   1.0000
   1.250   0.7334   0.01268   0.00664  -0.1393   0.7801   1.0000
   1.500   0.7618   0.01273   0.00656  -0.1392   0.7653   1.0000
   1.750   0.7921   0.01276   0.00644  -0.1395   0.7509   1.0000
   2.000   0.8188   0.01287   0.00644  -0.1391   0.7345   1.0000
   2.250   0.8472   0.01296   0.00639  -0.1391   0.7191   1.0000
   2.500   0.8723   0.01310   0.00643  -0.1384   0.7018   1.0000
   2.750   0.8991   0.01323   0.00642  -0.1381   0.6855   1.0000
   3.000   0.9266   0.01340   0.00644  -0.1379   0.6701   1.0000
   3.250   0.9514   0.01363   0.00657  -0.1372   0.6533   1.0000
   3.500   0.9775   0.01387   0.00669  -0.1368   0.6381   1.0000
   3.750   1.0022   0.01412   0.00685  -0.1362   0.6221   1.0000
   4.000   1.0259   0.01435   0.00701  -0.1354   0.6053   1.0000
   4.250   1.0505   0.01456   0.00708  -0.1347   0.5891   1.0000
   4.500   1.0740   0.01484   0.00724  -0.1338   0.5716   1.0000
   4.750   1.0971   0.01514   0.00745  -0.1329   0.5545   1.0000
   5.000   1.1205   0.01546   0.00765  -0.1320   0.5383   1.0000
   5.250   1.1428   0.01576   0.00790  -0.1310   0.5220   1.0000
   5.500   1.1649   0.01605   0.00815  -0.1299   0.5061   1.0000
   5.750   1.1876   0.01634   0.00839  -0.1290   0.4925   1.0000
   6.000   1.2104   0.01670   0.00863  -0.1281   0.4795   1.0000
   6.250   1.2319   0.01706   0.00896  -0.1270   0.4646   1.0000
   6.500   1.2533   0.01745   0.00927  -0.1259   0.4503   1.0000
   6.750   1.2722   0.01780   0.00959  -0.1243   0.4326   1.0000
   7.000   1.2867   0.01810   0.00984  -0.1219   0.4065   1.0000
   7.500   1.2840   0.01979   0.01081  -0.1117   0.2730   1.0000
   7.750   1.2876   0.02099   0.01149  -0.1080   0.2203   1.0000
   8.000   1.2933   0.02227   0.01236  -0.1048   0.1734   1.0000
   8.250   1.3007   0.02352   0.01330  -0.1020   0.1357   1.0000
   8.500   1.3110   0.02459   0.01423  -0.0995   0.1146   1.0000
   8.750   1.3218   0.02563   0.01518  -0.0972   0.0919   1.0000
   9.000   1.3312   0.02678   0.01624  -0.0948   0.0737   1.0000
   9.250   1.3398   0.02800   0.01740  -0.0923   0.0621   1.0000
   9.500   1.3534   0.02888   0.01838  -0.0905   0.0558   1.0000
   9.750   1.3562   0.03056   0.01996  -0.0876   0.0384   1.0000
  11.250   1.3976   0.03981   0.02971  -0.0756   0.0198   1.0000
  11.500   1.4015   0.04180   0.03185  -0.0739   0.0197   1.0000
  11.750   1.4039   0.04401   0.03422  -0.0722   0.0197   1.0000
  12.000   1.4044   0.04648   0.03686  -0.0706   0.0197   1.0000
  12.250   1.4030   0.04923   0.03979  -0.0692   0.0197   1.0000
  12.500   1.3999   0.05227   0.04300  -0.0680   0.0198   1.0000
  12.750   1.3950   0.05565   0.04656  -0.0670   0.0199   1.0000
  13.250   1.3063   0.06710   0.05867  -0.0590   0.0200   1.0000
  14.500   1.3632   0.08186   0.07379  -0.0654   0.0216   1.0000
  15.250   1.2543   0.10178   0.09447  -0.0591   0.0222   1.0000
  15.500   1.3865   0.09129   0.08384  -0.0572   0.0268   1.0000
