  
       XFOIL         Version 6.99
  
 Calculated polar for: Airfoil_rR0.282760.txt                          
  
 1 1 Reynolds number fixed          Mach number fixed         
  
 xtrf =   1.000 (top)        1.000 (bottom)  
 Mach =   0.000     Re =     0.250 e 6     Ncrit =   9.000
  
   alpha    CL        CD       CDp       CM     Top_Xtr  Bot_Xtr
  ------ -------- --------- --------- -------- -------- --------
 -20.000  -0.3056   0.21040   0.20670  -0.0245   1.0000   0.0360
 -19.750  -0.4577   0.21866   0.21436  -0.0151   1.0000   0.0349
 -19.500  -0.4541   0.21670   0.21241  -0.0177   1.0000   0.0395
 -19.000  -0.4506   0.21312   0.20888  -0.0219   1.0000   0.0400
 -18.750  -0.3085   0.20335   0.19969  -0.0292   1.0000   0.0405
 -18.500  -0.2981   0.20097   0.19733  -0.0284   1.0000   0.0410
 -17.500  -0.3981   0.19697   0.19287  -0.0244   1.0000   0.0422
 -17.000  -0.2753   0.19476   0.19118  -0.0285   1.0000   0.0456
 -16.750  -0.2741   0.19331   0.18973  -0.0287   1.0000   0.0467
 -16.000  -0.2974   0.18945   0.18586  -0.0326   1.0000   0.0500
 -14.250  -0.2659   0.17444   0.17097  -0.0291   1.0000   0.0551
 -14.000  -0.3194   0.16506   0.16129  -0.0304   1.0000   0.0554
 -13.750  -0.3159   0.16271   0.15897  -0.0306   1.0000   0.0565
 -13.250  -0.2977   0.16438   0.16097  -0.0326   1.0000   0.0599
 -13.000  -0.3411   0.15479   0.15115  -0.0354   1.0000   0.0600
 -12.750  -0.3115   0.15817   0.15479  -0.0337   1.0000   0.0601
 -12.250  -0.2967   0.15187   0.14855  -0.0307   1.0000   0.0609
 -11.750  -0.3184   0.14090   0.13742  -0.0312   1.0000   0.0616
 -11.500  -0.2860   0.14593   0.14269  -0.0272   1.0000   0.0622
 -11.250  -0.2796   0.14325   0.14002  -0.0278   0.9993   0.0629
 -11.000  -0.3119   0.13506   0.13168  -0.0282   1.0000   0.0633
 -10.750  -0.3125   0.13296   0.12961  -0.0273   1.0000   0.0641
 -10.000  -0.6337   0.04337   0.03876  -0.1003   0.9730   0.0608
  -9.750  -0.6075   0.03902   0.03408  -0.1061   0.9700   0.0614
  -9.500  -0.5872   0.03648   0.03134  -0.1078   0.9633   0.0619
  -9.250  -0.5535   0.03477   0.02952  -0.1111   0.9608   0.0628
  -9.000  -0.5276   0.03345   0.02804  -0.1124   0.9555   0.0638
  -8.750  -0.2816   0.08933   0.08597  -0.0621   0.9801   0.0728
  -8.500  -0.4588   0.03022   0.02441  -0.1181   0.9505   0.0659
  -8.000  -0.3975   0.02701   0.02074  -0.1215   0.9420   0.0675
  -7.750  -0.3580   0.02569   0.01918  -0.1245   0.9402   0.0688
  -7.500  -0.3299   0.02479   0.01809  -0.1250   0.9340   0.0699
  -7.250  -0.2922   0.02329   0.01655  -0.1276   0.9318   0.0720
  -6.750  -0.2227   0.02179   0.01497  -0.1307   0.9232   0.0758
  -6.500  -0.1813   0.02088   0.01374  -0.1333   0.9211   0.0789
  -6.250  -0.1502   0.02004   0.01289  -0.1342   0.9153   0.0820
  -6.000  -0.1124   0.01939   0.01228  -0.1362   0.9124   0.0860
  -5.750  -0.0720   0.01865   0.01148  -0.1386   0.9107   0.0912
  -5.500  -0.0432   0.01822   0.01112  -0.1389   0.9044   0.0962
  -5.250  -0.0047   0.01763   0.01051  -0.1409   0.9020   0.1028
  -5.000   0.0361   0.01711   0.00991  -0.1433   0.9005   0.1101
  -4.750   0.0651   0.01661   0.00950  -0.1435   0.8937   0.1160
  -4.500   0.1059   0.01600   0.00891  -0.1460   0.8914   0.1240
  -4.000   0.1811   0.01493   0.00787  -0.1496   0.8830   0.1413
  -3.750   0.2263   0.01437   0.00737  -0.1530   0.8807   0.1511
  -3.500   0.2598   0.01405   0.00705  -0.1540   0.8733   0.1610
  -3.250   0.2980   0.01362   0.00667  -0.1559   0.8667   0.1717
  -3.000   0.3382   0.01319   0.00629  -0.1583   0.8601   0.1836
  -2.750   0.3724   0.01290   0.00603  -0.1594   0.8510   0.1956
  -2.250   0.4414   0.01242   0.00560  -0.1618   0.8313   0.2250
  -2.000   0.4711   0.01225   0.00545  -0.1620   0.8187   0.2427
  -1.750   0.5025   0.01207   0.00530  -0.1626   0.8060   0.2624
  -1.500   0.5338   0.01193   0.00518  -0.1631   0.7925   0.2840
  -1.250   0.5632   0.01183   0.00510  -0.1633   0.7779   0.3051
  -1.000   0.5929   0.01177   0.00503  -0.1635   0.7636   0.3265
  -0.750   0.6226   0.01176   0.00509  -0.1637   0.7494   0.3501
  -0.500   0.6479   0.01172   0.00509  -0.1630   0.7329   0.3740
  -0.250   0.6747   0.01171   0.00509  -0.1627   0.7177   0.4020
   0.000   0.6999   0.01171   0.00511  -0.1620   0.7016   0.4305
   0.250   0.7261   0.01173   0.00512  -0.1615   0.6863   0.4614
   0.500   0.7516   0.01176   0.00516  -0.1609   0.6705   0.4941
   0.750   0.7755   0.01181   0.00525  -0.1600   0.6536   0.5312
   1.000   0.8005   0.01187   0.00532  -0.1592   0.6386   0.5721
   1.250   0.8239   0.01193   0.00545  -0.1582   0.6230   0.6148
   1.500   0.8468   0.01199   0.00558  -0.1570   0.6074   0.6605
   1.750   0.8688   0.01205   0.00569  -0.1555   0.5924   0.7089
   2.000   0.8901   0.01214   0.00582  -0.1539   0.5793   0.7627
   2.250   0.9069   0.01219   0.00598  -0.1512   0.5651   0.8246
   2.500   0.9187   0.01216   0.00603  -0.1472   0.5521   0.9098
   2.750   0.9428   0.01226   0.00602  -0.1464   0.5388   1.0000
   3.000   0.9673   0.01252   0.00615  -0.1458   0.5252   1.0000
   3.250   0.9913   0.01277   0.00630  -0.1451   0.5118   1.0000
   3.500   1.0147   0.01301   0.00645  -0.1442   0.4987   1.0000
   3.750   1.0380   0.01329   0.00660  -0.1434   0.4874   1.0000
   4.000   1.0613   0.01360   0.00680  -0.1425   0.4761   1.0000
   4.250   1.0841   0.01391   0.00701  -0.1416   0.4650   1.0000
   4.500   1.1065   0.01421   0.00724  -0.1406   0.4543   1.0000
   4.750   1.1288   0.01452   0.00747  -0.1396   0.4444   1.0000
   5.000   1.1508   0.01483   0.00771  -0.1385   0.4346   1.0000
   5.250   1.1722   0.01515   0.00797  -0.1374   0.4243   1.0000
   5.500   1.1929   0.01545   0.00823  -0.1360   0.4136   1.0000
   5.750   1.2128   0.01576   0.00849  -0.1346   0.4027   1.0000
   6.000   1.2323   0.01611   0.00876  -0.1331   0.3928   1.0000
   6.250   1.2518   0.01651   0.00908  -0.1317   0.3832   1.0000
   6.500   1.2715   0.01693   0.00944  -0.1303   0.3738   1.0000
   6.750   1.2907   0.01734   0.00981  -0.1288   0.3641   1.0000
   7.000   1.3093   0.01778   0.01019  -0.1273   0.3548   1.0000
   7.250   1.3283   0.01821   0.01075  -0.1259   0.3471   1.0000
   7.500   1.3432   0.01869   0.01118  -0.1238   0.3334   1.0000
   7.750   1.3571   0.01916   0.01160  -0.1215   0.3167   1.0000
   8.000   1.3702   0.01970   0.01204  -0.1193   0.2986   1.0000
   8.250   1.3823   0.02039   0.01261  -0.1170   0.2821   1.0000
   8.500   1.3964   0.02105   0.01319  -0.1150   0.2658   1.0000
   8.750   1.4105   0.02174   0.01382  -0.1131   0.2550   1.0000
   9.000   1.4251   0.02244   0.01447  -0.1113   0.2456   1.0000
   9.250   1.4393   0.02319   0.01517  -0.1096   0.2372   1.0000
   9.500   1.4541   0.02391   0.01587  -0.1079   0.2276   1.0000
   9.750   1.4662   0.02479   0.01670  -0.1060   0.2198   1.0000
  10.000   1.4799   0.02562   0.01751  -0.1043   0.2119   1.0000
  10.250   1.4942   0.02642   0.01832  -0.1028   0.2034   1.0000
  10.500   1.5070   0.02733   0.01920  -0.1011   0.1939   1.0000
  10.750   1.5221   0.02812   0.02015  -0.0997   0.1934   1.0000
  11.000   1.5329   0.02919   0.02120  -0.0980   0.1869   1.0000
  11.250   1.5416   0.03044   0.02240  -0.0961   0.1810   1.0000
  11.500   1.5518   0.03161   0.02358  -0.0945   0.1750   1.0000
  11.750   1.5595   0.03300   0.02495  -0.0927   0.1692   1.0000
  12.000   1.5707   0.03417   0.02615  -0.0913   0.1625   1.0000
  12.250   1.5820   0.03535   0.02736  -0.0900   0.1552   1.0000
  12.500   1.5900   0.03683   0.02883  -0.0886   0.1470   1.0000
  12.750   1.5942   0.03867   0.03061  -0.0870   0.1420   1.0000
  13.000   1.6000   0.04044   0.03238  -0.0856   0.1375   1.0000
  13.250   1.6055   0.04228   0.03424  -0.0843   0.1326   1.0000
  13.500   1.6106   0.04421   0.03620  -0.0831   0.1283   1.0000
  13.750   1.6190   0.04587   0.03791  -0.0822   0.1219   1.0000
  14.000   1.6126   0.04907   0.04096  -0.0809   0.1104   1.0000
  14.250   1.6160   0.05135   0.04319  -0.0800   0.0962   1.0000
  14.500   1.6088   0.05482   0.04655  -0.0791   0.0841   1.0000
  14.750   1.6037   0.05817   0.04984  -0.0783   0.0742   1.0000
  15.000   1.5935   0.06223   0.05384  -0.0777   0.0641   1.0000
  15.250   1.5864   0.06602   0.05762  -0.0774   0.0564   1.0000
  15.500   1.5737   0.07063   0.06220  -0.0772   0.0453   1.0000
  15.750   1.5607   0.07541   0.06698  -0.0773   0.0396   1.0000
  16.250   1.5253   0.08663   0.07827  -0.0784   0.0199   1.0000
  16.500   1.5157   0.09131   0.08294  -0.0792   0.0190   1.0000
  16.750   1.5039   0.09642   0.08803  -0.0802   0.0183   1.0000
  17.000   1.4937   0.10137   0.09302  -0.0814   0.0176   1.0000
  17.250   1.4899   0.10540   0.09716  -0.0824   0.0159   1.0000
  17.500   1.4868   0.10937   0.10127  -0.0835   0.0153   1.0000
  17.750   1.4833   0.11343   0.10546  -0.0848   0.0149   1.0000
  18.000   1.4795   0.11757   0.10973  -0.0862   0.0146   1.0000
  18.250   1.4751   0.12182   0.11411  -0.0878   0.0144   1.0000
  18.500   1.4707   0.12611   0.11852  -0.0896   0.0142   1.0000
  18.750   1.4663   0.13042   0.12295  -0.0915   0.0141   1.0000
  19.000   1.4618   0.13476   0.12742  -0.0935   0.0140   1.0000
  19.250   1.4587   0.13889   0.13170  -0.0955   0.0141   1.0000
  19.500   1.4543   0.14326   0.13620  -0.0978   0.0141   1.0000
  19.750   1.4498   0.14772   0.14079  -0.1003   0.0140   1.0000
  20.000   1.4452   0.15221   0.14542  -0.1029   0.0140   1.0000
