  
       XFOIL         Version 6.99
  
 Calculated polar for: Airfoil_rR0.309453.txt                          
  
 1 1 Reynolds number fixed          Mach number fixed         
  
 xtrf =   1.000 (top)        1.000 (bottom)  
 Mach =   0.000     Re =     0.150 e 6     Ncrit =   9.000
  
   alpha    CL        CD       CDp       CM     Top_Xtr  Bot_Xtr
  ------ -------- --------- --------- -------- -------- --------
 -19.750  -0.3063   0.21117   0.20637  -0.0259   1.0000   0.0369
 -19.500  -0.3066   0.20952   0.20471  -0.0270   1.0000   0.0392
 -19.250  -0.3117   0.20890   0.20409  -0.0286   1.0000   0.0398
 -18.500  -0.2981   0.20197   0.19722  -0.0285   1.0000   0.0424
 -18.000  -0.4217   0.20286   0.19747  -0.0222   1.0000   0.0429
 -17.750  -0.3165   0.20381   0.19906  -0.0325   1.0000   0.0501
 -16.750  -0.3880   0.19131   0.18609  -0.0263   1.0000   0.0531
 -16.250  -0.3748   0.18706   0.18187  -0.0277   1.0000   0.0579
 -16.000  -0.3762   0.18547   0.18031  -0.0300   1.0000   0.0596
 -15.750  -0.3814   0.18447   0.17934  -0.0323   1.0000   0.0599
 -15.500  -0.2833   0.18420   0.17959  -0.0326   1.0000   0.0613
 -15.250  -0.3693   0.17792   0.17287  -0.0332   1.0000   0.0605
 -15.000  -0.3495   0.17460   0.16958  -0.0312   1.0000   0.0619
 -14.250  -0.3100   0.17760   0.17304  -0.0361   1.0000   0.0701
 -13.500  -0.2710   0.16690   0.16243  -0.0322   1.0000   0.0722
 -13.250  -0.3169   0.15827   0.15349  -0.0330   1.0000   0.0724
 -12.750  -0.2654   0.16009   0.15569  -0.0312   1.0000   0.0751
 -12.500  -0.3039   0.15145   0.14678  -0.0324   1.0000   0.0756
 -12.250  -0.3023   0.14911   0.14448  -0.0324   1.0000   0.0772
 -11.750  -0.3430   0.14579   0.14130  -0.0371   1.0000   0.0801
 -11.500  -0.3311   0.14198   0.13753  -0.0354   1.0000   0.0805
 -11.250  -0.2857   0.14435   0.14013  -0.0310   1.0000   0.0811
 -10.750  -0.3052   0.13411   0.12974  -0.0310   1.0000   0.0822
 -10.500  -0.2795   0.13737   0.13305  -0.0277   1.0000   0.0831
 -10.250  -0.3039   0.12963   0.12513  -0.0291   1.0000   0.0838
  -9.750  -0.3093   0.12534   0.12093  -0.0275   1.0000   0.0869
  -9.000  -0.3513   0.11712   0.11289  -0.0272   1.0000   0.0909
  -8.250  -0.3485   0.11185   0.10776  -0.0213   1.0000   0.0939
  -7.750  -0.4680   0.06277   0.05859  -0.0725   0.9776   0.0799
  -7.500  -0.4572   0.04950   0.04454  -0.0875   0.9707   0.0798
  -7.250  -0.3777   0.07962   0.07546  -0.0548   0.9724   0.0894
  -7.000  -0.3858   0.05847   0.05431  -0.0789   0.9617   0.0837
  -6.750  -0.3297   0.07449   0.07032  -0.0611   0.9610   0.0938
  -6.500  -0.3288   0.03773   0.03179  -0.1036   0.9510   0.0854
  -6.250  -0.2764   0.07110   0.06694  -0.0685   0.9463   0.1141
  -6.000  -0.2506   0.03139   0.02406  -0.1119   0.9417   0.0856
  -5.750  -0.2124   0.02963   0.02194  -0.1147   0.9363   0.0877
  -5.500  -0.1709   0.02804   0.01998  -0.1178   0.9322   0.0908
  -5.250  -0.1349   0.02722   0.01924  -0.1198   0.9269   0.0943
  -5.000  -0.0952   0.02632   0.01809  -0.1222   0.9221   0.0998
  -4.750  -0.0597   0.02556   0.01745  -0.1239   0.9162   0.1051
  -4.500  -0.0185   0.02468   0.01652  -0.1265   0.9117   0.1131
  -4.250   0.0165   0.02400   0.01583  -0.1280   0.9051   0.1224
  -4.000   0.0579   0.02331   0.01519  -0.1307   0.9012   0.1342
  -3.750   0.0906   0.02289   0.01481  -0.1317   0.8940   0.1458
  -3.500   0.1339   0.02224   0.01412  -0.1345   0.8907   0.1596
  -3.250   0.1670   0.02170   0.01365  -0.1355   0.8835   0.1712
  -3.000   0.2107   0.02091   0.01297  -0.1383   0.8807   0.1854
  -2.750   0.2435   0.02045   0.01253  -0.1391   0.8732   0.1997
  -2.500   0.2882   0.01965   0.01183  -0.1420   0.8707   0.2173
  -2.250   0.3210   0.01920   0.01147  -0.1427   0.8629   0.2355
  -2.000   0.3673   0.01846   0.01082  -0.1460   0.8604   0.2613
  -1.750   0.4013   0.01802   0.01051  -0.1470   0.8526   0.2855
  -1.500   0.4427   0.01745   0.01007  -0.1494   0.8471   0.3157
  -1.250   0.4851   0.01683   0.00955  -0.1519   0.8413   0.3505
  -1.000   0.5204   0.01635   0.00922  -0.1531   0.8321   0.3836
  -0.750   0.5552   0.01592   0.00894  -0.1541   0.8222   0.4218
  -0.500   0.5910   0.01549   0.00880  -0.1553   0.8124   0.4623
  -0.250   0.6258   0.01508   0.00852  -0.1563   0.8018   0.5047
   0.000   0.6609   0.01470   0.00825  -0.1573   0.7907   0.5540
   0.250   0.6894   0.01446   0.00814  -0.1569   0.7771   0.6066
   0.500   0.7186   0.01422   0.00802  -0.1566   0.7636   0.6668
   0.750   0.7464   0.01402   0.00791  -0.1558   0.7503   0.7329
   1.000   0.7645   0.01392   0.00793  -0.1530   0.7347   0.8018
   1.250   0.7805   0.01371   0.00778  -0.1494   0.7210   0.8868
   1.500   0.8083   0.01356   0.00756  -0.1490   0.7046   1.0000
   1.750   0.8405   0.01367   0.00743  -0.1498   0.6900   1.0000
   2.000   0.8679   0.01385   0.00745  -0.1497   0.6736   1.0000
   2.250   0.8957   0.01405   0.00746  -0.1497   0.6577   1.0000
   2.500   0.9223   0.01426   0.00751  -0.1493   0.6416   1.0000
   2.750   0.9479   0.01450   0.00760  -0.1488   0.6257   1.0000
   3.000   0.9733   0.01474   0.00769  -0.1483   0.6100   1.0000
   3.250   0.9967   0.01498   0.00781  -0.1474   0.5938   1.0000
   3.500   1.0234   0.01526   0.00789  -0.1471   0.5799   1.0000
   3.750   1.0465   0.01557   0.00811  -0.1461   0.5642   1.0000
   4.000   1.0712   0.01589   0.00829  -0.1455   0.5503   1.0000
   4.250   1.0951   0.01622   0.00852  -0.1448   0.5368   1.0000
   4.500   1.1189   0.01656   0.00877  -0.1440   0.5238   1.0000
   4.750   1.1423   0.01691   0.00903  -0.1432   0.5113   1.0000
   5.000   1.1654   0.01723   0.00928  -0.1423   0.4994   1.0000
   5.250   1.1890   0.01757   0.00952  -0.1415   0.4884   1.0000
   5.500   1.2121   0.01796   0.00984  -0.1407   0.4770   1.0000
   5.750   1.2349   0.01837   0.01018  -0.1398   0.4657   1.0000
   6.000   1.2571   0.01878   0.01054  -0.1388   0.4545   1.0000
   6.250   1.2790   0.01919   0.01088  -0.1377   0.4434   1.0000
   6.500   1.3000   0.01960   0.01123  -0.1365   0.4322   1.0000
   6.750   1.3200   0.02000   0.01159  -0.1351   0.4209   1.0000
   7.000   1.3388   0.02033   0.01218  -0.1335   0.4108   1.0000
   7.250   1.3554   0.02066   0.01248  -0.1315   0.3993   1.0000
   7.500   1.3641   0.02099   0.01272  -0.1280   0.3837   1.0000
   7.750   1.3707   0.02145   0.01307  -0.1242   0.3658   1.0000
   8.000   1.3773   0.02200   0.01349  -0.1206   0.3478   1.0000
   8.250   1.3843   0.02261   0.01402  -0.1172   0.3296   1.0000
   8.500   1.3935   0.02318   0.01458  -0.1143   0.3111   1.0000
   8.750   1.4053   0.02379   0.01516  -0.1120   0.2966   1.0000
   9.000   1.4173   0.02450   0.01579  -0.1097   0.2853   1.0000
   9.250   1.4299   0.02522   0.01649  -0.1076   0.2730   1.0000
   9.500   1.4408   0.02605   0.01726  -0.1054   0.2617   1.0000
   9.750   1.4519   0.02692   0.01809  -0.1033   0.2500   1.0000
  10.000   1.4618   0.02789   0.01899  -0.1011   0.2401   1.0000
  10.250   1.4735   0.02881   0.01991  -0.0992   0.2294   1.0000
  10.500   1.4830   0.02987   0.02093  -0.0972   0.2205   1.0000
  10.750   1.4966   0.03079   0.02203  -0.0956   0.2182   1.0000
  11.000   1.5058   0.03194   0.02317  -0.0937   0.2102   1.0000
  11.250   1.5165   0.03303   0.02430  -0.0920   0.2003   1.0000
  11.500   1.5250   0.03430   0.02556  -0.0903   0.1911   1.0000
  11.750   1.5312   0.03575   0.02697  -0.0884   0.1833   1.0000
  12.000   1.5370   0.03730   0.02849  -0.0866   0.1761   1.0000
  12.250   1.5420   0.03896   0.03013  -0.0849   0.1690   1.0000
  12.500   1.5491   0.04052   0.03171  -0.0835   0.1608   1.0000
  12.750   1.5586   0.04194   0.03318  -0.0823   0.1496   1.0000
  13.000   1.5588   0.04419   0.03533  -0.0808   0.1426   1.0000
  13.250   1.5603   0.04642   0.03751  -0.0795   0.1356   1.0000
  13.500   1.5613   0.04879   0.03986  -0.0783   0.1286   1.0000
  13.750   1.5649   0.05099   0.04207  -0.0773   0.1188   1.0000
  14.500   1.5446   0.06151   0.05237  -0.0748   0.0777   1.0000
  14.750   1.5382   0.06522   0.05611  -0.0744   0.0677   1.0000
  15.000   1.5296   0.06931   0.06023  -0.0742   0.0621   1.0000
  15.250   1.5253   0.07300   0.06402  -0.0742   0.0583   1.0000
  15.500   1.5254   0.07618   0.06737  -0.0742   0.0539   1.0000
  15.750   1.5186   0.08034   0.07164  -0.0745   0.0474   1.0000
  16.250   1.4913   0.09083   0.08224  -0.0763   0.0380   1.0000
  18.750   1.3953   0.14319   0.13583  -0.0972   0.0197   1.0000
  19.000   1.3868   0.14868   0.14147  -0.1004   0.0196   1.0000
  19.250   1.3778   0.15436   0.14729  -0.1038   0.0195   1.0000
  19.500   1.3698   0.15987   0.15294  -0.1073   0.0195   1.0000
  19.750   1.3621   0.16539   0.15860  -0.1109   0.0195   1.0000
  20.000   1.3547   0.17093   0.16427  -0.1146   0.0194   1.0000
