  
       XFOIL         Version 6.99
  
 Calculated polar for: Airfoil_rR0.202693.txt                          
  
 1 1 Reynolds number fixed          Mach number fixed         
  
 xtrf =   1.000 (top)        1.000 (bottom)  
 Mach =   0.000     Re =     0.150 e 6     Ncrit =   9.000
  
   alpha    CL        CD       CDp       CM     Top_Xtr  Bot_Xtr
  ------ -------- --------- --------- -------- -------- --------
 -20.000  -0.2343   0.21605   0.21139  -0.0274   1.0000   0.0698
 -19.250  -0.3772   0.21985   0.21438  -0.0249   1.0000   0.0707
 -19.000  -0.2281   0.20946   0.20487  -0.0287   1.0000   0.0711
 -18.750  -0.2215   0.20773   0.20316  -0.0283   1.0000   0.0716
 -18.500  -0.2165   0.20635   0.20181  -0.0280   1.0000   0.0723
 -18.000  -0.3273   0.20788   0.20254  -0.0257   1.0000   0.0741
 -17.500  -0.3159   0.20334   0.19806  -0.0271   1.0000   0.0781
 -17.000  -0.2220   0.19913   0.19463  -0.0299   1.0000   0.0809
 -15.750  -0.2095   0.19178   0.18736  -0.0278   1.0000   0.0925
 -15.250  -0.2733   0.18216   0.17713  -0.0300   1.0000   0.0977
 -14.750  -0.2878   0.17774   0.17277  -0.0327   1.0000   0.1008
 -14.500  -0.2196   0.18402   0.17965  -0.0275   1.0000   0.1012
 -14.250  -0.2618   0.17348   0.16859  -0.0302   1.0000   0.1027
 -14.000  -0.2551   0.17186   0.16700  -0.0294   1.0000   0.1044
 -13.750  -0.2516   0.17012   0.16530  -0.0290   1.0000   0.1066
 -13.500  -0.2644   0.16838   0.16360  -0.0303   1.0000   0.1098
 -13.250  -0.2543   0.17661   0.17232  -0.0278   1.0000   0.1105
 -13.000  -0.2700   0.16342   0.15873  -0.0302   1.0000   0.1110
 -12.750  -0.2295   0.17173   0.16754  -0.0240   1.0000   0.1113
 -12.500  -0.2526   0.15960   0.15499  -0.0272   1.0000   0.1125
 -12.000  -0.2474   0.15644   0.15193  -0.0250   1.0000   0.1155
 -11.500  -0.2810   0.15185   0.14744  -0.0259   1.0000   0.1209
 -11.250  -0.2691   0.15010   0.14573  -0.0237   1.0000   0.1216
 -11.000  -0.2635   0.14882   0.14450  -0.0218   1.0000   0.1227
 -10.750  -0.2404   0.14579   0.14147  -0.0252   0.9971   0.1252
 -10.000  -0.1079   0.13513   0.13078  -0.0502   0.9730   0.1347
  -9.500  -0.6173   0.05101   0.04530  -0.0979   0.9521   0.1111
  -9.250  -0.5790   0.05147   0.04596  -0.0983   0.9474   0.1126
  -9.000  -0.5414   0.05167   0.04629  -0.0991   0.9420   0.1145
  -8.750  -0.4504   0.06088   0.05606  -0.0909   0.9429   0.1163
  -8.500  -0.5208   0.04081   0.03425  -0.1095   0.9243   0.1212
  -8.250  -0.1380   0.09676   0.09219  -0.0744   0.9507   0.1313
  -8.000  -0.4502   0.03934   0.03288  -0.1130   0.9127   0.1263
  -7.750  -0.4233   0.03646   0.02933  -0.1162   0.9056   0.1303
  -7.500  -0.3839   0.03559   0.02864  -0.1183   0.9014   0.1328
  -7.250  -0.3540   0.03486   0.02792  -0.1190   0.8939   0.1355
  -7.000  -0.3134   0.03298   0.02561  -0.1227   0.8905   0.1400
  -6.750  -0.2829   0.03215   0.02485  -0.1233   0.8831   0.1426
  -6.500  -0.2382   0.03113   0.02369  -0.1263   0.8804   0.1468
  -6.250  -0.2086   0.03002   0.02232  -0.1272   0.8723   0.1510
  -6.000  -0.1752   0.02952   0.02197  -0.1279   0.8655   0.1544
  -5.750  -0.1336   0.02838   0.02051  -0.1306   0.8615   0.1604
  -5.250  -0.0568   0.02659   0.01868  -0.1340   0.8515   0.1705
  -4.750   0.0239   0.02472   0.01679  -0.1380   0.8422   0.1808
  -4.500   0.0674   0.02389   0.01610  -0.1404   0.8381   0.1854
  -4.250   0.1064   0.02304   0.01512  -0.1423   0.8311   0.1913
  -4.000   0.1400   0.02248   0.01462  -0.1430   0.8219   0.1963
  -3.750   0.1816   0.02173   0.01382  -0.1452   0.8140   0.2030
  -3.500   0.2310   0.02097   0.01297  -0.1489   0.8070   0.2112
  -3.250   0.2781   0.02039   0.01238  -0.1522   0.7983   0.2193
  -3.000   0.3111   0.02003   0.01208  -0.1529   0.7859   0.2256
  -2.750   0.3464   0.01961   0.01160  -0.1540   0.7737   0.2329
  -2.500   0.3859   0.01917   0.01105  -0.1559   0.7619   0.2414
  -2.250   0.4240   0.01882   0.01062  -0.1575   0.7495   0.2506
  -2.000   0.4478   0.01864   0.01050  -0.1564   0.7341   0.2577
  -1.750   0.4812   0.01843   0.01026  -0.1572   0.7210   0.2665
  -1.500   0.5086   0.01831   0.01012  -0.1568   0.7067   0.2756
  -1.250   0.5373   0.01822   0.01009  -0.1567   0.6928   0.2860
  -1.000   0.5680   0.01814   0.00991  -0.1569   0.6793   0.2981
  -0.750   0.5913   0.01813   0.00988  -0.1558   0.6641   0.3093
  -0.500   0.6171   0.01812   0.00982  -0.1551   0.6498   0.3212
  -0.250   0.6438   0.01812   0.00976  -0.1546   0.6362   0.3337
   0.000   0.6688   0.01816   0.00974  -0.1538   0.6221   0.3476
   0.250   0.6926   0.01819   0.00975  -0.1528   0.6085   0.3610
   0.500   0.7153   0.01822   0.00978  -0.1516   0.5950   0.3744
   0.750   0.7425   0.01830   0.00976  -0.1512   0.5830   0.3904
   1.000   0.7680   0.01842   0.00985  -0.1506   0.5705   0.4052
   1.250   0.7895   0.01853   0.00997  -0.1492   0.5575   0.4211
   1.500   0.8123   0.01863   0.01007  -0.1480   0.5456   0.4380
   1.750   0.8367   0.01876   0.01017  -0.1472   0.5343   0.4567
   2.000   0.8609   0.01891   0.01030  -0.1463   0.5231   0.4766
   2.250   0.8827   0.01908   0.01051  -0.1450   0.5117   0.4967
   2.500   0.9040   0.01922   0.01065  -0.1436   0.5008   0.5210
   2.750   0.9264   0.01934   0.01080  -0.1424   0.4910   0.5444
   3.000   0.9491   0.01953   0.01099  -0.1412   0.4811   0.5726
   3.250   0.9708   0.01971   0.01124  -0.1399   0.4716   0.6009
   3.500   0.9915   0.01992   0.01150  -0.1384   0.4623   0.6334
   3.750   1.0111   0.02009   0.01177  -0.1366   0.4535   0.6665
   4.000   1.0311   0.02026   0.01202  -0.1349   0.4455   0.7053
   4.250   1.0518   0.02043   0.01224  -0.1332   0.4381   0.7516
   4.500   1.0682   0.02056   0.01248  -0.1306   0.4307   0.8050
   4.750   1.0768   0.02055   0.01265  -0.1263   0.4235   0.8886
   5.000   1.0997   0.02072   0.01277  -0.1255   0.4158   1.0000
   5.250   1.1245   0.02111   0.01301  -0.1252   0.4084   1.0000
   5.500   1.1469   0.02151   0.01330  -0.1244   0.4012   1.0000
   5.750   1.1684   0.02195   0.01365  -0.1234   0.3940   1.0000
   6.000   1.1922   0.02240   0.01397  -0.1229   0.3874   1.0000
   6.250   1.2153   0.02285   0.01431  -0.1222   0.3805   1.0000
   6.500   1.2329   0.02335   0.01479  -0.1205   0.3734   1.0000
   6.750   1.2527   0.02384   0.01521  -0.1193   0.3668   1.0000
   7.000   1.2724   0.02430   0.01558  -0.1180   0.3602   1.0000
   7.250   1.2898   0.02481   0.01606  -0.1164   0.3538   1.0000
   7.500   1.3130   0.02531   0.01643  -0.1158   0.3479   1.0000
   7.750   1.3300   0.02587   0.01709  -0.1142   0.3415   1.0000
   8.000   1.3458   0.02649   0.01770  -0.1124   0.3355   1.0000
   8.250   1.3682   0.02701   0.01811  -0.1117   0.3300   1.0000
   8.500   1.3773   0.02770   0.01889  -0.1090   0.3241   1.0000
   8.750   1.3978   0.02823   0.01931  -0.1080   0.3192   1.0000
   9.000   1.4070   0.02895   0.02012  -0.1054   0.3137   1.0000
   9.250   1.4280   0.02947   0.02052  -0.1045   0.3093   1.0000
   9.500   1.4380   0.03026   0.02138  -0.1022   0.3041   1.0000
   9.750   1.4614   0.03077   0.02174  -0.1017   0.2999   1.0000
  10.000   1.4696   0.03170   0.02277  -0.0992   0.2949   1.0000
  10.250   1.4915   0.03230   0.02325  -0.0986   0.2905   1.0000
  10.500   1.4993   0.03332   0.02437  -0.0962   0.2858   1.0000
  10.750   1.5154   0.03408   0.02508  -0.0950   0.2813   1.0000
  11.000   1.5255   0.03508   0.02613  -0.0930   0.2770   1.0000
  11.250   1.5330   0.03613   0.02725  -0.0908   0.2726   1.0000
  11.500   1.5506   0.03689   0.02802  -0.0898   0.2688   1.0000
  11.750   1.5560   0.03812   0.02934  -0.0875   0.2648   1.0000
  12.000   1.5749   0.03879   0.02993  -0.0867   0.2613   1.0000
  12.250   1.5876   0.03986   0.03100  -0.0854   0.2577   1.0000
  12.500   1.5935   0.04122   0.03244  -0.0834   0.2538   1.0000
  12.750   1.6179   0.04177   0.03286  -0.0832   0.2504   1.0000
  13.000   1.6203   0.04340   0.03461  -0.0810   0.2470   1.0000
  13.250   1.6259   0.04487   0.03616  -0.0793   0.2435   1.0000
  13.500   1.6529   0.04532   0.03647  -0.0793   0.2404   1.0000
  13.750   1.6496   0.04732   0.03864  -0.0770   0.2374   1.0000
  14.000   1.6447   0.04947   0.04096  -0.0747   0.2342   1.0000
  14.250   1.6577   0.05060   0.04207  -0.0738   0.2314   1.0000
  14.500   1.6728   0.05169   0.04313  -0.0730   0.2287   1.0000
  14.750   1.6615   0.05446   0.04612  -0.0708   0.2260   1.0000
  15.000   1.6657   0.05622   0.04798  -0.0695   0.2234   1.0000
  15.250   1.6900   0.05657   0.04822  -0.0693   0.2209   1.0000
  15.500   1.6937   0.05849   0.05020  -0.0682   0.2183   1.0000
  15.750   1.6722   0.06237   0.05433  -0.0662   0.2155   1.0000
  16.000   1.6751   0.06432   0.05631  -0.0654   0.2126   1.0000
  16.250   1.7100   0.06357   0.05532  -0.0654   0.2092   1.0000
  16.500   1.6717   0.06929   0.06142  -0.0637   0.2068   1.0000
  16.750   1.6524   0.07362   0.06594  -0.0631   0.2041   1.0000
  17.000   1.6825   0.07285   0.06496  -0.0628   0.2006   1.0000
  17.250   1.6620   0.07747   0.06978  -0.0624   0.1981   1.0000
  17.500   1.6125   0.08583   0.07854  -0.0630   0.1960   1.0000
  18.000   1.6521   0.08615   0.07862  -0.0624   0.1895   1.0000
  18.250   1.5804   0.09817   0.09116  -0.0650   0.1880   1.0000
  18.500   0.9962   0.21712   0.21169  -0.1330   0.1808   1.0000
  19.500   1.0248   0.22734   0.22199  -0.1399   0.1709   1.0000
