  
       XFOIL         Version 6.99
  
 Calculated polar for: Airfoil_rR0.362827.txt                          
  
 1 1 Reynolds number fixed          Mach number fixed         
  
 xtrf =   1.000 (top)        1.000 (bottom)  
 Mach =   0.000     Re =     0.200 e 6     Ncrit =   9.000
  
   alpha    CL        CD       CDp       CM     Top_Xtr  Bot_Xtr
  ------ -------- --------- --------- -------- -------- --------
 -18.500  -0.3237   0.20697   0.20277  -0.0290   1.0000   0.0299
 -18.250  -0.4554   0.21090   0.20613  -0.0206   1.0000   0.0298
 -17.000  -0.3217   0.19594   0.19176  -0.0319   1.0000   0.0300
 -14.250  -0.3757   0.16185   0.15751  -0.0346   1.0000   0.0399
 -14.000  -0.2975   0.16527   0.16126  -0.0321   1.0000   0.0448
 -13.000  -0.3009   0.15423   0.15032  -0.0333   1.0000   0.0517
 -12.000  -0.3045   0.14526   0.14147  -0.0335   1.0000   0.0595
 -11.250  -0.2910   0.13834   0.13465  -0.0302   1.0000   0.0652
 -11.000  -0.2932   0.13564   0.13178  -0.0298   1.0000   0.0668
 -10.750  -0.2987   0.13308   0.12925  -0.0298   1.0000   0.0684
 -10.250  -0.3375   0.12782   0.12431  -0.0328   1.0000   0.0700
  -9.250  -0.3249   0.11775   0.11414  -0.0258   1.0000   0.0720
  -9.000  -0.3498   0.11144   0.10772  -0.0265   1.0000   0.0724
  -8.750  -0.3129   0.11237   0.10881  -0.0270   0.9978   0.0739
  -8.500  -0.5255   0.06141   0.05801  -0.0583   0.9902   0.0419
  -8.250  -0.3472   0.10431   0.10070  -0.0266   0.9977   0.0754
  -7.750  -0.4484   0.03341   0.02802  -0.0988   0.9717   0.0527
  -7.500  -0.4150   0.03788   0.03313  -0.0972   0.9663   0.0557
  -7.250  -0.3814   0.03450   0.02919  -0.1024   0.9623   0.0623
  -7.000  -0.3436   0.03401   0.02873  -0.1051   0.9600   0.0650
  -6.750  -0.3145   0.03148   0.02575  -0.1075   0.9541   0.0670
  -6.500  -0.2750   0.02865   0.02206  -0.1113   0.9517   0.0661
  -6.250  -0.2382   0.02704   0.02013  -0.1140   0.9478   0.0672
  -6.000  -0.2023   0.02566   0.01847  -0.1162   0.9432   0.0682
  -5.750  -0.1604   0.02458   0.01712  -0.1193   0.9407   0.0696
  -5.500  -0.1282   0.02339   0.01584  -0.1208   0.9348   0.0716
  -5.250  -0.0882   0.02256   0.01503  -0.1235   0.9317   0.0740
  -5.000  -0.0531   0.02176   0.01416  -0.1250   0.9267   0.0762
  -4.750  -0.0151   0.02086   0.01315  -0.1271   0.9226   0.0785
  -4.500   0.0267   0.01982   0.01211  -0.1299   0.9205   0.0822
  -4.250   0.0573   0.01926   0.01158  -0.1306   0.9139   0.0874
  -4.000   0.0976   0.01850   0.01089  -0.1331   0.9113   0.0959
  -3.750   0.1303   0.01800   0.01042  -0.1341   0.9055   0.1072
  -3.500   0.1695   0.01734   0.00980  -0.1364   0.9021   0.1219
  -3.250   0.2122   0.01661   0.00914  -0.1393   0.9003   0.1388
  -3.000   0.2432   0.01617   0.00881  -0.1400   0.8931   0.1546
  -2.750   0.2861   0.01556   0.00827  -0.1429   0.8909   0.1780
  -2.500   0.3204   0.01512   0.00793  -0.1442   0.8845   0.1995
  -2.250   0.3631   0.01454   0.00746  -0.1470   0.8813   0.2250
  -2.000   0.3971   0.01412   0.00714  -0.1482   0.8743   0.2518
  -1.750   0.4387   0.01360   0.00674  -0.1509   0.8703   0.2854
  -1.500   0.4707   0.01330   0.00655  -0.1517   0.8617   0.3203
  -1.250   0.5041   0.01296   0.00635  -0.1527   0.8531   0.3604
  -1.000   0.5383   0.01259   0.00615  -0.1539   0.8441   0.4059
  -0.750   0.5710   0.01227   0.00598  -0.1547   0.8337   0.4583
  -0.500   0.6016   0.01198   0.00589  -0.1551   0.8221   0.5200
  -0.250   0.6324   0.01167   0.00592  -0.1555   0.8108   0.5910
   0.000   0.6588   0.01144   0.00590  -0.1548   0.7973   0.6699
   0.250   0.6834   0.01122   0.00584  -0.1535   0.7835   0.7484
   0.500   0.7054   0.01102   0.00573  -0.1514   0.7701   0.8275
   0.750   0.7217   0.01087   0.00562  -0.1481   0.7544   0.9209
   1.000   0.7540   0.01082   0.00543  -0.1488   0.7383   1.0000
   1.250   0.7819   0.01094   0.00538  -0.1488   0.7220   1.0000
   1.500   0.8085   0.01107   0.00538  -0.1485   0.7050   1.0000
   1.750   0.8361   0.01122   0.00534  -0.1484   0.6892   1.0000
   2.000   0.8623   0.01140   0.00537  -0.1480   0.6724   1.0000
   2.250   0.8881   0.01160   0.00544  -0.1476   0.6559   1.0000
   2.500   0.9142   0.01182   0.00550  -0.1472   0.6403   1.0000
   2.750   0.9389   0.01205   0.00562  -0.1466   0.6239   1.0000
   3.000   0.9637   0.01227   0.00574  -0.1460   0.6082   1.0000
   3.250   0.9881   0.01249   0.00585  -0.1453   0.5925   1.0000
   3.500   1.0129   0.01277   0.00597  -0.1447   0.5781   1.0000
   3.750   1.0369   0.01305   0.00615  -0.1440   0.5626   1.0000
   4.000   1.0608   0.01335   0.00634  -0.1432   0.5476   1.0000
   4.250   1.0843   0.01365   0.00654  -0.1424   0.5329   1.0000
   4.500   1.1076   0.01395   0.00675  -0.1416   0.5185   1.0000
   4.750   1.1295   0.01420   0.00696  -0.1404   0.5022   1.0000
   5.000   1.1515   0.01451   0.00714  -0.1393   0.4880   1.0000
   5.250   1.1734   0.01485   0.00739  -0.1383   0.4737   1.0000
   5.500   1.1952   0.01521   0.00765  -0.1372   0.4602   1.0000
   5.750   1.2167   0.01555   0.00794  -0.1361   0.4466   1.0000
   6.000   1.2379   0.01590   0.00823  -0.1349   0.4335   1.0000
   6.250   1.2587   0.01624   0.00853  -0.1337   0.4209   1.0000
   6.500   1.2791   0.01655   0.00883  -0.1324   0.4080   1.0000
   6.750   1.2988   0.01688   0.00912  -0.1309   0.3955   1.0000
   7.250   1.3048   0.01821   0.01012  -0.1221   0.3104   1.0000
   7.500   1.3162   0.01889   0.01055  -0.1195   0.2803   1.0000
   7.750   1.3295   0.01959   0.01107  -0.1173   0.2522   1.0000
   8.000   1.3411   0.02041   0.01169  -0.1148   0.2281   1.0000
   8.250   1.3538   0.02122   0.01233  -0.1127   0.2051   1.0000
   8.500   1.3633   0.02223   0.01310  -0.1102   0.1804   1.0000
   8.750   1.3750   0.02315   0.01386  -0.1080   0.1605   1.0000
   9.000   1.3838   0.02428   0.01475  -0.1055   0.1364   1.0000
   9.250   1.3940   0.02533   0.01566  -0.1033   0.1186   1.0000
   9.500   1.4039   0.02643   0.01662  -0.1011   0.0989   1.0000
   9.750   1.4071   0.02802   0.01796  -0.0983   0.0743   1.0000
  10.000   1.4110   0.02962   0.01939  -0.0956   0.0585   1.0000
  10.250   1.4179   0.03103   0.02073  -0.0934   0.0438   1.0000
  10.500   1.4254   0.03243   0.02211  -0.0913   0.0361   1.0000
  10.750   1.4390   0.03338   0.02321  -0.0900   0.0367   1.0000
  11.000   1.4388   0.03548   0.02528  -0.0875   0.0207   1.0000
  11.250   1.4447   0.03715   0.02691  -0.0856   0.0192   1.0000
  11.500   1.4506   0.03887   0.02863  -0.0839   0.0186   1.0000
  11.750   1.4551   0.04077   0.03055  -0.0822   0.0175   1.0000
  12.000   1.4616   0.04253   0.03243  -0.0809   0.0167   1.0000
  12.250   1.4674   0.04442   0.03445  -0.0796   0.0163   1.0000
  12.500   1.4721   0.04648   0.03664  -0.0783   0.0161   1.0000
  12.750   1.4762   0.04866   0.03897  -0.0772   0.0160   1.0000
  13.000   1.4799   0.05095   0.04141  -0.0762   0.0160   1.0000
  13.250   1.4831   0.05337   0.04401  -0.0753   0.0159   1.0000
  13.500   1.4853   0.05596   0.04677  -0.0746   0.0160   1.0000
  13.750   1.4867   0.05874   0.04973  -0.0740   0.0161   1.0000
  14.000   1.4872   0.06171   0.05288  -0.0735   0.0162   1.0000
  14.250   1.4864   0.06490   0.05626  -0.0732   0.0163   1.0000
  14.500   1.4845   0.06832   0.05986  -0.0731   0.0164   1.0000
  14.750   1.4786   0.07242   0.06421  -0.0731   0.0166   1.0000
  15.000   1.4723   0.07667   0.06864  -0.0734   0.0168   1.0000
  15.250   1.4654   0.08109   0.07323  -0.0739   0.0170   1.0000
  15.500   1.4576   0.08575   0.07805  -0.0747   0.0172   1.0000
  15.750   1.4488   0.09063   0.08309  -0.0757   0.0174   1.0000
  16.000   1.4397   0.09568   0.08830  -0.0769   0.0176   1.0000
  16.250   1.4303   0.10081   0.09359  -0.0783   0.0178   1.0000
  16.500   1.4210   0.10597   0.09889  -0.0798   0.0181   1.0000
  16.750   1.4127   0.11101   0.10407  -0.0815   0.0183   1.0000
  17.000   1.4057   0.11583   0.10901  -0.0831   0.0185   1.0000
  17.250   1.4004   0.12031   0.11359  -0.0846   0.0188   1.0000
  17.500   1.3973   0.12430   0.11768  -0.0859   0.0192   1.0000
  17.750   1.3968   0.12768   0.12113  -0.0867   0.0195   1.0000
  18.500   1.4086   0.13571   0.12939  -0.0886   0.0209   1.0000
  18.750   1.1203   0.15456   0.14921  -0.0772   0.0190   1.0000
  19.000   1.4237   0.13948   0.13355  -0.0878   0.0240   1.0000
  19.250   1.4163   0.14426   0.13868  -0.0891   0.0259   1.0000
  19.500   1.4003   0.15138   0.14609  -0.0933   0.0271   1.0000
