  
       XFOIL         Version 6.99
  
 Calculated polar for: Airfoil_rR0.629720.txt                          
  
 1 1 Reynolds number fixed          Mach number fixed         
  
 xtrf =   1.000 (top)        1.000 (bottom)  
 Mach =   0.000     Re =     0.150 e 6     Ncrit =   9.000
  
   alpha    CL        CD       CDp       CM     Top_Xtr  Bot_Xtr
  ------ -------- --------- --------- -------- -------- --------
 -12.250  -0.3053   0.14700   0.14223  -0.0331   1.0000   0.0492
 -11.750  -0.3233   0.14297   0.13825  -0.0373   1.0000   0.0501
 -10.250  -0.2925   0.12025   0.11572  -0.0351   1.0000   0.0548
  -9.000  -0.3519   0.10431   0.09990  -0.0381   1.0000   0.0599
  -8.250  -0.3955   0.09708   0.09292  -0.0342   1.0000   0.0604
  -6.500  -0.4362   0.06352   0.05945  -0.0396   0.9970   0.0357
  -6.250  -0.4052   0.02825   0.02128  -0.0647   0.9954   0.0286
  -6.000  -0.3646   0.02385   0.01614  -0.0681   0.9932   0.0327
  -5.750  -0.3208   0.02327   0.01541  -0.0718   0.9890   0.0526
  -5.500  -0.2820   0.02369   0.01575  -0.0749   0.9827   0.0630
  -5.250  -0.2432   0.02359   0.01545  -0.0779   0.9775   0.0693
  -5.000  -0.2050   0.02367   0.01564  -0.0810   0.9717   0.0774
  -4.750  -0.1688   0.02440   0.01630  -0.0837   0.9642   0.0902
  -4.500  -0.1274   0.02301   0.01484  -0.0871   0.9607   0.0924
  -4.000  -0.0497   0.02098   0.01257  -0.0921   0.9505   0.0960
  -3.750  -0.0150   0.02021   0.01166  -0.0936   0.9436   0.0996
  -3.250   0.0609   0.01872   0.01031  -0.0983   0.9329   0.1142
  -3.000   0.1000   0.01802   0.00966  -0.1008   0.9280   0.1299
  -2.750   0.1373   0.01735   0.00916  -0.1030   0.9222   0.1508
  -2.500   0.1735   0.01679   0.00877  -0.1050   0.9158   0.1810
  -2.250   0.2138   0.01622   0.00844  -0.1079   0.9114   0.2254
  -2.000   0.2458   0.01578   0.00821  -0.1090   0.9038   0.2742
  -1.750   0.2827   0.01517   0.00788  -0.1110   0.8988   0.3360
  -1.500   0.3153   0.01456   0.00760  -0.1121   0.8917   0.4157
  -1.250   0.3433   0.01372   0.00748  -0.1121   0.8838   0.5890
  -1.000   0.3793   0.01256   0.00721  -0.1120   0.8800   0.9889
  -0.750   0.4106   0.01243   0.00693  -0.1126   0.8708   1.0000
  -0.500   0.4411   0.01231   0.00668  -0.1131   0.8613   1.0000
  -0.250   0.4710   0.01220   0.00646  -0.1134   0.8513   1.0000
   0.000   0.5004   0.01212   0.00627  -0.1136   0.8411   1.0000
   0.250   0.5294   0.01206   0.00611  -0.1138   0.8305   1.0000
   0.500   0.5566   0.01204   0.00602  -0.1136   0.8186   1.0000
   0.750   0.5830   0.01206   0.00602  -0.1133   0.8059   1.0000
   1.000   0.6109   0.01203   0.00589  -0.1132   0.7939   1.0000
   1.250   0.6395   0.01201   0.00575  -0.1132   0.7821   1.0000
   1.500   0.6682   0.01202   0.00563  -0.1133   0.7699   1.0000
   1.750   0.6941   0.01213   0.00565  -0.1129   0.7552   1.0000
   2.000   0.7212   0.01223   0.00564  -0.1127   0.7414   1.0000
   2.250   0.7471   0.01236   0.00567  -0.1122   0.7263   1.0000
   2.500   0.7732   0.01247   0.00568  -0.1118   0.7112   1.0000
   2.750   0.7981   0.01256   0.00568  -0.1112   0.6937   1.0000
   3.000   0.8236   0.01266   0.00562  -0.1105   0.6754   1.0000
   3.250   0.8482   0.01280   0.00562  -0.1098   0.6553   1.0000
   3.500   0.8723   0.01297   0.00566  -0.1089   0.6350   1.0000
   3.750   0.8963   0.01314   0.00574  -0.1082   0.6156   1.0000
   4.000   0.9201   0.01331   0.00582  -0.1074   0.5966   1.0000
   4.250   0.9446   0.01351   0.00587  -0.1067   0.5795   1.0000
   4.500   0.9683   0.01377   0.00601  -0.1060   0.5609   1.0000
   4.750   0.9917   0.01404   0.00620  -0.1052   0.5425   1.0000
   5.000   1.0152   0.01431   0.00641  -0.1045   0.5250   1.0000
   5.250   1.0390   0.01456   0.00662  -0.1038   0.5092   1.0000
   5.500   1.0626   0.01480   0.00684  -0.1032   0.4936   1.0000
   6.000   1.1088   0.01543   0.00732  -0.1016   0.4637   1.0000
   6.250   1.1299   0.01578   0.00758  -0.1005   0.4424   1.0000
   6.500   1.1468   0.01610   0.00778  -0.0986   0.3970   1.0000
   6.750   1.1583   0.01690   0.00808  -0.0959   0.3497   1.0000
   7.000   1.1771   0.01743   0.00849  -0.0946   0.2990   1.0000
   7.250   1.1909   0.01827   0.00896  -0.0925   0.2488   1.0000
   7.500   1.2027   0.01933   0.00964  -0.0903   0.1974   1.0000
   8.000   1.2253   0.02163   0.01126  -0.0859   0.1237   1.0000
   8.750   1.2041   0.02897   0.01913  -0.0695   0.0294   1.0000
   9.000   1.2008   0.03122   0.02154  -0.0655   0.0285   1.0000
   9.250   1.1992   0.03355   0.02396  -0.0619   0.0282   1.0000
   9.750   1.2136   0.03819   0.02868  -0.0565   0.0281   1.0000
  10.250   1.2840   0.04458   0.03517  -0.0564   0.0294   1.0000
  10.750   1.3287   0.05045   0.04162  -0.0542   0.0319   1.0000
  11.000   1.3270   0.05494   0.04681  -0.0502   0.0348   1.0000
