  
       XFOIL         Version 6.99
  
 Calculated polar for: Airfoil_rR0.975253.txt                          
  
 1 1 Reynolds number fixed          Mach number fixed         
  
 xtrf =   1.000 (top)        1.000 (bottom)  
 Mach =   0.000     Re =     0.200 e 6     Ncrit =   9.000
  
   alpha    CL        CD       CDp       CM     Top_Xtr  Bot_Xtr
  ------ -------- --------- --------- -------- -------- --------
 -13.500  -0.3361   0.16484   0.16060  -0.0256   1.0000   0.0298
  -9.250  -0.3441   0.10761   0.10365  -0.0380   1.0000   0.0500
  -8.250  -0.3212   0.09541   0.09181  -0.0324   1.0000   0.0520
  -7.500  -0.3519   0.08964   0.08624  -0.0249   1.0000   0.0535
  -7.000  -0.4082   0.08546   0.08206  -0.0210   1.0000   0.0537
  -6.000  -0.3043   0.03371   0.02837  -0.0749   0.9766   0.0297
  -5.750  -0.2728   0.02370   0.01698  -0.0786   0.9738   0.0254
  -5.500  -0.2342   0.01940   0.01194  -0.0805   0.9719   0.0242
  -5.250  -0.1941   0.01755   0.00983  -0.0827   0.9691   0.0270
  -5.000  -0.1575   0.01628   0.00839  -0.0843   0.9638   0.0438
  -4.500  -0.0833   0.01635   0.00847  -0.0890   0.9536   0.0641
  -4.250  -0.0425   0.01609   0.00818  -0.0921   0.9504   0.0714
  -4.000  -0.0094   0.01626   0.00842  -0.0940   0.9435   0.0848
  -3.750   0.0316   0.01566   0.00781  -0.0970   0.9408   0.0922
  -3.500   0.0642   0.01517   0.00736  -0.0983   0.9346   0.0993
  -3.250   0.1019   0.01459   0.00683  -0.1006   0.9311   0.1109
  -3.000   0.1327   0.01408   0.00643  -0.1015   0.9242   0.1250
  -2.750   0.1687   0.01349   0.00597  -0.1035   0.9203   0.1458
  -2.500   0.1976   0.01309   0.00570  -0.1039   0.9124   0.1736
  -2.250   0.2270   0.01272   0.00548  -0.1045   0.9049   0.2099
  -2.000   0.2578   0.01232   0.00525  -0.1053   0.8982   0.2554
  -1.750   0.2877   0.01189   0.00502  -0.1059   0.8910   0.3091
  -1.500   0.3151   0.01143   0.00485  -0.1060   0.8820   0.3807
  -1.250   0.3407   0.01081   0.00473  -0.1057   0.8728   0.5137
  -1.000   0.3596   0.00998   0.00473  -0.1034   0.8632   0.7608
  -0.750   0.4024   0.00952   0.00454  -0.1059   0.8548   1.0000
  -0.500   0.4291   0.00950   0.00440  -0.1057   0.8437   1.0000
  -0.250   0.4558   0.00950   0.00428  -0.1055   0.8323   1.0000
   0.000   0.4824   0.00950   0.00418  -0.1053   0.8208   1.0000
   0.250   0.5082   0.00953   0.00412  -0.1049   0.8079   1.0000
   0.500   0.5343   0.00955   0.00406  -0.1047   0.7948   1.0000
   0.750   0.5612   0.00957   0.00397  -0.1045   0.7827   1.0000
   1.000   0.5882   0.00963   0.00394  -0.1043   0.7700   1.0000
   1.250   0.6140   0.00974   0.00395  -0.1040   0.7551   1.0000
   1.500   0.6402   0.00985   0.00393  -0.1037   0.7406   1.0000
   1.750   0.6654   0.00997   0.00396  -0.1033   0.7235   1.0000
   2.000   0.6903   0.01006   0.00394  -0.1028   0.7040   1.0000
   2.250   0.7152   0.01015   0.00386  -0.1021   0.6833   1.0000
   2.500   0.7396   0.01031   0.00383  -0.1014   0.6604   1.0000
   2.750   0.7636   0.01049   0.00387  -0.1007   0.6362   1.0000
   3.000   0.7877   0.01066   0.00392  -0.1000   0.6128   1.0000
   3.250   0.8119   0.01084   0.00396  -0.0994   0.5910   1.0000
   3.500   0.8366   0.01106   0.00406  -0.0989   0.5735   1.0000
   3.750   0.8611   0.01131   0.00419  -0.0985   0.5564   1.0000
   4.000   0.8857   0.01157   0.00435  -0.0980   0.5395   1.0000
   4.250   0.9103   0.01179   0.00452  -0.0976   0.5222   1.0000
   4.500   0.9350   0.01199   0.00468  -0.0972   0.5035   1.0000
   4.750   0.9590   0.01225   0.00483  -0.0966   0.4872   1.0000
   5.000   0.9828   0.01254   0.00502  -0.0961   0.4717   1.0000
   5.250   1.0066   0.01284   0.00525  -0.0955   0.4546   1.0000
   5.500   1.0302   0.01314   0.00550  -0.0949   0.4367   1.0000
   5.750   1.0532   0.01340   0.00572  -0.0942   0.4029   1.0000
   6.000   1.0676   0.01422   0.00602  -0.0921   0.3497   1.0000
   6.250   1.0805   0.01529   0.00650  -0.0900   0.2445   1.0000
   6.500   1.0922   0.01665   0.00729  -0.0879   0.1674   1.0000
   6.750   1.1071   0.01776   0.00805  -0.0862   0.1191   1.0000
   7.000   1.1242   0.01862   0.00868  -0.0849   0.0848   1.0000
   7.250   1.1416   0.01943   0.00929  -0.0835   0.0667   1.0000
   7.500   1.1608   0.02004   0.00979  -0.0824   0.0572   1.0000
   7.750   1.1794   0.02067   0.01022  -0.0812   0.0461   1.0000
