  
       XFOIL         Version 6.99
  
 Calculated polar for: Airfoil_rR0.970200.txt                          
  
 1 1 Reynolds number fixed          Mach number fixed         
  
 xtrf =   1.000 (top)        1.000 (bottom)  
 Mach =   0.000     Re =     0.200 e 6     Ncrit =   9.000
  
   alpha    CL        CD       CDp       CM     Top_Xtr  Bot_Xtr
  ------ -------- --------- --------- -------- -------- --------
 -16.500  -0.3502   0.19087   0.18666  -0.0160   1.0000   0.0128
  -9.000  -0.3550   0.10539   0.10151  -0.0394   1.0000   0.0502
  -8.000  -0.3555   0.09212   0.08844  -0.0316   1.0000   0.0520
  -7.750  -0.3379   0.09133   0.08785  -0.0277   1.0000   0.0530
  -6.750  -0.3503   0.07836   0.07505  -0.0327   0.9916   0.0570
  -5.750  -0.2729   0.02400   0.01734  -0.0786   0.9738   0.0256
  -5.500  -0.2344   0.01950   0.01205  -0.0804   0.9720   0.0242
  -5.250  -0.1936   0.01758   0.00986  -0.0829   0.9695   0.0268
  -5.000  -0.1577   0.01630   0.00838  -0.0843   0.9640   0.0429
  -4.750  -0.1162   0.01649   0.00862  -0.0874   0.9604   0.0577
  -4.500  -0.0834   0.01634   0.00846  -0.0889   0.9538   0.0640
  -4.250  -0.0428   0.01609   0.00817  -0.0920   0.9505   0.0710
  -4.000  -0.0096   0.01624   0.00840  -0.0939   0.9437   0.0846
  -3.750   0.0314   0.01567   0.00782  -0.0970   0.9409   0.0922
  -3.500   0.0642   0.01517   0.00736  -0.0983   0.9348   0.0993
  -3.250   0.1018   0.01459   0.00683  -0.1006   0.9312   0.1109
  -3.000   0.1328   0.01408   0.00643  -0.1015   0.9244   0.1250
  -2.750   0.1686   0.01349   0.00597  -0.1034   0.9204   0.1458
  -2.500   0.1976   0.01309   0.00570  -0.1039   0.9125   0.1735
  -2.250   0.2271   0.01272   0.00548  -0.1045   0.9051   0.2099
  -2.000   0.2581   0.01231   0.00525  -0.1053   0.8986   0.2556
  -1.750   0.2876   0.01189   0.00502  -0.1059   0.8911   0.3092
  -1.500   0.3151   0.01143   0.00485  -0.1060   0.8822   0.3810
  -1.250   0.3407   0.01081   0.00473  -0.1057   0.8730   0.5146
  -1.000   0.3596   0.00997   0.00473  -0.1034   0.8634   0.7626
  -0.750   0.4023   0.00952   0.00453  -0.1059   0.8550   1.0000
  -0.250   0.4557   0.00950   0.00428  -0.1055   0.8324   1.0000
   0.000   0.4823   0.00950   0.00418  -0.1053   0.8209   1.0000
   0.250   0.5083   0.00953   0.00412  -0.1050   0.8083   1.0000
   0.500   0.5343   0.00955   0.00406  -0.1047   0.7951   1.0000
   0.750   0.5612   0.00957   0.00397  -0.1045   0.7829   1.0000
   1.000   0.5881   0.00963   0.00394  -0.1043   0.7702   1.0000
   1.250   0.6140   0.00974   0.00395  -0.1040   0.7553   1.0000
   1.500   0.6401   0.00985   0.00393  -0.1038   0.7407   1.0000
   1.750   0.6654   0.00997   0.00395  -0.1033   0.7238   1.0000
   2.000   0.6903   0.01006   0.00394  -0.1028   0.7043   1.0000
   2.250   0.7152   0.01014   0.00386  -0.1021   0.6834   1.0000
   2.500   0.7395   0.01031   0.00383  -0.1014   0.6604   1.0000
   2.750   0.7635   0.01049   0.00387  -0.1007   0.6361   1.0000
   3.000   0.7877   0.01066   0.00392  -0.1000   0.6127   1.0000
   3.250   0.8119   0.01083   0.00396  -0.0994   0.5910   1.0000
   3.500   0.8365   0.01106   0.00405  -0.0989   0.5734   1.0000
   3.750   0.8611   0.01131   0.00419  -0.0985   0.5564   1.0000
   4.000   0.8857   0.01157   0.00434  -0.0980   0.5394   1.0000
   4.250   0.9103   0.01179   0.00451  -0.0976   0.5221   1.0000
   4.500   0.9350   0.01199   0.00468  -0.0972   0.5035   1.0000
   4.750   0.9590   0.01225   0.00482  -0.0966   0.4871   1.0000
   5.000   0.9828   0.01254   0.00502  -0.0961   0.4715   1.0000
   5.250   1.0066   0.01284   0.00525  -0.0955   0.4545   1.0000
   5.500   1.0302   0.01314   0.00550  -0.0949   0.4365   1.0000
   6.000   1.0676   0.01422   0.00602  -0.0921   0.3484   1.0000
   6.250   1.0801   0.01533   0.00651  -0.0900   0.2428   1.0000
   6.500   1.0922   0.01667   0.00730  -0.0879   0.1658   1.0000
   6.750   1.1071   0.01777   0.00805  -0.0863   0.1182   1.0000
   7.000   1.1242   0.01863   0.00868  -0.0849   0.0840   1.0000
   7.250   1.1416   0.01944   0.00929  -0.0835   0.0664   1.0000
   7.500   1.1610   0.02004   0.00979  -0.0824   0.0569   1.0000
   7.750   1.1514   0.01580   0.00562  -0.0767   0.0466   1.0000
   8.000   1.1986   0.02126   0.01067  -0.0801   0.0376   1.0000
