  
       XFOIL         Version 6.99
  
 Calculated polar for: Airfoil_rR0.896627.txt                          
  
 1 1 Reynolds number fixed          Mach number fixed         
  
 xtrf =   1.000 (top)        1.000 (bottom)  
 Mach =   0.000     Re =     0.250 e 6     Ncrit =   9.000
  
   alpha    CL        CD       CDp       CM     Top_Xtr  Bot_Xtr
  ------ -------- --------- --------- -------- -------- --------
  -8.500  -0.3310   0.09617   0.09273  -0.0331   1.0000   0.0445
  -6.000  -0.2557   0.02503   0.01928  -0.0863   0.9701   0.0256
  -5.750  -0.2252   0.01851   0.01152  -0.0865   0.9657   0.0211
  -5.500  -0.1884   0.01636   0.00908  -0.0883   0.9628   0.0208
  -5.250  -0.1481   0.01494   0.00749  -0.0907   0.9606   0.0250
  -5.000  -0.1147   0.01434   0.00675  -0.0917   0.9549   0.0414
  -4.750  -0.0762   0.01424   0.00680  -0.0944   0.9517   0.0525
  -4.500  -0.0399   0.01419   0.00672  -0.0965   0.9475   0.0592
  -4.250  -0.0051   0.01383   0.00639  -0.0984   0.9430   0.0645
  -4.000   0.0322   0.01379   0.00640  -0.1009   0.9403   0.0767
  -3.750   0.0611   0.01344   0.00608  -0.1015   0.9335   0.0839
  -3.500   0.0960   0.01289   0.00555  -0.1031   0.9301   0.0920
  -3.250   0.1240   0.01249   0.00522  -0.1034   0.9225   0.1020
  -3.000   0.1533   0.01212   0.00490  -0.1039   0.9157   0.1157
  -2.750   0.1842   0.01167   0.00453  -0.1047   0.9103   0.1338
  -2.500   0.2109   0.01134   0.00431  -0.1047   0.9016   0.1591
  -2.250   0.2387   0.01101   0.00411  -0.1049   0.8936   0.1914
  -1.750   0.2941   0.01044   0.00379  -0.1052   0.8762   0.2720
  -1.500   0.3209   0.01014   0.00367  -0.1052   0.8665   0.3255
  -1.250   0.3469   0.00978   0.00359  -0.1051   0.8565   0.4088
  -1.000   0.3706   0.00918   0.00358  -0.1046   0.8460   0.5782
  -0.750   0.3881   0.00850   0.00362  -0.1020   0.8351   0.8063
  -0.500   0.4302   0.00820   0.00347  -0.1047   0.8245   1.0000
   0.250   0.5089   0.00828   0.00323  -0.1040   0.7866   1.0000
   0.500   0.5352   0.00834   0.00317  -0.1038   0.7727   1.0000
   0.750   0.5613   0.00844   0.00315  -0.1035   0.7578   1.0000
   1.000   0.5871   0.00855   0.00317  -0.1032   0.7418   1.0000
   1.250   0.6126   0.00865   0.00317  -0.1029   0.7244   1.0000
   1.500   0.6379   0.00875   0.00317  -0.1025   0.7055   1.0000
   1.750   0.6629   0.00887   0.00312  -0.1020   0.6855   1.0000
   2.000   0.6875   0.00904   0.00312  -0.1014   0.6626   1.0000
   2.250   0.7117   0.00924   0.00315  -0.1008   0.6377   1.0000
   2.500   0.7361   0.00941   0.00319  -0.1003   0.6128   1.0000
   2.750   0.7605   0.00960   0.00322  -0.0997   0.5893   1.0000
   3.000   0.7852   0.00983   0.00330  -0.0993   0.5709   1.0000
   3.250   0.8100   0.01007   0.00342  -0.0989   0.5531   1.0000
   3.500   0.8348   0.01030   0.00356  -0.0985   0.5353   1.0000
   3.750   0.8598   0.01051   0.00369  -0.0982   0.5172   1.0000
   4.000   0.8848   0.01069   0.00382  -0.0979   0.4971   1.0000
   4.250   0.9088   0.01097   0.00395  -0.0974   0.4806   1.0000
   4.500   0.9331   0.01125   0.00413  -0.0969   0.4641   1.0000
   4.750   0.9574   0.01153   0.00433  -0.0965   0.4483   1.0000
   5.000   0.9816   0.01180   0.00454  -0.0960   0.4300   1.0000
   5.250   1.0066   0.01200   0.00472  -0.0957   0.4018   1.0000
   5.750   1.0445   0.01327   0.00535  -0.0932   0.3093   1.0000
   6.000   1.0527   0.01495   0.00613  -0.0905   0.1762   1.0000
   6.250   1.0680   0.01609   0.00687  -0.0889   0.1168   1.0000
   6.500   1.0862   0.01692   0.00745  -0.0877   0.0783   1.0000
   6.750   1.1050   0.01766   0.00801  -0.0865   0.0629   1.0000
   7.000   1.1266   0.01813   0.00843  -0.0857   0.0535   1.0000
   7.250   1.1464   0.01871   0.00886  -0.0847   0.0462   1.0000
   7.500   1.1665   0.01926   0.00927  -0.0838   0.0399   1.0000
   8.000   1.1796   0.01528   0.00542  -0.0772   0.0238   1.0000
