  
       XFOIL         Version 6.99
  
 Calculated polar for: Airfoil_rR0.975253.txt                          
  
 1 1 Reynolds number fixed          Mach number fixed         
  
 xtrf =   1.000 (top)        1.000 (bottom)  
 Mach =   0.000     Re =     0.150 e 6     Ncrit =   9.000
  
   alpha    CL        CD       CDp       CM     Top_Xtr  Bot_Xtr
  ------ -------- --------- --------- -------- -------- --------
 -12.500  -0.3837   0.15029   0.14528  -0.0211   1.0000   0.0419
 -10.000  -0.2956   0.11890   0.11435  -0.0332   1.0000   0.0575
  -9.250  -0.3445   0.10994   0.10539  -0.0373   1.0000   0.0600
  -9.000  -0.3210   0.10717   0.10285  -0.0378   1.0000   0.0606
  -8.250  -0.3115   0.09726   0.09309  -0.0325   1.0000   0.0629
  -8.000  -0.3173   0.09489   0.09079  -0.0308   1.0000   0.0637
  -7.750  -0.3531   0.09174   0.08756  -0.0298   1.0000   0.0636
  -7.500  -0.3397   0.09096   0.08701  -0.0263   1.0000   0.0653
  -7.250  -0.3831   0.08874   0.08473  -0.0239   1.0000   0.0648
  -6.250  -0.4172   0.07487   0.07096  -0.0340   0.9992   0.0708
  -5.750  -0.3480   0.04369   0.03855  -0.0603   0.9897   0.0408
  -5.500  -0.3125   0.02952   0.02266  -0.0661   0.9873   0.0300
  -4.750  -0.1886   0.01933   0.01100  -0.0745   0.9796   0.0558
  -4.500  -0.1501   0.01955   0.01106  -0.0772   0.9723   0.0691
  -4.250  -0.1124   0.01936   0.01090  -0.0800   0.9659   0.0766
  -4.000  -0.0710   0.01981   0.01138  -0.0838   0.9603   0.0933
  -3.750  -0.0362   0.01947   0.01100  -0.0858   0.9528   0.1019
  -3.500   0.0022   0.01881   0.01032  -0.0883   0.9474   0.1084
  -3.250   0.0407   0.01810   0.00967  -0.0908   0.9420   0.1175
  -3.000   0.0769   0.01745   0.00908  -0.0928   0.9358   0.1311
  -2.750   0.1176   0.01679   0.00858  -0.0958   0.9313   0.1508
  -2.500   0.1525   0.01628   0.00823  -0.0977   0.9243   0.1775
  -2.250   0.1942   0.01570   0.00788  -0.1008   0.9204   0.2219
  -2.000   0.2256   0.01526   0.00766  -0.1019   0.9124   0.2714
  -1.750   0.2574   0.01475   0.00743  -0.1031   0.9048   0.3324
  -1.500   0.2919   0.01401   0.00713  -0.1046   0.8992   0.4316
  -1.250   0.3163   0.01292   0.00704  -0.1036   0.8915   0.6980
  -1.000   0.3571   0.01223   0.00679  -0.1052   0.8846   1.0000
  -0.750   0.3883   0.01211   0.00652  -0.1059   0.8761   1.0000
  -0.500   0.4185   0.01199   0.00628  -0.1063   0.8669   1.0000
  -0.250   0.4474   0.01189   0.00608  -0.1064   0.8566   1.0000
   0.000   0.4754   0.01183   0.00593  -0.1064   0.8457   1.0000
   0.250   0.5029   0.01180   0.00580  -0.1063   0.8345   1.0000
   0.500   0.5302   0.01177   0.00570  -0.1061   0.8230   1.0000
   0.750   0.5574   0.01175   0.00560  -0.1059   0.8114   1.0000
   1.000   0.5839   0.01175   0.00556  -0.1057   0.7989   1.0000
   1.250   0.6110   0.01175   0.00546  -0.1054   0.7866   1.0000
   1.500   0.6379   0.01178   0.00539  -0.1052   0.7736   1.0000
   1.750   0.6652   0.01184   0.00533  -0.1050   0.7607   1.0000
   2.000   0.6910   0.01197   0.00537  -0.1046   0.7462   1.0000
   2.250   0.7172   0.01209   0.00538  -0.1043   0.7316   1.0000
   2.500   0.7422   0.01219   0.00540  -0.1037   0.7144   1.0000
   2.750   0.7669   0.01224   0.00533  -0.1029   0.6950   1.0000
   3.000   0.7917   0.01230   0.00523  -0.1021   0.6745   1.0000
   3.250   0.8160   0.01244   0.00521  -0.1012   0.6525   1.0000
   3.500   0.8400   0.01260   0.00524  -0.1004   0.6313   1.0000
   3.750   0.8639   0.01276   0.00530  -0.0997   0.6101   1.0000
   4.000   0.8878   0.01292   0.00534  -0.0989   0.5898   1.0000
   4.250   0.9119   0.01316   0.00546  -0.0983   0.5713   1.0000
   4.500   0.9360   0.01342   0.00564  -0.0977   0.5536   1.0000
   4.750   0.9602   0.01369   0.00584  -0.0971   0.5370   1.0000
   5.000   0.9843   0.01395   0.00605  -0.0965   0.5208   1.0000
   5.250   1.0083   0.01417   0.00628  -0.0960   0.5035   1.0000
   5.500   1.0317   0.01443   0.00645  -0.0952   0.4869   1.0000
   5.750   1.0548   0.01476   0.00667  -0.0945   0.4699   1.0000
   6.000   1.0770   0.01510   0.00694  -0.0936   0.4496   1.0000
   6.250   1.0952   0.01544   0.00715  -0.0920   0.3975   1.0000
   6.500   1.1069   0.01634   0.00747  -0.0894   0.3374   1.0000
   6.750   1.1214   0.01722   0.00793  -0.0875   0.2596   1.0000
   7.000   1.1324   0.01853   0.00869  -0.0853   0.1857   1.0000
   7.250   1.1446   0.01981   0.00955  -0.0833   0.1320   1.0000
   7.500   1.1609   0.02071   0.01026  -0.0818   0.0992   1.0000
   7.750   1.1758   0.02168   0.01095  -0.0801   0.0770   1.0000
   8.000   1.1909   0.02258   0.01160  -0.0785   0.0623   1.0000
   8.250   1.2074   0.02334   0.01223  -0.0770   0.0472   1.0000
