  
       XFOIL         Version 6.99
  
 Calculated polar for: Airfoil_rR0.683107.txt                          
  
 1 1 Reynolds number fixed          Mach number fixed         
  
 xtrf =   1.000 (top)        1.000 (bottom)  
 Mach =   0.000     Re =     0.100 e 6     Ncrit =   9.000
  
   alpha    CL        CD       CDp       CM     Top_Xtr  Bot_Xtr
  ------ -------- --------- --------- -------- -------- --------
 -14.250  -0.4244   0.17359   0.16734  -0.0128   1.0000   0.0538
 -14.000  -0.4163   0.17050   0.16427  -0.0140   1.0000   0.0554
 -13.750  -0.4090   0.16750   0.16130  -0.0155   1.0000   0.0572
 -10.750  -0.3002   0.13026   0.12465  -0.0327   1.0000   0.0729
 -10.500  -0.2964   0.12697   0.12140  -0.0329   1.0000   0.0747
  -9.500  -0.3480   0.11516   0.10962  -0.0373   1.0000   0.0801
  -8.750  -0.2985   0.10510   0.09991  -0.0338   1.0000   0.0866
  -8.500  -0.3291   0.10086   0.09554  -0.0334   1.0000   0.0867
  -8.000  -0.3705   0.09837   0.09329  -0.0329   1.0000   0.0899
  -7.750  -0.3428   0.09557   0.09074  -0.0299   1.0000   0.0914
  -7.500  -0.3875   0.09300   0.08811  -0.0287   1.0000   0.0911
  -7.250  -0.3898   0.09026   0.08543  -0.0263   1.0000   0.0920
  -6.750  -0.4041   0.08514   0.08045  -0.0240   1.0000   0.0936
  -6.000  -0.4147   0.06145   0.05621  -0.0432   1.0000   0.0601
  -5.750  -0.4074   0.05364   0.04830  -0.0442   1.0000   0.0483
  -5.500  -0.3761   0.03542   0.02819  -0.0542   1.0000   0.0398
  -5.250  -0.3427   0.02855   0.02018  -0.0569   1.0000   0.0412
  -5.000  -0.3284   0.02291   0.01481  -0.0538   1.0000   0.0449
  -4.750  -0.2904   0.02545   0.01657  -0.0573   1.0000   0.0729
  -4.500  -0.2708   0.02574   0.01685  -0.0569   1.0000   0.0840
  -4.250  -0.2385   0.02594   0.01704  -0.0591   0.9963   0.0950
  -4.000  -0.1961   0.02735   0.01860  -0.0638   0.9891   0.1189
  -3.750  -0.1540   0.02590   0.01682  -0.0672   0.9832   0.1216
  -3.500  -0.1117   0.02494   0.01574  -0.0707   0.9773   0.1265
  -3.250  -0.0681   0.02401   0.01468  -0.0742   0.9712   0.1337
  -3.000  -0.0274   0.02326   0.01393  -0.0773   0.9633   0.1440
  -2.750   0.0143   0.02263   0.01329  -0.0804   0.9554   0.1604
  -2.500   0.0563   0.02210   0.01296  -0.0839   0.9479   0.1849
  -2.250   0.0988   0.02163   0.01264  -0.0872   0.9405   0.2203
  -2.000   0.1357   0.02108   0.01234  -0.0895   0.9318   0.2616
  -1.750   0.1721   0.02051   0.01208  -0.0917   0.9232   0.3180
  -1.500   0.2086   0.01984   0.01188  -0.0939   0.9149   0.4096
  -1.250   0.2418   0.01823   0.01183  -0.0940   0.9102   0.7738
  -1.000   0.2850   0.01787   0.01146  -0.0967   0.9009   1.0000
  -0.750   0.3233   0.01782   0.01121  -0.0989   0.8918   1.0000
  -0.500   0.3596   0.01775   0.01099  -0.1007   0.8826   1.0000
  -0.250   0.3950   0.01766   0.01078  -0.1021   0.8733   1.0000
   0.000   0.4292   0.01757   0.01059  -0.1034   0.8640   1.0000
   0.250   0.4625   0.01748   0.01041  -0.1044   0.8545   1.0000
   0.500   0.4948   0.01738   0.01023  -0.1051   0.8447   1.0000
   0.750   0.5262   0.01728   0.01008  -0.1056   0.8345   1.0000
   1.000   0.5567   0.01720   0.00995  -0.1060   0.8239   1.0000
   1.250   0.5865   0.01712   0.00983  -0.1061   0.8131   1.0000
   1.500   0.6157   0.01706   0.00971  -0.1062   0.8022   1.0000
   1.750   0.6458   0.01696   0.00952  -0.1064   0.7917   1.0000
   2.000   0.6758   0.01685   0.00934  -0.1064   0.7809   1.0000
   2.250   0.7043   0.01682   0.00923  -0.1063   0.7689   1.0000
   2.500   0.7305   0.01692   0.00927  -0.1058   0.7553   1.0000
   2.750   0.7582   0.01699   0.00926  -0.1056   0.7428   1.0000
   3.000   0.7863   0.01705   0.00925  -0.1054   0.7307   1.0000
   3.250   0.8111   0.01724   0.00940  -0.1047   0.7161   1.0000
   3.500   0.8378   0.01725   0.00932  -0.1041   0.7013   1.0000
   3.750   0.8637   0.01721   0.00919  -0.1033   0.6846   1.0000
   4.000   0.8898   0.01717   0.00902  -0.1024   0.6668   1.0000
   4.250   0.9150   0.01719   0.00892  -0.1015   0.6482   1.0000
   4.500   0.9399   0.01727   0.00888  -0.1005   0.6298   1.0000
   4.750   0.9630   0.01742   0.00900  -0.0995   0.6114   1.0000
   5.000   0.9863   0.01752   0.00904  -0.0984   0.5929   1.0000
   5.250   1.0102   0.01765   0.00906  -0.0975   0.5747   1.0000
   5.500   1.0338   0.01786   0.00919  -0.0965   0.5565   1.0000
   5.750   1.0572   0.01812   0.00937  -0.0956   0.5393   1.0000
   6.000   1.0793   0.01839   0.00965  -0.0945   0.5217   1.0000
   6.250   1.1009   0.01865   0.00994  -0.0934   0.5039   1.0000
   6.500   1.1235   0.01887   0.01011  -0.0924   0.4874   1.0000
   6.750   1.1432   0.01913   0.01028  -0.0908   0.4639   1.0000
   7.000   1.1563   0.01943   0.01039  -0.0881   0.4205   1.0000
   7.250   1.1657   0.01998   0.01052  -0.0850   0.3638   1.0000
   7.500   1.1797   0.02072   0.01105  -0.0829   0.3188   1.0000
   8.250   1.2099   0.02418   0.01339  -0.0757   0.1494   1.0000
  10.000   1.2718   0.05579   0.04668  -0.0511   0.0464   1.0000
  10.500   1.2920   0.06596   0.05738  -0.0473   0.0509   1.0000
  11.250   1.2148   0.07518   0.06790  -0.0336   0.0541   1.0000
  11.500   1.1537   0.07901   0.07194  -0.0270   0.0528   1.0000
