  
       XFOIL         Version 6.99
  
 Calculated polar for: Airfoil_rR0.469587.txt                          
  
 1 1 Reynolds number fixed          Mach number fixed         
  
 xtrf =   1.000 (top)        1.000 (bottom)  
 Mach =   0.000     Re =     0.050 e 6     Ncrit =   9.000
  
   alpha    CL        CD       CDp       CM     Top_Xtr  Bot_Xtr
  ------ -------- --------- --------- -------- -------- --------
 -20.000  -0.3421   0.22128   0.21300  -0.0219   1.0000   0.0694
 -19.250  -0.5166   0.22863   0.21912  -0.0045   1.0000   0.0681
 -18.000  -0.4761   0.21509   0.20577  -0.0120   1.0000   0.0727
 -16.500  -0.3005   0.19546   0.18731  -0.0300   1.0000   0.0876
 -16.250  -0.3026   0.19512   0.18697  -0.0307   1.0000   0.0892
 -15.750  -0.3028   0.19168   0.18357  -0.0317   1.0000   0.0910
 -15.500  -0.2960   0.18819   0.18010  -0.0314   1.0000   0.0933
 -15.250  -0.2941   0.18606   0.17799  -0.0316   1.0000   0.0959
 -15.000  -0.3901   0.18264   0.17383  -0.0262   1.0000   0.0920
 -14.750  -0.3016   0.18392   0.17586  -0.0331   1.0000   0.0997
 -14.500  -0.2996   0.18077   0.17276  -0.0333   1.0000   0.1009
 -14.250  -0.3762   0.17582   0.16717  -0.0293   1.0000   0.0996
 -14.000  -0.3713   0.17272   0.16415  -0.0301   1.0000   0.1008
 -13.500  -0.3551   0.16577   0.15731  -0.0304   1.0000   0.1080
 -13.250  -0.3591   0.16503   0.15665  -0.0321   1.0000   0.1098
 -13.000  -0.3463   0.15966   0.15135  -0.0315   1.0000   0.1129
 -12.750  -0.3427   0.15685   0.14861  -0.0319   1.0000   0.1179
 -12.000  -0.3016   0.15161   0.14371  -0.0332   1.0000   0.1595
 -11.500  -0.3436   0.14382   0.13569  -0.0324   1.0000   0.1700
 -11.250  -0.2911   0.14275   0.13499  -0.0318   1.0000   0.1828
 -11.000  -0.2898   0.14027   0.13255  -0.0314   1.0000   0.1878
 -10.750  -0.3285   0.13505   0.12708  -0.0312   1.0000   0.1894
 -10.500  -0.2862   0.13477   0.12715  -0.0306   1.0000   0.1953
 -10.250  -0.3188   0.12919   0.12133  -0.0302   1.0000   0.1980
 -10.000  -0.3234   0.12724   0.11947  -0.0302   1.0000   0.2012
  -9.750  -0.3144   0.12403   0.11629  -0.0292   1.0000   0.2063
  -9.500  -0.3313   0.12358   0.11598  -0.0292   1.0000   0.2102
  -8.750  -0.3168   0.11473   0.10730  -0.0259   1.0000   0.2247
  -8.500  -0.3053   0.11639   0.10935  -0.0241   1.0000   0.2309
  -8.250  -0.3223   0.11042   0.10316  -0.0233   1.0000   0.2350
  -8.000  -0.3472   0.11029   0.10318  -0.0216   1.0000   0.2400
  -7.750  -0.3119   0.10952   0.10271  -0.0191   1.0000   0.2483
  -7.500  -0.3148   0.10709   0.10037  -0.0173   1.0000   0.2535
  -7.250  -0.3513   0.10317   0.09630  -0.0156   1.0000   0.2582
  -7.000  -0.3576   0.10107   0.09430  -0.0132   1.0000   0.2634
  -6.750  -0.3825   0.10061   0.09398  -0.0100   1.0000   0.2695
  -6.500  -0.3787   0.09781   0.09124  -0.0077   1.0000   0.2766
  -6.250  -0.3882   0.09584   0.08938  -0.0057   1.0000   0.2834
  -5.250  -0.4129   0.08718   0.08104  -0.0001   1.0000   0.3218
  -5.000  -0.4123   0.08474   0.07867   0.0017   1.0000   0.3337
  -4.750  -0.4175   0.08257   0.07655   0.0014   1.0000   0.3505
  -4.500  -0.4135   0.08046   0.07452   0.0060   1.0000   0.3733
  -3.750  -0.3295   0.06034   0.05365  -0.0350   1.0000   0.2620
  -3.500  -0.2275   0.04404   0.03537  -0.0638   1.0000   0.1781
  -3.250  -0.1947   0.04122   0.03209  -0.0671   1.0000   0.1773
  -3.000  -0.1610   0.03884   0.02913  -0.0702   1.0000   0.1793
  -2.750  -0.1346   0.03755   0.02768  -0.0714   1.0000   0.1838
  -2.500  -0.1056   0.03631   0.02608  -0.0729   1.0000   0.1913
  -2.250  -0.0829   0.03591   0.02570  -0.0734   1.0000   0.2044
  -2.000  -0.0593   0.03555   0.02528  -0.0740   1.0000   0.2227
  -1.750  -0.0343   0.03509   0.02474  -0.0748   1.0000   0.2420
  -1.500  -0.0100   0.03482   0.02450  -0.0754   1.0000   0.2658
  -1.250   0.0136   0.03481   0.02456  -0.0761   1.0000   0.2986
  -1.000   0.0364   0.03492   0.02484  -0.0766   1.0000   0.3378
  -0.750   0.0948   0.03519   0.02537  -0.0830   0.9898   0.4185
  -0.500   0.1468   0.03506   0.02586  -0.0879   0.9759   0.5345
  -0.250   0.1791   0.03413   0.02618  -0.0873   0.9645   0.7566
   0.000   0.2138   0.03416   0.02592  -0.0898   0.9478   1.0000
   0.250   0.2553   0.03509   0.02645  -0.0938   0.9337   1.0000
   0.500   0.2990   0.03603   0.02710  -0.0979   0.9208   1.0000
   0.750   0.3324   0.03689   0.02776  -0.1002   0.9067   1.0000
   1.000   0.3683   0.03774   0.02844  -0.1028   0.8932   1.0000
   1.250   0.4084   0.03854   0.02910  -0.1059   0.8806   1.0000
   1.500   0.4365   0.03940   0.02987  -0.1071   0.8664   1.0000
   1.750   0.4692   0.04022   0.03062  -0.1089   0.8531   1.0000
   2.000   0.5067   0.04094   0.03137  -0.1112   0.8406   1.0000
   2.250   0.5309   0.04184   0.03218  -0.1116   0.8257   1.0000
   2.500   0.5646   0.04249   0.03275  -0.1131   0.8121   1.0000
   2.750   0.5990   0.04306   0.03324  -0.1145   0.7990   1.0000
   3.000   0.6220   0.04400   0.03412  -0.1145   0.7843   1.0000
   3.250   0.6549   0.04461   0.03468  -0.1157   0.7718   1.0000
   3.500   0.6902   0.04509   0.03511  -0.1170   0.7600   1.0000
   3.750   0.7040   0.04649   0.03650  -0.1159   0.7451   1.0000
   4.000   0.7344   0.04707   0.03705  -0.1164   0.7323   1.0000
   4.250   0.7701   0.04727   0.03723  -0.1172   0.7204   1.0000
   4.500   0.7825   0.04880   0.03876  -0.1159   0.7058   1.0000
   4.750   0.8062   0.04976   0.03972  -0.1157   0.6936   1.0000
   5.000   0.8340   0.05045   0.04043  -0.1158   0.6821   1.0000
   5.250   0.8665   0.05068   0.04067  -0.1159   0.6708   1.0000
   5.500   0.8776   0.05238   0.04240  -0.1145   0.6562   1.0000
   5.750   0.9054   0.05270   0.04275  -0.1139   0.6430   1.0000
   6.000   0.9451   0.05187   0.04196  -0.1137   0.6313   1.0000
   6.250   0.9910   0.05035   0.04048  -0.1137   0.6203   1.0000
   6.500   0.9901   0.05287   0.04305  -0.1112   0.6032   1.0000
   6.750   1.0567   0.04907   0.03931  -0.1118   0.5917   1.0000
   7.000   1.1358   0.04480   0.03508  -0.1142   0.5799   1.0000
   7.250   1.1410   0.04650   0.03687  -0.1113   0.5632   1.0000
   7.500   1.2068   0.04366   0.03404  -0.1133   0.5500   1.0000
   7.750   1.2158   0.04502   0.03550  -0.1105   0.5330   1.0000
   8.000   1.2891   0.03330   0.02355  -0.1053   0.4611   1.0000
   8.250   1.3008   0.03348   0.02365  -0.1021   0.4385   1.0000
   8.500   1.3077   0.03405   0.02426  -0.0985   0.4170   1.0000
   8.750   1.3122   0.03473   0.02499  -0.0948   0.3958   1.0000
   9.000   1.3192   0.03522   0.02542  -0.0912   0.3750   1.0000
   9.250   1.3220   0.03610   0.02626  -0.0873   0.3530   1.0000
   9.500   1.3219   0.03724   0.02740  -0.0834   0.3304   1.0000
   9.750   1.3173   0.03883   0.02913  -0.0796   0.3062   1.0000
  10.250   1.3090   0.04239   0.03264  -0.0731   0.2553   1.0000
  10.750   1.2886   0.04801   0.03789  -0.0679   0.1905   1.0000
  11.250   1.2645   0.05555   0.04511  -0.0648   0.1329   1.0000
  11.750   1.2350   0.06497   0.05432  -0.0633   0.0893   1.0000
  12.000   1.2209   0.06992   0.05921  -0.0630   0.0777   1.0000
  12.250   1.2086   0.07482   0.06407  -0.0630   0.0705   1.0000
  12.500   1.1997   0.07937   0.06863  -0.0631   0.0651   1.0000
  12.750   1.1918   0.08384   0.07309  -0.0633   0.0614   1.0000
  13.000   1.1873   0.08785   0.07713  -0.0633   0.0582   1.0000
  13.250   1.1893   0.09101   0.08056  -0.0634   0.0561   1.0000
  13.500   1.1893   0.09444   0.08408  -0.0632   0.0534   1.0000
  13.750   1.1901   0.09771   0.08737  -0.0630   0.0513   1.0000
  14.000   1.1941   0.10040   0.09002  -0.0624   0.0496   1.0000
  14.250   1.2033   0.10257   0.09239  -0.0611   0.0482   1.0000
  14.500   1.0779   0.11605   0.10669  -0.0543   0.0516   1.0000
  17.750   0.7805   0.20681   0.19967  -0.0866   0.0754   1.0000
