  
       XFOIL         Version 6.99
  
 Calculated polar for: Airfoil_rR0.256067.txt                          
  
 1 1 Reynolds number fixed          Mach number fixed         
  
 xtrf =   1.000 (top)        1.000 (bottom)  
 Mach =   0.000     Re =     0.050 e 6     Ncrit =   9.000
  
   alpha    CL        CD       CDp       CM     Top_Xtr  Bot_Xtr
  ------ -------- --------- --------- -------- -------- --------
 -19.750  -0.4237   0.22774   0.21824  -0.0183   1.0000   0.1170
 -19.500  -0.4178   0.22616   0.21669  -0.0196   1.0000   0.1186
 -19.250  -0.4148   0.22554   0.21613  -0.0212   1.0000   0.1197
 -19.000  -0.2556   0.21352   0.20551  -0.0302   1.0000   0.1222
 -18.500  -0.3888   0.21708   0.20780  -0.0234   1.0000   0.1228
 -18.250  -0.3804   0.21471   0.20547  -0.0240   1.0000   0.1246
 -18.000  -0.3735   0.21265   0.20345  -0.0248   1.0000   0.1267
 -17.750  -0.3687   0.21108   0.20192  -0.0259   1.0000   0.1287
 -17.500  -0.3686   0.21082   0.20172  -0.0275   1.0000   0.1299
 -17.250  -0.2357   0.20424   0.19633  -0.0321   1.0000   0.1328
 -17.000  -0.3491   0.20413   0.19508  -0.0281   1.0000   0.1323
 -16.750  -0.3405   0.20157   0.19256  -0.0285   1.0000   0.1344
 -16.500  -0.3343   0.19949   0.19053  -0.0291   1.0000   0.1369
 -16.250  -0.3321   0.19824   0.18932  -0.0301   1.0000   0.1392
 -15.750  -0.2242   0.19622   0.18842  -0.0326   1.0000   0.1441
 -15.500  -0.3107   0.19044   0.18168  -0.0311   1.0000   0.1443
 -15.250  -0.3055   0.18839   0.17969  -0.0315   1.0000   0.1473
 -15.000  -0.3086   0.18786   0.17921  -0.0326   1.0000   0.1498
 -14.750  -0.2211   0.18947   0.18176  -0.0326   1.0000   0.1530
 -14.500  -0.2902   0.18145   0.17292  -0.0323   1.0000   0.1540
 -14.250  -0.2861   0.17943   0.17095  -0.0325   1.0000   0.1577
 -14.000  -0.2955   0.17964   0.17123  -0.0337   1.0000   0.1602
 -13.250  -0.2852   0.17263   0.16441  -0.0336   1.0000   0.1702
 -12.750  -0.2679   0.16617   0.15806  -0.0324   1.0000   0.1790
 -12.500  -0.2194   0.17041   0.16296  -0.0303   1.0000   0.1833
 -12.250  -0.2595   0.16114   0.15315  -0.0315   1.0000   0.1877
 -12.000  -0.2615   0.15924   0.15133  -0.0313   1.0000   0.1917
 -11.750  -0.2628   0.15802   0.15017  -0.0307   1.0000   0.1996
 -11.500  -0.2513   0.15479   0.14698  -0.0295   1.0000   0.2059
 -11.250  -0.2623   0.15421   0.14649  -0.0294   1.0000   0.2107
 -11.000  -0.2493   0.15071   0.14278  -0.0281   1.0000   0.2141
 -10.750  -0.2262   0.15612   0.14872  -0.0251   1.0000   0.2188
 -10.500  -0.2319   0.15420   0.14687  -0.0244   1.0000   0.2212
 -10.250  -0.2483   0.14478   0.13706  -0.0254   1.0000   0.2249
 -10.000  -0.2584   0.14394   0.13630  -0.0246   1.0000   0.2295
  -9.750  -0.2354   0.14799   0.14084  -0.0211   1.0000   0.2318
  -9.500  -0.2523   0.13926   0.13176  -0.0220   1.0000   0.2364
  -9.250  -0.2515   0.14524   0.13822  -0.0188   1.0000   0.2400
  -9.000  -0.2584   0.13565   0.12831  -0.0195   1.0000   0.2437
  -8.750  -0.2671   0.13451   0.12726  -0.0181   1.0000   0.2489
  -8.500  -0.2569   0.13906   0.13226  -0.0146   1.0000   0.2513
  -8.250  -0.2700   0.13063   0.12354  -0.0149   1.0000   0.2570
  -8.000  -0.2887   0.12985   0.12288  -0.0135   1.0000   0.2608
  -7.750  -0.2798   0.12727   0.12035  -0.0116   1.0000   0.2654
  -7.500  -0.2840   0.13281   0.12632  -0.0084   1.0000   0.2698
  -7.250  -0.2778   0.13032   0.12390  -0.0067   1.0000   0.2737
  -7.000  -0.3208   0.12399   0.11736  -0.0062   1.0000   0.2800
  -6.750  -0.2926   0.12720   0.12094  -0.0034   1.0000   0.2836
  -6.500  -0.3141   0.12643   0.12026  -0.0016   1.0000   0.2897
  -6.250  -0.3260   0.11822   0.11183  -0.0004   1.0000   0.2957
  -6.000  -0.3381   0.12359   0.11758   0.0021   1.0000   0.3001
  -5.750  -0.3502   0.11565   0.10943   0.0039   1.0000   0.3079
  -5.500  -0.3563   0.11409   0.10795   0.0062   1.0000   0.3152
  -5.250  -0.3463   0.11842   0.11264   0.0080   1.0000   0.3230
  -5.000  -0.4013   0.11245   0.10651   0.0122   1.0000   0.3296
  -4.750  -0.3808   0.11621   0.11059   0.0132   1.0000   0.3395
  -4.500  -0.4132   0.10921   0.10342   0.0167   1.0000   0.3486
  -4.250  -0.4174   0.10737   0.10165   0.0187   1.0000   0.3571
  -3.500  -0.4089   0.08634   0.08028  -0.0166   0.9882   0.2799
  -3.000  -0.2472   0.06032   0.05268  -0.0689   0.9603   0.2440
  -2.750  -0.2011   0.05881   0.05095  -0.0752   0.9450   0.2615
  -2.500  -0.1449   0.05627   0.04803  -0.0835   0.9318   0.2714
  -2.250  -0.0918   0.05450   0.04594  -0.0902   0.9193   0.2817
  -2.000  -0.0535   0.05365   0.04496  -0.0937   0.9059   0.2930
  -1.750  -0.0123   0.05313   0.04428  -0.0975   0.8936   0.3088
  -1.500   0.0282   0.05284   0.04397  -0.1006   0.8818   0.3241
  -1.250   0.0719   0.05248   0.04350  -0.1044   0.8703   0.3422
  -1.000   0.1048   0.05229   0.04326  -0.1063   0.8576   0.3571
  -0.750   0.1388   0.05220   0.04317  -0.1081   0.8447   0.3747
  -0.500   0.1769   0.05212   0.04310  -0.1103   0.8321   0.3973
  -0.250   0.2190   0.05188   0.04288  -0.1127   0.8200   0.4225
   0.000   0.2445   0.05204   0.04310  -0.1129   0.8057   0.4440
   0.250   0.2793   0.05201   0.04312  -0.1143   0.7931   0.4717
   0.500   0.3134   0.05204   0.04323  -0.1154   0.7815   0.5009
   0.750   0.3474   0.05205   0.04337  -0.1161   0.7703   0.5350
   1.000   0.3679   0.05263   0.04426  -0.1153   0.7573   0.5656
   1.250   0.3916   0.05298   0.04470  -0.1146   0.7444   0.6020
   1.500   0.4193   0.05299   0.04483  -0.1138   0.7325   0.6472
   1.750   0.4450   0.05291   0.04491  -0.1125   0.7213   0.6991
   2.000   0.4630   0.05292   0.04512  -0.1099   0.7107   0.7563
   2.250   0.4695   0.05297   0.04542  -0.1054   0.7005   0.8274
   2.500   0.4851   0.05308   0.04563  -0.1048   0.6886   1.0000
   2.750   0.5197   0.05467   0.04684  -0.1091   0.6747   1.0000
   3.000   0.5544   0.05546   0.04733  -0.1111   0.6627   1.0000
   3.500   0.6128   0.05725   0.04872  -0.1126   0.6410   1.0000
   4.000   0.6581   0.05985   0.05106  -0.1127   0.6201   1.0000
   4.250   0.6585   0.06271   0.05386  -0.1114   0.6072   1.0000
   4.500   0.6699   0.06475   0.05583  -0.1107   0.5953   1.0000
   4.750   0.6874   0.06634   0.05734  -0.1102   0.5842   1.0000
   5.000   0.7057   0.06785   0.05877  -0.1097   0.5730   1.0000
   5.500   0.7295   0.07220   0.06301  -0.1085   0.5521   1.0000
   5.750   0.7351   0.07509   0.06587  -0.1079   0.5423   1.0000
   6.250   0.7422   0.08131   0.07206  -0.1067   0.5231   1.0000
   6.500   0.7435   0.08469   0.07543  -0.1061   0.5138   1.0000
   6.750   0.7474   0.08779   0.07851  -0.1056   0.5045   1.0000
   7.000   0.7538   0.09065   0.08136  -0.1052   0.4950   1.0000
   7.250   0.7611   0.09341   0.08410  -0.1047   0.4855   1.0000
   7.500   0.6106   0.11621   0.10743  -0.1129   0.5864   1.0000
   7.750   0.7857   0.09839   0.08904  -0.1041   0.4688   1.0000
   8.000   0.7615   0.10478   0.09549  -0.1046   0.4639   1.0000
   8.250   0.7682   0.10805   0.09876  -0.1047   0.4573   1.0000
   8.500   0.7851   0.11022   0.10091  -0.1045   0.4490   1.0000
   8.750   0.7640   0.11611   0.10685  -0.1053   0.4452   1.0000
   9.000   0.7221   0.12627   0.11718  -0.1095   0.4730   1.0000
   9.250   0.7562   0.12649   0.11732  -0.1082   0.4506   1.0000
  10.000   0.7164   0.14542   0.13646  -0.1167   0.5096   1.0000
  10.500   0.7201   0.15003   0.14107  -0.1172   0.4939   1.0000
  10.750   0.7346   0.15324   0.14427  -0.1180   0.4883   1.0000
  11.000   0.7504   0.15624   0.14726  -0.1186   0.4801   1.0000
  11.500   0.7635   0.16079   0.15180  -0.1194   0.4618   1.0000
  11.750   0.7710   0.16319   0.15419  -0.1199   0.4532   1.0000
  12.000   0.7801   0.16575   0.15675  -0.1206   0.4451   1.0000
  12.250   0.7982   0.16914   0.16014  -0.1213   0.4389   1.0000
  12.500   0.8056   0.17140   0.16241  -0.1220   0.4310   1.0000
  12.750   0.6090   0.17353   0.16539  -0.0932   0.4124   1.0000
  13.500   0.8384   0.18145   0.17248  -0.1254   0.4029   1.0000
  13.750   0.8472   0.18403   0.17507  -0.1263   0.3960   1.0000
  14.250   0.8704   0.18922   0.18044  -0.1280   0.3816   1.0000
  14.500   0.8760   0.19141   0.18263  -0.1291   0.3744   1.0000
  15.000   0.9002   0.19692   0.18815  -0.1308   0.3611   1.0000
  15.250   0.9038   0.19908   0.19032  -0.1323   0.3556   1.0000
  15.750   0.9215   0.20421   0.19545  -0.1348   0.3443   1.0000
  16.250   0.6584   0.19864   0.19097  -0.0949   0.3222   1.0000
  16.500   0.9577   0.21344   0.20471  -0.1380   0.3292   1.0000
  16.750   0.9604   0.21463   0.20591  -0.1397   0.3217   1.0000
  17.000   0.9663   0.21684   0.20813  -0.1413   0.3158   1.0000
  17.250   0.9843   0.22051   0.21182  -0.1418   0.3102   1.0000
  17.500   0.9843   0.22165   0.21296  -0.1439   0.3037   1.0000
  18.000   1.0065   0.22690   0.21824  -0.1462   0.2912   1.0000
  18.250   1.0120   0.22918   0.22053  -0.1481   0.2871   1.0000
  18.750   1.0325   0.23483   0.22620  -0.1508   0.2785   1.0000
  19.500   0.7022   0.22507   0.21770  -0.1014   0.2554   1.0000
  19.750   1.0657   0.24443   0.23601  -0.1574   0.2610   1.0000
  20.000   1.0738   0.24726   0.23886  -0.1592   0.2586   1.0000
