  
       XFOIL         Version 6.99
  
 Calculated polar for: Airfoil_rR0.229373.txt                          
  
 1 1 Reynolds number fixed          Mach number fixed         
  
 xtrf =   1.000 (top)        1.000 (bottom)  
 Mach =   0.000     Re =     0.100 e 6     Ncrit =   9.000
  
   alpha    CL        CD       CDp       CM     Top_Xtr  Bot_Xtr
  ------ -------- --------- --------- -------- -------- --------
 -19.250  -0.2456   0.21239   0.20671  -0.0296   1.0000   0.0813
 -18.500  -0.3652   0.21391   0.20731  -0.0245   1.0000   0.0827
 -18.250  -0.3572   0.21173   0.20516  -0.0251   1.0000   0.0838
 -18.000  -0.2255   0.20506   0.19944  -0.0299   1.0000   0.0863
 -17.250  -0.3378   0.20370   0.19727  -0.0291   1.0000   0.0896
 -17.000  -0.3520   0.20465   0.19829  -0.0321   1.0000   0.0903
 -16.750  -0.3325   0.19906   0.19268  -0.0311   1.0000   0.0908
 -16.500  -0.3198   0.19580   0.18945  -0.0306   1.0000   0.0915
 -16.000  -0.3029   0.19115   0.18488  -0.0306   1.0000   0.0942
 -15.750  -0.2971   0.18894   0.18270  -0.0309   1.0000   0.0962
 -15.500  -0.2247   0.19310   0.18762  -0.0318   1.0000   0.0998
 -15.000  -0.2924   0.18165   0.17555  -0.0329   1.0000   0.1014
 -14.500  -0.2762   0.17697   0.17094  -0.0320   1.0000   0.1061
 -14.250  -0.2376   0.18323   0.17783  -0.0321   1.0000   0.1106
 -13.750  -0.2162   0.17797   0.17264  -0.0292   1.0000   0.1155
 -13.250  -0.2731   0.16536   0.15956  -0.0327   1.0000   0.1213
 -13.000  -0.2624   0.16307   0.15730  -0.0315   1.0000   0.1231
 -12.000  -0.2233   0.16407   0.15893  -0.0256   1.0000   0.1338
 -10.750  -0.2603   0.14587   0.14055  -0.0255   1.0000   0.1427
 -10.500  -0.2396   0.15259   0.14754  -0.0207   1.0000   0.1435
 -10.250  -0.2608   0.14245   0.13709  -0.0230   1.0000   0.1461
 -10.000  -0.2801   0.14119   0.13590  -0.0230   1.0000   0.1496
  -9.500  -0.2833   0.13700   0.13183  -0.0203   1.0000   0.1519
  -9.000  -0.2853   0.13402   0.12898  -0.0170   1.0000   0.1568
  -8.750  -0.2419   0.13489   0.13006  -0.0257   0.9910   0.1615
  -8.250  -0.2241   0.12695   0.12210  -0.0344   0.9805   0.1708
  -8.000  -0.2697   0.12184   0.11689  -0.0280   0.9872   0.1713
  -7.750  -0.2352   0.11865   0.11369  -0.0308   0.9819   0.1752
  -7.500  -0.2456   0.11444   0.10948  -0.0373   0.9732   0.1808
  -7.250  -0.1695   0.11234   0.10748  -0.0474   0.9528   0.1899
  -7.000  -0.2177   0.10736   0.10241  -0.0450   0.9590   0.1907
  -6.750  -0.1237   0.10533   0.10048  -0.0527   0.9404   0.2021
  -6.500  -0.3050   0.08319   0.07808  -0.0629   0.9332   0.1500
  -6.250  -0.3582   0.04893   0.04252  -0.0969   0.9217   0.1427
  -6.000  -0.2211   0.08558   0.08056  -0.0603   0.9214   0.1665
  -5.750  -0.2887   0.04334   0.03607  -0.1050   0.9074   0.1532
  -5.500  -0.2468   0.04063   0.03276  -0.1100   0.9011   0.1600
  -5.250  -0.2144   0.04012   0.03242  -0.1110   0.8924   0.1637
  -5.000  -0.1749   0.03828   0.03012  -0.1144   0.8845   0.1706
  -4.750  -0.1370   0.03793   0.02997  -0.1160   0.8766   0.1766
  -4.500  -0.0924   0.03694   0.02894  -0.1191   0.8704   0.1847
  -4.250  -0.0576   0.03601   0.02786  -0.1207   0.8614   0.1924
  -4.000  -0.0215   0.03507   0.02670  -0.1225   0.8530   0.2005
  -3.750   0.0142   0.03442   0.02618  -0.1237   0.8456   0.2065
  -3.500   0.0591   0.03325   0.02492  -0.1266   0.8409   0.2144
  -3.250   0.0926   0.03249   0.02405  -0.1277   0.8322   0.2221
  -3.000   0.1274   0.03180   0.02330  -0.1288   0.8239   0.2310
  -2.750   0.1753   0.03062   0.02215  -0.1316   0.8202   0.2421
  -2.500   0.2102   0.02991   0.02146  -0.1324   0.8118   0.2526
  -2.000   0.2992   0.02782   0.01942  -0.1369   0.8007   0.2772
  -1.750   0.3379   0.02700   0.01853  -0.1383   0.7922   0.2903
  -1.250   0.4228   0.02536   0.01704  -0.1422   0.7759   0.3215
  -1.000   0.4812   0.02420   0.01593  -0.1469   0.7703   0.3430
  -0.750   0.5239   0.02349   0.01541  -0.1490   0.7603   0.3620
  -0.500   0.5664   0.02287   0.01479  -0.1511   0.7498   0.3828
  -0.250   0.5923   0.02269   0.01462  -0.1503   0.7353   0.4011
   0.000   0.6296   0.02229   0.01423  -0.1515   0.7234   0.4223
   0.250   0.6665   0.02195   0.01389  -0.1527   0.7111   0.4452
   0.500   0.6967   0.02178   0.01370  -0.1526   0.6974   0.4690
   0.750   0.7273   0.02163   0.01358  -0.1526   0.6839   0.4932
   1.000   0.7603   0.02149   0.01340  -0.1531   0.6707   0.5219
   1.250   0.7841   0.02152   0.01349  -0.1519   0.6564   0.5484
   1.500   0.8120   0.02150   0.01347  -0.1514   0.6432   0.5804
   1.750   0.8412   0.02147   0.01346  -0.1510   0.6306   0.6128
   2.000   0.8624   0.02157   0.01362  -0.1493   0.6167   0.6470
   2.250   0.8830   0.02163   0.01374  -0.1474   0.6032   0.6846
   2.500   0.9071   0.02160   0.01373  -0.1459   0.5915   0.7282
   2.750   0.9290   0.02161   0.01376  -0.1439   0.5805   0.7768
   3.000   0.9447   0.02163   0.01385  -0.1407   0.5697   0.8351
   3.250   0.9557   0.02149   0.01383  -0.1365   0.5591   0.9256
   3.500   0.9907   0.02174   0.01390  -0.1385   0.5462   1.0000
   3.750   1.0212   0.02210   0.01405  -0.1394   0.5345   1.0000
   4.000   1.0493   0.02248   0.01422  -0.1396   0.5230   1.0000
   4.250   1.0743   0.02288   0.01446  -0.1392   0.5115   1.0000
   4.500   1.0988   0.02322   0.01466  -0.1386   0.5004   1.0000
   4.750   1.1250   0.02356   0.01482  -0.1383   0.4902   1.0000
   5.000   1.1500   0.02398   0.01511  -0.1378   0.4802   1.0000
   5.250   1.1742   0.02446   0.01547  -0.1372   0.4704   1.0000
   5.500   1.1964   0.02497   0.01590  -0.1363   0.4607   1.0000
   5.750   1.2181   0.02548   0.01635  -0.1352   0.4514   1.0000
   6.000   1.2401   0.02601   0.01680  -0.1343   0.4424   1.0000
   6.250   1.2620   0.02657   0.01730  -0.1333   0.4338   1.0000
   6.500   1.2841   0.02714   0.01781  -0.1324   0.4255   1.0000
   6.750   1.3073   0.02769   0.01828  -0.1317   0.4175   1.0000
   7.000   1.3317   0.02820   0.01869  -0.1312   0.4098   1.0000
   7.250   1.3475   0.02883   0.01934  -0.1292   0.4017   1.0000
   7.500   1.3664   0.02941   0.02010  -0.1277   0.3943   1.0000
   7.750   1.3901   0.02998   0.02058  -0.1272   0.3872   1.0000
   8.000   1.4159   0.03055   0.02102  -0.1269   0.3801   1.0000
   8.250   1.4281   0.03133   0.02186  -0.1245   0.3725   1.0000
   8.500   1.4435   0.03206   0.02259  -0.1226   0.3653   1.0000
   8.750   1.4662   0.03263   0.02306  -0.1218   0.3583   1.0000
   9.000   1.4848   0.03324   0.02361  -0.1204   0.3512   1.0000
   9.250   1.4943   0.03407   0.02448  -0.1177   0.3442   1.0000
   9.500   1.5144   0.03479   0.02513  -0.1166   0.3377   1.0000
   9.750   1.5293   0.03556   0.02589  -0.1147   0.3311   1.0000
  10.000   1.5334   0.03658   0.02701  -0.1113   0.3251   1.0000
  10.250   1.5592   0.03714   0.02744  -0.1112   0.3192   1.0000
  10.500   1.5547   0.03834   0.02883  -0.1066   0.3135   1.0000
  10.750   1.5762   0.03900   0.02941  -0.1058   0.3083   1.0000
  11.000   1.5792   0.04019   0.03081  -0.1026   0.3028   1.0000
  11.250   1.5981   0.04100   0.03158  -0.1016   0.2978   1.0000
  11.500   1.6020   0.04225   0.03292  -0.0986   0.2928   1.0000
  11.750   1.6229   0.04309   0.03370  -0.0980   0.2881   1.0000
  12.000   1.6168   0.04478   0.03556  -0.0940   0.2835   1.0000
  12.250   1.6468   0.04535   0.03599  -0.0945   0.2790   1.0000
  12.500   1.6228   0.04783   0.03879  -0.0888   0.2749   1.0000
  12.750   1.6472   0.04846   0.03933  -0.0886   0.2706   1.0000
  13.000   1.6357   0.05072   0.04178  -0.0848   0.2668   1.0000
  13.250   1.6368   0.05240   0.04353  -0.0824   0.2628   1.0000
  13.500   1.6692   0.05266   0.04365  -0.0830   0.2587   1.0000
  13.750   1.6328   0.05650   0.04784  -0.0778   0.2554   1.0000
  14.000   1.6485   0.05750   0.04880  -0.0769   0.2515   1.0000
  14.250   1.6478   0.05966   0.05104  -0.0750   0.2480   1.0000
  14.500   1.5974   0.06537   0.05713  -0.0708   0.2451   1.0000
  14.750   1.6794   0.06132   0.05262  -0.0733   0.2395   1.0000
  15.000   1.6097   0.06895   0.06078  -0.0687   0.2382   1.0000
  15.500   1.6148   0.07233   0.06417  -0.0665   0.2293   1.0000
  17.500   0.9898   0.21314   0.20677  -0.1342   0.2207   1.0000
  18.000   0.9988   0.21823   0.21187  -0.1383   0.2121   1.0000
  18.250   0.6843   0.20750   0.20204  -0.0942   0.2012   1.0000
  18.500   0.7036   0.21060   0.20514  -0.0937   0.1997   1.0000
  18.750   1.0240   0.22567   0.21933  -0.1428   0.2016   1.0000
  19.000   1.0451   0.22861   0.22237  -0.1423   0.2000   1.0000
  19.250   1.0340   0.23122   0.22499  -0.1473   0.1948   1.0000
