  
       XFOIL         Version 6.99
  
 Calculated polar for: Airfoil_rR0.995453.txt                          
  
 1 1 Reynolds number fixed          Mach number fixed         
  
 xtrf =   1.000 (top)        1.000 (bottom)  
 Mach =   0.000     Re =     0.100 e 6     Ncrit =   9.000
  
   alpha    CL        CD       CDp       CM     Top_Xtr  Bot_Xtr
  ------ -------- --------- --------- -------- -------- --------
 -15.250  -0.4792   0.19348   0.18720  -0.0089   1.0000   0.0404
 -15.000  -0.4553   0.18375   0.17741  -0.0064   1.0000   0.0455
 -14.750  -0.4475   0.18093   0.17461  -0.0081   1.0000   0.0480
 -14.000  -0.4250   0.17161   0.16537  -0.0127   1.0000   0.0526
 -11.250  -0.3199   0.14032   0.13462  -0.0320   1.0000   0.0699
  -8.750  -0.3280   0.10464   0.09922  -0.0333   1.0000   0.0828
  -8.500  -0.3270   0.10181   0.09645  -0.0327   1.0000   0.0849
  -8.250  -0.3312   0.09932   0.09404  -0.0324   1.0000   0.0872
  -8.000  -0.3478   0.09788   0.09271  -0.0323   1.0000   0.0893
  -7.250  -0.3496   0.09194   0.08722  -0.0250   1.0000   0.0930
  -7.000  -0.3865   0.08882   0.08401  -0.0247   1.0000   0.0928
  -6.500  -0.3996   0.08384   0.07916  -0.0232   1.0000   0.0961
  -5.500  -0.3812   0.04953   0.04374  -0.0483   1.0000   0.0499
  -5.250  -0.3674   0.04601   0.04025  -0.0483   1.0000   0.0471
  -5.000  -0.3190   0.03057   0.02252  -0.0566   1.0000   0.0401
  -4.750  -0.2863   0.02620   0.01756  -0.0582   1.0000   0.0436
  -4.500  -0.2557   0.02412   0.01512  -0.0585   1.0000   0.0636
  -4.250  -0.2350   0.02437   0.01528  -0.0582   1.0000   0.0824
  -4.000  -0.2056   0.02422   0.01502  -0.0596   0.9978   0.0920
  -3.750  -0.1626   0.02593   0.01692  -0.0647   0.9903   0.1196
  -3.500  -0.1219   0.02491   0.01584  -0.0680   0.9839   0.1250
  -3.250  -0.0775   0.02391   0.01458  -0.0717   0.9784   0.1316
  -3.000  -0.0347   0.02313   0.01374  -0.0752   0.9716   0.1412
  -2.750   0.0065   0.02248   0.01320  -0.0784   0.9636   0.1544
  -2.500   0.0480   0.02195   0.01276  -0.0817   0.9556   0.1766
  -2.250   0.0902   0.02149   0.01247  -0.0852   0.9479   0.2085
  -2.000   0.1322   0.02092   0.01213  -0.0885   0.9406   0.2514
  -1.750   0.1690   0.02034   0.01186  -0.0908   0.9319   0.3070
  -1.500   0.2053   0.01969   0.01168  -0.0930   0.9234   0.3968
  -1.250   0.2359   0.01822   0.01169  -0.0932   0.9167   0.7321
  -1.000   0.2780   0.01776   0.01133  -0.0953   0.9082   1.0000
  -0.750   0.3206   0.01767   0.01103  -0.0984   0.9003   1.0000
  -0.250   0.3934   0.01754   0.01063  -0.1021   0.8816   1.0000
   0.000   0.4280   0.01745   0.01044  -0.1034   0.8721   1.0000
   0.250   0.4615   0.01737   0.01027  -0.1045   0.8625   1.0000
   0.500   0.4942   0.01727   0.01011  -0.1053   0.8527   1.0000
   0.750   0.5261   0.01717   0.00995  -0.1060   0.8425   1.0000
   1.000   0.5572   0.01707   0.00981  -0.1064   0.8322   1.0000
   1.250   0.5877   0.01697   0.00968  -0.1067   0.8215   1.0000
   1.500   0.6175   0.01690   0.00953  -0.1069   0.8108   1.0000
   1.750   0.6457   0.01687   0.00944  -0.1068   0.7992   1.0000
   2.000   0.6739   0.01683   0.00934  -0.1067   0.7873   1.0000
   2.250   0.7021   0.01680   0.00924  -0.1065   0.7749   1.0000
   2.500   0.7307   0.01676   0.00913  -0.1063   0.7627   1.0000
   2.750   0.7595   0.01677   0.00906  -0.1062   0.7507   1.0000
   3.000   0.7850   0.01695   0.00919  -0.1057   0.7367   1.0000
   3.250   0.8116   0.01705   0.00922  -0.1052   0.7227   1.0000
   3.500   0.8372   0.01708   0.00918  -0.1044   0.7066   1.0000
   3.750   0.8647   0.01693   0.00891  -0.1037   0.6903   1.0000
   4.000   0.8898   0.01690   0.00877  -0.1027   0.6713   1.0000
   4.250   0.9145   0.01694   0.00870  -0.1016   0.6517   1.0000
   4.500   0.9385   0.01706   0.00873  -0.1006   0.6324   1.0000
   4.750   0.9620   0.01719   0.00880  -0.0996   0.6133   1.0000
   5.000   0.9853   0.01728   0.00882  -0.0985   0.5938   1.0000
   5.250   1.0093   0.01741   0.00884  -0.0975   0.5750   1.0000
   5.500   1.0327   0.01763   0.00898  -0.0966   0.5563   1.0000
   5.750   1.0560   0.01789   0.00919  -0.0957   0.5384   1.0000
   6.000   1.0785   0.01816   0.00945  -0.0947   0.5206   1.0000
   6.250   1.1001   0.01842   0.00975  -0.0935   0.5017   1.0000
   6.500   1.1218   0.01864   0.00989  -0.0923   0.4822   1.0000
   6.750   1.1368   0.01892   0.00993  -0.0898   0.4412   1.0000
   7.000   1.1469   0.01936   0.01002  -0.0867   0.3799   1.0000
   7.250   1.1600   0.02016   0.01048  -0.0844   0.3314   1.0000
   7.500   1.1742   0.02096   0.01101  -0.0825   0.2719   1.0000
   8.000   1.1928   0.02364   0.01277  -0.0776   0.1478   1.0000
   9.500   1.2578   0.05009   0.04048  -0.0568   0.0458   1.0000
  10.750   1.2323   0.07454   0.06727  -0.0387   0.0620   1.0000
