  
       XFOIL         Version 6.99
  
 Calculated polar for: Airfoil_rR0.965147.txt                          
  
 1 1 Reynolds number fixed          Mach number fixed         
  
 xtrf =   1.000 (top)        1.000 (bottom)  
 Mach =   0.000     Re =     0.100 e 6     Ncrit =   9.000
  
   alpha    CL        CD       CDp       CM     Top_Xtr  Bot_Xtr
  ------ -------- --------- --------- -------- -------- --------
 -16.500  -0.5082   0.20180   0.19536   0.0032   1.0000   0.0324
 -16.250  -0.4988   0.19883   0.19242   0.0019   1.0000   0.0344
 -15.250  -0.4816   0.19485   0.18854  -0.0087   1.0000   0.0402
 -15.000  -0.4567   0.18388   0.17753  -0.0061   1.0000   0.0446
 -14.250  -0.4459   0.17993   0.17365  -0.0138   1.0000   0.0501
  -9.500  -0.3312   0.11452   0.10890  -0.0327   1.0000   0.0790
  -9.250  -0.3461   0.11341   0.10789  -0.0359   1.0000   0.0800
  -8.250  -0.3304   0.09945   0.09415  -0.0323   1.0000   0.0868
  -8.000  -0.3445   0.09781   0.09262  -0.0321   1.0000   0.0891
  -7.750  -0.3722   0.09743   0.09238  -0.0308   1.0000   0.0899
  -7.250  -0.3841   0.09164   0.08677  -0.0272   1.0000   0.0914
  -6.500  -0.3980   0.08404   0.07935  -0.0231   1.0000   0.0962
  -5.750  -0.4056   0.07319   0.06854  -0.0297   1.0000   0.1017
  -5.250  -0.3662   0.04676   0.04101  -0.0482   1.0000   0.0483
  -5.000  -0.3208   0.03184   0.02402  -0.0562   1.0000   0.0400
  -4.750  -0.2859   0.02649   0.01786  -0.0582   1.0000   0.0422
  -4.500  -0.2558   0.02428   0.01535  -0.0587   1.0000   0.0542
  -4.250  -0.2320   0.02412   0.01489  -0.0585   1.0000   0.0805
  -4.000  -0.2069   0.02405   0.01471  -0.0590   0.9990   0.0902
  -3.750  -0.1655   0.02563   0.01674  -0.0640   0.9913   0.1156
  -3.500  -0.1237   0.02491   0.01586  -0.0676   0.9850   0.1248
  -3.250  -0.0777   0.02389   0.01456  -0.0715   0.9801   0.1314
  -3.000  -0.0369   0.02312   0.01372  -0.0746   0.9726   0.1407
  -2.750   0.0048   0.02245   0.01317  -0.0780   0.9649   0.1535
  -2.500   0.0476   0.02191   0.01273  -0.0815   0.9574   0.1754
  -2.250   0.0916   0.02144   0.01242  -0.0853   0.9502   0.2081
  -2.000   0.1299   0.02092   0.01211  -0.0880   0.9415   0.2486
  -1.750   0.1671   0.02033   0.01184  -0.0904   0.9329   0.3039
  -1.500   0.2041   0.01967   0.01165  -0.0928   0.9246   0.3934
  -1.250   0.2380   0.01803   0.01161  -0.0932   0.9201   0.7716
  -1.000   0.2799   0.01770   0.01126  -0.0957   0.9105   1.0000
  -0.750   0.3180   0.01767   0.01103  -0.0980   0.9009   1.0000
  -0.500   0.3557   0.01762   0.01083  -0.1001   0.8917   1.0000
  -0.250   0.3917   0.01755   0.01063  -0.1018   0.8824   1.0000
   0.000   0.4266   0.01746   0.01045  -0.1032   0.8729   1.0000
   0.250   0.4603   0.01738   0.01028  -0.1043   0.8634   1.0000
   0.500   0.4932   0.01728   0.01011  -0.1052   0.8536   1.0000
   0.750   0.5252   0.01718   0.00996  -0.1059   0.8435   1.0000
   1.000   0.5563   0.01708   0.00982  -0.1064   0.8331   1.0000
   1.250   0.5868   0.01699   0.00969  -0.1067   0.8223   1.0000
   1.500   0.6166   0.01692   0.00955  -0.1069   0.8116   1.0000
   1.750   0.6458   0.01685   0.00942  -0.1069   0.8005   1.0000
   2.000   0.6759   0.01672   0.00922  -0.1070   0.7898   1.0000
   2.250   0.7022   0.01677   0.00921  -0.1066   0.7762   1.0000
   2.500   0.7304   0.01676   0.00913  -0.1063   0.7636   1.0000
   2.750   0.7589   0.01677   0.00907  -0.1062   0.7515   1.0000
   3.000   0.7858   0.01689   0.00913  -0.1058   0.7384   1.0000
   3.250   0.8113   0.01703   0.00921  -0.1052   0.7236   1.0000
   3.500   0.8377   0.01702   0.00912  -0.1045   0.7079   1.0000
   3.750   0.8643   0.01690   0.00890  -0.1037   0.6908   1.0000
   4.000   0.8895   0.01687   0.00874  -0.1027   0.6718   1.0000
   4.250   0.9142   0.01691   0.00867  -0.1016   0.6522   1.0000
   4.500   0.9383   0.01702   0.00870  -0.1006   0.6329   1.0000
   4.750   0.9619   0.01715   0.00877  -0.0996   0.6137   1.0000
   5.000   0.9852   0.01724   0.00879  -0.0985   0.5940   1.0000
   5.250   1.0091   0.01737   0.00881  -0.0976   0.5751   1.0000
   5.500   1.0326   0.01759   0.00895  -0.0966   0.5563   1.0000
   5.750   1.0558   0.01786   0.00916  -0.0957   0.5383   1.0000
   6.000   1.0784   0.01813   0.00942  -0.0947   0.5205   1.0000
   6.250   1.0999   0.01839   0.00972  -0.0935   0.5014   1.0000
   6.500   1.1214   0.01859   0.00982  -0.0922   0.4804   1.0000
   6.750   1.1354   0.01889   0.00989  -0.0896   0.4360   1.0000
   7.000   1.1454   0.01939   0.00999  -0.0865   0.3731   1.0000
   7.250   1.1596   0.02016   0.01048  -0.0844   0.3262   1.0000
   7.500   1.1731   0.02103   0.01102  -0.0824   0.2629   1.0000
   7.750   1.1817   0.02239   0.01185  -0.0798   0.1934   1.0000
   8.500   1.2119   0.02642   0.01491  -0.0731   0.0858   1.0000
  10.250   1.2742   0.07100   0.06290  -0.0485   0.0599   1.0000
  10.500   1.2512   0.07204   0.06452  -0.0429   0.0616   1.0000
  10.750   1.2264   0.07470   0.06752  -0.0384   0.0624   1.0000
  11.500   1.1859   0.09336   0.08691  -0.0339   0.0799   1.0000
  11.750   1.1510   0.09373   0.08734  -0.0331   0.0694   1.0000
