  
       XFOIL         Version 6.99
  
 Calculated polar for: Airfoil_rR0.160000.txt                          
  
 1 1 Reynolds number fixed          Mach number fixed         
  
 xtrf =   1.000 (top)        1.000 (bottom)  
 Mach =   0.000     Re =     0.250 e 6     Ncrit =   9.000
  
   alpha    CL        CD       CDp       CM     Top_Xtr  Bot_Xtr
  ------ -------- --------- --------- -------- -------- --------
 -20.000  -0.2034   0.21066   0.20715  -0.0219   1.0000   0.0721
 -19.750  -0.3200   0.21927   0.21506  -0.0177   1.0000   0.0750
 -19.500  -0.3130   0.21751   0.21331  -0.0182   1.0000   0.0765
 -19.250  -0.3084   0.21543   0.21125  -0.0191   1.0000   0.0787
 -19.000  -0.1868   0.20705   0.20361  -0.0208   1.0000   0.0775
 -18.500  -0.3104   0.20724   0.20310  -0.0230   1.0000   0.0812
 -18.000  -0.1981   0.20125   0.19782  -0.0222   1.0000   0.0813
 -17.750  -0.1858   0.19977   0.19635  -0.0224   0.9995   0.0818
 -17.500  -0.2707   0.20122   0.19718  -0.0216   1.0000   0.0838
 -17.250  -0.2643   0.19961   0.19560  -0.0215   1.0000   0.0850
 -17.000  -0.2597   0.19776   0.19378  -0.0217   1.0000   0.0877
 -16.500  -0.1433   0.19173   0.18822  -0.0368   0.9917   0.0912
 -15.750  -0.2443   0.18773   0.18387  -0.0218   1.0000   0.0931
 -15.500  -0.2384   0.18646   0.18264  -0.0212   1.0000   0.0941
 -15.250  -0.2341   0.18505   0.18126  -0.0208   1.0000   0.0951
 -15.000  -0.0841   0.17929   0.17566  -0.0524   0.9811   0.1003
 -14.750  -0.2310   0.17804   0.17420  -0.0340   0.9950   0.1005
 -14.500  -0.0762   0.17244   0.16878  -0.0574   0.9767   0.1010
 -13.750  -0.1215   0.16375   0.15992  -0.0482   0.9836   0.1021
 -13.500   0.0116   0.16097   0.15731  -0.0659   0.9660   0.1035
 -13.250   0.0252   0.15798   0.15428  -0.0681   0.9632   0.1045
 -12.500  -0.6634   0.05285   0.04755  -0.1139   0.9614   0.1116
 -12.250  -0.6321   0.05228   0.04707  -0.1149   0.9571   0.1128
 -12.000  -0.6029   0.05173   0.04661  -0.1162   0.9533   0.1141
 -11.500  -0.6215   0.04274   0.03727  -0.1256   0.9378   0.1166
 -11.250  -0.6306   0.03912   0.03340  -0.1290   0.9304   0.1180
 -11.000  -0.6419   0.03697   0.03103  -0.1273   0.9206   0.1191
 -10.750  -0.6405   0.03500   0.02882  -0.1262   0.9114   0.1203
 -10.500  -0.6199   0.03371   0.02753  -0.1260   0.9039   0.1216
 -10.250  -0.5812   0.03292   0.02680  -0.1280   0.9012   0.1230
 -10.000  -0.5620   0.03222   0.02611  -0.1270   0.8933   0.1243
  -9.750  -0.5309   0.03103   0.02485  -0.1285   0.8903   0.1263
  -9.500  -0.5127   0.02985   0.02353  -0.1278   0.8837   0.1281
  -8.750  -0.4245   0.02670   0.02023  -0.1301   0.8705   0.1338
  -8.500  -0.4040   0.02609   0.01961  -0.1289   0.8613   0.1354
  -8.250  -0.3789   0.02528   0.01871  -0.1287   0.8537   0.1375
  -8.000  -0.3415   0.02419   0.01741  -0.1309   0.8501   0.1400
  -7.750  -0.3067   0.02319   0.01639  -0.1324   0.8435   0.1422
  -7.500  -0.2522   0.02243   0.01568  -0.1371   0.8400   0.1445
  -7.250  -0.2514   0.02216   0.01532  -0.1321   0.8219   0.1458
  -7.000  -0.2139   0.02140   0.01444  -0.1339   0.8130   0.1482
  -6.750  -0.1739   0.02064   0.01342  -0.1363   0.8042   0.1506
  -6.500  -0.1352   0.02009   0.01295  -0.1383   0.7938   0.1529
  -6.250  -0.1157   0.01985   0.01272  -0.1365   0.7784   0.1549
  -6.000  -0.0813   0.01947   0.01220  -0.1377   0.7669   0.1578
  -5.750  -0.0528   0.01908   0.01158  -0.1377   0.7531   0.1601
  -5.500  -0.0334   0.01869   0.01116  -0.1360   0.7375   0.1618
  -5.250  -0.0064   0.01840   0.01085  -0.1356   0.7238   0.1637
  -5.000   0.0193   0.01816   0.01053  -0.1349   0.7100   0.1659
  -4.750   0.0387   0.01794   0.01020  -0.1331   0.6956   0.1680
  -4.500   0.0614   0.01774   0.00981  -0.1319   0.6825   0.1704
  -4.250   0.0819   0.01748   0.00957  -0.1304   0.6691   0.1726
  -4.000   0.0963   0.01735   0.00945  -0.1276   0.6537   0.1747
  -3.750   0.1192   0.01720   0.00919  -0.1263   0.6419   0.1773
  -3.500   0.1414   0.01709   0.00890  -0.1250   0.6298   0.1800
  -3.250   0.1572   0.01694   0.00878  -0.1225   0.6163   0.1823
  -3.000   0.1728   0.01687   0.00872  -0.1199   0.6019   0.1845
  -2.750   0.1930   0.01684   0.00858  -0.1182   0.5905   0.1874
  -2.500   0.2150   0.01684   0.00842  -0.1168   0.5799   0.1910
  -2.250   0.2297   0.01681   0.00844  -0.1141   0.5662   0.1936
  -2.000   0.2451   0.01679   0.00839  -0.1115   0.5528   0.1972
  -1.750   0.2628   0.01680   0.00824  -0.1093   0.5417   0.2010
  -1.500   0.2809   0.01676   0.00820  -0.1073   0.5313   0.2043
  -1.250   0.3003   0.01679   0.00815  -0.1055   0.5216   0.2084
  -1.000   0.3172   0.01677   0.00815  -0.1032   0.5106   0.2121
  -0.750   0.3336   0.01678   0.00826  -0.1008   0.4996   0.2162
  -0.500   0.3525   0.01682   0.00819  -0.0989   0.4912   0.2208
  -0.250   0.3703   0.01687   0.00826  -0.0969   0.4821   0.2250
   0.000   0.3888   0.01696   0.00829  -0.0949   0.4731   0.2297
   0.250   0.4073   0.01704   0.00836  -0.0930   0.4644   0.2350
   0.500   0.4257   0.01713   0.00838  -0.0911   0.4558   0.2413
   0.750   0.4428   0.01718   0.00842  -0.0889   0.4476   0.2472
   1.000   0.4603   0.01725   0.00845  -0.0869   0.4404   0.2533
   1.250   0.4779   0.01734   0.00853  -0.0849   0.4328   0.2602
   1.500   0.4946   0.01746   0.00868  -0.0827   0.4248   0.2659
   1.750   0.5121   0.01762   0.00883  -0.0807   0.4174   0.2729
   2.000   0.5287   0.01780   0.00895  -0.0786   0.4091   0.2813
   2.250   0.5458   0.01796   0.00907  -0.0765   0.4024   0.2894
   2.500   0.5625   0.01811   0.00922  -0.0745   0.3957   0.2970
   2.750   0.5791   0.01830   0.00938  -0.0724   0.3894   0.3046
   3.000   0.5960   0.01847   0.00960  -0.0704   0.3827   0.3128
   3.250   0.6136   0.01868   0.00982  -0.0686   0.3770   0.3222
   3.500   0.6303   0.01891   0.01003  -0.0666   0.3710   0.3322
   3.750   0.6469   0.01910   0.01026  -0.0646   0.3644   0.3428
   4.000   0.6622   0.01931   0.01047  -0.0625   0.3585   0.3529
   4.250   0.6778   0.01955   0.01073  -0.0605   0.3539   0.3623
   4.500   0.6947   0.01985   0.01097  -0.0587   0.3500   0.3756
   4.750   0.7111   0.02013   0.01131  -0.0568   0.3444   0.3880
   5.000   0.7285   0.02044   0.01160  -0.0551   0.3400   0.4014
   5.250   0.7445   0.02071   0.01196  -0.0533   0.3349   0.4137
   5.500   0.7607   0.02103   0.01229  -0.0515   0.3305   0.4280
   5.750   0.7766   0.02133   0.01268  -0.0496   0.3257   0.4430
   6.000   0.7917   0.02167   0.01306  -0.0477   0.3209   0.4605
   6.250   0.8072   0.02199   0.01347  -0.0459   0.3166   0.4784
   6.500   0.8215   0.02234   0.01391  -0.0440   0.3122   0.4978
   6.750   0.8366   0.02275   0.01433  -0.0423   0.3085   0.5226
   7.000   0.8518   0.02313   0.01483  -0.0406   0.3048   0.5453
   7.250   0.8668   0.02357   0.01528  -0.0389   0.3014   0.5790
   7.500   0.8831   0.02395   0.01580  -0.0374   0.2979   0.6104
   7.750   0.8976   0.02438   0.01643  -0.0358   0.2937   0.6584
   8.000   0.9243   0.02477   0.01701  -0.0363   0.2901   0.7345
   8.250   1.0379   0.02592   0.01859  -0.0545   0.2818   1.0000
   8.500   1.0553   0.02658   0.01919  -0.0535   0.2785   1.0000
   8.750   1.0704   0.02732   0.01997  -0.0524   0.2739   1.0000
   9.000   1.0855   0.02808   0.02070  -0.0513   0.2702   1.0000
   9.250   1.1008   0.02886   0.02146  -0.0503   0.2670   1.0000
   9.500   1.1152   0.02971   0.02226  -0.0493   0.2640   1.0000
   9.750   1.1294   0.03057   0.02307  -0.0482   0.2612   1.0000
  10.000   1.1436   0.03148   0.02393  -0.0472   0.2579   1.0000
  10.250   1.1573   0.03244   0.02489  -0.0462   0.2546   1.0000
  10.500   1.1716   0.03338   0.02576  -0.0453   0.2515   1.0000
  10.750   1.1866   0.03431   0.02663  -0.0445   0.2485   1.0000
  11.000   1.1987   0.03542   0.02778  -0.0435   0.2453   1.0000
  11.250   1.2119   0.03646   0.02880  -0.0426   0.2422   1.0000
  11.500   1.2277   0.03735   0.02960  -0.0419   0.2395   1.0000
  11.750   1.2333   0.03896   0.03135  -0.0408   0.2357   1.0000
  12.000   1.2432   0.04031   0.03274  -0.0400   0.2324   1.0000
  12.250   1.2531   0.04165   0.03406  -0.0392   0.2295   1.0000
  12.500   1.2635   0.04302   0.03547  -0.0385   0.2270   1.0000
  12.750   1.2731   0.04444   0.03691  -0.0378   0.2245   1.0000
  13.000   1.2839   0.04578   0.03821  -0.0372   0.2223   1.0000
  13.250   1.2970   0.04692   0.03925  -0.0367   0.2201   1.0000
  13.500   1.3043   0.04861   0.04100  -0.0360   0.2175   1.0000
  13.750   1.3126   0.05023   0.04266  -0.0355   0.2150   1.0000
  14.000   1.3222   0.05173   0.04420  -0.0350   0.2128   1.0000
  14.250   1.3369   0.05275   0.04513  -0.0345   0.2107   1.0000
  14.500   1.3478   0.05415   0.04653  -0.0340   0.2087   1.0000
  14.750   1.3514   0.05627   0.04874  -0.0336   0.2063   1.0000
  15.000   1.3596   0.05796   0.05047  -0.0332   0.2044   1.0000
  15.250   1.3694   0.05949   0.05200  -0.0329   0.2025   1.0000
  15.500   1.3845   0.06049   0.05294  -0.0325   0.2009   1.0000
  15.750   1.3957   0.06188   0.05432  -0.0322   0.1991   1.0000
  16.000   1.3917   0.06489   0.05749  -0.0321   0.1973   1.0000
  16.250   1.3893   0.06778   0.06050  -0.0320   0.1950   1.0000
  16.500   1.3933   0.07001   0.06279  -0.0319   0.1934   1.0000
  16.750   1.3996   0.07200   0.06481  -0.0319   0.1919   1.0000
  17.000   1.4095   0.07356   0.06638  -0.0318   0.1906   1.0000
  17.250   1.4142   0.07573   0.06858  -0.0318   0.1891   1.0000
  17.500   1.4120   0.07872   0.07168  -0.0320   0.1876   1.0000
  17.750   1.4102   0.08169   0.07472  -0.0324   0.1858   1.0000
  18.000   1.4135   0.08408   0.07719  -0.0326   0.1844   1.0000
  18.250   1.4199   0.08609   0.07921  -0.0328   0.1830   1.0000
  18.500   1.4322   0.08737   0.08046  -0.0329   0.1817   1.0000
  18.750   1.4550   0.08736   0.08034  -0.0326   0.1804   1.0000
  19.000   1.4538   0.09023   0.08330  -0.0329   0.1789   1.0000
  19.250   1.4220   0.09693   0.09026  -0.0345   0.1765   1.0000
  19.500   1.4103   0.10121   0.09467  -0.0356   0.1749   1.0000
  19.750   1.4095   0.10413   0.09764  -0.0363   0.1733   1.0000
  20.000   1.4178   0.10588   0.09940  -0.0367   0.1722   1.0000
