  
       XFOIL         Version 6.99
  
 Calculated polar for: Airfoil_rR0.985360.txt                          
  
 1 1 Reynolds number fixed          Mach number fixed         
  
 xtrf =   1.000 (top)        1.000 (bottom)  
 Mach =   0.000     Re =     0.050 e 6     Ncrit =   9.000
  
   alpha    CL        CD       CDp       CM     Top_Xtr  Bot_Xtr
  ------ -------- --------- --------- -------- -------- --------
 -19.000  -0.6023   0.23525   0.22602   0.0198   1.0000   0.0595
 -18.750  -0.5994   0.23705   0.22784   0.0165   1.0000   0.0601
 -18.250  -0.5733   0.22505   0.21589   0.0151   1.0000   0.0645
 -17.250  -0.5381   0.21416   0.20512   0.0080   1.0000   0.0733
 -17.000  -0.5288   0.21132   0.20231   0.0064   1.0000   0.0766
 -16.500  -0.5171   0.20891   0.19997   0.0018   1.0000   0.0799
 -11.500  -0.3146   0.14772   0.13977  -0.0275   1.0000   0.1281
 -11.000  -0.3100   0.14115   0.13329  -0.0283   1.0000   0.1332
 -10.750  -0.3514   0.13616   0.12805  -0.0257   1.0000   0.1327
 -10.500  -0.3163   0.13676   0.12899  -0.0301   1.0000   0.1400
 -10.250  -0.3530   0.13194   0.12397  -0.0283   1.0000   0.1400
 -10.000  -0.3391   0.12671   0.11878  -0.0276   1.0000   0.1431
  -9.750  -0.3126   0.12732   0.11974  -0.0311   1.0000   0.1500
  -9.500  -0.2989   0.12218   0.11465  -0.0300   1.0000   0.1539
  -9.250  -0.3018   0.11974   0.11229  -0.0303   1.0000   0.1587
  -9.000  -0.3357   0.11557   0.10794  -0.0295   1.0000   0.1594
  -8.750  -0.2987   0.11325   0.10595  -0.0296   1.0000   0.1668
  -8.500  -0.3151   0.11227   0.10510  -0.0300   1.0000   0.1701
  -8.250  -0.3436   0.10766   0.10034  -0.0290   1.0000   0.1707
  -8.000  -0.3153   0.10598   0.09900  -0.0280   1.0000   0.1795
  -7.750  -0.3131   0.10235   0.09546  -0.0265   1.0000   0.1830
  -7.250  -0.3602   0.09741   0.09052  -0.0231   1.0000   0.1886
  -6.750  -0.3617   0.09482   0.08842  -0.0194   1.0000   0.1998
  -6.500  -0.3844   0.09020   0.08364  -0.0200   1.0000   0.2015
  -6.250  -0.3863   0.08736   0.08088  -0.0185   1.0000   0.2079
  -6.000  -0.3914   0.08446   0.07807  -0.0183   1.0000   0.2126
  -5.250  -0.3595   0.05758   0.05010  -0.0463   1.0000   0.0899
  -5.000  -0.3425   0.05209   0.04440  -0.0479   1.0000   0.0879
  -4.750  -0.3117   0.04329   0.03458  -0.0534   1.0000   0.0894
  -4.500  -0.2851   0.03905   0.02988  -0.0547   1.0000   0.1115
  -4.250  -0.2831   0.04272   0.03443  -0.0503   1.0000   0.1637
  -4.000  -0.2686   0.04243   0.03422  -0.0490   1.0000   0.1980
  -3.750  -0.2325   0.03808   0.02911  -0.0528   1.0000   0.1920
  -3.500  -0.2017   0.03542   0.02594  -0.0547   1.0000   0.1927
  -3.250  -0.1732   0.03351   0.02364  -0.0559   1.0000   0.1963
  -3.000  -0.1450   0.03193   0.02166  -0.0570   1.0000   0.2022
  -2.750  -0.1212   0.03110   0.02073  -0.0573   1.0000   0.2149
  -2.500  -0.0957   0.03029   0.01965  -0.0579   1.0000   0.2303
  -2.250  -0.0720   0.02951   0.01885  -0.0581   1.0000   0.2436
  -2.000  -0.0473   0.02886   0.01809  -0.0585   1.0000   0.2619
  -1.750  -0.0242   0.02846   0.01770  -0.0587   1.0000   0.2895
  -1.500  -0.0007   0.02813   0.01751  -0.0590   1.0000   0.3266
  -1.250   0.0245   0.02777   0.01733  -0.0595   1.0000   0.3782
  -1.000   0.0521   0.02714   0.01724  -0.0604   1.0000   0.4664
  -0.750   0.0619   0.02512   0.01724  -0.0560   1.0000   0.8956
  -0.500   0.0792   0.02574   0.01715  -0.0564   1.0000   1.0000
  -0.250   0.1216   0.02686   0.01782  -0.0610   0.9915   1.0000
   0.000   0.1737   0.02802   0.01863  -0.0673   0.9758   1.0000
   0.250   0.2216   0.02906   0.01944  -0.0727   0.9615   1.0000
   0.500   0.2625   0.02999   0.02020  -0.0767   0.9473   1.0000
   0.750   0.3024   0.03087   0.02094  -0.0804   0.9330   1.0000
   1.000   0.3448   0.03175   0.02170  -0.0844   0.9202   1.0000
   1.250   0.3747   0.03256   0.02245  -0.0862   0.9055   1.0000
   1.500   0.4111   0.03336   0.02319  -0.0889   0.8923   1.0000
   1.750   0.4493   0.03412   0.02391  -0.0918   0.8798   1.0000
   2.000   0.4747   0.03499   0.02476  -0.0926   0.8652   1.0000
   2.250   0.5075   0.03579   0.02555  -0.0945   0.8523   1.0000
   2.500   0.5417   0.03657   0.02630  -0.0965   0.8405   1.0000
   2.750   0.5641   0.03753   0.02723  -0.0967   0.8262   1.0000
   3.000   0.5948   0.03826   0.02794  -0.0978   0.8126   1.0000
   3.250   0.6304   0.03881   0.02848  -0.0995   0.8002   1.0000
   3.500   0.6501   0.03986   0.02953  -0.0992   0.7857   1.0000
   3.750   0.6772   0.04075   0.03042  -0.0998   0.7733   1.0000
   4.000   0.7061   0.04158   0.03127  -0.1006   0.7617   1.0000
   4.250   0.7386   0.04217   0.03189  -0.1015   0.7501   1.0000
   4.500   0.7502   0.04370   0.03345  -0.1003   0.7358   1.0000
   4.750   0.7749   0.04462   0.03440  -0.1002   0.7233   1.0000
   5.000   0.8022   0.04540   0.03523  -0.1004   0.7117   1.0000
   5.250   0.8314   0.04601   0.03591  -0.1006   0.7004   1.0000
   5.500   0.8424   0.04765   0.03760  -0.0993   0.6861   1.0000
   5.750   0.8737   0.04783   0.03785  -0.0990   0.6726   1.0000
   6.000   0.9134   0.04703   0.03715  -0.0987   0.6583   1.0000
   6.250   0.9640   0.04469   0.03493  -0.0980   0.6414   1.0000
   6.500   1.0377   0.03907   0.02937  -0.0969   0.6199   1.0000
   6.750   1.0691   0.03743   0.02779  -0.0944   0.5961   1.0000
   7.000   1.1169   0.03444   0.02478  -0.0928   0.5720   1.0000
   7.250   1.1491   0.03324   0.02359  -0.0910   0.5484   1.0000
   7.500   1.1729   0.03270   0.02309  -0.0887   0.5228   1.0000
   7.750   1.1928   0.03122   0.02148  -0.0848   0.4847   1.0000
   8.000   1.1974   0.03015   0.02005  -0.0790   0.4316   1.0000
   8.250   1.1931   0.03035   0.01995  -0.0734   0.3777   1.0000
   9.000   1.1817   0.03475   0.02326  -0.0607   0.2194   1.0000
  11.000   1.1919   0.08496   0.07588  -0.0351   0.0796   1.0000
  15.000   0.8239   0.16563   0.15756  -0.0579   0.0693   1.0000
  15.250   0.7956   0.17428   0.16629  -0.0627   0.0756   1.0000
  19.750   1.1001   0.26680   0.25822  -0.1420   0.1118   1.0000
