  
       XFOIL         Version 6.99
  
 Calculated polar for: Airfoil_rR0.336133.txt                          
  
 1 1 Reynolds number fixed          Mach number fixed         
  
 xtrf =   1.000 (top)        1.000 (bottom)  
 Mach =   0.000     Re =     0.250 e 6     Ncrit =   9.000
  
   alpha    CL        CD       CDp       CM     Top_Xtr  Bot_Xtr
  ------ -------- --------- --------- -------- -------- --------
 -19.250  -0.3139   0.20771   0.20398  -0.0251   1.0000   0.0273
 -18.250  -0.4408   0.20648   0.20224  -0.0188   1.0000   0.0277
 -17.750  -0.4405   0.19421   0.18995  -0.0225   1.0000   0.0194
 -17.500  -0.3112   0.19594   0.19223  -0.0294   1.0000   0.0296
 -17.000  -0.4218   0.18654   0.18238  -0.0248   1.0000   0.0216
 -14.000  -0.2921   0.16664   0.16311  -0.0308   1.0000   0.0457
 -13.000  -0.3199   0.15551   0.15204  -0.0350   1.0000   0.0500
 -12.750  -0.3237   0.15245   0.14900  -0.0355   1.0000   0.0501
 -12.250  -0.2975   0.14772   0.14433  -0.0312   1.0000   0.0519
 -11.250  -0.3205   0.13870   0.13543  -0.0322   1.0000   0.0598
 -10.250  -0.3169   0.12787   0.12472  -0.0278   1.0000   0.0616
  -9.750  -0.2949   0.12110   0.11778  -0.0313   0.9971   0.0626
  -9.500  -0.6245   0.03235   0.02719  -0.0983   0.9813   0.0425
  -9.250  -0.2659   0.11348   0.11016  -0.0379   0.9923   0.0649
  -9.000  -0.5580   0.03125   0.02601  -0.1028   0.9731   0.0459
  -8.500  -0.4899   0.03004   0.02450  -0.1078   0.9649   0.0517
  -8.250  -0.4520   0.03211   0.02700  -0.1089   0.9617   0.0551
  -8.000  -0.3362   0.07707   0.07365  -0.0606   0.9741   0.0533
  -7.750  -0.3871   0.03008   0.02438  -0.1136   0.9536   0.0606
  -7.500  -0.3517   0.02790   0.02200  -0.1167   0.9515   0.0617
  -7.250  -0.3129   0.02644   0.02037  -0.1198   0.9500   0.0625
  -6.750  -0.2467   0.02374   0.01680  -0.1230   0.9415   0.0609
  -6.500  -0.2066   0.02241   0.01538  -0.1259   0.9400   0.0619
  -6.250  -0.1779   0.02164   0.01460  -0.1264   0.9335   0.0632
  -6.000  -0.1373   0.02090   0.01382  -0.1292   0.9313   0.0652
  -5.750  -0.1051   0.02024   0.01309  -0.1302   0.9258   0.0673
  -5.500  -0.0670   0.01948   0.01222  -0.1322   0.9225   0.0694
  -5.250  -0.0270   0.01837   0.01113  -0.1349   0.9208   0.0721
  -5.000   0.0030   0.01781   0.01061  -0.1354   0.9150   0.0755
  -4.750   0.0411   0.01710   0.00986  -0.1375   0.9124   0.0810
  -4.500   0.0812   0.01642   0.00922  -0.1400   0.9108   0.0889
  -4.250   0.1113   0.01593   0.00880  -0.1405   0.9047   0.0974
  -4.000   0.1504   0.01538   0.00825  -0.1426   0.9021   0.1088
  -3.750   0.1925   0.01476   0.00767  -0.1455   0.9004   0.1208
  -3.500   0.2233   0.01431   0.00727  -0.1460   0.8936   0.1318
  -3.000   0.3000   0.01339   0.00649  -0.1502   0.8849   0.1637
  -2.750   0.3414   0.01289   0.00606  -0.1529   0.8810   0.1824
  -2.500   0.3748   0.01256   0.00579  -0.1540   0.8733   0.2001
  -2.250   0.4099   0.01225   0.00554  -0.1554   0.8660   0.2209
  -2.000   0.4460   0.01193   0.00530  -0.1570   0.8585   0.2446
  -1.750   0.4814   0.01165   0.00508  -0.1585   0.8499   0.2710
  -1.500   0.5144   0.01143   0.00492  -0.1594   0.8395   0.2999
  -1.250   0.5417   0.01130   0.00487  -0.1592   0.8262   0.3301
  -1.000   0.5714   0.01112   0.00477  -0.1595   0.8135   0.3629
  -0.750   0.6022   0.01095   0.00468  -0.1600   0.8005   0.4005
  -0.500   0.6307   0.01082   0.00474  -0.1600   0.7853   0.4404
  -0.250   0.6604   0.01068   0.00467  -0.1603   0.7704   0.4877
   0.000   0.6873   0.01061   0.00469  -0.1599   0.7544   0.5431
   0.250   0.7135   0.01054   0.00473  -0.1594   0.7386   0.6023
   0.500   0.7385   0.01050   0.00479  -0.1586   0.7230   0.6645
   0.750   0.7618   0.01046   0.00486  -0.1574   0.7073   0.7274
   1.000   0.7827   0.01043   0.00491  -0.1555   0.6913   0.7927
   1.250   0.7988   0.01040   0.00494  -0.1524   0.6759   0.8627
   1.500   0.8195   0.01029   0.00482  -0.1503   0.6605   1.0000
   1.750   0.8454   0.01048   0.00486  -0.1499   0.6438   1.0000
   2.000   0.8715   0.01070   0.00492  -0.1496   0.6284   1.0000
   2.250   0.8965   0.01090   0.00501  -0.1490   0.6122   1.0000
   2.500   0.9211   0.01109   0.00509  -0.1484   0.5960   1.0000
   2.750   0.9461   0.01134   0.00517  -0.1479   0.5819   1.0000
   3.000   0.9707   0.01160   0.00531  -0.1472   0.5670   1.0000
   3.250   0.9948   0.01186   0.00546  -0.1465   0.5518   1.0000
   3.500   1.0190   0.01214   0.00562  -0.1458   0.5379   1.0000
   3.750   1.0426   0.01241   0.00579  -0.1450   0.5233   1.0000
   4.000   1.0656   0.01266   0.00597  -0.1441   0.5081   1.0000
   4.250   1.0881   0.01292   0.00613  -0.1431   0.4934   1.0000
   4.500   1.1109   0.01323   0.00633  -0.1422   0.4810   1.0000
   4.750   1.1334   0.01356   0.00656  -0.1412   0.4680   1.0000
   5.000   1.1555   0.01388   0.00680  -0.1402   0.4543   1.0000
   5.250   1.1772   0.01421   0.00705  -0.1391   0.4415   1.0000
   5.500   1.1984   0.01453   0.00730  -0.1379   0.4285   1.0000
   5.750   1.2192   0.01481   0.00755  -0.1366   0.4148   1.0000
   6.000   1.2388   0.01509   0.00779  -0.1351   0.4015   1.0000
   6.250   1.2578   0.01544   0.00806  -0.1335   0.3910   1.0000
   6.500   1.2773   0.01583   0.00837  -0.1321   0.3808   1.0000
   6.750   1.2969   0.01625   0.00873  -0.1306   0.3707   1.0000
   7.250   1.3125   0.01759   0.00979  -0.1239   0.2908   1.0000
   7.500   1.3269   0.01822   0.01026  -0.1218   0.2662   1.0000
   7.750   1.3408   0.01892   0.01079  -0.1197   0.2449   1.0000
   8.000   1.3551   0.01962   0.01136  -0.1177   0.2263   1.0000
   8.250   1.3684   0.02039   0.01200  -0.1156   0.2096   1.0000
   8.500   1.3821   0.02116   0.01263  -0.1136   0.1878   1.0000
   8.750   1.3942   0.02204   0.01337  -0.1115   0.1734   1.0000
   9.000   1.4079   0.02284   0.01408  -0.1096   0.1583   1.0000
   9.250   1.4176   0.02390   0.01496  -0.1073   0.1396   1.0000
   9.500   1.4294   0.02485   0.01582  -0.1053   0.1280   1.0000
   9.750   1.4397   0.02591   0.01678  -0.1032   0.1139   1.0000
  10.000   1.4505   0.02696   0.01773  -0.1012   0.0979   1.0000
  10.250   1.4538   0.02856   0.01911  -0.0985   0.0783   1.0000
  10.500   1.4562   0.03030   0.02068  -0.0959   0.0613   1.0000
  10.750   1.4775   0.03064   0.02128  -0.0953   0.0680   1.0000
  11.000   1.4820   0.03227   0.02281  -0.0930   0.0579   1.0000
  11.250   1.4847   0.03410   0.02454  -0.0908   0.0434   1.0000
  11.500   1.4886   0.03590   0.02630  -0.0888   0.0339   1.0000
  11.750   1.4821   0.03868   0.02893  -0.0861   0.0192   1.0000
  12.000   1.4820   0.04102   0.03112  -0.0842   0.0181   1.0000
  12.250   1.4896   0.04271   0.03291  -0.0830   0.0155   1.0000
  12.500   1.4975   0.04444   0.03476  -0.0818   0.0148   1.0000
  12.750   1.5039   0.04635   0.03680  -0.0808   0.0143   1.0000
  13.000   1.5091   0.04844   0.03900  -0.0797   0.0141   1.0000
  13.250   1.5131   0.05071   0.04139  -0.0788   0.0139   1.0000
  13.500   1.5160   0.05317   0.04397  -0.0779   0.0138   1.0000
  13.750   1.5181   0.05579   0.04671  -0.0772   0.0137   1.0000
  14.000   1.5197   0.05853   0.04959  -0.0766   0.0137   1.0000
  14.250   1.5206   0.06143   0.05264  -0.0762   0.0137   1.0000
  14.500   1.5187   0.06475   0.05617  -0.0758   0.0136   1.0000
  14.750   1.5170   0.06814   0.05972  -0.0756   0.0137   1.0000
  15.000   1.5145   0.07169   0.06344  -0.0756   0.0138   1.0000
  15.250   1.5109   0.07547   0.06738  -0.0758   0.0139   1.0000
  15.500   1.5064   0.07944   0.07152  -0.0761   0.0141   1.0000
  15.750   1.5007   0.08366   0.07590  -0.0767   0.0142   1.0000
  16.000   1.4941   0.08809   0.08051  -0.0774   0.0144   1.0000
  16.250   1.4866   0.09273   0.08531  -0.0783   0.0146   1.0000
  16.500   1.4788   0.09751   0.09026  -0.0795   0.0147   1.0000
  16.750   1.4704   0.10244   0.09535  -0.0808   0.0149   1.0000
  17.000   1.4622   0.10740   0.10048  -0.0824   0.0152   1.0000
  17.250   1.4541   0.11242   0.10565  -0.0841   0.0154   1.0000
  17.500   1.4464   0.11743   0.11082  -0.0860   0.0156   1.0000
  17.750   1.4394   0.12236   0.11591  -0.0880   0.0159   1.0000
  18.000   1.4332   0.12719   0.12086  -0.0900   0.0162   1.0000
  18.250   1.4279   0.13187   0.12566  -0.0921   0.0165   1.0000
  18.500   1.4238   0.13633   0.13023  -0.0942   0.0168   1.0000
  18.750   1.4209   0.14053   0.13453  -0.0962   0.0172   1.0000
  19.000   1.4195   0.14441   0.13850  -0.0980   0.0177   1.0000
  19.250   1.4202   0.14780   0.14198  -0.0995   0.0182   1.0000
  19.750   1.4262   0.15338   0.14776  -0.1018   0.0191   1.0000
  20.000   1.4311   0.15535   0.14980  -0.1021   0.0196   1.0000
