  
       XFOIL         Version 6.99
  
 Calculated polar for: Airfoil_rR0.442893.txt                          
  
 1 1 Reynolds number fixed          Mach number fixed         
  
 xtrf =   1.000 (top)        1.000 (bottom)  
 Mach =   0.000     Re =     0.200 e 6     Ncrit =   9.000
  
   alpha    CL        CD       CDp       CM     Top_Xtr  Bot_Xtr
  ------ -------- --------- --------- -------- -------- --------
 -15.750  -0.3087   0.18386   0.17969  -0.0313   1.0000   0.0315
 -12.000  -0.3145   0.13581   0.13186  -0.0353   1.0000   0.0285
 -11.000  -0.3577   0.11679   0.11282  -0.0368   1.0000   0.0286
  -9.250  -0.6668   0.03686   0.03212  -0.0707   1.0000   0.0190
  -9.000  -0.6511   0.03273   0.02752  -0.0737   1.0000   0.0194
  -8.750  -0.6311   0.03020   0.02465  -0.0752   1.0000   0.0200
  -8.500  -0.5979   0.02777   0.02199  -0.0790   0.9979   0.0216
  -8.250  -0.5578   0.02806   0.02235  -0.0822   0.9938   0.0242
  -8.000  -0.5158   0.02745   0.02143  -0.0860   0.9906   0.0292
  -7.750  -0.4803   0.02680   0.02075  -0.0888   0.9860   0.0322
  -7.500  -0.4214   0.06531   0.06203  -0.0568   0.9830   0.0437
  -6.750  -0.3205   0.07504   0.07152  -0.0530   0.9732   0.0859
  -6.500  -0.2780   0.04689   0.04291  -0.0868   0.9538   0.0731
  -6.250  -0.2627   0.02882   0.02250  -0.1035   0.9602   0.0664
  -6.000  -0.2306   0.02694   0.02022  -0.1054   0.9544   0.0680
  -5.750  -0.1901   0.02533   0.01822  -0.1086   0.9515   0.0691
  -5.500  -0.1545   0.02413   0.01673  -0.1107   0.9469   0.0698
  -5.250  -0.1178   0.02272   0.01519  -0.1131   0.9430   0.0715
  -5.000  -0.0766   0.02187   0.01434  -0.1162   0.9405   0.0738
  -4.750  -0.0448   0.02110   0.01348  -0.1172   0.9341   0.0755
  -4.500  -0.0039   0.02010   0.01238  -0.1199   0.9314   0.0767
  -4.250   0.0295   0.01934   0.01155  -0.1211   0.9259   0.0784
  -4.000   0.0674   0.01846   0.01065  -0.1232   0.9225   0.0812
  -3.750   0.1082   0.01769   0.00997  -0.1260   0.9204   0.0867
  -3.500   0.1390   0.01710   0.00944  -0.1268   0.9137   0.0948
  -2.750   0.2544   0.01517   0.00781  -0.1334   0.9019   0.1563
  -2.250   0.3277   0.01419   0.00708  -0.1371   0.8921   0.2195
  -2.000   0.3627   0.01375   0.00679  -0.1386   0.8865   0.2570
  -1.750   0.3999   0.01325   0.00644  -0.1405   0.8815   0.2982
  -1.500   0.4325   0.01288   0.00621  -0.1415   0.8738   0.3410
  -1.250   0.4665   0.01245   0.00597  -0.1427   0.8666   0.3926
  -0.750   0.5316   0.01152   0.00568  -0.1445   0.8504   0.5741
  -0.500   0.5590   0.01112   0.00563  -0.1440   0.8404   0.6847
  -0.250   0.5804   0.01081   0.00560  -0.1420   0.8290   0.7906
   0.000   0.5959   0.01052   0.00551  -0.1383   0.8161   0.9123
   0.250   0.6301   0.01035   0.00536  -0.1394   0.8034   1.0000
   0.500   0.6612   0.01033   0.00518  -0.1400   0.7912   1.0000
   0.750   0.6905   0.01036   0.00506  -0.1402   0.7771   1.0000
   1.000   0.7196   0.01042   0.00495  -0.1404   0.7620   1.0000
   1.250   0.7470   0.01052   0.00491  -0.1402   0.7455   1.0000
   1.500   0.7747   0.01063   0.00486  -0.1401   0.7294   1.0000
   1.750   0.8004   0.01076   0.00488  -0.1396   0.7122   1.0000
   2.000   0.8261   0.01090   0.00490  -0.1392   0.6952   1.0000
   2.250   0.8531   0.01106   0.00489  -0.1390   0.6801   1.0000
   2.500   0.8787   0.01126   0.00498  -0.1385   0.6636   1.0000
   2.750   0.9041   0.01147   0.00507  -0.1380   0.6472   1.0000
   3.000   0.9294   0.01170   0.00517  -0.1375   0.6312   1.0000
   3.250   0.9539   0.01191   0.00530  -0.1369   0.6144   1.0000
   3.500   0.9777   0.01211   0.00540  -0.1361   0.5964   1.0000
   3.750   1.0016   0.01237   0.00549  -0.1353   0.5790   1.0000
   4.000   1.0249   0.01265   0.00564  -0.1344   0.5605   1.0000
   4.250   1.0482   0.01293   0.00583  -0.1336   0.5430   1.0000
   4.500   1.0717   0.01322   0.00602  -0.1328   0.5274   1.0000
   4.750   1.0951   0.01349   0.00624  -0.1321   0.5123   1.0000
   5.000   1.1184   0.01374   0.00644  -0.1313   0.4974   1.0000
   5.250   1.1414   0.01404   0.00665  -0.1304   0.4841   1.0000
   5.500   1.1638   0.01440   0.00689  -0.1295   0.4702   1.0000
   5.750   1.1858   0.01473   0.00717  -0.1285   0.4546   1.0000
   6.000   1.2073   0.01509   0.00744  -0.1274   0.4398   1.0000
   6.250   1.2281   0.01540   0.00772  -0.1262   0.4226   1.0000
   6.500   1.2454   0.01571   0.00794  -0.1243   0.3951   1.0000
   6.750   1.2585   0.01630   0.00826  -0.1218   0.3658   1.0000
   7.000   1.2721   0.01694   0.00869  -0.1194   0.3351   1.0000
   7.500   1.2714   0.01961   0.01043  -0.1104   0.1772   1.0000
   7.750   1.2749   0.02110   0.01139  -0.1069   0.1208   1.0000
   8.000   1.2811   0.02244   0.01235  -0.1038   0.0792   1.0000
   8.250   1.2904   0.02357   0.01329  -0.1012   0.0565   1.0000
   8.500   1.3012   0.02461   0.01423  -0.0988   0.0412   1.0000
   9.000   1.3223   0.02675   0.01631  -0.0942   0.0196   1.0000
   9.250   1.3346   0.02772   0.01728  -0.0923   0.0189   1.0000
   9.500   1.3455   0.02882   0.01839  -0.0902   0.0179   1.0000
   9.750   1.3568   0.02989   0.01954  -0.0883   0.0174   1.0000
  10.000   1.3681   0.03100   0.02076  -0.0865   0.0171   1.0000
  10.250   1.3792   0.03215   0.02205  -0.0847   0.0170   1.0000
  10.500   1.3897   0.03337   0.02342  -0.0829   0.0169   1.0000
  10.750   1.4003   0.03461   0.02483  -0.0813   0.0168   1.0000
  11.000   1.4092   0.03603   0.02643  -0.0796   0.0169   1.0000
  11.250   1.4168   0.03761   0.02819  -0.0778   0.0171   1.0000
  11.500   1.4227   0.03939   0.03013  -0.0761   0.0173   1.0000
  11.750   1.4268   0.04141   0.03230  -0.0744   0.0176   1.0000
  12.000   1.4286   0.04371   0.03476  -0.0728   0.0178   1.0000
  12.250   1.4281   0.04633   0.03755  -0.0713   0.0181   1.0000
  12.500   1.4255   0.04926   0.04065  -0.0699   0.0184   1.0000
  12.750   1.4210   0.05253   0.04408  -0.0687   0.0187   1.0000
  13.000   1.4150   0.05610   0.04780  -0.0678   0.0190   1.0000
  13.250   1.4081   0.05990   0.05175  -0.0671   0.0192   1.0000
  13.500   1.4010   0.06382   0.05580  -0.0665   0.0195   1.0000
