  
       XFOIL         Version 6.99
  
 Calculated polar for: Airfoil_rR0.923307.txt                          
  
 1 1 Reynolds number fixed          Mach number fixed         
  
 xtrf =   1.000 (top)        1.000 (bottom)  
 Mach =   0.000     Re =     0.100 e 6     Ncrit =   9.000
  
   alpha    CL        CD       CDp       CM     Top_Xtr  Bot_Xtr
  ------ -------- --------- --------- -------- -------- --------
 -17.500  -0.5443   0.21389   0.20732   0.0107   1.0000   0.0283
 -16.500  -0.5097   0.20204   0.19559   0.0033   1.0000   0.0319
 -16.250  -0.5000   0.19892   0.19251   0.0021   1.0000   0.0338
 -13.500  -0.3322   0.16798   0.16211  -0.0245   1.0000   0.0594
 -12.750  -0.3337   0.15954   0.15371  -0.0272   1.0000   0.0609
 -12.250  -0.3182   0.15132   0.14552  -0.0269   1.0000   0.0634
  -8.750  -0.3297   0.10506   0.09962  -0.0333   1.0000   0.0823
  -8.000  -0.3348   0.10064   0.09568  -0.0325   1.0000   0.0899
  -7.250  -0.3841   0.09184   0.08696  -0.0274   1.0000   0.0913
  -6.500  -0.3967   0.08417   0.07948  -0.0231   1.0000   0.0961
  -5.750  -0.4045   0.07353   0.06889  -0.0293   1.0000   0.1018
  -5.000  -0.3220   0.03293   0.02527  -0.0558   1.0000   0.0402
  -4.750  -0.2859   0.02693   0.01832  -0.0582   1.0000   0.0413
  -4.500  -0.2539   0.02415   0.01509  -0.0588   1.0000   0.0509
  -4.250  -0.2306   0.02398   0.01489  -0.0587   1.0000   0.0772
  -4.000  -0.2090   0.02399   0.01477  -0.0585   0.9999   0.0886
  -3.750  -0.1664   0.02506   0.01595  -0.0633   0.9925   0.1112
  -3.500  -0.1251   0.02491   0.01587  -0.0672   0.9860   0.1245
  -3.250  -0.0797   0.02388   0.01454  -0.0710   0.9807   0.1310
  -3.000  -0.0386   0.02313   0.01370  -0.0742   0.9734   0.1402
  -2.750   0.0038   0.02243   0.01314  -0.0777   0.9662   0.1530
  -2.500   0.0488   0.02187   0.01269  -0.0817   0.9594   0.1752
  -2.250   0.0894   0.02141   0.01240  -0.0849   0.9509   0.2058
  -2.000   0.1281   0.02090   0.01210  -0.0876   0.9422   0.2461
  -1.750   0.1659   0.02032   0.01181  -0.0901   0.9338   0.3019
  -1.500   0.2036   0.01965   0.01162  -0.0926   0.9259   0.3919
  -1.250   0.2367   0.01805   0.01160  -0.0931   0.9207   0.7578
  -1.000   0.2776   0.01769   0.01125  -0.0953   0.9111   1.0000
  -0.750   0.3159   0.01767   0.01103  -0.0976   0.9014   1.0000
  -0.500   0.3540   0.01763   0.01083  -0.0998   0.8923   1.0000
  -0.250   0.3904   0.01755   0.01063  -0.1016   0.8831   1.0000
   0.000   0.4255   0.01746   0.01045  -0.1031   0.8737   1.0000
   0.250   0.4596   0.01738   0.01028  -0.1043   0.8643   1.0000
   0.500   0.4926   0.01728   0.01011  -0.1052   0.8545   1.0000
   0.750   0.5247   0.01718   0.00996  -0.1059   0.8444   1.0000
   1.000   0.5558   0.01709   0.00982  -0.1064   0.8339   1.0000
   1.250   0.5861   0.01700   0.00970  -0.1067   0.8231   1.0000
   1.500   0.6159   0.01693   0.00957  -0.1068   0.8122   1.0000
   1.750   0.6451   0.01687   0.00944  -0.1069   0.8011   1.0000
   2.000   0.6754   0.01673   0.00924  -0.1070   0.7905   1.0000
   2.250   0.7027   0.01673   0.00917  -0.1067   0.7777   1.0000
   2.500   0.7301   0.01675   0.00913  -0.1064   0.7646   1.0000
   2.750   0.7584   0.01677   0.00908  -0.1062   0.7522   1.0000
   3.000   0.7869   0.01682   0.00904  -0.1060   0.7401   1.0000
   3.250   0.8112   0.01701   0.00920  -0.1053   0.7244   1.0000
   3.500   0.8383   0.01696   0.00905  -0.1046   0.7090   1.0000
   3.750   0.8639   0.01688   0.00889  -0.1037   0.6912   1.0000
   4.000   0.8893   0.01684   0.00872  -0.1027   0.6722   1.0000
   4.250   0.9140   0.01687   0.00865  -0.1016   0.6525   1.0000
   4.500   0.9381   0.01699   0.00868  -0.1007   0.6332   1.0000
   4.750   0.9617   0.01711   0.00873  -0.0996   0.6138   1.0000
   5.000   0.9850   0.01720   0.00876  -0.0985   0.5940   1.0000
   5.250   1.0089   0.01733   0.00878  -0.0976   0.5751   1.0000
   5.500   1.0324   0.01756   0.00892  -0.0966   0.5563   1.0000
   5.750   1.0555   0.01783   0.00914  -0.0957   0.5382   1.0000
   6.000   1.0782   0.01810   0.00939  -0.0947   0.5203   1.0000
   6.250   1.0998   0.01835   0.00969  -0.0936   0.5011   1.0000
   6.500   1.1206   0.01856   0.00978  -0.0921   0.4782   1.0000
   6.750   1.1341   0.01887   0.00984  -0.0894   0.4313   1.0000
   7.000   1.1440   0.01943   0.00996  -0.0863   0.3675   1.0000
   7.250   1.1591   0.02017   0.01048  -0.0844   0.3213   1.0000
   7.500   1.1728   0.02105   0.01102  -0.0824   0.2503   1.0000
   7.750   1.1798   0.02255   0.01191  -0.0797   0.1870   1.0000
   8.000   1.1889   0.02401   0.01293  -0.0773   0.1379   1.0000
  12.250   1.0419   0.10021   0.09416  -0.0307   0.0556   1.0000
