  
       XFOIL         Version 6.99
  
 Calculated polar for: Airfoil_rR0.549653.txt                          
  
 1 1 Reynolds number fixed          Mach number fixed         
  
 xtrf =   1.000 (top)        1.000 (bottom)  
 Mach =   0.000     Re =     0.050 e 6     Ncrit =   9.000
  
   alpha    CL        CD       CDp       CM     Top_Xtr  Bot_Xtr
  ------ -------- --------- --------- -------- -------- --------
 -19.500  -0.5555   0.23351   0.22406   0.0059   1.0000   0.0661
 -18.500  -0.5291   0.22805   0.21872  -0.0028   1.0000   0.0700
 -18.250  -0.5181   0.22318   0.21390  -0.0040   1.0000   0.0706
 -17.000  -0.3176   0.19813   0.18995  -0.0261   1.0000   0.0826
 -15.750  -0.3208   0.19444   0.18629  -0.0296   1.0000   0.0901
 -15.500  -0.3092   0.18864   0.18055  -0.0294   1.0000   0.0917
 -13.750  -0.3817   0.17055   0.16206  -0.0269   1.0000   0.1010
 -13.500  -0.3151   0.17196   0.16383  -0.0329   1.0000   0.1101
 -13.250  -0.2997   0.16584   0.15775  -0.0321   1.0000   0.1131
 -12.750  -0.3025   0.16122   0.15316  -0.0330   1.0000   0.1193
 -11.500  -0.2940   0.14505   0.13717  -0.0332   1.0000   0.1340
 -11.250  -0.2972   0.14265   0.13481  -0.0335   1.0000   0.1388
 -11.000  -0.2975   0.13932   0.13154  -0.0335   1.0000   0.1418
 -10.750  -0.2968   0.13632   0.12859  -0.0332   1.0000   0.1486
 -10.500  -0.2938   0.13258   0.12491  -0.0327   1.0000   0.1541
 -10.250  -0.3042   0.13094   0.12334  -0.0331   1.0000   0.1597
 -10.000  -0.3013   0.12724   0.11970  -0.0322   1.0000   0.1691
  -9.750  -0.3339   0.12219   0.11444  -0.0319   1.0000   0.1695
  -9.500  -0.3343   0.11924   0.11158  -0.0311   1.0000   0.1794
  -9.250  -0.3270   0.11580   0.10821  -0.0293   1.0000   0.1974
  -9.000  -0.2979   0.11620   0.10898  -0.0269   1.0000   0.2275
  -8.750  -0.3006   0.11362   0.10649  -0.0259   1.0000   0.2329
  -8.500  -0.3290   0.10887   0.10155  -0.0250   1.0000   0.2373
  -8.250  -0.3331   0.10656   0.09933  -0.0237   1.0000   0.2429
  -8.000  -0.3484   0.10559   0.09849  -0.0219   1.0000   0.2496
  -7.750  -0.3413   0.10231   0.09527  -0.0202   1.0000   0.2571
  -7.500  -0.3497   0.10037   0.09343  -0.0180   1.0000   0.2630
  -7.000  -0.3506   0.09946   0.09300  -0.0123   1.0000   0.2795
  -6.500  -0.3921   0.09337   0.08687  -0.0081   1.0000   0.2916
  -6.000  -0.4074   0.08917   0.08286  -0.0047   1.0000   0.3110
  -5.500  -0.4089   0.08417   0.07799  -0.0004   1.0000   0.3341
  -5.250  -0.4183   0.08220   0.07610  -0.0002   1.0000   0.3498
  -5.000  -0.4138   0.07943   0.07339   0.0029   1.0000   0.3637
  -4.000  -0.2888   0.04890   0.04111  -0.0513   1.0000   0.1978
  -3.750  -0.2500   0.04388   0.03545  -0.0573   1.0000   0.1860
  -3.500  -0.2122   0.03999   0.03081  -0.0621   1.0000   0.1814
  -3.250  -0.1827   0.03784   0.02827  -0.0640   1.0000   0.1823
  -3.000  -0.1550   0.03624   0.02638  -0.0654   1.0000   0.1856
  -2.750  -0.1257   0.03474   0.02445  -0.0670   1.0000   0.1911
  -2.500  -0.1005   0.03392   0.02346  -0.0677   1.0000   0.2010
  -2.250  -0.0783   0.03353   0.02311  -0.0680   1.0000   0.2164
  -2.000  -0.0545   0.03303   0.02255  -0.0685   1.0000   0.2340
  -1.750  -0.0294   0.03251   0.02198  -0.0691   1.0000   0.2541
  -1.500  -0.0055   0.03223   0.02174  -0.0696   1.0000   0.2827
  -1.250   0.0178   0.03213   0.02176  -0.0701   1.0000   0.3216
  -1.000   0.0422   0.03208   0.02189  -0.0707   1.0000   0.3714
  -0.750   0.0680   0.03199   0.02214  -0.0715   1.0000   0.4410
  -0.500   0.1184   0.03108   0.02267  -0.0752   0.9914   0.6667
  -0.250   0.1534   0.03083   0.02249  -0.0770   0.9731   1.0000
   0.000   0.2033   0.03194   0.02312  -0.0826   0.9585   1.0000
   0.250   0.2436   0.03286   0.02377  -0.0864   0.9440   1.0000
   0.500   0.2873   0.03381   0.02448  -0.0906   0.9308   1.0000
   0.750   0.3217   0.03467   0.02518  -0.0931   0.9168   1.0000
   1.000   0.3574   0.03552   0.02589  -0.0958   0.9032   1.0000
   1.250   0.3971   0.03633   0.02659  -0.0989   0.8906   1.0000
   1.500   0.4260   0.03718   0.02735  -0.1003   0.8765   1.0000
   1.750   0.4587   0.03800   0.02811  -0.1022   0.8632   1.0000
   2.000   0.4948   0.03877   0.02893  -0.1045   0.8508   1.0000
   2.250   0.5208   0.03968   0.02977  -0.1052   0.8371   1.0000
   2.500   0.5502   0.04048   0.03051  -0.1063   0.8233   1.0000
   2.750   0.5868   0.04106   0.03102  -0.1082   0.8106   1.0000
   3.000   0.6092   0.04197   0.03190  -0.1081   0.7957   1.0000
   3.250   0.6400   0.04267   0.03255  -0.1091   0.7827   1.0000
   3.500   0.6731   0.04330   0.03316  -0.1103   0.7708   1.0000
   3.750   0.6943   0.04441   0.03425  -0.1101   0.7575   1.0000
   4.000   0.7168   0.04544   0.03528  -0.1100   0.7442   1.0000
   4.250   0.7473   0.04604   0.03587  -0.1105   0.7319   1.0000
   4.500   0.7817   0.04635   0.03618  -0.1112   0.7202   1.0000
   4.750   0.7908   0.04811   0.03796  -0.1098   0.7058   1.0000
   5.000   0.8131   0.04919   0.03907  -0.1095   0.6938   1.0000
   5.250   0.8409   0.04986   0.03977  -0.1095   0.6822   1.0000
   5.500   0.8755   0.04991   0.03986  -0.1097   0.6706   1.0000
   5.750   0.8841   0.05177   0.04176  -0.1081   0.6558   1.0000
   6.000   0.9153   0.05180   0.04185  -0.1077   0.6426   1.0000
   6.250   0.9644   0.05000   0.04012  -0.1076   0.6307   1.0000
   6.500   0.9752   0.05138   0.04156  -0.1056   0.6141   1.0000
   6.750   1.0409   0.04773   0.03800  -0.1061   0.6014   1.0000
   7.000   1.0747   0.04704   0.03740  -0.1051   0.5865   1.0000
   7.250   1.1178   0.04568   0.03613  -0.1049   0.5726   1.0000
   7.500   1.1623   0.04379   0.03430  -0.1042   0.5552   1.0000
   7.750   1.2246   0.03988   0.03034  -0.1043   0.5319   1.0000
   8.250   1.2477   0.03231   0.02289  -0.0887   0.4086   1.0000
   8.750   1.2337   0.03419   0.02462  -0.0774   0.3231   1.0000
   9.500   1.1906   0.04237   0.03168  -0.0646   0.1443   1.0000
   9.750   1.1731   0.04654   0.03547  -0.0618   0.1136   1.0000
  10.000   1.1601   0.05062   0.03936  -0.0596   0.0923   1.0000
  10.250   1.1497   0.05459   0.04320  -0.0579   0.0811   1.0000
  10.500   1.1437   0.05821   0.04680  -0.0565   0.0731   1.0000
  10.750   1.1400   0.06162   0.05017  -0.0551   0.0679   1.0000
  11.000   1.1412   0.06456   0.05314  -0.0536   0.0633   1.0000
  11.250   1.1456   0.06710   0.05553  -0.0518   0.0597   1.0000
  11.500   1.1641   0.06855   0.05720  -0.0494   0.0562   1.0000
  11.750   1.1899   0.06973   0.05849  -0.0468   0.0533   1.0000
  12.000   1.2190   0.07130   0.06006  -0.0448   0.0513   1.0000
  12.500   1.2668   0.07748   0.06661  -0.0421   0.0499   1.0000
  13.250   1.2426   0.09111   0.08133  -0.0409   0.0509   1.0000
  13.500   1.2214   0.09682   0.08741  -0.0422   0.0514   1.0000
  15.750   0.8130   0.17610   0.16877  -0.0686   0.0696   1.0000
