  
       XFOIL         Version 6.99
  
 Calculated polar for: Airfoil_rR0.176560.txt                          
  
 1 1 Reynolds number fixed          Mach number fixed         
  
 xtrf =   1.000 (top)        1.000 (bottom)  
 Mach =   0.000     Re =     0.150 e 6     Ncrit =   9.000
  
   alpha    CL        CD       CDp       CM     Top_Xtr  Bot_Xtr
  ------ -------- --------- --------- -------- -------- --------
 -20.000  -0.3472   0.22603   0.22046  -0.0194   1.0000   0.0772
 -19.500  -0.3424   0.21980   0.21427  -0.0224   1.0000   0.0819
 -19.250  -0.3308   0.21803   0.21253  -0.0223   1.0000   0.0836
 -19.000  -0.3225   0.21615   0.21067  -0.0228   1.0000   0.0867
 -18.750  -0.1910   0.20759   0.20308  -0.0259   1.0000   0.0856
 -18.250  -0.1993   0.20499   0.20047  -0.0273   1.0000   0.0913
 -17.750  -0.2910   0.20535   0.20000  -0.0259   1.0000   0.0943
 -17.500  -0.2838   0.20350   0.19816  -0.0262   1.0000   0.0958
 -17.250  -0.2794   0.20155   0.19623  -0.0269   1.0000   0.0986
 -17.000  -0.1857   0.20018   0.19573  -0.0260   1.0000   0.0997
 -16.750  -0.2823   0.19709   0.19183  -0.0294   1.0000   0.1012
 -16.250  -0.2608   0.19285   0.18765  -0.0284   1.0000   0.1026
 -15.750  -0.2469   0.18924   0.18412  -0.0280   1.0000   0.1051
 -15.500  -0.2425   0.18734   0.18225  -0.0280   1.0000   0.1071
 -15.250  -0.1764   0.19298   0.18869  -0.0227   1.0000   0.1075
 -14.750  -0.2428   0.18049   0.17551  -0.0289   1.0000   0.1118
 -14.000  -0.2240   0.17561   0.17076  -0.0265   1.0000   0.1162
 -13.250  -0.2377   0.16973   0.16500  -0.0266   1.0000   0.1213
 -12.750  -0.2241   0.16672   0.16209  -0.0237   1.0000   0.1229
 -12.500  -0.2214   0.16546   0.16088  -0.0224   1.0000   0.1240
 -12.250  -0.1114   0.16642   0.16207  -0.0385   0.9852   0.1283
 -12.000  -0.2245   0.16292   0.15845  -0.0204   1.0000   0.1280
 -11.500  -0.0776   0.15576   0.15136  -0.0475   0.9769   0.1329
 -11.000  -0.0443   0.14899   0.14457  -0.0536   0.9710   0.1369
 -10.750  -0.1188   0.14484   0.14028  -0.0436   0.9821   0.1376
  -9.500  -0.5459   0.05357   0.04780  -0.1058   0.9317   0.1305
  -9.000   0.0133   0.11811   0.11353  -0.0720   0.9508   0.1567
  -8.500  -0.4559   0.04455   0.03839  -0.1147   0.9019   0.1392
  -8.250  -0.4384   0.04175   0.03535  -0.1165   0.8932   0.1418
  -8.000  -0.3876   0.04210   0.03595  -0.1187   0.8904   0.1443
  -7.750  -0.3624   0.04037   0.03408  -0.1201   0.8823   0.1476
  -7.500   0.0347   0.08708   0.08238  -0.0972   0.9116   0.1611
  -7.250  -0.2959   0.03750   0.03105  -0.1241   0.8711   0.1542
  -7.000  -0.2711   0.03593   0.02918  -0.1248   0.8625   0.1580
  -6.750  -0.2324   0.03328   0.02617  -0.1285   0.8599   0.1617
  -6.500  -0.2018   0.03253   0.02552  -0.1287   0.8520   0.1639
  -6.250  -0.1642   0.03113   0.02400  -0.1307   0.8472   0.1672
  -5.750  -0.0754   0.02809   0.02073  -0.1371   0.8403   0.1745
  -5.500  -0.0447   0.02712   0.01963  -0.1377   0.8310   0.1782
  -5.250  -0.0137   0.02613   0.01853  -0.1384   0.8211   0.1820
  -5.000   0.0277   0.02549   0.01796  -0.1404   0.8132   0.1861
  -4.750   0.0742   0.02439   0.01665  -0.1439   0.8060   0.1914
  -4.500   0.1261   0.02370   0.01598  -0.1481   0.7982   0.1959
  -4.250   0.1563   0.02303   0.01505  -0.1486   0.7852   0.2008
  -4.000   0.1944   0.02256   0.01468  -0.1502   0.7729   0.2048
  -3.750   0.2356   0.02191   0.01376  -0.1526   0.7611   0.2106
  -3.500   0.2692   0.02154   0.01346  -0.1534   0.7474   0.2144
  -3.250   0.2970   0.02116   0.01292  -0.1531   0.7324   0.2193
  -3.000   0.3306   0.02083   0.01257  -0.1539   0.7188   0.2238
  -2.750   0.3556   0.02063   0.01226  -0.1531   0.7037   0.2291
  -2.500   0.3882   0.02039   0.01196  -0.1537   0.6906   0.2343
  -2.250   0.4133   0.02022   0.01161  -0.1530   0.6763   0.2407
  -2.000   0.4387   0.02007   0.01150  -0.1523   0.6624   0.2458
  -1.750   0.4631   0.01990   0.01124  -0.1514   0.6488   0.2522
  -1.500   0.4918   0.01981   0.01119  -0.1513   0.6364   0.2589
  -1.250   0.5162   0.01979   0.01115  -0.1504   0.6226   0.2649
  -1.000   0.5400   0.01977   0.01105  -0.1493   0.6093   0.2722
  -0.750   0.5613   0.01976   0.01095  -0.1478   0.5958   0.2806
  -0.500   0.5885   0.01978   0.01086  -0.1475   0.5842   0.2897
  -0.250   0.6137   0.01983   0.01087  -0.1468   0.5719   0.2988
   0.000   0.6362   0.01989   0.01092  -0.1456   0.5599   0.3077
   0.250   0.6573   0.01993   0.01096  -0.1441   0.5482   0.3169
   0.500   0.6824   0.02001   0.01096  -0.1434   0.5377   0.3274
   0.750   0.7068   0.02012   0.01099  -0.1425   0.5269   0.3385
   1.000   0.7300   0.02023   0.01104  -0.1415   0.5161   0.3505
   1.250   0.7495   0.02031   0.01118  -0.1398   0.5053   0.3606
   1.500   0.7714   0.02040   0.01126  -0.1385   0.4957   0.3721
   1.750   0.7956   0.02052   0.01134  -0.1376   0.4869   0.3846
   2.000   0.8200   0.02069   0.01144  -0.1368   0.4781   0.3986
   2.250   0.8448   0.02087   0.01160  -0.1362   0.4695   0.4127
   2.500   0.8647   0.02104   0.01180  -0.1346   0.4605   0.4270
   2.750   0.8842   0.02121   0.01201  -0.1329   0.4518   0.4420
   3.000   0.9055   0.02139   0.01220  -0.1316   0.4437   0.4585
   3.250   0.9279   0.02159   0.01241  -0.1305   0.4360   0.4758
   3.500   0.9519   0.02181   0.01263  -0.1297   0.4287   0.4944
   3.750   0.9728   0.02207   0.01292  -0.1283   0.4211   0.5150
   4.000   0.9920   0.02232   0.01326  -0.1267   0.4135   0.5360
   4.250   1.0135   0.02258   0.01356  -0.1255   0.4067   0.5591
   4.500   1.0370   0.02280   0.01378  -0.1246   0.4004   0.5855
   4.750   1.0557   0.02309   0.01419  -0.1229   0.3936   0.6113
   5.000   1.0778   0.02337   0.01450  -0.1218   0.3874   0.6424
   5.250   1.0977   0.02365   0.01486  -0.1203   0.3812   0.6757
   5.500   1.1139   0.02393   0.01530  -0.1181   0.3750   0.7131
   5.750   1.1354   0.02414   0.01554  -0.1168   0.3696   0.7604
   6.000   1.1417   0.02434   0.01601  -0.1126   0.3634   0.8181
   6.250   1.1552   0.02423   0.01600  -0.1097   0.3585   1.0000
   6.500   1.1777   0.02471   0.01635  -0.1092   0.3529   1.0000
   6.750   1.2028   0.02521   0.01668  -0.1090   0.3477   1.0000
   7.000   1.2221   0.02578   0.01718  -0.1079   0.3419   1.0000
   7.250   1.2408   0.02637   0.01771  -0.1067   0.3366   1.0000
   7.500   1.2601   0.02691   0.01818  -0.1056   0.3313   1.0000
   7.750   1.2747   0.02755   0.01882  -0.1038   0.3263   1.0000
   8.000   1.2917   0.02812   0.01934  -0.1023   0.3214   1.0000
   8.250   1.3066   0.02876   0.02006  -0.1006   0.3169   1.0000
   8.500   1.3216   0.02938   0.02066  -0.0990   0.3124   1.0000
   8.750   1.3413   0.02994   0.02113  -0.0980   0.3085   1.0000
   9.000   1.3544   0.03069   0.02189  -0.0962   0.3040   1.0000
   9.250   1.3793   0.03117   0.02220  -0.0960   0.3003   1.0000
   9.500   1.3888   0.03212   0.02321  -0.0938   0.2960   1.0000
   9.750   1.4067   0.03283   0.02386  -0.0927   0.2918   1.0000
  10.000   1.4242   0.03361   0.02459  -0.0917   0.2880   1.0000
  10.250   1.4311   0.03468   0.02575  -0.0893   0.2838   1.0000
  10.500   1.4544   0.03525   0.02618  -0.0890   0.2803   1.0000
  10.750   1.4548   0.03659   0.02768  -0.0861   0.2763   1.0000
  11.000   1.4625   0.03769   0.02883  -0.0841   0.2726   1.0000
  11.250   1.4833   0.03828   0.02931  -0.0836   0.2695   1.0000
  11.500   1.4851   0.03973   0.03089  -0.0812   0.2661   1.0000
  11.750   1.4985   0.04067   0.03179  -0.0800   0.2629   1.0000
  12.000   1.5257   0.04102   0.03197  -0.0800   0.2602   1.0000
  12.250   1.5259   0.04274   0.03390  -0.0778   0.2569   1.0000
  12.500   1.5331   0.04411   0.03531  -0.0762   0.2536   1.0000
  12.750   1.5585   0.04460   0.03566  -0.0761   0.2508   1.0000
  13.000   1.5654   0.04612   0.03724  -0.0746   0.2479   1.0000
  13.250   1.5610   0.04824   0.03952  -0.0725   0.2449   1.0000
  13.500   1.5744   0.04940   0.04066  -0.0716   0.2422   1.0000
  13.750   1.6142   0.04917   0.04020  -0.0725   0.2397   1.0000
  14.000   1.5849   0.05283   0.04422  -0.0690   0.2372   1.0000
  14.250   1.5734   0.05573   0.04730  -0.0671   0.2345   1.0000
  14.500   1.5787   0.05750   0.04911  -0.0661   0.2321   1.0000
  14.750   1.6072   0.05759   0.04906  -0.0661   0.2300   1.0000
  15.000   1.5857   0.06153   0.05325  -0.0642   0.2278   1.0000
  15.250   1.5671   0.06550   0.05743  -0.0629   0.2254   1.0000
  15.500   1.5688   0.06778   0.05977  -0.0623   0.2232   1.0000
  15.750   1.5912   0.06818   0.06007  -0.0620   0.2213   1.0000
  16.000   1.6343   0.06689   0.05861  -0.0621   0.2196   1.0000
  16.250   1.5549   0.07698   0.06926  -0.0609   0.2170   1.0000
  16.500   1.4768   0.08864   0.08134  -0.0620   0.2138   1.0000
  16.750   1.4860   0.09041   0.08311  -0.0619   0.2119   1.0000
  17.000   1.5398   0.08687   0.07938  -0.0608   0.2107   1.0000
  17.500   0.5769   0.19747   0.19281  -0.0843   0.1920   1.0000
  18.000   0.8954   0.21707   0.21150  -0.1288   0.1967   1.0000
  19.500   0.6200   0.21158   0.20693  -0.0880   0.1706   1.0000
