  
       XFOIL         Version 6.99
  
 Calculated polar for: Airfoil_rR0.336133.txt                          
  
 1 1 Reynolds number fixed          Mach number fixed         
  
 xtrf =   1.000 (top)        1.000 (bottom)  
 Mach =   0.000     Re =     0.050 e 6     Ncrit =   9.000
  
   alpha    CL        CD       CDp       CM     Top_Xtr  Bot_Xtr
  ------ -------- --------- --------- -------- -------- --------
 -20.000  -0.3101   0.21861   0.21037  -0.0262   1.0000   0.0774
 -19.500  -0.4724   0.22604   0.21649  -0.0139   1.0000   0.0748
 -19.000  -0.4604   0.22211   0.21263  -0.0169   1.0000   0.0791
 -18.750  -0.4600   0.22223   0.21280  -0.0192   1.0000   0.0800
 -18.500  -0.2959   0.20863   0.20048  -0.0295   1.0000   0.0887
 -18.000  -0.2914   0.20493   0.19683  -0.0304   1.0000   0.0923
 -17.750  -0.4278   0.20990   0.20066  -0.0226   1.0000   0.0895
 -17.500  -0.4224   0.20715   0.19798  -0.0238   1.0000   0.0908
 -17.250  -0.4100   0.20303   0.19390  -0.0236   1.0000   0.0944
 -17.000  -0.4059   0.20128   0.19220  -0.0249   1.0000   0.0988
 -16.750  -0.2879   0.19956   0.19148  -0.0323   1.0000   0.1096
 -16.500  -0.3908   0.19546   0.18643  -0.0260   1.0000   0.1060
 -16.250  -0.3907   0.19486   0.18590  -0.0277   1.0000   0.1096
 -16.000  -0.2768   0.19313   0.18515  -0.0323   1.0000   0.1238
 -15.750  -0.3732   0.18882   0.17997  -0.0283   1.0000   0.1180
 -15.500  -0.2730   0.18982   0.18190  -0.0324   1.0000   0.1348
 -15.250  -0.3695   0.18675   0.17805  -0.0302   1.0000   0.1299
 -15.000  -0.3535   0.18195   0.17330  -0.0295   1.0000   0.1363
 -14.750  -0.2743   0.18491   0.17706  -0.0333   1.0000   0.1414
 -14.500  -0.3502   0.17888   0.17037  -0.0313   1.0000   0.1408
 -13.750  -0.2733   0.17695   0.16920  -0.0337   1.0000   0.1507
 -13.500  -0.2634   0.17325   0.16554  -0.0331   1.0000   0.1532
 -13.000  -0.2667   0.16960   0.16194  -0.0333   1.0000   0.1593
 -12.500  -0.3104   0.15918   0.15113  -0.0329   1.0000   0.1613
 -12.250  -0.2581   0.16139   0.15383  -0.0324   1.0000   0.1669
 -12.000  -0.3000   0.15409   0.14614  -0.0325   1.0000   0.1683
 -11.250  -0.2648   0.15224   0.14455  -0.0314   1.0000   0.1794
 -11.000  -0.2629   0.14934   0.14170  -0.0309   1.0000   0.1814
 -10.750  -0.2563   0.14642   0.13882  -0.0299   1.0000   0.1852
 -10.500  -0.2653   0.14502   0.13748  -0.0297   1.0000   0.1894
 -10.250  -0.2972   0.13831   0.13049  -0.0304   1.0000   0.1906
 -10.000  -0.2847   0.13474   0.12696  -0.0291   1.0000   0.1946
  -9.750  -0.2946   0.13366   0.12597  -0.0286   1.0000   0.1994
  -9.500  -0.2892   0.13055   0.12293  -0.0275   1.0000   0.2024
  -9.000  -0.2701   0.13053   0.12338  -0.0239   1.0000   0.2125
  -8.750  -0.2744   0.12866   0.12158  -0.0226   1.0000   0.2184
  -8.500  -0.3054   0.12263   0.11534  -0.0230   1.0000   0.2211
  -8.250  -0.3012   0.12008   0.11285  -0.0213   1.0000   0.2277
  -8.000  -0.2838   0.12196   0.11511  -0.0182   1.0000   0.2336
  -7.750  -0.3178   0.11671   0.10966  -0.0179   1.0000   0.2391
  -7.250  -0.3106   0.11666   0.11007  -0.0130   1.0000   0.2513
  -7.000  -0.3342   0.11091   0.10412  -0.0118   1.0000   0.2582
  -6.750  -0.3401   0.10921   0.10251  -0.0094   1.0000   0.2678
  -6.500  -0.3492   0.10778   0.10118  -0.0067   1.0000   0.2780
  -6.250  -0.3586   0.10634   0.09983  -0.0038   1.0000   0.2880
  -6.000  -0.3662   0.10472   0.09830  -0.0010   1.0000   0.2971
  -5.750  -0.3484   0.10639   0.10031   0.0014   1.0000   0.3057
  -5.250  -0.4078   0.10034   0.09422   0.0054   1.0000   0.3196
  -4.750  -0.4101   0.09578   0.08979   0.0089   1.0000   0.3338
  -3.750  -0.3728   0.07128   0.06481  -0.0307   1.0000   0.2400
  -3.500  -0.2826   0.05172   0.04372  -0.0620   1.0000   0.1782
  -3.250  -0.3702   0.07239   0.06627  -0.0195   1.0000   0.2919
  -3.000  -0.2184   0.04589   0.03713  -0.0701   1.0000   0.1849
  -2.750  -0.1938   0.04494   0.03603  -0.0717   1.0000   0.1959
  -2.500  -0.1645   0.04376   0.03448  -0.0744   1.0000   0.2099
  -2.250  -0.1380   0.04281   0.03336  -0.0760   1.0000   0.2206
  -2.000  -0.1137   0.04226   0.03275  -0.0771   1.0000   0.2324
  -1.750  -0.0593   0.04235   0.03265  -0.0833   0.9915   0.2596
  -1.500  -0.0006   0.04287   0.03332  -0.0899   0.9752   0.2947
  -1.250   0.0577   0.04279   0.03315  -0.0962   0.9608   0.3264
  -1.000   0.1027   0.04281   0.03321  -0.1003   0.9463   0.3615
  -0.750   0.1460   0.04292   0.03342  -0.1038   0.9332   0.4009
  -0.500   0.1888   0.04301   0.03369  -0.1069   0.9212   0.4454
  -0.250   0.2281   0.04314   0.03398  -0.1094   0.9090   0.4997
   0.000   0.2590   0.04326   0.03436  -0.1103   0.8960   0.5573
   0.250   0.2921   0.04328   0.03470  -0.1111   0.8838   0.6309
   0.500   0.3180   0.04307   0.03496  -0.1099   0.8721   0.7272
   0.750   0.3215   0.04215   0.03464  -0.1036   0.8607   0.9205
   1.000   0.3679   0.04288   0.03482  -0.1100   0.8446   1.0000
   1.250   0.4111   0.04356   0.03518  -0.1136   0.8313   1.0000
   1.500   0.4427   0.04432   0.03595  -0.1151   0.8168   1.0000
   1.750   0.4764   0.04501   0.03642  -0.1167   0.8029   1.0000
   2.000   0.5154   0.04552   0.03674  -0.1189   0.7906   1.0000
   2.250   0.5384   0.04650   0.03758  -0.1190   0.7760   1.0000
   2.500   0.5706   0.04713   0.03807  -0.1200   0.7627   1.0000
   2.750   0.6079   0.04749   0.03829  -0.1214   0.7506   1.0000
   3.000   0.6268   0.04867   0.03939  -0.1209   0.7363   1.0000
   3.250   0.6550   0.04937   0.04000  -0.1212   0.7232   1.0000
   3.500   0.6886   0.04974   0.04028  -0.1219   0.7113   1.0000
   3.750   0.7239   0.04993   0.04038  -0.1226   0.6999   1.0000
   4.000   0.7331   0.05171   0.04213  -0.1211   0.6849   1.0000
   4.250   0.7584   0.05258   0.04295  -0.1210   0.6731   1.0000
   4.500   0.7843   0.05343   0.04376  -0.1209   0.6619   1.0000
   4.750   0.8126   0.05402   0.04432  -0.1208   0.6509   1.0000
   5.000   0.8479   0.05385   0.04411  -0.1208   0.6400   1.0000
   5.500   0.8779   0.05657   0.04681  -0.1183   0.6121   1.0000
   5.750   0.9085   0.05661   0.04684  -0.1177   0.6010   1.0000
   6.000   0.9400   0.05655   0.04677  -0.1172   0.5906   1.0000
   6.250   0.9775   0.05572   0.04593  -0.1167   0.5802   1.0000
   6.500   1.0238   0.05401   0.04421  -0.1166   0.5698   1.0000
   7.000   1.0350   0.05820   0.04845  -0.1125   0.5415   1.0000
   7.250   1.0876   0.05573   0.04597  -0.1124   0.5312   1.0000
   7.500   1.1531   0.05254   0.04276  -0.1138   0.5206   1.0000
   7.750   1.0700   0.06293   0.05327  -0.1074   0.5024   1.0000
   8.000   1.1306   0.05927   0.04961  -0.1071   0.4924   1.0000
   8.250   1.2104   0.05472   0.04502  -0.1090   0.4819   1.0000
   8.500   1.2294   0.05557   0.04643  -0.1076   0.4718   1.0000
   8.750   1.2781   0.05433   0.04519  -0.1085   0.4608   1.0000
   9.000   1.3117   0.05428   0.04514  -0.1083   0.4490   1.0000
  10.000   1.4601   0.04787   0.03810  -0.1059   0.3779   1.0000
  10.250   1.4722   0.04666   0.03663  -0.1023   0.3579   1.0000
  10.500   1.4773   0.04643   0.03623  -0.0985   0.3411   1.0000
  10.750   1.4745   0.04726   0.03703  -0.0943   0.3278   1.0000
  11.000   1.4903   0.04947   0.03959  -0.0933   0.3209   1.0000
  11.250   1.4885   0.05029   0.04039  -0.0895   0.3089   1.0000
  11.500   1.4830   0.05171   0.04187  -0.0858   0.2986   1.0000
  11.750   1.4901   0.05259   0.04271  -0.0834   0.2889   1.0000
  12.000   1.4941   0.05381   0.04392  -0.0810   0.2798   1.0000
  12.250   1.4796   0.05661   0.04691  -0.0777   0.2717   1.0000
  12.500   1.4735   0.05891   0.04929  -0.0752   0.2636   1.0000
  12.750   1.4703   0.06104   0.05147  -0.0731   0.2557   1.0000
  13.000   1.4714   0.06282   0.05326  -0.0714   0.2479   1.0000
  13.250   1.4798   0.06390   0.05428  -0.0700   0.2400   1.0000
  13.500   1.4532   0.06906   0.05973  -0.0683   0.2341   1.0000
  13.750   1.4511   0.07155   0.06226  -0.0672   0.2273   1.0000
  14.250   1.4227   0.08011   0.07111  -0.0661   0.2154   1.0000
  14.500   1.4281   0.08176   0.07273  -0.0654   0.2085   1.0000
  15.500   1.0409   0.18447   0.17627  -0.1208   0.2326   1.0000
  16.250   1.1238   0.17055   0.16247  -0.1083   0.1672   1.0000
  17.500   1.1298   0.19143   0.18351  -0.1210   0.1435   1.0000
  18.000   1.1533   0.19202   0.18418  -0.1211   0.1271   1.0000
  19.250   1.1747   0.20480   0.19719  -0.1307   0.0763   1.0000
  19.500   1.1798   0.20774   0.20009  -0.1326   0.0680   1.0000
  19.750   1.1697   0.21775   0.21006  -0.1393   0.0640   1.0000
