  
       XFOIL         Version 6.99
  
 Calculated polar for: Airfoil_rR0.923307.txt                          
  
 1 1 Reynolds number fixed          Mach number fixed         
  
 xtrf =   1.000 (top)        1.000 (bottom)  
 Mach =   0.000     Re =     0.250 e 6     Ncrit =   9.000
  
   alpha    CL        CD       CDp       CM     Top_Xtr  Bot_Xtr
  ------ -------- --------- --------- -------- -------- --------
 -12.000  -0.3696   0.14121   0.13731  -0.0222   1.0000   0.0258
 -11.250  -0.3642   0.13324   0.12940  -0.0308   1.0000   0.0301
  -6.000  -0.2558   0.02425   0.01836  -0.0864   0.9701   0.0251
  -5.750  -0.2251   0.01845   0.01145  -0.0865   0.9656   0.0211
  -5.250  -0.1478   0.01492   0.00746  -0.0908   0.9606   0.0254
  -5.000  -0.1145   0.01433   0.00674  -0.0918   0.9548   0.0421
  -4.750  -0.0759   0.01425   0.00682  -0.0945   0.9517   0.0527
  -4.500  -0.0400   0.01421   0.00673  -0.0965   0.9473   0.0592
  -4.250  -0.0049   0.01384   0.00640  -0.0984   0.9429   0.0646
  -4.000   0.0324   0.01381   0.00642  -0.1010   0.9402   0.0769
  -3.750   0.0613   0.01344   0.00608  -0.1015   0.9333   0.0839
  -3.500   0.0961   0.01288   0.00555  -0.1032   0.9300   0.0920
  -3.250   0.1241   0.01249   0.00522  -0.1034   0.9224   0.1021
  -3.000   0.1533   0.01211   0.00490  -0.1039   0.9155   0.1158
  -2.750   0.1843   0.01167   0.00453  -0.1047   0.9102   0.1341
  -2.500   0.2110   0.01134   0.00431  -0.1047   0.9015   0.1593
  -2.250   0.2387   0.01101   0.00411  -0.1049   0.8934   0.1915
  -2.000   0.2666   0.01072   0.00394  -0.1051   0.8851   0.2304
  -1.750   0.2940   0.01044   0.00379  -0.1052   0.8759   0.2719
  -1.500   0.3208   0.01014   0.00367  -0.1052   0.8662   0.3253
  -1.250   0.3469   0.00978   0.00359  -0.1051   0.8563   0.4086
  -1.000   0.3706   0.00919   0.00358  -0.1046   0.8458   0.5780
  -0.750   0.3881   0.00850   0.00362  -0.1020   0.8348   0.8059
  -0.500   0.4303   0.00820   0.00348  -0.1047   0.8243   1.0000
  -0.250   0.4564   0.00822   0.00339  -0.1044   0.8119   1.0000
   0.250   0.5089   0.00828   0.00323  -0.1040   0.7862   1.0000
   0.500   0.5352   0.00834   0.00317  -0.1038   0.7724   1.0000
   0.750   0.5613   0.00844   0.00315  -0.1035   0.7573   1.0000
   1.000   0.5871   0.00855   0.00317  -0.1032   0.7414   1.0000
   1.250   0.6126   0.00866   0.00317  -0.1029   0.7240   1.0000
   1.500   0.6379   0.00876   0.00317  -0.1025   0.7052   1.0000
   1.750   0.6629   0.00887   0.00312  -0.1020   0.6850   1.0000
   2.000   0.6875   0.00905   0.00312  -0.1014   0.6624   1.0000
   2.250   0.7118   0.00925   0.00315  -0.1008   0.6376   1.0000
   2.500   0.7362   0.00942   0.00319  -0.1002   0.6126   1.0000
   2.750   0.7605   0.00960   0.00323  -0.0997   0.5891   1.0000
   3.000   0.7852   0.00984   0.00331  -0.0993   0.5708   1.0000
   3.250   0.8100   0.01007   0.00343  -0.0989   0.5530   1.0000
   3.500   0.8348   0.01030   0.00356  -0.0985   0.5352   1.0000
   3.750   0.8598   0.01051   0.00369  -0.0982   0.5171   1.0000
   4.000   0.8848   0.01070   0.00382  -0.0979   0.4970   1.0000
   4.250   0.9088   0.01098   0.00395  -0.0973   0.4805   1.0000
   4.500   0.9331   0.01125   0.00413  -0.0969   0.4640   1.0000
   4.750   0.9574   0.01153   0.00434  -0.0965   0.4483   1.0000
   5.000   0.9816   0.01181   0.00454  -0.0960   0.4299   1.0000
   5.500   1.0264   0.01253   0.00495  -0.0945   0.3707   1.0000
   5.750   1.0445   0.01327   0.00535  -0.0931   0.3110   1.0000
   6.000   1.0529   0.01494   0.00613  -0.0906   0.1777   1.0000
   6.250   1.0680   0.01608   0.00686  -0.0889   0.1176   1.0000
   6.500   1.0862   0.01691   0.00745  -0.0877   0.0790   1.0000
   6.750   1.1050   0.01766   0.00801  -0.0865   0.0631   1.0000
   7.000   1.1266   0.01812   0.00843  -0.0857   0.0540   1.0000
   7.250   1.1464   0.01871   0.00886  -0.0847   0.0464   1.0000
   7.500   1.1663   0.01927   0.00928  -0.0837   0.0400   1.0000
   7.750   1.1613   0.01471   0.00490  -0.0786   0.0342   1.0000
   8.250   1.2225   0.02118   0.01087  -0.0797   0.0176   1.0000
