  
       XFOIL         Version 6.99
  
 Calculated polar for: Airfoil_rR0.656413.txt                          
  
 1 1 Reynolds number fixed          Mach number fixed         
  
 xtrf =   1.000 (top)        1.000 (bottom)  
 Mach =   0.000     Re =     0.150 e 6     Ncrit =   9.000
  
   alpha    CL        CD       CDp       CM     Top_Xtr  Bot_Xtr
  ------ -------- --------- --------- -------- -------- --------
 -12.000  -0.3257   0.14691   0.14216  -0.0349   1.0000   0.0500
 -11.750  -0.3317   0.14440   0.13967  -0.0370   1.0000   0.0502
 -10.500  -0.2935   0.12371   0.11913  -0.0344   1.0000   0.0547
  -9.250  -0.3279   0.10977   0.10545  -0.0394   1.0000   0.0601
  -8.500  -0.3260   0.09889   0.09474  -0.0342   1.0000   0.0615
  -7.500  -0.3933   0.08951   0.08550  -0.0255   1.0000   0.0627
  -6.250  -0.4077   0.04781   0.04318  -0.0545   0.9928   0.0332
  -6.000  -0.3726   0.02753   0.02042  -0.0655   0.9920   0.0286
  -5.500  -0.2919   0.02128   0.01317  -0.0710   0.9862   0.0473
  -5.250  -0.2499   0.02192   0.01370  -0.0746   0.9807   0.0626
  -5.000  -0.2128   0.02186   0.01350  -0.0772   0.9741   0.0692
  -4.750  -0.1720   0.02170   0.01338  -0.0807   0.9692   0.0762
  -4.500  -0.1353   0.02238   0.01400  -0.0835   0.9616   0.0905
  -4.250  -0.0995   0.02159   0.01328  -0.0858   0.9555   0.0946
  -4.000  -0.0582   0.02063   0.01219  -0.0887   0.9512   0.0975
  -3.750  -0.0227   0.01979   0.01127  -0.0905   0.9448   0.1014
  -3.500   0.0190   0.01907   0.01057  -0.0936   0.9408   0.1084
  -3.250   0.0530   0.01841   0.00998  -0.0951   0.9337   0.1176
  -3.000   0.0957   0.01762   0.00931  -0.0984   0.9304   0.1337
  -2.750   0.1291   0.01707   0.00890  -0.0999   0.9229   0.1533
  -2.250   0.2047   0.01597   0.00818  -0.1045   0.9118   0.2284
  -2.000   0.2366   0.01553   0.00795  -0.1056   0.9042   0.2771
  -1.750   0.2742   0.01488   0.00759  -0.1078   0.8999   0.3412
  -1.500   0.3044   0.01428   0.00736  -0.1085   0.8917   0.4243
  -1.250   0.3306   0.01338   0.00726  -0.1080   0.8836   0.6255
  -1.000   0.3712   0.01237   0.00697  -0.1090   0.8794   1.0000
  -0.750   0.4021   0.01224   0.00670  -0.1096   0.8705   1.0000
  -0.500   0.4318   0.01213   0.00646  -0.1099   0.8608   1.0000
  -0.250   0.4611   0.01203   0.00625  -0.1101   0.8506   1.0000
   0.000   0.4898   0.01196   0.00608  -0.1101   0.8402   1.0000
   0.250   0.5165   0.01195   0.00598  -0.1099   0.8283   1.0000
   0.500   0.5431   0.01195   0.00591  -0.1096   0.8161   1.0000
   0.750   0.5699   0.01195   0.00583  -0.1094   0.8038   1.0000
   1.000   0.5979   0.01191   0.00574  -0.1093   0.7924   1.0000
   1.250   0.6262   0.01190   0.00560  -0.1093   0.7808   1.0000
   1.500   0.6530   0.01196   0.00556  -0.1090   0.7673   1.0000
   1.750   0.6796   0.01205   0.00555  -0.1088   0.7535   1.0000
   2.000   0.7069   0.01215   0.00552  -0.1086   0.7402   1.0000
   2.250   0.7320   0.01229   0.00559  -0.1081   0.7246   1.0000
   2.500   0.7584   0.01239   0.00557  -0.1077   0.7099   1.0000
   2.750   0.7831   0.01246   0.00554  -0.1070   0.6917   1.0000
   3.250   0.8325   0.01270   0.00547  -0.1054   0.6519   1.0000
   3.500   0.8565   0.01286   0.00551  -0.1046   0.6312   1.0000
   3.750   0.8803   0.01303   0.00559  -0.1038   0.6114   1.0000
   4.000   0.9042   0.01318   0.00565  -0.1031   0.5922   1.0000
   4.250   0.9283   0.01340   0.00573  -0.1023   0.5737   1.0000
   4.500   0.9521   0.01366   0.00588  -0.1016   0.5554   1.0000
   4.750   0.9760   0.01394   0.00606  -0.1010   0.5382   1.0000
   5.000   0.9998   0.01419   0.00628  -0.1003   0.5219   1.0000
   5.250   1.0237   0.01443   0.00651  -0.0997   0.5060   1.0000
   5.500   1.0474   0.01468   0.00669  -0.0991   0.4911   1.0000
   5.750   1.0707   0.01498   0.00691  -0.0983   0.4758   1.0000
   6.000   1.0935   0.01532   0.00717  -0.0975   0.4599   1.0000
   6.250   1.1145   0.01566   0.00745  -0.0964   0.4364   1.0000
   6.500   1.1305   0.01604   0.00760  -0.0944   0.3875   1.0000
   6.750   1.1431   0.01687   0.00800  -0.0920   0.3359   1.0000
   7.000   1.1589   0.01758   0.00841  -0.0902   0.2778   1.0000
   7.250   1.1711   0.01864   0.00904  -0.0880   0.2198   1.0000
   7.500   1.1828   0.01982   0.00984  -0.0859   0.1668   1.0000
   9.000   1.1861   0.03148   0.02183  -0.0619   0.0292   1.0000
   9.250   1.1828   0.03435   0.02476  -0.0579   0.0291   1.0000
   9.500   1.2026   0.03767   0.02803  -0.0556   0.0295   1.0000
   9.750   1.2681   0.04280   0.03323  -0.0593   0.0306   1.0000
  10.000   1.2865   0.04498   0.03579  -0.0572   0.0320   1.0000
  10.500   1.3093   0.05385   0.04572  -0.0522   0.0367   1.0000
