  
       XFOIL         Version 6.99
  
 Calculated polar for: Airfoil_rR0.522960.txt                          
  
 1 1 Reynolds number fixed          Mach number fixed         
  
 xtrf =   1.000 (top)        1.000 (bottom)  
 Mach =   0.000     Re =     0.100 e 6     Ncrit =   9.000
  
   alpha    CL        CD       CDp       CM     Top_Xtr  Bot_Xtr
  ------ -------- --------- --------- -------- -------- --------
 -16.750  -0.3097   0.19390   0.18801  -0.0285   1.0000   0.0489
 -15.500  -0.3133   0.18621   0.18036  -0.0318   1.0000   0.0507
 -11.250  -0.2990   0.13499   0.12939  -0.0360   1.0000   0.0718
 -11.000  -0.3324   0.12894   0.12315  -0.0359   1.0000   0.0717
  -9.500  -0.3357   0.11084   0.10538  -0.0340   1.0000   0.0974
  -9.250  -0.3553   0.10902   0.10366  -0.0349   1.0000   0.0996
  -8.000  -0.3665   0.09836   0.09334  -0.0258   1.0000   0.1261
  -7.500  -0.4032   0.09837   0.09375  -0.0212   1.0000   0.1298
  -6.500  -0.4318   0.08655   0.08199  -0.0169   1.0000   0.1440
  -5.750  -0.4345   0.07772   0.07324  -0.0201   1.0000   0.1552
  -5.500  -0.4294   0.07331   0.06878  -0.0255   1.0000   0.1618
  -5.000  -0.3470   0.04782   0.04207  -0.0571   0.9960   0.1181
  -4.750  -0.2888   0.03753   0.03041  -0.0687   0.9932   0.1090
  -4.500  -0.2463   0.03648   0.02934  -0.0731   0.9869   0.1159
  -4.250  -0.1973   0.03267   0.02474  -0.0788   0.9825   0.1131
  -4.000  -0.1513   0.03031   0.02175  -0.0832   0.9778   0.1121
  -3.750  -0.1092   0.02894   0.02010  -0.0866   0.9722   0.1133
  -3.500  -0.0686   0.02786   0.01880  -0.0896   0.9661   0.1163
  -3.250  -0.0238   0.02682   0.01753  -0.0933   0.9608   0.1217
  -3.000   0.0153   0.02605   0.01667  -0.0959   0.9531   0.1303
  -2.750   0.0560   0.02527   0.01606  -0.0988   0.9460   0.1435
  -2.500   0.1022   0.02459   0.01547  -0.1027   0.9402   0.1689
  -2.250   0.1403   0.02414   0.01524  -0.1052   0.9315   0.2026
  -2.000   0.1781   0.02369   0.01499  -0.1076   0.9229   0.2438
  -1.750   0.2159   0.02318   0.01471  -0.1099   0.9147   0.2915
  -1.500   0.2550   0.02263   0.01448  -0.1124   0.9070   0.3546
  -1.250   0.2965   0.02189   0.01424  -0.1152   0.9005   0.4542
  -1.000   0.3283   0.02105   0.01421  -0.1157   0.8920   0.6333
  -0.750   0.3461   0.02004   0.01392  -0.1116   0.8824   1.0000
  -0.500   0.3844   0.01995   0.01358  -0.1138   0.8736   1.0000
  -0.250   0.4222   0.01984   0.01328  -0.1157   0.8653   1.0000
   0.000   0.4680   0.01949   0.01278  -0.1190   0.8604   1.0000
   0.250   0.5025   0.01935   0.01254  -0.1202   0.8512   1.0000
   0.500   0.5371   0.01918   0.01228  -0.1213   0.8420   1.0000
   0.750   0.5717   0.01898   0.01211  -0.1223   0.8326   1.0000
   1.000   0.6055   0.01880   0.01183  -0.1232   0.8229   1.0000
   1.250   0.6391   0.01861   0.01155  -0.1240   0.8132   1.0000
   1.500   0.6724   0.01841   0.01126  -0.1247   0.8028   1.0000
   1.750   0.7067   0.01814   0.01090  -0.1255   0.7926   1.0000
   2.000   0.7408   0.01789   0.01056  -0.1262   0.7819   1.0000
   2.250   0.7746   0.01769   0.01026  -0.1269   0.7708   1.0000
   2.500   0.8044   0.01767   0.01016  -0.1270   0.7578   1.0000
   2.750   0.8332   0.01769   0.01010  -0.1268   0.7438   1.0000
   3.000   0.8645   0.01764   0.00995  -0.1271   0.7308   1.0000
   3.250   0.8906   0.01777   0.01001  -0.1265   0.7155   1.0000
   3.500   0.9191   0.01781   0.00996  -0.1263   0.7011   1.0000
   3.750   0.9464   0.01790   0.00997  -0.1259   0.6861   1.0000
   4.000   0.9749   0.01797   0.00993  -0.1257   0.6712   1.0000
   4.250   1.0002   0.01819   0.01008  -0.1250   0.6551   1.0000
   4.500   1.0281   0.01832   0.01008  -0.1247   0.6397   1.0000
   4.750   1.0513   0.01855   0.01025  -0.1236   0.6221   1.0000
   5.000   1.0743   0.01874   0.01039  -0.1225   0.6043   1.0000
   5.250   1.0997   0.01886   0.01040  -0.1218   0.5881   1.0000
   5.500   1.1240   0.01908   0.01052  -0.1209   0.5714   1.0000
   5.750   1.1467   0.01938   0.01077  -0.1198   0.5543   1.0000
   6.000   1.1701   0.01967   0.01098  -0.1189   0.5381   1.0000
   6.250   1.1921   0.02000   0.01129  -0.1178   0.5222   1.0000
   6.500   1.2136   0.02032   0.01162  -0.1166   0.5067   1.0000
   6.750   1.2356   0.02059   0.01184  -0.1154   0.4915   1.0000
   7.000   1.2557   0.02088   0.01207  -0.1139   0.4735   1.0000
   7.250   1.2690   0.02111   0.01216  -0.1111   0.4451   1.0000
   7.750   1.2635   0.02228   0.01297  -0.1000   0.3080   1.0000
   8.000   1.2664   0.02351   0.01385  -0.0960   0.2443   1.0000
   8.250   1.2671   0.02503   0.01503  -0.0919   0.1905   1.0000
   8.500   1.2690   0.02671   0.01642  -0.0882   0.1424   1.0000
   8.750   1.2688   0.02861   0.01803  -0.0846   0.0956   1.0000
   9.000   1.2669   0.03069   0.01982  -0.0809   0.0623   1.0000
   9.250   1.2669   0.03267   0.02167  -0.0776   0.0439   1.0000
   9.500   1.2685   0.03461   0.02361  -0.0746   0.0380   1.0000
   9.750   1.2720   0.03643   0.02557  -0.0720   0.0346   1.0000
  10.000   1.2736   0.03846   0.02772  -0.0695   0.0325   1.0000
  10.250   1.2726   0.04078   0.03016  -0.0671   0.0312   1.0000
  10.500   1.2690   0.04343   0.03294  -0.0648   0.0303   1.0000
  10.750   1.2672   0.04602   0.03564  -0.0629   0.0298   1.0000
  11.000   1.2665   0.04863   0.03839  -0.0613   0.0294   1.0000
  11.250   1.2654   0.05137   0.04125  -0.0598   0.0292   1.0000
  11.500   1.2647   0.05414   0.04413  -0.0583   0.0290   1.0000
  11.750   1.2654   0.05685   0.04694  -0.0569   0.0288   1.0000
  12.000   1.2692   0.05928   0.04953  -0.0557   0.0286   1.0000
  16.500   0.8578   0.17129   0.16597  -0.0729   0.0352   1.0000
