  
       XFOIL         Version 6.99
  
 Calculated polar for: Airfoil_rR0.629720.txt                          
  
 1 1 Reynolds number fixed          Mach number fixed         
  
 xtrf =   1.000 (top)        1.000 (bottom)  
 Mach =   0.000     Re =     0.200 e 6     Ncrit =   9.000
  
   alpha    CL        CD       CDp       CM     Top_Xtr  Bot_Xtr
  ------ -------- --------- --------- -------- -------- --------
  -7.000  -0.3803   0.04872   0.04494  -0.0631   0.9818   0.0267
  -6.750  -0.3954   0.02424   0.01751  -0.0762   0.9840   0.0224
  -6.500  -0.3569   0.02131   0.01411  -0.0789   0.9816   0.0236
  -6.000  -0.2812   0.01952   0.01197  -0.0834   0.9733   0.0466
  -5.750  -0.2407   0.01994   0.01238  -0.0866   0.9696   0.0545
  -5.500  -0.2070   0.01985   0.01213  -0.0883   0.9633   0.0590
  -5.250  -0.1666   0.01921   0.01142  -0.0915   0.9604   0.0625
  -4.750  -0.0935   0.01950   0.01172  -0.0965   0.9503   0.0792
  -4.500  -0.0615   0.01873   0.01081  -0.0975   0.9440   0.0801
  -4.250  -0.0219   0.01759   0.00970  -0.1003   0.9413   0.0819
  -4.000   0.0121   0.01690   0.00905  -0.1018   0.9357   0.0846
  -3.750   0.0512   0.01623   0.00834  -0.1043   0.9322   0.0894
  -3.500   0.0922   0.01546   0.00769  -0.1072   0.9300   0.0972
  -3.250   0.1223   0.01498   0.00726  -0.1079   0.9227   0.1084
  -3.000   0.1580   0.01436   0.00674  -0.1097   0.9184   0.1254
  -2.750   0.1900   0.01382   0.00633  -0.1108   0.9122   0.1476
  -2.500   0.2207   0.01340   0.00604  -0.1116   0.9053   0.1787
  -2.250   0.2548   0.01293   0.00574  -0.1130   0.9004   0.2178
  -2.000   0.2842   0.01257   0.00553  -0.1135   0.8924   0.2614
  -1.750   0.3140   0.01216   0.00532  -0.1140   0.8846   0.3129
  -1.500   0.3438   0.01171   0.00512  -0.1146   0.8768   0.3782
  -1.250   0.3725   0.01118   0.00495  -0.1149   0.8688   0.4783
  -1.000   0.3965   0.01048   0.00491  -0.1139   0.8599   0.6676
  -0.750   0.4208   0.00981   0.00486  -0.1118   0.8503   0.9396
  -0.500   0.4575   0.00970   0.00464  -0.1137   0.8399   1.0000
  -0.250   0.4837   0.00972   0.00455  -0.1134   0.8277   1.0000
   0.250   0.5369   0.00975   0.00439  -0.1130   0.8029   1.0000
   0.500   0.5646   0.00974   0.00428  -0.1130   0.7913   1.0000
   0.750   0.5920   0.00978   0.00425  -0.1129   0.7786   1.0000
   1.000   0.6186   0.00987   0.00421  -0.1127   0.7646   1.0000
   1.250   0.6455   0.00996   0.00418  -0.1125   0.7507   1.0000
   1.500   0.6712   0.01008   0.00419  -0.1121   0.7347   1.0000
   1.750   0.6970   0.01019   0.00418  -0.1117   0.7185   1.0000
   2.000   0.7222   0.01030   0.00418  -0.1112   0.7006   1.0000
   2.250   0.7476   0.01041   0.00415  -0.1107   0.6827   1.0000
   2.500   0.7724   0.01058   0.00415  -0.1101   0.6627   1.0000
   2.750   0.7968   0.01076   0.00419  -0.1094   0.6412   1.0000
   3.000   0.8209   0.01095   0.00424  -0.1087   0.6195   1.0000
   3.250   0.8449   0.01110   0.00431  -0.1081   0.5979   1.0000
   3.500   0.8693   0.01133   0.00436  -0.1074   0.5801   1.0000
   3.750   0.8935   0.01158   0.00449  -0.1068   0.5617   1.0000
   4.000   0.9177   0.01183   0.00465  -0.1063   0.5440   1.0000
   4.250   0.9421   0.01208   0.00482  -0.1058   0.5274   1.0000
   4.500   0.9663   0.01231   0.00498  -0.1052   0.5102   1.0000
   4.750   0.9904   0.01253   0.00514  -0.1047   0.4930   1.0000
   5.000   1.0142   0.01281   0.00532  -0.1041   0.4791   1.0000
   5.250   1.0380   0.01311   0.00555  -0.1035   0.4646   1.0000
   5.500   1.0615   0.01343   0.00579  -0.1029   0.4502   1.0000
   5.750   1.0851   0.01371   0.00605  -0.1022   0.4335   1.0000
   6.000   1.1059   0.01401   0.00624  -0.1011   0.3960   1.0000
   6.250   1.1198   0.01479   0.00657  -0.0989   0.3509   1.0000
   6.500   1.1351   0.01555   0.00697  -0.0970   0.2828   1.0000
   6.750   1.1491   0.01651   0.00752  -0.0951   0.2252   1.0000
   7.000   1.1632   0.01754   0.00820  -0.0932   0.1746   1.0000
   7.250   1.1771   0.01857   0.00891  -0.0913   0.1322   1.0000
   7.500   1.1933   0.01938   0.00956  -0.0897   0.1083   1.0000
   7.750   1.2082   0.02026   0.01020  -0.0880   0.0790   1.0000
   8.000   1.2222   0.02114   0.01086  -0.0861   0.0632   1.0000
   8.500   1.2237   0.02490   0.01550  -0.0764   0.0239   1.0000
   8.750   1.2256   0.02666   0.01744  -0.0725   0.0232   1.0000
   9.000   1.2261   0.02856   0.01947  -0.0687   0.0231   1.0000
  10.250   1.2731   0.03973   0.03105  -0.0558   0.0257   1.0000
  10.500   1.3107   0.04372   0.03527  -0.0560   0.0277   1.0000
