  
       XFOIL         Version 6.99
  
 Calculated polar for: Airfoil_rR0.309453.txt                          
  
 1 1 Reynolds number fixed          Mach number fixed         
  
 xtrf =   1.000 (top)        1.000 (bottom)  
 Mach =   0.000     Re =     0.200 e 6     Ncrit =   9.000
  
   alpha    CL        CD       CDp       CM     Top_Xtr  Bot_Xtr
  ------ -------- --------- --------- -------- -------- --------
 -20.000  -0.3248   0.21307   0.20886  -0.0267   1.0000   0.0299
 -19.750  -0.3244   0.21110   0.20690  -0.0274   1.0000   0.0299
 -19.500  -0.4709   0.21816   0.21331  -0.0178   1.0000   0.0298
 -19.000  -0.3128   0.20323   0.19907  -0.0276   1.0000   0.0311
 -18.250  -0.3084   0.20122   0.19709  -0.0296   1.0000   0.0398
 -18.000  -0.3187   0.20211   0.19798  -0.0313   1.0000   0.0400
 -17.750  -0.3046   0.19707   0.19298  -0.0301   1.0000   0.0409
 -17.500  -0.4303   0.19844   0.19381  -0.0276   1.0000   0.0401
 -17.000  -0.3992   0.19178   0.18722  -0.0253   1.0000   0.0425
 -16.500  -0.2995   0.19175   0.18769  -0.0319   1.0000   0.0498
 -15.750  -0.3033   0.18491   0.18088  -0.0333   1.0000   0.0505
 -15.500  -0.3898   0.17989   0.17551  -0.0340   1.0000   0.0501
 -15.250  -0.3677   0.17462   0.17024  -0.0319   1.0000   0.0509
 -15.000  -0.3562   0.17237   0.16801  -0.0312   1.0000   0.0515
 -14.500  -0.3405   0.16840   0.16410  -0.0309   1.0000   0.0534
 -14.250  -0.2856   0.17306   0.16913  -0.0326   1.0000   0.0595
 -13.750  -0.3491   0.16275   0.15856  -0.0351   1.0000   0.0599
 -13.250  -0.2791   0.16260   0.15875  -0.0315   1.0000   0.0619
 -13.000  -0.2764   0.16040   0.15657  -0.0310   1.0000   0.0625
 -12.750  -0.2747   0.15816   0.15436  -0.0305   1.0000   0.0632
 -12.500  -0.3115   0.14944   0.14540  -0.0318   1.0000   0.0635
 -12.250  -0.3085   0.14719   0.14319  -0.0315   1.0000   0.0643
 -12.000  -0.3064   0.14490   0.14093  -0.0312   1.0000   0.0654
 -11.750  -0.2757   0.14867   0.14496  -0.0290   1.0000   0.0672
 -11.500  -0.3084   0.14004   0.13615  -0.0312   1.0000   0.0683
 -10.250  -0.3268   0.12671   0.12303  -0.0296   1.0000   0.0716
 -10.000  -0.3047   0.12984   0.12618  -0.0260   1.0000   0.0720
  -8.500  -0.2693   0.10125   0.09761  -0.0491   0.9827   0.0811
  -8.250  -0.4426   0.04425   0.04007  -0.0955   0.9602   0.0682
  -7.750  -0.4261   0.03537   0.02971  -0.1067   0.9553   0.0692
  -7.500  -0.3910   0.03269   0.02654  -0.1107   0.9521   0.0705
  -7.000  -0.3247   0.02969   0.02334  -0.1151   0.9436   0.0731
  -6.750  -0.2847   0.02805   0.02145  -0.1183   0.9411   0.0738
  -6.500  -0.2512   0.02625   0.01905  -0.1201   0.9363   0.0728
  -6.250  -0.2129   0.02529   0.01800  -0.1225   0.9324   0.0748
  -6.000  -0.1697   0.02412   0.01667  -0.1257   0.9302   0.0772
  -5.750  -0.1384   0.02328   0.01564  -0.1265   0.9233   0.0797
  -5.500  -0.0972   0.02215   0.01458  -0.1293   0.9209   0.0836
  -5.250  -0.0655   0.02154   0.01393  -0.1301   0.9145   0.0881
  -5.000  -0.0252   0.02070   0.01312  -0.1327   0.9116   0.0937
  -4.500   0.0460   0.01961   0.01197  -0.1357   0.9024   0.1096
  -4.250   0.0876   0.01892   0.01131  -0.1383   0.9004   0.1196
  -4.000   0.1180   0.01843   0.01087  -0.1388   0.8934   0.1287
  -3.750   0.1598   0.01771   0.01020  -0.1415   0.8911   0.1409
  -3.500   0.1933   0.01724   0.00982  -0.1425   0.8853   0.1521
  -3.250   0.2342   0.01663   0.00925  -0.1449   0.8823   0.1653
  -3.000   0.2796   0.01594   0.00860  -0.1482   0.8804   0.1808
  -2.750   0.3127   0.01550   0.00826  -0.1491   0.8729   0.1942
  -2.500   0.3587   0.01491   0.00773  -0.1525   0.8700   0.2128
  -2.250   0.3908   0.01458   0.00745  -0.1532   0.8616   0.2306
  -2.000   0.4257   0.01420   0.00717  -0.1545   0.8537   0.2524
  -1.750   0.4634   0.01382   0.00686  -0.1563   0.8461   0.2793
  -1.500   0.5009   0.01346   0.00660  -0.1581   0.8376   0.3081
  -1.250   0.5316   0.01324   0.00645  -0.1585   0.8258   0.3356
  -1.000   0.5636   0.01297   0.00626  -0.1591   0.8140   0.3643
  -0.750   0.5966   0.01274   0.00611  -0.1600   0.8021   0.3984
  -0.500   0.6301   0.01252   0.00609  -0.1609   0.7900   0.4365
  -0.250   0.6576   0.01239   0.00603  -0.1606   0.7747   0.4755
   0.000   0.6887   0.01226   0.00595  -0.1610   0.7609   0.5207
   0.250   0.7152   0.01218   0.00597  -0.1605   0.7452   0.5676
   0.500   0.7426   0.01211   0.00596  -0.1601   0.7302   0.6196
   0.750   0.7663   0.01207   0.00603  -0.1589   0.7140   0.6736
   1.000   0.7889   0.01204   0.00608  -0.1574   0.6982   0.7314
   1.250   0.8093   0.01201   0.00612  -0.1553   0.6831   0.7941
   1.500   0.8249   0.01197   0.00612  -0.1520   0.6681   0.8660
   1.750   0.8457   0.01185   0.00598  -0.1499   0.6516   1.0000
   2.000   0.8728   0.01206   0.00601  -0.1498   0.6356   1.0000
   2.250   0.8990   0.01229   0.00606  -0.1495   0.6199   1.0000
   2.500   0.9230   0.01249   0.00617  -0.1488   0.6031   1.0000
   2.750   0.9487   0.01273   0.00622  -0.1483   0.5891   1.0000
   3.000   0.9733   0.01300   0.00636  -0.1477   0.5742   1.0000
   3.250   0.9980   0.01329   0.00650  -0.1471   0.5598   1.0000
   3.500   1.0217   0.01356   0.00668  -0.1463   0.5452   1.0000
   3.750   1.0458   0.01386   0.00685  -0.1456   0.5318   1.0000
   4.000   1.0698   0.01417   0.00705  -0.1449   0.5190   1.0000
   4.250   1.0923   0.01443   0.00727  -0.1439   0.5049   1.0000
   4.500   1.1153   0.01472   0.00746  -0.1429   0.4930   1.0000
   4.750   1.1386   0.01505   0.00768  -0.1421   0.4818   1.0000
   5.000   1.1617   0.01541   0.00793  -0.1413   0.4706   1.0000
   5.250   1.1844   0.01577   0.00821  -0.1404   0.4593   1.0000
   5.500   1.2064   0.01611   0.00850  -0.1393   0.4480   1.0000
   5.750   1.2276   0.01646   0.00879  -0.1381   0.4366   1.0000
   6.000   1.2479   0.01680   0.00909  -0.1367   0.4249   1.0000
   6.250   1.2663   0.01712   0.00938  -0.1350   0.4127   1.0000
   6.500   1.2835   0.01743   0.00965  -0.1331   0.4007   1.0000
   6.750   1.3009   0.01783   0.00994  -0.1312   0.3900   1.0000
   7.000   1.3186   0.01827   0.01031  -0.1294   0.3790   1.0000
   7.250   1.3290   0.01871   0.01089  -0.1264   0.3600   1.0000
   7.500   1.3374   0.01931   0.01134  -0.1231   0.3375   1.0000
   7.750   1.3488   0.01984   0.01179  -0.1204   0.3141   1.0000
   8.000   1.3618   0.02041   0.01226  -0.1182   0.2947   1.0000
   8.250   1.3757   0.02105   0.01280  -0.1161   0.2817   1.0000
   8.500   1.3910   0.02165   0.01336  -0.1143   0.2678   1.0000
   8.750   1.4048   0.02235   0.01399  -0.1123   0.2561   1.0000
   9.000   1.4184   0.02309   0.01466  -0.1104   0.2442   1.0000
   9.250   1.4320   0.02384   0.01537  -0.1085   0.2329   1.0000
   9.500   1.4441   0.02470   0.01616  -0.1065   0.2218   1.0000
   9.750   1.4562   0.02558   0.01699  -0.1045   0.2116   1.0000
  10.000   1.4699   0.02640   0.01779  -0.1029   0.1999   1.0000
  10.250   1.4810   0.02739   0.01871  -0.1010   0.1887   1.0000
  10.500   1.4896   0.02856   0.01980  -0.0989   0.1801   1.0000
  10.750   1.5054   0.02931   0.02076  -0.0975   0.1810   1.0000
  11.000   1.5155   0.03044   0.02188  -0.0957   0.1733   1.0000
  11.250   1.5255   0.03161   0.02304  -0.0940   0.1652   1.0000
  11.500   1.5370   0.03271   0.02414  -0.0925   0.1553   1.0000
  11.750   1.5437   0.03418   0.02554  -0.0907   0.1446   1.0000
  12.000   1.5483   0.03585   0.02713  -0.0888   0.1374   1.0000
  12.250   1.5531   0.03757   0.02881  -0.0871   0.1301   1.0000
  12.500   1.5617   0.03903   0.03027  -0.0858   0.1202   1.0000
  12.750   1.5637   0.04112   0.03227  -0.0841   0.1119   1.0000
  13.000   1.5692   0.04295   0.03407  -0.0829   0.0997   1.0000
  13.250   1.5657   0.04571   0.03668  -0.0813   0.0844   1.0000
  13.750   1.5542   0.05202   0.04281  -0.0786   0.0611   1.0000
  14.000   1.5536   0.05482   0.04563  -0.0777   0.0484   1.0000
  14.250   1.5429   0.05885   0.04961  -0.0768   0.0418   1.0000
  14.750   1.5099   0.06886   0.05961  -0.0759   0.0192   1.0000
  15.000   1.5024   0.07302   0.06379  -0.0759   0.0184   1.0000
  15.250   1.4959   0.07712   0.06795  -0.0761   0.0175   1.0000
  15.500   1.4915   0.08103   0.07199  -0.0764   0.0168   1.0000
  15.750   1.4878   0.08492   0.07602  -0.0769   0.0164   1.0000
  16.000   1.4834   0.08894   0.08018  -0.0775   0.0162   1.0000
  16.250   1.4788   0.09307   0.08446  -0.0783   0.0160   1.0000
  16.500   1.4738   0.09732   0.08886  -0.0792   0.0159   1.0000
  16.750   1.4689   0.10158   0.09327  -0.0803   0.0158   1.0000
  17.000   1.4642   0.10588   0.09773  -0.0815   0.0158   1.0000
  17.250   1.4593   0.11024   0.10225  -0.0829   0.0158   1.0000
  17.500   1.4541   0.11472   0.10689  -0.0844   0.0158   1.0000
  17.750   1.4488   0.11926   0.11159  -0.0862   0.0158   1.0000
  18.000   1.4433   0.12388   0.11638  -0.0881   0.0159   1.0000
  18.250   1.4376   0.12860   0.12127  -0.0903   0.0159   1.0000
  18.500   1.4314   0.13342   0.12626  -0.0926   0.0160   1.0000
  18.750   1.4249   0.13836   0.13136  -0.0952   0.0160   1.0000
  19.000   1.4186   0.14333   0.13650  -0.0979   0.0161   1.0000
  19.250   1.4117   0.14846   0.14179  -0.1008   0.0162   1.0000
  19.500   1.4053   0.15353   0.14702  -0.1038   0.0163   1.0000
  19.750   1.3988   0.15868   0.15232  -0.1070   0.0164   1.0000
  20.000   1.3934   0.16365   0.15747  -0.1102   0.0165   1.0000
