  
       XFOIL         Version 6.99
  
 Calculated polar for: Airfoil_rR0.522960.txt                          
  
 1 1 Reynolds number fixed          Mach number fixed         
  
 xtrf =   1.000 (top)        1.000 (bottom)  
 Mach =   0.000     Re =     0.050 e 6     Ncrit =   9.000
  
   alpha    CL        CD       CDp       CM     Top_Xtr  Bot_Xtr
  ------ -------- --------- --------- -------- -------- --------
 -16.750  -0.3090   0.19616   0.18799  -0.0278   1.0000   0.0846
 -16.500  -0.3070   0.19475   0.18660  -0.0283   1.0000   0.0867
 -16.250  -0.3071   0.19400   0.18584  -0.0290   1.0000   0.0885
 -15.500  -0.4162   0.18929   0.18037  -0.0207   1.0000   0.0884
 -15.000  -0.2995   0.18371   0.17565  -0.0307   1.0000   0.0967
 -14.500  -0.3094   0.18209   0.17404  -0.0324   1.0000   0.0999
 -13.750  -0.3728   0.16947   0.16096  -0.0281   1.0000   0.1016
 -13.500  -0.3635   0.16559   0.15715  -0.0282   1.0000   0.1051
 -13.000  -0.2988   0.16336   0.15529  -0.0331   1.0000   0.1186
 -12.500  -0.2955   0.15688   0.14887  -0.0332   1.0000   0.1234
 -12.250  -0.2957   0.15417   0.14619  -0.0334   1.0000   0.1279
 -11.750  -0.2934   0.14769   0.13978  -0.0333   1.0000   0.1356
 -11.500  -0.3323   0.14144   0.13322  -0.0321   1.0000   0.1351
 -11.250  -0.2942   0.14155   0.13373  -0.0332   1.0000   0.1470
 -11.000  -0.2955   0.13837   0.13061  -0.0330   1.0000   0.1530
 -10.750  -0.3275   0.13229   0.12426  -0.0321   1.0000   0.1543
 -10.500  -0.3389   0.13133   0.12339  -0.0330   1.0000   0.1599
 -10.250  -0.3054   0.13104   0.12347  -0.0321   1.0000   0.1798
 -10.000  -0.3280   0.12477   0.11697  -0.0307   1.0000   0.1887
  -9.750  -0.3044   0.12623   0.11882  -0.0297   1.0000   0.2098
  -9.500  -0.3240   0.11955   0.11191  -0.0287   1.0000   0.2125
  -9.250  -0.3286   0.11777   0.11021  -0.0281   1.0000   0.2192
  -9.000  -0.3219   0.11441   0.10691  -0.0270   1.0000   0.2243
  -8.750  -0.3024   0.11516   0.10804  -0.0257   1.0000   0.2317
  -8.500  -0.3252   0.10981   0.10248  -0.0248   1.0000   0.2360
  -8.250  -0.3037   0.11014   0.10317  -0.0229   1.0000   0.2434
  -8.000  -0.3207   0.10917   0.10231  -0.0212   1.0000   0.2497
  -7.500  -0.3612   0.10302   0.09611  -0.0175   1.0000   0.2597
  -7.250  -0.3540   0.09985   0.09300  -0.0156   1.0000   0.2670
  -7.000  -0.3686   0.09837   0.09164  -0.0128   1.0000   0.2723
  -6.750  -0.3569   0.09886   0.09249  -0.0097   1.0000   0.2813
  -6.500  -0.3861   0.09473   0.08820  -0.0077   1.0000   0.2877
  -6.000  -0.3977   0.09031   0.08395  -0.0038   1.0000   0.3048
  -5.750  -0.4033   0.08811   0.08184  -0.0021   1.0000   0.3150
  -5.250  -0.4182   0.08382   0.07771  -0.0007   1.0000   0.3404
  -4.750  -0.4144   0.07887   0.07288   0.0044   1.0000   0.3730
  -4.000  -0.3032   0.05240   0.04498  -0.0478   1.0000   0.2068
  -3.750  -0.2556   0.04547   0.03721  -0.0575   1.0000   0.1857
  -3.500  -0.2139   0.04095   0.03181  -0.0635   1.0000   0.1795
  -3.250  -0.1823   0.03853   0.02888  -0.0661   1.0000   0.1799
  -3.000  -0.1564   0.03705   0.02725  -0.0671   1.0000   0.1829
  -2.750  -0.1279   0.03565   0.02549  -0.0686   1.0000   0.1883
  -2.500  -0.1025   0.03473   0.02443  -0.0694   1.0000   0.1964
  -2.250  -0.0782   0.03423   0.02381  -0.0701   1.0000   0.2119
  -2.000  -0.0544   0.03380   0.02328  -0.0706   1.0000   0.2304
  -1.750  -0.0295   0.03331   0.02276  -0.0712   1.0000   0.2503
  -1.500  -0.0062   0.03305   0.02261  -0.0717   1.0000   0.2765
  -1.250   0.0171   0.03296   0.02264  -0.0722   1.0000   0.3125
  -1.000   0.0411   0.03299   0.02280  -0.0728   1.0000   0.3595
  -0.750   0.0719   0.03297   0.02310  -0.0745   0.9977   0.4260
  -0.500   0.1289   0.03250   0.02369  -0.0799   0.9863   0.6028
  -0.250   0.1602   0.03163   0.02349  -0.0800   0.9706   1.0000
   0.000   0.2051   0.03261   0.02397  -0.0848   0.9551   1.0000
   0.250   0.2502   0.03361   0.02463  -0.0893   0.9415   1.0000
   0.500   0.2889   0.03451   0.02530  -0.0927   0.9276   1.0000
   0.750   0.3249   0.03538   0.02599  -0.0954   0.9138   1.0000
   1.000   0.3646   0.03623   0.02669  -0.0987   0.9010   1.0000
   1.250   0.3968   0.03707   0.02742  -0.1006   0.8872   1.0000
   1.500   0.4295   0.03790   0.02816  -0.1026   0.8736   1.0000
   1.750   0.4664   0.03867   0.02886  -0.1050   0.8610   1.0000
   2.000   0.4947   0.03955   0.02980  -0.1062   0.8475   1.0000
   2.250   0.5235   0.04040   0.03057  -0.1073   0.8338   1.0000
   2.500   0.5594   0.04104   0.03114  -0.1092   0.8210   1.0000
   2.750   0.5843   0.04190   0.03194  -0.1095   0.8063   1.0000
   3.000   0.6155   0.04256   0.03255  -0.1105   0.7927   1.0000
   3.250   0.6509   0.04310   0.03304  -0.1120   0.7806   1.0000
   3.500   0.6707   0.04423   0.03414  -0.1117   0.7666   1.0000
   3.750   0.6964   0.04515   0.03504  -0.1120   0.7536   1.0000
   4.000   0.7276   0.04576   0.03564  -0.1127   0.7415   1.0000
   4.250   0.7586   0.04628   0.03615  -0.1132   0.7292   1.0000
   4.500   0.7726   0.04769   0.03756  -0.1121   0.7145   1.0000
   4.750   0.7989   0.04848   0.03836  -0.1121   0.7025   1.0000
   5.000   0.8274   0.04915   0.03905  -0.1122   0.6913   1.0000
   5.250   0.8604   0.04940   0.03933  -0.1125   0.6802   1.0000
   5.500   0.8652   0.05155   0.04151  -0.1107   0.6650   1.0000
   5.750   0.8953   0.05179   0.04180  -0.1104   0.6524   1.0000
   6.000   0.9375   0.05082   0.04089  -0.1104   0.6407   1.0000
   6.250   0.9444   0.05277   0.04288  -0.1085   0.6247   1.0000
   6.500   0.9926   0.05074   0.04092  -0.1081   0.6121   1.0000
   6.750   1.0670   0.04650   0.03676  -0.1094   0.6001   1.0000
   7.000   1.0806   0.04746   0.03779  -0.1072   0.5836   1.0000
   7.250   1.1399   0.04484   0.03525  -0.1081   0.5711   1.0000
   7.500   1.1601   0.04532   0.03582  -0.1063   0.5545   1.0000
   7.750   1.2104   0.04296   0.03349  -0.1062   0.5357   1.0000
   8.000   1.2646   0.03249   0.02299  -0.0984   0.4547   1.0000
   8.250   1.2680   0.03263   0.02311  -0.0935   0.4211   1.0000
   8.500   1.2665   0.03317   0.02365  -0.0884   0.3889   1.0000
   8.750   1.2639   0.03398   0.02437  -0.0834   0.3563   1.0000
   9.000   1.2582   0.03529   0.02565  -0.0787   0.3207   1.0000
   9.500   1.2388   0.03932   0.02928  -0.0704   0.2272   1.0000
   9.750   1.2253   0.04244   0.03201  -0.0671   0.1763   1.0000
  10.250   1.1947   0.05048   0.03949  -0.0623   0.1025   1.0000
  10.500   1.1815   0.05474   0.04355  -0.0607   0.0867   1.0000
  10.750   1.1714   0.05884   0.04758  -0.0595   0.0769   1.0000
  11.000   1.1633   0.06282   0.05151  -0.0586   0.0706   1.0000
  11.250   1.1592   0.06642   0.05516  -0.0576   0.0656   1.0000
  11.500   1.1559   0.06992   0.05865  -0.0568   0.0619   1.0000
  11.750   1.1560   0.07301   0.06173  -0.0557   0.0588   1.0000
  12.000   1.1631   0.07538   0.06426  -0.0542   0.0557   1.0000
  12.250   1.1724   0.07752   0.06648  -0.0526   0.0531   1.0000
  12.500   1.1858   0.07923   0.06817  -0.0507   0.0510   1.0000
  13.000   1.1178   0.09037   0.08003  -0.0428   0.0511   1.0000
  13.250   1.2392   0.08599   0.07562  -0.0452   0.0484   1.0000
  13.500   1.1394   0.09540   0.08547  -0.0396   0.0493   1.0000
  13.750   1.2349   0.09516   0.08537  -0.0453   0.0487   1.0000
  15.250   0.8967   0.15140   0.14390  -0.0596   0.0577   1.0000
  17.000   0.7892   0.19906   0.19182  -0.0785   0.0799   1.0000
  19.000   1.0988   0.25128   0.24319  -0.1459   0.1328   1.0000
