  
       XFOIL         Version 6.99
  
 Calculated polar for: Airfoil_rR0.709787.txt                          
  
 1 1 Reynolds number fixed          Mach number fixed         
  
 xtrf =   1.000 (top)        1.000 (bottom)  
 Mach =   0.000     Re =     0.150 e 6     Ncrit =   9.000
  
   alpha    CL        CD       CDp       CM     Top_Xtr  Bot_Xtr
  ------ -------- --------- --------- -------- -------- --------
 -11.750  -0.3392   0.14607   0.14134  -0.0353   1.0000   0.0502
 -11.500  -0.3154   0.13829   0.13358  -0.0324   1.0000   0.0512
 -10.250  -0.2948   0.12121   0.11664  -0.0336   1.0000   0.0570
  -9.250  -0.3526   0.10925   0.10475  -0.0395   1.0000   0.0602
  -9.000  -0.3547   0.10526   0.10083  -0.0392   1.0000   0.0605
  -8.000  -0.3230   0.09419   0.09013  -0.0306   1.0000   0.0640
  -7.500  -0.3483   0.09041   0.08650  -0.0259   1.0000   0.0655
  -6.250  -0.4092   0.07157   0.06764  -0.0375   0.9961   0.0712
  -5.500  -0.3050   0.02378   0.01596  -0.0678   0.9866   0.0293
  -5.250  -0.2652   0.02091   0.01275  -0.0703   0.9837   0.0336
  -5.000  -0.2205   0.02011   0.01176  -0.0736   0.9799   0.0580
  -4.750  -0.1829   0.02024   0.01180  -0.0762   0.9726   0.0681
  -4.500  -0.1447   0.01999   0.01154  -0.0790   0.9665   0.0745
  -4.250  -0.1038   0.02053   0.01201  -0.0827   0.9606   0.0895
  -4.000  -0.0691   0.02029   0.01183  -0.0848   0.9531   0.0986
  -3.750  -0.0288   0.01941   0.01095  -0.0876   0.9488   0.1031
  -3.500   0.0079   0.01881   0.01024  -0.0896   0.9424   0.1103
  -3.250   0.0448   0.01812   0.00962  -0.0918   0.9366   0.1203
  -3.000   0.0842   0.01736   0.00905  -0.0945   0.9318   0.1353
  -2.750   0.1196   0.01681   0.00863  -0.0964   0.9251   0.1547
  -2.500   0.1610   0.01619   0.00819  -0.0995   0.9210   0.1870
  -2.250   0.1936   0.01576   0.00795  -0.1008   0.9133   0.2275
  -2.000   0.2274   0.01528   0.00769  -0.1023   0.9068   0.2781
  -1.750   0.2621   0.01468   0.00738  -0.1039   0.9009   0.3409
  -1.500   0.2920   0.01406   0.00716  -0.1045   0.8927   0.4305
  -1.250   0.3167   0.01303   0.00707  -0.1036   0.8849   0.6714
  -1.000   0.3622   0.01218   0.00674  -0.1060   0.8806   1.0000
  -0.750   0.3918   0.01208   0.00650  -0.1063   0.8712   1.0000
  -0.500   0.4210   0.01198   0.00628  -0.1065   0.8614   1.0000
  -0.250   0.4497   0.01189   0.00608  -0.1065   0.8510   1.0000
   0.000   0.4778   0.01183   0.00591  -0.1065   0.8405   1.0000
   0.250   0.5046   0.01181   0.00581  -0.1063   0.8289   1.0000
   0.500   0.5305   0.01182   0.00575  -0.1059   0.8163   1.0000
   0.750   0.5569   0.01183   0.00568  -0.1056   0.8039   1.0000
   1.000   0.5845   0.01180   0.00559  -0.1055   0.7924   1.0000
   1.250   0.6123   0.01179   0.00547  -0.1053   0.7808   1.0000
   1.500   0.6388   0.01186   0.00543  -0.1051   0.7675   1.0000
   1.750   0.6652   0.01195   0.00543  -0.1047   0.7536   1.0000
   2.000   0.6921   0.01206   0.00541  -0.1045   0.7404   1.0000
   2.250   0.7172   0.01219   0.00548  -0.1040   0.7248   1.0000
   2.500   0.7430   0.01228   0.00545  -0.1035   0.7091   1.0000
   2.750   0.7680   0.01233   0.00537  -0.1028   0.6906   1.0000
   3.000   0.7927   0.01242   0.00530  -0.1020   0.6706   1.0000
   3.250   0.8168   0.01256   0.00529  -0.1011   0.6490   1.0000
   3.500   0.8406   0.01272   0.00535  -0.1003   0.6277   1.0000
   3.750   0.8642   0.01288   0.00542  -0.0995   0.6065   1.0000
   4.000   0.8883   0.01304   0.00545  -0.0988   0.5872   1.0000
   4.250   0.9125   0.01327   0.00554  -0.0981   0.5693   1.0000
   4.500   0.9365   0.01354   0.00572  -0.0975   0.5517   1.0000
   4.750   0.9606   0.01380   0.00593  -0.0969   0.5351   1.0000
   5.000   0.9847   0.01406   0.00613  -0.0963   0.5194   1.0000
   5.250   1.0086   0.01428   0.00636  -0.0957   0.5027   1.0000
   5.500   1.0322   0.01453   0.00653  -0.0950   0.4874   1.0000
   5.750   1.0554   0.01485   0.00675  -0.0943   0.4710   1.0000
   6.000   1.0783   0.01517   0.00704  -0.0935   0.4541   1.0000
   6.250   1.0985   0.01551   0.00729  -0.0923   0.4242   1.0000
   6.500   1.1124   0.01609   0.00745  -0.0899   0.3676   1.0000
   6.750   1.1272   0.01688   0.00790  -0.0880   0.2954   1.0000
   7.000   1.1383   0.01801   0.00848  -0.0857   0.2285   1.0000
   7.250   1.1499   0.01927   0.00930  -0.0835   0.1673   1.0000
   7.500   1.1622   0.02048   0.01016  -0.0815   0.1236   1.0000
   7.750   1.1776   0.02139   0.01087  -0.0799   0.0944   1.0000
   8.250   1.2065   0.02321   0.01223  -0.0765   0.0613   1.0000
  10.000   1.3030   0.05493   0.04661  -0.0561   0.0410   1.0000
  10.250   1.2880   0.05792   0.05044  -0.0497   0.0449   1.0000
