  
       XFOIL         Version 6.99
  
 Calculated polar for: Airfoil_rR0.965147.txt                          
  
 1 1 Reynolds number fixed          Mach number fixed         
  
 xtrf =   1.000 (top)        1.000 (bottom)  
 Mach =   0.000     Re =     0.050 e 6     Ncrit =   9.000
  
   alpha    CL        CD       CDp       CM     Top_Xtr  Bot_Xtr
  ------ -------- --------- --------- -------- -------- --------
 -19.000  -0.6026   0.23473   0.22550   0.0202   1.0000   0.0592
 -18.250  -0.5743   0.22519   0.21602   0.0153   1.0000   0.0639
 -18.000  -0.5652   0.22250   0.21335   0.0135   1.0000   0.0667
 -17.250  -0.5394   0.21444   0.20540   0.0080   1.0000   0.0727
 -16.500  -0.5171   0.20853   0.19959   0.0022   1.0000   0.0798
 -16.000  -0.4972   0.20064   0.19180  -0.0004   1.0000   0.0819
 -14.750  -0.4645   0.18951   0.18071  -0.0092   1.0000   0.0901
 -13.750  -0.3296   0.17360   0.16547  -0.0228   1.0000   0.1041
 -11.500  -0.3670   0.14569   0.13742  -0.0231   1.0000   0.1226
 -11.000  -0.3111   0.14134   0.13348  -0.0283   1.0000   0.1328
 -10.750  -0.3076   0.13813   0.13031  -0.0285   1.0000   0.1371
 -10.500  -0.3156   0.13668   0.12891  -0.0299   1.0000   0.1399
 -10.250  -0.3056   0.13189   0.12418  -0.0295   1.0000   0.1426
 -10.000  -0.3018   0.12862   0.12096  -0.0296   1.0000   0.1470
  -9.750  -0.3118   0.12726   0.11967  -0.0309   1.0000   0.1500
  -9.500  -0.2996   0.12232   0.11478  -0.0300   1.0000   0.1535
  -9.250  -0.3011   0.11971   0.11225  -0.0302   1.0000   0.1585
  -9.000  -0.3076   0.11738   0.11002  -0.0306   1.0000   0.1609
  -8.750  -0.2984   0.11329   0.10599  -0.0295   1.0000   0.1664
  -8.500  -0.3137   0.11220   0.10502  -0.0299   1.0000   0.1700
  -8.000  -0.3137   0.10591   0.09891  -0.0279   1.0000   0.1793
  -7.250  -0.3586   0.09737   0.09046  -0.0231   1.0000   0.1884
  -7.000  -0.3369   0.09563   0.08908  -0.0207   1.0000   0.1954
  -6.750  -0.3713   0.09241   0.08573  -0.0201   1.0000   0.1970
  -6.250  -0.3848   0.08740   0.08092  -0.0184   1.0000   0.2074
  -5.250  -0.3919   0.07505   0.06879  -0.0181   1.0000   0.2346
  -5.000  -0.3425   0.05281   0.04518  -0.0475   1.0000   0.0880
  -4.750  -0.3145   0.04485   0.03643  -0.0522   1.0000   0.0882
  -4.500  -0.2871   0.03994   0.03100  -0.0541   1.0000   0.1059
  -4.250  -0.2758   0.04111   0.03252  -0.0521   1.0000   0.1526
  -4.000  -0.2681   0.04255   0.03436  -0.0490   1.0000   0.1983
  -3.750  -0.2321   0.03815   0.02922  -0.0528   1.0000   0.1923
  -3.500  -0.2008   0.03541   0.02595  -0.0548   1.0000   0.1927
  -3.250  -0.1720   0.03347   0.02361  -0.0560   1.0000   0.1964
  -3.000  -0.1438   0.03188   0.02162  -0.0571   1.0000   0.2023
  -2.750  -0.1199   0.03104   0.02067  -0.0574   1.0000   0.2151
  -2.500  -0.0944   0.03022   0.01959  -0.0580   1.0000   0.2304
  -2.250  -0.0706   0.02944   0.01878  -0.0582   1.0000   0.2437
  -2.000  -0.0459   0.02879   0.01802  -0.0586   1.0000   0.2620
  -1.750  -0.0226   0.02838   0.01762  -0.0588   1.0000   0.2898
  -1.500   0.0009   0.02804   0.01742  -0.0591   1.0000   0.3272
  -1.250   0.0262   0.02768   0.01723  -0.0597   1.0000   0.3791
  -1.000   0.0539   0.02704   0.01714  -0.0606   1.0000   0.4691
  -0.750   0.0621   0.02501   0.01713  -0.0559   1.0000   0.9074
  -0.500   0.0809   0.02566   0.01706  -0.0565   1.0000   1.0000
  -0.250   0.1194   0.02672   0.01768  -0.0605   0.9925   1.0000
   0.000   0.1733   0.02792   0.01854  -0.0671   0.9773   1.0000
   0.250   0.2200   0.02895   0.01933  -0.0723   0.9625   1.0000
   0.500   0.2639   0.02992   0.02012  -0.0769   0.9488   1.0000
   0.750   0.3016   0.03078   0.02085  -0.0802   0.9340   1.0000
   1.000   0.3430   0.03166   0.02161  -0.0840   0.9209   1.0000
   1.250   0.3756   0.03248   0.02236  -0.0862   0.9067   1.0000
   1.500   0.4102   0.03329   0.02311  -0.0887   0.8931   1.0000
   1.750   0.4484   0.03405   0.02384  -0.0916   0.8806   1.0000
   2.000   0.4756   0.03490   0.02467  -0.0927   0.8663   1.0000
   2.250   0.5069   0.03572   0.02549  -0.0944   0.8531   1.0000
   2.500   0.5403   0.03652   0.02625  -0.0963   0.8411   1.0000
   2.750   0.5662   0.03741   0.02711  -0.0969   0.8273   1.0000
   3.000   0.5944   0.03820   0.02789  -0.0978   0.8134   1.0000
   3.250   0.6291   0.03878   0.02846  -0.0994   0.8007   1.0000
   3.500   0.6519   0.03973   0.02941  -0.0994   0.7867   1.0000
   3.750   0.6774   0.04068   0.03036  -0.0999   0.7740   1.0000
   4.000   0.7056   0.04154   0.03124  -0.1006   0.7622   1.0000
   4.250   0.7374   0.04217   0.03189  -0.1014   0.7505   1.0000
   4.500   0.7525   0.04354   0.03328  -0.1005   0.7366   1.0000
   4.750   0.7754   0.04454   0.03432  -0.1003   0.7238   1.0000
   5.000   0.8020   0.04536   0.03519  -0.1005   0.7121   1.0000
   5.250   0.8309   0.04600   0.03589  -0.1007   0.7007   1.0000
   5.500   0.8455   0.04740   0.03735  -0.0995   0.6867   1.0000
   5.750   0.8745   0.04772   0.03775  -0.0991   0.6729   1.0000
   6.000   0.9266   0.04594   0.03608  -0.0994   0.6593   1.0000
   6.250   0.9676   0.04428   0.03453  -0.0982   0.6415   1.0000
   6.500   1.0366   0.03905   0.02936  -0.0968   0.6193   1.0000
   6.750   1.0718   0.03703   0.02740  -0.0944   0.5953   1.0000
   7.000   1.1196   0.03410   0.02444  -0.0929   0.5714   1.0000
   7.250   1.1485   0.03316   0.02353  -0.0909   0.5475   1.0000
   7.500   1.1747   0.03244   0.02283  -0.0887   0.5217   1.0000
   7.750   1.1941   0.03064   0.02080  -0.0844   0.4796   1.0000
   8.000   1.1948   0.03007   0.01996  -0.0786   0.4272   1.0000
   8.250   1.1911   0.03031   0.01984  -0.0731   0.3722   1.0000
  15.500   0.7886   0.17936   0.17139  -0.0643   0.0782   1.0000
