  
       XFOIL         Version 6.99
  
 Calculated polar for: Airfoil_rR0.656413.txt                          
  
 1 1 Reynolds number fixed          Mach number fixed         
  
 xtrf =   1.000 (top)        1.000 (bottom)  
 Mach =   0.000     Re =     0.200 e 6     Ncrit =   9.000
  
   alpha    CL        CD       CDp       CM     Top_Xtr  Bot_Xtr
  ------ -------- --------- --------- -------- -------- --------
 -15.750  -0.3453   0.18872   0.18447  -0.0246   1.0000   0.0202
 -11.500  -0.3033   0.13504   0.13095  -0.0333   1.0000   0.0423
 -10.000  -0.2935   0.11537   0.11145  -0.0351   1.0000   0.0467
  -9.000  -0.3346   0.10389   0.10019  -0.0385   1.0000   0.0502
  -8.750  -0.3682   0.09981   0.09604  -0.0385   1.0000   0.0502
  -6.750  -0.3852   0.05092   0.04697  -0.0627   0.9848   0.0320
  -6.500  -0.3640   0.02563   0.01918  -0.0764   0.9810   0.0236
  -6.250  -0.3281   0.02107   0.01382  -0.0785   0.9788   0.0232
  -6.000  -0.2923   0.01925   0.01174  -0.0802   0.9746   0.0258
  -5.750  -0.2516   0.01812   0.01032  -0.0826   0.9715   0.0406
  -5.500  -0.2160   0.01829   0.01056  -0.0848   0.9657   0.0523
  -5.250  -0.1761   0.01844   0.01061  -0.0877   0.9614   0.0587
  -5.000  -0.1417   0.01800   0.01014  -0.0896   0.9556   0.0626
  -4.750  -0.1028   0.01805   0.01011  -0.0924   0.9515   0.0697
  -4.500  -0.0691   0.01823   0.01031  -0.0943   0.9454   0.0799
  -4.250  -0.0305   0.01729   0.00942  -0.0970   0.9420   0.0829
  -4.000   0.0071   0.01659   0.00873  -0.0992   0.9379   0.0864
  -3.750   0.0430   0.01589   0.00802  -0.1011   0.9330   0.0915
  -3.500   0.0827   0.01526   0.00744  -0.1038   0.9304   0.0999
  -3.250   0.1130   0.01476   0.00702  -0.1045   0.9233   0.1113
  -3.000   0.1504   0.01413   0.00649  -0.1067   0.9201   0.1287
  -2.750   0.1794   0.01365   0.00614  -0.1071   0.9123   0.1493
  -2.500   0.2095   0.01324   0.00586  -0.1078   0.9052   0.1797
  -2.250   0.2430   0.01278   0.00557  -0.1091   0.9001   0.2184
  -2.000   0.2718   0.01242   0.00537  -0.1095   0.8919   0.2618
  -1.750   0.3007   0.01203   0.00517  -0.1098   0.8837   0.3129
  -1.500   0.3291   0.01160   0.00499  -0.1101   0.8751   0.3795
  -1.250   0.3561   0.01106   0.00486  -0.1101   0.8663   0.4869
  -1.000   0.3782   0.01034   0.00484  -0.1087   0.8568   0.6918
  -0.750   0.4169   0.00965   0.00468  -0.1098   0.8488   1.0000
  -0.500   0.4433   0.00964   0.00456  -0.1096   0.8370   1.0000
  -0.250   0.4698   0.00965   0.00445  -0.1093   0.8252   1.0000
   0.000   0.4963   0.00966   0.00436  -0.1091   0.8132   1.0000
   0.250   0.5229   0.00967   0.00427  -0.1089   0.8009   1.0000
   0.500   0.5504   0.00967   0.00416  -0.1088   0.7895   1.0000
   0.750   0.5768   0.00972   0.00416  -0.1086   0.7760   1.0000
   1.000   0.6035   0.00980   0.00412  -0.1084   0.7625   1.0000
   1.250   0.6300   0.00991   0.00410  -0.1082   0.7485   1.0000
   1.500   0.6557   0.01003   0.00411  -0.1078   0.7328   1.0000
   1.750   0.6812   0.01013   0.00411  -0.1073   0.7161   1.0000
   2.000   0.7064   0.01023   0.00409  -0.1068   0.6982   1.0000
   2.250   0.7318   0.01034   0.00403  -0.1063   0.6800   1.0000
   2.500   0.7563   0.01051   0.00404  -0.1056   0.6590   1.0000
   2.750   0.7803   0.01069   0.00408  -0.1049   0.6361   1.0000
   3.000   0.8044   0.01086   0.00414  -0.1042   0.6137   1.0000
   3.250   0.8285   0.01103   0.00418  -0.1036   0.5924   1.0000
   3.500   0.8529   0.01125   0.00426  -0.1030   0.5741   1.0000
   3.750   0.8773   0.01151   0.00439  -0.1025   0.5566   1.0000
   4.000   0.9018   0.01177   0.00454  -0.1020   0.5404   1.0000
   4.250   0.9263   0.01199   0.00471  -0.1015   0.5235   1.0000
   4.500   0.9507   0.01220   0.00488  -0.1010   0.5056   1.0000
   4.750   0.9746   0.01245   0.00502  -0.1004   0.4900   1.0000
   5.000   0.9987   0.01272   0.00521  -0.0999   0.4752   1.0000
   5.250   1.0224   0.01303   0.00544  -0.0993   0.4609   1.0000
   5.500   1.0462   0.01332   0.00568  -0.0987   0.4450   1.0000
   5.750   1.0696   0.01361   0.00593  -0.0981   0.4275   1.0000
   6.000   1.0894   0.01397   0.00610  -0.0968   0.3875   1.0000
   6.250   1.1040   0.01478   0.00650  -0.0948   0.3392   1.0000
   6.750   1.1306   0.01684   0.00762  -0.0907   0.1893   1.0000
   7.000   1.1444   0.01793   0.00836  -0.0888   0.1386   1.0000
   7.250   1.1603   0.01883   0.00904  -0.0872   0.1115   1.0000
   7.500   1.1764   0.01967   0.00967  -0.0857   0.0814   1.0000
   7.750   1.1919   0.02051   0.01031  -0.0840   0.0653   1.0000
   8.000   1.2100   0.02111   0.01080  -0.0827   0.0542   1.0000
   9.000   1.2057   0.02929   0.02030  -0.0642   0.0242   1.0000
   9.250   1.2049   0.03176   0.02286  -0.0604   0.0246   1.0000
   9.500   1.2139   0.03431   0.02547  -0.0575   0.0253   1.0000
   9.750   1.2432   0.03736   0.02858  -0.0565   0.0266   1.0000
