  
       XFOIL         Version 6.99
  
 Calculated polar for: Airfoil_rR0.763173.txt                          
  
 1 1 Reynolds number fixed          Mach number fixed         
  
 xtrf =   1.000 (top)        1.000 (bottom)  
 Mach =   0.000     Re =     0.250 e 6     Ncrit =   9.000
  
   alpha    CL        CD       CDp       CM     Top_Xtr  Bot_Xtr
  ------ -------- --------- --------- -------- -------- --------
 -11.000  -0.3026   0.12895   0.12530  -0.0314   1.0000   0.0361
  -6.250  -0.2861   0.02927   0.02414  -0.0843   0.9711   0.0272
  -6.000  -0.2559   0.01942   0.01254  -0.0857   0.9680   0.0211
  -5.500  -0.1830   0.01543   0.00799  -0.0892   0.9615   0.0228
  -5.250  -0.1467   0.01465   0.00712  -0.0908   0.9573   0.0365
  -4.500  -0.0378   0.01434   0.00683  -0.0971   0.9447   0.0606
  -4.250  -0.0007   0.01409   0.00663  -0.0995   0.9414   0.0691
  -4.000   0.0306   0.01401   0.00659  -0.1007   0.9357   0.0790
  -3.750   0.0641   0.01339   0.00602  -0.1022   0.9316   0.0844
  -3.500   0.0937   0.01291   0.00557  -0.1027   0.9251   0.0922
  -3.250   0.1264   0.01244   0.00518  -0.1039   0.9206   0.1034
  -3.000   0.1541   0.01210   0.00487  -0.1041   0.9127   0.1174
  -2.750   0.1821   0.01170   0.00456  -0.1043   0.9052   0.1351
  -2.500   0.2110   0.01133   0.00430  -0.1047   0.8982   0.1617
  -2.250   0.2396   0.01098   0.00408  -0.1051   0.8910   0.1942
  -2.000   0.2669   0.01072   0.00393  -0.1051   0.8819   0.2323
  -1.750   0.2940   0.01046   0.00378  -0.1051   0.8723   0.2730
  -1.500   0.3207   0.01017   0.00368  -0.1051   0.8625   0.3253
  -1.250   0.3467   0.00982   0.00360  -0.1050   0.8524   0.4061
  -1.000   0.3707   0.00926   0.00358  -0.1045   0.8420   0.5639
  -0.750   0.3890   0.00858   0.00362  -0.1022   0.8312   0.7846
  -0.500   0.4310   0.00823   0.00349  -0.1047   0.8207   1.0000
   0.000   0.4828   0.00828   0.00334  -0.1042   0.7945   1.0000
   0.250   0.5094   0.00831   0.00325  -0.1040   0.7822   1.0000
   0.500   0.5357   0.00839   0.00320  -0.1038   0.7683   1.0000
   0.750   0.5615   0.00849   0.00319  -0.1035   0.7528   1.0000
   1.000   0.5873   0.00860   0.00321  -0.1031   0.7368   1.0000
   1.500   0.6380   0.00880   0.00320  -0.1024   0.7005   1.0000
   1.750   0.6632   0.00893   0.00315  -0.1019   0.6818   1.0000
   2.000   0.6879   0.00911   0.00315  -0.1013   0.6599   1.0000
   2.250   0.7121   0.00929   0.00319  -0.1007   0.6349   1.0000
   2.500   0.7364   0.00947   0.00323  -0.1002   0.6103   1.0000
   2.750   0.7608   0.00965   0.00326  -0.0996   0.5868   1.0000
   3.000   0.7854   0.00989   0.00335  -0.0992   0.5687   1.0000
   3.250   0.8102   0.01013   0.00347  -0.0988   0.5513   1.0000
   3.500   0.8351   0.01035   0.00360  -0.0984   0.5337   1.0000
   3.750   0.8601   0.01055   0.00373  -0.0981   0.5157   1.0000
   4.000   0.8850   0.01074   0.00386  -0.0977   0.4961   1.0000
   4.250   0.9090   0.01102   0.00399  -0.0972   0.4801   1.0000
   4.500   0.9333   0.01129   0.00417  -0.0968   0.4638   1.0000
   4.750   0.9576   0.01158   0.00437  -0.0963   0.4484   1.0000
   5.000   0.9820   0.01184   0.00458  -0.0959   0.4310   1.0000
   5.250   1.0067   0.01205   0.00476  -0.0955   0.4063   1.0000
   5.500   1.0280   0.01247   0.00496  -0.0946   0.3782   1.0000
   5.750   1.0460   0.01320   0.00536  -0.0932   0.3318   1.0000
   6.000   1.0575   0.01451   0.00595  -0.0909   0.2131   1.0000
   6.250   1.0692   0.01595   0.00679  -0.0889   0.1277   1.0000
   6.500   1.0873   0.01678   0.00740  -0.0876   0.0915   1.0000
   6.750   1.1054   0.01757   0.00798  -0.0863   0.0671   1.0000
   7.000   1.1257   0.01815   0.00847  -0.0853   0.0582   1.0000
   7.250   1.1463   0.01866   0.00888  -0.0844   0.0487   1.0000
   7.500   1.1654   0.01928   0.00934  -0.0833   0.0428   1.0000
   8.000   1.1768   0.01533   0.00545  -0.0767   0.0298   1.0000
