  
       XFOIL         Version 6.99
  
 Calculated polar for: Airfoil_rR0.763173.txt                          
  
 1 1 Reynolds number fixed          Mach number fixed         
  
 xtrf =   1.000 (top)        1.000 (bottom)  
 Mach =   0.000     Re =     0.200 e 6     Ncrit =   9.000
  
   alpha    CL        CD       CDp       CM     Top_Xtr  Bot_Xtr
  ------ -------- --------- --------- -------- -------- --------
  -9.500  -0.3157   0.11163   0.10778  -0.0386   1.0000   0.0500
  -9.250  -0.3259   0.10902   0.10523  -0.0398   1.0000   0.0502
  -8.500  -0.3495   0.09649   0.09271  -0.0357   1.0000   0.0512
  -8.000  -0.3305   0.09297   0.08944  -0.0301   1.0000   0.0526
  -7.750  -0.3412   0.09108   0.08762  -0.0276   1.0000   0.0530
  -7.500  -0.3853   0.08875   0.08523  -0.0252   1.0000   0.0528
  -6.000  -0.3057   0.02935   0.02359  -0.0764   0.9756   0.0276
  -5.500  -0.2309   0.01865   0.01107  -0.0810   0.9713   0.0246
  -5.250  -0.1934   0.01727   0.00946  -0.0826   0.9669   0.0301
  -4.500  -0.0806   0.01646   0.00858  -0.0897   0.9524   0.0657
  -4.250  -0.0436   0.01631   0.00844  -0.0921   0.9477   0.0742
  -4.000  -0.0064   0.01638   0.00853  -0.0947   0.9425   0.0868
  -3.750   0.0350   0.01562   0.00777  -0.0978   0.9402   0.0926
  -3.500   0.0663   0.01515   0.00732  -0.0988   0.9334   0.1000
  -3.250   0.1045   0.01453   0.00680  -0.1012   0.9303   0.1119
  -3.000   0.1344   0.01405   0.00640  -0.1019   0.9229   0.1264
  -2.750   0.1667   0.01353   0.00600  -0.1031   0.9170   0.1463
  -2.500   0.1991   0.01306   0.00568  -0.1042   0.9113   0.1760
  -2.250   0.2277   0.01271   0.00547  -0.1046   0.9032   0.2117
  -2.000   0.2573   0.01233   0.00526  -0.1052   0.8957   0.2564
  -1.750   0.2883   0.01188   0.00500  -0.1059   0.8894   0.3105
  -1.500   0.3159   0.01142   0.00482  -0.1061   0.8806   0.3817
  -1.250   0.3413   0.01082   0.00471  -0.1058   0.8712   0.5114
  -1.000   0.3604   0.01000   0.00472  -0.1035   0.8615   0.7510
  -0.500   0.4297   0.00951   0.00440  -0.1057   0.8417   1.0000
  -0.250   0.4565   0.00950   0.00427  -0.1055   0.8305   1.0000
   0.000   0.4823   0.00953   0.00420  -0.1052   0.8181   1.0000
   0.250   0.5080   0.00955   0.00415  -0.1049   0.8049   1.0000
   0.500   0.5347   0.00956   0.00406  -0.1047   0.7928   1.0000
   0.750   0.5618   0.00959   0.00397  -0.1045   0.7808   1.0000
   1.000   0.5880   0.00967   0.00398  -0.1043   0.7670   1.0000
   1.250   0.6142   0.00977   0.00397  -0.1040   0.7527   1.0000
   1.500   0.6402   0.00989   0.00397  -0.1037   0.7378   1.0000
   1.750   0.6657   0.01000   0.00397  -0.1033   0.7213   1.0000
   2.000   0.6905   0.01009   0.00396  -0.1027   0.7018   1.0000
   2.250   0.7154   0.01018   0.00388  -0.1021   0.6817   1.0000
   2.500   0.7398   0.01035   0.00386  -0.1013   0.6587   1.0000
   2.750   0.7637   0.01053   0.00390  -0.1006   0.6345   1.0000
   3.000   0.7878   0.01070   0.00395  -0.1000   0.6114   1.0000
   3.250   0.8121   0.01087   0.00398  -0.0994   0.5900   1.0000
   3.500   0.8367   0.01110   0.00408  -0.0989   0.5723   1.0000
   3.750   0.8613   0.01135   0.00422  -0.0984   0.5553   1.0000
   4.000   0.8858   0.01160   0.00438  -0.0980   0.5384   1.0000
   4.250   0.9104   0.01183   0.00454  -0.0975   0.5214   1.0000
   4.500   0.9351   0.01202   0.00471  -0.0971   0.5029   1.0000
   4.750   0.9591   0.01228   0.00485  -0.0965   0.4867   1.0000
   5.000   0.9830   0.01257   0.00504  -0.0960   0.4715   1.0000
   5.250   1.0068   0.01287   0.00528  -0.0954   0.4549   1.0000
   5.500   1.0304   0.01317   0.00552  -0.0948   0.4374   1.0000
   6.000   1.0692   0.01414   0.00601  -0.0923   0.3578   1.0000
   6.250   1.0831   0.01510   0.00645  -0.0903   0.2702   1.0000
   6.500   1.0935   0.01653   0.00724  -0.0880   0.1777   1.0000
   6.750   1.1081   0.01766   0.00799  -0.0862   0.1253   1.0000
   7.000   1.1247   0.01856   0.00866  -0.0848   0.0913   1.0000
   7.250   1.1418   0.01938   0.00928  -0.0834   0.0693   1.0000
   7.500   1.1597   0.02010   0.00985  -0.0821   0.0597   1.0000
   7.750   1.1797   0.02061   0.01024  -0.0811   0.0484   1.0000
   8.000   1.1968   0.02133   0.01073  -0.0797   0.0399   1.0000
   8.250   1.2154   0.02193   0.01135  -0.0783   0.0319   1.0000
