  
       XFOIL         Version 6.99
  
 Calculated polar for: Airfoil_rR0.362827.txt                          
  
 1 1 Reynolds number fixed          Mach number fixed         
  
 xtrf =   1.000 (top)        1.000 (bottom)  
 Mach =   0.000     Re =     0.050 e 6     Ncrit =   9.000
  
   alpha    CL        CD       CDp       CM     Top_Xtr  Bot_Xtr
  ------ -------- --------- --------- -------- -------- --------
 -19.000  -0.3088   0.21294   0.20473  -0.0280   1.0000   0.0792
 -18.750  -0.4621   0.21963   0.21019  -0.0156   1.0000   0.0749
 -18.500  -0.4550   0.21722   0.20782  -0.0169   1.0000   0.0769
 -18.250  -0.4496   0.21537   0.20601  -0.0185   1.0000   0.0789
 -18.000  -0.4478   0.21488   0.20557  -0.0205   1.0000   0.0798
 -17.750  -0.4403   0.21154   0.20229  -0.0215   1.0000   0.0806
 -17.500  -0.2974   0.20381   0.19565  -0.0311   1.0000   0.0895
 -17.250  -0.3024   0.20458   0.19644  -0.0320   1.0000   0.0902
 -17.000  -0.2891   0.19886   0.19075  -0.0313   1.0000   0.0931
 -16.750  -0.2869   0.19739   0.18929  -0.0315   1.0000   0.0965
 -16.250  -0.2935   0.19594   0.18786  -0.0329   1.0000   0.1007
 -16.000  -0.3906   0.19176   0.18279  -0.0271   1.0000   0.0988
 -15.750  -0.3959   0.19233   0.18343  -0.0294   1.0000   0.1001
 -15.500  -0.3761   0.18562   0.17677  -0.0281   1.0000   0.1046
 -14.750  -0.2800   0.18223   0.17430  -0.0331   1.0000   0.1240
 -14.250  -0.2834   0.17959   0.17173  -0.0335   1.0000   0.1394
 -14.000  -0.3585   0.17436   0.16594  -0.0327   1.0000   0.1301
 -13.750  -0.3471   0.17065   0.16229  -0.0322   1.0000   0.1406
 -13.250  -0.3343   0.16521   0.15699  -0.0322   1.0000   0.1511
 -13.000  -0.2727   0.16717   0.15949  -0.0330   1.0000   0.1581
 -12.750  -0.2839   0.16666   0.15902  -0.0337   1.0000   0.1600
 -12.250  -0.2678   0.15925   0.15169  -0.0325   1.0000   0.1661
 -12.000  -0.2748   0.15782   0.15029  -0.0328   1.0000   0.1694
 -11.750  -0.3175   0.15171   0.14386  -0.0329   1.0000   0.1699
 -11.500  -0.2662   0.15139   0.14361  -0.0317   1.0000   0.1756
 -11.000  -0.3158   0.14445   0.13643  -0.0324   1.0000   0.1801
 -10.750  -0.2978   0.13972   0.13173  -0.0312   1.0000   0.1830
 -10.500  -0.2717   0.14252   0.13494  -0.0302   1.0000   0.1891
 -10.000  -0.2936   0.13275   0.12496  -0.0295   1.0000   0.1938
  -9.750  -0.2798   0.13601   0.12863  -0.0282   1.0000   0.1997
  -9.500  -0.3000   0.12881   0.12118  -0.0282   1.0000   0.2015
  -9.250  -0.2944   0.12614   0.11856  -0.0270   1.0000   0.2064
  -9.000  -0.3155   0.12590   0.11845  -0.0265   1.0000   0.2101
  -8.750  -0.2981   0.12176   0.11433  -0.0248   1.0000   0.2147
  -8.500  -0.2971   0.12510   0.11810  -0.0226   1.0000   0.2202
  -8.250  -0.3051   0.11765   0.11039  -0.0222   1.0000   0.2241
  -8.000  -0.3231   0.11693   0.10979  -0.0207   1.0000   0.2296
  -7.750  -0.2931   0.11743   0.11062  -0.0176   1.0000   0.2365
  -7.500  -0.3401   0.11347   0.10652  -0.0170   1.0000   0.2399
  -7.250  -0.3090   0.11379   0.10717  -0.0140   1.0000   0.2480
  -7.000  -0.3488   0.10908   0.10230  -0.0127   1.0000   0.2511
  -6.750  -0.3530   0.10718   0.10048  -0.0103   1.0000   0.2586
  -6.500  -0.3559   0.10490   0.09829  -0.0080   1.0000   0.2644
  -6.250  -0.3469   0.10656   0.10031  -0.0050   1.0000   0.2723
  -6.000  -0.3839   0.10210   0.09569  -0.0024   1.0000   0.2778
  -5.750  -0.3892   0.10004   0.09372  -0.0003   1.0000   0.2860
  -5.500  -0.3986   0.09837   0.09214   0.0016   1.0000   0.2977
  -5.250  -0.4130   0.09682   0.09068   0.0023   1.0000   0.3098
  -5.000  -0.4059   0.09457   0.08850   0.0061   1.0000   0.3262
  -4.750  -0.3974   0.09622   0.09048   0.0092   1.0000   0.3383
  -4.500  -0.4173   0.09050   0.08458   0.0082   1.0000   0.3514
  -3.750  -0.3159   0.05795   0.05066  -0.0512   1.0000   0.1882
  -3.500  -0.2693   0.05077   0.04279  -0.0618   1.0000   0.1774
  -3.250  -0.2321   0.04678   0.03826  -0.0674   1.0000   0.1768
  -3.000  -0.1917   0.04331   0.03402  -0.0730   1.0000   0.1802
  -2.750  -0.1685   0.04234   0.03303  -0.0738   1.0000   0.1859
  -2.500  -0.1421   0.04150   0.03196  -0.0755   1.0000   0.1988
  -2.250  -0.1193   0.04110   0.03154  -0.0763   1.0000   0.2126
  -2.000  -0.0934   0.04045   0.03077  -0.0776   1.0000   0.2263
  -1.750  -0.0669   0.03992   0.03007  -0.0790   1.0000   0.2422
  -1.500  -0.0309   0.04006   0.03020  -0.0820   0.9956   0.2687
  -1.250   0.0359   0.04068   0.03094  -0.0899   0.9808   0.3145
  -1.000   0.0891   0.04069   0.03098  -0.0954   0.9653   0.3548
  -0.750   0.1388   0.04085   0.03132  -0.1001   0.9516   0.4051
  -0.500   0.1839   0.04095   0.03157  -0.1037   0.9390   0.4620
  -0.250   0.2197   0.04103   0.03193  -0.1056   0.9260   0.5259
   0.000   0.2552   0.04102   0.03231  -0.1070   0.9139   0.6103
   0.250   0.2826   0.04073   0.03259  -0.1062   0.9024   0.7226
   0.500   0.2962   0.03982   0.03212  -0.1029   0.8894   1.0000
   0.750   0.3374   0.04071   0.03250  -0.1074   0.8747   1.0000
   1.000   0.3782   0.04153   0.03301  -0.1108   0.8617   1.0000
   1.250   0.4146   0.04230   0.03357  -0.1132   0.8483   1.0000
   1.500   0.4449   0.04310   0.03424  -0.1145   0.8337   1.0000
   1.750   0.4844   0.04368   0.03483  -0.1169   0.8207   1.0000
   2.000   0.5103   0.04451   0.03552  -0.1174   0.8057   1.0000
   2.250   0.5441   0.04515   0.03601  -0.1188   0.7924   1.0000
   2.500   0.5821   0.04560   0.03633  -0.1206   0.7802   1.0000
   2.750   0.6021   0.04665   0.03729  -0.1202   0.7650   1.0000
   3.000   0.6344   0.04723   0.03778  -0.1211   0.7522   1.0000
   3.250   0.6694   0.04765   0.03810  -0.1222   0.7404   1.0000
   3.500   0.6864   0.04888   0.03928  -0.1213   0.7254   1.0000
   3.750   0.7161   0.04943   0.03977  -0.1216   0.7126   1.0000
   4.000   0.7496   0.04971   0.03999  -0.1222   0.7009   1.0000
   4.250   0.7844   0.04986   0.04009  -0.1227   0.6899   1.0000
   4.500   0.7881   0.05215   0.04238  -0.1209   0.6750   1.0000
   4.750   0.8119   0.05312   0.04333  -0.1206   0.6632   1.0000
   5.000   0.8413   0.05355   0.04374  -0.1205   0.6516   1.0000
   5.250   0.8791   0.05308   0.04325  -0.1205   0.6405   1.0000
   5.750   0.9130   0.05541   0.04559  -0.1180   0.6126   1.0000
   6.000   0.9431   0.05546   0.04565  -0.1174   0.6014   1.0000
   6.250   0.9833   0.05437   0.04456  -0.1170   0.5910   1.0000
   6.500   0.9834   0.05711   0.04734  -0.1149   0.5754   1.0000
   6.750   1.1014   0.04894   0.03912  -0.1188   0.5698   1.0000
   7.000   1.0725   0.05363   0.04387  -0.1140   0.5526   1.0000
   7.250   1.1419   0.05011   0.04035  -0.1156   0.5416   1.0000
   7.500   1.2042   0.04768   0.03790  -0.1176   0.5286   1.0000
   7.750   1.1954   0.05026   0.04056  -0.1134   0.5136   1.0000
   8.250   1.2962   0.04757   0.03844  -0.1160   0.4903   1.0000
   8.500   1.2969   0.04966   0.04062  -0.1127   0.4772   1.0000
   8.750   1.3832   0.04326   0.03375  -0.1155   0.4486   1.0000
   9.000   1.4050   0.04069   0.03079  -0.1120   0.4186   1.0000
   9.250   1.4070   0.04049   0.03049  -0.1073   0.3974   1.0000
   9.500   1.4195   0.04011   0.02988  -0.1042   0.3788   1.0000
   9.750   1.4230   0.04103   0.03082  -0.1006   0.3651   1.0000
  10.000   1.4341   0.04161   0.03132  -0.0980   0.3515   1.0000
  10.250   1.4416   0.04245   0.03211  -0.0952   0.3386   1.0000
  10.500   1.4405   0.04378   0.03351  -0.0915   0.3262   1.0000
  10.750   1.4398   0.04513   0.03492  -0.0882   0.3142   1.0000
  11.000   1.4475   0.04674   0.03682  -0.0860   0.3044   1.0000
  11.250   1.4497   0.04802   0.03812  -0.0833   0.2938   1.0000
  11.500   1.4518   0.04935   0.03945  -0.0806   0.2833   1.0000
  11.750   1.4501   0.05106   0.04120  -0.0780   0.2730   1.0000
  12.000   1.4487   0.05286   0.04304  -0.0756   0.2630   1.0000
  12.250   1.4449   0.05501   0.04525  -0.0733   0.2533   1.0000
  12.500   1.4418   0.05721   0.04750  -0.0714   0.2439   1.0000
  12.750   1.4380   0.05963   0.04997  -0.0696   0.2348   1.0000
  13.750   1.4140   0.07185   0.06261  -0.0653   0.2015   1.0000
  14.250   1.3966   0.07946   0.07048  -0.0649   0.1862   1.0000
  14.750   1.3844   0.08686   0.07808  -0.0652   0.1710   1.0000
  15.500   1.3396   0.10369   0.09545  -0.0701   0.1477   1.0000
  16.000   1.3148   0.11442   0.10622  -0.0751   0.1254   1.0000
  16.250   1.3018   0.12037   0.11228  -0.0780   0.1152   1.0000
  16.500   1.2888   0.12658   0.11859  -0.0812   0.1043   1.0000
  16.750   0.8469   0.18185   0.17451  -0.0850   0.1477   1.0000
  17.000   1.2718   0.13699   0.12875  -0.0869   0.0794   1.0000
  17.250   1.2633   0.14238   0.13400  -0.0898   0.0697   1.0000
  17.750   1.2555   0.15167   0.14317  -0.0946   0.0587   1.0000
  18.000   1.2463   0.15826   0.15004  -0.0985   0.0563   1.0000
  18.250   0.8326   0.19574   0.18870  -0.0892   0.0957   1.0000
  18.500   1.1936   0.18292   0.17525  -0.1149   0.0555   1.0000
  19.250   1.1510   0.21827   0.21051  -0.1375   0.0566   1.0000
