  
       XFOIL         Version 6.99
  
 Calculated polar for: Airfoil_rR0.282760.txt                          
  
 1 1 Reynolds number fixed          Mach number fixed         
  
 xtrf =   1.000 (top)        1.000 (bottom)  
 Mach =   0.000     Re =     0.200 e 6     Ncrit =   9.000
  
   alpha    CL        CD       CDp       CM     Top_Xtr  Bot_Xtr
  ------ -------- --------- --------- -------- -------- --------
 -19.250  -0.2938   0.20647   0.20238  -0.0266   1.0000   0.0436
 -18.750  -0.4265   0.21024   0.20553  -0.0198   1.0000   0.0439
 -18.000  -0.4066   0.20360   0.19896  -0.0230   1.0000   0.0488
 -17.500  -0.3084   0.20277   0.19871  -0.0327   1.0000   0.0501
 -17.250  -0.2934   0.19753   0.19350  -0.0317   1.0000   0.0505
 -16.750  -0.2729   0.19359   0.18959  -0.0298   1.0000   0.0524
 -16.500  -0.3739   0.18837   0.18389  -0.0286   1.0000   0.0513
 -15.750  -0.2791   0.18871   0.18473  -0.0320   1.0000   0.0597
 -15.250  -0.3044   0.18666   0.18268  -0.0348   1.0000   0.0601
 -14.750  -0.2808   0.17875   0.17483  -0.0327   1.0000   0.0608
 -14.500  -0.2741   0.17636   0.17245  -0.0319   1.0000   0.0612
 -13.750  -0.3163   0.16288   0.15870  -0.0320   1.0000   0.0623
 -13.250  -0.2613   0.16585   0.16205  -0.0295   1.0000   0.0643
 -13.000  -0.3031   0.15633   0.15224  -0.0313   1.0000   0.0647
 -12.750  -0.3005   0.15403   0.14998  -0.0312   1.0000   0.0658
 -12.500  -0.2995   0.15163   0.14761  -0.0311   1.0000   0.0672
 -12.000  -0.3111   0.15158   0.14790  -0.0335   1.0000   0.0703
 -11.750  -0.3013   0.14863   0.14497  -0.0316   1.0000   0.0706
 -11.500  -0.2925   0.14630   0.14267  -0.0299   1.0000   0.0710
 -10.000  -0.3138   0.12737   0.12373  -0.0259   1.0000   0.0754
  -9.750  -0.3200   0.12480   0.12104  -0.0252   1.0000   0.0761
  -9.500  -0.3396   0.11586   0.11230  -0.0344   0.9966   0.0809
  -9.000  -0.5530   0.04567   0.04087  -0.0973   0.9693   0.0694
  -8.750  -0.5368   0.04019   0.03477  -0.1028   0.9623   0.0706
  -8.500  -0.5034   0.03800   0.03252  -0.1063   0.9600   0.0719
  -8.250  -0.4795   0.03585   0.03017  -0.1079   0.9538   0.0726
  -8.000  -0.4440   0.03329   0.02728  -0.1116   0.9511   0.0732
  -7.750  -0.4146   0.03150   0.02526  -0.1134   0.9458   0.0741
  -7.500  -0.3785   0.02989   0.02343  -0.1161   0.9422   0.0755
  -7.250  -0.3374   0.02836   0.02163  -0.1195   0.9401   0.0774
  -7.000  -0.3078   0.02721   0.02020  -0.1205   0.9335   0.0794
  -6.750  -0.2672   0.02578   0.01864  -0.1235   0.9311   0.0816
  -6.500  -0.2350   0.02480   0.01740  -0.1246   0.9251   0.0830
  -6.250  -0.1947   0.02401   0.01657  -0.1272   0.9216   0.0867
  -6.000  -0.1600   0.02323   0.01560  -0.1286   0.9163   0.0904
  -5.750  -0.1224   0.02244   0.01494  -0.1306   0.9123   0.0946
  -5.500  -0.0796   0.02166   0.01404  -0.1335   0.9103   0.1008
  -5.250  -0.0505   0.02119   0.01364  -0.1338   0.9031   0.1064
  -5.000  -0.0095   0.02047   0.01292  -0.1364   0.9008   0.1139
  -4.750   0.0208   0.02006   0.01246  -0.1369   0.8941   0.1212
  -4.500   0.0617   0.01947   0.01183  -0.1392   0.8914   0.1302
  -4.000   0.1354   0.01813   0.01066  -0.1425   0.8828   0.1464
  -3.750   0.1788   0.01744   0.01000  -0.1453   0.8809   0.1561
  -3.250   0.2554   0.01633   0.00895  -0.1490   0.8713   0.1777
  -3.000   0.2897   0.01589   0.00856  -0.1501   0.8641   0.1891
  -2.750   0.3362   0.01530   0.00804  -0.1536   0.8604   0.2031
  -2.500   0.3709   0.01493   0.00771  -0.1547   0.8520   0.2179
  -2.250   0.4081   0.01456   0.00739  -0.1564   0.8441   0.2350
  -2.000   0.4450   0.01420   0.00710  -0.1580   0.8354   0.2547
  -1.750   0.4773   0.01394   0.00690  -0.1587   0.8242   0.2750
  -1.500   0.5114   0.01366   0.00666  -0.1598   0.8131   0.2975
  -1.250   0.5460   0.01342   0.00645  -0.1609   0.8014   0.3208
  -1.000   0.5800   0.01322   0.00628  -0.1619   0.7893   0.3464
  -0.750   0.6078   0.01311   0.00635  -0.1617   0.7744   0.3713
  -0.500   0.6399   0.01299   0.00623  -0.1623   0.7609   0.4008
  -0.250   0.6674   0.01293   0.00620  -0.1620   0.7454   0.4293
   0.000   0.6960   0.01287   0.00614  -0.1620   0.7306   0.4597
   0.250   0.7218   0.01284   0.00616  -0.1614   0.7148   0.4908
   0.500   0.7481   0.01282   0.00618  -0.1608   0.6994   0.5277
   0.750   0.7738   0.01282   0.00622  -0.1602   0.6841   0.5680
   1.000   0.7994   0.01284   0.00628  -0.1594   0.6689   0.6119
   1.250   0.8219   0.01288   0.00639  -0.1581   0.6521   0.6585
   1.750   0.8644   0.01297   0.00660  -0.1546   0.6218   0.7665
   2.000   0.8798   0.01297   0.00671  -0.1514   0.6064   0.8315
   2.250   0.8916   0.01288   0.00666  -0.1473   0.5928   0.9223
   2.500   0.9199   0.01300   0.00660  -0.1474   0.5791   1.0000
   2.750   0.9447   0.01327   0.00674  -0.1469   0.5638   1.0000
   3.000   0.9696   0.01354   0.00685  -0.1463   0.5496   1.0000
   3.250   0.9937   0.01382   0.00701  -0.1456   0.5358   1.0000
   3.500   1.0179   0.01412   0.00718  -0.1450   0.5229   1.0000
   3.750   1.0417   0.01440   0.00736  -0.1442   0.5102   1.0000
   4.000   1.0645   0.01467   0.00755  -0.1433   0.4977   1.0000
   4.250   1.0879   0.01497   0.00773  -0.1424   0.4868   1.0000
   4.500   1.1111   0.01531   0.00796  -0.1416   0.4756   1.0000
   4.750   1.1343   0.01566   0.00822  -0.1408   0.4649   1.0000
   5.000   1.1571   0.01600   0.00849  -0.1398   0.4544   1.0000
   5.250   1.1796   0.01635   0.00876  -0.1389   0.4445   1.0000
   5.500   1.2015   0.01670   0.00905  -0.1378   0.4349   1.0000
   5.750   1.2222   0.01704   0.00934  -0.1365   0.4251   1.0000
   6.000   1.2418   0.01738   0.00964  -0.1350   0.4150   1.0000
   6.250   1.2606   0.01771   0.00994  -0.1334   0.4046   1.0000
   6.500   1.2790   0.01807   0.01024  -0.1317   0.3948   1.0000
   6.750   1.2975   0.01849   0.01058  -0.1301   0.3852   1.0000
   7.000   1.3160   0.01895   0.01097  -0.1285   0.3755   1.0000
   7.250   1.3348   0.01937   0.01155  -0.1270   0.3669   1.0000
   7.500   1.3526   0.01983   0.01197  -0.1254   0.3578   1.0000
   7.750   1.3678   0.02034   0.01240  -0.1233   0.3471   1.0000
   8.000   1.3798   0.02086   0.01289  -0.1207   0.3340   1.0000
   8.250   1.3908   0.02139   0.01339  -0.1180   0.3201   1.0000
   8.500   1.4019   0.02192   0.01390  -0.1155   0.3044   1.0000
   8.750   1.4113   0.02263   0.01449  -0.1128   0.2903   1.0000
   9.000   1.4233   0.02334   0.01517  -0.1106   0.2753   1.0000
   9.250   1.4346   0.02414   0.01589  -0.1084   0.2626   1.0000
   9.500   1.4476   0.02493   0.01664  -0.1065   0.2529   1.0000
   9.750   1.4599   0.02577   0.01745  -0.1046   0.2441   1.0000
  10.000   1.4724   0.02663   0.01830  -0.1028   0.2359   1.0000
  10.250   1.4849   0.02752   0.01918  -0.1010   0.2274   1.0000
  10.500   1.4949   0.02858   0.02018  -0.0991   0.2201   1.0000
  10.750   1.5090   0.02945   0.02120  -0.0976   0.2171   1.0000
  11.000   1.5200   0.03051   0.02226  -0.0959   0.2113   1.0000
  11.250   1.5320   0.03152   0.02332  -0.0943   0.2041   1.0000
  11.500   1.5425   0.03266   0.02448  -0.0927   0.1966   1.0000
  11.750   1.5510   0.03396   0.02576  -0.0910   0.1894   1.0000
  12.000   1.5584   0.03538   0.02716  -0.0893   0.1832   1.0000
  12.250   1.5646   0.03693   0.02870  -0.0877   0.1777   1.0000
  12.500   1.5714   0.03850   0.03028  -0.0861   0.1719   1.0000
  12.750   1.5790   0.04006   0.03187  -0.0848   0.1664   1.0000
  13.000   1.5855   0.04176   0.03359  -0.0835   0.1607   1.0000
  13.250   1.5960   0.04316   0.03507  -0.0825   0.1534   1.0000
  13.500   1.6009   0.04509   0.03700  -0.0814   0.1472   1.0000
  13.750   1.6027   0.04737   0.03925  -0.0802   0.1427   1.0000
  14.000   1.6041   0.04976   0.04163  -0.0791   0.1385   1.0000
  14.250   1.6032   0.05249   0.04431  -0.0783   0.1265   1.0000
  14.500   1.6050   0.05499   0.04680  -0.0775   0.1179   1.0000
  14.750   1.6018   0.05811   0.04988  -0.0769   0.1120   1.0000
  15.000   1.6035   0.06077   0.05254  -0.0764   0.1050   1.0000
  15.250   1.6027   0.06376   0.05553  -0.0760   0.0945   1.0000
  15.500   1.5932   0.06787   0.05956  -0.0758   0.0848   1.0000
  15.750   1.5845   0.07200   0.06367  -0.0757   0.0782   1.0000
  16.000   1.5751   0.07628   0.06795  -0.0759   0.0677   1.0000
  16.500   1.5558   0.08526   0.07697  -0.0767   0.0548   1.0000
  16.750   1.5418   0.09045   0.08219  -0.0775   0.0461   1.0000
  17.000   1.5285   0.09568   0.08746  -0.0786   0.0423   1.0000
  17.250   1.5185   0.10052   0.09237  -0.0797   0.0387   1.0000
  18.000   1.4750   0.11757   0.10963  -0.0853   0.0199   1.0000
  18.250   1.4672   0.12239   0.11453  -0.0872   0.0195   1.0000
  18.500   1.4601   0.12714   0.11936  -0.0893   0.0191   1.0000
  18.750   1.4533   0.13190   0.12421  -0.0915   0.0188   1.0000
  19.000   1.4462   0.13672   0.12913  -0.0939   0.0184   1.0000
  19.250   1.4393   0.14156   0.13407  -0.0964   0.0181   1.0000
  19.500   1.4356   0.14586   0.13854  -0.0988   0.0181   1.0000
  19.750   1.4294   0.15067   0.14348  -0.1016   0.0179   1.0000
  20.000   1.4233   0.15550   0.14843  -0.1045   0.0177   1.0000
