  
       XFOIL         Version 6.99
  
 Calculated polar for: Airfoil_rR0.309453.txt                          
  
 1 1 Reynolds number fixed          Mach number fixed         
  
 xtrf =   1.000 (top)        1.000 (bottom)  
 Mach =   0.000     Re =     0.100 e 6     Ncrit =   9.000
  
   alpha    CL        CD       CDp       CM     Top_Xtr  Bot_Xtr
  ------ -------- --------- --------- -------- -------- --------
 -20.000  -0.3065   0.21458   0.20871  -0.0266   1.0000   0.0489
 -19.750  -0.4648   0.22359   0.21677  -0.0148   1.0000   0.0456
 -19.500  -0.4582   0.22101   0.21421  -0.0161   1.0000   0.0478
 -19.250  -0.3011   0.20876   0.20292  -0.0283   1.0000   0.0515
 -19.000  -0.2954   0.20706   0.20124  -0.0282   1.0000   0.0538
 -18.750  -0.2931   0.20561   0.19980  -0.0287   1.0000   0.0577
 -18.500  -0.3053   0.20771   0.20189  -0.0310   1.0000   0.0599
 -18.250  -0.4246   0.20811   0.20148  -0.0216   1.0000   0.0582
 -18.000  -0.4352   0.20955   0.20296  -0.0258   1.0000   0.0600
 -17.750  -0.2831   0.19987   0.19415  -0.0301   1.0000   0.0667
 -17.000  -0.3960   0.19718   0.19076  -0.0271   1.0000   0.0695
 -16.250  -0.2760   0.19265   0.18697  -0.0323   1.0000   0.0791
 -16.000  -0.3645   0.18688   0.18057  -0.0286   1.0000   0.0757
 -15.500  -0.2670   0.18682   0.18121  -0.0322   1.0000   0.0848
 -15.250  -0.3476   0.18011   0.17393  -0.0305   1.0000   0.0832
 -15.000  -0.2661   0.18321   0.17762  -0.0327   1.0000   0.0882
 -14.750  -0.2722   0.18204   0.17646  -0.0336   1.0000   0.0895
 -14.500  -0.3368   0.17420   0.16814  -0.0327   1.0000   0.0894
 -13.750  -0.3248   0.16640   0.16048  -0.0339   1.0000   0.0912
 -13.500  -0.3156   0.16358   0.15769  -0.0334   1.0000   0.0921
 -13.250  -0.3089   0.16116   0.15531  -0.0332   1.0000   0.0934
 -13.000  -0.2574   0.16504   0.15962  -0.0324   1.0000   0.0963
 -12.750  -0.2594   0.16280   0.15741  -0.0326   1.0000   0.0982
 -12.500  -0.3028   0.15463   0.14892  -0.0338   1.0000   0.0989
 -12.250  -0.2842   0.15926   0.15395  -0.0345   1.0000   0.1003
 -12.000  -0.2687   0.15533   0.15004  -0.0328   1.0000   0.1011
 -11.500  -0.2593   0.15024   0.14500  -0.0309   1.0000   0.1036
 -11.000  -0.2888   0.13978   0.13410  -0.0317   1.0000   0.1065
 -10.500  -0.3180   0.13655   0.13128  -0.0331   1.0000   0.1104
  -9.750  -0.2952   0.12833   0.12292  -0.0284   1.0000   0.1146
  -9.500  -0.2997   0.12630   0.12094  -0.0276   1.0000   0.1173
  -9.250  -0.3206   0.12972   0.12471  -0.0273   1.0000   0.1202
  -8.500  -0.3188   0.11757   0.11246  -0.0231   1.0000   0.1252
  -8.250  -0.3421   0.11593   0.11090  -0.0227   1.0000   0.1292
  -8.000  -0.3354   0.11787   0.11312  -0.0200   1.0000   0.1310
  -7.750  -0.3253   0.11597   0.11127  -0.0173   1.0000   0.1337
  -7.500  -0.3556   0.10963   0.10479  -0.0173   1.0000   0.1368
  -7.250  -0.4031   0.10848   0.10375  -0.0165   1.0000   0.1398
  -7.000  -0.3933   0.10574   0.10105  -0.0141   1.0000   0.1419
  -6.750  -0.3940   0.10428   0.09964  -0.0115   1.0000   0.1456
  -6.250  -0.3795   0.09775   0.09314  -0.0188   0.9892   0.1560
  -6.000  -0.3962   0.06794   0.06275  -0.0618   0.9748   0.1203
  -5.750  -0.3592   0.05029   0.04399  -0.0818   0.9707   0.1096
  -5.500  -0.3216   0.04520   0.03848  -0.0879   0.9641   0.1082
  -5.250  -0.2704   0.03967   0.03205  -0.0964   0.9603   0.1088
  -5.000  -0.2746   0.06572   0.06068  -0.0684   0.9433   0.1617
  -4.750  -0.1902   0.03577   0.02760  -0.1037   0.9468   0.1156
  -4.500  -0.1458   0.03402   0.02542  -0.1078   0.9415   0.1217
  -4.250  -0.1084   0.03311   0.02437  -0.1102   0.9342   0.1287
  -4.000  -0.0643   0.03221   0.02338  -0.1137   0.9286   0.1384
  -3.750  -0.0247   0.03169   0.02287  -0.1163   0.9212   0.1515
  -3.500   0.0116   0.03125   0.02248  -0.1183   0.9128   0.1645
  -3.250   0.0506   0.03059   0.02176  -0.1206   0.9049   0.1777
  -2.750   0.1360   0.02927   0.02049  -0.1261   0.8908   0.2077
  -2.500   0.1730   0.02878   0.02007  -0.1278   0.8820   0.2245
  -2.250   0.2091   0.02839   0.01975  -0.1293   0.8734   0.2442
  -2.000   0.2458   0.02796   0.01941  -0.1310   0.8657   0.2649
  -1.750   0.2903   0.02726   0.01877  -0.1337   0.8605   0.2904
  -1.500   0.3245   0.02683   0.01850  -0.1347   0.8517   0.3152
  -1.250   0.3601   0.02632   0.01812  -0.1359   0.8434   0.3456
  -1.000   0.4049   0.02541   0.01740  -0.1385   0.8391   0.3835
  -0.750   0.4403   0.02481   0.01698  -0.1394   0.8311   0.4220
  -0.500   0.4742   0.02422   0.01659  -0.1401   0.8223   0.4637
  -0.250   0.5118   0.02349   0.01608  -0.1411   0.8144   0.5107
   0.000   0.5622   0.02233   0.01532  -0.1442   0.8104   0.5704
   0.250   0.5960   0.02169   0.01490  -0.1444   0.8012   0.6320
   0.500   0.6277   0.02102   0.01446  -0.1439   0.7920   0.7046
   0.750   0.6532   0.02035   0.01401  -0.1418   0.7822   0.7907
   1.000   0.6701   0.01952   0.01336  -0.1376   0.7722   0.9139
   1.250   0.7192   0.01890   0.01251  -0.1414   0.7614   1.0000
   1.500   0.7630   0.01859   0.01196  -0.1441   0.7501   1.0000
   1.750   0.7931   0.01863   0.01183  -0.1444   0.7349   1.0000
   2.000   0.8306   0.01849   0.01149  -0.1458   0.7216   1.0000
   2.250   0.8619   0.01853   0.01137  -0.1462   0.7068   1.0000
   2.500   0.8940   0.01855   0.01122  -0.1467   0.6922   1.0000
   2.750   0.9260   0.01863   0.01112  -0.1472   0.6777   1.0000
   3.000   0.9547   0.01881   0.01116  -0.1472   0.6624   1.0000
   3.250   0.9831   0.01903   0.01123  -0.1471   0.6476   1.0000
   3.500   1.0109   0.01928   0.01134  -0.1469   0.6328   1.0000
   3.750   1.0383   0.01954   0.01146  -0.1466   0.6181   1.0000
   4.000   1.0617   0.01984   0.01166  -0.1456   0.6025   1.0000
   4.250   1.0896   0.02004   0.01169  -0.1454   0.5882   1.0000
   4.500   1.1138   0.02036   0.01190  -0.1446   0.5731   1.0000
   4.750   1.1399   0.02070   0.01209  -0.1441   0.5591   1.0000
   5.000   1.1621   0.02110   0.01244  -0.1430   0.5451   1.0000
   5.250   1.1872   0.02150   0.01273  -0.1424   0.5325   1.0000
   5.500   1.2128   0.02192   0.01305  -0.1420   0.5205   1.0000
   5.750   1.2347   0.02238   0.01347  -0.1409   0.5082   1.0000
   6.000   1.2563   0.02281   0.01387  -0.1398   0.4961   1.0000
   6.250   1.2803   0.02324   0.01423  -0.1390   0.4847   1.0000
   6.500   1.3038   0.02372   0.01463  -0.1382   0.4730   1.0000
   6.750   1.3270   0.02423   0.01507  -0.1374   0.4614   1.0000
   7.000   1.3496   0.02469   0.01582  -0.1365   0.4512   1.0000
   7.250   1.3725   0.02519   0.01626  -0.1357   0.4405   1.0000
   7.500   1.3948   0.02571   0.01671  -0.1347   0.4295   1.0000
   7.750   1.4119   0.02626   0.01729  -0.1329   0.4180   1.0000
   8.000   1.4265   0.02673   0.01778  -0.1305   0.4056   1.0000
   8.250   1.4399   0.02693   0.01786  -0.1279   0.3915   1.0000
   8.500   1.4482   0.02726   0.01810  -0.1244   0.3761   1.0000
   8.750   1.4536   0.02763   0.01836  -0.1205   0.3605   1.0000
   9.000   1.4551   0.02813   0.01881  -0.1161   0.3457   1.0000
   9.250   1.4576   0.02873   0.01936  -0.1120   0.3313   1.0000
   9.500   1.4584   0.02942   0.02008  -0.1079   0.3173   1.0000
   9.750   1.4612   0.03019   0.02089  -0.1043   0.3040   1.0000
  10.000   1.4678   0.03101   0.02168  -0.1014   0.2932   1.0000
  10.250   1.4753   0.03192   0.02256  -0.0988   0.2831   1.0000
  10.500   1.4821   0.03294   0.02360  -0.0962   0.2727   1.0000
  10.750   1.4934   0.03398   0.02480  -0.0943   0.2655   1.0000
  11.000   1.5007   0.03511   0.02591  -0.0920   0.2570   1.0000
  11.250   1.5066   0.03634   0.02716  -0.0898   0.2481   1.0000
  11.500   1.5120   0.03765   0.02843  -0.0875   0.2400   1.0000
  11.750   1.5163   0.03912   0.02996  -0.0854   0.2309   1.0000
  12.000   1.5205   0.04065   0.03152  -0.0834   0.2227   1.0000
  12.250   1.5242   0.04229   0.03317  -0.0816   0.2150   1.0000
  12.500   1.5274   0.04403   0.03493  -0.0798   0.2077   1.0000
  12.750   1.5299   0.04590   0.03686  -0.0782   0.2001   1.0000
  13.000   1.5324   0.04787   0.03890  -0.0768   0.1928   1.0000
  13.250   1.5336   0.05001   0.04105  -0.0754   0.1865   1.0000
  13.500   1.5336   0.05233   0.04336  -0.0742   0.1809   1.0000
  13.750   1.5341   0.05475   0.04584  -0.0732   0.1747   1.0000
  14.000   1.5327   0.05741   0.04849  -0.0722   0.1693   1.0000
  14.750   1.5187   0.06759   0.05887  -0.0714   0.1439   1.0000
  15.000   1.5097   0.07170   0.06295  -0.0714   0.1382   1.0000
  15.250   1.5030   0.07570   0.06703  -0.0716   0.1324   1.0000
  15.500   1.4965   0.07974   0.07117  -0.0719   0.1273   1.0000
  15.750   1.4911   0.08379   0.07537  -0.0724   0.1220   1.0000
  16.000   1.4842   0.08807   0.07978  -0.0731   0.1179   1.0000
  16.250   1.4771   0.09246   0.08429  -0.0740   0.1141   1.0000
  16.500   1.4680   0.09720   0.08911  -0.0752   0.1108   1.0000
  16.750   1.4625   0.10151   0.09359  -0.0763   0.1074   1.0000
  17.000   1.4573   0.10587   0.09816  -0.0776   0.1035   1.0000
  17.250   1.4482   0.11094   0.10337  -0.0794   0.0982   1.0000
  17.500   1.4364   0.11653   0.10906  -0.0818   0.0913   1.0000
  17.750   1.4242   0.12225   0.11485  -0.0844   0.0852   1.0000
  18.000   1.4109   0.12825   0.12086  -0.0874   0.0799   1.0000
  18.250   1.4043   0.13317   0.12596  -0.0898   0.0741   1.0000
  18.500   1.3944   0.13869   0.13158  -0.0928   0.0684   1.0000
  18.750   1.3829   0.14459   0.13752  -0.0962   0.0628   1.0000
  19.000   1.3739   0.15015   0.14317  -0.0996   0.0575   1.0000
  19.250   1.3647   0.15582   0.14896  -0.1031   0.0480   1.0000
  19.500   1.3532   0.16196   0.15511  -0.1072   0.0447   1.0000
  19.750   1.3420   0.16816   0.16132  -0.1114   0.0416   1.0000
  20.000   1.3334   0.17396   0.16716  -0.1154   0.0383   1.0000
