  
       XFOIL         Version 6.99
  
 Calculated polar for: Airfoil_rR0.975253.txt                          
  
 1 1 Reynolds number fixed          Mach number fixed         
  
 xtrf =   1.000 (top)        1.000 (bottom)  
 Mach =   0.000     Re =     0.250 e 6     Ncrit =   9.000
  
   alpha    CL        CD       CDp       CM     Top_Xtr  Bot_Xtr
  ------ -------- --------- --------- -------- -------- --------
 -14.750  -0.3389   0.17603   0.17221  -0.0202   1.0000   0.0153
  -9.250  -0.3293   0.10427   0.10070  -0.0343   1.0000   0.0425
  -8.250  -0.3153   0.09484   0.09160  -0.0307   1.0000   0.0456
  -7.750  -0.3627   0.08972   0.08648  -0.0275   1.0000   0.0462
  -6.000  -0.2488   0.04099   0.03700  -0.0832   0.9702   0.0445
  -5.750  -0.2237   0.01799   0.01092  -0.0867   0.9649   0.0207
  -5.500  -0.1862   0.01585   0.00848  -0.0886   0.9622   0.0212
  -5.250  -0.1451   0.01482   0.00731  -0.0912   0.9602   0.0296
  -5.000  -0.1131   0.01435   0.00685  -0.0922   0.9539   0.0459
  -4.750  -0.0737   0.01436   0.00692  -0.0950   0.9512   0.0543
  -4.500  -0.0395   0.01428   0.00679  -0.0966   0.9460   0.0598
  -4.250  -0.0033   0.01391   0.00648  -0.0989   0.9422   0.0662
  -4.000   0.0306   0.01391   0.00651  -0.1006   0.9378   0.0779
  -3.750   0.0623   0.01342   0.00606  -0.1018   0.9326   0.0841
  -3.500   0.0938   0.01292   0.00558  -0.1027   0.9272   0.0919
  -3.250   0.1249   0.01247   0.00520  -0.1036   0.9216   0.1026
  -3.000   0.1534   0.01211   0.00489  -0.1039   0.9142   0.1163
  -2.750   0.1828   0.01169   0.00455  -0.1045   0.9078   0.1343
  -2.500   0.2115   0.01133   0.00429  -0.1048   0.9005   0.1606
  -2.250   0.2390   0.01100   0.00410  -0.1050   0.8923   0.1926
  -2.000   0.2666   0.01072   0.00394  -0.1051   0.8837   0.2310
  -1.750   0.2939   0.01045   0.00379  -0.1051   0.8743   0.2722
  -1.500   0.3206   0.01016   0.00368  -0.1051   0.8646   0.3250
  -1.250   0.3467   0.00980   0.00360  -0.1051   0.8545   0.4073
  -1.000   0.3705   0.00922   0.00358  -0.1046   0.8441   0.5712
  -0.750   0.3885   0.00854   0.00362  -0.1021   0.8332   0.7970
  -0.500   0.4305   0.00821   0.00348  -0.1047   0.8227   1.0000
  -0.250   0.4567   0.00823   0.00339  -0.1045   0.8105   1.0000
   0.000   0.4825   0.00826   0.00333  -0.1042   0.7968   1.0000
   0.250   0.5091   0.00829   0.00324  -0.1040   0.7845   1.0000
   0.500   0.5355   0.00836   0.00318  -0.1038   0.7710   1.0000
   0.750   0.5614   0.00846   0.00317  -0.1035   0.7555   1.0000
   1.000   0.5873   0.00857   0.00318  -0.1032   0.7401   1.0000
   1.250   0.6127   0.00868   0.00319  -0.1028   0.7224   1.0000
   1.500   0.6379   0.00877   0.00318  -0.1024   0.7032   1.0000
   1.750   0.6631   0.00889   0.00314  -0.1020   0.6838   1.0000
   2.000   0.6877   0.00907   0.00313  -0.1014   0.6615   1.0000
   2.250   0.7119   0.00926   0.00317  -0.1008   0.6367   1.0000
   2.500   0.7363   0.00944   0.00321  -0.1002   0.6120   1.0000
   2.750   0.7607   0.00962   0.00324  -0.0997   0.5884   1.0000
   3.250   0.8101   0.01009   0.00344  -0.0989   0.5525   1.0000
   3.500   0.8350   0.01032   0.00358  -0.0985   0.5348   1.0000
   3.750   0.8599   0.01053   0.00371  -0.0982   0.5167   1.0000
   4.000   0.8849   0.01072   0.00384  -0.0978   0.4969   1.0000
   4.250   0.9089   0.01099   0.00397  -0.0973   0.4805   1.0000
   4.500   0.9332   0.01127   0.00415  -0.0968   0.4641   1.0000
   4.750   0.9575   0.01155   0.00435  -0.0964   0.4486   1.0000
   5.000   0.9818   0.01182   0.00456  -0.0960   0.4306   1.0000
   5.250   1.0066   0.01203   0.00474  -0.0956   0.4045   1.0000
   5.500   1.0272   0.01250   0.00495  -0.0946   0.3741   1.0000
   5.750   1.0452   0.01323   0.00536  -0.0932   0.3219   1.0000
   6.000   1.0546   0.01477   0.00606  -0.0907   0.1897   1.0000
   6.250   1.0684   0.01603   0.00684  -0.0889   0.1218   1.0000
   6.500   1.0868   0.01684   0.00742  -0.0877   0.0847   1.0000
   6.750   1.1052   0.01762   0.00799  -0.0864   0.0648   1.0000
   7.000   1.1262   0.01813   0.00844  -0.0856   0.0559   1.0000
   7.250   1.1464   0.01868   0.00886  -0.0846   0.0474   1.0000
   7.500   1.1657   0.01929   0.00932  -0.0835   0.0411   1.0000
   7.750   1.1882   0.01960   0.00957  -0.0829   0.0353   1.0000
   8.250   1.2226   0.02111   0.01080  -0.0796   0.0182   1.0000
