  
       XFOIL         Version 6.99
  
 Calculated polar for: Airfoil_rR0.576347.txt                          
  
 1 1 Reynolds number fixed          Mach number fixed         
  
 xtrf =   1.000 (top)        1.000 (bottom)  
 Mach =   0.000     Re =     0.050 e 6     Ncrit =   9.000
  
   alpha    CL        CD       CDp       CM     Top_Xtr  Bot_Xtr
  ------ -------- --------- --------- -------- -------- --------
 -17.750  -0.5058   0.21538   0.20614  -0.0029   1.0000   0.0736
 -17.000  -0.4813   0.20773   0.19858  -0.0078   1.0000   0.0787
 -15.000  -0.3077   0.18355   0.17552  -0.0286   1.0000   0.0963
 -14.000  -0.3041   0.17391   0.16576  -0.0301   1.0000   0.1058
 -13.750  -0.3059   0.17202   0.16387  -0.0307   1.0000   0.1086
 -13.000  -0.3002   0.16309   0.15501  -0.0314   1.0000   0.1149
 -12.750  -0.3012   0.16071   0.15264  -0.0319   1.0000   0.1182
 -12.250  -0.3005   0.15476   0.14676  -0.0325   1.0000   0.1222
 -11.750  -0.3003   0.14926   0.14133  -0.0330   1.0000   0.1290
 -11.500  -0.3120   0.14827   0.14038  -0.0342   1.0000   0.1302
 -11.250  -0.3496   0.14247   0.13430  -0.0329   1.0000   0.1302
 -11.000  -0.2982   0.13999   0.13219  -0.0333   1.0000   0.1390
 -10.750  -0.2999   0.13691   0.12918  -0.0335   1.0000   0.1413
 -10.500  -0.2940   0.13325   0.12556  -0.0328   1.0000   0.1475
 -10.250  -0.3078   0.13208   0.12447  -0.0338   1.0000   0.1501
 -10.000  -0.2954   0.12716   0.11959  -0.0324   1.0000   0.1578
  -9.750  -0.2980   0.12405   0.11656  -0.0321   1.0000   0.1623
  -9.500  -0.3045   0.12183   0.11442  -0.0319   1.0000   0.1694
  -9.250  -0.3364   0.11706   0.10947  -0.0316   1.0000   0.1697
  -9.000  -0.3054   0.11536   0.10810  -0.0297   1.0000   0.1886
  -8.750  -0.3375   0.11082   0.10339  -0.0292   1.0000   0.1891
  -8.500  -0.3428   0.10840   0.10108  -0.0279   1.0000   0.1993
  -8.250  -0.3263   0.10926   0.10234  -0.0246   1.0000   0.2303
  -8.000  -0.3127   0.10544   0.09857  -0.0219   1.0000   0.2526
  -7.750  -0.3438   0.10134   0.09431  -0.0204   1.0000   0.2575
  -7.500  -0.3484   0.09904   0.09211  -0.0183   1.0000   0.2648
  -7.250  -0.3778   0.09905   0.09229  -0.0150   1.0000   0.2699
  -7.000  -0.3780   0.09637   0.08968  -0.0125   1.0000   0.2790
  -6.750  -0.3808   0.09391   0.08730  -0.0101   1.0000   0.2877
  -6.500  -0.3864   0.09166   0.08515  -0.0079   1.0000   0.2964
  -6.250  -0.3933   0.08949   0.08308  -0.0058   1.0000   0.3059
  -6.000  -0.4000   0.08732   0.08100  -0.0039   1.0000   0.3167
  -5.750  -0.4098   0.08534   0.07911  -0.0026   1.0000   0.3290
  -3.750  -0.2456   0.04245   0.03385  -0.0569   1.0000   0.1868
  -3.500  -0.2126   0.03932   0.03018  -0.0601   1.0000   0.1840
  -3.250  -0.1824   0.03709   0.02751  -0.0622   1.0000   0.1850
  -3.000  -0.1524   0.03527   0.02521  -0.0640   1.0000   0.1886
  -2.750  -0.1265   0.03408   0.02383  -0.0648   1.0000   0.1943
  -2.500  -0.1019   0.03333   0.02294  -0.0655   1.0000   0.2057
  -2.250  -0.0779   0.03279   0.02229  -0.0660   1.0000   0.2220
  -2.000  -0.0534   0.03223   0.02160  -0.0665   1.0000   0.2395
  -1.750  -0.0287   0.03172   0.02107  -0.0671   1.0000   0.2604
  -1.500  -0.0055   0.03146   0.02090  -0.0675   1.0000   0.2905
  -1.250   0.0178   0.03134   0.02093  -0.0679   1.0000   0.3312
  -1.000   0.0425   0.03121   0.02103  -0.0685   1.0000   0.3843
  -0.750   0.0692   0.03098   0.02125  -0.0694   1.0000   0.4662
  -0.500   0.1009   0.02960   0.02160  -0.0689   0.9952   0.7491
  -0.250   0.1485   0.03013   0.02160  -0.0743   0.9757   1.0000
   0.000   0.1993   0.03125   0.02230  -0.0801   0.9611   1.0000
   0.250   0.2396   0.03218   0.02297  -0.0839   0.9466   1.0000
   0.500   0.2804   0.03310   0.02367  -0.0876   0.9327   1.0000
   0.750   0.3234   0.03401   0.02440  -0.0916   0.9201   1.0000
   1.000   0.3531   0.03483   0.02511  -0.0933   0.9055   1.0000
   1.250   0.3898   0.03565   0.02583  -0.0960   0.8923   1.0000
   1.500   0.4293   0.03644   0.02652  -0.0990   0.8800   1.0000
   1.750   0.4543   0.03731   0.02735  -0.0997   0.8655   1.0000
   2.000   0.4874   0.03812   0.02821  -0.1016   0.8525   1.0000
   2.250   0.5227   0.03888   0.02890  -0.1037   0.8405   1.0000
   2.500   0.5458   0.03982   0.02978  -0.1040   0.8260   1.0000
   2.750   0.5773   0.04054   0.03045  -0.1052   0.8125   1.0000
   3.000   0.6143   0.04105   0.03091  -0.1071   0.8001   1.0000
   3.250   0.6337   0.04209   0.03192  -0.1066   0.7852   1.0000
   3.500   0.6632   0.04287   0.03268  -0.1075   0.7727   1.0000
   3.750   0.6944   0.04358   0.03338  -0.1084   0.7610   1.0000
   4.000   0.7164   0.04464   0.03443  -0.1083   0.7479   1.0000
   4.250   0.7373   0.04573   0.03553  -0.1079   0.7343   1.0000
   4.500   0.7668   0.04635   0.03616  -0.1083   0.7221   1.0000
   4.750   0.7984   0.04682   0.03665  -0.1087   0.7105   1.0000
   5.000   0.8110   0.04846   0.03831  -0.1077   0.6975   1.0000
   5.250   0.8297   0.04974   0.03963  -0.1071   0.6849   1.0000
   5.500   0.8576   0.05032   0.04025  -0.1069   0.6726   1.0000
   5.750   0.8936   0.05016   0.04015  -0.1070   0.6608   1.0000
   6.000   0.8128   0.05537   0.04571  -0.0957   0.6338   1.0000
   6.250   0.9436   0.05090   0.04101  -0.1049   0.6321   1.0000
   6.500   1.0142   0.04703   0.03724  -0.1058   0.6201   1.0000
   6.750   1.0225   0.04833   0.03861  -0.1032   0.6028   1.0000
   7.000   1.0880   0.04499   0.03537  -0.1041   0.5906   1.0000
   7.250   1.1142   0.04473   0.03521  -0.1024   0.5734   1.0000
   7.500   1.1840   0.04003   0.03049  -0.1027   0.5517   1.0000
   7.750   1.2217   0.03804   0.02846  -0.1010   0.5264   1.0000
   8.250   1.2356   0.03206   0.02273  -0.0857   0.4053   1.0000
   8.500   1.2244   0.03275   0.02322  -0.0785   0.3487   1.0000
   9.000   1.1920   0.03711   0.02702  -0.0673   0.2116   1.0000
   9.250   1.1726   0.04084   0.03017  -0.0633   0.1465   1.0000
   9.500   1.1541   0.04502   0.03391  -0.0601   0.1167   1.0000
   9.750   1.1407   0.04910   0.03781  -0.0575   0.0945   1.0000
  10.000   1.1308   0.05297   0.04153  -0.0555   0.0823   1.0000
  10.250   1.1265   0.05641   0.04492  -0.0534   0.0735   1.0000
  10.500   1.1288   0.05928   0.04772  -0.0512   0.0673   1.0000
  10.750   1.1434   0.06119   0.04956  -0.0486   0.0616   1.0000
  11.000   1.1895   0.06206   0.05049  -0.0457   0.0570   1.0000
  11.250   1.2261   0.06453   0.05319  -0.0443   0.0548   1.0000
  11.500   1.2461   0.06792   0.05687  -0.0431   0.0540   1.0000
  11.750   1.2529   0.07183   0.06112  -0.0418   0.0540   1.0000
  12.000   1.2497   0.07603   0.06566  -0.0404   0.0542   1.0000
  12.250   1.1717   0.08243   0.07258  -0.0337   0.0551   1.0000
  12.500   1.2245   0.08546   0.07576  -0.0390   0.0550   1.0000
  13.750   1.1204   0.11715   0.10869  -0.0504   0.0579   1.0000
  17.000   1.0285   0.22589   0.21790  -0.1256   0.1546   1.0000
