  
       XFOIL         Version 6.99
  
 Calculated polar for: Airfoil_rR0.522960.txt                          
  
 1 1 Reynolds number fixed          Mach number fixed         
  
 xtrf =   1.000 (top)        1.000 (bottom)  
 Mach =   0.000     Re =     0.150 e 6     Ncrit =   9.000
  
   alpha    CL        CD       CDp       CM     Top_Xtr  Bot_Xtr
  ------ -------- --------- --------- -------- -------- --------
 -18.000  -0.3437   0.21029   0.20536  -0.0280   1.0000   0.0301
 -12.750  -0.2972   0.15147   0.14672  -0.0340   1.0000   0.0453
 -12.500  -0.2967   0.14832   0.14358  -0.0343   1.0000   0.0463
 -11.750  -0.3102   0.13914   0.13447  -0.0373   1.0000   0.0497
 -10.500  -0.3018   0.12196   0.11746  -0.0351   1.0000   0.0541
  -9.750  -0.3498   0.11020   0.10568  -0.0370   1.0000   0.0595
  -7.000  -0.4888   0.03727   0.03216  -0.0639   0.9994   0.0265
  -6.750  -0.4371   0.07911   0.07528  -0.0292   0.9961   0.0924
  -6.000  -0.3427   0.06281   0.05868  -0.0589   0.9771   0.1213
  -5.750  -0.2952   0.03299   0.02644  -0.0837   0.9747   0.0814
  -5.500  -0.2554   0.03142   0.02479  -0.0873   0.9708   0.0837
  -5.250  -0.2186   0.02918   0.02213  -0.0902   0.9655   0.0848
  -5.000  -0.1772   0.02770   0.02023  -0.0938   0.9614   0.0884
  -4.750  -0.1398   0.02610   0.01826  -0.0963   0.9562   0.0890
  -4.500  -0.0992   0.02460   0.01647  -0.0992   0.9521   0.0890
  -4.250  -0.0607   0.02345   0.01507  -0.1015   0.9471   0.0897
  -4.000  -0.0216   0.02226   0.01382  -0.1041   0.9423   0.0914
  -3.750   0.0155   0.02145   0.01305  -0.1062   0.9368   0.0945
  -3.500   0.0550   0.02070   0.01221  -0.1086   0.9319   0.0999
  -3.250   0.0903   0.02003   0.01164  -0.1103   0.9258   0.1080
  -3.000   0.1308   0.01922   0.01095  -0.1131   0.9215   0.1234
  -2.750   0.1656   0.01856   0.01045  -0.1148   0.9147   0.1454
  -2.500   0.2082   0.01788   0.00992  -0.1179   0.9109   0.1788
  -2.250   0.2414   0.01744   0.00968  -0.1192   0.9034   0.2157
  -2.000   0.2847   0.01682   0.00927  -0.1225   0.9004   0.2665
  -1.750   0.3179   0.01635   0.00900  -0.1237   0.8929   0.3158
  -1.250   0.3907   0.01505   0.00837  -0.1272   0.8818   0.4713
  -1.000   0.4193   0.01432   0.00827  -0.1270   0.8742   0.6333
  -0.750   0.4399   0.01355   0.00809  -0.1240   0.8672   0.8340
  -0.500   0.4786   0.01301   0.00758  -0.1254   0.8606   1.0000
  -0.250   0.5109   0.01287   0.00731  -0.1262   0.8513   1.0000
   0.000   0.5430   0.01274   0.00706  -0.1270   0.8417   1.0000
   0.250   0.5744   0.01264   0.00686  -0.1276   0.8316   1.0000
   0.500   0.6052   0.01256   0.00677  -0.1280   0.8209   1.0000
   0.750   0.6361   0.01247   0.00656  -0.1285   0.8099   1.0000
   1.000   0.6628   0.01247   0.00647  -0.1282   0.7960   1.0000
   1.250   0.6929   0.01242   0.00630  -0.1285   0.7837   1.0000
   1.500   0.7232   0.01241   0.00615  -0.1288   0.7712   1.0000
   1.750   0.7511   0.01248   0.00610  -0.1287   0.7569   1.0000
   2.000   0.7787   0.01258   0.00608  -0.1285   0.7420   1.0000
   2.250   0.8054   0.01269   0.00608  -0.1282   0.7263   1.0000
   2.500   0.8322   0.01279   0.00606  -0.1278   0.7105   1.0000
   2.750   0.8573   0.01292   0.00609  -0.1272   0.6936   1.0000
   3.000   0.8843   0.01306   0.00609  -0.1269   0.6784   1.0000
   3.250   0.9100   0.01325   0.00617  -0.1264   0.6618   1.0000
   3.500   0.9347   0.01346   0.00627  -0.1257   0.6440   1.0000
   3.750   0.9590   0.01366   0.00636  -0.1250   0.6258   1.0000
   4.000   0.9825   0.01385   0.00646  -0.1241   0.6068   1.0000
   4.250   1.0064   0.01404   0.00651  -0.1233   0.5888   1.0000
   4.500   1.0302   0.01430   0.00665  -0.1225   0.5712   1.0000
   4.750   1.0540   0.01459   0.00687  -0.1217   0.5550   1.0000
   5.000   1.0782   0.01490   0.00708  -0.1211   0.5403   1.0000
   5.250   1.1012   0.01519   0.00733  -0.1202   0.5240   1.0000
   5.500   1.1238   0.01546   0.00756  -0.1193   0.5076   1.0000
   5.750   1.1461   0.01572   0.00775  -0.1183   0.4915   1.0000
   6.000   1.1683   0.01604   0.00799  -0.1173   0.4758   1.0000
   6.250   1.1902   0.01641   0.00827  -0.1163   0.4603   1.0000
   6.500   1.2091   0.01677   0.00854  -0.1147   0.4380   1.0000
   6.750   1.2241   0.01707   0.00876  -0.1124   0.4004   1.0000
   7.000   1.2352   0.01772   0.00903  -0.1096   0.3627   1.0000
   7.250   1.2495   0.01838   0.00949  -0.1074   0.3306   1.0000
   7.750   1.2477   0.02147   0.01155  -0.0986   0.1452   1.0000
   8.000   1.2502   0.02312   0.01285  -0.0947   0.0948   1.0000
   8.500   1.2646   0.02575   0.01529  -0.0887   0.0451   1.0000
   8.750   1.2725   0.02703   0.01659  -0.0859   0.0339   1.0000
   9.500   1.3003   0.03073   0.02049  -0.0787   0.0237   1.0000
  10.000   1.3146   0.03367   0.02364  -0.0741   0.0223   1.0000
  10.250   1.3194   0.03539   0.02549  -0.0718   0.0220   1.0000
  10.500   1.3226   0.03731   0.02755  -0.0696   0.0219   1.0000
  10.750   1.3242   0.03943   0.02982  -0.0675   0.0219   1.0000
  11.000   1.3244   0.04177   0.03230  -0.0655   0.0219   1.0000
  11.250   1.3256   0.04410   0.03482  -0.0638   0.0219   1.0000
  11.500   1.3241   0.04680   0.03765  -0.0621   0.0221   1.0000
  11.750   1.3222   0.04964   0.04062  -0.0605   0.0224   1.0000
