  
       XFOIL         Version 6.99
  
 Calculated polar for: Airfoil_rR0.309453.txt                          
  
 1 1 Reynolds number fixed          Mach number fixed         
  
 xtrf =   1.000 (top)        1.000 (bottom)  
 Mach =   0.000     Re =     0.250 e 6     Ncrit =   9.000
  
   alpha    CL        CD       CDp       CM     Top_Xtr  Bot_Xtr
  ------ -------- --------- --------- -------- -------- --------
 -19.500  -0.3151   0.20772   0.20399  -0.0260   1.0000   0.0294
 -19.250  -0.3146   0.20573   0.20200  -0.0266   1.0000   0.0295
 -19.000  -0.4599   0.20784   0.20354  -0.0179   1.0000   0.0217
 -18.750  -0.4497   0.20695   0.20267  -0.0184   1.0000   0.0230
 -18.500  -0.4416   0.20508   0.20082  -0.0192   1.0000   0.0246
 -18.250  -0.3084   0.19811   0.19442  -0.0279   1.0000   0.0317
 -17.500  -0.4132   0.19612   0.19198  -0.0228   1.0000   0.0347
 -17.250  -0.4129   0.19408   0.18997  -0.0257   1.0000   0.0396
 -16.250  -0.2928   0.18741   0.18380  -0.0299   1.0000   0.0422
 -15.750  -0.3723   0.17871   0.17473  -0.0284   1.0000   0.0424
 -14.250  -0.3101   0.17108   0.16754  -0.0342   1.0000   0.0500
 -13.750  -0.2935   0.16487   0.16138  -0.0321   1.0000   0.0512
 -13.000  -0.3207   0.15311   0.14944  -0.0312   1.0000   0.0541
 -12.750  -0.2791   0.15764   0.15424  -0.0294   1.0000   0.0577
 -12.500  -0.2975   0.15475   0.15137  -0.0317   1.0000   0.0596
 -12.000  -0.3201   0.14869   0.14537  -0.0337   1.0000   0.0601
 -11.750  -0.3524   0.14003   0.13656  -0.0360   1.0000   0.0601
 -11.250  -0.3097   0.13962   0.13638  -0.0301   1.0000   0.0610
 -11.000  -0.3054   0.13755   0.13434  -0.0287   1.0000   0.0614
 -10.250  -0.6918   0.04248   0.03823  -0.0893   0.9864   0.0469
 -10.000  -0.3280   0.12376   0.12050  -0.0267   1.0000   0.0633
  -9.750  -0.6367   0.03688   0.03198  -0.0996   0.9773   0.0513
  -9.500  -0.5953   0.04078   0.03646  -0.0980   0.9740   0.0537
  -9.000  -0.5292   0.03958   0.03495  -0.1038   0.9650   0.0593
  -8.750  -0.4981   0.03644   0.03130  -0.1088   0.9614   0.0602
  -8.500  -0.4734   0.03250   0.02700  -0.1120   0.9575   0.0612
  -8.250  -0.4436   0.03061   0.02495  -0.1141   0.9536   0.0619
  -8.000  -0.4081   0.02904   0.02321  -0.1169   0.9514   0.0626
  -7.750  -0.3764   0.02794   0.02199  -0.1186   0.9475   0.0637
  -7.500  -0.3436   0.02695   0.02087  -0.1204   0.9432   0.0650
  -7.250  -0.3050   0.02575   0.01950  -0.1232   0.9410   0.0662
  -7.000  -0.2740   0.02458   0.01813  -0.1244   0.9362   0.0669
  -6.750  -0.2373   0.02334   0.01670  -0.1265   0.9329   0.0671
  -6.500  -0.1965   0.02203   0.01499  -0.1293   0.9310   0.0674
  -6.250  -0.1652   0.02128   0.01412  -0.1301   0.9252   0.0692
  -6.000  -0.1264   0.02009   0.01289  -0.1325   0.9224   0.0716
  -5.750  -0.0856   0.01927   0.01212  -0.1352   0.9205   0.0751
  -5.500  -0.0561   0.01875   0.01153  -0.1355   0.9143   0.0790
  -5.250  -0.0175   0.01792   0.01076  -0.1378   0.9120   0.0839
  -5.000   0.0229   0.01727   0.01007  -0.1402   0.9104   0.0907
  -4.750   0.0514   0.01684   0.00971  -0.1404   0.9038   0.0973
  -4.500   0.0909   0.01626   0.00914  -0.1427   0.9017   0.1062
  -4.250   0.1326   0.01562   0.00853  -0.1453   0.9002   0.1156
  -4.000   0.1622   0.01520   0.00813  -0.1456   0.8931   0.1237
  -3.750   0.2044   0.01461   0.00758  -0.1484   0.8909   0.1357
  -3.500   0.2388   0.01419   0.00722  -0.1497   0.8851   0.1474
  -3.000   0.3170   0.01331   0.00642  -0.1540   0.8751   0.1743
  -2.750   0.3588   0.01287   0.00601  -0.1568   0.8703   0.1901
  -2.500   0.3911   0.01258   0.00580  -0.1576   0.8612   0.2050
  -2.250   0.4250   0.01230   0.00556  -0.1587   0.8522   0.2229
  -2.000   0.4599   0.01204   0.00534  -0.1600   0.8429   0.2435
  -1.750   0.4927   0.01182   0.00518  -0.1609   0.8322   0.2663
  -1.500   0.5235   0.01165   0.00506  -0.1614   0.8201   0.2921
  -1.250   0.5535   0.01151   0.00497  -0.1617   0.8070   0.3192
  -1.000   0.5836   0.01138   0.00486  -0.1620   0.7928   0.3469
  -0.750   0.6131   0.01126   0.00479  -0.1622   0.7782   0.3741
  -0.500   0.6421   0.01119   0.00486  -0.1623   0.7632   0.4064
  -0.250   0.6703   0.01114   0.00484  -0.1622   0.7481   0.4437
   0.000   0.6965   0.01110   0.00485  -0.1618   0.7320   0.4826
   0.250   0.7227   0.01108   0.00489  -0.1613   0.7165   0.5279
   0.500   0.7477   0.01106   0.00494  -0.1605   0.7001   0.5764
   0.750   0.7727   0.01106   0.00500  -0.1598   0.6844   0.6280
   1.000   0.7970   0.01110   0.00509  -0.1588   0.6686   0.6808
   1.250   0.8188   0.01112   0.00520  -0.1572   0.6519   0.7356
   1.500   0.8394   0.01116   0.00529  -0.1553   0.6372   0.7948
   1.750   0.8546   0.01116   0.00537  -0.1522   0.6223   0.8613
   2.000   0.8724   0.01103   0.00528  -0.1495   0.6068   1.0000
   2.250   0.8979   0.01125   0.00533  -0.1491   0.5917   1.0000
   2.500   0.9233   0.01150   0.00542  -0.1486   0.5775   1.0000
   2.750   0.9480   0.01175   0.00555  -0.1480   0.5625   1.0000
   3.000   0.9725   0.01201   0.00568  -0.1474   0.5484   1.0000
   3.250   0.9969   0.01227   0.00583  -0.1467   0.5349   1.0000
   3.500   1.0209   0.01255   0.00599  -0.1460   0.5215   1.0000
   3.750   1.0442   0.01279   0.00617  -0.1452   0.5073   1.0000
   4.000   1.0670   0.01305   0.00633  -0.1442   0.4939   1.0000
   4.250   1.0897   0.01336   0.00651  -0.1432   0.4816   1.0000
   4.500   1.1125   0.01370   0.00673  -0.1423   0.4698   1.0000
   4.750   1.1351   0.01400   0.00697  -0.1414   0.4577   1.0000
   5.000   1.1575   0.01431   0.00722  -0.1404   0.4463   1.0000
   5.250   1.1791   0.01463   0.00746  -0.1392   0.4351   1.0000
   5.500   1.1994   0.01493   0.00771  -0.1379   0.4236   1.0000
   5.750   1.2189   0.01523   0.00796  -0.1363   0.4112   1.0000
   6.000   1.2382   0.01553   0.00821  -0.1348   0.3987   1.0000
   6.250   1.2568   0.01591   0.00850  -0.1331   0.3878   1.0000
   6.500   1.2760   0.01632   0.00884  -0.1316   0.3772   1.0000
   6.750   1.2952   0.01674   0.00921  -0.1301   0.3665   1.0000
   7.000   1.3143   0.01716   0.00959  -0.1287   0.3564   1.0000
   7.250   1.3204   0.01779   0.01020  -0.1250   0.3215   1.0000
   7.500   1.3324   0.01839   0.01062  -0.1225   0.2927   1.0000
   7.750   1.3480   0.01896   0.01109  -0.1206   0.2774   1.0000
   8.000   1.3635   0.01956   0.01160  -0.1188   0.2623   1.0000
   8.250   1.3789   0.02019   0.01215  -0.1170   0.2483   1.0000
   8.500   1.3936   0.02087   0.01275  -0.1151   0.2363   1.0000
   8.750   1.4082   0.02157   0.01338  -0.1133   0.2236   1.0000
   9.000   1.4220   0.02233   0.01407  -0.1114   0.2124   1.0000
   9.250   1.4371   0.02303   0.01473  -0.1097   0.1990   1.0000
   9.500   1.4491   0.02393   0.01553  -0.1077   0.1860   1.0000
   9.750   1.4605   0.02488   0.01639  -0.1057   0.1767   1.0000
  10.000   1.4727   0.02580   0.01728  -0.1039   0.1679   1.0000
  10.250   1.4863   0.02666   0.01812  -0.1023   0.1575   1.0000
  10.500   1.5021   0.02738   0.01899  -0.1009   0.1569   1.0000
  10.750   1.5155   0.02828   0.01990  -0.0994   0.1479   1.0000
  11.000   1.5222   0.02966   0.02116  -0.0972   0.1404   1.0000
  11.250   1.5317   0.03088   0.02235  -0.0954   0.1330   1.0000
  11.500   1.5416   0.03209   0.02356  -0.0938   0.1254   1.0000
  11.750   1.5488   0.03354   0.02496  -0.0920   0.1158   1.0000
  12.000   1.5545   0.03516   0.02650  -0.0902   0.1079   1.0000
  12.250   1.5601   0.03683   0.02810  -0.0885   0.0918   1.0000
  12.500   1.5583   0.03920   0.03032  -0.0865   0.0796   1.0000
  12.750   1.5575   0.04158   0.03261  -0.0847   0.0658   1.0000
  13.000   1.5570   0.04405   0.03501  -0.0832   0.0553   1.0000
  13.500   1.5474   0.05014   0.04100  -0.0803   0.0342   1.0000
  13.750   1.5312   0.05464   0.04543  -0.0789   0.0195   1.0000
  14.000   1.5261   0.05810   0.04881  -0.0782   0.0185   1.0000
  14.250   1.5183   0.06200   0.05265  -0.0776   0.0174   1.0000
  14.500   1.5237   0.06438   0.05521  -0.0773   0.0154   1.0000
  14.750   1.5226   0.06768   0.05871  -0.0770   0.0140   1.0000
  15.000   1.5212   0.07103   0.06220  -0.0769   0.0138   1.0000
  15.250   1.5191   0.07453   0.06583  -0.0769   0.0136   1.0000
  15.500   1.5162   0.07819   0.06963  -0.0771   0.0136   1.0000
  15.750   1.5130   0.08197   0.07353  -0.0775   0.0135   1.0000
  16.000   1.5094   0.08584   0.07754  -0.0779   0.0135   1.0000
  16.250   1.5053   0.08983   0.08168  -0.0785   0.0135   1.0000
  16.500   1.5007   0.09396   0.08596  -0.0793   0.0135   1.0000
  16.750   1.4960   0.09816   0.09031  -0.0802   0.0135   1.0000
  17.000   1.4910   0.10244   0.09475  -0.0813   0.0136   1.0000
  17.250   1.4854   0.10686   0.09931  -0.0826   0.0136   1.0000
  17.500   1.4796   0.11137   0.10397  -0.0840   0.0137   1.0000
  17.750   1.4736   0.11596   0.10872  -0.0856   0.0138   1.0000
  18.000   1.4674   0.12064   0.11355  -0.0875   0.0139   1.0000
  18.250   1.4609   0.12539   0.11845  -0.0895   0.0140   1.0000
  18.500   1.4542   0.13024   0.12346  -0.0917   0.0141   1.0000
  18.750   1.4473   0.13517   0.12853  -0.0941   0.0142   1.0000
  19.000   1.4406   0.14011   0.13362  -0.0967   0.0143   1.0000
  19.250   1.4336   0.14515   0.13880  -0.0994   0.0144   1.0000
  19.500   1.4285   0.14985   0.14367  -0.1021   0.0146   1.0000
  19.750   1.4224   0.15480   0.14876  -0.1051   0.0147   1.0000
  20.000   1.4167   0.15971   0.15380  -0.1081   0.0149   1.0000
