  
       XFOIL         Version 6.99
  
 Calculated polar for: Airfoil_rR0.202693.txt                          
  
 1 1 Reynolds number fixed          Mach number fixed         
  
 xtrf =   1.000 (top)        1.000 (bottom)  
 Mach =   0.000     Re =     0.100 e 6     Ncrit =   9.000
  
   alpha    CL        CD       CDp       CM     Top_Xtr  Bot_Xtr
  ------ -------- --------- --------- -------- -------- --------
 -19.750  -0.3681   0.22581   0.21903  -0.0207   1.0000   0.0845
 -19.500  -0.3606   0.22368   0.21694  -0.0216   1.0000   0.0859
 -18.500  -0.2170   0.20956   0.20398  -0.0302   1.0000   0.0909
 -18.000  -0.3235   0.20980   0.20326  -0.0267   1.0000   0.0929
 -17.750  -0.3155   0.20764   0.20114  -0.0270   1.0000   0.0947
 -17.000  -0.3047   0.20023   0.19381  -0.0296   1.0000   0.1019
 -16.500  -0.1950   0.19821   0.19276  -0.0291   1.0000   0.1069
 -16.250  -0.2129   0.19882   0.19333  -0.0308   1.0000   0.1107
 -16.000  -0.2826   0.19103   0.18475  -0.0308   1.0000   0.1124
 -15.500  -0.2686   0.18705   0.18083  -0.0306   1.0000   0.1170
 -15.250  -0.2146   0.19389   0.18844  -0.0303   1.0000   0.1203
 -15.000  -0.2667   0.18302   0.17688  -0.0317   1.0000   0.1216
 -14.750  -0.2558   0.18090   0.17481  -0.0308   1.0000   0.1236
 -14.500  -0.2501   0.17906   0.17300  -0.0305   1.0000   0.1261
 -14.250  -0.1935   0.18584   0.18053  -0.0269   1.0000   0.1283
 -13.750  -0.2567   0.17359   0.16768  -0.0317   1.0000   0.1310
 -13.500  -0.2449   0.17091   0.16505  -0.0305   1.0000   0.1319
 -13.250  -0.2377   0.16890   0.16308  -0.0295   1.0000   0.1333
 -13.000  -0.2336   0.16708   0.16131  -0.0288   1.0000   0.1353
 -12.750  -0.1975   0.17555   0.17041  -0.0235   1.0000   0.1369
 -12.000  -0.2351   0.15940   0.15384  -0.0266   1.0000   0.1428
 -11.750  -0.2318   0.15777   0.15226  -0.0253   1.0000   0.1451
 -11.500  -0.2369   0.15629   0.15084  -0.0247   1.0000   0.1486
 -11.250  -0.2578   0.15491   0.14953  -0.0251   1.0000   0.1508
 -11.000  -0.2452   0.15259   0.14726  -0.0230   1.0000   0.1520
 -10.750  -0.2423   0.15096   0.14558  -0.0215   1.0000   0.1533
 -10.250  -0.2702   0.14896   0.14370  -0.0203   1.0000   0.1600
 -10.000  -0.2119   0.15252   0.14758  -0.0242   0.9928   0.1614
  -9.750  -0.2641   0.14510   0.13996  -0.0169   1.0000   0.1622
  -9.500  -0.2606   0.14380   0.13873  -0.0154   0.9998   0.1645
  -9.250  -0.1514   0.14164   0.13667  -0.0350   0.9801   0.1734
  -9.000  -0.2139   0.13665   0.13155  -0.0262   0.9902   0.1740
  -8.750  -0.2196   0.13346   0.12835  -0.0329   0.9827   0.1801
  -8.500  -0.1857   0.12911   0.12400  -0.0363   0.9775   0.1817
  -8.250  -0.0954   0.12715   0.12215  -0.0481   0.9556   0.1882
  -7.750  -0.1252   0.11839   0.11328  -0.0476   0.9580   0.1930
  -7.250  -0.0986   0.11117   0.10606  -0.0548   0.9427   0.2023
  -7.000  -0.0784   0.10801   0.10290  -0.0577   0.9352   0.2081
  -6.500  -0.0755   0.10069   0.09558  -0.0653   0.9174   0.2201
  -6.250  -0.1368   0.08814   0.08292  -0.0707   0.9033   0.1813
  -5.750  -0.2556   0.04835   0.04163  -0.1056   0.8727   0.1729
  -5.500  -0.2249   0.04470   0.03743  -0.1103   0.8640   0.1807
  -5.250  -0.1892   0.04531   0.03841  -0.1099   0.8559   0.1841
  -5.000  -0.1466   0.04089   0.03325  -0.1163   0.8509   0.1906
  -4.750  -0.1148   0.04047   0.03303  -0.1165   0.8424   0.1936
  -4.500  -0.0800   0.03842   0.03058  -0.1192   0.8344   0.1995
  -4.250  -0.0346   0.03715   0.02936  -0.1219   0.8303   0.2044
  -4.000  -0.0016   0.03565   0.02753  -0.1236   0.8214   0.2109
  -3.750   0.0321   0.03505   0.02708  -0.1241   0.8133   0.2164
  -3.500   0.0825   0.03350   0.02546  -0.1274   0.8104   0.2246
  -3.250   0.1188   0.03239   0.02421  -0.1288   0.8021   0.2321
  -2.750   0.2121   0.02980   0.02141  -0.1343   0.7909   0.2504
  -2.500   0.2480   0.02903   0.02074  -0.1352   0.7816   0.2572
  -2.250   0.2909   0.02802   0.01971  -0.1373   0.7733   0.2656
  -2.000   0.3407   0.02695   0.01860  -0.1406   0.7653   0.2760
  -1.750   0.3912   0.02600   0.01755  -0.1442   0.7565   0.2887
  -1.500   0.4312   0.02535   0.01685  -0.1459   0.7453   0.3008
  -1.250   0.4698   0.02485   0.01640  -0.1473   0.7337   0.3124
  -1.000   0.5100   0.02438   0.01607  -0.1491   0.7223   0.3252
  -0.750   0.5499   0.02392   0.01545  -0.1509   0.7105   0.3404
  -0.500   0.5780   0.02371   0.01527  -0.1506   0.6968   0.3528
  -0.250   0.6108   0.02350   0.01502  -0.1510   0.6838   0.3674
   0.000   0.6446   0.02330   0.01476  -0.1517   0.6709   0.3833
   0.250   0.6706   0.02325   0.01466  -0.1510   0.6570   0.3986
   0.500   0.6986   0.02316   0.01456  -0.1507   0.6436   0.4140
   0.750   0.7309   0.02309   0.01440  -0.1511   0.6311   0.4324
   1.000   0.7562   0.02316   0.01444  -0.1503   0.6179   0.4507
   1.250   0.7780   0.02325   0.01455  -0.1489   0.6047   0.4691
   1.500   0.8056   0.02327   0.01454  -0.1485   0.5929   0.4898
   1.750   0.8349   0.02334   0.01457  -0.1484   0.5816   0.5119
   2.000   0.8616   0.02346   0.01468  -0.1478   0.5701   0.5350
   2.250   0.8826   0.02367   0.01493  -0.1462   0.5585   0.5583
   2.500   0.9052   0.02381   0.01510  -0.1450   0.5477   0.5843
   2.750   0.9304   0.02396   0.01527  -0.1441   0.5378   0.6120
   3.000   0.9543   0.02414   0.01547  -0.1430   0.5278   0.6428
   3.250   0.9761   0.02434   0.01572  -0.1415   0.5179   0.6754
   3.500   0.9937   0.02454   0.01601  -0.1392   0.5078   0.7109
   3.750   1.0131   0.02464   0.01616  -0.1371   0.4984   0.7519
   4.000   1.0325   0.02465   0.01620  -0.1348   0.4899   0.8007
   4.250   1.0409   0.02463   0.01633  -0.1304   0.4812   0.8613
   4.500   1.0669   0.02460   0.01629  -0.1299   0.4715   1.0000
   4.750   1.0955   0.02509   0.01659  -0.1307   0.4618   1.0000
   5.000   1.1200   0.02560   0.01696  -0.1305   0.4528   1.0000
   5.250   1.1444   0.02610   0.01732  -0.1301   0.4444   1.0000
   5.500   1.1698   0.02659   0.01767  -0.1298   0.4364   1.0000
   5.750   1.1974   0.02707   0.01797  -0.1299   0.4287   1.0000
   6.000   1.2186   0.02762   0.01845  -0.1289   0.4208   1.0000
   6.250   1.2349   0.02824   0.01906  -0.1271   0.4132   1.0000
   6.500   1.2563   0.02882   0.01956  -0.1261   0.4062   1.0000
   6.750   1.2873   0.02925   0.01981  -0.1267   0.3997   1.0000
   7.000   1.3004   0.02997   0.02056  -0.1244   0.3927   1.0000
   7.250   1.3212   0.03062   0.02115  -0.1234   0.3862   1.0000
   7.500   1.3508   0.03112   0.02164  -0.1238   0.3800   1.0000
   7.750   1.3579   0.03193   0.02254  -0.1205   0.3734   1.0000
   8.000   1.3792   0.03259   0.02312  -0.1196   0.3674   1.0000
   8.250   1.3957   0.03326   0.02376  -0.1179   0.3613   1.0000
   8.500   1.4087   0.03405   0.02457  -0.1157   0.3554   1.0000
   8.750   1.4494   0.03440   0.02463  -0.1179   0.3496   1.0000
   9.000   1.4441   0.03552   0.02594  -0.1129   0.3437   1.0000
   9.250   1.4669   0.03620   0.02653  -0.1123   0.3381   1.0000
   9.500   1.4732   0.03717   0.02756  -0.1092   0.3324   1.0000
   9.750   1.4871   0.03805   0.02843  -0.1074   0.3272   1.0000
  10.000   1.4949   0.03901   0.02943  -0.1047   0.3220   1.0000
  10.250   1.5043   0.03997   0.03041  -0.1023   0.3171   1.0000
  10.500   1.5122   0.04094   0.03141  -0.0998   0.3122   1.0000
  10.750   1.5272   0.04181   0.03225  -0.0983   0.3077   1.0000
  11.000   1.5288   0.04310   0.03363  -0.0952   0.3031   1.0000
  11.250   1.5615   0.04347   0.03382  -0.0960   0.2988   1.0000
  11.500   1.5432   0.04561   0.03622  -0.0908   0.2947   1.0000
  11.750   1.5777   0.04595   0.03649  -0.0917   0.2905   1.0000
  12.000   1.5595   0.04834   0.03911  -0.0869   0.2867   1.0000
  12.250   1.5548   0.05028   0.04116  -0.0839   0.2829   1.0000
  12.500   1.5928   0.05041   0.04112  -0.0851   0.2792   1.0000
  12.750   1.5391   0.05496   0.04611  -0.0782   0.2759   1.0000
  13.000   1.5292   0.05757   0.04884  -0.0756   0.2724   1.0000
  13.250   1.5705   0.05717   0.04825  -0.0765   0.2692   1.0000
  13.500   1.4591   0.06748   0.05923  -0.0695   0.2661   1.0000
  13.750   1.2843   0.08942   0.08176  -0.0690   0.2602   1.0000
  14.000   1.5508   0.06504   0.05644  -0.0705   0.2600   1.0000
  16.250   0.6179   0.19299   0.18733  -0.0862   0.2399   1.0000
  16.500   0.8912   0.20582   0.19926  -0.1274   0.2433   1.0000
  16.750   0.9084   0.20807   0.20149  -0.1276   0.2409   1.0000
  17.250   0.9161   0.21318   0.20661  -0.1317   0.2336   1.0000
  18.250   0.9642   0.22240   0.21582  -0.1353   0.2203   1.0000
  18.500   0.9593   0.22489   0.21832  -0.1390   0.2160   1.0000
  19.000   0.9925   0.22942   0.22284  -0.1394   0.2101   1.0000
  19.250   0.6438   0.21486   0.20934  -0.0935   0.1950   1.0000
  19.750   1.0179   0.23629   0.22979  -0.1439   0.2001   1.0000
  20.000   1.0106   0.23852   0.23205  -0.1483   0.1962   1.0000
