  
       XFOIL         Version 6.99
  
 Calculated polar for: Airfoil_rR0.975253.txt                          
  
 1 1 Reynolds number fixed          Mach number fixed         
  
 xtrf =   1.000 (top)        1.000 (bottom)  
 Mach =   0.000     Re =     0.050 e 6     Ncrit =   9.000
  
   alpha    CL        CD       CDp       CM     Top_Xtr  Bot_Xtr
  ------ -------- --------- --------- -------- -------- --------
 -19.000  -0.6023   0.23498   0.22575   0.0200   1.0000   0.0594
 -18.250  -0.5737   0.22510   0.21594   0.0152   1.0000   0.0642
 -17.250  -0.5387   0.21429   0.20525   0.0080   1.0000   0.0730
 -17.000  -0.5291   0.21131   0.20231   0.0065   1.0000   0.0763
 -16.500  -0.5171   0.20873   0.19979   0.0019   1.0000   0.0798
 -14.000  -0.3355   0.17720   0.16907  -0.0228   1.0000   0.1015
 -12.250  -0.3821   0.15463   0.14622  -0.0200   1.0000   0.1142
 -11.750  -0.3155   0.15047   0.14250  -0.0268   1.0000   0.1242
 -11.500  -0.3146   0.14771   0.13976  -0.0274   1.0000   0.1279
 -11.250  -0.3230   0.14653   0.13862  -0.0288   1.0000   0.1300
 -11.000  -0.3105   0.14124   0.13338  -0.0283   1.0000   0.1330
 -10.750  -0.3075   0.13811   0.13028  -0.0286   1.0000   0.1373
 -10.500  -0.3160   0.13671   0.12894  -0.0300   1.0000   0.1399
 -10.250  -0.3050   0.13180   0.12408  -0.0295   1.0000   0.1427
 -10.000  -0.3017   0.12860   0.12093  -0.0296   1.0000   0.1472
  -9.750  -0.3122   0.12728   0.11970  -0.0310   1.0000   0.1500
  -9.500  -0.3472   0.12299   0.11523  -0.0300   1.0000   0.1502
  -9.250  -0.3014   0.11973   0.11227  -0.0302   1.0000   0.1586
  -9.000  -0.3062   0.11711   0.10976  -0.0305   1.0000   0.1611
  -8.750  -0.2985   0.11327   0.10597  -0.0295   1.0000   0.1666
  -8.500  -0.3305   0.10912   0.10165  -0.0287   1.0000   0.1678
  -8.000  -0.3146   0.10594   0.09895  -0.0279   1.0000   0.1794
  -7.750  -0.3524   0.10282   0.09571  -0.0267   1.0000   0.1798
  -7.500  -0.3455   0.09882   0.09178  -0.0250   1.0000   0.1838
  -7.250  -0.3483   0.10011   0.09349  -0.0229   1.0000   0.1901
  -7.000  -0.3374   0.09560   0.08905  -0.0206   1.0000   0.1957
  -6.750  -0.3720   0.09239   0.08571  -0.0201   1.0000   0.1972
  -6.250  -0.3764   0.08965   0.08344  -0.0173   1.0000   0.2098
  -5.250  -0.3647   0.06124   0.05414  -0.0417   1.0000   0.0977
  -5.000  -0.3425   0.05245   0.04479  -0.0477   1.0000   0.0879
  -4.750  -0.3133   0.04411   0.03557  -0.0528   1.0000   0.0888
  -4.500  -0.2837   0.03890   0.02962  -0.0550   1.0000   0.1095
  -4.250  -0.2785   0.04179   0.03327  -0.0515   1.0000   0.1586
  -4.000  -0.2684   0.04249   0.03429  -0.0490   1.0000   0.1982
  -3.750  -0.2323   0.03811   0.02916  -0.0528   1.0000   0.1921
  -3.500  -0.2012   0.03542   0.02594  -0.0547   1.0000   0.1927
  -3.250  -0.1726   0.03349   0.02363  -0.0560   1.0000   0.1963
  -3.000  -0.1444   0.03190   0.02164  -0.0570   1.0000   0.2022
  -2.750  -0.1206   0.03107   0.02070  -0.0573   1.0000   0.2150
  -2.500  -0.0951   0.03026   0.01962  -0.0579   1.0000   0.2303
  -2.250  -0.0713   0.02948   0.01882  -0.0582   1.0000   0.2437
  -2.000  -0.0466   0.02883   0.01806  -0.0585   1.0000   0.2620
  -1.750  -0.0234   0.02842   0.01766  -0.0588   1.0000   0.2898
  -1.500   0.0001   0.02809   0.01747  -0.0590   1.0000   0.3270
  -1.250   0.0253   0.02773   0.01728  -0.0596   1.0000   0.3787
  -1.000   0.0529   0.02709   0.01719  -0.0605   1.0000   0.4676
  -0.750   0.0620   0.02506   0.01719  -0.0560   1.0000   0.9016
  -0.500   0.0800   0.02570   0.01711  -0.0564   1.0000   1.0000
  -0.250   0.1204   0.02679   0.01775  -0.0607   0.9920   1.0000
   0.000   0.1734   0.02797   0.01858  -0.0672   0.9765   1.0000
   0.250   0.2207   0.02901   0.01938  -0.0725   0.9620   1.0000
   0.500   0.2630   0.02996   0.02016  -0.0768   0.9480   1.0000
   0.750   0.3019   0.03083   0.02089  -0.0803   0.9335   1.0000
   1.000   0.3438   0.03170   0.02166  -0.0842   0.9206   1.0000
   1.250   0.3750   0.03252   0.02240  -0.0862   0.9061   1.0000
   1.500   0.4105   0.03332   0.02315  -0.0888   0.8927   1.0000
   1.750   0.4492   0.03409   0.02387  -0.0918   0.8802   1.0000
   2.000   0.4750   0.03494   0.02472  -0.0926   0.8657   1.0000
   2.250   0.5071   0.03575   0.02552  -0.0944   0.8527   1.0000
   2.500   0.5409   0.03654   0.02627  -0.0964   0.8408   1.0000
   2.750   0.5649   0.03747   0.02718  -0.0968   0.8267   1.0000
   3.000   0.5945   0.03823   0.02792  -0.0978   0.8130   1.0000
   3.250   0.6296   0.03880   0.02847  -0.0995   0.8005   1.0000
   3.500   0.6508   0.03980   0.02947  -0.0993   0.7862   1.0000
   3.750   0.6772   0.04071   0.03039  -0.0998   0.7737   1.0000
   4.000   0.7058   0.04156   0.03125  -0.1006   0.7619   1.0000
   4.250   0.7379   0.04217   0.03189  -0.1015   0.7503   1.0000
   4.500   0.7511   0.04362   0.03337  -0.1004   0.7361   1.0000
   4.750   0.7750   0.04458   0.03436  -0.1003   0.7235   1.0000
   5.000   0.8019   0.04538   0.03521  -0.1004   0.7119   1.0000
   5.250   0.8310   0.04601   0.03590  -0.1006   0.7005   1.0000
   5.500   0.8437   0.04754   0.03748  -0.0994   0.6864   1.0000
   5.750   0.8738   0.04779   0.03782  -0.0990   0.6727   1.0000
   6.000   0.9198   0.04649   0.03663  -0.0990   0.6588   1.0000
   6.250   0.9650   0.04456   0.03480  -0.0981   0.6415   1.0000
   6.500   1.0376   0.03902   0.02933  -0.0969   0.6197   1.0000
   6.750   1.0701   0.03726   0.02763  -0.0943   0.5958   1.0000
   7.000   1.1180   0.03428   0.02462  -0.0929   0.5717   1.0000
   7.250   1.1487   0.03320   0.02356  -0.0909   0.5480   1.0000
   7.500   1.1736   0.03258   0.02298  -0.0887   0.5223   1.0000
   7.750   1.1930   0.03097   0.02120  -0.0846   0.4824   1.0000
   8.000   1.1963   0.03007   0.01994  -0.0788   0.4292   1.0000
   8.250   1.1920   0.03034   0.01991  -0.0732   0.3751   1.0000
  15.250   0.9963   0.18274   0.17414  -0.0894   0.0782   1.0000
  16.000   0.7579   0.19869   0.19100  -0.0733   0.1597   1.0000
  16.250   0.7570   0.20243   0.19476  -0.0742   0.1599   1.0000
  16.750   0.7432   0.20726   0.19963  -0.0768   0.1582   1.0000
