  
       XFOIL         Version 6.99
  
 Calculated polar for: Airfoil_rR0.629720.txt                          
  
 1 1 Reynolds number fixed          Mach number fixed         
  
 xtrf =   1.000 (top)        1.000 (bottom)  
 Mach =   0.000     Re =     0.100 e 6     Ncrit =   9.000
  
   alpha    CL        CD       CDp       CM     Top_Xtr  Bot_Xtr
  ------ -------- --------- --------- -------- -------- --------
 -17.750  -0.3468   0.20348   0.19757  -0.0201   1.0000   0.0398
 -11.000  -0.3157   0.13513   0.12952  -0.0371   1.0000   0.0705
 -10.750  -0.2979   0.12982   0.12423  -0.0351   1.0000   0.0720
 -10.000  -0.2936   0.12051   0.11505  -0.0351   1.0000   0.0780
  -9.250  -0.3076   0.11136   0.10610  -0.0359   1.0000   0.0813
  -8.750  -0.3035   0.10522   0.10007  -0.0334   1.0000   0.0847
  -7.500  -0.3902   0.09590   0.09121  -0.0279   1.0000   0.0901
  -7.000  -0.4246   0.08703   0.08228  -0.0320   1.0000   0.0904
  -6.500  -0.4356   0.06669   0.06172  -0.0400   1.0000   0.0511
  -6.250  -0.4312   0.06245   0.05743  -0.0403   1.0000   0.0479
  -5.750  -0.3866   0.03386   0.02660  -0.0591   1.0000   0.0456
  -5.500  -0.3588   0.03078   0.02287  -0.0605   1.0000   0.0627
  -5.250  -0.3405   0.03129   0.02354  -0.0598   1.0000   0.0756
  -5.000  -0.3188   0.03056   0.02261  -0.0600   1.0000   0.0838
  -4.750  -0.3030   0.03186   0.02396  -0.0593   1.0000   0.0994
  -4.500  -0.2731   0.03349   0.02588  -0.0614   0.9954   0.1197
  -4.250  -0.2273   0.03072   0.02266  -0.0660   0.9911   0.1181
  -4.000  -0.1837   0.02860   0.02005  -0.0698   0.9858   0.1175
  -3.750  -0.1385   0.02703   0.01799  -0.0737   0.9810   0.1191
  -3.500  -0.0983   0.02586   0.01666  -0.0767   0.9747   0.1224
  -3.250  -0.0536   0.02499   0.01563  -0.0805   0.9693   0.1289
  -3.000  -0.0130   0.02419   0.01483  -0.0835   0.9618   0.1379
  -2.750   0.0274   0.02347   0.01418  -0.0864   0.9538   0.1518
  -2.500   0.0684   0.02288   0.01373  -0.0895   0.9461   0.1743
  -2.250   0.1121   0.02240   0.01342  -0.0931   0.9391   0.2110
  -2.000   0.1512   0.02186   0.01313  -0.0958   0.9310   0.2543
  -1.750   0.1874   0.02131   0.01286  -0.0979   0.9223   0.3091
  -1.500   0.2236   0.02071   0.01268  -0.1000   0.9139   0.3884
  -1.250   0.2596   0.01968   0.01260  -0.1018   0.9065   0.5829
  -1.000   0.2940   0.01854   0.01227  -0.1013   0.9001   1.0000
  -0.750   0.3320   0.01848   0.01198  -0.1034   0.8909   1.0000
  -0.500   0.3693   0.01841   0.01174  -0.1054   0.8818   1.0000
  -0.250   0.4053   0.01832   0.01151  -0.1070   0.8727   1.0000
   0.000   0.4401   0.01822   0.01131  -0.1083   0.8637   1.0000
   0.250   0.4745   0.01811   0.01110  -0.1095   0.8546   1.0000
   0.500   0.5083   0.01797   0.01089  -0.1105   0.8453   1.0000
   0.750   0.5412   0.01784   0.01069  -0.1113   0.8356   1.0000
   1.000   0.5731   0.01771   0.01057  -0.1119   0.8254   1.0000
   1.250   0.6041   0.01761   0.01039  -0.1123   0.8148   1.0000
   1.500   0.6342   0.01753   0.01024  -0.1125   0.8040   1.0000
   1.750   0.6653   0.01740   0.01002  -0.1129   0.7934   1.0000
   2.000   0.6966   0.01724   0.00979  -0.1131   0.7825   1.0000
   2.250   0.7276   0.01711   0.00957  -0.1133   0.7712   1.0000
   2.500   0.7569   0.01708   0.00946  -0.1133   0.7590   1.0000
   2.750   0.7831   0.01722   0.00955  -0.1128   0.7451   1.0000
   3.000   0.8114   0.01728   0.00952  -0.1127   0.7322   1.0000
   3.250   0.8395   0.01734   0.00951  -0.1125   0.7191   1.0000
   3.500   0.8641   0.01752   0.00965  -0.1117   0.7038   1.0000
   3.750   0.8931   0.01743   0.00944  -0.1114   0.6895   1.0000
   4.000   0.9185   0.01748   0.00939  -0.1106   0.6721   1.0000
   4.250   0.9435   0.01754   0.00935  -0.1096   0.6536   1.0000
   4.500   0.9681   0.01763   0.00934  -0.1086   0.6348   1.0000
   4.750   0.9922   0.01775   0.00938  -0.1077   0.6166   1.0000
   5.000   1.0163   0.01788   0.00944  -0.1067   0.5994   1.0000
   5.250   1.0405   0.01802   0.00950  -0.1058   0.5824   1.0000
   5.500   1.0642   0.01825   0.00965  -0.1049   0.5651   1.0000
   5.750   1.0881   0.01851   0.00982  -0.1041   0.5486   1.0000
   6.000   1.1106   0.01879   0.01008  -0.1030   0.5315   1.0000
   6.250   1.1320   0.01906   0.01035  -0.1018   0.5135   1.0000
   6.500   1.1529   0.01927   0.01056  -0.1005   0.4948   1.0000
   6.750   1.1734   0.01950   0.01068  -0.0990   0.4743   1.0000
   7.000   1.1878   0.01977   0.01074  -0.0964   0.4395   1.0000
   7.250   1.1978   0.02010   0.01089  -0.0933   0.3907   1.0000
   7.500   1.2091   0.02082   0.01123  -0.0906   0.3503   1.0000
   8.750   1.1931   0.03134   0.02072  -0.0680   0.0466   1.0000
   9.000   1.1814   0.03425   0.02365  -0.0631   0.0412   1.0000
   9.250   1.1734   0.03708   0.02660  -0.0589   0.0391   1.0000
   9.500   1.1751   0.03970   0.02930  -0.0556   0.0378   1.0000
   9.750   1.1953   0.04226   0.03186  -0.0533   0.0369   1.0000
  10.000   1.2398   0.04551   0.03517  -0.0535   0.0369   1.0000
  10.250   1.2789   0.04963   0.03955  -0.0542   0.0376   1.0000
  10.500   1.3003   0.05383   0.04405  -0.0534   0.0384   1.0000
  10.750   1.3139   0.05846   0.04898  -0.0521   0.0394   1.0000
  11.000   1.3289   0.06277   0.05354  -0.0509   0.0406   1.0000
  12.250   1.1785   0.08136   0.07408  -0.0300   0.0441   1.0000
  12.750   1.1859   0.09179   0.08496  -0.0362   0.0472   1.0000
  15.250   0.8152   0.16793   0.16259  -0.0642   0.0452   1.0000
