  
       XFOIL         Version 6.99
  
 Calculated polar for: Airfoil_rR0.970200.txt                          
  
 1 1 Reynolds number fixed          Mach number fixed         
  
 xtrf =   1.000 (top)        1.000 (bottom)  
 Mach =   0.000     Re =     0.100 e 6     Ncrit =   9.000
  
   alpha    CL        CD       CDp       CM     Top_Xtr  Bot_Xtr
  ------ -------- --------- --------- -------- -------- --------
 -16.500  -0.5080   0.20176   0.19532   0.0032   1.0000   0.0325
 -16.250  -0.4986   0.19881   0.19239   0.0019   1.0000   0.0345
 -15.250  -0.4821   0.19508   0.18877  -0.0088   1.0000   0.0402
 -15.000  -0.4565   0.18386   0.17752  -0.0061   1.0000   0.0448
 -14.500  -0.4429   0.17908   0.17277  -0.0102   1.0000   0.0494
  -9.500  -0.3315   0.11452   0.10891  -0.0327   1.0000   0.0790
  -8.500  -0.3270   0.10195   0.09658  -0.0326   1.0000   0.0846
  -8.250  -0.3126   0.10144   0.09636  -0.0329   1.0000   0.0892
  -8.000  -0.3383   0.10074   0.09579  -0.0326   1.0000   0.0900
  -7.250  -0.3489   0.09204   0.08731  -0.0251   1.0000   0.0929
  -5.250  -0.3789   0.05610   0.05097  -0.0412   1.0000   0.0640
  -5.000  -0.3203   0.03159   0.02374  -0.0563   1.0000   0.0400
  -4.250  -0.2323   0.02414   0.01495  -0.0585   1.0000   0.0808
  -4.000  -0.2066   0.02405   0.01473  -0.0591   0.9989   0.0905
  -3.750  -0.1651   0.02572   0.01684  -0.0641   0.9911   0.1166
  -3.500  -0.1233   0.02491   0.01585  -0.0676   0.9848   0.1248
  -3.250  -0.0772   0.02389   0.01456  -0.0716   0.9800   0.1314
  -3.000  -0.0365   0.02312   0.01372  -0.0747   0.9724   0.1407
  -2.750   0.0052   0.02245   0.01317  -0.0781   0.9647   0.1537
  -2.500   0.0477   0.02191   0.01273  -0.0816   0.9571   0.1757
  -2.250   0.0921   0.02144   0.01241  -0.0855   0.9501   0.2088
  -2.000   0.1303   0.02092   0.01210  -0.0881   0.9413   0.2494
  -1.750   0.1675   0.02033   0.01184  -0.0905   0.9327   0.3045
  -1.500   0.2043   0.01967   0.01166  -0.0928   0.9244   0.3943
  -1.250   0.2382   0.01802   0.01162  -0.0932   0.9200   0.7752
  -1.000   0.2803   0.01770   0.01126  -0.0958   0.9104   1.0000
  -0.750   0.3184   0.01767   0.01103  -0.0980   0.9008   1.0000
  -0.250   0.3920   0.01755   0.01063  -0.1018   0.8822   1.0000
   0.000   0.4268   0.01746   0.01045  -0.1032   0.8728   1.0000
   0.250   0.4605   0.01738   0.01028  -0.1044   0.8632   1.0000
   0.500   0.4934   0.01728   0.01011  -0.1053   0.8534   1.0000
   0.750   0.5253   0.01718   0.00996  -0.1059   0.8433   1.0000
   1.000   0.5564   0.01708   0.00982  -0.1064   0.8329   1.0000
   1.250   0.5869   0.01699   0.00969  -0.1067   0.8222   1.0000
   1.500   0.6167   0.01691   0.00955  -0.1069   0.8114   1.0000
   1.750   0.6459   0.01685   0.00942  -0.1069   0.8004   1.0000
   2.000   0.6754   0.01675   0.00925  -0.1069   0.7892   1.0000
   2.250   0.7022   0.01678   0.00922  -0.1065   0.7760   1.0000
   2.500   0.7304   0.01676   0.00913  -0.1063   0.7635   1.0000
   2.750   0.7590   0.01678   0.00907  -0.1062   0.7513   1.0000
   3.000   0.7856   0.01690   0.00914  -0.1058   0.7381   1.0000
   3.250   0.8113   0.01703   0.00922  -0.1052   0.7235   1.0000
   3.500   0.8376   0.01703   0.00913  -0.1045   0.7078   1.0000
   3.750   0.8643   0.01692   0.00891  -0.1037   0.6908   1.0000
   4.000   0.8896   0.01688   0.00876  -0.1027   0.6718   1.0000
   4.250   0.9143   0.01692   0.00868  -0.1017   0.6522   1.0000
   4.500   0.9383   0.01703   0.00871  -0.1006   0.6328   1.0000
   4.750   0.9619   0.01716   0.00877  -0.0996   0.6136   1.0000
   5.000   0.9852   0.01724   0.00879  -0.0985   0.5939   1.0000
   5.250   1.0091   0.01737   0.00881  -0.0975   0.5750   1.0000
   5.500   1.0326   0.01760   0.00896  -0.0966   0.5563   1.0000
   5.750   1.0558   0.01786   0.00917  -0.0957   0.5384   1.0000
   6.000   1.0784   0.01813   0.00942  -0.0947   0.5205   1.0000
   6.250   1.0999   0.01839   0.00973  -0.0935   0.5015   1.0000
   6.500   1.1214   0.01860   0.00983  -0.0922   0.4807   1.0000
   6.750   1.1356   0.01889   0.00989  -0.0896   0.4369   1.0000
   7.000   1.1457   0.01939   0.01000  -0.0866   0.3741   1.0000
   7.250   1.1597   0.02016   0.01048  -0.0844   0.3272   1.0000
   7.500   1.1733   0.02101   0.01101  -0.0824   0.2647   1.0000
   7.750   1.1822   0.02235   0.01183  -0.0799   0.1947   1.0000
   8.000   1.1908   0.02382   0.01284  -0.0775   0.1434   1.0000
   8.250   1.2011   0.02516   0.01387  -0.0753   0.1150   1.0000
  11.250   1.1806   0.08172   0.07503  -0.0335   0.0633   1.0000
