  
       XFOIL         Version 6.99
  
 Calculated polar for: Airfoil_rR0.229373.txt                          
  
 1 1 Reynolds number fixed          Mach number fixed         
  
 xtrf =   1.000 (top)        1.000 (bottom)  
 Mach =   0.000     Re =     0.200 e 6     Ncrit =   9.000
  
   alpha    CL        CD       CDp       CM     Top_Xtr  Bot_Xtr
  ------ -------- --------- --------- -------- -------- --------
 -19.750  -0.4056   0.22253   0.21774  -0.0182   1.0000   0.0549
 -19.500  -0.2517   0.21078   0.20677  -0.0263   1.0000   0.0570
 -19.000  -0.2493   0.20806   0.20406  -0.0274   1.0000   0.0592
 -18.750  -0.3821   0.21362   0.20892  -0.0232   1.0000   0.0595
 -18.500  -0.2603   0.20749   0.20349  -0.0298   1.0000   0.0601
 -18.250  -0.3871   0.21067   0.20602  -0.0277   1.0000   0.0601
 -17.750  -0.3823   0.20510   0.20051  -0.0300   1.0000   0.0604
 -17.500  -0.2519   0.19999   0.19605  -0.0302   1.0000   0.0608
 -17.250  -0.3541   0.19796   0.19341  -0.0290   1.0000   0.0610
 -16.750  -0.2358   0.19575   0.19184  -0.0288   1.0000   0.0621
 -16.250  -0.3204   0.18937   0.18491  -0.0290   1.0000   0.0631
 -16.000  -0.2291   0.19216   0.18830  -0.0280   1.0000   0.0643
 -15.500  -0.2285   0.18902   0.18518  -0.0278   1.0000   0.0669
 -14.750  -0.2611   0.18088   0.17704  -0.0313   1.0000   0.0707
 -14.500  -0.2503   0.17877   0.17495  -0.0298   1.0000   0.0711
 -14.000  -0.2898   0.16680   0.16262  -0.0309   1.0000   0.0731
 -13.750  -0.2849   0.16496   0.16081  -0.0304   1.0000   0.0757
 -13.250  -0.2481   0.16811   0.16439  -0.0269   1.0000   0.0826
 -13.000  -0.2446   0.16679   0.16309  -0.0258   1.0000   0.0846
 -12.250  -0.3013   0.14976   0.14582  -0.0305   1.0000   0.0912
 -12.000  -0.2478   0.15533   0.15167  -0.0289   0.9980   0.0919
 -11.750  -0.2879   0.14672   0.14285  -0.0274   1.0000   0.0925
 -11.000  -0.7316   0.05405   0.04918  -0.0887   0.9838   0.0802
 -10.750  -0.7380   0.04679   0.04148  -0.0966   0.9751   0.0810
 -10.500  -0.7117   0.04451   0.03914  -0.1000   0.9710   0.0820
 -10.250  -0.5614   0.06440   0.06021  -0.0781   0.9819   0.0837
 -10.000  -0.6607   0.04071   0.03512  -0.1052   0.9609   0.0841
  -9.750  -0.6382   0.03871   0.03293  -0.1071   0.9546   0.0852
  -9.500  -0.6057   0.03666   0.03065  -0.1105   0.9510   0.0867
  -9.250  -0.5817   0.03478   0.02847  -0.1120   0.9447   0.0881
  -9.000  -0.5469   0.03291   0.02624  -0.1152   0.9412   0.0898
  -8.750  -0.5190   0.03141   0.02464  -0.1165   0.9356   0.0913
  -8.500  -0.4824   0.03062   0.02391  -0.1186   0.9320   0.0932
  -8.000  -0.4125   0.02879   0.02180  -0.1225   0.9222   0.0991
  -7.750  -0.3770   0.02786   0.02086  -0.1244   0.9175   0.1024
  -7.500  -0.3415   0.02729   0.02031  -0.1260   0.9124   0.1061
  -7.250  -0.2992   0.02623   0.01898  -0.1291   0.9102   0.1110
  -7.000  -0.2717   0.02563   0.01851  -0.1292   0.9029   0.1139
  -6.750  -0.2296   0.02477   0.01733  -0.1319   0.9006   0.1190
  -6.500  -0.2013   0.02409   0.01664  -0.1322   0.8935   0.1221
  -6.250  -0.1607   0.02338   0.01597  -0.1345   0.8910   0.1260
  -6.000  -0.1278   0.02276   0.01513  -0.1354   0.8850   0.1302
  -5.750  -0.0879   0.02185   0.01438  -0.1375   0.8823   0.1343
  -5.500  -0.0442   0.02102   0.01341  -0.1403   0.8806   0.1399
  -5.250  -0.0142   0.02040   0.01290  -0.1405   0.8735   0.1438
  -5.000   0.0290   0.01967   0.01212  -0.1432   0.8711   0.1496
  -4.750   0.0602   0.01915   0.01168  -0.1436   0.8638   0.1541
  -4.500   0.1052   0.01845   0.01089  -0.1466   0.8607   0.1610
  -4.250   0.1396   0.01794   0.01045  -0.1476   0.8534   0.1669
  -4.000   0.1890   0.01728   0.00982  -0.1516   0.8501   0.1752
  -3.750   0.2274   0.01684   0.00938  -0.1534   0.8424   0.1832
  -3.500   0.2654   0.01648   0.00901  -0.1552   0.8333   0.1916
  -3.250   0.2987   0.01619   0.00868  -0.1560   0.8221   0.2000
  -2.750   0.3750   0.01544   0.00797  -0.1595   0.8013   0.2172
  -2.500   0.4119   0.01519   0.00771  -0.1610   0.7900   0.2274
  -2.250   0.4378   0.01506   0.00756  -0.1604   0.7749   0.2374
  -2.000   0.4720   0.01487   0.00731  -0.1614   0.7618   0.2499
  -1.750   0.5022   0.01472   0.00718  -0.1616   0.7477   0.2618
  -1.500   0.5288   0.01466   0.00713  -0.1611   0.7324   0.2738
  -1.250   0.5579   0.01460   0.00715  -0.1611   0.7183   0.2871
  -1.000   0.5829   0.01456   0.00707  -0.1603   0.7028   0.3007
  -0.750   0.6116   0.01454   0.00701  -0.1603   0.6891   0.3146
  -0.500   0.6364   0.01459   0.00700  -0.1594   0.6739   0.3305
  -0.250   0.6629   0.01462   0.00698  -0.1590   0.6597   0.3467
   0.000   0.6862   0.01463   0.00701  -0.1579   0.6447   0.3625
   0.250   0.7125   0.01470   0.00701  -0.1574   0.6312   0.3806
   0.500   0.7353   0.01476   0.00709  -0.1562   0.6158   0.3978
   0.750   0.7577   0.01481   0.00713  -0.1549   0.6003   0.4157
   1.000   0.7816   0.01490   0.00717  -0.1540   0.5865   0.4356
   1.250   0.8053   0.01503   0.00727  -0.1530   0.5725   0.4571
   1.500   0.8283   0.01515   0.00738  -0.1519   0.5587   0.4795
   1.750   0.8504   0.01525   0.00752  -0.1506   0.5451   0.5027
   2.000   0.8734   0.01540   0.00765  -0.1496   0.5326   0.5307
   2.250   0.8966   0.01556   0.00782  -0.1485   0.5208   0.5603
   2.500   0.9175   0.01567   0.00803  -0.1470   0.5079   0.5932
   2.750   0.9382   0.01579   0.00821  -0.1454   0.4965   0.6322
   3.000   0.9591   0.01592   0.00841  -0.1439   0.4869   0.6738
   3.250   0.9794   0.01607   0.00863  -0.1422   0.4773   0.7196
   3.750   1.0141   0.01632   0.00906  -0.1373   0.4592   0.8326
   4.000   1.0253   0.01617   0.00904  -0.1333   0.4507   1.0000
   4.250   1.0499   0.01650   0.00925  -0.1329   0.4418   1.0000
   4.500   1.0735   0.01684   0.00949  -0.1323   0.4330   1.0000
   4.750   1.0963   0.01719   0.00974  -0.1314   0.4243   1.0000
   5.000   1.1184   0.01754   0.01001  -0.1305   0.4159   1.0000
   5.250   1.1399   0.01788   0.01027  -0.1294   0.4077   1.0000
   5.500   1.1611   0.01824   0.01053  -0.1282   0.4000   1.0000
   5.750   1.1815   0.01862   0.01085  -0.1270   0.3919   1.0000
   6.000   1.2020   0.01903   0.01119  -0.1258   0.3840   1.0000
   6.250   1.2224   0.01947   0.01155  -0.1246   0.3762   1.0000
   6.500   1.2426   0.01992   0.01191  -0.1233   0.3687   1.0000
   6.750   1.2603   0.02036   0.01233  -0.1217   0.3607   1.0000
   7.000   1.2792   0.02082   0.01274  -0.1203   0.3535   1.0000
   7.250   1.2992   0.02132   0.01315  -0.1191   0.3469   1.0000
   7.500   1.3187   0.02182   0.01373  -0.1179   0.3404   1.0000
   7.750   1.3360   0.02234   0.01426  -0.1163   0.3336   1.0000
   8.000   1.3541   0.02286   0.01475  -0.1148   0.3274   1.0000
   8.250   1.3703   0.02339   0.01528  -0.1131   0.3211   1.0000
   8.500   1.3861   0.02394   0.01585  -0.1114   0.3148   1.0000
   8.750   1.4030   0.02450   0.01634  -0.1099   0.3095   1.0000
   9.000   1.4175   0.02512   0.01699  -0.1080   0.3033   1.0000
   9.250   1.4336   0.02576   0.01756  -0.1065   0.2981   1.0000
   9.500   1.4482   0.02645   0.01826  -0.1048   0.2923   1.0000
   9.750   1.4638   0.02718   0.01895  -0.1033   0.2870   1.0000
  10.000   1.4781   0.02793   0.01970  -0.1016   0.2815   1.0000
  10.250   1.4913   0.02874   0.02054  -0.0999   0.2760   1.0000
  10.500   1.5043   0.02955   0.02135  -0.0982   0.2707   1.0000
  10.750   1.5167   0.03042   0.02224  -0.0964   0.2656   1.0000
  11.000   1.5300   0.03127   0.02303  -0.0949   0.2611   1.0000
  11.250   1.5415   0.03228   0.02413  -0.0932   0.2558   1.0000
  11.500   1.5538   0.03325   0.02507  -0.0916   0.2510   1.0000
  11.750   1.5646   0.03434   0.02618  -0.0900   0.2462   1.0000
  12.000   1.5759   0.03539   0.02722  -0.0885   0.2416   1.0000
  12.250   1.5843   0.03663   0.02850  -0.0868   0.2366   1.0000
  12.500   1.5900   0.03798   0.02990  -0.0849   0.2313   1.0000
  12.750   1.5955   0.03943   0.03139  -0.0832   0.2263   1.0000
  13.000   1.6005   0.04093   0.03288  -0.0816   0.2213   1.0000
  13.250   1.6046   0.04262   0.03460  -0.0801   0.2161   1.0000
  13.500   1.6085   0.04436   0.03634  -0.0787   0.2111   1.0000
  13.750   1.6106   0.04637   0.03842  -0.0773   0.2058   1.0000
  14.000   1.6129   0.04842   0.04049  -0.0762   0.2008   1.0000
  14.250   1.6148   0.05063   0.04280  -0.0751   0.1959   1.0000
  14.500   1.6164   0.05292   0.04515  -0.0743   0.1911   1.0000
  14.750   1.6151   0.05563   0.04794  -0.0736   0.1854   1.0000
  15.000   1.6168   0.05803   0.05032  -0.0730   0.1817   1.0000
  15.250   1.6204   0.06024   0.05251  -0.0723   0.1787   1.0000
  15.500   1.6225   0.06276   0.05514  -0.0718   0.1752   1.0000
  15.750   1.6246   0.06524   0.05765  -0.0713   0.1721   1.0000
  16.000   1.6284   0.06746   0.05982  -0.0708   0.1695   1.0000
  16.250   1.6286   0.07034   0.06286  -0.0706   0.1664   1.0000
  16.500   1.6293   0.07315   0.06577  -0.0705   0.1635   1.0000
  16.750   1.6307   0.07584   0.06848  -0.0704   0.1609   1.0000
  17.000   1.6314   0.07867   0.07138  -0.0704   0.1584   1.0000
  17.250   1.6296   0.08196   0.07482  -0.0706   0.1553   1.0000
  17.500   1.6283   0.08519   0.07814  -0.0710   0.1526   1.0000
  17.750   1.6278   0.08826   0.08124  -0.0713   0.1502   1.0000
  18.000   1.6296   0.09101   0.08409  -0.0715   0.1486   1.0000
  18.250   1.6286   0.09421   0.08739  -0.0720   0.1465   1.0000
  18.500   1.6276   0.09741   0.09065  -0.0726   0.1444   1.0000
  18.750   1.6279   0.10040   0.09365  -0.0732   0.1423   1.0000
  19.000   1.6324   0.10269   0.09588  -0.0736   0.1402   1.0000
  19.250   1.6299   0.10616   0.09945  -0.0745   0.1380   1.0000
  19.500   1.6249   0.11004   0.10346  -0.0757   0.1357   1.0000
  19.750   1.6222   0.11356   0.10706  -0.0769   0.1333   1.0000
  20.000   1.6238   0.11636   0.10985  -0.0778   0.1311   1.0000
