  
       XFOIL         Version 6.99
  
 Calculated polar for: Airfoil_rR0.160000.txt                          
  
 1 1 Reynolds number fixed          Mach number fixed         
  
 xtrf =   1.000 (top)        1.000 (bottom)  
 Mach =   0.000     Re =     0.150 e 6     Ncrit =   9.000
  
   alpha    CL        CD       CDp       CM     Top_Xtr  Bot_Xtr
  ------ -------- --------- --------- -------- -------- --------
 -19.250  -0.2963   0.21832   0.21291  -0.0203   1.0000   0.0941
 -18.750  -0.1710   0.20835   0.20388  -0.0228   1.0000   0.0953
 -18.000  -0.2758   0.20814   0.20287  -0.0238   1.0000   0.1016
 -17.750  -0.2654   0.20622   0.20096  -0.0234   1.0000   0.1024
 -17.250  -0.2500   0.20285   0.19766  -0.0232   1.0000   0.1048
 -15.750  -0.2270   0.19136   0.18636  -0.0237   1.0000   0.1129
 -15.500  -0.2205   0.18986   0.18490  -0.0231   1.0000   0.1141
 -15.250  -0.2158   0.18835   0.18343  -0.0227   1.0000   0.1153
 -15.000  -0.2125   0.18679   0.18191  -0.0223   1.0000   0.1170
 -14.750  -0.1285   0.19069   0.18648  -0.0259   0.9937   0.1180
 -14.500  -0.1657   0.19175   0.18747  -0.0292   0.9936   0.1207
 -14.250  -0.1279   0.18687   0.18259  -0.0320   0.9908   0.1212
 -13.750  -0.2090   0.17857   0.17392  -0.0202   1.0000   0.1226
 -13.500  -0.2055   0.17735   0.17275  -0.0191   1.0000   0.1234
 -13.250  -0.2037   0.17614   0.17159  -0.0180   1.0000   0.1246
 -13.000  -0.1872   0.17354   0.16901  -0.0211   0.9978   0.1262
 -12.750  -0.1648   0.16993   0.16538  -0.0276   0.9933   0.1291
 -12.250  -0.1279   0.16165   0.15708  -0.0391   0.9841   0.1316
 -12.000  -0.0954   0.15816   0.15354  -0.0436   0.9807   0.1325
 -11.750  -0.0703   0.15493   0.15031  -0.0469   0.9749   0.1341
 -11.500  -0.0473   0.15155   0.14693  -0.0515   0.9712   0.1377
 -11.250  -0.0567   0.14720   0.14256  -0.0569   0.9648   0.1411
 -11.000  -0.0195   0.14367   0.13904  -0.0597   0.9612   0.1422
 -10.500   0.0277   0.13721   0.13258  -0.0666   0.9519   0.1482
 -10.000   0.0582   0.12955   0.12492  -0.0737   0.9413   0.1527
  -9.750   0.0816   0.12659   0.12198  -0.0758   0.9348   0.1548
  -7.750   0.2130   0.09949   0.09491  -0.0976   0.8873   0.1836
  -7.500  -0.3230   0.04136   0.03511  -0.1176   0.8478   0.1600
  -7.250  -0.2962   0.03920   0.03286  -0.1187   0.8423   0.1621
  -7.000  -0.2437   0.03830   0.03200  -0.1220   0.8406   0.1643
  -6.500  -0.2255   0.03368   0.02678  -0.1198   0.8203   0.1693
  -6.250  -0.1982   0.03204   0.02500  -0.1204   0.8126   0.1720
  -6.000   0.3095   0.07007   0.06519  -0.1260   0.8301   0.1925
  -5.750  -0.1111   0.02946   0.02224  -0.1262   0.8010   0.1791
  -5.500  -0.0788   0.02808   0.02069  -0.1275   0.7916   0.1820
  -5.250  -0.0474   0.02752   0.02017  -0.1278   0.7799   0.1843
  -5.000  -0.0079   0.02653   0.01904  -0.1300   0.7704   0.1877
  -4.750   0.0276   0.02540   0.01763  -0.1318   0.7598   0.1914
  -4.500   0.0539   0.02510   0.01738  -0.1311   0.7459   0.1940
  -4.250   0.0821   0.02455   0.01671  -0.1311   0.7324   0.1975
  -4.000   0.1150   0.02371   0.01556  -0.1321   0.7204   0.2013
  -3.750   0.1397   0.02336   0.01523  -0.1313   0.7065   0.2037
  -3.500   0.1681   0.02294   0.01470  -0.1312   0.6933   0.2070
  -3.250   0.1963   0.02241   0.01390  -0.1312   0.6808   0.2110
  -3.000   0.2176   0.02220   0.01375  -0.1297   0.6673   0.2137
  -2.750   0.2337   0.02197   0.01347  -0.1272   0.6537   0.2170
  -2.500   0.2610   0.02162   0.01292  -0.1269   0.6422   0.2216
  -2.250   0.2922   0.02150   0.01278  -0.1273   0.6305   0.2253
  -2.000   0.3078   0.02136   0.01251  -0.1247   0.6176   0.2297
  -1.750   0.3226   0.02123   0.01241  -0.1220   0.6052   0.2331
  -1.500   0.3438   0.02111   0.01217  -0.1205   0.5938   0.2381
  -1.250   0.3705   0.02096   0.01190  -0.1200   0.5827   0.2432
  -1.000   0.3916   0.02093   0.01189  -0.1185   0.5712   0.2482
  -0.750   0.4065   0.02084   0.01178  -0.1159   0.5596   0.2530
  -0.250   0.4457   0.02073   0.01157  -0.1123   0.5398   0.2636
   0.000   0.4674   0.02078   0.01151  -0.1109   0.5298   0.2698
   0.250   0.4898   0.02088   0.01157  -0.1096   0.5200   0.2764
   0.500   0.5023   0.02098   0.01165  -0.1066   0.5098   0.2830
   0.750   0.5170   0.02104   0.01164  -0.1039   0.5005   0.2909
   1.000   0.5349   0.02107   0.01167  -0.1019   0.4919   0.2982
   1.250   0.5534   0.02115   0.01176  -0.1000   0.4833   0.3059
   1.500   0.5725   0.02128   0.01187  -0.0982   0.4751   0.3140
   1.750   0.5917   0.02143   0.01197  -0.0964   0.4669   0.3230
   2.000   0.6123   0.02156   0.01204  -0.0949   0.4593   0.3327
   2.250   0.6262   0.02170   0.01219  -0.0922   0.4515   0.3419
   2.500   0.6424   0.02181   0.01229  -0.0899   0.4441   0.3517
   2.750   0.6630   0.02194   0.01243  -0.0885   0.4375   0.3613
   3.000   0.6829   0.02211   0.01256  -0.0869   0.4306   0.3723
   3.250   0.6965   0.02232   0.01281  -0.0842   0.4235   0.3829
   3.500   0.7129   0.02250   0.01300  -0.0821   0.4167   0.3947
   3.750   0.7311   0.02267   0.01316  -0.0803   0.4103   0.4081
   4.000   0.7447   0.02289   0.01342  -0.0777   0.4038   0.4211
   4.250   0.7652   0.02307   0.01359  -0.0763   0.3981   0.4352
   4.500   0.7809   0.02333   0.01386  -0.0741   0.3918   0.4501
   4.750   0.7963   0.02359   0.01417  -0.0719   0.3861   0.4653
   5.000   0.8164   0.02379   0.01438  -0.0705   0.3806   0.4827
   5.250   0.8268   0.02411   0.01481  -0.0676   0.3749   0.4986
   5.500   0.8491   0.02431   0.01496  -0.0666   0.3699   0.5214
   5.750   0.8538   0.02465   0.01550  -0.0628   0.3643   0.5383
   6.000   0.8729   0.02484   0.01572  -0.0613   0.3596   0.5622
   6.250   0.8856   0.02515   0.01613  -0.0589   0.3547   0.5882
   6.500   0.9131   0.02527   0.01625  -0.0587   0.3503   0.6221
   6.750   0.9250   0.02571   0.01690  -0.0564   0.3450   0.6552
   7.000   0.9565   0.02594   0.01720  -0.0571   0.3402   0.7092
   7.250   0.9739   0.02638   0.01799  -0.0561   0.3346   0.7880
   7.500   1.0453   0.02689   0.01863  -0.0653   0.3278   1.0000
   7.750   1.0549   0.02753   0.01925  -0.0631   0.3229   1.0000
   8.000   1.0755   0.02801   0.01959  -0.0623   0.3189   1.0000
   8.250   1.0831   0.02875   0.02036  -0.0598   0.3145   1.0000
   8.500   1.1035   0.02921   0.02069  -0.0590   0.3108   1.0000
   8.750   1.1161   0.02992   0.02137  -0.0573   0.3069   1.0000
   9.000   1.1328   0.03054   0.02193  -0.0561   0.3031   1.0000
   9.500   1.1650   0.03199   0.02333  -0.0538   0.2956   1.0000
   9.750   1.1835   0.03264   0.02390  -0.0529   0.2918   1.0000
  10.000   1.2004   0.03339   0.02459  -0.0519   0.2881   1.0000
  10.250   1.2028   0.03457   0.02586  -0.0495   0.2843   1.0000
  10.500   1.2238   0.03516   0.02634  -0.0490   0.2809   1.0000
  10.750   1.2276   0.03638   0.02763  -0.0468   0.2775   1.0000
  11.000   1.2284   0.03777   0.02912  -0.0446   0.2739   1.0000
  11.250   1.2440   0.03853   0.02982  -0.0437   0.2709   1.0000
  11.500   1.2519   0.03969   0.03099  -0.0422   0.2678   1.0000
  11.750   1.2576   0.04099   0.03233  -0.0407   0.2646   1.0000
  12.000   1.2773   0.04161   0.03286  -0.0402   0.2619   1.0000
  12.250   1.3051   0.04191   0.03299  -0.0404   0.2593   1.0000
  12.500   1.2960   0.04416   0.03543  -0.0380   0.2563   1.0000
  12.750   1.3054   0.04547   0.03674  -0.0370   0.2534   1.0000
  13.000   1.3344   0.04573   0.03686  -0.0372   0.2509   1.0000
  13.250   1.3411   0.04728   0.03844  -0.0362   0.2482   1.0000
  13.500   1.3269   0.05010   0.04145  -0.0341   0.2453   1.0000
  13.750   1.3342   0.05167   0.04304  -0.0333   0.2428   1.0000
  14.000   1.3677   0.05161   0.04288  -0.0336   0.2406   1.0000
  14.250   1.3548   0.05458   0.04601  -0.0320   0.2382   1.0000
  14.500   1.3151   0.05978   0.05154  -0.0300   0.2354   1.0000
  14.750   1.3043   0.06305   0.05493  -0.0293   0.2329   1.0000
  15.000   1.3206   0.06405   0.05588  -0.0290   0.2311   1.0000
  15.250   1.3408   0.06474   0.05651  -0.0289   0.2294   1.0000
  15.750   1.0799   0.09964   0.09255  -0.0331   0.2197   1.0000
  16.000   1.1671   0.09140   0.08410  -0.0306   0.2204   1.0000
  16.250   1.2550   0.08390   0.07628  -0.0288   0.2202   1.0000
  16.750   0.6284   0.19195   0.18612  -0.0745   0.2134   1.0000
  17.250   0.6631   0.19545   0.18956  -0.0751   0.2106   1.0000
  17.500   0.6566   0.19860   0.19272  -0.0778   0.2072   1.0000
  18.000   0.6804   0.20217   0.19626  -0.0795   0.2017   1.0000
  18.250   0.5099   0.19412   0.18923  -0.0656   0.1901   1.0000
  18.750   0.7002   0.20920   0.20326  -0.0839   0.1946   1.0000
  19.250   0.7297   0.21248   0.20651  -0.0850   0.1910   1.0000
  19.750   0.7369   0.21728   0.21131  -0.0888   0.1842   1.0000
