  
       XFOIL         Version 6.99
  
 Calculated polar for: Airfoil_rR0.256067.txt                          
  
 1 1 Reynolds number fixed          Mach number fixed         
  
 xtrf =   1.000 (top)        1.000 (bottom)  
 Mach =   0.000     Re =     0.150 e 6     Ncrit =   9.000
  
   alpha    CL        CD       CDp       CM     Top_Xtr  Bot_Xtr
  ------ -------- --------- --------- -------- -------- --------
 -19.750  -0.2816   0.21322   0.20850  -0.0281   1.0000   0.0597
 -18.500  -0.2603   0.20487   0.20024  -0.0287   1.0000   0.0633
 -18.250  -0.2570   0.20359   0.19898  -0.0288   1.0000   0.0640
 -18.000  -0.2541   0.20234   0.19775  -0.0290   1.0000   0.0648
 -17.750  -0.3729   0.20429   0.19898  -0.0249   1.0000   0.0644
 -17.500  -0.2494   0.19989   0.19529  -0.0294   1.0000   0.0667
 -17.250  -0.2481   0.19878   0.19419  -0.0297   1.0000   0.0678
 -17.000  -0.2491   0.19801   0.19342  -0.0303   1.0000   0.0690
 -16.750  -0.2588   0.19846   0.19386  -0.0318   1.0000   0.0698
 -16.250  -0.3688   0.19419   0.18908  -0.0336   1.0000   0.0702
 -16.000  -0.2607   0.19272   0.18816  -0.0326   1.0000   0.0707
 -15.250  -0.3203   0.18035   0.17532  -0.0316   1.0000   0.0719
 -15.000  -0.2406   0.18462   0.18015  -0.0304   1.0000   0.0733
 -14.750  -0.3067   0.17600   0.17103  -0.0314   1.0000   0.0736
 -14.500  -0.2382   0.18089   0.17645  -0.0300   1.0000   0.0756
 -14.250  -0.2972   0.17154   0.16664  -0.0316   1.0000   0.0761
 -13.500  -0.2734   0.17162   0.16723  -0.0333   1.0000   0.0805
 -13.250  -0.3068   0.16102   0.15629  -0.0345   1.0000   0.0808
 -13.000  -0.2953   0.15842   0.15372  -0.0332   1.0000   0.0814
 -12.500  -0.2828   0.15424   0.14962  -0.0314   1.0000   0.0836
 -11.250  -0.2848   0.14228   0.13787  -0.0288   1.0000   0.0954
 -11.000  -0.2871   0.14572   0.14163  -0.0275   1.0000   0.1009
 -10.750  -0.2742   0.14423   0.14017  -0.0250   1.0000   0.1022
 -10.500  -0.2713   0.14278   0.13874  -0.0234   1.0000   0.1040
 -10.250  -0.2968   0.13383   0.12959  -0.0255   1.0000   0.1075
  -9.500  -0.2572   0.12950   0.12535  -0.0309   0.9932   0.1123
  -9.250  -0.2343   0.12647   0.12231  -0.0340   0.9906   0.1152
  -8.500  -0.4590   0.07607   0.07186  -0.0624   0.9761   0.0902
  -8.250  -0.2420   0.11065   0.10641  -0.0403   0.9826   0.1258
  -8.000  -0.5034   0.04007   0.03380  -0.1012   0.9539   0.0913
  -7.750  -0.2976   0.09031   0.08601  -0.0588   0.9649   0.1098
  -7.500  -0.4358   0.03757   0.03119  -0.1059   0.9432   0.0950
  -7.250  -0.3938   0.03526   0.02847  -0.1106   0.9400   0.0979
  -7.000  -0.3618   0.03319   0.02587  -0.1131   0.9328   0.1004
  -6.500  -0.2884   0.03125   0.02393  -0.1174   0.9222   0.1059
  -6.250  -0.2507   0.02973   0.02181  -0.1200   0.9171   0.1111
  -6.000  -0.2132   0.02917   0.02138  -0.1220   0.9118   0.1163
  -5.750  -0.1790   0.02842   0.02054  -0.1235   0.9052   0.1226
  -5.500  -0.1362   0.02761   0.01950  -0.1265   0.9011   0.1302
  -5.250  -0.1048   0.02694   0.01900  -0.1272   0.8940   0.1349
  -5.000  -0.0620   0.02600   0.01793  -0.1301   0.8908   0.1416
  -4.750  -0.0297   0.02548   0.01747  -0.1309   0.8835   0.1471
  -4.500   0.0148   0.02461   0.01660  -0.1337   0.8807   0.1541
  -4.250   0.0474   0.02401   0.01591  -0.1345   0.8730   0.1612
  -4.000   0.0920   0.02315   0.01502  -0.1373   0.8705   0.1698
  -3.750   0.1227   0.02261   0.01459  -0.1377   0.8627   0.1767
  -3.500   0.1673   0.02177   0.01379  -0.1405   0.8604   0.1869
  -3.250   0.1994   0.02133   0.01338  -0.1410   0.8529   0.1969
  -3.000   0.2468   0.02053   0.01256  -0.1443   0.8505   0.2105
  -2.750   0.2828   0.01996   0.01207  -0.1455   0.8430   0.2217
  -2.500   0.3349   0.01911   0.01129  -0.1497   0.8402   0.2358
  -2.250   0.3702   0.01864   0.01081  -0.1508   0.8312   0.2501
  -2.000   0.4050   0.01819   0.01049  -0.1519   0.8219   0.2645
  -1.750   0.4437   0.01771   0.01005  -0.1536   0.8130   0.2825
  -1.500   0.4828   0.01723   0.00962  -0.1554   0.8034   0.3018
  -1.250   0.5212   0.01683   0.00928  -0.1571   0.7927   0.3225
  -1.000   0.5570   0.01651   0.00898  -0.1583   0.7806   0.3444
  -0.750   0.5921   0.01622   0.00887  -0.1593   0.7684   0.3663
  -0.500   0.6227   0.01607   0.00872  -0.1596   0.7546   0.3895
  -0.250   0.6541   0.01592   0.00859  -0.1600   0.7409   0.4125
   0.000   0.6827   0.01582   0.00849  -0.1598   0.7263   0.4363
   0.250   0.7117   0.01573   0.00840  -0.1597   0.7114   0.4626
   0.500   0.7376   0.01569   0.00838  -0.1590   0.6960   0.4902
   0.750   0.7662   0.01567   0.00836  -0.1589   0.6818   0.5216
   1.000   0.7922   0.01568   0.00841  -0.1582   0.6671   0.5533
   1.250   0.8164   0.01571   0.00849  -0.1572   0.6519   0.5903
   1.500   0.8423   0.01575   0.00855  -0.1564   0.6384   0.6326
   1.750   0.8638   0.01582   0.00871  -0.1547   0.6234   0.6770
   2.000   0.8847   0.01587   0.00882  -0.1528   0.6091   0.7266
   2.250   0.9013   0.01588   0.00893  -0.1500   0.5945   0.7799
   2.500   0.9179   0.01589   0.00895  -0.1470   0.5819   0.8441
   2.750   0.9337   0.01576   0.00884  -0.1437   0.5689   0.9576
   3.000   0.9600   0.01599   0.00892  -0.1436   0.5535   1.0000
   3.250   0.9871   0.01628   0.00900  -0.1436   0.5406   1.0000
   3.500   1.0123   0.01661   0.00917  -0.1432   0.5278   1.0000
   3.750   1.0359   0.01693   0.00938  -0.1424   0.5152   1.0000
   4.000   1.0589   0.01724   0.00960  -0.1416   0.5033   1.0000
   4.250   1.0832   0.01755   0.00978  -0.1409   0.4928   1.0000
   4.500   1.1077   0.01791   0.01000  -0.1403   0.4826   1.0000
   4.750   1.1318   0.01829   0.01027  -0.1397   0.4723   1.0000
   5.000   1.1552   0.01868   0.01057  -0.1389   0.4622   1.0000
   5.250   1.1780   0.01907   0.01088  -0.1380   0.4524   1.0000
   5.500   1.2008   0.01947   0.01120  -0.1372   0.4430   1.0000
   5.750   1.2231   0.01988   0.01153  -0.1362   0.4337   1.0000
   6.000   1.2446   0.02029   0.01189  -0.1351   0.4246   1.0000
   6.250   1.2652   0.02070   0.01225  -0.1338   0.4156   1.0000
   6.500   1.2845   0.02109   0.01260  -0.1323   0.4069   1.0000
   6.750   1.3043   0.02149   0.01292  -0.1309   0.3986   1.0000
   7.000   1.3246   0.02192   0.01326  -0.1296   0.3902   1.0000
   7.250   1.3429   0.02237   0.01389  -0.1280   0.3819   1.0000
   7.500   1.3609   0.02287   0.01435  -0.1264   0.3733   1.0000
   7.750   1.3778   0.02339   0.01483  -0.1246   0.3647   1.0000
   8.000   1.3954   0.02390   0.01529  -0.1229   0.3565   1.0000
   8.250   1.4171   0.02443   0.01569  -0.1221   0.3491   1.0000
   8.500   1.4328   0.02502   0.01628  -0.1202   0.3411   1.0000
   8.750   1.4478   0.02564   0.01693  -0.1182   0.3336   1.0000
   9.000   1.4638   0.02625   0.01752  -0.1164   0.3265   1.0000
   9.250   1.4809   0.02682   0.01804  -0.1148   0.3197   1.0000
   9.500   1.4905   0.02747   0.01877  -0.1121   0.3123   1.0000
   9.750   1.5030   0.02813   0.01944  -0.1099   0.3056   1.0000
  10.000   1.5161   0.02875   0.01999  -0.1078   0.2988   1.0000
  10.250   1.5243   0.02949   0.02073  -0.1051   0.2912   1.0000
  10.500   1.5306   0.03035   0.02162  -0.1023   0.2831   1.0000
  10.750   1.5455   0.03122   0.02257  -0.1007   0.2773   1.0000
  11.000   1.5548   0.03212   0.02349  -0.0984   0.2706   1.0000
  11.250   1.5600   0.03313   0.02454  -0.0958   0.2634   1.0000
  11.500   1.5657   0.03420   0.02558  -0.0934   0.2562   1.0000
  11.750   1.5708   0.03534   0.02668  -0.0910   0.2489   1.0000
  12.000   1.5725   0.03671   0.02810  -0.0884   0.2413   1.0000
  12.250   1.5738   0.03823   0.02969  -0.0861   0.2337   1.0000
  12.500   1.5759   0.03978   0.03126  -0.0840   0.2267   1.0000
  12.750   1.5785   0.04136   0.03282  -0.0821   0.2203   1.0000
  13.000   1.5805   0.04317   0.03470  -0.0803   0.2137   1.0000
  13.250   1.5843   0.04491   0.03643  -0.0788   0.2082   1.0000
  13.500   1.5878   0.04679   0.03841  -0.0775   0.2027   1.0000
  13.750   1.5921   0.04865   0.04030  -0.0762   0.1982   1.0000
  14.000   1.5955   0.05069   0.04245  -0.0751   0.1932   1.0000
  14.250   1.5990   0.05271   0.04446  -0.0741   0.1894   1.0000
  14.500   1.5977   0.05532   0.04717  -0.0733   0.1835   1.0000
  14.750   1.5985   0.05771   0.04949  -0.0725   0.1793   1.0000
  15.000   1.5995   0.06028   0.05218  -0.0718   0.1749   1.0000
  15.250   1.6006   0.06281   0.05473  -0.0712   0.1711   1.0000
  15.500   1.6018   0.06542   0.05740  -0.0708   0.1675   1.0000
  15.750   1.6016   0.06828   0.06038  -0.0705   0.1636   1.0000
  16.000   1.6016   0.07109   0.06321  -0.0702   0.1604   1.0000
  16.250   1.6008   0.07417   0.06644  -0.0702   0.1567   1.0000
  16.500   1.5988   0.07746   0.06985  -0.0704   0.1529   1.0000
  16.750   1.5963   0.08078   0.07321  -0.0706   0.1497   1.0000
  17.000   1.5942   0.08415   0.07668  -0.0709   0.1467   1.0000
  17.250   1.5912   0.08764   0.08022  -0.0714   0.1439   1.0000
  18.000   1.5857   0.09767   0.09044  -0.0730   0.1365   1.0000
  18.250   1.5825   0.10132   0.09419  -0.0739   0.1338   1.0000
  18.500   1.5807   0.10471   0.09760  -0.0748   0.1312   1.0000
  18.750   1.5783   0.10824   0.10119  -0.0759   0.1286   1.0000
  19.000   1.5701   0.11287   0.10601  -0.0776   0.1255   1.0000
  19.250   1.5636   0.11723   0.11050  -0.0794   0.1225   1.0000
  19.500   1.5602   0.12104   0.11433  -0.0810   0.1197   1.0000
  19.750   1.5533   0.12557   0.11899  -0.0831   0.1171   1.0000
  20.000   1.5475   0.12986   0.12338  -0.0853   0.1145   1.0000
