  
       XFOIL         Version 6.99
  
 Calculated polar for: Airfoil_rR1.000000.txt                          
  
 1 1 Reynolds number fixed          Mach number fixed         
  
 xtrf =   1.000 (top)        1.000 (bottom)  
 Mach =   0.000     Re =     0.150 e 6     Ncrit =   9.000
  
   alpha    CL        CD       CDp       CM     Top_Xtr  Bot_Xtr
  ------ -------- --------- --------- -------- -------- --------
 -11.750  -0.3327   0.14575   0.14100  -0.0326   1.0000   0.0501
 -10.500  -0.3385   0.12364   0.11886  -0.0296   1.0000   0.0533
  -8.000  -0.3183   0.09476   0.09067  -0.0308   1.0000   0.0638
  -7.750  -0.3278   0.09268   0.08866  -0.0287   1.0000   0.0646
  -5.500  -0.3116   0.02806   0.02100  -0.0666   0.9873   0.0296
  -5.000  -0.2313   0.02039   0.01218  -0.0717   0.9826   0.0340
  -4.750  -0.1885   0.01960   0.01115  -0.0745   0.9778   0.0597
  -4.250  -0.1114   0.01945   0.01096  -0.0803   0.9648   0.0776
  -4.000  -0.0721   0.02002   0.01161  -0.0838   0.9585   0.0950
  -3.750  -0.0347   0.01945   0.01099  -0.0862   0.9522   0.1022
  -3.500   0.0023   0.01882   0.01032  -0.0883   0.9461   0.1087
  -3.250   0.0425   0.01809   0.00965  -0.0912   0.9415   0.1183
  -3.000   0.0777   0.01743   0.00908  -0.0930   0.9349   0.1316
  -2.750   0.1193   0.01677   0.00857  -0.0962   0.9309   0.1519
  -2.500   0.1538   0.01628   0.00822  -0.0980   0.9236   0.1794
  -2.250   0.1957   0.01568   0.00787  -0.1012   0.9200   0.2238
  -2.000   0.2268   0.01525   0.00766  -0.1022   0.9118   0.2731
  -1.750   0.2579   0.01474   0.00743  -0.1032   0.9039   0.3336
  -1.500   0.2903   0.01407   0.00717  -0.1043   0.8971   0.4286
  -1.250   0.3171   0.01291   0.00703  -0.1037   0.8909   0.6980
  -1.000   0.3577   0.01223   0.00679  -0.1053   0.8837   1.0000
  -0.750   0.3884   0.01211   0.00653  -0.1059   0.8750   1.0000
  -0.500   0.4184   0.01200   0.00630  -0.1062   0.8655   1.0000
  -0.250   0.4474   0.01191   0.00610  -0.1064   0.8553   1.0000
   0.000   0.4755   0.01184   0.00594  -0.1064   0.8445   1.0000
   0.250   0.5031   0.01180   0.00581  -0.1063   0.8334   1.0000
   0.500   0.5305   0.01177   0.00569  -0.1061   0.8221   1.0000
   0.750   0.5579   0.01175   0.00559  -0.1060   0.8106   1.0000
   1.000   0.5837   0.01177   0.00558  -0.1056   0.7974   1.0000
   1.250   0.6110   0.01176   0.00547  -0.1054   0.7854   1.0000
   1.500   0.6382   0.01179   0.00539  -0.1052   0.7726   1.0000
   1.750   0.6656   0.01185   0.00532  -0.1050   0.7600   1.0000
   2.000   0.6910   0.01199   0.00539  -0.1046   0.7450   1.0000
   2.250   0.7175   0.01210   0.00538  -0.1043   0.7308   1.0000
   2.500   0.7423   0.01221   0.00541  -0.1036   0.7134   1.0000
   2.750   0.7670   0.01225   0.00534  -0.1029   0.6941   1.0000
   3.000   0.7918   0.01232   0.00524  -0.1021   0.6737   1.0000
   3.250   0.8161   0.01246   0.00522  -0.1012   0.6519   1.0000
   3.500   0.8402   0.01262   0.00525  -0.1004   0.6307   1.0000
   3.750   0.8639   0.01278   0.00532  -0.0996   0.6092   1.0000
   4.000   0.8879   0.01294   0.00536  -0.0989   0.5891   1.0000
   4.250   0.9120   0.01318   0.00547  -0.0982   0.5709   1.0000
   4.500   0.9361   0.01344   0.00565  -0.0976   0.5532   1.0000
   4.750   0.9603   0.01371   0.00585  -0.0971   0.5366   1.0000
   5.000   0.9844   0.01397   0.00606  -0.0965   0.5205   1.0000
   5.250   1.0083   0.01419   0.00629  -0.0959   0.5033   1.0000
   5.500   1.0318   0.01445   0.00646  -0.0952   0.4870   1.0000
   5.750   1.0549   0.01477   0.00668  -0.0944   0.4700   1.0000
   6.000   1.0774   0.01511   0.00696  -0.0936   0.4507   1.0000
   6.250   1.0961   0.01543   0.00718  -0.0921   0.4028   1.0000
   6.500   1.1078   0.01630   0.00747  -0.0895   0.3429   1.0000
   6.750   1.1221   0.01717   0.00792  -0.0876   0.2661   1.0000
   7.000   1.1335   0.01843   0.00865  -0.0854   0.1913   1.0000
   7.250   1.1454   0.01973   0.00952  -0.0833   0.1358   1.0000
   7.500   1.1610   0.02069   0.01026  -0.0817   0.1054   1.0000
   7.750   1.1761   0.02164   0.01094  -0.0801   0.0795   1.0000
   8.000   1.1913   0.02253   0.01159  -0.0785   0.0641   1.0000
   8.250   1.2080   0.02327   0.01219  -0.0770   0.0487   1.0000
  19.750   1.0989   0.26079   0.25566  -0.1428   0.0440   1.0000
