  
       XFOIL         Version 6.99
  
 Calculated polar for: Airfoil_rR0.980307.txt                          
  
 1 1 Reynolds number fixed          Mach number fixed         
  
 xtrf =   1.000 (top)        1.000 (bottom)  
 Mach =   0.000     Re =     0.150 e 6     Ncrit =   9.000
  
   alpha    CL        CD       CDp       CM     Top_Xtr  Bot_Xtr
  ------ -------- --------- --------- -------- -------- --------
 -12.500  -0.3182   0.15204   0.14725  -0.0265   1.0000   0.0460
 -12.000  -0.3203   0.14677   0.14201  -0.0294   1.0000   0.0496
  -9.000  -0.3206   0.10708   0.10276  -0.0377   1.0000   0.0606
  -8.250  -0.3116   0.09723   0.09306  -0.0325   1.0000   0.0629
  -7.750  -0.3269   0.09276   0.08874  -0.0288   1.0000   0.0646
  -7.500  -0.3399   0.09095   0.08700  -0.0263   1.0000   0.0654
  -7.250  -0.3834   0.08872   0.08471  -0.0239   1.0000   0.0648
  -7.000  -0.3955   0.08667   0.08273  -0.0224   1.0000   0.0657
  -5.750  -0.3463   0.04499   0.03994  -0.0593   0.9895   0.0400
  -5.500  -0.3124   0.02921   0.02230  -0.0662   0.9873   0.0299
  -5.250  -0.2736   0.02374   0.01592  -0.0689   0.9853   0.0294
  -5.000  -0.2327   0.02058   0.01237  -0.0715   0.9829   0.0325
  -4.750  -0.1886   0.01937   0.01103  -0.0745   0.9792   0.0566
  -4.500  -0.1497   0.01957   0.01107  -0.0773   0.9722   0.0694
  -4.250  -0.1121   0.01937   0.01091  -0.0801   0.9657   0.0767
  -4.000  -0.0706   0.01986   0.01143  -0.0840   0.9602   0.0938
  -3.750  -0.0358   0.01946   0.01099  -0.0859   0.9527   0.1020
  -3.500   0.0022   0.01881   0.01032  -0.0883   0.9471   0.1085
  -3.250   0.0412   0.01810   0.00966  -0.0909   0.9419   0.1177
  -3.000   0.0771   0.01744   0.00907  -0.0929   0.9356   0.1311
  -2.750   0.1180   0.01679   0.00857  -0.0959   0.9312   0.1510
  -2.500   0.1528   0.01628   0.00823  -0.0977   0.9241   0.1778
  -2.250   0.1945   0.01570   0.00788  -0.1009   0.9203   0.2222
  -2.000   0.2259   0.01526   0.00766  -0.1020   0.9122   0.2717
  -1.750   0.2575   0.01474   0.00743  -0.1031   0.9047   0.3326
  -1.250   0.3165   0.01292   0.00704  -0.1036   0.8913   0.6984
  -1.000   0.3572   0.01223   0.00679  -0.1052   0.8844   1.0000
  -0.750   0.3883   0.01211   0.00653  -0.1059   0.8759   1.0000
  -0.500   0.4185   0.01199   0.00629  -0.1063   0.8666   1.0000
  -0.250   0.4474   0.01190   0.00609  -0.1064   0.8563   1.0000
   0.000   0.4754   0.01184   0.00593  -0.1064   0.8455   1.0000
   0.250   0.5030   0.01180   0.00580  -0.1063   0.8343   1.0000
   0.500   0.5303   0.01177   0.00570  -0.1061   0.8229   1.0000
   0.750   0.5575   0.01175   0.00560  -0.1059   0.8113   1.0000
   1.000   0.5838   0.01176   0.00557  -0.1056   0.7986   1.0000
   1.250   0.6110   0.01175   0.00546  -0.1054   0.7863   1.0000
   1.500   0.6380   0.01179   0.00539  -0.1052   0.7734   1.0000
   1.750   0.6653   0.01184   0.00533  -0.1050   0.7606   1.0000
   2.000   0.6910   0.01198   0.00538  -0.1046   0.7459   1.0000
   2.250   0.7173   0.01209   0.00538  -0.1043   0.7314   1.0000
   2.500   0.7422   0.01219   0.00540  -0.1037   0.7142   1.0000
   2.750   0.7669   0.01224   0.00534  -0.1029   0.6948   1.0000
   3.000   0.7918   0.01230   0.00523  -0.1021   0.6743   1.0000
   3.250   0.8160   0.01244   0.00521  -0.1012   0.6523   1.0000
   3.500   0.8401   0.01261   0.00525  -0.1004   0.6311   1.0000
   3.750   0.8639   0.01277   0.00530  -0.0997   0.6098   1.0000
   4.000   0.8878   0.01293   0.00535  -0.0989   0.5896   1.0000
   4.250   0.9119   0.01316   0.00546  -0.0983   0.5712   1.0000
   4.500   0.9361   0.01342   0.00564  -0.0977   0.5536   1.0000
   4.750   0.9602   0.01369   0.00584  -0.0971   0.5369   1.0000
   5.000   0.9844   0.01395   0.00605  -0.0965   0.5207   1.0000
   5.250   1.0083   0.01418   0.00628  -0.0960   0.5035   1.0000
   5.500   1.0318   0.01444   0.00645  -0.0952   0.4870   1.0000
   5.750   1.0548   0.01476   0.00667  -0.0945   0.4699   1.0000
   6.000   1.0772   0.01511   0.00695  -0.0936   0.4499   1.0000
   6.250   1.0955   0.01543   0.00716  -0.0920   0.3984   1.0000
   6.500   1.1071   0.01633   0.00747  -0.0894   0.3388   1.0000
   7.000   1.1327   0.01851   0.00869  -0.0853   0.1868   1.0000
   7.250   1.1448   0.01980   0.00955  -0.0833   0.1327   1.0000
   7.500   1.1612   0.02069   0.01026  -0.0818   0.0998   1.0000
   7.750   1.1759   0.02167   0.01095  -0.0801   0.0775   1.0000
   8.000   1.1911   0.02257   0.01160  -0.0785   0.0627   1.0000
   8.250   1.2076   0.02332   0.01222  -0.0770   0.0475   1.0000
   8.500   1.2198   0.02440   0.01325  -0.0746   0.0395   1.0000
