  
       XFOIL         Version 6.99
  
 Calculated polar for: Airfoil_rR0.869933.txt                          
  
 1 1 Reynolds number fixed          Mach number fixed         
  
 xtrf =   1.000 (top)        1.000 (bottom)  
 Mach =   0.000     Re =     0.200 e 6     Ncrit =   9.000
  
   alpha    CL        CD       CDp       CM     Top_Xtr  Bot_Xtr
  ------ -------- --------- --------- -------- -------- --------
  -9.500  -0.3099   0.11198   0.10811  -0.0370   1.0000   0.0499
  -8.000  -0.3260   0.09342   0.08987  -0.0303   1.0000   0.0525
  -7.750  -0.3639   0.09052   0.08690  -0.0290   1.0000   0.0524
  -7.500  -0.3787   0.08913   0.08559  -0.0256   1.0000   0.0528
  -5.750  -0.2745   0.02637   0.02016  -0.0782   0.9739   0.0270
  -5.500  -0.2364   0.02027   0.01295  -0.0802   0.9723   0.0243
  -5.250  -0.1954   0.01790   0.01024  -0.0826   0.9703   0.0255
  -5.000  -0.1598   0.01650   0.00866  -0.0840   0.9648   0.0357
  -4.750  -0.1188   0.01630   0.00846  -0.0868   0.9610   0.0553
  -4.500  -0.0850   0.01625   0.00837  -0.0885   0.9547   0.0629
  -4.250  -0.0451   0.01605   0.00813  -0.0914   0.9511   0.0696
  -4.000  -0.0112   0.01609   0.00822  -0.0934   0.9446   0.0824
  -3.750   0.0291   0.01570   0.00785  -0.0964   0.9414   0.0919
  -3.500   0.0631   0.01518   0.00738  -0.0980   0.9358   0.0990
  -3.250   0.1000   0.01464   0.00686  -0.1001   0.9318   0.1101
  -3.000   0.1320   0.01409   0.00644  -0.1013   0.9255   0.1241
  -2.750   0.1671   0.01352   0.00599  -0.1031   0.9210   0.1442
  -2.500   0.1966   0.01312   0.00571  -0.1037   0.9135   0.1718
  -2.250   0.2273   0.01271   0.00547  -0.1045   0.9068   0.2086
  -2.000   0.2586   0.01230   0.00524  -0.1054   0.9004   0.2551
  -1.750   0.2869   0.01190   0.00504  -0.1057   0.8920   0.3079
  -1.250   0.3405   0.01080   0.00474  -0.1057   0.8743   0.5168
  -1.000   0.3593   0.00995   0.00474  -0.1033   0.8649   0.7700
  -0.500   0.4290   0.00949   0.00439  -0.1057   0.8456   1.0000
  -0.250   0.4554   0.00949   0.00427  -0.1055   0.8339   1.0000
   0.000   0.4819   0.00950   0.00418  -0.1052   0.8222   1.0000
   0.250   0.5085   0.00951   0.00409  -0.1050   0.8104   1.0000
   0.500   0.5341   0.00954   0.00405  -0.1047   0.7967   1.0000
   0.750   0.5610   0.00956   0.00397  -0.1045   0.7844   1.0000
   1.000   0.5877   0.00962   0.00394  -0.1043   0.7715   1.0000
   1.250   0.6139   0.00972   0.00393  -0.1041   0.7573   1.0000
   1.500   0.6399   0.00983   0.00393  -0.1038   0.7421   1.0000
   1.750   0.6653   0.00994   0.00394  -0.1034   0.7256   1.0000
   2.000   0.6903   0.01004   0.00392  -0.1028   0.7060   1.0000
   2.250   0.7150   0.01012   0.00385  -0.1021   0.6847   1.0000
   2.750   0.7634   0.01047   0.00385  -0.1007   0.6371   1.0000
   3.000   0.7875   0.01064   0.00390  -0.1001   0.6136   1.0000
   3.250   0.8118   0.01081   0.00395  -0.0995   0.5917   1.0000
   3.500   0.8364   0.01104   0.00404  -0.0990   0.5742   1.0000
   3.750   0.8610   0.01129   0.00417  -0.0985   0.5570   1.0000
   4.000   0.8855   0.01155   0.00433  -0.0981   0.5399   1.0000
   4.250   0.9102   0.01177   0.00450  -0.0977   0.5225   1.0000
   4.500   0.9349   0.01197   0.00466  -0.0972   0.5039   1.0000
   4.750   0.9588   0.01223   0.00481  -0.0967   0.4873   1.0000
   5.000   0.9827   0.01252   0.00500  -0.0961   0.4715   1.0000
   5.250   1.0064   0.01282   0.00524  -0.0955   0.4541   1.0000
   5.500   1.0301   0.01312   0.00548  -0.0950   0.4359   1.0000
   5.750   1.0523   0.01342   0.00568  -0.0941   0.3968   1.0000
   6.000   1.0666   0.01428   0.00603  -0.0920   0.3416   1.0000
   6.250   1.0779   0.01550   0.00657  -0.0898   0.2312   1.0000
   6.500   1.0917   0.01671   0.00732  -0.0880   0.1558   1.0000
   6.750   1.1066   0.01783   0.00808  -0.0863   0.1132   1.0000
   7.000   1.1237   0.01870   0.00871  -0.0849   0.0792   1.0000
   7.250   1.1414   0.01948   0.00931  -0.0836   0.0645   1.0000
   7.500   1.1615   0.02002   0.00976  -0.0826   0.0543   1.0000
   7.750   1.1792   0.02073   0.01022  -0.0813   0.0441   1.0000
   8.000   1.1991   0.02125   0.01068  -0.0802   0.0357   1.0000
   8.250   1.2163   0.02202   0.01150  -0.0785   0.0288   1.0000
