  
       XFOIL         Version 6.99
  
 Calculated polar for: Airfoil_rR0.496280.txt                          
  
 1 1 Reynolds number fixed          Mach number fixed         
  
 xtrf =   1.000 (top)        1.000 (bottom)  
 Mach =   0.000     Re =     0.100 e 6     Ncrit =   9.000
  
   alpha    CL        CD       CDp       CM     Top_Xtr  Bot_Xtr
  ------ -------- --------- --------- -------- -------- --------
 -13.500  -0.3035   0.16504   0.15934  -0.0351   1.0000   0.0596
 -11.500  -0.2951   0.13773   0.13210  -0.0351   1.0000   0.0756
 -11.250  -0.3284   0.13137   0.12555  -0.0348   1.0000   0.0756
 -10.500  -0.3431   0.12311   0.11746  -0.0366   1.0000   0.0896
  -8.250  -0.3633   0.10264   0.09756  -0.0272   1.0000   0.1288
  -7.250  -0.4015   0.09516   0.09038  -0.0180   1.0000   0.1349
  -6.250  -0.4345   0.08567   0.08114  -0.0163   1.0000   0.1447
  -6.000  -0.4414   0.08098   0.07644  -0.0240   1.0000   0.1508
  -5.750  -0.4365   0.07898   0.07450  -0.0208   1.0000   0.1525
  -5.500  -0.4299   0.07422   0.06966  -0.0284   1.0000   0.1608
  -5.250  -0.3766   0.04894   0.04295  -0.0575   1.0000   0.1102
  -5.000  -0.3714   0.06667   0.06203  -0.0369   0.9907   0.1738
  -4.750  -0.2820   0.03852   0.03162  -0.0714   0.9909   0.1072
  -4.500  -0.2377   0.03636   0.02911  -0.0766   0.9845   0.1134
  -4.250  -0.1853   0.03251   0.02424  -0.0829   0.9808   0.1109
  -4.000  -0.1434   0.03065   0.02195  -0.0864   0.9748   0.1109
  -3.750  -0.0988   0.02932   0.02043  -0.0904   0.9704   0.1125
  -3.500  -0.0609   0.02831   0.01928  -0.0929   0.9633   0.1155
  -3.250  -0.0181   0.02731   0.01800  -0.0961   0.9574   0.1210
  -3.000   0.0251   0.02648   0.01713  -0.0994   0.9512   0.1304
  -2.750   0.0637   0.02572   0.01654  -0.1020   0.9433   0.1437
  -2.500   0.1047   0.02510   0.01603  -0.1049   0.9359   0.1674
  -2.250   0.1510   0.02459   0.01573  -0.1089   0.9301   0.2051
  -2.000   0.1881   0.02413   0.01545  -0.1111   0.9212   0.2442
  -1.750   0.2250   0.02365   0.01517  -0.1132   0.9125   0.2890
  -1.500   0.2618   0.02315   0.01497  -0.1152   0.9039   0.3461
  -1.250   0.2997   0.02256   0.01479  -0.1174   0.8960   0.4290
  -1.000   0.3412   0.02163   0.01456  -0.1197   0.8905   0.5778
  -0.750   0.3602   0.02076   0.01449  -0.1164   0.8816   0.8047
  -0.500   0.3911   0.02028   0.01401  -0.1163   0.8719   1.0000
  -0.250   0.4278   0.02019   0.01372  -0.1180   0.8631   1.0000
   0.000   0.4651   0.02004   0.01342  -0.1198   0.8550   1.0000
   0.250   0.5113   0.01961   0.01285  -0.1230   0.8503   1.0000
   0.500   0.5460   0.01942   0.01257  -0.1241   0.8410   1.0000
   0.750   0.5807   0.01922   0.01240  -0.1251   0.8315   1.0000
   1.000   0.6146   0.01903   0.01211  -0.1260   0.8219   1.0000
   1.250   0.6489   0.01881   0.01179  -0.1269   0.8121   1.0000
   1.500   0.6829   0.01856   0.01145  -0.1277   0.8018   1.0000
   1.750   0.7181   0.01827   0.01106  -0.1286   0.7917   1.0000
   2.000   0.7529   0.01800   0.01070  -0.1295   0.7810   1.0000
   2.250   0.7875   0.01778   0.01038  -0.1303   0.7701   1.0000
   2.500   0.8150   0.01783   0.01036  -0.1300   0.7556   1.0000
   2.750   0.8462   0.01777   0.01020  -0.1302   0.7423   1.0000
   3.000   0.8774   0.01772   0.01005  -0.1305   0.7290   1.0000
   3.250   0.9036   0.01785   0.01010  -0.1299   0.7134   1.0000
   3.500   0.9328   0.01788   0.01004  -0.1298   0.6991   1.0000
   3.750   0.9597   0.01799   0.01006  -0.1294   0.6837   1.0000
   4.000   0.9890   0.01806   0.01001  -0.1293   0.6690   1.0000
   4.250   1.0140   0.01829   0.01017  -0.1286   0.6526   1.0000
   4.500   1.0400   0.01851   0.01030  -0.1280   0.6369   1.0000
   4.750   1.0658   0.01871   0.01042  -0.1274   0.6210   1.0000
   5.000   1.0884   0.01896   0.01063  -0.1263   0.6039   1.0000
   5.250   1.1144   0.01911   0.01065  -0.1256   0.5884   1.0000
   5.500   1.1384   0.01936   0.01082  -0.1247   0.5719   1.0000
   5.750   1.1613   0.01966   0.01105  -0.1237   0.5550   1.0000
   6.000   1.1849   0.01993   0.01124  -0.1227   0.5386   1.0000
   6.250   1.2062   0.02025   0.01152  -0.1214   0.5218   1.0000
   6.500   1.2268   0.02057   0.01185  -0.1201   0.5056   1.0000
   6.750   1.2494   0.02084   0.01205  -0.1190   0.4909   1.0000
   7.000   1.2705   0.02120   0.01239  -0.1178   0.4755   1.0000
   7.250   1.2866   0.02147   0.01255  -0.1155   0.4525   1.0000
   7.750   1.2732   0.02246   0.01308  -0.1028   0.3159   1.0000
   8.000   1.2798   0.02340   0.01375  -0.0994   0.2681   1.0000
   8.250   1.2856   0.02454   0.01466  -0.0960   0.2286   1.0000
   8.500   1.2922   0.02580   0.01575  -0.0929   0.1902   1.0000
   8.750   1.2982   0.02718   0.01698  -0.0899   0.1489   1.0000
   9.000   1.2964   0.02915   0.01859  -0.0862   0.1151   1.0000
   9.250   1.2971   0.03102   0.02023  -0.0830   0.0747   1.0000
   9.500   1.2989   0.03287   0.02197  -0.0800   0.0491   1.0000
   9.750   1.2966   0.03509   0.02402  -0.0768   0.0405   1.0000
  10.000   1.3006   0.03689   0.02594  -0.0743   0.0355   1.0000
  10.250   1.3026   0.03890   0.02806  -0.0719   0.0326   1.0000
  10.500   1.3017   0.04124   0.03051  -0.0696   0.0308   1.0000
  10.750   1.3003   0.04373   0.03310  -0.0674   0.0298   1.0000
  11.000   1.3007   0.04613   0.03566  -0.0657   0.0292   1.0000
  11.250   1.2995   0.04879   0.03848  -0.0641   0.0287   1.0000
  11.500   1.3010   0.05125   0.04117  -0.0629   0.0282   1.0000
  11.750   1.2977   0.05433   0.04440  -0.0617   0.0280   1.0000
  12.000   1.2940   0.05754   0.04776  -0.0606   0.0278   1.0000
  12.250   1.2902   0.06085   0.05121  -0.0597   0.0277   1.0000
  13.000   1.2038   0.07630   0.06740  -0.0519   0.0279   1.0000
