  
       XFOIL         Version 6.99
  
 Calculated polar for: Airfoil_rR0.389520.txt                          
  
 1 1 Reynolds number fixed          Mach number fixed         
  
 xtrf =   1.000 (top)        1.000 (bottom)  
 Mach =   0.000     Re =     0.050 e 6     Ncrit =   9.000
  
   alpha    CL        CD       CDp       CM     Top_Xtr  Bot_Xtr
  ------ -------- --------- --------- -------- -------- --------
 -19.500  -0.4984   0.23010   0.22053  -0.0105   1.0000   0.0694
 -17.250  -0.2949   0.20038   0.19222  -0.0303   1.0000   0.0871
 -17.000  -0.2962   0.20004   0.19188  -0.0311   1.0000   0.0891
 -16.750  -0.3022   0.20110   0.19295  -0.0321   1.0000   0.0899
 -16.500  -0.2946   0.19685   0.18874  -0.0319   1.0000   0.0914
 -15.750  -0.3905   0.18922   0.18029  -0.0267   1.0000   0.0926
 -15.500  -0.3829   0.18640   0.17751  -0.0272   1.0000   0.0959
 -15.000  -0.2875   0.18455   0.17653  -0.0332   1.0000   0.1083
 -14.750  -0.3660   0.17827   0.16956  -0.0294   1.0000   0.1043
 -14.500  -0.3630   0.17623   0.16758  -0.0303   1.0000   0.1085
 -14.250  -0.3696   0.17634   0.16777  -0.0322   1.0000   0.1101
 -14.000  -0.2874   0.17498   0.16708  -0.0339   1.0000   0.1218
 -13.750  -0.3543   0.16943   0.16097  -0.0324   1.0000   0.1197
 -13.500  -0.2960   0.17213   0.16429  -0.0347   1.0000   0.1300
 -13.250  -0.2801   0.16756   0.15981  -0.0331   1.0000   0.1454
 -13.000  -0.2921   0.16739   0.15968  -0.0340   1.0000   0.1499
 -12.750  -0.3334   0.15903   0.15089  -0.0324   1.0000   0.1492
 -12.500  -0.2819   0.16074   0.15314  -0.0331   1.0000   0.1616
 -12.250  -0.3234   0.15354   0.14555  -0.0322   1.0000   0.1620
 -11.750  -0.2769   0.15201   0.14418  -0.0322   1.0000   0.1731
 -11.500  -0.3114   0.14497   0.13679  -0.0317   1.0000   0.1745
 -11.250  -0.2860   0.14861   0.14087  -0.0322   1.0000   0.1798
 -11.000  -0.2764   0.14476   0.13707  -0.0314   1.0000   0.1822
 -10.750  -0.2724   0.14211   0.13445  -0.0307   1.0000   0.1863
 -10.500  -0.3066   0.13614   0.12821  -0.0309   1.0000   0.1886
 -10.250  -0.2748   0.13736   0.12982  -0.0298   1.0000   0.1926
 -10.000  -0.2734   0.13500   0.12752  -0.0290   1.0000   0.1972
  -9.750  -0.3110   0.12995   0.12224  -0.0295   1.0000   0.1996
  -9.500  -0.3026   0.12650   0.11884  -0.0284   1.0000   0.2026
  -9.250  -0.3032   0.12446   0.11687  -0.0274   1.0000   0.2079
  -8.750  -0.2829   0.12371   0.11658  -0.0242   1.0000   0.2178
  -8.250  -0.2885   0.11926   0.11228  -0.0214   1.0000   0.2271
  -8.000  -0.3342   0.11542   0.10828  -0.0212   1.0000   0.2300
  -7.750  -0.2982   0.11516   0.10835  -0.0183   1.0000   0.2371
  -7.500  -0.3106   0.11346   0.10675  -0.0166   1.0000   0.2416
  -7.250  -0.3335   0.10805   0.10114  -0.0156   1.0000   0.2467
  -7.000  -0.3557   0.10718   0.10041  -0.0131   1.0000   0.2510
  -6.750  -0.3573   0.10505   0.09835  -0.0107   1.0000   0.2583
  -6.500  -0.3641   0.10301   0.09640  -0.0082   1.0000   0.2635
  -6.250  -0.3751   0.10585   0.09964  -0.0046   1.0000   0.2701
  -6.000  -0.3872   0.09979   0.09338  -0.0032   1.0000   0.2775
  -5.750  -0.3930   0.09761   0.09129  -0.0013   1.0000   0.2847
  -5.250  -0.4093   0.09344   0.08728   0.0009   1.0000   0.3020
  -5.000  -0.3932   0.09460   0.08877   0.0054   1.0000   0.3161
  -4.750  -0.4004   0.09263   0.08688   0.0071   1.0000   0.3321
  -4.000  -0.4132   0.08314   0.07732   0.0107   1.0000   0.3849
  -3.750  -0.3230   0.06028   0.05331  -0.0444   1.0000   0.2064
  -3.500  -0.3405   0.06535   0.05889  -0.0308   1.0000   0.2631
  -3.250  -0.2197   0.04544   0.03682  -0.0676   1.0000   0.1759
  -3.000  -0.1835   0.04251   0.03332  -0.0719   1.0000   0.1781
  -2.750  -0.1539   0.04082   0.03131  -0.0741   1.0000   0.1830
  -2.500  -0.1258   0.03967   0.02989  -0.0759   1.0000   0.1920
  -2.250  -0.1036   0.03940   0.02962  -0.0765   1.0000   0.2065
  -2.000  -0.0785   0.03891   0.02903  -0.0776   1.0000   0.2226
  -1.750  -0.0514   0.03833   0.02823  -0.0789   1.0000   0.2402
  -1.500  -0.0276   0.03817   0.02807  -0.0796   1.0000   0.2604
  -1.250   0.0089   0.03853   0.02862  -0.0827   0.9948   0.2945
  -1.000   0.0758   0.03894   0.02906  -0.0906   0.9807   0.3501
  -0.750   0.1255   0.03909   0.02946  -0.0954   0.9655   0.4055
  -0.500   0.1738   0.03917   0.02980  -0.0996   0.9522   0.4755
  -0.250   0.2179   0.03917   0.03021  -0.1027   0.9404   0.5672
   0.000   0.2486   0.03890   0.03056  -0.1028   0.9285   0.6853
   0.500   0.3046   0.03869   0.03043  -0.1038   0.9011   1.0000
   0.750   0.3411   0.03954   0.03098  -0.1066   0.8873   1.0000
   1.000   0.3765   0.04038   0.03159  -0.1091   0.8735   1.0000
   1.250   0.4160   0.04116   0.03218  -0.1120   0.8609   1.0000
   1.500   0.4451   0.04200   0.03290  -0.1132   0.8465   1.0000
   1.750   0.4788   0.04274   0.03370  -0.1150   0.8327   1.0000
   2.000   0.5191   0.04327   0.03407  -0.1174   0.8200   1.0000
   2.250   0.5412   0.04418   0.03488  -0.1173   0.8044   1.0000
   2.500   0.5771   0.04472   0.03530  -0.1189   0.7915   1.0000
   2.750   0.6067   0.04545   0.03594  -0.1197   0.7780   1.0000
   3.000   0.6322   0.04630   0.03671  -0.1199   0.7637   1.0000
   3.250   0.6656   0.04684   0.03718  -0.1209   0.7515   1.0000
   3.500   0.6959   0.04745   0.03772  -0.1215   0.7388   1.0000
   3.750   0.7151   0.04854   0.03877  -0.1208   0.7240   1.0000
   4.000   0.7476   0.04891   0.03909  -0.1213   0.7117   1.0000
   4.250   0.7819   0.04911   0.03926  -0.1218   0.7002   1.0000
   4.500   0.7925   0.05087   0.04101  -0.1205   0.6860   1.0000
   4.750   0.8152   0.05190   0.04203  -0.1202   0.6738   1.0000
   5.000   0.8430   0.05252   0.04264  -0.1200   0.6622   1.0000
   5.250   0.8782   0.05235   0.04247  -0.1201   0.6507   1.0000
   5.500   0.8890   0.05401   0.04414  -0.1185   0.6356   1.0000
   5.750   0.9188   0.05407   0.04421  -0.1179   0.6230   1.0000
   6.000   0.9520   0.05380   0.04396  -0.1174   0.6116   1.0000
   6.250   0.9923   0.05271   0.04288  -0.1170   0.6007   1.0000
   6.500   1.0498   0.05004   0.04023  -0.1177   0.5902   1.0000
   6.750   1.0441   0.05290   0.04313  -0.1146   0.5735   1.0000
   7.000   1.1098   0.04948   0.03973  -0.1157   0.5621   1.0000
   7.250   1.1892   0.04565   0.03588  -0.1189   0.5501   1.0000
   7.500   1.1870   0.04784   0.03815  -0.1153   0.5340   1.0000
   7.750   1.2539   0.04521   0.03547  -0.1178   0.5203   1.0000
   8.000   1.2439   0.04798   0.03837  -0.1135   0.5052   1.0000
   8.250   1.3435   0.03836   0.02873  -0.1155   0.4672   1.0000
   8.500   1.3552   0.03689   0.02692  -0.1110   0.4362   1.0000
   8.750   1.3646   0.03710   0.02705  -0.1077   0.4169   1.0000
   9.000   1.3745   0.03765   0.02760  -0.1047   0.4012   1.0000
   9.250   1.3855   0.03807   0.02795  -0.1019   0.3860   1.0000
   9.500   1.3967   0.03849   0.02826  -0.0991   0.3708   1.0000
   9.750   1.4005   0.03942   0.02918  -0.0957   0.3559   1.0000
  10.000   1.4073   0.04022   0.02992  -0.0927   0.3411   1.0000
  10.250   1.4078   0.04146   0.03120  -0.0892   0.3268   1.0000
  10.500   1.4069   0.04286   0.03268  -0.0858   0.3130   1.0000
  10.750   1.4072   0.04423   0.03408  -0.0828   0.2998   1.0000
  11.000   1.4165   0.04541   0.03542  -0.0808   0.2898   1.0000
  11.250   1.4154   0.04718   0.03727  -0.0781   0.2776   1.0000
  11.750   1.4098   0.05128   0.04152  -0.0733   0.2532   1.0000
  12.250   1.4043   0.05579   0.04609  -0.0694   0.2299   1.0000
  13.250   1.3782   0.06855   0.05934  -0.0651   0.1871   1.0000
  13.500   1.2944   0.07744   0.06873  -0.0573   0.1875   1.0000
  13.750   1.3545   0.07714   0.06812  -0.0651   0.1632   1.0000
  14.250   1.3239   0.08771   0.07875  -0.0674   0.1356   1.0000
  14.750   1.2977   0.09856   0.08971  -0.0703   0.1108   1.0000
  15.000   1.2826   0.10478   0.09608  -0.0725   0.0953   1.0000
  15.250   1.2688   0.11070   0.10190  -0.0747   0.0836   1.0000
  15.500   1.2561   0.11654   0.10764  -0.0769   0.0737   1.0000
  15.750   1.2466   0.12187   0.11286  -0.0790   0.0666   1.0000
  16.000   1.2406   0.12661   0.11749  -0.0809   0.0614   1.0000
  16.250   1.2380   0.13085   0.12175  -0.0823   0.0574   1.0000
  16.500   1.2366   0.13505   0.12609  -0.0839   0.0540   1.0000
  16.750   1.2370   0.13882   0.12988  -0.0854   0.0516   1.0000
  17.000   1.2398   0.14189   0.13284  -0.0864   0.0497   1.0000
  17.250   1.2382   0.14660   0.13780  -0.0885   0.0487   1.0000
  17.500   1.2332   0.15228   0.14375  -0.0916   0.0482   1.0000
  18.000   1.1995   0.17131   0.16335  -0.1043   0.0487   1.0000
  18.750   1.1317   0.21793   0.21013  -0.1349   0.0567   1.0000
