  
       XFOIL         Version 6.99
  
 Calculated polar for: Airfoil_rR0.970200.txt                          
  
 1 1 Reynolds number fixed          Mach number fixed         
  
 xtrf =   1.000 (top)        1.000 (bottom)  
 Mach =   0.000     Re =     0.050 e 6     Ncrit =   9.000
  
   alpha    CL        CD       CDp       CM     Top_Xtr  Bot_Xtr
  ------ -------- --------- --------- -------- -------- --------
 -18.750  -0.5987   0.23621   0.22700   0.0169   1.0000   0.0601
 -18.250  -0.5741   0.22514   0.21598   0.0152   1.0000   0.0641
 -17.500  -0.3676   0.20699   0.19888  -0.0141   1.0000   0.0799
 -17.000  -0.5295   0.21133   0.20232   0.0066   1.0000   0.0761
 -16.000  -0.4969   0.20058   0.19174  -0.0005   1.0000   0.0820
 -15.000  -0.3365   0.18539   0.17725  -0.0202   1.0000   0.0944
 -14.500  -0.3369   0.18205   0.17390  -0.0215   1.0000   0.0990
 -13.750  -0.4283   0.17494   0.16628  -0.0138   1.0000   0.0996
 -12.500  -0.3211   0.15966   0.15160  -0.0253   1.0000   0.1165
 -11.000  -0.3108   0.14129   0.13343  -0.0283   1.0000   0.1329
 -10.500  -0.3158   0.13669   0.12893  -0.0299   1.0000   0.1399
 -10.250  -0.3053   0.13185   0.12413  -0.0295   1.0000   0.1427
  -9.500  -0.2995   0.12228   0.11474  -0.0300   1.0000   0.1536
  -9.250  -0.3013   0.11972   0.11226  -0.0302   1.0000   0.1585
  -9.000  -0.3350   0.11552   0.10789  -0.0294   1.0000   0.1592
  -8.750  -0.2985   0.11328   0.10598  -0.0295   1.0000   0.1665
  -8.500  -0.3303   0.10912   0.10165  -0.0287   1.0000   0.1677
  -8.000  -0.3141   0.10592   0.09893  -0.0279   1.0000   0.1794
  -7.750  -0.3519   0.10280   0.09568  -0.0267   1.0000   0.1798
  -7.500  -0.3202   0.10023   0.09344  -0.0249   1.0000   0.1880
  -7.250  -0.3590   0.09738   0.09048  -0.0231   1.0000   0.1885
  -7.000  -0.3714   0.09534   0.08858  -0.0220   1.0000   0.1914
  -6.750  -0.3716   0.09240   0.08572  -0.0201   1.0000   0.1971
  -6.250  -0.3757   0.08965   0.08343  -0.0172   1.0000   0.2097
  -5.750  -0.3976   0.08203   0.07568  -0.0202   1.0000   0.2205
  -5.250  -0.3590   0.05785   0.05040  -0.0464   1.0000   0.0905
  -5.000  -0.3424   0.05262   0.04497  -0.0476   1.0000   0.0879
  -4.750  -0.3137   0.04445   0.03597  -0.0525   1.0000   0.0885
  -4.500  -0.2861   0.03964   0.03061  -0.0544   1.0000   0.1076
  -4.250  -0.2785   0.04176   0.03331  -0.0513   1.0000   0.1554
  -4.000  -0.2681   0.04251   0.03431  -0.0490   1.0000   0.1982
  -3.750  -0.2320   0.03812   0.02918  -0.0528   1.0000   0.1922
  -3.500  -0.2008   0.03541   0.02594  -0.0548   1.0000   0.1927
  -3.250  -0.1722   0.03348   0.02361  -0.0560   1.0000   0.1964
  -3.000  -0.1440   0.03188   0.02162  -0.0571   1.0000   0.2023
  -2.750  -0.1201   0.03105   0.02067  -0.0574   1.0000   0.2150
  -2.500  -0.0946   0.03023   0.01960  -0.0580   1.0000   0.2304
  -2.250  -0.0708   0.02946   0.01880  -0.0582   1.0000   0.2438
  -2.000  -0.0461   0.02880   0.01804  -0.0586   1.0000   0.2622
  -1.750  -0.0228   0.02840   0.01763  -0.0588   1.0000   0.2901
  -1.500   0.0006   0.02806   0.01744  -0.0591   1.0000   0.3273
  -1.250   0.0259   0.02770   0.01725  -0.0597   1.0000   0.3792
  -1.000   0.0536   0.02706   0.01716  -0.0606   1.0000   0.4687
  -0.750   0.0621   0.02504   0.01716  -0.0560   1.0000   0.9055
  -0.500   0.0805   0.02568   0.01708  -0.0565   1.0000   1.0000
  -0.250   0.1199   0.02675   0.01772  -0.0606   0.9923   1.0000
   0.000   0.1734   0.02795   0.01856  -0.0672   0.9769   1.0000
   0.250   0.2204   0.02898   0.01936  -0.0724   0.9623   1.0000
   0.500   0.2635   0.02994   0.02014  -0.0768   0.9484   1.0000
   0.750   0.3018   0.03081   0.02087  -0.0802   0.9338   1.0000
   1.000   0.3434   0.03168   0.02163  -0.0841   0.9208   1.0000
   1.250   0.3753   0.03250   0.02238  -0.0862   0.9064   1.0000
   1.500   0.4104   0.03330   0.02313  -0.0887   0.8929   1.0000
   1.750   0.4489   0.03407   0.02385  -0.0917   0.8804   1.0000
   2.000   0.4753   0.03492   0.02470  -0.0927   0.8660   1.0000
   2.250   0.5071   0.03574   0.02550  -0.0944   0.8529   1.0000
   2.500   0.5407   0.03653   0.02626  -0.0963   0.8409   1.0000
   2.750   0.5656   0.03744   0.02715  -0.0969   0.8270   1.0000
   3.000   0.5944   0.03822   0.02790  -0.0978   0.8132   1.0000
   3.250   0.6294   0.03879   0.02847  -0.0994   0.8006   1.0000
   3.500   0.6513   0.03977   0.02944  -0.0994   0.7865   1.0000
   3.750   0.6773   0.04070   0.03038  -0.0999   0.7738   1.0000
   4.000   0.7057   0.04155   0.03125  -0.1006   0.7620   1.0000
   4.250   0.7377   0.04217   0.03189  -0.1015   0.7504   1.0000
   4.500   0.7518   0.04358   0.03333  -0.1004   0.7364   1.0000
   4.750   0.7752   0.04456   0.03434  -0.1003   0.7237   1.0000
   5.000   0.8020   0.04537   0.03520  -0.1005   0.7120   1.0000
   5.250   0.8310   0.04600   0.03590  -0.1006   0.7006   1.0000
   5.500   0.8446   0.04747   0.03742  -0.0995   0.6865   1.0000
   5.750   0.8742   0.04775   0.03778  -0.0991   0.6728   1.0000
   6.000   0.9230   0.04624   0.03638  -0.0992   0.6590   1.0000
   6.250   0.9657   0.04448   0.03473  -0.0981   0.6415   1.0000
   6.500   1.0375   0.03900   0.02932  -0.0969   0.6196   1.0000
   6.750   1.0708   0.03717   0.02754  -0.0944   0.5956   1.0000
   7.000   1.1187   0.03420   0.02454  -0.0929   0.5716   1.0000
   7.250   1.1486   0.03319   0.02355  -0.0909   0.5478   1.0000
   7.500   1.1740   0.03252   0.02291  -0.0887   0.5220   1.0000
   7.750   1.1939   0.03076   0.02095  -0.0845   0.4809   1.0000
   8.000   1.1955   0.03007   0.01995  -0.0787   0.4282   1.0000
   8.250   1.1915   0.03032   0.01988  -0.0731   0.3736   1.0000
  14.750   0.8345   0.16124   0.15315  -0.0567   0.0683   1.0000
