Airfoil_rR0.975253.txt
1.000000     0.001076
0.990000     0.003520
0.980000     0.005964
0.970000     0.008408
0.960000     0.010852
0.950000     0.013296
0.940000     0.015553
0.930000     0.017809
0.920000     0.020065
0.910000     0.022321
0.900000     0.024577
0.890000     0.026555
0.880000     0.028532
0.870000     0.030510
0.860000     0.032488
0.850000     0.034465
0.840000     0.036443
0.830000     0.038421
0.820000     0.040398
0.810000     0.042376
0.800000     0.044354
0.790000     0.045976
0.780000     0.047599
0.770000     0.049221
0.760000     0.050844
0.750000     0.052467
0.740000     0.054089
0.730000     0.055712
0.720000     0.057335
0.710000     0.058957
0.700000     0.060580
0.690000     0.061875
0.680000     0.063170
0.670000     0.064465
0.660000     0.065760
0.650000     0.067055
0.640000     0.068350
0.630000     0.069645
0.620000     0.070940
0.610000     0.072235
0.600000     0.073530
0.590000     0.074455
0.580000     0.075380
0.570000     0.076305
0.560000     0.077230
0.550000     0.078156
0.540000     0.079081
0.530000     0.080006
0.520000     0.080931
0.510000     0.081856
0.500000     0.082781
0.490000     0.083304
0.480000     0.083827
0.470000     0.084350
0.460000     0.084873
0.450000     0.085396
0.440000     0.085920
0.430000     0.086443
0.420000     0.086966
0.410000     0.087489
0.400000     0.088012
0.390000     0.087935
0.380000     0.087859
0.370000     0.087783
0.360000     0.087707
0.350000     0.087631
0.340000     0.087555
0.330000     0.087478
0.320000     0.087402
0.310000     0.087326
0.300000     0.087250
0.290000     0.086569
0.280000     0.085888
0.270000     0.085207
0.260000     0.084526
0.250000     0.083845
0.240000     0.082688
0.230000     0.081532
0.220000     0.080376
0.210000     0.079220
0.200000     0.078063
0.190000     0.076376
0.180000     0.074689
0.170000     0.073001
0.160000     0.071314
0.150000     0.069626
0.140000     0.067254
0.130000     0.064881
0.120000     0.062508
0.110000     0.060136
0.100000     0.057763
0.090000     0.054770
0.080000     0.051777
0.070000     0.048441
0.060000     0.044762
0.050000     0.041083
0.040000     0.036371
0.030000     0.031658
0.020000     0.026008
0.010000     0.016854
0.000000     0.000000
0.010000     -0.008774
0.020000     -0.013328
0.030000     -0.015658
0.040000     -0.017171
0.050000     -0.018683
0.060000     -0.019242
0.070000     -0.019801
0.080000     -0.020157
0.090000     -0.020310
0.100000     -0.020463
0.110000     -0.020276
0.120000     -0.020088
0.130000     -0.019901
0.140000     -0.019714
0.150000     -0.019526
0.160000     -0.019114
0.170000     -0.018701
0.180000     -0.018289
0.190000     -0.017876
0.200000     -0.017463
0.210000     -0.016920
0.220000     -0.016376
0.230000     -0.015832
0.240000     -0.015288
0.250000     -0.014745
0.260000     -0.014246
0.270000     -0.013747
0.280000     -0.013248
0.290000     -0.012749
0.300000     -0.012250
0.310000     -0.011826
0.320000     -0.011402
0.330000     -0.010978
0.340000     -0.010555
0.350000     -0.010131
0.360000     -0.009707
0.370000     -0.009283
0.380000     -0.008859
0.390000     -0.008435
0.400000     -0.008012
0.410000     -0.007699
0.420000     -0.007386
0.430000     -0.007073
0.440000     -0.006760
0.450000     -0.006446
0.460000     -0.006133
0.470000     -0.005820
0.480000     -0.005507
0.490000     -0.005194
0.500000     -0.004881
0.510000     -0.004606
0.520000     -0.004331
0.530000     -0.004056
0.540000     -0.003781
0.550000     -0.003506
0.560000     -0.003230
0.570000     -0.002955
0.580000     -0.002680
0.590000     -0.002405
0.600000     -0.002130
0.610000     -0.001935
0.620000     -0.001740
0.630000     -0.001545
0.640000     -0.001350
0.650000     -0.001155
0.660000     -0.000960
0.670000     -0.000765
0.680000     -0.000570
0.690000     -0.000375
0.700000     -0.000180
0.710000     -0.000097
0.720000     -0.000015
0.730000     0.000068
0.740000     0.000151
0.750000     0.000233
0.760000     0.000316
0.770000     0.000399
0.780000     0.000481
0.790000     0.000564
0.800000     0.000646
0.810000     0.000614
0.820000     0.000582
0.830000     0.000549
0.840000     0.000517
0.850000     0.000485
0.860000     0.000452
0.870000     0.000420
0.880000     0.000388
0.890000     0.000355
0.900000     0.000323
0.910000     0.000219
0.920000     0.000115
0.930000     0.000011
0.940000     -0.000093
0.950000     -0.000196
0.960000     -0.000372
0.970000     -0.000548
0.980000     -0.000724
0.990000     -0.000900
1.000000     -0.001076
