Airfoil_rR0.549653.txt
1.000000     0.001081
0.990000     0.004346
0.980000     0.007584
0.970000     0.010674
0.960000     0.013688
0.950000     0.016537
0.940000     0.019216
0.930000     0.021792
0.920000     0.024368
0.910000     0.026888
0.900000     0.029386
0.890000     0.031649
0.880000     0.033851
0.870000     0.036047
0.860000     0.038243
0.850000     0.040401
0.840000     0.042536
0.830000     0.044675
0.820000     0.046812
0.810000     0.048895
0.800000     0.050978
0.790000     0.052766
0.780000     0.054550
0.770000     0.056291
0.760000     0.058032
0.750000     0.059773
0.740000     0.061515
0.730000     0.063211
0.720000     0.064905
0.710000     0.066599
0.700000     0.068294
0.690000     0.069691
0.680000     0.071071
0.670000     0.072451
0.660000     0.073831
0.650000     0.075211
0.640000     0.076546
0.630000     0.077881
0.620000     0.079217
0.610000     0.080553
0.600000     0.081879
0.590000     0.082858
0.580000     0.083837
0.570000     0.084817
0.560000     0.085799
0.550000     0.086762
0.540000     0.087697
0.530000     0.088633
0.520000     0.089568
0.510000     0.090506
0.500000     0.091421
0.490000     0.091967
0.480000     0.092513
0.470000     0.093059
0.460000     0.093606
0.450000     0.094124
0.440000     0.094624
0.430000     0.095124
0.420000     0.095624
0.410000     0.096124
0.400000     0.096587
0.390000     0.096531
0.380000     0.096476
0.370000     0.096420
0.360000     0.096362
0.350000     0.096254
0.340000     0.096147
0.330000     0.096041
0.320000     0.095935
0.310000     0.095804
0.300000     0.095643
0.290000     0.094963
0.280000     0.094284
0.270000     0.093603
0.260000     0.092862
0.250000     0.092120
0.240000     0.090970
0.230000     0.089820
0.220000     0.088614
0.210000     0.087397
0.200000     0.086180
0.190000     0.084482
0.180000     0.082713
0.170000     0.080938
0.160000     0.079162
0.150000     0.077360
0.140000     0.074869
0.130000     0.072377
0.120000     0.069883
0.110000     0.067284
0.100000     0.064685
0.090000     0.061487
0.080000     0.058171
0.070000     0.054529
0.060000     0.050465
0.050000     0.046329
0.040000     0.041067
0.030000     0.035679
0.020000     0.029128
0.010000     0.018896
0.000000     0.000607
0.010000     -0.010870
0.020000     -0.016109
0.030000     -0.018784
0.040000     -0.020540
0.050000     -0.022257
0.060000     -0.022984
0.070000     -0.023684
0.080000     -0.024158
0.090000     -0.024403
0.100000     -0.024638
0.110000     -0.024494
0.120000     -0.024352
0.130000     -0.024209
0.140000     -0.024067
0.150000     -0.023924
0.160000     -0.023500
0.170000     -0.023084
0.180000     -0.022667
0.190000     -0.022251
0.200000     -0.021835
0.210000     -0.021254
0.220000     -0.020674
0.230000     -0.020092
0.240000     -0.019508
0.250000     -0.018939
0.260000     -0.018362
0.270000     -0.017785
0.280000     -0.017204
0.290000     -0.016624
0.300000     -0.016057
0.310000     -0.015496
0.320000     -0.014933
0.330000     -0.014369
0.340000     -0.013805
0.350000     -0.013243
0.360000     -0.012716
0.370000     -0.012185
0.380000     -0.011655
0.390000     -0.011125
0.400000     -0.010595
0.410000     -0.010102
0.420000     -0.009626
0.430000     -0.009151
0.440000     -0.008675
0.450000     -0.008200
0.460000     -0.007723
0.470000     -0.007277
0.480000     -0.006841
0.490000     -0.006406
0.500000     -0.005970
0.510000     -0.005514
0.520000     -0.005057
0.530000     -0.004641
0.540000     -0.004228
0.550000     -0.003814
0.560000     -0.003399
0.570000     -0.002983
0.580000     -0.002574
0.590000     -0.002206
0.600000     -0.001838
0.610000     -0.001491
0.620000     -0.001143
0.630000     -0.000795
0.640000     -0.000468
0.650000     -0.000169
0.660000     0.000133
0.670000     0.000434
0.680000     0.000736
0.690000     0.001037
0.700000     0.001293
0.710000     0.001488
0.720000     0.001682
0.730000     0.001877
0.740000     0.002071
0.750000     0.002236
0.760000     0.002377
0.770000     0.002518
0.780000     0.002659
0.790000     0.002803
0.800000     0.002909
0.810000     0.002934
0.820000     0.002959
0.830000     0.002987
0.840000     0.003015
0.850000     0.002974
0.860000     0.002934
0.870000     0.002896
0.880000     0.002858
0.890000     0.002748
0.900000     0.002630
0.910000     0.002486
0.920000     0.002315
0.930000     0.002070
0.940000     0.001825
0.950000     0.001550
0.960000     0.001124
0.970000     0.000707
0.980000     0.000160
0.990000     -0.000422
1.000000     -0.001081
