Airfoil_rR0.683107.txt
1.000000     0.001119
0.990000     0.003609
0.980000     0.006099
0.970000     0.008588
0.960000     0.011078
0.950000     0.013568
0.940000     0.015867
0.930000     0.018166
0.920000     0.020466
0.910000     0.022765
0.900000     0.025065
0.890000     0.027081
0.880000     0.029098
0.870000     0.031115
0.860000     0.033132
0.850000     0.035148
0.840000     0.037165
0.830000     0.039182
0.820000     0.041199
0.810000     0.043215
0.800000     0.045232
0.790000     0.046889
0.780000     0.048546
0.770000     0.050203
0.760000     0.051860
0.750000     0.053517
0.740000     0.055173
0.730000     0.056830
0.720000     0.058487
0.710000     0.060144
0.700000     0.061801
0.690000     0.063126
0.680000     0.064451
0.670000     0.065776
0.660000     0.067101
0.650000     0.068426
0.640000     0.069751
0.630000     0.071076
0.620000     0.072401
0.610000     0.073726
0.600000     0.075051
0.590000     0.076000
0.580000     0.076949
0.570000     0.077898
0.560000     0.078848
0.550000     0.079797
0.540000     0.080746
0.530000     0.081696
0.520000     0.082645
0.510000     0.083594
0.500000     0.084543
0.490000     0.085083
0.480000     0.085623
0.470000     0.086163
0.460000     0.086703
0.450000     0.087243
0.440000     0.087782
0.430000     0.088322
0.420000     0.088862
0.410000     0.089402
0.400000     0.089942
0.390000     0.089873
0.380000     0.089803
0.370000     0.089734
0.360000     0.089665
0.350000     0.089596
0.340000     0.089527
0.330000     0.089458
0.320000     0.089388
0.310000     0.089319
0.300000     0.089250
0.290000     0.088565
0.280000     0.087881
0.270000     0.087196
0.260000     0.086511
0.250000     0.085826
0.240000     0.084658
0.230000     0.083489
0.220000     0.082321
0.210000     0.081152
0.200000     0.079983
0.190000     0.078270
0.180000     0.076557
0.170000     0.074844
0.160000     0.073131
0.150000     0.071418
0.140000     0.069002
0.130000     0.066585
0.120000     0.064169
0.110000     0.061752
0.100000     0.059335
0.090000     0.056279
0.080000     0.053223
0.070000     0.049813
0.060000     0.046049
0.050000     0.042284
0.040000     0.037447
0.030000     0.032609
0.020000     0.026799
0.010000     0.017369
0.000000     0.000000
0.010000     -0.009289
0.020000     -0.014119
0.030000     -0.016609
0.040000     -0.018247
0.050000     -0.019884
0.060000     -0.020529
0.070000     -0.021173
0.080000     -0.021603
0.090000     -0.021819
0.100000     -0.022035
0.110000     -0.021892
0.120000     -0.021749
0.130000     -0.021605
0.140000     -0.021462
0.150000     -0.021318
0.160000     -0.020931
0.170000     -0.020544
0.180000     -0.020157
0.190000     -0.019770
0.200000     -0.019383
0.210000     -0.018852
0.220000     -0.018321
0.230000     -0.017789
0.240000     -0.017258
0.250000     -0.016726
0.260000     -0.016231
0.270000     -0.015736
0.280000     -0.015241
0.290000     -0.014745
0.300000     -0.014250
0.310000     -0.013819
0.320000     -0.013388
0.330000     -0.012958
0.340000     -0.012527
0.350000     -0.012096
0.360000     -0.011665
0.370000     -0.011234
0.380000     -0.010803
0.390000     -0.010373
0.400000     -0.009942
0.410000     -0.009612
0.420000     -0.009282
0.430000     -0.008952
0.440000     -0.008622
0.450000     -0.008293
0.460000     -0.007963
0.470000     -0.007633
0.480000     -0.007303
0.490000     -0.006973
0.500000     -0.006643
0.510000     -0.006344
0.520000     -0.006045
0.530000     -0.005746
0.540000     -0.005446
0.550000     -0.005147
0.560000     -0.004848
0.570000     -0.004548
0.580000     -0.004249
0.590000     -0.003950
0.600000     -0.003651
0.610000     -0.003426
0.620000     -0.003201
0.630000     -0.002976
0.640000     -0.002751
0.650000     -0.002526
0.660000     -0.002301
0.670000     -0.002076
0.680000     -0.001851
0.690000     -0.001626
0.700000     -0.001401
0.710000     -0.001284
0.720000     -0.001167
0.730000     -0.001050
0.740000     -0.000933
0.750000     -0.000817
0.760000     -0.000700
0.770000     -0.000583
0.780000     -0.000466
0.790000     -0.000349
0.800000     -0.000232
0.810000     -0.000225
0.820000     -0.000219
0.830000     -0.000212
0.840000     -0.000205
0.850000     -0.000198
0.860000     -0.000192
0.870000     -0.000185
0.880000     -0.000178
0.890000     -0.000171
0.900000     -0.000165
0.910000     -0.000225
0.920000     -0.000286
0.930000     -0.000346
0.940000     -0.000407
0.950000     -0.000468
0.960000     -0.000598
0.970000     -0.000728
0.980000     -0.000859
0.990000     -0.000989
1.000000     -0.001119
