Airfoil_rR0.309453.txt
1.000000     0.000858
0.990000     0.005855
0.980000     0.010852
0.970000     0.015260
0.960000     0.019539
0.950000     0.023094
0.940000     0.026670
0.930000     0.029845
0.920000     0.033020
0.910000     0.036067
0.900000     0.039059
0.890000     0.041918
0.880000     0.044523
0.870000     0.047210
0.860000     0.049898
0.850000     0.052419
0.840000     0.054840
0.830000     0.057381
0.820000     0.059913
0.810000     0.062208
0.800000     0.064502
0.790000     0.066680
0.780000     0.068892
0.770000     0.070918
0.760000     0.072944
0.750000     0.074969
0.740000     0.077037
0.730000     0.078949
0.720000     0.080853
0.710000     0.082758
0.700000     0.084663
0.690000     0.086319
0.680000     0.087970
0.670000     0.089621
0.660000     0.091272
0.650000     0.092923
0.640000     0.094376
0.630000     0.095872
0.620000     0.097404
0.610000     0.098936
0.600000     0.100423
0.590000     0.101581
0.580000     0.102739
0.570000     0.103969
0.560000     0.105210
0.550000     0.106373
0.540000     0.107412
0.530000     0.108452
0.520000     0.109496
0.510000     0.110611
0.500000     0.111627
0.490000     0.112338
0.480000     0.113050
0.470000     0.113761
0.460000     0.114490
0.450000     0.115142
0.440000     0.115715
0.430000     0.116287
0.420000     0.116859
0.410000     0.117431
0.400000     0.117872
0.390000     0.118003
0.380000     0.118135
0.370000     0.118267
0.360000     0.118389
0.350000     0.118290
0.340000     0.118251
0.330000     0.118217
0.320000     0.118182
0.310000     0.118041
0.300000     0.117765
0.290000     0.117211
0.280000     0.116681
0.270000     0.116145
0.260000     0.115342
0.250000     0.114539
0.240000     0.113517
0.230000     0.112520
0.220000     0.111274
0.210000     0.109981
0.200000     0.108689
0.190000     0.107107
0.180000     0.105219
0.170000     0.103304
0.160000     0.101388
0.150000     0.099370
0.140000     0.096667
0.130000     0.093964
0.120000     0.091250
0.110000     0.088085
0.100000     0.084923
0.090000     0.081279
0.080000     0.077117
0.070000     0.072705
0.060000     0.067641
0.050000     0.062225
0.040000     0.055551
0.030000     0.048272
0.020000     0.039134
0.010000     0.025872
0.000000     0.003234
0.010000     -0.017944
0.020000     -0.025503
0.030000     -0.029762
0.040000     -0.032628
0.050000     -0.035135
0.060000     -0.036617
0.070000     -0.037880
0.080000     -0.038782
0.090000     -0.039457
0.100000     -0.039913
0.110000     -0.040003
0.120000     -0.040103
0.130000     -0.040041
0.140000     -0.039974
0.150000     -0.039907
0.160000     -0.039474
0.170000     -0.039032
0.180000     -0.038590
0.190000     -0.038137
0.200000     -0.037580
0.210000     -0.036899
0.220000     -0.036218
0.230000     -0.035518
0.240000     -0.034720
0.250000     -0.033986
0.260000     -0.033221
0.270000     -0.032455
0.280000     -0.031585
0.290000     -0.030712
0.300000     -0.029898
0.310000     -0.029050
0.320000     -0.028148
0.330000     -0.027205
0.340000     -0.026261
0.350000     -0.025328
0.360000     -0.024547
0.370000     -0.023677
0.380000     -0.022804
0.390000     -0.021931
0.400000     -0.021058
0.410000     -0.020155
0.420000     -0.019272
0.430000     -0.018390
0.440000     -0.017507
0.450000     -0.016624
0.460000     -0.015709
0.470000     -0.014882
0.480000     -0.014102
0.490000     -0.013321
0.500000     -0.012541
0.510000     -0.011640
0.520000     -0.010699
0.530000     -0.009939
0.540000     -0.009190
0.550000     -0.008440
0.560000     -0.007642
0.570000     -0.006813
0.580000     -0.006013
0.590000     -0.005396
0.600000     -0.004778
0.610000     -0.004050
0.620000     -0.003305
0.630000     -0.002559
0.640000     -0.001905
0.650000     -0.001372
0.660000     -0.000760
0.670000     -0.000149
0.680000     0.000462
0.690000     0.001074
0.700000     0.001514
0.710000     0.001991
0.720000     0.002469
0.730000     0.002947
0.740000     0.003427
0.750000     0.003851
0.760000     0.004168
0.770000     0.004485
0.780000     0.004802
0.790000     0.005193
0.800000     0.005431
0.810000     0.005582
0.820000     0.005732
0.830000     0.005976
0.840000     0.006224
0.850000     0.006170
0.860000     0.006153
0.870000     0.006202
0.880000     0.006252
0.890000     0.006000
0.900000     0.005807
0.910000     0.005647
0.920000     0.005406
0.930000     0.004928
0.940000     0.004451
0.950000     0.003998
0.960000     0.003096
0.970000     0.002480
0.980000     0.001413
0.990000     0.000425
1.000000     -0.000858
