Airfoil_rR0.970200.txt
1.000000     0.001075
0.990000     0.003518
0.980000     0.005961
0.970000     0.008404
0.960000     0.010847
0.950000     0.013290
0.940000     0.015545
0.930000     0.017800
0.920000     0.020055
0.910000     0.022310
0.900000     0.024565
0.890000     0.026542
0.880000     0.028518
0.870000     0.030495
0.860000     0.032472
0.850000     0.034448
0.840000     0.036425
0.830000     0.038402
0.820000     0.040378
0.810000     0.042355
0.800000     0.044332
0.790000     0.045953
0.780000     0.047575
0.770000     0.049197
0.760000     0.050819
0.750000     0.052440
0.740000     0.054062
0.730000     0.055684
0.720000     0.057306
0.710000     0.058927
0.700000     0.060549
0.690000     0.061844
0.680000     0.063138
0.670000     0.064432
0.660000     0.065726
0.650000     0.067021
0.640000     0.068315
0.630000     0.069609
0.620000     0.070903
0.610000     0.072198
0.600000     0.073492
0.590000     0.074416
0.580000     0.075341
0.570000     0.076265
0.560000     0.077190
0.550000     0.078115
0.540000     0.079039
0.530000     0.079964
0.520000     0.080888
0.510000     0.081813
0.500000     0.082737
0.490000     0.083260
0.480000     0.083782
0.470000     0.084305
0.460000     0.084828
0.450000     0.085350
0.440000     0.085873
0.430000     0.086396
0.420000     0.086918
0.410000     0.087441
0.400000     0.087963
0.390000     0.087887
0.380000     0.087811
0.370000     0.087734
0.360000     0.087658
0.350000     0.087582
0.340000     0.087505
0.330000     0.087429
0.320000     0.087353
0.310000     0.087276
0.300000     0.087200
0.290000     0.086519
0.280000     0.085838
0.270000     0.085157
0.260000     0.084476
0.250000     0.083795
0.240000     0.082639
0.230000     0.081483
0.220000     0.080327
0.210000     0.079171
0.200000     0.078015
0.190000     0.076329
0.180000     0.074642
0.170000     0.072955
0.160000     0.071268
0.150000     0.069582
0.140000     0.067210
0.130000     0.064838
0.120000     0.062467
0.110000     0.060095
0.100000     0.057724
0.090000     0.054732
0.080000     0.051741
0.070000     0.048407
0.060000     0.044730
0.050000     0.041053
0.040000     0.036344
0.030000     0.031634
0.020000     0.025988
0.010000     0.016841
0.000000     0.000000
0.010000     -0.008761
0.020000     -0.013308
0.030000     -0.015634
0.040000     -0.017144
0.050000     -0.018653
0.060000     -0.019210
0.070000     -0.019767
0.080000     -0.020121
0.090000     -0.020272
0.100000     -0.020424
0.110000     -0.020235
0.120000     -0.020047
0.130000     -0.019858
0.140000     -0.019670
0.150000     -0.019482
0.160000     -0.019068
0.170000     -0.018655
0.180000     -0.018242
0.190000     -0.017829
0.200000     -0.017415
0.210000     -0.016871
0.220000     -0.016327
0.230000     -0.015783
0.240000     -0.015239
0.250000     -0.014695
0.260000     -0.014196
0.270000     -0.013697
0.280000     -0.013198
0.290000     -0.012699
0.300000     -0.012200
0.310000     -0.011776
0.320000     -0.011353
0.330000     -0.010929
0.340000     -0.010505
0.350000     -0.010082
0.360000     -0.009658
0.370000     -0.009234
0.380000     -0.008811
0.390000     -0.008387
0.400000     -0.007963
0.410000     -0.007651
0.420000     -0.007338
0.430000     -0.007026
0.440000     -0.006713
0.450000     -0.006400
0.460000     -0.006088
0.470000     -0.005775
0.480000     -0.005462
0.490000     -0.005150
0.500000     -0.004837
0.510000     -0.004563
0.520000     -0.004288
0.530000     -0.004014
0.540000     -0.003739
0.550000     -0.003465
0.560000     -0.003190
0.570000     -0.002915
0.580000     -0.002641
0.590000     -0.002366
0.600000     -0.002092
0.610000     -0.001898
0.620000     -0.001703
0.630000     -0.001509
0.640000     -0.001315
0.650000     -0.001121
0.660000     -0.000926
0.670000     -0.000732
0.680000     -0.000538
0.690000     -0.000344
0.700000     -0.000149
0.710000     -0.000067
0.720000     0.000014
0.730000     0.000096
0.740000     0.000178
0.750000     0.000260
0.760000     0.000341
0.770000     0.000423
0.780000     0.000505
0.790000     0.000587
0.800000     0.000668
0.810000     0.000635
0.820000     0.000602
0.830000     0.000568
0.840000     0.000535
0.850000     0.000502
0.860000     0.000468
0.870000     0.000435
0.880000     0.000402
0.890000     0.000368
0.900000     0.000335
0.910000     0.000230
0.920000     0.000125
0.930000     0.000020
0.940000     -0.000085
0.950000     -0.000190
0.960000     -0.000367
0.970000     -0.000544
0.980000     -0.000721
0.990000     -0.000898
1.000000     -0.001075
