Airfoil_rR0.709787.txt
1.000000     0.001107
0.990000     0.003585
0.980000     0.006062
0.970000     0.008539
0.960000     0.011016
0.950000     0.013493
0.940000     0.015781
0.930000     0.018068
0.920000     0.020356
0.910000     0.022643
0.900000     0.024931
0.890000     0.026937
0.880000     0.028943
0.870000     0.030949
0.860000     0.032955
0.850000     0.034961
0.840000     0.036967
0.830000     0.038973
0.820000     0.040979
0.810000     0.042985
0.800000     0.044991
0.790000     0.046638
0.780000     0.048285
0.770000     0.049933
0.760000     0.051580
0.750000     0.053228
0.740000     0.054875
0.730000     0.056523
0.720000     0.058170
0.710000     0.059818
0.700000     0.061465
0.690000     0.062782
0.680000     0.064099
0.670000     0.065415
0.660000     0.066732
0.650000     0.068049
0.640000     0.069366
0.630000     0.070682
0.620000     0.071999
0.610000     0.073316
0.600000     0.074632
0.590000     0.075575
0.580000     0.076518
0.570000     0.077460
0.560000     0.078403
0.550000     0.079346
0.540000     0.080288
0.530000     0.081231
0.520000     0.082174
0.510000     0.083116
0.500000     0.084059
0.490000     0.084594
0.480000     0.085129
0.470000     0.085664
0.460000     0.086200
0.450000     0.086735
0.440000     0.087270
0.430000     0.087805
0.420000     0.088341
0.410000     0.088876
0.400000     0.089411
0.390000     0.089340
0.380000     0.089269
0.370000     0.089198
0.360000     0.089127
0.350000     0.089055
0.340000     0.088984
0.330000     0.088913
0.320000     0.088842
0.310000     0.088771
0.300000     0.088700
0.290000     0.088016
0.280000     0.087333
0.270000     0.086649
0.260000     0.085965
0.250000     0.085281
0.240000     0.084116
0.230000     0.082951
0.220000     0.081786
0.210000     0.080621
0.200000     0.079455
0.190000     0.077749
0.180000     0.076043
0.170000     0.074337
0.160000     0.072632
0.150000     0.070926
0.140000     0.068521
0.130000     0.066116
0.120000     0.063712
0.110000     0.061307
0.100000     0.058903
0.090000     0.055864
0.080000     0.052826
0.070000     0.049436
0.060000     0.045695
0.050000     0.041954
0.040000     0.037151
0.030000     0.032348
0.020000     0.026581
0.010000     0.017228
0.000000     0.000000
0.010000     -0.009148
0.020000     -0.013901
0.030000     -0.016348
0.040000     -0.017951
0.050000     -0.019554
0.060000     -0.020175
0.070000     -0.020796
0.080000     -0.021206
0.090000     -0.021404
0.100000     -0.021603
0.110000     -0.021447
0.120000     -0.021292
0.130000     -0.021136
0.140000     -0.020981
0.150000     -0.020826
0.160000     -0.020432
0.170000     -0.020037
0.180000     -0.019643
0.190000     -0.019249
0.200000     -0.018855
0.210000     -0.018321
0.220000     -0.017786
0.230000     -0.017251
0.240000     -0.016716
0.250000     -0.016181
0.260000     -0.015685
0.270000     -0.015189
0.280000     -0.014693
0.290000     -0.014196
0.300000     -0.013700
0.310000     -0.013271
0.320000     -0.012842
0.330000     -0.012413
0.340000     -0.011984
0.350000     -0.011555
0.360000     -0.011127
0.370000     -0.010698
0.380000     -0.010269
0.390000     -0.009840
0.400000     -0.009411
0.410000     -0.009086
0.420000     -0.008761
0.430000     -0.008435
0.440000     -0.008110
0.450000     -0.007785
0.460000     -0.007460
0.470000     -0.007134
0.480000     -0.006809
0.490000     -0.006484
0.500000     -0.006159
0.510000     -0.005866
0.520000     -0.005574
0.530000     -0.005281
0.540000     -0.004988
0.550000     -0.004696
0.560000     -0.004403
0.570000     -0.004110
0.580000     -0.003818
0.590000     -0.003525
0.600000     -0.003232
0.610000     -0.003016
0.620000     -0.002799
0.630000     -0.002582
0.640000     -0.002366
0.650000     -0.002149
0.660000     -0.001932
0.670000     -0.001715
0.680000     -0.001499
0.690000     -0.001282
0.700000     -0.001065
0.710000     -0.000958
0.720000     -0.000850
0.730000     -0.000743
0.740000     -0.000635
0.750000     -0.000528
0.760000     -0.000420
0.770000     -0.000313
0.780000     -0.000205
0.790000     -0.000098
0.800000     0.000009
0.810000     0.000005
0.820000     0.000001
0.830000     -0.000003
0.840000     -0.000007
0.850000     -0.000011
0.860000     -0.000015
0.870000     -0.000019
0.880000     -0.000023
0.890000     -0.000027
0.900000     -0.000031
0.910000     -0.000103
0.920000     -0.000176
0.930000     -0.000248
0.940000     -0.000321
0.950000     -0.000393
0.960000     -0.000536
0.970000     -0.000679
0.980000     -0.000822
0.990000     -0.000965
1.000000     -0.001107
