  
       XFOIL         Version 6.99
  
 Calculated polar for: Airfoil_rR0.362833.txt                          
  
 1 1 Reynolds number fixed          Mach number fixed         
  
 xtrf =   1.000 (top)        1.000 (bottom)  
 Mach =   0.000     Re =     0.250 e 6     Ncrit =   9.000
  
   alpha    CL        CD       CDp       CM     Top_Xtr  Bot_Xtr
  ------ -------- --------- --------- -------- -------- --------
 -14.000  -0.3599   0.17883   0.17509  -0.0211   1.0000   0.0200
 -10.000  -0.3260   0.12790   0.12438  -0.0200   1.0000   0.0429
  -8.250  -0.3196   0.11232   0.10900  -0.0166   1.0000   0.0475
  -7.750  -0.3267   0.10843   0.10517  -0.0157   1.0000   0.0488
  -7.500  -0.3525   0.10457   0.10124  -0.0150   1.0000   0.0488
  -7.250  -0.3504   0.10583   0.10266  -0.0155   0.9997   0.0497
  -6.750  -0.3682   0.09951   0.09627  -0.0218   0.9942   0.0499
  -6.500  -0.3386   0.09456   0.09130  -0.0332   0.9887   0.0501
  -6.250  -0.3275   0.08967   0.08644  -0.0325   0.9846   0.0506
  -6.000  -0.3068   0.08648   0.08325  -0.0338   0.9815   0.0511
  -5.500  -0.2661   0.08054   0.07733  -0.0389   0.9724   0.0525
  -5.000  -0.2181   0.07359   0.07037  -0.0489   0.9622   0.0551
  -4.250  -0.1098   0.05784   0.05447  -0.0796   0.9471   0.0619
  -3.250   0.0741   0.03914   0.03511  -0.1167   0.9340   0.0813
  -3.000   0.1090   0.03750   0.03353  -0.1193   0.9315   0.0836
  -1.750   0.3674   0.01824   0.01144  -0.1480   0.9226   0.0440
  -1.250   0.4413   0.01665   0.00970  -0.1510   0.9142   0.0397
  -1.000   0.4831   0.01560   0.00868  -0.1537   0.9116   0.0388
  -0.750   0.5198   0.01488   0.00796  -0.1554   0.9065   0.0382
  -0.500   0.5592   0.01422   0.00753  -0.1575   0.9023   0.0390
   0.000   0.6339   0.01303   0.00625  -0.1606   0.8918   0.0424
   0.250   0.6722   0.01217   0.00580  -0.1628   0.8856   0.1537
   0.500   0.7174   0.01117   0.00541  -0.1665   0.8807   0.3616
   0.750   0.7556   0.01055   0.00516  -0.1685   0.8707   0.4995
   1.000   0.7895   0.01001   0.00503  -0.1696   0.8570   0.6468
   1.250   0.8216   0.00919   0.00468  -0.1696   0.8432   0.8866
   1.500   0.8604   0.00896   0.00437  -0.1717   0.8220   1.0000
   1.750   0.9095   0.00890   0.00411  -0.1761   0.7984   1.0000
   2.000   0.9441   0.00900   0.00403  -0.1774   0.7707   1.0000
   2.250   0.9741   0.00917   0.00404  -0.1777   0.7419   1.0000
   2.500   1.0028   0.00941   0.00407  -0.1778   0.7132   1.0000
   2.750   1.0279   0.00969   0.00416  -0.1772   0.6833   1.0000
   3.000   1.0507   0.00999   0.00429  -0.1760   0.6519   1.0000
   3.250   1.0728   0.01035   0.00443  -0.1748   0.6218   1.0000
   3.500   1.0937   0.01071   0.00461  -0.1733   0.5910   1.0000
   3.750   1.1142   0.01108   0.00481  -0.1718   0.5610   1.0000
   4.000   1.1292   0.01163   0.00503  -0.1692   0.5117   1.0000
   4.250   1.1408   0.01234   0.00531  -0.1659   0.4483   1.0000
   4.500   1.1546   0.01303   0.00561  -0.1633   0.3940   1.0000
   4.750   1.1736   0.01350   0.00589  -0.1617   0.3600   1.0000
   5.000   1.1915   0.01404   0.00620  -0.1599   0.3304   1.0000
   5.250   1.2097   0.01457   0.00651  -0.1582   0.2979   1.0000
   5.500   1.2280   0.01515   0.00684  -0.1566   0.2618   1.0000
   5.750   1.2448   0.01587   0.00722  -0.1548   0.2195   1.0000
   6.000   1.2592   0.01691   0.00773  -0.1527   0.1579   1.0000
   6.250   1.2725   0.01816   0.00853  -0.1503   0.0973   1.0000
   6.750   1.2988   0.02065   0.01054  -0.1451   0.0187   1.0000
   7.000   1.3180   0.02125   0.01123  -0.1433   0.0184   1.0000
   7.250   1.3365   0.02192   0.01202  -0.1414   0.0185   1.0000
   7.500   1.3379   0.01890   0.00944  -0.1362   0.0191   1.0000
   7.750   1.3513   0.02008   0.01081  -0.1335   0.0196   1.0000
   8.250   1.3899   0.02635   0.01759  -0.1298   0.0236   1.0000
