  
       XFOIL         Version 6.99
  
 Calculated polar for: Airfoil_rR0.683100.txt                          
  
 1 1 Reynolds number fixed          Mach number fixed         
  
 xtrf =   1.000 (top)        1.000 (bottom)  
 Mach =   0.000     Re =     0.100 e 6     Ncrit =   9.000
  
   alpha    CL        CD       CDp       CM     Top_Xtr  Bot_Xtr
  ------ -------- --------- --------- -------- -------- --------
 -20.000  -0.5976   0.24239   0.23534   0.0104   1.0000   0.0172
 -16.500  -0.3629   0.20432   0.19821  -0.0209   1.0000   0.0297
 -16.000  -0.4789   0.20575   0.19908  -0.0133   1.0000   0.0299
 -15.750  -0.4777   0.20614   0.19951  -0.0152   1.0000   0.0300
 -15.500  -0.4634   0.19779   0.19109  -0.0151   1.0000   0.0298
 -15.250  -0.4627   0.19823   0.19157  -0.0171   1.0000   0.0300
 -14.750  -0.4382   0.18457   0.17798  -0.0163   1.0000   0.0319
 -14.500  -0.4308   0.18152   0.17496  -0.0168   1.0000   0.0332
 -13.000  -0.4107   0.17208   0.16569  -0.0248   1.0000   0.0400
 -12.500  -0.3861   0.15926   0.15294  -0.0237   1.0000   0.0412
 -12.250  -0.3789   0.15562   0.14934  -0.0236   1.0000   0.0421
 -12.000  -0.3731   0.15250   0.14625  -0.0239   1.0000   0.0431
 -11.500  -0.3632   0.14661   0.14043  -0.0246   1.0000   0.0453
 -11.000  -0.3235   0.14459   0.13872  -0.0277   1.0000   0.0493
 -10.500  -0.3557   0.13742   0.13140  -0.0277   1.0000   0.0496
  -9.500  -0.3101   0.12537   0.11975  -0.0268   1.0000   0.0545
  -9.250  -0.3365   0.12060   0.11483  -0.0263   1.0000   0.0542
  -8.750  -0.3356   0.11549   0.10982  -0.0260   1.0000   0.0576
  -8.250  -0.3511   0.11297   0.10745  -0.0264   1.0000   0.0597
  -7.750  -0.3785   0.11144   0.10611  -0.0247   1.0000   0.0600
  -7.500  -0.3497   0.10331   0.09798  -0.0222   1.0000   0.0625
  -7.250  -0.3276   0.10194   0.09686  -0.0203   1.0000   0.0664
  -7.000  -0.3382   0.10029   0.09530  -0.0186   1.0000   0.0679
  -6.500  -0.3623   0.09747   0.09263  -0.0201   1.0000   0.0698
  -6.250  -0.3738   0.09283   0.08785  -0.0273   1.0000   0.0700
  -5.750  -0.3697   0.08577   0.08092  -0.0195   1.0000   0.0735
  -5.500  -0.3634   0.08252   0.07771  -0.0220   1.0000   0.0774
  -5.250  -0.3462   0.07738   0.07255  -0.0317   1.0000   0.0810
  -5.000  -0.3419   0.07464   0.06987  -0.0284   1.0000   0.0853
  -4.750  -0.3214   0.06963   0.06483  -0.0349   1.0000   0.0932
  -4.250  -0.2797   0.06196   0.05731  -0.0405   1.0000   0.1221
  -3.750  -0.2229   0.05579   0.05084  -0.0534   1.0000   0.1615
  -3.250  -0.1653   0.05024   0.04517  -0.0613   1.0000   0.1819
  -2.500   0.0513   0.02998   0.02233  -0.0988   1.0000   0.0868
  -2.250   0.0971   0.02749   0.01900  -0.1027   1.0000   0.0790
  -2.000   0.1301   0.02630   0.01760  -0.1045   1.0000   0.0772
  -1.750   0.1624   0.02542   0.01648  -0.1061   1.0000   0.0763
  -1.500   0.1974   0.02476   0.01566  -0.1082   0.9990   0.0768
  -1.250   0.2445   0.02420   0.01494  -0.1125   0.9946   0.0800
  -1.000   0.2930   0.02371   0.01456  -0.1172   0.9912   0.0906
  -0.750   0.3477   0.02258   0.01420  -0.1235   0.9889   0.2272
  -0.500   0.3951   0.02170   0.01463  -0.1285   0.9842   0.5811
  -0.250   0.4204   0.02100   0.01457  -0.1277   0.9728   1.0000
   0.000   0.4639   0.02124   0.01456  -0.1315   0.9625   1.0000
   0.500   0.5451   0.02155   0.01457  -0.1379   0.9426   1.0000
   0.750   0.5838   0.02165   0.01459  -0.1406   0.9329   1.0000
   1.250   0.6599   0.02165   0.01466  -0.1454   0.9127   1.0000
   1.500   0.6980   0.02152   0.01447  -0.1476   0.9024   1.0000
   1.750   0.7366   0.02126   0.01417  -0.1497   0.8920   1.0000
   2.250   0.8143   0.02044   0.01328  -0.1534   0.8716   1.0000
   3.000   0.9306   0.01853   0.01135  -0.1577   0.8370   1.0000
   3.250   0.9676   0.01790   0.01072  -0.1586   0.8224   1.0000
   3.500   1.0032   0.01733   0.01014  -0.1592   0.8054   1.0000
   3.750   1.0384   0.01682   0.00960  -0.1597   0.7860   1.0000
   4.000   1.0718   0.01648   0.00920  -0.1600   0.7639   1.0000
   4.250   1.1030   0.01637   0.00904  -0.1600   0.7410   1.0000
   4.500   1.1315   0.01643   0.00904  -0.1596   0.7172   1.0000
   4.750   1.1531   0.01623   0.00854  -0.1570   0.6684   1.0000
   5.000   1.1656   0.01639   0.00817  -0.1527   0.5924   1.0000
   5.250   1.1844   0.01682   0.00828  -0.1505   0.5460   1.0000
   5.500   1.2013   0.01735   0.00848  -0.1482   0.4944   1.0000
   5.750   1.2160   0.01810   0.00879  -0.1455   0.4342   1.0000
   6.000   1.2285   0.01909   0.00941  -0.1424   0.3610   1.0000
   6.250   1.2303   0.02114   0.01043  -0.1380   0.2178   1.0000
   6.500   1.2308   0.02401   0.01216  -0.1338   0.0680   1.0000
   6.750   1.2389   0.02620   0.01404  -0.1301   0.0373   1.0000
   7.000   1.2520   0.02773   0.01575  -0.1271   0.0334   1.0000
   7.250   1.2617   0.02942   0.01763  -0.1237   0.0321   1.0000
   7.500   1.2677   0.03123   0.01960  -0.1198   0.0317   1.0000
   7.750   1.2734   0.03316   0.02165  -0.1158   0.0320   1.0000
   8.000   1.2400   0.03288   0.02181  -0.1048   0.0327   1.0000
   8.250   1.3374   0.04051   0.02923  -0.1146   0.0370   1.0000
   8.500   1.3851   0.04623   0.03556  -0.1151   0.0438   1.0000
   8.750   1.4077   0.05334   0.04375  -0.1116   0.0547   1.0000
