  
       XFOIL         Version 6.99
  
 Calculated polar for: Airfoil_rR0.416200.txt                          
  
 1 1 Reynolds number fixed          Mach number fixed         
  
 xtrf =   1.000 (top)        1.000 (bottom)  
 Mach =   0.000     Re =     0.200 e 6     Ncrit =   9.000
  
   alpha    CL        CD       CDp       CM     Top_Xtr  Bot_Xtr
  ------ -------- --------- --------- -------- -------- --------
 -13.250  -0.3504   0.16565   0.16143  -0.0197   1.0000   0.0244
 -11.250  -0.3857   0.14063   0.13640  -0.0234   1.0000   0.0398
 -10.250  -0.3276   0.13064   0.12665  -0.0207   1.0000   0.0468
  -8.250  -0.3483   0.10985   0.10600  -0.0184   1.0000   0.0520
  -7.250  -0.3263   0.10380   0.10023  -0.0140   1.0000   0.0545
  -7.000  -0.3299   0.10195   0.09843  -0.0128   1.0000   0.0552
  -6.000  -0.3848   0.09454   0.09109  -0.0060   1.0000   0.0567
  -4.750  -0.2538   0.07421   0.07071  -0.0420   0.9721   0.0627
  -4.000  -0.1148   0.05815   0.05462  -0.0707   0.9501   0.0722
  -2.500   0.1258   0.03801   0.03359  -0.1163   0.9339   0.1084
  -1.750   0.3094   0.02302   0.01630  -0.1395   0.9322   0.0573
  -1.500   0.3316   0.02542   0.01952  -0.1408   0.9234   0.1117
  -1.250   0.3917   0.01992   0.01261  -0.1440   0.9240   0.0464
  -1.000   0.4348   0.01878   0.01141  -0.1467   0.9212   0.0438
  -0.750   0.4697   0.01808   0.01070  -0.1480   0.9149   0.0424
  -0.500   0.5120   0.01737   0.01000  -0.1507   0.9114   0.0416
  -0.250   0.5483   0.01679   0.00970  -0.1523   0.9048   0.0432
   0.000   0.5921   0.01608   0.00895  -0.1552   0.9011   0.0447
   0.250   0.6273   0.01554   0.00837  -0.1563   0.8934   0.0483
   0.500   0.6736   0.01428   0.00781  -0.1601   0.8905   0.2490
   1.000   0.7516   0.01224   0.00713  -0.1641   0.8799   0.7236
   1.500   0.8113   0.01110   0.00619  -0.1636   0.8553   1.0000
   1.750   0.8561   0.01068   0.00568  -0.1667   0.8428   1.0000
   2.250   0.9467   0.01023   0.00498  -0.1734   0.8016   1.0000
   2.500   0.9832   0.01025   0.00485  -0.1751   0.7738   1.0000
   2.750   1.0175   0.01037   0.00480  -0.1762   0.7445   1.0000
   3.000   1.0479   0.01058   0.00481  -0.1766   0.7136   1.0000
   3.250   1.0743   0.01087   0.00490  -0.1762   0.6816   1.0000
   3.500   1.0974   0.01119   0.00504  -0.1751   0.6482   1.0000
   3.750   1.1202   0.01157   0.00521  -0.1740   0.6173   1.0000
   4.000   1.1370   0.01209   0.00540  -0.1716   0.5681   1.0000
   4.250   1.1477   0.01279   0.00563  -0.1680   0.4986   1.0000
   4.500   1.1592   0.01355   0.00593  -0.1648   0.4354   1.0000
   4.750   1.1768   0.01410   0.00623  -0.1629   0.3981   1.0000
   5.000   1.1949   0.01463   0.00654  -0.1611   0.3606   1.0000
   5.250   1.2121   0.01525   0.00688  -0.1593   0.3246   1.0000
   5.500   1.2281   0.01593   0.00723  -0.1572   0.2829   1.0000
   5.750   1.2425   0.01680   0.00765  -0.1550   0.2241   1.0000
   6.000   1.2560   0.01794   0.00831  -0.1526   0.1613   1.0000
   6.250   1.2662   0.01955   0.00931  -0.1497   0.0821   1.0000
   6.500   1.2759   0.02123   0.01055  -0.1467   0.0237   1.0000
   7.000   1.3134   0.02267   0.01219  -0.1428   0.0203   1.0000
   7.250   1.3308   0.02351   0.01320  -0.1407   0.0205   1.0000
   7.500   1.3470   0.02443   0.01430  -0.1384   0.0210   1.0000
   7.750   1.3618   0.02543   0.01546  -0.1359   0.0217   1.0000
   8.000   1.3530   0.02357   0.01411  -0.1292   0.0233   1.0000
   8.250   1.3742   0.02891   0.01987  -0.1274   0.0263   1.0000
   8.750   1.4606   0.03651   0.02755  -0.1299   0.0412   1.0000
