  
       XFOIL         Version 6.99
  
 Calculated polar for: Airfoil_rR0.256067.txt                          
  
 1 1 Reynolds number fixed          Mach number fixed         
  
 xtrf =   1.000 (top)        1.000 (bottom)  
 Mach =   0.000     Re =     0.100 e 6     Ncrit =   9.000
  
   alpha    CL        CD       CDp       CM     Top_Xtr  Bot_Xtr
  ------ -------- --------- --------- -------- -------- --------
 -17.750  -0.3467   0.20925   0.20331  -0.0190   1.0000   0.0382
 -17.500  -0.4722   0.21147   0.20488  -0.0092   1.0000   0.0355
 -17.250  -0.4652   0.20877   0.20221  -0.0102   1.0000   0.0367
 -16.750  -0.4529   0.20373   0.19719  -0.0128   1.0000   0.0391
 -16.250  -0.4473   0.20130   0.19482  -0.0165   1.0000   0.0399
 -14.500  -0.3990   0.17974   0.17354  -0.0204   1.0000   0.0495
 -12.500  -0.3108   0.16073   0.15493  -0.0242   1.0000   0.0751
 -12.250  -0.3081   0.15828   0.15250  -0.0243   1.0000   0.0761
 -12.000  -0.3057   0.15587   0.15011  -0.0244   1.0000   0.0772
 -11.750  -0.3405   0.14944   0.14345  -0.0234   1.0000   0.0769
 -11.250  -0.3130   0.15076   0.14508  -0.0263   1.0000   0.0798
 -11.000  -0.3240   0.15024   0.14459  -0.0274   1.0000   0.0801
 -10.500  -0.3395   0.13999   0.13422  -0.0262   1.0000   0.0805
  -9.750  -0.2855   0.13372   0.12824  -0.0232   1.0000   0.0843
  -9.500  -0.3100   0.12833   0.12270  -0.0229   1.0000   0.0844
  -9.000  -0.3074   0.12414   0.11860  -0.0223   1.0000   0.0875
  -8.750  -0.3021   0.12692   0.12165  -0.0233   1.0000   0.0898
  -8.500  -0.3322   0.12285   0.11745  -0.0237   1.0000   0.0899
  -8.250  -0.3328   0.12017   0.11484  -0.0230   1.0000   0.0904
  -8.000  -0.3167   0.11614   0.11084  -0.0209   1.0000   0.0913
  -7.500  -0.3093   0.11160   0.10639  -0.0182   1.0000   0.0938
  -7.250  -0.2902   0.11225   0.10729  -0.0164   1.0000   0.0970
  -6.750  -0.3296   0.11106   0.10625  -0.0153   1.0000   0.0999
  -6.250  -0.3732   0.10576   0.10095  -0.0130   1.0000   0.1004
  -5.750  -0.3570   0.10033   0.09561  -0.0077   1.0000   0.1026
  -5.250  -0.3646   0.09678   0.09218  -0.0054   1.0000   0.1062
  -4.750  -0.3628   0.09407   0.08976  -0.0086   1.0000   0.1110
  -4.250  -0.3577   0.08992   0.08571  -0.0051   1.0000   0.1141
  -4.000  -0.3138   0.08403   0.07976  -0.0215   0.9907   0.1211
  -3.750  -0.3296   0.08034   0.07595  -0.0208   0.9950   0.1217
  -3.000  -0.1770   0.06776   0.06340  -0.0479   0.9551   0.1437
  -2.500   0.0049   0.03736   0.03027  -0.1019   0.9700   0.0712
  -2.000   0.1027   0.03156   0.02330  -0.1116   0.9577   0.0636
  -1.750   0.1491   0.02993   0.02123  -0.1151   0.9512   0.0625
  -1.500   0.1901   0.02890   0.02006  -0.1176   0.9428   0.0632
  -1.250   0.2316   0.02809   0.01921  -0.1201   0.9345   0.0655
  -1.000   0.2751   0.02734   0.01842  -0.1229   0.9268   0.0715
  -0.750   0.3244   0.02602   0.01761  -0.1270   0.9207   0.1765
  -0.500   0.3644   0.02586   0.01766  -0.1295   0.9112   0.2479
  -0.250   0.4036   0.02558   0.01753  -0.1317   0.9019   0.2919
   0.000   0.4429   0.02522   0.01739  -0.1339   0.8924   0.3457
   0.250   0.4831   0.02487   0.01783  -0.1361   0.8828   0.4338
   0.500   0.5240   0.02414   0.01746  -0.1379   0.8734   0.5350
   0.750   0.5606   0.02320   0.01701  -0.1386   0.8639   0.6767
   1.000   0.5890   0.02192   0.01614  -0.1372   0.8536   1.0000
   1.250   0.6343   0.02140   0.01536  -0.1398   0.8446   1.0000
   1.500   0.6886   0.02045   0.01421  -0.1438   0.8399   1.0000
   1.750   0.7241   0.02000   0.01363  -0.1445   0.8266   1.0000
   2.000   0.7691   0.01924   0.01275  -0.1468   0.8161   1.0000
   2.250   0.8190   0.01839   0.01179  -0.1499   0.8056   1.0000
   2.500   0.8702   0.01759   0.01089  -0.1534   0.7924   1.0000
   2.750   0.9163   0.01705   0.01024  -0.1561   0.7740   1.0000
   3.000   0.9648   0.01661   0.00966  -0.1593   0.7532   1.0000
   3.250   1.0069   0.01639   0.00928  -0.1614   0.7288   1.0000
   3.500   1.0415   0.01641   0.00914  -0.1621   0.7012   1.0000
   3.750   1.0732   0.01656   0.00910  -0.1623   0.6728   1.0000
   4.000   1.1004   0.01682   0.00918  -0.1618   0.6439   1.0000
   4.250   1.1267   0.01715   0.00931  -0.1611   0.6151   1.0000
   4.500   1.1509   0.01754   0.00948  -0.1601   0.5871   1.0000
   4.750   1.1737   0.01800   0.00976  -0.1588   0.5598   1.0000
   5.000   1.1947   0.01847   0.01006  -0.1573   0.5336   1.0000
   5.250   1.2161   0.01901   0.01043  -0.1559   0.5086   1.0000
   5.500   1.2364   0.01955   0.01081  -0.1544   0.4849   1.0000
   5.750   1.2568   0.02013   0.01126  -0.1529   0.4623   1.0000
   6.000   1.2773   0.02073   0.01171  -0.1514   0.4413   1.0000
   6.250   1.2933   0.02128   0.01211  -0.1491   0.4176   1.0000
   6.500   1.3033   0.02174   0.01238  -0.1457   0.3906   1.0000
   6.750   1.3105   0.02218   0.01270  -0.1419   0.3617   1.0000
   7.000   1.3188   0.02271   0.01303  -0.1383   0.3366   1.0000
   7.250   1.3326   0.02328   0.01353  -0.1359   0.3181   1.0000
   7.500   1.3469   0.02387   0.01403  -0.1335   0.3022   1.0000
   7.750   1.3445   0.02437   0.01463  -0.1283   0.2597   1.0000
   8.000   1.3550   0.02519   0.01531  -0.1254   0.2262   1.0000
   8.250   1.3656   0.02614   0.01610  -0.1227   0.2016   1.0000
   8.500   1.3751   0.02727   0.01696  -0.1201   0.1653   1.0000
   8.750   1.3875   0.02828   0.01786  -0.1178   0.1426   1.0000
   9.000   1.4016   0.02920   0.01879  -0.1158   0.1237   1.0000
   9.250   1.4099   0.03059   0.01999  -0.1131   0.0956   1.0000
   9.750   1.4095   0.03495   0.02376  -0.1063   0.0329   1.0000
  10.250   1.4229   0.03817   0.02717  -0.1012   0.0292   1.0000
  10.500   1.4287   0.03988   0.02905  -0.0987   0.0286   1.0000
  10.750   1.4327   0.04178   0.03113  -0.0963   0.0284   1.0000
  11.000   1.4345   0.04389   0.03345  -0.0939   0.0282   1.0000
  11.250   1.4341   0.04627   0.03603  -0.0916   0.0282   1.0000
  11.500   1.4316   0.04893   0.03890  -0.0894   0.0282   1.0000
  11.750   1.4271   0.05191   0.04208  -0.0876   0.0283   1.0000
  12.000   1.4210   0.05522   0.04560  -0.0861   0.0284   1.0000
  12.250   1.4138   0.05884   0.04941  -0.0849   0.0285   1.0000
  12.500   1.4061   0.06274   0.05350  -0.0842   0.0287   1.0000
  12.750   1.4015   0.06643   0.05755  -0.0840   0.0291   1.0000
  13.000   1.3959   0.07047   0.06177  -0.0839   0.0293   1.0000
  13.250   1.3919   0.07447   0.06592  -0.0838   0.0295   1.0000
  13.500   1.3920   0.07805   0.06961  -0.0836   0.0297   1.0000
  13.750   1.3993   0.08084   0.07252  -0.0828   0.0300   1.0000
  14.000   1.4089   0.08336   0.07517  -0.0823   0.0306   1.0000
  14.250   1.4224   0.08562   0.07761  -0.0814   0.0316   1.0000
  14.500   1.4378   0.08851   0.08086  -0.0801   0.0332   1.0000
  15.000   1.3257   0.11579   0.10945  -0.0860   0.0342   1.0000
  15.250   1.2965   0.12411   0.11818  -0.0896   0.0350   1.0000
  15.500   1.2606   0.13269   0.12718  -0.0949   0.0354   1.0000
  15.750   1.2234   0.14196   0.13681  -0.1014   0.0356   1.0000
  16.500   1.0155   0.20395   0.19974  -0.1419   0.0382   1.0000
  16.750   1.0124   0.20990   0.20574  -0.1440   0.0403   1.0000
