  
       XFOIL         Version 6.99
  
 Calculated polar for: Airfoil_rR0.980300.txt                          
  
 1 1 Reynolds number fixed          Mach number fixed         
  
 xtrf =   1.000 (top)        1.000 (bottom)  
 Mach =   0.000     Re =     0.200 e 6     Ncrit =   9.000
  
   alpha    CL        CD       CDp       CM     Top_Xtr  Bot_Xtr
  ------ -------- --------- --------- -------- -------- --------
 -16.500  -0.3859   0.19916   0.19484  -0.0074   1.0000   0.0099
 -15.750  -0.5249   0.19953   0.19481   0.0100   1.0000   0.0099
 -15.000  -0.3767   0.18801   0.18364  -0.0115   1.0000   0.0101
 -14.000  -0.3705   0.17775   0.17335  -0.0142   1.0000   0.0102
 -12.250  -0.3524   0.15203   0.14772  -0.0174   1.0000   0.0122
 -12.000  -0.3487   0.14889   0.14459  -0.0180   1.0000   0.0128
 -11.500  -0.3411   0.14247   0.13820  -0.0194   1.0000   0.0141
 -11.250  -0.3873   0.13777   0.13336  -0.0150   1.0000   0.0134
 -11.000  -0.3809   0.13456   0.13017  -0.0161   1.0000   0.0142
  -9.000  -0.3039   0.10929   0.10527  -0.0282   1.0000   0.0281
  -3.500   0.0181   0.01620   0.00850  -0.0878   0.9652   0.0274
  -3.250   0.0600   0.01455   0.00663  -0.0901   0.9622   0.0294
  -3.000   0.1014   0.01342   0.00565  -0.0927   0.9590   0.0855
  -2.750   0.1360   0.01330   0.00565  -0.0947   0.9526   0.1065
  -2.500   0.1724   0.01316   0.00571  -0.0974   0.9477   0.1435
  -2.250   0.2090   0.01276   0.00545  -0.0998   0.9426   0.1733
  -2.000   0.2439   0.01235   0.00525  -0.1019   0.9373   0.2200
  -1.750   0.2778   0.01191   0.00506  -0.1038   0.9317   0.2834
  -1.500   0.3082   0.01138   0.00492  -0.1050   0.9245   0.3781
  -1.250   0.3353   0.01023   0.00484  -0.1052   0.9184   0.6777
  -1.000   0.3676   0.00950   0.00461  -0.1055   0.9114   1.0000
  -0.750   0.3960   0.00942   0.00441  -0.1058   0.9018   1.0000
  -0.500   0.4246   0.00933   0.00423  -0.1061   0.8926   1.0000
  -0.250   0.4526   0.00925   0.00407  -0.1063   0.8829   1.0000
   0.000   0.4801   0.00920   0.00393  -0.1063   0.8723   1.0000
   0.250   0.5071   0.00917   0.00382  -0.1063   0.8612   1.0000
   0.500   0.5338   0.00916   0.00374  -0.1062   0.8500   1.0000
   0.750   0.5593   0.00920   0.00373  -0.1059   0.8364   1.0000
   1.000   0.5852   0.00923   0.00370  -0.1057   0.8231   1.0000
   1.250   0.6112   0.00926   0.00365  -0.1054   0.8095   1.0000
   1.500   0.6366   0.00930   0.00362  -0.1051   0.7938   1.0000
   1.750   0.6629   0.00934   0.00355  -0.1049   0.7793   1.0000
   2.000   0.6878   0.00941   0.00349  -0.1043   0.7585   1.0000
   2.250   0.7117   0.00950   0.00342  -0.1034   0.7307   1.0000
   2.500   0.7350   0.00959   0.00336  -0.1024   0.6980   1.0000
   2.750   0.7591   0.00976   0.00332  -0.1017   0.6710   1.0000
   3.000   0.7835   0.00997   0.00339  -0.1012   0.6470   1.0000
   3.250   0.8081   0.01018   0.00349  -0.1008   0.6242   1.0000
   3.500   0.8326   0.01037   0.00359  -0.1004   0.5994   1.0000
   4.250   0.9055   0.01116   0.00402  -0.0990   0.5355   1.0000
   5.000   0.9749   0.01216   0.00459  -0.0971   0.4471   1.0000
   5.500   1.0002   0.01486   0.00563  -0.0931   0.1817   1.0000
   5.750   1.0169   0.01611   0.00638  -0.0918   0.1025   1.0000
   6.250   1.0580   0.01759   0.00738  -0.0902   0.0563   1.0000
   6.500   1.0790   0.01825   0.00776  -0.0894   0.0413   1.0000
   6.750   1.1002   0.01899   0.00858  -0.0882   0.0298   1.0000
   7.250   1.1367   0.02113   0.01094  -0.0846   0.0197   1.0000
   7.750   1.1557   0.02501   0.01517  -0.0783   0.0200   1.0000
   8.000   1.1680   0.02715   0.01741  -0.0755   0.0208   1.0000
