  
       XFOIL         Version 6.99
  
 Calculated polar for: Airfoil_rR0.763167.txt                          
  
 1 1 Reynolds number fixed          Mach number fixed         
  
 xtrf =   1.000 (top)        1.000 (bottom)  
 Mach =   0.000     Re =     0.150 e 6     Ncrit =   9.000
  
   alpha    CL        CD       CDp       CM     Top_Xtr  Bot_Xtr
  ------ -------- --------- --------- -------- -------- --------
 -19.750  -0.6039   0.24449   0.23867   0.0132   1.0000   0.0099
 -18.000  -0.3749   0.20782   0.20282  -0.0155   1.0000   0.0130
 -17.250  -0.5197   0.21112   0.20552  -0.0011   1.0000   0.0128
 -16.500  -0.3597   0.19800   0.19297  -0.0188   1.0000   0.0143
 -16.250  -0.4873   0.19899   0.19343  -0.0067   1.0000   0.0123
 -15.000  -0.3505   0.18666   0.18159  -0.0222   1.0000   0.0195
 -14.750  -0.3522   0.18580   0.18072  -0.0233   1.0000   0.0198
 -14.250  -0.4270   0.17741   0.17198  -0.0169   1.0000   0.0195
 -13.750  -0.4212   0.17540   0.17001  -0.0208   1.0000   0.0200
 -13.000  -0.3952   0.16102   0.15573  -0.0206   1.0000   0.0223
 -12.750  -0.3328   0.16106   0.15607  -0.0250   1.0000   0.0265
 -12.500  -0.3829   0.15526   0.15003  -0.0218   1.0000   0.0251
 -12.250  -0.3773   0.15238   0.14717  -0.0226   1.0000   0.0268
 -12.000  -0.3721   0.14977   0.14459  -0.0236   1.0000   0.0287
 -11.750  -0.3387   0.15389   0.14895  -0.0293   1.0000   0.0300
 -11.500  -0.3723   0.14780   0.14268  -0.0274   1.0000   0.0299
 -11.250  -0.3742   0.14661   0.14153  -0.0291   1.0000   0.0300
 -10.750  -0.3500   0.13434   0.12934  -0.0261   1.0000   0.0330
 -10.250  -0.3124   0.13158   0.12682  -0.0284   1.0000   0.0391
  -8.000  -0.3097   0.10527   0.10093  -0.0248   1.0000   0.0469
  -7.250  -0.3539   0.09826   0.09395  -0.0209   1.0000   0.0484
  -6.000  -0.3777   0.08557   0.08156  -0.0228   1.0000   0.0511
  -5.500  -0.3710   0.07961   0.07569  -0.0213   1.0000   0.0532
  -5.250  -0.3590   0.07797   0.07424  -0.0187   1.0000   0.0554
  -5.000  -0.3469   0.07202   0.06809  -0.0290   1.0000   0.0580
  -4.500  -0.2778   0.05974   0.05565  -0.0474   0.9960   0.0630
  -4.000  -0.1643   0.04517   0.04056  -0.0720   0.9904   0.0745
  -3.750  -0.0583   0.02394   0.01662  -0.0905   0.9985   0.0463
  -3.500  -0.0151   0.02318   0.01565  -0.0946   0.9948   0.0559
  -3.250   0.0295   0.02351   0.01573  -0.0990   0.9905   0.0703
  -2.750   0.1159   0.02036   0.01220  -0.1062   0.9836   0.0752
  -2.500   0.1591   0.01948   0.01126  -0.1098   0.9810   0.0839
  -2.250   0.1977   0.01889   0.01066  -0.1126   0.9759   0.0922
  -2.000   0.2396   0.01851   0.01037  -0.1163   0.9716   0.1072
  -1.750   0.2798   0.01790   0.00994  -0.1195   0.9661   0.1341
  -1.500   0.3242   0.01716   0.00960  -0.1238   0.9618   0.2114
  -1.250   0.3636   0.01654   0.00953  -0.1271   0.9559   0.3416
  -1.000   0.4039   0.01556   0.00957  -0.1304   0.9522   0.6309
  -0.750   0.4234   0.01473   0.00931  -0.1279   0.9428   1.0000
  -0.500   0.4599   0.01468   0.00909  -0.1301   0.9352   1.0000
  -0.250   0.5018   0.01452   0.00879  -0.1333   0.9302   1.0000
   0.000   0.5358   0.01440   0.00858  -0.1349   0.9214   1.0000
   0.250   0.5698   0.01427   0.00838  -0.1364   0.9131   1.0000
   0.500   0.6049   0.01409   0.00815  -0.1381   0.9057   1.0000
   0.750   0.6449   0.01377   0.00791  -0.1407   0.9006   1.0000
   1.000   0.6781   0.01354   0.00764  -0.1418   0.8919   1.0000
   1.250   0.7120   0.01328   0.00733  -0.1430   0.8831   1.0000
   1.500   0.7462   0.01299   0.00700  -0.1441   0.8738   1.0000
   2.000   0.8128   0.01247   0.00639  -0.1460   0.8519   1.0000
   3.500   0.9835   0.01205   0.00547  -0.1450   0.7334   1.0000
   4.000   1.0328   0.01237   0.00550  -0.1433   0.6793   1.0000
   4.500   1.0791   0.01290   0.00576  -0.1413   0.6219   1.0000
   4.750   1.0935   0.01336   0.00570  -0.1382   0.5504   1.0000
   5.000   1.1084   0.01400   0.00585  -0.1357   0.4787   1.0000
   5.250   1.1270   0.01459   0.00612  -0.1340   0.4310   1.0000
   5.500   1.1435   0.01531   0.00641  -0.1322   0.3692   1.0000
   5.750   1.1588   0.01626   0.00683  -0.1302   0.2911   1.0000
   6.000   1.1680   0.01798   0.00770  -0.1273   0.1748   1.0000
   6.250   1.1758   0.02008   0.00908  -0.1243   0.0658   1.0000
   6.500   1.1884   0.02171   0.01051  -0.1215   0.0295   1.0000
   6.750   1.2055   0.02285   0.01180  -0.1192   0.0253   1.0000
   7.000   1.2202   0.02419   0.01334  -0.1165   0.0243   1.0000
   7.250   1.2304   0.02585   0.01519  -0.1132   0.0245   1.0000
   8.000   1.2924   0.03658   0.02608  -0.1074   0.0304   1.0000
  17.500   1.1657   0.24278   0.23793  -0.1584   0.0397   1.0000
  18.750   0.8362   0.24263   0.23845  -0.1181   0.0438   1.0000
  19.250   1.2088   0.26562   0.26072  -0.1822   0.0252   1.0000
