  
       XFOIL         Version 6.99
  
 Calculated polar for: Airfoil_rR0.896617.txt                          
  
 1 1 Reynolds number fixed          Mach number fixed         
  
 xtrf =   1.000 (top)        1.000 (bottom)  
 Mach =   0.000     Re =     0.200 e 6     Ncrit =   9.000
  
   alpha    CL        CD       CDp       CM     Top_Xtr  Bot_Xtr
  ------ -------- --------- --------- -------- -------- --------
 -16.000  -0.3748   0.19614   0.19176  -0.0125   1.0000   0.0100
 -15.500  -0.3718   0.19215   0.18775  -0.0138   1.0000   0.0100
 -14.500  -0.3660   0.18275   0.17833  -0.0164   1.0000   0.0101
 -14.250  -0.3645   0.18012   0.17569  -0.0170   1.0000   0.0102
 -13.250  -0.4309   0.16769   0.16304  -0.0111   1.0000   0.0102
 -12.750  -0.3503   0.15791   0.15355  -0.0195   1.0000   0.0117
 -12.500  -0.3466   0.15484   0.15049  -0.0199   1.0000   0.0122
 -12.000  -0.3396   0.14866   0.14433  -0.0210   1.0000   0.0135
 -11.500  -0.3323   0.14227   0.13797  -0.0224   1.0000   0.0150
 -11.000  -0.3701   0.13433   0.12991  -0.0196   1.0000   0.0151
 -10.500  -0.3585   0.12783   0.12346  -0.0218   1.0000   0.0172
  -5.500  -0.3099   0.06776   0.06406  -0.0477   0.9930   0.0505
  -4.500  -0.1700   0.04585   0.04176  -0.0727   0.9763   0.0721
  -3.000   0.1101   0.01406   0.00632  -0.0969   0.9622   0.0803
  -2.750   0.1453   0.01395   0.00631  -0.0992   0.9565   0.1006
  -2.500   0.1826   0.01376   0.00625  -0.1019   0.9517   0.1274
  -2.250   0.2179   0.01329   0.00591  -0.1041   0.9461   0.1522
  -2.000   0.2564   0.01279   0.00563  -0.1071   0.9420   0.1958
  -1.750   0.2917   0.01235   0.00546  -0.1093   0.9365   0.2628
  -1.250   0.3560   0.01076   0.00522  -0.1124   0.9252   0.6262
  -1.000   0.3859   0.00983   0.00496  -0.1121   0.9203   1.0000
  -0.750   0.4159   0.00972   0.00475  -0.1127   0.9115   1.0000
  -0.500   0.4452   0.00963   0.00456  -0.1132   0.9023   1.0000
  -0.250   0.4747   0.00952   0.00438  -0.1138   0.8934   1.0000
   0.000   0.5039   0.00942   0.00420  -0.1142   0.8838   1.0000
   0.250   0.5323   0.00934   0.00405  -0.1144   0.8735   1.0000
   0.500   0.5602   0.00931   0.00395  -0.1146   0.8626   1.0000
   0.750   0.5877   0.00929   0.00387  -0.1146   0.8512   1.0000
   1.000   0.6143   0.00931   0.00384  -0.1145   0.8385   1.0000
   1.250   0.6401   0.00934   0.00382  -0.1143   0.8241   1.0000
   1.500   0.6666   0.00936   0.00375  -0.1141   0.8101   1.0000
   1.750   0.6921   0.00940   0.00372  -0.1137   0.7934   1.0000
   2.000   0.7180   0.00943   0.00363  -0.1133   0.7751   1.0000
   2.250   0.7429   0.00950   0.00354  -0.1126   0.7506   1.0000
   2.500   0.7665   0.00961   0.00348  -0.1117   0.7204   1.0000
   2.750   0.7901   0.00974   0.00343  -0.1108   0.6897   1.0000
   3.250   0.8386   0.01017   0.00355  -0.1096   0.6398   1.0000
   5.250   1.0150   0.01341   0.00502  -0.1029   0.3275   1.0000
   5.750   1.0457   0.01595   0.00629  -0.0999   0.1290   1.0000
   6.000   1.0643   0.01691   0.00688  -0.0988   0.0795   1.0000
   6.250   1.0845   0.01767   0.00733  -0.0979   0.0517   1.0000
   7.000   1.1423   0.02055   0.01025  -0.0932   0.0199   1.0000
   7.250   1.1564   0.02204   0.01196  -0.0907   0.0197   1.0000
