  
       XFOIL         Version 6.99
  
 Calculated polar for: Airfoil_rR0.442900.txt                          
  
 1 1 Reynolds number fixed          Mach number fixed         
  
 xtrf =   1.000 (top)        1.000 (bottom)  
 Mach =   0.000     Re =     0.250 e 6     Ncrit =   9.000
  
   alpha    CL        CD       CDp       CM     Top_Xtr  Bot_Xtr
  ------ -------- --------- --------- -------- -------- --------
 -12.500  -0.3571   0.15407   0.15030  -0.0208   1.0000   0.0209
 -12.000  -0.3475   0.14896   0.14524  -0.0198   1.0000   0.0230
 -10.250  -0.3556   0.13246   0.12890  -0.0237   1.0000   0.0399
  -9.250  -0.3307   0.11931   0.11585  -0.0193   1.0000   0.0421
  -8.750  -0.3248   0.11535   0.11195  -0.0176   1.0000   0.0450
  -7.500  -0.3546   0.10330   0.09996  -0.0143   1.0000   0.0478
  -6.750  -0.3890   0.09983   0.09663  -0.0103   1.0000   0.0494
  -6.500  -0.3614   0.09553   0.09230  -0.0245   0.9927   0.0499
  -6.000  -0.3166   0.08543   0.08220  -0.0365   0.9829   0.0506
  -5.500  -0.2394   0.07851   0.07538  -0.0406   0.9706   0.0523
  -5.250  -0.2220   0.07531   0.07218  -0.0435   0.9640   0.0532
  -5.000  -0.1934   0.07129   0.06816  -0.0498   0.9605   0.0548
  -4.750  -0.1708   0.06729   0.06414  -0.0555   0.9536   0.0567
  -3.750  -0.0500   0.05135   0.04789  -0.0889   0.9432   0.0645
  -3.250   0.0789   0.03885   0.03467  -0.1182   0.9409   0.0808
  -1.750   0.3659   0.01958   0.01292  -0.1484   0.9300   0.0511
  -1.250   0.4394   0.01700   0.01008  -0.1515   0.9214   0.0422
  -1.000   0.4733   0.01653   0.00959  -0.1524   0.9159   0.0404
  -0.750   0.5129   0.01562   0.00871  -0.1547   0.9124   0.0395
  -0.500   0.5567   0.01470   0.00783  -0.1578   0.9104   0.0387
  -0.250   0.5899   0.01416   0.00752  -0.1587   0.9032   0.0392
   0.000   0.6325   0.01344   0.00674  -0.1614   0.9006   0.0395
   0.500   0.7024   0.01238   0.00567  -0.1637   0.8860   0.0504
   0.750   0.7486   0.01119   0.00529  -0.1678   0.8808   0.3223
   1.000   0.7875   0.01036   0.00514  -0.1702   0.8709   0.5679
   1.250   0.8172   0.00966   0.00499  -0.1701   0.8565   0.7893
   1.500   0.8569   0.00904   0.00446  -0.1720   0.8417   1.0000
   1.750   0.8961   0.00894   0.00424  -0.1742   0.8184   1.0000
   2.000   0.9417   0.00892   0.00404  -0.1779   0.7941   1.0000
   2.250   0.9761   0.00903   0.00399  -0.1792   0.7661   1.0000
   2.500   1.0055   0.00922   0.00401  -0.1795   0.7366   1.0000
   2.750   1.0331   0.00948   0.00407  -0.1794   0.7064   1.0000
   3.000   1.0576   0.00978   0.00418  -0.1786   0.6748   1.0000
   3.250   1.0799   0.01012   0.00432  -0.1774   0.6416   1.0000
   3.500   1.1010   0.01049   0.00449  -0.1760   0.6088   1.0000
   3.750   1.1155   0.01107   0.00469  -0.1731   0.5496   1.0000
   4.000   1.1258   0.01187   0.00496  -0.1695   0.4765   1.0000
   4.250   1.1400   0.01256   0.00526  -0.1669   0.4180   1.0000
   4.500   1.1583   0.01310   0.00555  -0.1652   0.3802   1.0000
   4.750   1.1768   0.01366   0.00586  -0.1636   0.3417   1.0000
   5.000   1.1950   0.01426   0.00617  -0.1619   0.3016   1.0000
   5.250   1.2124   0.01495   0.00652  -0.1602   0.2555   1.0000
   5.500   1.2277   0.01591   0.00696  -0.1582   0.1876   1.0000
   5.750   1.2402   0.01732   0.00774  -0.1557   0.1107   1.0000
   6.250   1.2689   0.01980   0.00967  -0.1509   0.0189   1.0000
   6.500   1.2891   0.02037   0.01033  -0.1492   0.0186   1.0000
   6.750   1.3086   0.02104   0.01112  -0.1474   0.0188   1.0000
   7.000   1.3268   0.02182   0.01206  -0.1453   0.0193   1.0000
   7.250   1.3425   0.02281   0.01326  -0.1428   0.0198   1.0000
   7.750   1.3717   0.02477   0.01548  -0.1376   0.0223   1.0000
   8.000   1.3823   0.02607   0.01694  -0.1341   0.0247   1.0000
