  
       XFOIL         Version 6.99
  
 Calculated polar for: Airfoil_rR0.843233.txt                          
  
 1 1 Reynolds number fixed          Mach number fixed         
  
 xtrf =   1.000 (top)        1.000 (bottom)  
 Mach =   0.000     Re =     0.050 e 6     Ncrit =   9.000
  
   alpha    CL        CD       CDp       CM     Top_Xtr  Bot_Xtr
  ------ -------- --------- --------- -------- -------- --------
 -20.000  -0.6523   0.24657   0.23699   0.0281   1.0000   0.0365
 -19.750  -0.6434   0.24459   0.23503   0.0259   1.0000   0.0386
 -19.500  -0.6361   0.24461   0.23505   0.0231   1.0000   0.0397
 -19.250  -0.6325   0.24732   0.23777   0.0199   1.0000   0.0401
 -19.000  -0.6169   0.23653   0.22704   0.0203   1.0000   0.0423
 -18.750  -0.6076   0.23347   0.22401   0.0188   1.0000   0.0447
 -18.500  -0.3972   0.21544   0.20711  -0.0091   1.0000   0.0522
 -18.250  -0.5897   0.22802   0.21858   0.0153   1.0000   0.0469
 -18.000  -0.3892   0.21082   0.20245  -0.0106   1.0000   0.0549
 -17.500  -0.3836   0.20807   0.19969  -0.0125   1.0000   0.0589
 -17.250  -0.3840   0.20859   0.20019  -0.0137   1.0000   0.0598
 -17.000  -0.5458   0.21406   0.20483   0.0069   1.0000   0.0548
 -16.750  -0.5373   0.21100   0.20169   0.0053   1.0000   0.0547
 -16.500  -0.5288   0.20841   0.19911   0.0036   1.0000   0.0573
 -16.250  -0.3678   0.19878   0.19039  -0.0158   1.0000   0.0676
 -16.000  -0.5182   0.20732   0.19807  -0.0011   1.0000   0.0600
 -15.750  -0.3739   0.20013   0.19170  -0.0177   1.0000   0.0700
 -15.500  -0.3637   0.19409   0.18570  -0.0177   1.0000   0.0722
 -15.250  -0.4872   0.19429   0.18513  -0.0038   1.0000   0.0673
 -15.000  -0.4819   0.19315   0.18402  -0.0059   1.0000   0.0694
 -14.750  -0.4813   0.19418   0.18509  -0.0085   1.0000   0.0701
 -14.500  -0.4636   0.18560   0.17656  -0.0079   1.0000   0.0735
 -14.250  -0.4557   0.18278   0.17375  -0.0091   1.0000   0.0770
 -14.000  -0.4517   0.18175   0.17277  -0.0111   1.0000   0.0795
 -13.750  -0.4534   0.18291   0.17396  -0.0137   1.0000   0.0802
 -13.500  -0.4339   0.17406   0.16515  -0.0129   1.0000   0.0832
 -13.250  -0.4259   0.17096   0.16209  -0.0138   1.0000   0.0860
 -12.500  -0.3403   0.16412   0.15580  -0.0231   1.0000   0.0970
 -12.250  -0.3991   0.15903   0.15032  -0.0180   1.0000   0.0944
 -12.000  -0.3932   0.15628   0.14761  -0.0190   1.0000   0.0974
 -11.750  -0.3920   0.15497   0.14636  -0.0207   1.0000   0.0995
 -11.500  -0.3901   0.15291   0.14437  -0.0221   1.0000   0.1006
 -11.250  -0.3754   0.14705   0.13854  -0.0215   1.0000   0.1042
 -10.500  -0.3628   0.13860   0.13026  -0.0240   1.0000   0.1122
  -9.500  -0.3177   0.12935   0.12153  -0.0276   1.0000   0.1294
  -9.000  -0.3088   0.12226   0.11457  -0.0270   1.0000   0.1370
  -8.250  -0.3115   0.11457   0.10714  -0.0265   1.0000   0.1490
  -8.000  -0.3412   0.11096   0.10336  -0.0255   1.0000   0.1492
  -7.250  -0.3600   0.10546   0.09822  -0.0228   1.0000   0.1600
  -6.750  -0.3633   0.10021   0.09318  -0.0217   1.0000   0.1700
  -6.500  -0.3401   0.09783   0.09114  -0.0187   1.0000   0.1794
  -6.000  -0.3487   0.09298   0.08650  -0.0182   1.0000   0.1899
  -5.750  -0.3589   0.08798   0.08131  -0.0184   1.0000   0.1932
  -5.500  -0.3593   0.08551   0.07892  -0.0202   1.0000   0.2011
  -5.250  -0.3560   0.08269   0.07616  -0.0217   1.0000   0.2105
  -5.000  -0.3504   0.07943   0.07296  -0.0220   1.0000   0.2206
  -4.750  -0.3436   0.07601   0.06960  -0.0218   1.0000   0.2312
  -4.500  -0.3356   0.07258   0.06622  -0.0214   1.0000   0.2429
  -3.500  -0.1344   0.03999   0.03115  -0.0692   1.0000   0.0892
  -3.250  -0.0835   0.03380   0.02405  -0.0744   1.0000   0.0931
  -3.000  -0.0561   0.03262   0.02291  -0.0754   1.0000   0.1435
  -2.750  -0.0244   0.03093   0.02101  -0.0769   1.0000   0.1816
  -2.500   0.0089   0.02909   0.01884  -0.0784   1.0000   0.1973
  -2.250   0.0409   0.02760   0.01694  -0.0796   1.0000   0.2092
  -2.000   0.0693   0.02668   0.01588  -0.0804   1.0000   0.2296
  -1.750   0.0959   0.02592   0.01516  -0.0809   1.0000   0.2570
  -1.500   0.1244   0.02515   0.01432  -0.0815   1.0000   0.2918
  -1.250   0.1527   0.02444   0.01391  -0.0824   1.0000   0.3628
  -1.000   0.1887   0.02220   0.01328  -0.0837   1.0000   0.6227
  -0.750   0.1898   0.02166   0.01291  -0.0788   1.0000   1.0000
  -0.500   0.2127   0.02226   0.01309  -0.0793   1.0000   1.0000
  -0.250   0.2343   0.02292   0.01347  -0.0797   1.0000   1.0000
   0.000   0.2551   0.02364   0.01399  -0.0801   1.0000   1.0000
   0.250   0.2752   0.02443   0.01461  -0.0805   1.0000   1.0000
   0.500   0.2947   0.02529   0.01534  -0.0809   1.0000   1.0000
   0.750   0.3137   0.02622   0.01616  -0.0814   1.0000   1.0000
   1.000   0.3320   0.02722   0.01708  -0.0818   1.0000   1.0000
   1.250   0.3628   0.02838   0.01816  -0.0848   0.9934   1.0000
   1.500   0.4136   0.02964   0.01934  -0.0913   0.9785   1.0000
   1.750   0.4567   0.03070   0.02036  -0.0963   0.9627   1.0000
   2.000   0.4984   0.03170   0.02135  -0.1007   0.9475   1.0000
   2.250   0.5389   0.03262   0.02233  -0.1047   0.9320   1.0000
   2.500   0.5752   0.03350   0.02319  -0.1078   0.9163   1.0000
   2.750   0.6143   0.03431   0.02400  -0.1112   0.9013   1.0000
   3.000   0.6462   0.03514   0.02484  -0.1132   0.8851   1.0000
   3.250   0.6879   0.03575   0.02547  -0.1166   0.8703   1.0000
   3.500   0.7174   0.03648   0.02623  -0.1178   0.8527   1.0000
   3.750   0.7500   0.03711   0.02690  -0.1192   0.8360   1.0000
   4.000   0.7875   0.03756   0.02741  -0.1213   0.8210   1.0000
   5.750   1.0427   0.03483   0.02546  -0.1223   0.6958   1.0000
   6.000   1.0929   0.03155   0.02227  -0.1202   0.6672   1.0000
   6.250   1.1273   0.02711   0.01751  -0.1133   0.6039   1.0000
   6.500   1.1371   0.02555   0.01538  -0.1062   0.5284   1.0000
   6.750   1.1478   0.02575   0.01539  -0.1021   0.4731   1.0000
   7.000   1.1494   0.02651   0.01574  -0.0968   0.3816   1.0000
   8.250   1.1571   0.04350   0.02997  -0.0758   0.0576   1.0000
   8.750   1.2486   0.05429   0.04168  -0.0763   0.0565   1.0000
  19.750   1.1967   0.27928   0.27081  -0.1670   0.1000   1.0000
