  
       XFOIL         Version 6.99
  
 Calculated polar for: Airfoil_rR0.549650.txt                          
  
 1 1 Reynolds number fixed          Mach number fixed         
  
 xtrf =   1.000 (top)        1.000 (bottom)  
 Mach =   0.000     Re =     0.100 e 6     Ncrit =   9.000
  
   alpha    CL        CD       CDp       CM     Top_Xtr  Bot_Xtr
  ------ -------- --------- --------- -------- -------- --------
 -19.250  -0.5578   0.23549   0.22863   0.0039   1.0000   0.0237
 -18.750  -0.5428   0.23033   0.22351   0.0015   1.0000   0.0258
 -17.000  -0.4980   0.21717   0.21048  -0.0087   1.0000   0.0299
 -16.750  -0.4941   0.21615   0.20949  -0.0103   1.0000   0.0299
 -16.500  -0.4907   0.21519   0.20856  -0.0117   1.0000   0.0300
 -13.250  -0.3650   0.17550   0.16949  -0.0243   1.0000   0.0400
 -12.250  -0.3803   0.15433   0.14818  -0.0205   1.0000   0.0429
 -12.000  -0.3365   0.15473   0.14885  -0.0226   1.0000   0.0476
 -11.750  -0.3713   0.14860   0.14251  -0.0211   1.0000   0.0472
 -11.500  -0.3720   0.14695   0.14089  -0.0226   1.0000   0.0494
 -10.750  -0.3383   0.14106   0.13533  -0.0247   1.0000   0.0596
 -10.500  -0.3275   0.13580   0.13011  -0.0229   1.0000   0.0642
 -10.000  -0.3573   0.12937   0.12358  -0.0231   1.0000   0.0692
  -9.250  -0.3370   0.12653   0.12109  -0.0239   1.0000   0.0798
  -9.000  -0.3635   0.12255   0.11698  -0.0236   1.0000   0.0798
  -8.500  -0.3400   0.11459   0.10909  -0.0204   1.0000   0.0840
  -8.000  -0.3394   0.11054   0.10514  -0.0192   1.0000   0.0870
  -7.750  -0.3436   0.10902   0.10368  -0.0188   1.0000   0.0884
  -7.500  -0.3572   0.10858   0.10333  -0.0184   1.0000   0.0895
  -7.250  -0.3790   0.10884   0.10369  -0.0171   1.0000   0.0899
  -7.000  -0.3861   0.10691   0.10184  -0.0167   1.0000   0.0902
  -6.750  -0.3695   0.10248   0.09743  -0.0139   1.0000   0.0911
  -6.250  -0.3671   0.09808   0.09312  -0.0104   1.0000   0.0934
  -5.750  -0.3538   0.09570   0.09103  -0.0091   1.0000   0.0984
  -5.500  -0.3723   0.09229   0.08750  -0.0148   1.0000   0.0995
  -4.750  -0.3586   0.08434   0.07969  -0.0135   1.0000   0.1030
  -4.500  -0.3512   0.08197   0.07734  -0.0143   1.0000   0.1054
  -4.250  -0.3247   0.07764   0.07297  -0.0273   1.0000   0.1106
  -4.000  -0.3212   0.07549   0.07087  -0.0239   1.0000   0.1117
  -3.250  -0.2694   0.06711   0.06251  -0.0324   1.0000   0.1232
  -2.750  -0.2212   0.06146   0.05682  -0.0407   1.0000   0.1348
  -2.250  -0.1309   0.05469   0.04976  -0.0600   0.9983   0.1604
  -1.250   0.1530   0.03579   0.02895  -0.1073   0.9801   0.1089
  -1.000   0.2167   0.03111   0.02321  -0.1140   0.9765   0.0754
  -0.750   0.2674   0.02950   0.02098  -0.1182   0.9712   0.0679
  -0.500   0.3107   0.02841   0.01967  -0.1213   0.9634   0.0647
  -0.250   0.3543   0.02761   0.01868  -0.1243   0.9555   0.0623
   0.000   0.3980   0.02706   0.01809  -0.1274   0.9478   0.0613
   0.250   0.4428   0.02659   0.01764  -0.1308   0.9402   0.0618
   0.500   0.4845   0.02622   0.01766  -0.1337   0.9310   0.0672
   0.750   0.5267   0.02583   0.01725  -0.1366   0.9218   0.0755
   1.000   0.5737   0.02414   0.01731  -0.1407   0.9144   0.5868
   1.250   0.6032   0.02310   0.01677  -0.1400   0.9032   1.0000
   1.500   0.6463   0.02283   0.01630  -0.1427   0.8926   1.0000
   1.750   0.6894   0.02249   0.01582  -0.1453   0.8824   1.0000
   2.250   0.7754   0.02149   0.01466  -0.1500   0.8617   1.0000
   2.500   0.8200   0.02072   0.01385  -0.1524   0.8515   1.0000
   2.750   0.8657   0.01983   0.01292  -0.1548   0.8416   1.0000
   3.000   0.9138   0.01882   0.01190  -0.1576   0.8305   1.0000
   3.250   0.9549   0.01809   0.01115  -0.1591   0.8140   1.0000
   3.500   1.0069   0.01716   0.01020  -0.1628   0.7973   1.0000
   3.750   1.0521   0.01660   0.00960  -0.1653   0.7732   1.0000
   4.000   1.0950   0.01624   0.00916  -0.1674   0.7440   1.0000
   4.250   1.1353   0.01609   0.00885  -0.1691   0.7102   1.0000
   4.500   1.1634   0.01619   0.00870  -0.1683   0.6630   1.0000
   4.750   1.1784   0.01657   0.00843  -0.1646   0.5815   1.0000
   5.000   1.1924   0.01721   0.00858  -0.1615   0.5148   1.0000
   5.250   1.2096   0.01784   0.00887  -0.1593   0.4694   1.0000
   5.500   1.2250   0.01853   0.00921  -0.1569   0.4212   1.0000
   5.750   1.2391   0.01933   0.00965  -0.1542   0.3692   1.0000
   6.000   1.2539   0.02020   0.01027  -0.1517   0.3181   1.0000
   6.250   1.2631   0.02156   0.01103  -0.1485   0.2368   1.0000
   6.500   1.2772   0.02282   0.01191  -0.1460   0.1754   1.0000
   6.750   1.2851   0.02492   0.01326  -0.1429   0.0740   1.0000
   7.000   1.2937   0.02698   0.01494  -0.1395   0.0368   1.0000
   7.250   1.3084   0.02831   0.01639  -0.1369   0.0337   1.0000
   7.500   1.3214   0.02971   0.01798  -0.1340   0.0327   1.0000
   8.000   1.3392   0.03288   0.02157  -0.1272   0.0327   1.0000
   8.250   1.3449   0.03474   0.02361  -0.1234   0.0333   1.0000
   8.500   1.3524   0.03691   0.02592  -0.1199   0.0343   1.0000
   8.750   1.4585   0.05166   0.04203  -0.1277   0.0500   1.0000
