  
       XFOIL         Version 6.99
  
 Calculated polar for: Airfoil_rR0.576350.txt                          
  
 1 1 Reynolds number fixed          Mach number fixed         
  
 xtrf =   1.000 (top)        1.000 (bottom)  
 Mach =   0.000     Re =     0.200 e 6     Ncrit =   9.000
  
   alpha    CL        CD       CDp       CM     Top_Xtr  Bot_Xtr
  ------ -------- --------- --------- -------- -------- --------
 -13.500  -0.4127   0.16665   0.16217  -0.0167   1.0000   0.0211
 -13.250  -0.4069   0.16354   0.15908  -0.0170   1.0000   0.0214
 -13.000  -0.4016   0.16049   0.15605  -0.0173   1.0000   0.0216
 -12.750  -0.3963   0.15751   0.15309  -0.0177   1.0000   0.0219
 -12.500  -0.3913   0.15456   0.15016  -0.0180   1.0000   0.0223
 -12.250  -0.3866   0.15162   0.14725  -0.0183   1.0000   0.0227
 -11.750  -0.3780   0.14577   0.14144  -0.0188   1.0000   0.0239
 -11.000  -0.3673   0.13701   0.13276  -0.0197   1.0000   0.0276
  -9.000  -0.3549   0.11437   0.11039  -0.0191   1.0000   0.0450
  -8.250  -0.3689   0.10981   0.10596  -0.0196   1.0000   0.0495
  -8.000  -0.3638   0.11105   0.10738  -0.0199   1.0000   0.0499
  -7.000  -0.3411   0.09990   0.09637  -0.0125   1.0000   0.0552
  -6.500  -0.3555   0.09667   0.09324  -0.0091   1.0000   0.0563
  -6.250  -0.3660   0.09530   0.09192  -0.0069   1.0000   0.0568
  -5.500  -0.3228   0.08121   0.07765  -0.0407   0.9909   0.0602
  -5.000  -0.2888   0.07495   0.07143  -0.0399   0.9821   0.0613
  -2.750   0.0695   0.04043   0.03621  -0.1074   0.9443   0.0943
  -2.500   0.1191   0.03735   0.03294  -0.1147   0.9420   0.1038
  -1.250   0.3832   0.02121   0.01392  -0.1423   0.9320   0.0500
  -1.000   0.4276   0.01957   0.01223  -0.1457   0.9301   0.0471
  -0.750   0.4607   0.01869   0.01132  -0.1466   0.9231   0.0449
  -0.500   0.5038   0.01786   0.01049  -0.1496   0.9206   0.0431
  -0.250   0.5380   0.01730   0.00995  -0.1508   0.9135   0.0422
   0.000   0.5823   0.01662   0.00952  -0.1540   0.9105   0.0434
   0.250   0.6175   0.01610   0.00897  -0.1553   0.9029   0.0443
   0.500   0.6629   0.01537   0.00821  -0.1585   0.9000   0.0474
   0.750   0.6983   0.01457   0.00779  -0.1600   0.8919   0.1543
   1.250   0.7683   0.01187   0.00701  -0.1621   0.8808   1.0000
   1.500   0.8061   0.01144   0.00648  -0.1638   0.8712   1.0000
   1.750   0.8455   0.01103   0.00600  -0.1658   0.8600   1.0000
   2.000   0.8843   0.01071   0.00560  -0.1678   0.8450   1.0000
   2.250   0.9276   0.01042   0.00523  -0.1707   0.8263   1.0000
   2.750   1.0102   0.01025   0.00480  -0.1760   0.7764   1.0000
   3.000   1.0450   0.01036   0.00474  -0.1773   0.7471   1.0000
   3.500   1.1004   0.01086   0.00488  -0.1771   0.6827   1.0000
   3.750   1.1188   0.01138   0.00497  -0.1748   0.6205   1.0000
   4.000   1.1288   0.01219   0.00516  -0.1709   0.5339   1.0000
   4.250   1.1422   0.01290   0.00544  -0.1680   0.4715   1.0000
   4.500   1.1592   0.01349   0.00573  -0.1660   0.4263   1.0000
   4.750   1.1757   0.01413   0.00605  -0.1639   0.3799   1.0000
   5.000   1.1917   0.01485   0.00639  -0.1619   0.3268   1.0000
   5.250   1.2054   0.01584   0.00682  -0.1595   0.2548   1.0000
   5.500   1.2190   0.01711   0.00751  -0.1571   0.1733   1.0000
   5.750   1.2297   0.01886   0.00856  -0.1544   0.0758   1.0000
   6.000   1.2425   0.02039   0.00969  -0.1517   0.0228   1.0000
   6.250   1.2625   0.02107   0.01047  -0.1499   0.0209   1.0000
   6.500   1.2818   0.02182   0.01139  -0.1480   0.0207   1.0000
   6.750   1.3000   0.02268   0.01242  -0.1459   0.0212   1.0000
   7.000   1.3170   0.02360   0.01352  -0.1436   0.0221   1.0000
   7.250   1.3318   0.02465   0.01476  -0.1409   0.0236   1.0000
   7.500   1.3416   0.02608   0.01637  -0.1372   0.0254   1.0000
   7.750   1.3487   0.02804   0.01845  -0.1332   0.0275   1.0000
