  
       XFOIL         Version 6.99
  
 Calculated polar for: Airfoil_rR0.970200.txt                          
  
 1 1 Reynolds number fixed          Mach number fixed         
  
 xtrf =   1.000 (top)        1.000 (bottom)  
 Mach =   0.000     Re =     0.100 e 6     Ncrit =   9.000
  
   alpha    CL        CD       CDp       CM     Top_Xtr  Bot_Xtr
  ------ -------- --------- --------- -------- -------- --------
 -20.000  -0.6871   0.25708   0.25022   0.0390   1.0000   0.0102
 -19.000  -0.4233   0.21709   0.21117   0.0022   1.0000   0.0146
 -17.250  -0.5830   0.21614   0.20956   0.0210   1.0000   0.0166
 -16.750  -0.5647   0.21007   0.20346   0.0174   1.0000   0.0166
 -16.500  -0.5554   0.20707   0.20048   0.0156   1.0000   0.0173
 -16.250  -0.3841   0.19541   0.18944  -0.0081   1.0000   0.0219
 -16.000  -0.5370   0.20132   0.19474   0.0118   1.0000   0.0189
 -15.750  -0.5286   0.19952   0.19294   0.0092   1.0000   0.0197
 -15.500  -0.5234   0.19918   0.19262   0.0061   1.0000   0.0201
 -15.250  -0.3749   0.18841   0.18241  -0.0105   1.0000   0.0282
 -15.000  -0.5027   0.18887   0.18239   0.0051   1.0000   0.0222
 -14.750  -0.3769   0.18657   0.18054  -0.0128   1.0000   0.0298
 -14.500  -0.3807   0.18612   0.18007  -0.0139   1.0000   0.0300
 -14.250  -0.4769   0.17999   0.17356   0.0006   1.0000   0.0280
 -14.000  -0.3686   0.17681   0.17081  -0.0140   1.0000   0.0316
 -13.750  -0.4657   0.17721   0.17082  -0.0046   1.0000   0.0299
 -13.500  -0.4635   0.17650   0.17012  -0.0073   1.0000   0.0301
 -13.000  -0.4376   0.16418   0.15788  -0.0067   1.0000   0.0333
 -12.750  -0.3609   0.16441   0.15842  -0.0178   1.0000   0.0397
 -12.500  -0.4225   0.15810   0.15185  -0.0094   1.0000   0.0377
 -12.250  -0.4176   0.15621   0.14998  -0.0118   1.0000   0.0395
 -12.000  -0.4174   0.15562   0.14942  -0.0148   1.0000   0.0400
 -11.500  -0.3954   0.14517   0.13905  -0.0144   1.0000   0.0437
 -11.250  -0.3886   0.14206   0.13597  -0.0155   1.0000   0.0465
 -11.000  -0.3845   0.13968   0.13362  -0.0175   1.0000   0.0491
 -10.750  -0.3312   0.13702   0.13121  -0.0223   1.0000   0.0545
 -10.500  -0.3909   0.13846   0.13248  -0.0243   1.0000   0.0502
  -8.000  -0.3492   0.10512   0.09970  -0.0295   1.0000   0.0799
  -7.500  -0.3063   0.09708   0.09195  -0.0272   1.0000   0.0857
  -6.750  -0.3491   0.09378   0.08896  -0.0262   1.0000   0.0900
  -4.750  -0.3336   0.06629   0.06154  -0.0324   1.0000   0.1123
  -4.250  -0.3041   0.05900   0.05418  -0.0363   1.0000   0.1240
  -4.000  -0.2818   0.05492   0.04999  -0.0401   1.0000   0.1328
  -3.000  -0.0902   0.01905   0.01063  -0.0610   0.9989   0.0442
  -2.750  -0.0344   0.02056   0.01120  -0.0654   1.0000   0.0466
  -2.500   0.0042   0.01876   0.00950  -0.0667   1.0000   0.1097
  -2.250   0.0301   0.01892   0.00973  -0.0676   0.9987   0.1419
  -2.000   0.0759   0.01946   0.01047  -0.0730   0.9909   0.1937
  -1.750   0.1202   0.01909   0.01027  -0.0773   0.9831   0.2324
  -1.500   0.1643   0.01854   0.01005  -0.0815   0.9758   0.2975
  -1.000   0.2407   0.01638   0.00982  -0.0863   0.9609   1.0000
  -0.750   0.2815   0.01656   0.00978  -0.0897   0.9511   1.0000
  -0.500   0.3220   0.01670   0.00974  -0.0930   0.9412   1.0000
  -0.250   0.3620   0.01678   0.00970  -0.0961   0.9311   1.0000
   0.000   0.4011   0.01682   0.00965  -0.0989   0.9211   1.0000
   0.250   0.4396   0.01682   0.00958  -0.1015   0.9111   1.0000
   0.500   0.4768   0.01679   0.00950  -0.1037   0.9011   1.0000
   0.750   0.5126   0.01672   0.00940  -0.1056   0.8913   1.0000
   1.000   0.5474   0.01663   0.00928  -0.1071   0.8812   1.0000
   1.250   0.5811   0.01652   0.00915  -0.1083   0.8709   1.0000
   1.500   0.6138   0.01639   0.00899  -0.1092   0.8603   1.0000
   1.750   0.6417   0.01639   0.00897  -0.1092   0.8470   1.0000
   2.000   0.6707   0.01637   0.00892  -0.1094   0.8346   1.0000
   2.250   0.7001   0.01630   0.00882  -0.1095   0.8225   1.0000
   2.500   0.7296   0.01617   0.00867  -0.1095   0.8103   1.0000
   2.750   0.7550   0.01621   0.00868  -0.1089   0.7947   1.0000
   3.000   0.7840   0.01603   0.00845  -0.1086   0.7812   1.0000
   3.250   0.8100   0.01592   0.00828  -0.1077   0.7633   1.0000
   3.750   0.8608   0.01563   0.00780  -0.1052   0.7211   1.0000
   4.000   0.8841   0.01557   0.00767  -0.1038   0.6967   1.0000
   4.250   0.9085   0.01551   0.00747  -0.1025   0.6724   1.0000
   4.500   0.9319   0.01559   0.00743  -0.1013   0.6469   1.0000
   5.750   1.0390   0.01661   0.00782  -0.0941   0.4834   1.0000
   6.250   1.0672   0.01820   0.00836  -0.0895   0.3143   1.0000
   6.500   1.0755   0.02006   0.00920  -0.0870   0.1791   1.0000
   7.000   1.0734   0.01911   0.00766  -0.0784   0.0676   1.0000
   7.500   1.1151   0.02788   0.01618  -0.0760   0.0360   1.0000
   7.750   1.1232   0.02992   0.01828  -0.0728   0.0327   1.0000
   8.000   1.1335   0.03248   0.02082  -0.0700   0.0312   1.0000
   8.250   1.1600   0.03604   0.02437  -0.0689   0.0310   1.0000
   8.500   1.1981   0.04077   0.02964  -0.0682   0.0337   1.0000
  17.500   1.0717   0.23705   0.23083  -0.1338   0.0650   1.0000
