  
       XFOIL         Version 6.99
  
 Calculated polar for: Airfoil_rR0.442900.txt                          
  
 1 1 Reynolds number fixed          Mach number fixed         
  
 xtrf =   1.000 (top)        1.000 (bottom)  
 Mach =   0.000     Re =     0.100 e 6     Ncrit =   9.000
  
   alpha    CL        CD       CDp       CM     Top_Xtr  Bot_Xtr
  ------ -------- --------- --------- -------- -------- --------
 -19.750  -0.3924   0.22682   0.22078  -0.0114   1.0000   0.0275
 -18.750  -0.3856   0.22422   0.21817  -0.0152   1.0000   0.0298
 -16.500  -0.4760   0.20659   0.20001  -0.0107   1.0000   0.0307
 -16.250  -0.4670   0.20228   0.19573  -0.0108   1.0000   0.0313
 -14.250  -0.3577   0.18644   0.18058  -0.0229   1.0000   0.0399
 -13.750  -0.4132   0.17790   0.17174  -0.0204   1.0000   0.0399
 -13.000  -0.3913   0.16214   0.15591  -0.0198   1.0000   0.0427
 -12.750  -0.3856   0.15923   0.15303  -0.0200   1.0000   0.0446
 -11.250  -0.3302   0.14416   0.13840  -0.0231   1.0000   0.0661
 -10.250  -0.3242   0.13490   0.12928  -0.0234   1.0000   0.0789
  -8.500  -0.3336   0.11542   0.10992  -0.0206   1.0000   0.0846
  -8.000  -0.3342   0.11152   0.10612  -0.0195   1.0000   0.0875
  -7.500  -0.3528   0.11374   0.10870  -0.0192   1.0000   0.0900
  -7.250  -0.3831   0.11065   0.10552  -0.0177   1.0000   0.0900
  -6.750  -0.3235   0.10330   0.09838  -0.0142   1.0000   0.0930
  -6.000  -0.3645   0.09727   0.09238  -0.0092   1.0000   0.0956
  -5.750  -0.3682   0.09546   0.09063  -0.0092   1.0000   0.0975
  -5.000  -0.3659   0.08812   0.08345  -0.0129   1.0000   0.1017
  -4.750  -0.3612   0.08589   0.08126  -0.0118   1.0000   0.1034
  -4.500  -0.3448   0.08501   0.08060  -0.0105   1.0000   0.1073
  -4.000  -0.3289   0.07716   0.07259  -0.0214   1.0000   0.1119
  -3.750  -0.3198   0.07498   0.07044  -0.0211   1.0000   0.1144
  -3.500  -0.2877   0.07068   0.06607  -0.0319   1.0000   0.1211
  -3.250  -0.2477   0.06684   0.06210  -0.0432   1.0000   0.1302
  -3.000  -0.2450   0.06599   0.06157  -0.0356   0.9985   0.1313
  -2.750  -0.2085   0.06150   0.05676  -0.0475   1.0000   0.1406
  -1.250   0.1456   0.03787   0.03157  -0.1066   0.9689   0.1330
  -1.000   0.2327   0.03033   0.02195  -0.1166   0.9703   0.0682
  -0.750   0.2758   0.02902   0.02038  -0.1198   0.9625   0.0649
  -0.500   0.3195   0.02806   0.01915  -0.1227   0.9547   0.0623
  -0.250   0.3627   0.02741   0.01843  -0.1256   0.9468   0.0613
   0.000   0.4088   0.02686   0.01791  -0.1292   0.9400   0.0616
   0.250   0.4503   0.02641   0.01747  -0.1320   0.9308   0.0637
   0.500   0.4920   0.02600   0.01745  -0.1347   0.9216   0.0746
   0.750   0.5393   0.02448   0.01738  -0.1390   0.9141   0.4734
   1.250   0.6093   0.02291   0.01657  -0.1403   0.8930   1.0000
   1.750   0.6951   0.02220   0.01558  -0.1453   0.8727   1.0000
   2.000   0.7376   0.02171   0.01500  -0.1476   0.8624   1.0000
   2.250   0.7813   0.02105   0.01427  -0.1499   0.8522   1.0000
   2.500   0.8266   0.02020   0.01337  -0.1522   0.8424   1.0000
   2.750   0.8726   0.01931   0.01244  -0.1547   0.8319   1.0000
   3.000   0.9218   0.01831   0.01141  -0.1576   0.8198   1.0000
   3.250   0.9668   0.01755   0.01062  -0.1600   0.8032   1.0000
   3.750   1.0621   0.01636   0.00931  -0.1659   0.7578   1.0000
   4.000   1.1010   0.01617   0.00901  -0.1673   0.7268   1.0000
   4.250   1.1356   0.01620   0.00887  -0.1680   0.6922   1.0000
   4.500   1.1649   0.01642   0.00892  -0.1678   0.6563   1.0000
   4.750   1.1871   0.01674   0.00890  -0.1660   0.6088   1.0000
   5.000   1.1980   0.01724   0.00888  -0.1619   0.5410   1.0000
   5.250   1.2097   0.01791   0.00908  -0.1585   0.4807   1.0000
   5.500   1.2266   0.01852   0.00942  -0.1563   0.4418   1.0000
   5.750   1.2425   0.01916   0.00979  -0.1541   0.4025   1.0000
   6.250   1.2715   0.02067   0.01073  -0.1491   0.3167   1.0000
   6.500   1.2830   0.02171   0.01142  -0.1462   0.2611   1.0000
   6.750   1.2948   0.02287   0.01221  -0.1434   0.2049   1.0000
   7.000   1.3068   0.02424   0.01318  -0.1407   0.1430   1.0000
   7.250   1.3106   0.02664   0.01478  -0.1370   0.0485   1.0000
   7.500   1.3217   0.02827   0.01632  -0.1340   0.0359   1.0000
   7.750   1.3346   0.02964   0.01782  -0.1312   0.0332   1.0000
   8.000   1.3458   0.03111   0.01947  -0.1282   0.0322   1.0000
   8.250   1.3544   0.03269   0.02126  -0.1249   0.0319   1.0000
   8.750   1.3536   0.03788   0.02761  -0.1152   0.0338   1.0000
   9.000   1.3733   0.04094   0.03072  -0.1133   0.0360   1.0000
   9.250   1.4559   0.04647   0.03624  -0.1201   0.0412   1.0000
   9.500   1.5162   0.05397   0.04447  -0.1229   0.0509   1.0000
  10.250   1.4833   0.07428   0.06763  -0.1059   0.0773   1.0000
