  
       XFOIL         Version 6.99
  
 Calculated polar for: Airfoil_rR0.948867.txt                          
  
 1 1 Reynolds number fixed          Mach number fixed         
  
 xtrf =   1.000 (top)        1.000 (bottom)  
 Mach =   0.000     Re =     0.050 e 6     Ncrit =   9.000
  
   alpha    CL        CD       CDp       CM     Top_Xtr  Bot_Xtr
  ------ -------- --------- --------- -------- -------- --------
 -20.000  -0.6873   0.24883   0.23946   0.0407   1.0000   0.0339
 -19.750  -0.6780   0.24629   0.23692   0.0387   1.0000   0.0366
 -19.250  -0.6620   0.24472   0.23537   0.0333   1.0000   0.0399
 -18.750  -0.4275   0.22291   0.21469  -0.0007   1.0000   0.0501
 -18.500  -0.6325   0.23294   0.22367   0.0288   1.0000   0.0428
 -18.250  -0.6230   0.22997   0.22073   0.0271   1.0000   0.0451
 -18.000  -0.4091   0.21155   0.20334  -0.0025   1.0000   0.0552
 -17.750  -0.6061   0.22609   0.21689   0.0227   1.0000   0.0494
 -17.250  -0.5886   0.22027   0.21117   0.0190   1.0000   0.0513
 -16.750  -0.5689   0.21301   0.20387   0.0163   1.0000   0.0543
 -16.500  -0.5600   0.21027   0.20115   0.0146   1.0000   0.0568
 -16.250  -0.5524   0.20847   0.19937   0.0124   1.0000   0.0590
 -16.000  -0.3881   0.19972   0.19145  -0.0096   1.0000   0.0697
 -15.500  -0.3793   0.19369   0.18544  -0.0104   1.0000   0.0735
 -15.250  -0.5167   0.19594   0.18695   0.0063   1.0000   0.0672
 -15.000  -0.5110   0.19471   0.18574   0.0040   1.0000   0.0694
 -14.750  -0.5100   0.19570   0.18676   0.0012   1.0000   0.0702
 -14.500  -0.4919   0.18708   0.17819   0.0018   1.0000   0.0738
 -14.250  -0.4838   0.18432   0.17544   0.0003   1.0000   0.0774
 -14.000  -0.4804   0.18367   0.17483  -0.0021   1.0000   0.0797
 -13.500  -0.4600   0.17522   0.16646  -0.0037   1.0000   0.0861
 -13.250  -0.4560   0.17389   0.16516  -0.0058   1.0000   0.0894
 -13.000  -0.4496   0.17080   0.16213  -0.0072   1.0000   0.0913
 -12.750  -0.4377   0.16616   0.15751  -0.0075   1.0000   0.0957
 -12.250  -0.3548   0.16150   0.15332  -0.0173   1.0000   0.1058
 -12.000  -0.4180   0.15722   0.14869  -0.0114   1.0000   0.1029
 -11.750  -0.4101   0.15390   0.14541  -0.0123   1.0000   0.1064
 -11.500  -0.4077   0.15212   0.14368  -0.0140   1.0000   0.1093
 -11.250  -0.4115   0.15206   0.14368  -0.0165   1.0000   0.1102
 -11.000  -0.3915   0.14450   0.13615  -0.0155   1.0000   0.1143
  -8.250  -0.3231   0.11382   0.10643  -0.0257   1.0000   0.1600
  -8.000  -0.3555   0.11051   0.10299  -0.0245   1.0000   0.1601
  -7.750  -0.3229   0.10795   0.10075  -0.0249   1.0000   0.1699
  -7.500  -0.3566   0.10504   0.09772  -0.0233   1.0000   0.1700
  -7.250  -0.3286   0.10273   0.09576  -0.0228   1.0000   0.1799
  -7.000  -0.3625   0.10016   0.09307  -0.0223   1.0000   0.1801
  -6.750  -0.3377   0.09779   0.09106  -0.0204   1.0000   0.1899
  -6.500  -0.3305   0.09361   0.08696  -0.0182   1.0000   0.1960
  -6.000  -0.3570   0.08774   0.08104  -0.0182   1.0000   0.2050
  -4.750  -0.3496   0.07352   0.06720  -0.0183   1.0000   0.2525
  -4.500  -0.3431   0.07035   0.06408  -0.0179   1.0000   0.2656
  -4.250  -0.3348   0.06712   0.06088  -0.0189   1.0000   0.2824
  -3.500  -0.1796   0.04233   0.03405  -0.0566   1.0000   0.0956
  -3.250  -0.1274   0.03493   0.02518  -0.0620   1.0000   0.0799
  -3.000  -0.0873   0.03050   0.01989  -0.0638   1.0000   0.0798
  -2.750  -0.0496   0.02721   0.01618  -0.0648   1.0000   0.0950
  -2.500  -0.0206   0.02611   0.01528  -0.0653   1.0000   0.1917
  -2.250   0.0015   0.02584   0.01522  -0.0653   1.0000   0.2451
  -2.000   0.0287   0.02489   0.01412  -0.0656   1.0000   0.2718
  -1.750   0.0550   0.02425   0.01346  -0.0660   1.0000   0.3104
  -1.500   0.0815   0.02358   0.01297  -0.0664   1.0000   0.3630
  -1.250   0.1118   0.02243   0.01238  -0.0675   1.0000   0.4624
  -1.000   0.1198   0.02041   0.01187  -0.0632   1.0000   1.0000
  -0.750   0.1431   0.02096   0.01185  -0.0637   1.0000   1.0000
  -0.500   0.1643   0.02156   0.01214  -0.0640   1.0000   1.0000
  -0.250   0.1846   0.02222   0.01257  -0.0643   1.0000   1.0000
   0.000   0.2044   0.02293   0.01311  -0.0647   1.0000   1.0000
   0.250   0.2236   0.02372   0.01375  -0.0651   1.0000   1.0000
   0.500   0.2423   0.02457   0.01449  -0.0655   1.0000   1.0000
   0.750   0.2606   0.02549   0.01531  -0.0659   1.0000   1.0000
   1.000   0.3105   0.02668   0.01639  -0.0724   0.9852   1.0000
   1.250   0.3600   0.02780   0.01743  -0.0786   0.9708   1.0000
   1.500   0.4009   0.02876   0.01835  -0.0830   0.9549   1.0000
   1.750   0.4450   0.02970   0.01927  -0.0878   0.9408   1.0000
   2.000   0.4802   0.03057   0.02015  -0.0909   0.9251   1.0000
   2.250   0.5207   0.03141   0.02096  -0.0947   0.9109   1.0000
   2.500   0.5519   0.03224   0.02180  -0.0967   0.8953   1.0000
   2.750   0.5895   0.03301   0.02258  -0.0997   0.8814   1.0000
   3.000   0.6190   0.03388   0.02348  -0.1013   0.8665   1.0000
   3.250   0.6537   0.03460   0.02423  -0.1034   0.8518   1.0000
   3.500   0.6830   0.03537   0.02503  -0.1045   0.8360   1.0000
   3.750   0.7183   0.03594   0.02566  -0.1064   0.8214   1.0000
   4.000   0.7433   0.03683   0.02660  -0.1067   0.8060   1.0000
   4.250   0.7759   0.03743   0.02728  -0.1080   0.7921   1.0000
   4.750   0.8359   0.03860   0.02863  -0.1091   0.7625   1.0000
   6.000   1.0414   0.02925   0.01975  -0.1007   0.6421   1.0000
   6.250   1.0699   0.02795   0.01847  -0.0976   0.6104   1.0000
   6.500   1.0865   0.02586   0.01606  -0.0911   0.5467   1.0000
   6.750   1.0873   0.02532   0.01493  -0.0843   0.4545   1.0000
   7.000   1.0893   0.02617   0.01519  -0.0793   0.3507   1.0000
   7.250   1.0818   0.02897   0.01675  -0.0744   0.1941   1.0000
   7.500   1.0785   0.03235   0.01935  -0.0707   0.1372   1.0000
   7.750   1.0774   0.03555   0.02224  -0.0671   0.1010   1.0000
   8.000   1.0809   0.03880   0.02532  -0.0633   0.0759   1.0000
   8.250   1.1084   0.04234   0.02864  -0.0616   0.0611   1.0000
  10.500   1.1300   0.08698   0.07746  -0.0382   0.0708   1.0000
  13.750   0.7958   0.18234   0.17464  -0.0794   0.1838   1.0000
  14.250   0.7832   0.18793   0.18027  -0.0805   0.1836   1.0000
  14.500   0.7826   0.19120   0.18355  -0.0809   0.1820   1.0000
  15.750   0.7683   0.20459   0.19697  -0.0842   0.1655   1.0000
  16.000   0.7756   0.20878   0.20116  -0.0841   0.1610   1.0000
