  
       XFOIL         Version 6.99
  
 Calculated polar for: Airfoil_rR0.336133.txt                          
  
 1 1 Reynolds number fixed          Mach number fixed         
  
 xtrf =   1.000 (top)        1.000 (bottom)  
 Mach =   0.000     Re =     0.050 e 6     Ncrit =   9.000
  
   alpha    CL        CD       CDp       CM     Top_Xtr  Bot_Xtr
  ------ -------- --------- --------- -------- -------- --------
 -20.000  -0.5633   0.24412   0.23444   0.0030   1.0000   0.0487
 -19.750  -0.3828   0.22847   0.22005  -0.0143   1.0000   0.0518
 -19.500  -0.5511   0.24154   0.23190  -0.0004   1.0000   0.0497
 -19.000  -0.3717   0.22246   0.21407  -0.0158   1.0000   0.0557
 -15.750  -0.4417   0.19909   0.19003  -0.0149   1.0000   0.0676
 -14.500  -0.4100   0.18515   0.17636  -0.0185   1.0000   0.0766
 -13.500  -0.3886   0.17339   0.16488  -0.0209   1.0000   0.0868
 -12.750  -0.3341   0.16665   0.15844  -0.0240   1.0000   0.1225
 -12.250  -0.3309   0.16221   0.15406  -0.0244   1.0000   0.1290
 -11.750  -0.3723   0.15574   0.14733  -0.0240   1.0000   0.1299
 -11.500  -0.3592   0.15079   0.14242  -0.0234   1.0000   0.1316
 -11.250  -0.3511   0.14768   0.13934  -0.0231   1.0000   0.1342
 -11.000  -0.3176   0.14954   0.14156  -0.0245   1.0000   0.1391
 -10.000  -0.3313   0.13581   0.12774  -0.0230   1.0000   0.1453
  -9.750  -0.3109   0.13824   0.13051  -0.0240   1.0000   0.1497
  -9.250  -0.3260   0.12938   0.12151  -0.0226   1.0000   0.1521
  -9.000  -0.3203   0.12676   0.11893  -0.0219   1.0000   0.1553
  -8.750  -0.3227   0.12535   0.11760  -0.0217   1.0000   0.1587
  -7.750  -0.3286   0.11821   0.11077  -0.0193   1.0000   0.1697
  -7.250  -0.2994   0.11503   0.10798  -0.0168   1.0000   0.1789
  -7.000  -0.3314   0.11213   0.10494  -0.0158   1.0000   0.1795
  -6.750  -0.3259   0.10909   0.10197  -0.0144   1.0000   0.1821
  -6.500  -0.3250   0.10703   0.09999  -0.0128   1.0000   0.1864
  -6.250  -0.3138   0.10742   0.10074  -0.0109   1.0000   0.1915
  -5.750  -0.3320   0.10489   0.09841  -0.0074   1.0000   0.1995
  -5.500  -0.3541   0.10117   0.09454  -0.0076   1.0000   0.2007
  -5.250  -0.3471   0.09834   0.09177  -0.0053   1.0000   0.2055
  -5.000  -0.3557   0.09699   0.09052  -0.0069   1.0000   0.2105
  -4.750  -0.3491   0.09424   0.08783  -0.0042   1.0000   0.2154
  -4.500  -0.3509   0.09225   0.08592  -0.0055   1.0000   0.2214
  -4.250  -0.3482   0.09017   0.08390  -0.0061   1.0000   0.2292
  -4.000  -0.3324   0.08918   0.08324  -0.0018   1.0000   0.2359
  -3.750  -0.3299   0.08682   0.08095  -0.0025   1.0000   0.2429
  -3.000  -0.3148   0.07802   0.07204  -0.0087   1.0000   0.2716
  -2.750  -0.3051   0.07565   0.06973  -0.0089   1.0000   0.2825
  -2.500  -0.2945   0.07335   0.06748  -0.0092   1.0000   0.2950
  -2.250  -0.2795   0.07096   0.06511  -0.0117   1.0000   0.3117
  -1.250   0.0411   0.04163   0.03314  -0.0879   1.0000   0.1177
  -1.000   0.0905   0.03842   0.02912  -0.0938   1.0000   0.1084
  -0.750   0.1238   0.03685   0.02718  -0.0961   1.0000   0.1054
  -0.500   0.1544   0.03567   0.02558  -0.0976   1.0000   0.1037
  -0.250   0.1813   0.03498   0.02461  -0.0984   1.0000   0.1040
   0.000   0.2058   0.03463   0.02405  -0.0987   1.0000   0.1061
   0.250   0.2297   0.03451   0.02367  -0.0988   1.0000   0.1100
   0.500   0.2519   0.03462   0.02377  -0.0989   1.0000   0.1177
   0.750   0.2765   0.03475   0.02389  -0.0994   1.0000   0.1387
   1.000   0.3137   0.03350   0.02483  -0.1014   1.0000   0.5821
   1.250   0.3326   0.03344   0.02541  -0.1007   0.9909   1.0000
   1.500   0.3890   0.03507   0.02712  -0.1076   0.9709   1.0000
   1.750   0.4387   0.03621   0.02789  -0.1130   0.9513   1.0000
   2.000   0.4860   0.03711   0.02852  -0.1176   0.9317   1.0000
   2.250   0.5311   0.03786   0.02905  -0.1216   0.9124   1.0000
   2.500   0.5756   0.03846   0.02949  -0.1252   0.8931   1.0000
   2.750   0.6204   0.03891   0.02979  -0.1285   0.8738   1.0000
   3.000   0.6642   0.03920   0.02997  -0.1315   0.8544   1.0000
   3.250   0.7092   0.03928   0.02998  -0.1342   0.8350   1.0000
   3.500   0.7540   0.03916   0.02980  -0.1366   0.8154   1.0000
   3.750   0.8020   0.03870   0.02932  -0.1391   0.7962   1.0000
   4.000   0.8518   0.03790   0.02851  -0.1413   0.7774   1.0000
   4.250   0.9091   0.03643   0.02706  -0.1440   0.7607   1.0000
   4.500   0.9632   0.03487   0.02554  -0.1461   0.7415   1.0000
   4.750   1.0315   0.03259   0.02330  -0.1498   0.7214   1.0000
   5.000   1.0935   0.03084   0.02157  -0.1529   0.6961   1.0000
   5.250   1.1526   0.02941   0.02010  -0.1557   0.6667   1.0000
   5.500   1.1976   0.02887   0.01945  -0.1569   0.6343   1.0000
   5.750   1.2354   0.02884   0.01929  -0.1572   0.6012   1.0000
   6.000   1.2691   0.02914   0.01940  -0.1570   0.5690   1.0000
   6.250   1.2913   0.02956   0.01965  -0.1549   0.5349   1.0000
   6.500   1.3019   0.02930   0.01898  -0.1501   0.4913   1.0000
   6.750   1.3042   0.02938   0.01870  -0.1446   0.4502   1.0000
   7.000   1.3133   0.02994   0.01904  -0.1409   0.4187   1.0000
   7.250   1.3265   0.03066   0.01967  -0.1381   0.3929   1.0000
   7.500   1.3393   0.03142   0.02033  -0.1353   0.3685   1.0000
   7.750   1.3509   0.03224   0.02116  -0.1324   0.3454   1.0000
   8.000   1.3610   0.03313   0.02210  -0.1292   0.3227   1.0000
   8.750   1.3099   0.03835   0.02733  -0.1088   0.1329   1.0000
   9.000   1.3021   0.04207   0.03040  -0.1051   0.0734   1.0000
   9.250   1.2993   0.04527   0.03349  -0.1020   0.0616   1.0000
   9.500   1.2978   0.04822   0.03649  -0.0992   0.0572   1.0000
   9.750   1.2974   0.05109   0.03952  -0.0968   0.0544   1.0000
  10.000   1.2965   0.05408   0.04264  -0.0947   0.0525   1.0000
  10.250   1.2958   0.05720   0.04587  -0.0928   0.0512   1.0000
  10.500   1.2972   0.06035   0.04912  -0.0911   0.0503   1.0000
  10.750   1.3080   0.06307   0.05192  -0.0895   0.0496   1.0000
  11.000   1.3357   0.06521   0.05422  -0.0879   0.0493   1.0000
  11.500   1.4090   0.07183   0.06151  -0.0865   0.0508   1.0000
  11.750   1.3533   0.08148   0.07207  -0.0818   0.0517   1.0000
  12.000   1.3965   0.08190   0.07270  -0.0834   0.0532   1.0000
  12.500   1.2878   0.10147   0.09347  -0.0821   0.0539   1.0000
  13.000   1.2109   0.11950   0.11228  -0.0892   0.0546   1.0000
  13.250   1.2803   0.11485   0.10732  -0.0927   0.0560   1.0000
  13.750   1.2225   0.13473   0.12760  -0.1072   0.0569   1.0000
  15.000   0.9685   0.20633   0.20019  -0.1411   0.0763   1.0000
  19.750   0.9847   0.30673   0.30139  -0.1799   0.1206   1.0000
  20.000   0.9889   0.31203   0.30669  -0.1812   0.1194   1.0000
