  
       XFOIL         Version 6.99
  
 Calculated polar for: Airfoil_rR0.629717.txt                          
  
 1 1 Reynolds number fixed          Mach number fixed         
  
 xtrf =   1.000 (top)        1.000 (bottom)  
 Mach =   0.000     Re =     0.200 e 6     Ncrit =   9.000
  
   alpha    CL        CD       CDp       CM     Top_Xtr  Bot_Xtr
  ------ -------- --------- --------- -------- -------- --------
 -15.500  -0.3652   0.19657   0.19221  -0.0205   1.0000   0.0198
 -15.250  -0.4565   0.19537   0.19070  -0.0151   1.0000   0.0199
 -15.000  -0.4519   0.19315   0.18852  -0.0163   1.0000   0.0199
 -14.750  -0.4470   0.19045   0.18586  -0.0173   1.0000   0.0199
 -14.500  -0.4390   0.18548   0.18080  -0.0178   1.0000   0.0199
 -14.250  -0.4357   0.18351   0.17885  -0.0190   1.0000   0.0200
 -12.750  -0.3934   0.15922   0.15472  -0.0198   1.0000   0.0234
 -12.500  -0.3881   0.15636   0.15189  -0.0202   1.0000   0.0245
 -10.000  -0.3339   0.13076   0.12670  -0.0257   1.0000   0.0297
  -9.750  -0.3594   0.12568   0.12150  -0.0254   1.0000   0.0297
  -9.250  -0.3625   0.12061   0.11651  -0.0258   1.0000   0.0299
  -9.000  -0.3639   0.11791   0.11385  -0.0256   1.0000   0.0299
  -8.000  -0.3659   0.10386   0.09998  -0.0210   1.0000   0.0313
  -7.500  -0.3411   0.10054   0.09689  -0.0172   1.0000   0.0348
  -6.750  -0.3919   0.09399   0.09037  -0.0119   1.0000   0.0369
  -5.250  -0.2946   0.06853   0.06495  -0.0473   0.9905   0.0613
  -4.500  -0.1876   0.05774   0.05406  -0.0674   0.9773   0.0734
  -3.500   0.0019   0.04093   0.03665  -0.1039   0.9642   0.0929
  -2.250   0.2572   0.02540   0.01942  -0.1374   0.9543   0.0946
  -2.000   0.3299   0.02029   0.01291  -0.1442   0.9600   0.0479
  -1.750   0.3660   0.01933   0.01187  -0.1462   0.9541   0.0463
  -1.500   0.4104   0.01845   0.01096  -0.1498   0.9515   0.0448
  -1.250   0.4486   0.01781   0.01032  -0.1521   0.9463   0.0439
  -1.000   0.4890   0.01727   0.00978  -0.1550   0.9421   0.0435
  -0.750   0.5266   0.01687   0.00936  -0.1573   0.9374   0.0436
  -0.500   0.5644   0.01648   0.00895  -0.1595   0.9324   0.0445
  -0.250   0.6014   0.01609   0.00855  -0.1615   0.9269   0.0469
   0.000   0.6477   0.01480   0.00857  -0.1662   0.9232   0.3572
   0.250   0.6877   0.01352   0.00849  -0.1687   0.9208   0.7625
   0.750   0.7415   0.01239   0.00747  -0.1673   0.9037   1.0000
   1.000   0.7766   0.01194   0.00696  -0.1685   0.8961   1.0000
   1.250   0.8145   0.01148   0.00643  -0.1703   0.8889   1.0000
   1.500   0.8526   0.01104   0.00594  -0.1721   0.8801   1.0000
   1.750   0.8845   0.01079   0.00563  -0.1727   0.8658   1.0000
   2.000   0.9211   0.01046   0.00524  -0.1743   0.8507   1.0000
   2.250   0.9554   0.01028   0.00497  -0.1753   0.8314   1.0000
   2.750   1.0183   0.01023   0.00472  -0.1766   0.7884   1.0000
   3.000   1.0473   0.01033   0.00469  -0.1767   0.7634   1.0000
   3.250   1.0739   0.01051   0.00473  -0.1763   0.7350   1.0000
   3.500   1.0993   0.01075   0.00481  -0.1757   0.7054   1.0000
   3.750   1.1213   0.01110   0.00487  -0.1742   0.6612   1.0000
   4.000   1.1346   0.01178   0.00497  -0.1709   0.5778   1.0000
   4.250   1.1492   0.01249   0.00521  -0.1681   0.5062   1.0000
   4.500   1.1663   0.01314   0.00549  -0.1661   0.4544   1.0000
   4.750   1.1831   0.01382   0.00581  -0.1642   0.3979   1.0000
   5.000   1.1984   0.01467   0.00618  -0.1620   0.3385   1.0000
   5.250   1.2115   0.01581   0.00667  -0.1596   0.2484   1.0000
   5.500   1.2241   0.01725   0.00749  -0.1570   0.1534   1.0000
   6.250   1.2680   0.02125   0.01069  -0.1497   0.0204   1.0000
   6.500   1.2864   0.02217   0.01180  -0.1476   0.0205   1.0000
   6.750   1.3034   0.02319   0.01301  -0.1452   0.0212   1.0000
   7.000   1.2824   0.02019   0.01044  -0.1351   0.0223   1.0000
   7.250   1.3273   0.02575   0.01593  -0.1386   0.0241   1.0000
   7.500   1.3330   0.02778   0.01809  -0.1341   0.0263   1.0000
