  
       XFOIL         Version 6.99
  
 Calculated polar for: Airfoil_rR0.309450.txt                          
  
 1 1 Reynolds number fixed          Mach number fixed         
  
 xtrf =   1.000 (top)        1.000 (bottom)  
 Mach =   0.000     Re =     0.250 e 6     Ncrit =   9.000
  
   alpha    CL        CD       CDp       CM     Top_Xtr  Bot_Xtr
  ------ -------- --------- --------- -------- -------- --------
 -20.000  -0.3913   0.22579   0.22197  -0.0099   1.0000   0.0187
 -17.250  -0.4924   0.21411   0.20989  -0.0078   1.0000   0.0199
 -11.000  -0.3304   0.13856   0.13496  -0.0213   1.0000   0.0419
  -9.750  -0.3160   0.12696   0.12347  -0.0195   1.0000   0.0451
  -9.250  -0.3135   0.12234   0.11890  -0.0187   1.0000   0.0461
  -8.250  -0.3165   0.11357   0.11026  -0.0170   1.0000   0.0485
  -8.000  -0.3247   0.11196   0.10868  -0.0172   1.0000   0.0493
  -7.750  -0.3495   0.10781   0.10445  -0.0167   1.0000   0.0492
  -6.500  -0.3339   0.09359   0.09035  -0.0287   0.9875   0.0507
  -5.750  -0.2753   0.08454   0.08133  -0.0351   0.9746   0.0526
  -4.500  -0.1327   0.06154   0.05821  -0.0752   0.9479   0.0617
  -4.000  -0.0681   0.05531   0.05193  -0.0852   0.9406   0.0659
  -3.500   0.0375   0.04328   0.03944  -0.1108   0.9327   0.0792
  -2.250   0.2937   0.02006   0.01355  -0.1443   0.9238   0.0469
  -2.000   0.3371   0.01834   0.01143  -0.1468   0.9218   0.0412
  -1.750   0.3789   0.01768   0.01073  -0.1493   0.9198   0.0400
  -1.500   0.4103   0.01660   0.00965  -0.1499   0.9133   0.0391
  -1.250   0.4526   0.01564   0.00869  -0.1527   0.9110   0.0384
  -1.000   0.4871   0.01499   0.00803  -0.1538   0.9049   0.0379
  -0.750   0.5282   0.01428   0.00729  -0.1562   0.9017   0.0379
  -0.500   0.5627   0.01376   0.00700  -0.1573   0.8954   0.0399
  -0.250   0.6028   0.01307   0.00629  -0.1593   0.8913   0.0461
   0.000   0.6406   0.01214   0.00593  -0.1615   0.8851   0.2054
   0.250   0.6852   0.01129   0.00549  -0.1649   0.8806   0.3471
   0.500   0.7224   0.01077   0.00523  -0.1667   0.8709   0.4364
   0.750   0.7577   0.01031   0.00504  -0.1681   0.8580   0.5370
   1.000   0.7995   0.00972   0.00481  -0.1707   0.8449   0.6737
   1.250   0.8270   0.00899   0.00450  -0.1698   0.8275   0.9823
   1.500   0.8726   0.00891   0.00425  -0.1734   0.8050   1.0000
   1.750   0.9090   0.00898   0.00413  -0.1750   0.7772   1.0000
   2.000   0.9443   0.00912   0.00407  -0.1765   0.7501   1.0000
   2.250   0.9723   0.00934   0.00409  -0.1764   0.7206   1.0000
   2.500   0.9978   0.00959   0.00416  -0.1758   0.6917   1.0000
   2.750   1.0217   0.00988   0.00426  -0.1749   0.6628   1.0000
   3.000   1.0442   0.01021   0.00439  -0.1737   0.6337   1.0000
   3.250   1.0654   0.01053   0.00455  -0.1723   0.6032   1.0000
   3.500   1.0864   0.01091   0.00472  -0.1708   0.5758   1.0000
   3.750   1.1068   0.01126   0.00492  -0.1693   0.5469   1.0000
   4.000   1.1269   0.01166   0.00514  -0.1677   0.5209   1.0000
   4.250   1.1425   0.01217   0.00538  -0.1653   0.4786   1.0000
   4.500   1.1553   0.01280   0.00565  -0.1623   0.4256   1.0000
   4.750   1.1685   0.01344   0.00595  -0.1596   0.3763   1.0000
   5.000   1.1864   0.01394   0.00624  -0.1578   0.3464   1.0000
   5.250   1.2056   0.01439   0.00654  -0.1562   0.3187   1.0000
   5.500   1.2238   0.01492   0.00686  -0.1546   0.2925   1.0000
   5.750   1.2426   0.01544   0.00719  -0.1530   0.2624   1.0000
   6.000   1.2609   0.01601   0.00754  -0.1514   0.2314   1.0000
   6.250   1.2776   0.01674   0.00794  -0.1496   0.1920   1.0000
   6.500   1.2900   0.01790   0.00855  -0.1472   0.1360   1.0000
   6.750   1.3024   0.01914   0.00940  -0.1446   0.0826   1.0000
   7.250   1.3272   0.02157   0.01148  -0.1393   0.0185   1.0000
   7.500   1.3456   0.02219   0.01220  -0.1375   0.0182   1.0000
   7.750   1.3633   0.02288   0.01299  -0.1355   0.0182   1.0000
   8.000   1.3762   0.02416   0.01496  -0.1322   0.0192   1.0000
   8.250   1.3879   0.02533   0.01632  -0.1292   0.0198   1.0000
   8.500   1.3997   0.02642   0.01755  -0.1264   0.0207   1.0000
   8.750   1.4124   0.02741   0.01863  -0.1239   0.0220   1.0000
