  
       XFOIL         Version 6.99
  
 Calculated polar for: Airfoil_rR0.960100.txt                          
  
 1 1 Reynolds number fixed          Mach number fixed         
  
 xtrf =   1.000 (top)        1.000 (bottom)  
 Mach =   0.000     Re =     0.050 e 6     Ncrit =   9.000
  
   alpha    CL        CD       CDp       CM     Top_Xtr  Bot_Xtr
  ------ -------- --------- --------- -------- -------- --------
 -20.000  -0.6867   0.24878   0.23940   0.0406   1.0000   0.0341
 -19.750  -0.6775   0.24618   0.23682   0.0386   1.0000   0.0364
 -19.500  -0.4321   0.22409   0.21590   0.0033   1.0000   0.0459
 -19.250  -0.6616   0.24478   0.23543   0.0331   1.0000   0.0399
 -18.750  -0.4275   0.22316   0.21494  -0.0009   1.0000   0.0501
 -18.500  -0.4182   0.21671   0.20855  -0.0011   1.0000   0.0516
 -18.250  -0.6224   0.22991   0.22066   0.0270   1.0000   0.0452
 -18.000  -0.6135   0.22745   0.21823   0.0250   1.0000   0.0477
 -17.500  -0.4035   0.20911   0.20088  -0.0048   1.0000   0.0593
 -16.750  -0.5684   0.21295   0.20382   0.0162   1.0000   0.0546
 -16.500  -0.3879   0.20015   0.19191  -0.0077   1.0000   0.0662
 -16.250  -0.5523   0.20870   0.19959   0.0121   1.0000   0.0592
 -16.000  -0.5482   0.20897   0.19989   0.0094   1.0000   0.0600
 -15.750  -0.5353   0.20266   0.19362   0.0087   1.0000   0.0616
 -15.500  -0.3786   0.19358   0.18533  -0.0104   1.0000   0.0739
 -15.250  -0.5163   0.19600   0.18700   0.0062   1.0000   0.0675
 -15.000  -0.5111   0.19503   0.18606   0.0038   1.0000   0.0696
 -14.750  -0.5107   0.19620   0.18726   0.0009   1.0000   0.0702
 -14.500  -0.4913   0.18700   0.17810   0.0017   1.0000   0.0742
 -14.250  -0.4836   0.18440   0.17553   0.0001   1.0000   0.0778
 -14.000  -0.4808   0.18404   0.17520  -0.0024   1.0000   0.0798
 -13.500  -0.4596   0.17522   0.16646  -0.0038   1.0000   0.0866
 -13.250  -0.4564   0.17418   0.16546  -0.0060   1.0000   0.0895
 -12.750  -0.4373   0.16614   0.15749  -0.0076   1.0000   0.0959
 -12.250  -0.3544   0.16147   0.15329  -0.0174   1.0000   0.1059
 -12.000  -0.4174   0.15713   0.14861  -0.0114   1.0000   0.1031
 -11.750  -0.4097   0.15387   0.14538  -0.0124   1.0000   0.1066
 -11.500  -0.4076   0.15218   0.14374  -0.0142   1.0000   0.1093
 -11.000  -0.3911   0.14444   0.13610  -0.0155   1.0000   0.1144
 -10.250  -0.3748   0.13512   0.12693  -0.0184   1.0000   0.1238
  -9.750  -0.3253   0.13014   0.12232  -0.0230   1.0000   0.1351
  -9.000  -0.3544   0.12004   0.11217  -0.0224   1.0000   0.1422
  -8.750  -0.3288   0.12043   0.11289  -0.0261   1.0000   0.1502
  -8.500  -0.3124   0.11466   0.10717  -0.0247   1.0000   0.1567
  -8.250  -0.3235   0.11388   0.10650  -0.0258   1.0000   0.1600
  -8.000  -0.3099   0.10870   0.10138  -0.0246   1.0000   0.1663
  -7.750  -0.3233   0.10800   0.10081  -0.0249   1.0000   0.1700
  -7.250  -0.3443   0.10026   0.09301  -0.0218   1.0000   0.1770
  -6.750  -0.3380   0.09779   0.09106  -0.0204   1.0000   0.1899
  -6.250  -0.3598   0.09105   0.08425  -0.0198   1.0000   0.1991
  -6.000  -0.3572   0.08772   0.08102  -0.0182   1.0000   0.2051
  -5.500  -0.3470   0.08338   0.07714  -0.0154   1.0000   0.2222
  -4.750  -0.3499   0.07350   0.06718  -0.0183   1.0000   0.2525
  -4.500  -0.3433   0.07032   0.06406  -0.0179   1.0000   0.2656
  -3.500  -0.1705   0.04081   0.03207  -0.0586   1.0000   0.0897
  -3.250  -0.1274   0.03480   0.02504  -0.0620   1.0000   0.0798
  -3.000  -0.0867   0.03034   0.01966  -0.0638   1.0000   0.0800
  -2.750  -0.0494   0.02710   0.01603  -0.0647   1.0000   0.0972
  -2.500  -0.0225   0.02630   0.01558  -0.0651   1.0000   0.1955
  -2.250   0.0009   0.02587   0.01525  -0.0652   1.0000   0.2454
  -2.000   0.0281   0.02492   0.01415  -0.0656   1.0000   0.2718
  -1.750   0.0543   0.02429   0.01349  -0.0659   1.0000   0.3101
  -1.500   0.0808   0.02362   0.01301  -0.0664   1.0000   0.3626
  -1.250   0.1110   0.02248   0.01242  -0.0674   1.0000   0.4610
  -1.000   0.1191   0.02044   0.01191  -0.0632   1.0000   1.0000
  -0.750   0.1424   0.02100   0.01189  -0.0637   1.0000   1.0000
  -0.500   0.1636   0.02160   0.01218  -0.0640   1.0000   1.0000
  -0.250   0.1839   0.02225   0.01261  -0.0643   1.0000   1.0000
   0.000   0.2037   0.02297   0.01316  -0.0646   1.0000   1.0000
   0.250   0.2229   0.02376   0.01380  -0.0650   1.0000   1.0000
   0.500   0.2416   0.02461   0.01454  -0.0654   1.0000   1.0000
   0.750   0.2598   0.02553   0.01536  -0.0658   1.0000   1.0000
   1.000   0.3111   0.02673   0.01645  -0.0726   0.9846   1.0000
   1.250   0.3612   0.02786   0.01749  -0.0789   0.9704   1.0000
   1.500   0.4013   0.02881   0.01840  -0.0832   0.9543   1.0000
   1.750   0.4461   0.02975   0.01932  -0.0881   0.9404   1.0000
   2.000   0.4804   0.03062   0.02019  -0.0909   0.9245   1.0000
   2.250   0.5216   0.03144   0.02100  -0.0949   0.9105   1.0000
   2.500   0.5519   0.03228   0.02184  -0.0967   0.8947   1.0000
   2.750   0.5902   0.03304   0.02261  -0.0998   0.8810   1.0000
   3.000   0.6184   0.03393   0.02352  -0.1012   0.8659   1.0000
   3.250   0.6544   0.03462   0.02425  -0.1035   0.8515   1.0000
   3.500   0.6826   0.03541   0.02508  -0.1045   0.8354   1.0000
   3.750   0.7190   0.03596   0.02568  -0.1064   0.8211   1.0000
   4.000   0.7427   0.03688   0.02665  -0.1067   0.8055   1.0000
   4.250   0.7764   0.03744   0.02729  -0.1080   0.7918   1.0000
   5.000   0.8657   0.03911   0.02924  -0.1092   0.7472   1.0000
   6.000   1.0409   0.02935   0.01984  -0.1007   0.6424   1.0000
   6.250   1.0692   0.02809   0.01861  -0.0976   0.6110   1.0000
   6.500   1.0875   0.02589   0.01608  -0.0914   0.5489   1.0000
   6.750   1.0882   0.02533   0.01495  -0.0844   0.4582   1.0000
   7.000   1.0904   0.02612   0.01519  -0.0795   0.3565   1.0000
   7.250   1.0834   0.02879   0.01666  -0.0746   0.1985   1.0000
   7.500   1.0793   0.03220   0.01922  -0.0708   0.1400   1.0000
   7.750   1.0785   0.03538   0.02212  -0.0672   0.1029   1.0000
   8.000   1.0805   0.03864   0.02515  -0.0634   0.0776   1.0000
   8.250   1.1051   0.04202   0.02841  -0.0613   0.0620   1.0000
   8.500   1.1612   0.04718   0.03385  -0.0620   0.0559   1.0000
   8.750   1.1916   0.05241   0.03962  -0.0609   0.0561   1.0000
   9.000   1.2093   0.05773   0.04544  -0.0590   0.0578   1.0000
   9.500   1.2151   0.06748   0.05644  -0.0531   0.0629   1.0000
   9.750   1.2031   0.07233   0.06187  -0.0499   0.0656   1.0000
  10.250   1.1328   0.08108   0.07139  -0.0395   0.0675   1.0000
  12.000   1.0123   0.12537   0.11691  -0.0629   0.0744   1.0000
  14.500   0.7829   0.19116   0.18350  -0.0808   0.1819   1.0000
  15.250   0.7735   0.19922   0.19159  -0.0826   0.1724   1.0000
  15.750   0.7681   0.20452   0.19689  -0.0841   0.1656   1.0000
