  
       XFOIL         Version 6.99
  
 Calculated polar for: Airfoil_rR0.629717.txt                          
  
 1 1 Reynolds number fixed          Mach number fixed         
  
 xtrf =   1.000 (top)        1.000 (bottom)  
 Mach =   0.000     Re =     0.250 e 6     Ncrit =   9.000
  
   alpha    CL        CD       CDp       CM     Top_Xtr  Bot_Xtr
  ------ -------- --------- --------- -------- -------- --------
 -14.500  -0.3580   0.18446   0.18056  -0.0207   1.0000   0.0196
 -14.250  -0.4274   0.17817   0.17400  -0.0161   1.0000   0.0194
 -13.750  -0.4178   0.17386   0.16973  -0.0185   1.0000   0.0197
 -13.500  -0.3600   0.17567   0.17179  -0.0233   1.0000   0.0199
 -13.000  -0.4075   0.16698   0.16291  -0.0216   1.0000   0.0199
 -12.250  -0.3441   0.15531   0.15150  -0.0226   1.0000   0.0216
 -11.750  -0.3781   0.14622   0.14227  -0.0214   1.0000   0.0219
 -11.500  -0.3740   0.14316   0.13924  -0.0217   1.0000   0.0220
 -10.250  -0.3578   0.12819   0.12439  -0.0223   1.0000   0.0232
 -10.000  -0.3271   0.12757   0.12394  -0.0225   1.0000   0.0240
  -9.500  -0.3257   0.12163   0.11806  -0.0220   1.0000   0.0249
  -9.000  -0.3262   0.11586   0.11235  -0.0213   1.0000   0.0262
  -8.750  -0.3520   0.11132   0.10772  -0.0210   1.0000   0.0260
  -8.000  -0.3636   0.10424   0.10076  -0.0195   1.0000   0.0290
  -7.250  -0.3972   0.09927   0.09595  -0.0152   1.0000   0.0297
  -6.000  -0.3456   0.07863   0.07543  -0.0298   0.9913   0.0438
  -5.750  -0.2845   0.06857   0.06526  -0.0562   0.9841   0.0506
  -5.250  -0.2443   0.06539   0.06212  -0.0558   0.9777   0.0544
  -4.750  -0.1544   0.05510   0.05167  -0.0785   0.9706   0.0627
  -4.500  -0.1215   0.05180   0.04832  -0.0839   0.9656   0.0646
  -4.000  -0.0173   0.04156   0.03770  -0.1059   0.9614   0.0728
  -3.500   0.0720   0.03495   0.03071  -0.1193   0.9554   0.0831
  -3.250   0.1212   0.03193   0.02740  -0.1263   0.9534   0.0920
  -2.000   0.3755   0.01731   0.01029  -0.1518   0.9510   0.0418
  -1.500   0.4483   0.01621   0.00916  -0.1556   0.9420   0.0399
  -1.250   0.4904   0.01544   0.00842  -0.1589   0.9403   0.0393
  -1.000   0.5230   0.01498   0.00797  -0.1602   0.9343   0.0390
  -0.750   0.5629   0.01447   0.00743  -0.1629   0.9314   0.0389
  -0.500   0.5967   0.01407   0.00702  -0.1642   0.9253   0.0390
   0.250   0.7170   0.01151   0.00616  -0.1729   0.9126   0.5280
   0.500   0.7484   0.01051   0.00592  -0.1732   0.9067   0.8036
   0.750   0.7726   0.00984   0.00537  -0.1718   0.8980   1.0000
   1.000   0.8073   0.00954   0.00500  -0.1730   0.8883   1.0000
   1.250   0.8426   0.00925   0.00464  -0.1745   0.8767   1.0000
   1.500   0.8773   0.00905   0.00436  -0.1758   0.8619   1.0000
   1.750   0.9118   0.00891   0.00413  -0.1771   0.8446   1.0000
   2.000   0.9433   0.00888   0.00400  -0.1778   0.8242   1.0000
   2.500   1.0032   0.00900   0.00387  -0.1786   0.7785   1.0000
   2.750   1.0309   0.00917   0.00389  -0.1785   0.7525   1.0000
   3.000   1.0563   0.00940   0.00395  -0.1779   0.7236   1.0000
   3.250   1.0804   0.00966   0.00406  -0.1771   0.6935   1.0000
   3.500   1.1021   0.01003   0.00418  -0.1758   0.6531   1.0000
   3.750   1.1155   0.01075   0.00433  -0.1726   0.5715   1.0000
   4.000   1.1282   0.01159   0.00461  -0.1696   0.4873   1.0000
   4.250   1.1460   0.01223   0.00491  -0.1678   0.4351   1.0000
   4.500   1.1635   0.01293   0.00522  -0.1660   0.3779   1.0000
   4.750   1.1814   0.01366   0.00558  -0.1644   0.3222   1.0000
   5.000   1.1967   0.01469   0.00601  -0.1624   0.2422   1.0000
   5.250   1.2083   0.01624   0.00675  -0.1599   0.1354   1.0000
   5.750   1.2378   0.01892   0.00872  -0.1552   0.0191   1.0000
   6.000   1.2592   0.01954   0.00945  -0.1537   0.0185   1.0000
   6.250   1.2795   0.02028   0.01036  -0.1519   0.0188   1.0000
   6.500   1.2975   0.02125   0.01153  -0.1496   0.0195   1.0000
   6.750   1.3117   0.02252   0.01300  -0.1467   0.0203   1.0000
   7.000   1.3276   0.02350   0.01408  -0.1442   0.0220   1.0000
   7.250   1.3362   0.02508   0.01583  -0.1400   0.0248   1.0000
