  
       XFOIL         Version 6.99
  
 Calculated polar for: Airfoil_rR0.970200.txt                          
  
 1 1 Reynolds number fixed          Mach number fixed         
  
 xtrf =   1.000 (top)        1.000 (bottom)  
 Mach =   0.000     Re =     0.150 e 6     Ncrit =   9.000
  
   alpha    CL        CD       CDp       CM     Top_Xtr  Bot_Xtr
  ------ -------- --------- --------- -------- -------- --------
 -19.000  -0.4241   0.22093   0.21600   0.0012   1.0000   0.0100
 -18.250  -0.6177   0.23173   0.22619   0.0272   1.0000   0.0100
 -17.250  -0.5827   0.22133   0.21584   0.0190   1.0000   0.0101
 -17.000  -0.5741   0.21859   0.21313   0.0170   1.0000   0.0102
 -16.000  -0.5379   0.20574   0.20028   0.0100   1.0000   0.0102
 -15.750  -0.5294   0.20280   0.19734   0.0082   1.0000   0.0102
 -15.500  -0.3797   0.18915   0.18419  -0.0094   1.0000   0.0119
 -15.000  -0.5044   0.19007   0.18471   0.0035   1.0000   0.0106
 -14.500  -0.3713   0.17994   0.17497  -0.0115   1.0000   0.0138
 -14.250  -0.3693   0.17739   0.17243  -0.0121   1.0000   0.0144
 -14.000  -0.4682   0.17481   0.16952  -0.0003   1.0000   0.0128
 -13.750  -0.4601   0.17171   0.16644  -0.0017   1.0000   0.0134
 -13.500  -0.4520   0.16859   0.16334  -0.0031   1.0000   0.0141
 -13.250  -0.4440   0.16542   0.16018  -0.0045   1.0000   0.0148
 -13.000  -0.4362   0.16225   0.15703  -0.0059   1.0000   0.0156
 -12.750  -0.4286   0.15902   0.15382  -0.0073   1.0000   0.0164
 -12.500  -0.4211   0.15576   0.15058  -0.0087   1.0000   0.0174
 -12.250  -0.3587   0.15653   0.15155  -0.0199   1.0000   0.0200
 -12.000  -0.4073   0.14995   0.14480  -0.0126   1.0000   0.0195
 -11.750  -0.4052   0.14852   0.14339  -0.0157   1.0000   0.0200
 -11.000  -0.3359   0.13864   0.13378  -0.0227   1.0000   0.0295
 -10.750  -0.3748   0.13325   0.12826  -0.0180   1.0000   0.0283
 -10.250  -0.3387   0.13190   0.12711  -0.0290   1.0000   0.0302
  -9.500  -0.3479   0.11682   0.11199  -0.0232   1.0000   0.0355
  -8.250  -0.3300   0.10144   0.09684  -0.0275   1.0000   0.0454
  -5.000  -0.3533   0.06806   0.06417  -0.0282   1.0000   0.0746
  -4.500  -0.2717   0.05593   0.05179  -0.0469   0.9915   0.0852
  -4.250  -0.2240   0.04952   0.04513  -0.0567   0.9865   0.0931
  -3.750  -0.1303   0.03864   0.03365  -0.0709   0.9774   0.1127
  -3.500  -0.0561   0.02214   0.01449  -0.0768   0.9814   0.0360
  -3.250  -0.0092   0.01841   0.01004  -0.0788   0.9808   0.0320
  -3.000   0.0334   0.01667   0.00815  -0.0812   0.9766   0.0383
  -2.750   0.0772   0.01566   0.00736  -0.0844   0.9721   0.1063
  -2.500   0.1143   0.01567   0.00750  -0.0872   0.9647   0.1352
  -2.250   0.1545   0.01554   0.00752  -0.0907   0.9592   0.1727
  -2.000   0.1909   0.01513   0.00732  -0.0932   0.9520   0.2120
  -1.750   0.2275   0.01465   0.00713  -0.0958   0.9451   0.2728
  -1.500   0.2686   0.01391   0.00690  -0.0994   0.9407   0.3863
  -1.000   0.3347   0.01217   0.00661  -0.1015   0.9278   1.0000
  -0.750   0.3717   0.01205   0.00635  -0.1036   0.9207   1.0000
  -0.500   0.4041   0.01195   0.00616  -0.1048   0.9116   1.0000
  -0.250   0.4353   0.01186   0.00600  -0.1057   0.9022   1.0000
   0.000   0.4665   0.01175   0.00581  -0.1066   0.8930   1.0000
   0.250   0.4969   0.01162   0.00562  -0.1072   0.8833   1.0000
   0.500   0.5263   0.01152   0.00546  -0.1075   0.8731   1.0000
   0.750   0.5548   0.01144   0.00533  -0.1077   0.8623   1.0000
   1.000   0.5827   0.01139   0.00523  -0.1077   0.8510   1.0000
   1.250   0.6094   0.01138   0.00517  -0.1075   0.8386   1.0000
   1.500   0.6352   0.01140   0.00514  -0.1072   0.8247   1.0000
   1.750   0.6617   0.01140   0.00507  -0.1069   0.8113   1.0000
   2.000   0.6871   0.01142   0.00504  -0.1065   0.7959   1.0000
   2.250   0.7138   0.01139   0.00492  -0.1061   0.7812   1.0000
   2.500   0.7390   0.01140   0.00480  -0.1054   0.7613   1.0000
   2.750   0.7628   0.01142   0.00470  -0.1043   0.7362   1.0000
   3.000   0.7865   0.01147   0.00459  -0.1032   0.7095   1.0000
   3.250   0.8102   0.01155   0.00452  -0.1023   0.6823   1.0000
   4.000   0.8827   0.01214   0.00477  -0.1003   0.6115   1.0000
   4.250   0.9068   0.01235   0.00488  -0.0997   0.5892   1.0000
   4.750   0.9544   0.01292   0.00524  -0.0984   0.5448   1.0000
   5.000   0.9780   0.01321   0.00546  -0.0978   0.5213   1.0000
   5.250   0.9990   0.01354   0.00559  -0.0965   0.4805   1.0000
   5.500   1.0131   0.01434   0.00575  -0.0943   0.3807   1.0000
   5.750   1.0273   0.01547   0.00622  -0.0924   0.2749   1.0000
   6.000   1.0391   0.01713   0.00705  -0.0904   0.1477   1.0000
   6.500   1.0740   0.01931   0.00843  -0.0880   0.0668   1.0000
   7.250   1.1247   0.02288   0.01209  -0.0824   0.0259   1.0000
   7.750   1.1466   0.02637   0.01585  -0.0765   0.0235   1.0000
   8.000   1.1565   0.02887   0.01844  -0.0734   0.0240   1.0000
   8.250   1.1816   0.03305   0.02276  -0.0717   0.0261   1.0000
  14.500   1.0015   0.18718   0.18221  -0.1042   0.0637   1.0000
  17.250   0.7769   0.21617   0.21164  -0.0882   0.0545   1.0000
