  
       XFOIL         Version 6.99
  
 Calculated polar for: Airfoil_rR0.202683.txt                          
  
 1 1 Reynolds number fixed          Mach number fixed         
  
 xtrf =   1.000 (top)        1.000 (bottom)  
 Mach =   0.000     Re =     0.100 e 6     Ncrit =   9.000
  
   alpha    CL        CD       CDp       CM     Top_Xtr  Bot_Xtr
  ------ -------- --------- --------- -------- -------- --------
 -19.750  -0.5034   0.22982   0.22307  -0.0063   1.0000   0.0410
 -19.500  -0.3356   0.21684   0.21095  -0.0187   1.0000   0.0461
 -18.750  -0.4722   0.21997   0.21332  -0.0100   1.0000   0.0493
 -17.750  -0.3192   0.20768   0.20189  -0.0227   1.0000   0.0595
 -16.250  -0.4016   0.19549   0.18918  -0.0184   1.0000   0.0627
 -14.500  -0.3555   0.17936   0.17330  -0.0223   1.0000   0.0741
 -14.000  -0.2807   0.17977   0.17418  -0.0257   1.0000   0.0780
 -13.750  -0.3380   0.17243   0.16647  -0.0236   1.0000   0.0774
 -11.750  -0.2630   0.15762   0.15200  -0.0255   1.0000   0.0840
 -11.250  -0.2928   0.14824   0.14240  -0.0251   1.0000   0.0855
 -11.000  -0.2900   0.14605   0.14025  -0.0250   1.0000   0.0870
 -10.750  -0.2907   0.14413   0.13838  -0.0254   1.0000   0.0889
 -10.500  -0.3058   0.14390   0.13821  -0.0271   1.0000   0.0900
  -9.750  -0.2835   0.13462   0.12907  -0.0242   1.0000   0.0922
  -9.500  -0.2536   0.13642   0.13114  -0.0224   1.0000   0.0944
  -9.000  -0.2771   0.12825   0.12284  -0.0220   1.0000   0.0969
  -8.750  -0.2845   0.12670   0.12136  -0.0221   1.0000   0.0991
  -8.500  -0.3126   0.12668   0.12143  -0.0236   1.0000   0.1001
  -8.250  -0.3050   0.12324   0.11805  -0.0221   1.0000   0.1007
  -8.000  -0.2685   0.12350   0.11855  -0.0184   1.0000   0.1021
  -7.750  -0.2670   0.12151   0.11661  -0.0170   1.0000   0.1035
  -7.500  -0.2688   0.11963   0.11479  -0.0157   1.0000   0.1051
  -7.000  -0.3011   0.11271   0.10781  -0.0150   1.0000   0.1082
  -6.750  -0.3361   0.11254   0.10773  -0.0151   1.0000   0.1099
  -6.500  -0.3563   0.11117   0.10647  -0.0138   1.0000   0.1104
  -5.750  -0.3408   0.10424   0.09970  -0.0073   1.0000   0.1135
  -5.500  -0.3508   0.10293   0.09846  -0.0052   1.0000   0.1149
  -5.250  -0.3657   0.10176   0.09737  -0.0030   1.0000   0.1164
  -5.000  -0.2922   0.09728   0.09299  -0.0195   0.9791   0.1222
  -4.500  -0.2922   0.06320   0.05809  -0.0633   0.9727   0.0802
  -4.250  -0.2654   0.06297   0.05801  -0.0626   0.9637   0.0791
  -4.000  -0.1802   0.03589   0.02831  -0.0958   0.9671   0.0680
  -3.750  -0.1336   0.03308   0.02496  -0.1006   0.9611   0.0728
  -3.500  -0.0927   0.03180   0.02347  -0.1036   0.9530   0.0837
  -3.250  -0.0516   0.03121   0.02280  -0.1065   0.9445   0.1031
  -3.000  -0.0110   0.03082   0.02233  -0.1092   0.9360   0.1177
  -2.750   0.0313   0.03054   0.02200  -0.1121   0.9279   0.1321
  -2.500   0.0745   0.03046   0.02193  -0.1151   0.9201   0.1485
  -2.250   0.1123   0.03035   0.02194  -0.1172   0.9108   0.1649
  -2.000   0.1505   0.02995   0.02150  -0.1192   0.9016   0.1815
  -1.750   0.1884   0.02950   0.02111  -0.1210   0.8923   0.1972
  -1.500   0.2275   0.02883   0.02041  -0.1229   0.8835   0.2119
  -1.250   0.2668   0.02829   0.01987  -0.1248   0.8749   0.2300
  -1.000   0.3067   0.02767   0.01932  -0.1267   0.8668   0.2494
  -0.500   0.3917   0.02615   0.01805  -0.1310   0.8509   0.2967
  -0.250   0.4328   0.02534   0.01741  -0.1327   0.8419   0.3239
   0.000   0.4729   0.02454   0.01700  -0.1342   0.8327   0.3522
   0.250   0.5123   0.02370   0.01629  -0.1355   0.8236   0.3901
   0.500   0.5550   0.02268   0.01546  -0.1372   0.8159   0.4357
   0.750   0.6070   0.02135   0.01436  -0.1405   0.8106   0.4971
   1.000   0.6521   0.02031   0.01353  -0.1425   0.8013   0.5671
   1.250   0.6970   0.01924   0.01274  -0.1444   0.7910   0.6538
   1.500   0.7277   0.01840   0.01221  -0.1435   0.7768   0.7640
   1.750   0.7728   0.01728   0.01119  -0.1454   0.7628   1.0000
   2.000   0.8223   0.01698   0.01062  -0.1491   0.7452   1.0000
   2.250   0.8663   0.01679   0.01018  -0.1516   0.7252   1.0000
   2.500   0.9046   0.01677   0.00992  -0.1531   0.7032   1.0000
   2.750   0.9417   0.01683   0.00973  -0.1544   0.6810   1.0000
   3.000   0.9703   0.01704   0.00973  -0.1542   0.6576   1.0000
   3.250   0.9990   0.01727   0.00975  -0.1539   0.6350   1.0000
   3.500   1.0250   0.01759   0.00987  -0.1533   0.6122   1.0000
   3.750   1.0510   0.01792   0.00998  -0.1526   0.5908   1.0000
   4.000   1.0768   0.01833   0.01017  -0.1520   0.5699   1.0000
   4.250   1.0977   0.01873   0.01043  -0.1504   0.5491   1.0000
   4.500   1.1219   0.01915   0.01064  -0.1495   0.5298   1.0000
   4.750   1.1426   0.01962   0.01098  -0.1480   0.5102   1.0000
   5.000   1.1631   0.02007   0.01130  -0.1465   0.4919   1.0000
   5.250   1.1843   0.02057   0.01165  -0.1451   0.4744   1.0000
   5.500   1.2053   0.02108   0.01203  -0.1437   0.4576   1.0000
   5.750   1.2259   0.02159   0.01241  -0.1423   0.4416   1.0000
   6.000   1.2463   0.02214   0.01286  -0.1409   0.4262   1.0000
   6.250   1.2665   0.02270   0.01332  -0.1395   0.4114   1.0000
   6.500   1.2874   0.02328   0.01379  -0.1382   0.3977   1.0000
   6.750   1.3073   0.02390   0.01434  -0.1367   0.3842   1.0000
   7.000   1.3281   0.02454   0.01489  -0.1355   0.3716   1.0000
   7.250   1.3486   0.02517   0.01543  -0.1342   0.3597   1.0000
   7.500   1.3697   0.02568   0.01624  -0.1331   0.3508   1.0000
   7.750   1.3792   0.02612   0.01664  -0.1297   0.3367   1.0000
   8.000   1.3817   0.02644   0.01691  -0.1252   0.3221   1.0000
   8.250   1.3840   0.02678   0.01717  -0.1206   0.3083   1.0000
   8.500   1.3876   0.02725   0.01759  -0.1165   0.2945   1.0000
   8.750   1.3926   0.02781   0.01809  -0.1129   0.2813   1.0000
   9.000   1.3998   0.02842   0.01870  -0.1096   0.2697   1.0000
   9.250   1.4124   0.02909   0.01935  -0.1074   0.2614   1.0000
   9.500   1.4258   0.02984   0.02008  -0.1054   0.2535   1.0000
   9.750   1.4388   0.03063   0.02085  -0.1033   0.2460   1.0000
  10.000   1.4517   0.03145   0.02164  -0.1014   0.2389   1.0000
  10.250   1.4619   0.03229   0.02256  -0.0990   0.2310   1.0000
  10.500   1.4720   0.03314   0.02345  -0.0967   0.2241   1.0000
  10.750   1.4815   0.03404   0.02431  -0.0945   0.2178   1.0000
  11.000   1.4899   0.03502   0.02530  -0.0923   0.2111   1.0000
  11.250   1.4975   0.03609   0.02642  -0.0900   0.2042   1.0000
  11.500   1.5194   0.03724   0.02782  -0.0895   0.2022   1.0000
  11.750   1.5291   0.03838   0.02905  -0.0876   0.1971   1.0000
  12.000   1.5354   0.03959   0.03036  -0.0854   0.1913   1.0000
  12.250   1.5409   0.04086   0.03172  -0.0833   0.1860   1.0000
  12.500   1.5455   0.04215   0.03302  -0.0813   0.1811   1.0000
  12.750   1.5489   0.04366   0.03461  -0.0793   0.1758   1.0000
  14.250   1.5484   0.05615   0.04775  -0.0704   0.1430   1.0000
  14.750   1.5325   0.06308   0.05488  -0.0695   0.1280   1.0000
  15.000   1.5275   0.06666   0.05870  -0.0695   0.1195   1.0000
  15.250   1.5196   0.07071   0.06286  -0.0698   0.1142   1.0000
  15.500   1.5050   0.07591   0.06816  -0.0708   0.1069   1.0000
  15.750   1.4920   0.08120   0.07359  -0.0721   0.1004   1.0000
  16.000   1.4845   0.08602   0.07869  -0.0735   0.0891   1.0000
  16.250   1.4649   0.09273   0.08543  -0.0760   0.0839   1.0000
  16.750   1.4313   0.10600   0.09898  -0.0816   0.0694   1.0000
  17.000   1.4127   0.11314   0.10622  -0.0851   0.0630   1.0000
  17.250   1.3947   0.12030   0.11347  -0.0888   0.0579   1.0000
  17.500   1.3780   0.12729   0.12056  -0.0927   0.0526   1.0000
  17.750   1.3612   0.13437   0.12773  -0.0967   0.0485   1.0000
  18.000   1.3452   0.14136   0.13480  -0.1009   0.0445   1.0000
  18.250   1.3307   0.14810   0.14161  -0.1051   0.0417   1.0000
  18.500   1.3171   0.15471   0.14826  -0.1093   0.0393   1.0000
  18.750   1.3076   0.16051   0.15413  -0.1130   0.0372   1.0000
  19.000   1.2994   0.16606   0.15971  -0.1165   0.0352   1.0000
  19.250   1.2942   0.17097   0.16467  -0.1197   0.0339   1.0000
  19.500   1.2908   0.17547   0.16917  -0.1227   0.0327   1.0000
  19.750   1.2896   0.17942   0.17312  -0.1253   0.0317   1.0000
  20.000   1.2914   0.18265   0.17635  -0.1274   0.0309   1.0000
