  
       XFOIL         Version 6.99
  
 Calculated polar for: Airfoil_rR0.576350.txt                          
  
 1 1 Reynolds number fixed          Mach number fixed         
  
 xtrf =   1.000 (top)        1.000 (bottom)  
 Mach =   0.000     Re =     0.150 e 6     Ncrit =   9.000
  
   alpha    CL        CD       CDp       CM     Top_Xtr  Bot_Xtr
  ------ -------- --------- --------- -------- -------- --------
 -15.000  -0.3611   0.18861   0.18366  -0.0182   1.0000   0.0257
 -14.250  -0.4240   0.17704   0.17179  -0.0146   1.0000   0.0257
 -14.000  -0.4181   0.17408   0.16886  -0.0153   1.0000   0.0263
 -12.500  -0.3583   0.16330   0.15842  -0.0238   1.0000   0.0299
 -10.750  -0.3316   0.13781   0.13311  -0.0221   1.0000   0.0384
  -9.500  -0.3665   0.12285   0.11819  -0.0233   1.0000   0.0497
  -9.250  -0.3253   0.12016   0.11568  -0.0207   1.0000   0.0549
  -8.750  -0.3286   0.11621   0.11181  -0.0207   1.0000   0.0589
  -7.500  -0.3515   0.10355   0.09923  -0.0162   1.0000   0.0654
  -7.250  -0.3548   0.10177   0.09750  -0.0151   1.0000   0.0662
  -7.000  -0.3602   0.10018   0.09596  -0.0138   1.0000   0.0671
  -6.500  -0.3828   0.09786   0.09377  -0.0105   1.0000   0.0688
  -5.000  -0.3737   0.08298   0.07913  -0.0140   1.0000   0.0723
  -4.000  -0.2555   0.06755   0.06359  -0.0432   0.9868   0.0819
  -3.750  -0.2229   0.06464   0.06067  -0.0479   0.9817   0.0847
  -3.250  -0.1309   0.05631   0.05217  -0.0670   0.9714   0.0945
  -1.500   0.2648   0.02731   0.02019  -0.1282   0.9510   0.0687
  -1.250   0.3079   0.02526   0.01765  -0.1309   0.9460   0.0587
  -1.000   0.3520   0.02377   0.01592  -0.1341   0.9418   0.0544
  -0.500   0.4350   0.02215   0.01407  -0.1390   0.9310   0.0497
  -0.250   0.4718   0.02140   0.01338  -0.1409   0.9238   0.0491
   0.000   0.5171   0.02072   0.01273  -0.1444   0.9202   0.0489
   0.250   0.5535   0.02022   0.01251  -0.1461   0.9122   0.0511
   0.500   0.5927   0.01967   0.01194  -0.1482   0.9047   0.0547
   0.750   0.6413   0.01857   0.01131  -0.1522   0.9006   0.1815
   1.250   0.7057   0.01613   0.01066  -0.1531   0.8842   1.0000
   1.500   0.7528   0.01545   0.00985  -0.1563   0.8801   1.0000
   1.750   0.7906   0.01493   0.00926  -0.1578   0.8711   1.0000
   2.000   0.8297   0.01437   0.00865  -0.1595   0.8614   1.0000
   2.750   0.9565   0.01277   0.00690  -0.1666   0.8192   1.0000
   3.000   1.0043   0.01242   0.00646  -0.1703   0.7985   1.0000
   3.250   1.0439   0.01229   0.00622  -0.1723   0.7711   1.0000
   3.500   1.0788   0.01233   0.00611  -0.1734   0.7396   1.0000
   3.750   1.1101   0.01250   0.00610  -0.1739   0.7062   1.0000
   4.000   1.1349   0.01281   0.00611  -0.1728   0.6567   1.0000
   4.250   1.1488   0.01348   0.00613  -0.1694   0.5712   1.0000
   4.500   1.1616   0.01420   0.00635  -0.1663   0.5009   1.0000
   4.750   1.1786   0.01480   0.00664  -0.1641   0.4556   1.0000
   5.000   1.1944   0.01546   0.00696  -0.1619   0.4077   1.0000
   5.250   1.2086   0.01624   0.00731  -0.1594   0.3529   1.0000
   5.500   1.2213   0.01723   0.00779  -0.1567   0.2867   1.0000
   5.750   1.2340   0.01844   0.00851  -0.1541   0.2113   1.0000
   6.000   1.2460   0.01996   0.00943  -0.1515   0.1231   1.0000
   6.500   1.2706   0.02306   0.01181  -0.1460   0.0264   1.0000
   6.750   1.2888   0.02394   0.01286  -0.1439   0.0254   1.0000
   7.000   1.3059   0.02493   0.01404  -0.1415   0.0254   1.0000
   7.250   1.3205   0.02611   0.01542  -0.1388   0.0259   1.0000
   7.500   1.3308   0.02753   0.01705  -0.1354   0.0268   1.0000
   7.750   1.3374   0.02925   0.01893  -0.1315   0.0278   1.0000
   8.000   1.3437   0.03141   0.02117  -0.1277   0.0289   1.0000
