  
       XFOIL         Version 6.99
  
 Calculated polar for: Airfoil_rR0.603033.txt                          
  
 1 1 Reynolds number fixed          Mach number fixed         
  
 xtrf =   1.000 (top)        1.000 (bottom)  
 Mach =   0.000     Re =     0.150 e 6     Ncrit =   9.000
  
   alpha    CL        CD       CDp       CM     Top_Xtr  Bot_Xtr
  ------ -------- --------- --------- -------- -------- --------
 -16.500  -0.3657   0.20317   0.19824  -0.0177   1.0000   0.0228
 -15.500  -0.4588   0.19358   0.18821  -0.0116   1.0000   0.0239
 -15.250  -0.4521   0.19067   0.18534  -0.0124   1.0000   0.0247
 -15.000  -0.4456   0.18763   0.18235  -0.0133   1.0000   0.0255
 -14.750  -0.4402   0.18391   0.17854  -0.0142   1.0000   0.0250
 -14.500  -0.4337   0.18105   0.17570  -0.0150   1.0000   0.0262
 -12.500  -0.3947   0.16005   0.15488  -0.0225   1.0000   0.0297
 -12.000  -0.3931   0.15597   0.15086  -0.0247   1.0000   0.0299
 -10.750  -0.3618   0.13550   0.13056  -0.0233   1.0000   0.0322
 -10.500  -0.3579   0.13262   0.12771  -0.0231   1.0000   0.0332
  -9.000  -0.3679   0.11902   0.11436  -0.0259   1.0000   0.0399
  -7.750  -0.3608   0.10268   0.09827  -0.0189   1.0000   0.0551
  -6.750  -0.3626   0.09671   0.09269  -0.0120   1.0000   0.0639
  -6.500  -0.3665   0.09489   0.09093  -0.0108   1.0000   0.0662
  -5.250  -0.3594   0.08278   0.07903  -0.0143   1.0000   0.0767
  -4.500  -0.3111   0.06994   0.06600  -0.0351   1.0000   0.0817
  -4.000  -0.2067   0.05995   0.05579  -0.0602   0.9920   0.0911
  -3.750  -0.1458   0.05563   0.05124  -0.0739   0.9884   0.0997
  -3.000  -0.0284   0.04648   0.04200  -0.0900   0.9754   0.1141
  -2.000   0.2400   0.02708   0.02003  -0.1317   0.9720   0.0676
  -1.500   0.3365   0.02356   0.01566  -0.1400   0.9666   0.0542
  -1.000   0.4234   0.02214   0.01398  -0.1464   0.9569   0.0500
  -0.750   0.4688   0.02135   0.01325  -0.1502   0.9522   0.0496
  -0.500   0.5103   0.02082   0.01274  -0.1533   0.9464   0.0495
   0.000   0.5918   0.01993   0.01213  -0.1590   0.9342   0.0574
   0.250   0.6452   0.01854   0.01197  -0.1651   0.9317   0.4052
   0.500   0.6736   0.01728   0.01185  -0.1646   0.9246   0.8391
   0.750   0.7033   0.01673   0.01127  -0.1645   0.9145   1.0000
   1.000   0.7416   0.01632   0.01076  -0.1664   0.9064   1.0000
   1.500   0.8106   0.00912   0.00357  -0.1659   0.8811   1.0000
   1.750   0.8536   0.01471   0.00897  -0.1708   0.8817   1.0000
   2.000   0.8907   0.01411   0.00833  -0.1721   0.8715   1.0000
   2.250   0.9291   0.01353   0.00771  -0.1736   0.8593   1.0000
   2.750   0.9999   0.01273   0.00681  -0.1756   0.8236   1.0000
   3.000   1.0366   0.01248   0.00648  -0.1770   0.8031   1.0000
   3.250   1.0703   0.01238   0.00629  -0.1779   0.7781   1.0000
   3.500   1.1028   0.01239   0.00615  -0.1785   0.7500   1.0000
   3.750   1.1304   0.01255   0.00616  -0.1781   0.7184   1.0000
   4.000   1.1522   0.01285   0.00609  -0.1762   0.6617   1.0000
   4.250   1.1653   0.01353   0.00611  -0.1726   0.5724   1.0000
   4.500   1.1818   0.01417   0.00635  -0.1703   0.5141   1.0000
   4.750   1.1992   0.01479   0.00664  -0.1682   0.4658   1.0000
   5.000   1.2152   0.01550   0.00696  -0.1660   0.4108   1.0000
   5.250   1.2284   0.01644   0.00736  -0.1633   0.3444   1.0000
   5.500   1.2414   0.01756   0.00797  -0.1607   0.2650   1.0000
   5.750   1.2504   0.01926   0.00893  -0.1575   0.1617   1.0000
   6.000   1.2624   0.02085   0.00999  -0.1548   0.0828   1.0000
   6.250   1.2721   0.02271   0.01139  -0.1516   0.0273   1.0000
   6.500   1.2906   0.02363   0.01246  -0.1495   0.0254   1.0000
   6.750   1.3081   0.02465   0.01367  -0.1472   0.0251   1.0000
   7.000   1.3230   0.02586   0.01509  -0.1444   0.0255   1.0000
   7.250   1.3325   0.02729   0.01673  -0.1408   0.0263   1.0000
   7.500   1.3381   0.02901   0.01861  -0.1365   0.0273   1.0000
   7.750   1.3435   0.03112   0.02079  -0.1324   0.0285   1.0000
   8.000   1.3615   0.03425   0.02389  -0.1302   0.0302   1.0000
