  
       XFOIL         Version 6.99
  
 Calculated polar for: Airfoil_rR0.985350.txt                          
  
 1 1 Reynolds number fixed          Mach number fixed         
  
 xtrf =   1.000 (top)        1.000 (bottom)  
 Mach =   0.000     Re =     0.200 e 6     Ncrit =   9.000
  
   alpha    CL        CD       CDp       CM     Top_Xtr  Bot_Xtr
  ------ -------- --------- --------- -------- -------- --------
 -17.500  -0.5883   0.22063   0.21588   0.0228   1.0000   0.0097
 -17.000  -0.3914   0.20232   0.19801  -0.0057   1.0000   0.0099
 -16.500  -0.5515   0.20848   0.20374   0.0154   1.0000   0.0098
 -15.250  -0.3779   0.19027   0.18590  -0.0109   1.0000   0.0101
 -14.500  -0.4820   0.18420   0.17953   0.0012   1.0000   0.0100
 -13.000  -0.4350   0.16500   0.16040  -0.0083   1.0000   0.0102
 -12.750  -0.3602   0.15849   0.15415  -0.0167   1.0000   0.0112
 -12.500  -0.3559   0.15515   0.15082  -0.0169   1.0000   0.0117
 -11.750  -0.3447   0.14569   0.14140  -0.0187   1.0000   0.0135
 -11.250  -0.3871   0.13775   0.13334  -0.0150   1.0000   0.0135
 -11.000  -0.3806   0.13453   0.13014  -0.0162   1.0000   0.0143
  -4.750  -0.2094   0.05037   0.04646  -0.0654   0.9805   0.0722
  -4.250  -0.1268   0.03945   0.03509  -0.0781   0.9713   0.0835
  -3.750  -0.0220   0.02009   0.01277  -0.0861   0.9669   0.0303
  -3.500   0.0184   0.01614   0.00843  -0.0878   0.9651   0.0274
  -3.250   0.0604   0.01453   0.00660  -0.0902   0.9621   0.0296
  -3.000   0.1010   0.01343   0.00566  -0.0926   0.9585   0.0859
  -2.750   0.1361   0.01331   0.00566  -0.0948   0.9525   0.1068
  -2.500   0.1723   0.01317   0.00572  -0.0974   0.9474   0.1437
  -2.250   0.2092   0.01276   0.00545  -0.0999   0.9425   0.1735
  -2.000   0.2438   0.01235   0.00525  -0.1019   0.9370   0.2201
  -1.750   0.2780   0.01191   0.00506  -0.1038   0.9316   0.2839
  -1.500   0.3083   0.01138   0.00492  -0.1050   0.9243   0.3783
  -1.250   0.3351   0.01024   0.00484  -0.1051   0.9180   0.6751
  -1.000   0.3677   0.00950   0.00461  -0.1055   0.9113   1.0000
  -0.750   0.3961   0.00942   0.00441  -0.1058   0.9016   1.0000
  -0.500   0.4247   0.00933   0.00423  -0.1061   0.8924   1.0000
  -0.250   0.4527   0.00925   0.00407  -0.1063   0.8827   1.0000
   0.000   0.4801   0.00920   0.00393  -0.1063   0.8721   1.0000
   0.250   0.5072   0.00917   0.00382  -0.1063   0.8611   1.0000
   0.500   0.5337   0.00917   0.00375  -0.1062   0.8495   1.0000
   0.750   0.5592   0.00920   0.00373  -0.1059   0.8361   1.0000
   1.000   0.5852   0.00923   0.00370  -0.1057   0.8229   1.0000
   1.250   0.6111   0.00926   0.00366  -0.1054   0.8091   1.0000
   1.500   0.6366   0.00930   0.00362  -0.1051   0.7936   1.0000
   1.750   0.6629   0.00934   0.00355  -0.1049   0.7790   1.0000
   2.000   0.6879   0.00941   0.00350  -0.1043   0.7583   1.0000
   2.250   0.7117   0.00950   0.00342  -0.1034   0.7305   1.0000
   2.500   0.7350   0.00959   0.00336  -0.1025   0.6980   1.0000
   2.750   0.7591   0.00976   0.00332  -0.1017   0.6708   1.0000
   3.000   0.7835   0.00997   0.00339  -0.1012   0.6467   1.0000
   3.250   0.8081   0.01018   0.00349  -0.1008   0.6239   1.0000
   3.500   0.8326   0.01037   0.00360  -0.1004   0.5993   1.0000
   4.000   0.8812   0.01090   0.00384  -0.0994   0.5567   1.0000
   4.250   0.9055   0.01117   0.00402  -0.0990   0.5355   1.0000
   4.750   0.9533   0.01171   0.00437  -0.0980   0.4846   1.0000
   5.000   0.9750   0.01216   0.00459  -0.0971   0.4477   1.0000
   5.250   0.9897   0.01312   0.00489  -0.0952   0.3451   1.0000
   5.500   1.0004   0.01484   0.00562  -0.0931   0.1830   1.0000
   5.750   1.0169   0.01610   0.00638  -0.0918   0.1042   1.0000
   6.000   1.0360   0.01702   0.00697  -0.0908   0.0698   1.0000
   6.250   1.0579   0.01759   0.00738  -0.0901   0.0566   1.0000
   6.500   1.0790   0.01824   0.00776  -0.0894   0.0416   1.0000
   7.250   1.1369   0.02110   0.01091  -0.0846   0.0197   1.0000
   7.500   1.1488   0.02277   0.01279  -0.0818   0.0197   1.0000
   7.750   1.1561   0.02495   0.01510  -0.0784   0.0200   1.0000
  15.500   1.0203   0.20344   0.19905  -0.1148   0.0456   1.0000
  17.250   0.7854   0.21448   0.21051  -0.0870   0.0416   1.0000
  18.250   0.7804   0.22748   0.22353  -0.0925   0.0339   1.0000
