  
       XFOIL         Version 6.99
  
 Calculated polar for: Airfoil_rR0.336133.txt                          
  
 1 1 Reynolds number fixed          Mach number fixed         
  
 xtrf =   1.000 (top)        1.000 (bottom)  
 Mach =   0.000     Re =     0.200 e 6     Ncrit =   9.000
  
   alpha    CL        CD       CDp       CM     Top_Xtr  Bot_Xtr
  ------ -------- --------- --------- -------- -------- --------
 -12.500  -0.3858   0.15626   0.15206  -0.0216   1.0000   0.0298
 -11.500  -0.3323   0.14430   0.14022  -0.0212   1.0000   0.0450
 -10.500  -0.3638   0.13359   0.12946  -0.0231   1.0000   0.0497
 -10.000  -0.3764   0.13132   0.12727  -0.0255   1.0000   0.0500
  -9.000  -0.3464   0.11748   0.11354  -0.0208   1.0000   0.0514
  -8.500  -0.3147   0.11530   0.11155  -0.0186   1.0000   0.0526
  -6.750  -0.3294   0.10162   0.09815  -0.0116   1.0000   0.0570
  -5.750  -0.3288   0.08741   0.08389  -0.0349   0.9865   0.0603
  -4.500  -0.1775   0.06526   0.06157  -0.0699   0.9610   0.0706
  -4.250  -0.1621   0.06325   0.05961  -0.0684   0.9552   0.0712
  -3.750  -0.1045   0.05792   0.05427  -0.0748   0.9453   0.0755
  -3.500  -0.0461   0.05119   0.04735  -0.0902   0.9422   0.0820
  -3.250  -0.0059   0.04853   0.04466  -0.0954   0.9400   0.0861
  -1.750   0.3209   0.02113   0.01394  -0.1406   0.9258   0.0470
  -1.500   0.3626   0.01979   0.01244  -0.1431   0.9222   0.0443
  -1.250   0.4069   0.01874   0.01133  -0.1460   0.9200   0.0424
  -1.000   0.4399   0.01810   0.01069  -0.1469   0.9128   0.0416
  -0.750   0.4842   0.01736   0.00995  -0.1500   0.9102   0.0413
  -0.500   0.5180   0.01682   0.00939  -0.1510   0.9028   0.0417
  -0.250   0.5634   0.01606   0.00890  -0.1542   0.9002   0.0465
   0.000   0.5980   0.01540   0.00833  -0.1552   0.8920   0.0668
   0.250   0.6391   0.01426   0.00797  -0.1581   0.8870   0.3013
   0.500   0.6797   0.01339   0.00758  -0.1605   0.8821   0.4591
   0.750   0.7160   0.01270   0.00727  -0.1619   0.8749   0.5870
   1.000   0.7482   0.01187   0.00691  -0.1620   0.8661   0.7656
   1.500   0.8229   0.01071   0.00581  -0.1646   0.8427   1.0000
   1.750   0.8629   0.01048   0.00547  -0.1668   0.8246   1.0000
   2.000   0.9112   0.01027   0.00511  -0.1708   0.8042   1.0000
   2.250   0.9498   0.01025   0.00493  -0.1728   0.7772   1.0000
   2.500   0.9875   0.01034   0.00482  -0.1747   0.7494   1.0000
   2.750   1.0172   0.01054   0.00483  -0.1749   0.7192   1.0000
   3.000   1.0438   0.01080   0.00490  -0.1745   0.6884   1.0000
   3.250   1.0678   0.01110   0.00502  -0.1736   0.6573   1.0000
   3.500   1.0909   0.01145   0.00516  -0.1725   0.6269   1.0000
   3.750   1.1121   0.01181   0.00535  -0.1711   0.5959   1.0000
   4.000   1.1333   0.01221   0.00556  -0.1697   0.5675   1.0000
   4.250   1.1509   0.01269   0.00579  -0.1675   0.5304   1.0000
   4.500   1.1633   0.01330   0.00603  -0.1644   0.4766   1.0000
   4.750   1.1746   0.01401   0.00633  -0.1612   0.4195   1.0000
   5.000   1.1907   0.01458   0.00664  -0.1590   0.3813   1.0000
   5.250   1.2082   0.01509   0.00695  -0.1571   0.3509   1.0000
   5.500   1.2261   0.01560   0.00728  -0.1553   0.3215   1.0000
   5.750   1.2427   0.01619   0.00763  -0.1534   0.2916   1.0000
   6.000   1.2593   0.01681   0.00798  -0.1515   0.2560   1.0000
   6.250   1.2740   0.01765   0.00841  -0.1493   0.2105   1.0000
   6.500   1.2880   0.01868   0.00905  -0.1470   0.1545   1.0000
   6.750   1.2986   0.02011   0.00999  -0.1442   0.0878   1.0000
   7.000   1.3044   0.02200   0.01137  -0.1407   0.0259   1.0000
   7.250   1.3217   0.02279   0.01217  -0.1386   0.0210   1.0000
   7.750   1.3560   0.02438   0.01403  -0.1345   0.0199   1.0000
   8.250   1.3793   0.02698   0.01758  -0.1281   0.0218   1.0000
   8.500   1.3904   0.02814   0.01890  -0.1252   0.0231   1.0000
   8.750   1.3985   0.02954   0.02046  -0.1218   0.0246   1.0000
   9.500   1.3937   0.03572   0.02719  -0.1087   0.0307   1.0000
