  
       XFOIL         Version 6.99
  
 Calculated polar for: Airfoil_rR0.416200.txt                          
  
 1 1 Reynolds number fixed          Mach number fixed         
  
 xtrf =   1.000 (top)        1.000 (bottom)  
 Mach =   0.000     Re =     0.250 e 6     Ncrit =   9.000
  
   alpha    CL        CD       CDp       CM     Top_Xtr  Bot_Xtr
  ------ -------- --------- --------- -------- -------- --------
 -13.750  -0.3617   0.17684   0.17311  -0.0210   1.0000   0.0200
 -12.250  -0.3892   0.14778   0.14389  -0.0186   1.0000   0.0219
 -10.000  -0.3818   0.12822   0.12457  -0.0241   1.0000   0.0400
  -8.000  -0.3249   0.10934   0.10604  -0.0159   1.0000   0.0476
  -7.500  -0.3334   0.10561   0.10238  -0.0147   1.0000   0.0488
  -7.250  -0.3598   0.10206   0.09876  -0.0136   1.0000   0.0487
  -6.750  -0.3839   0.09991   0.09670  -0.0140   0.9981   0.0496
  -6.500  -0.3542   0.09524   0.09200  -0.0275   0.9916   0.0500
  -6.000  -0.3148   0.08573   0.08250  -0.0354   0.9825   0.0507
  -5.750  -0.2917   0.08265   0.07942  -0.0375   0.9801   0.0513
  -5.250  -0.2483   0.07650   0.07328  -0.0437   0.9706   0.0528
  -5.000  -0.2277   0.07328   0.07007  -0.0476   0.9641   0.0539
  -4.750  -0.1944   0.06920   0.06596  -0.0554   0.9606   0.0558
  -4.250  -0.1070   0.05672   0.05330  -0.0821   0.9511   0.0614
  -4.000  -0.0838   0.05454   0.05113  -0.0836   0.9457   0.0626
  -3.750  -0.0469   0.05139   0.04794  -0.0894   0.9423   0.0652
  -3.250   0.0482   0.04221   0.03848  -0.1082   0.9362   0.0742
  -3.000   0.1037   0.03736   0.03333  -0.1186   0.9340   0.0824
  -1.250   0.4427   0.01689   0.00995  -0.1518   0.9206   0.0411
  -1.000   0.4747   0.01640   0.00946  -0.1525   0.9141   0.0400
  -0.750   0.5167   0.01535   0.00845  -0.1553   0.9116   0.0391
  -0.250   0.5932   0.01397   0.00731  -0.1591   0.9021   0.0392
   0.000   0.6293   0.01341   0.00669  -0.1605   0.8965   0.0396
   0.750   0.7497   0.01097   0.00529  -0.1679   0.8776   0.4006
   1.000   0.7861   0.01030   0.00512  -0.1696   0.8660   0.5865
   1.250   0.8183   0.00952   0.00490  -0.1699   0.8527   0.8113
   1.500   0.8591   0.00900   0.00442  -0.1722   0.8368   1.0000
   1.750   0.9007   0.00891   0.00419  -0.1749   0.8129   1.0000
   2.000   0.9425   0.00894   0.00404  -0.1778   0.7877   1.0000
   2.250   0.9770   0.00907   0.00399  -0.1791   0.7598   1.0000
   2.500   1.0057   0.00928   0.00402  -0.1792   0.7301   1.0000
   2.750   1.0317   0.00954   0.00409  -0.1788   0.6995   1.0000
   3.000   1.0560   0.00985   0.00421  -0.1779   0.6687   1.0000
   3.250   1.0780   0.01019   0.00435  -0.1767   0.6360   1.0000
   3.500   1.0992   0.01053   0.00452  -0.1753   0.6040   1.0000
   3.750   1.1160   0.01104   0.00472  -0.1729   0.5565   1.0000
   4.000   1.1270   0.01178   0.00498  -0.1695   0.4885   1.0000
   4.250   1.1393   0.01253   0.00528  -0.1665   0.4227   1.0000
   4.500   1.1575   0.01307   0.00557  -0.1647   0.3848   1.0000
   4.750   1.1759   0.01362   0.00587  -0.1630   0.3481   1.0000
   5.000   1.1947   0.01415   0.00617  -0.1615   0.3105   1.0000
   5.500   1.2285   0.01559   0.00689  -0.1579   0.2192   1.0000
   5.750   1.2417   0.01684   0.00750  -0.1555   0.1427   1.0000
   6.000   1.2539   0.01829   0.00844  -0.1529   0.0673   1.0000
   6.250   1.2662   0.01972   0.00955  -0.1502   0.0195   1.0000
   6.500   1.2864   0.02028   0.01019  -0.1486   0.0186   1.0000
   6.750   1.3061   0.02089   0.01090  -0.1468   0.0186   1.0000
   7.000   1.3247   0.02160   0.01175  -0.1449   0.0189   1.0000
   7.250   1.3420   0.02245   0.01277  -0.1426   0.0194   1.0000
   7.500   1.3560   0.02355   0.01411  -0.1399   0.0199   1.0000
   7.750   1.3517   0.02109   0.01203  -0.1338   0.0215   1.0000
   8.000   1.3840   0.02553   0.01630  -0.1346   0.0227   1.0000
