  
       XFOIL         Version 6.99
  
 Calculated polar for: Airfoil_rR0.985350.txt                          
  
 1 1 Reynolds number fixed          Mach number fixed         
  
 xtrf =   1.000 (top)        1.000 (bottom)  
 Mach =   0.000     Re =     0.150 e 6     Ncrit =   9.000
  
   alpha    CL        CD       CDp       CM     Top_Xtr  Bot_Xtr
  ------ -------- --------- --------- -------- -------- --------
 -17.250  -0.5823   0.22125   0.21577   0.0189   1.0000   0.0101
 -16.000  -0.5375   0.20572   0.20026   0.0099   1.0000   0.0102
 -14.500  -0.4845   0.18100   0.17568   0.0023   1.0000   0.0118
 -14.250  -0.4761   0.17786   0.17256   0.0010   1.0000   0.0123
 -14.000  -0.4678   0.17476   0.16947  -0.0004   1.0000   0.0129
 -13.750  -0.3648   0.17195   0.16698  -0.0134   1.0000   0.0158
 -13.500  -0.4516   0.16855   0.16330  -0.0032   1.0000   0.0142
 -13.250  -0.3602   0.16616   0.16119  -0.0147   1.0000   0.0174
 -13.000  -0.4358   0.16221   0.15700  -0.0060   1.0000   0.0157
 -12.750  -0.3558   0.16036   0.15539  -0.0166   1.0000   0.0192
 -12.500  -0.4207   0.15572   0.15054  -0.0089   1.0000   0.0176
 -12.250  -0.3598   0.15683   0.15185  -0.0202   1.0000   0.0201
 -11.750  -0.4060   0.14885   0.14371  -0.0161   1.0000   0.0201
 -11.250  -0.3871   0.13930   0.13425  -0.0154   1.0000   0.0236
 -11.000  -0.3805   0.13624   0.13122  -0.0165   1.0000   0.0260
  -4.750  -0.3047   0.06054   0.05641  -0.0428   0.9954   0.0814
  -3.750  -0.1048   0.03069   0.02425  -0.0747   0.9806   0.0607
  -3.500  -0.0551   0.02183   0.01412  -0.0768   0.9815   0.0354
  -3.250  -0.0084   0.01830   0.00992  -0.0789   0.9807   0.0320
  -3.000   0.0341   0.01661   0.00806  -0.0813   0.9763   0.0395
  -2.750   0.0779   0.01568   0.00739  -0.0846   0.9718   0.1070
  -2.500   0.1147   0.01572   0.00754  -0.0874   0.9643   0.1371
  -2.250   0.1538   0.01555   0.00754  -0.0906   0.9583   0.1723
  -2.000   0.1915   0.01513   0.00733  -0.0934   0.9517   0.2124
  -1.750   0.2279   0.01465   0.00714  -0.0959   0.9447   0.2733
  -1.500   0.2692   0.01391   0.00691  -0.0995   0.9405   0.3879
  -0.750   0.3723   0.01204   0.00635  -0.1038   0.9205   1.0000
  -0.500   0.4046   0.01195   0.00616  -0.1049   0.9113   1.0000
  -0.250   0.4357   0.01186   0.00599  -0.1058   0.9020   1.0000
   0.000   0.4668   0.01174   0.00580  -0.1066   0.8927   1.0000
   0.250   0.4972   0.01162   0.00562  -0.1072   0.8830   1.0000
   0.500   0.5265   0.01152   0.00546  -0.1075   0.8727   1.0000
   0.750   0.5550   0.01144   0.00533  -0.1077   0.8619   1.0000
   1.000   0.5830   0.01138   0.00523  -0.1077   0.8507   1.0000
   1.250   0.6092   0.01139   0.00518  -0.1075   0.8378   1.0000
   1.500   0.6352   0.01141   0.00515  -0.1072   0.8242   1.0000
   1.750   0.6618   0.01140   0.00507  -0.1069   0.8109   1.0000
   2.000   0.6872   0.01142   0.00504  -0.1065   0.7954   1.0000
   2.250   0.7140   0.01139   0.00491  -0.1061   0.7808   1.0000
   2.500   0.7391   0.01140   0.00480  -0.1054   0.7609   1.0000
   2.750   0.7629   0.01143   0.00470  -0.1043   0.7358   1.0000
   3.000   0.7866   0.01148   0.00460  -0.1032   0.7092   1.0000
   3.250   0.8104   0.01155   0.00453  -0.1023   0.6821   1.0000
   3.500   0.8343   0.01173   0.00454  -0.1015   0.6565   1.0000
   4.000   0.8828   0.01215   0.00478  -0.1003   0.6113   1.0000
   4.750   0.9547   0.01292   0.00524  -0.0984   0.5447   1.0000
   5.250   0.9995   0.01354   0.00561  -0.0966   0.4817   1.0000
   5.500   1.0138   0.01431   0.00576  -0.0944   0.3833   1.0000
   5.750   1.0279   0.01545   0.00622  -0.0924   0.2784   1.0000
   6.500   1.0744   0.01929   0.00842  -0.0881   0.0676   1.0000
   6.750   1.0938   0.02018   0.00916  -0.0868   0.0471   1.0000
   7.000   1.1100   0.02147   0.01052  -0.0848   0.0327   1.0000
   7.750   1.1475   0.02627   0.01574  -0.0767   0.0235   1.0000
   8.000   1.1570   0.02871   0.01828  -0.0735   0.0239   1.0000
   8.250   1.1804   0.03270   0.02240  -0.0717   0.0259   1.0000
  15.750   1.0286   0.20917   0.20412  -0.1156   0.0588   1.0000
  16.000   0.8000   0.20068   0.19611  -0.0796   0.0608   1.0000
  17.000   0.7766   0.21307   0.20853  -0.0872   0.0561   1.0000
