  
       XFOIL         Version 6.99
  
 Calculated polar for: Airfoil_rR0.896617.txt                          
  
 1 1 Reynolds number fixed          Mach number fixed         
  
 xtrf =   1.000 (top)        1.000 (bottom)  
 Mach =   0.000     Re =     0.250 e 6     Ncrit =   9.000
  
   alpha    CL        CD       CDp       CM     Top_Xtr  Bot_Xtr
  ------ -------- --------- --------- -------- -------- --------
 -16.250  -0.5285   0.20336   0.19909   0.0093   1.0000   0.0096
 -15.250  -0.4928   0.19110   0.18686   0.0025   1.0000   0.0097
 -14.000  -0.3584   0.17559   0.17162  -0.0170   1.0000   0.0100
 -13.750  -0.3564   0.17275   0.16879  -0.0177   1.0000   0.0100
 -12.500  -0.3444   0.15737   0.15341  -0.0213   1.0000   0.0101
 -10.500  -0.3193   0.12726   0.12345  -0.0257   1.0000   0.0125
  -3.750   0.0337   0.01489   0.00767  -0.0973   0.9632   0.0234
  -3.500   0.0755   0.01331   0.00589  -0.0997   0.9612   0.0248
  -3.250   0.1122   0.01247   0.00510  -0.1013   0.9564   0.0619
  -3.000   0.1486   0.01229   0.00502  -0.1037   0.9523   0.0789
  -2.750   0.1860   0.01211   0.00499  -0.1065   0.9492   0.1028
  -2.500   0.2183   0.01181   0.00479  -0.1080   0.9433   0.1248
  -2.250   0.2551   0.01133   0.00445  -0.1105   0.9404   0.1534
  -2.000   0.2849   0.01096   0.00426  -0.1114   0.9334   0.1957
  -1.750   0.3177   0.01057   0.00408  -0.1130   0.9286   0.2540
  -1.500   0.3476   0.01015   0.00393  -0.1140   0.9217   0.3264
  -1.250   0.3755   0.00950   0.00383  -0.1146   0.9136   0.4851
  -1.000   0.3928   0.00839   0.00383  -0.1120   0.9049   0.8345
  -0.750   0.4264   0.00809   0.00357  -0.1132   0.8967   1.0000
  -0.250   0.4828   0.00797   0.00326  -0.1138   0.8779   1.0000
   0.000   0.5098   0.00796   0.00317  -0.1138   0.8666   1.0000
   0.250   0.5366   0.00797   0.00310  -0.1138   0.8548   1.0000
   0.500   0.5632   0.00800   0.00305  -0.1138   0.8427   1.0000
   0.750   0.5898   0.00803   0.00301  -0.1137   0.8302   1.0000
   1.000   0.6153   0.00808   0.00302  -0.1135   0.8145   1.0000
   1.250   0.6411   0.00812   0.00298  -0.1133   0.7980   1.0000
   1.500   0.6672   0.00817   0.00290  -0.1130   0.7816   1.0000
   1.750   0.6925   0.00827   0.00285  -0.1126   0.7602   1.0000
   2.000   0.7165   0.00840   0.00283  -0.1118   0.7315   1.0000
   2.250   0.7400   0.00854   0.00280  -0.1110   0.6971   1.0000
   2.500   0.7640   0.00876   0.00279  -0.1104   0.6682   1.0000
   2.750   0.7885   0.00898   0.00287  -0.1100   0.6438   1.0000
   3.000   0.8132   0.00919   0.00297  -0.1096   0.6209   1.0000
   3.250   0.8378   0.00939   0.00306  -0.1092   0.5946   1.0000
   3.750   0.8860   0.00995   0.00331  -0.1083   0.5496   1.0000
   4.000   0.9106   0.01021   0.00348  -0.1080   0.5282   1.0000
   4.250   0.9352   0.01044   0.00365  -0.1076   0.5020   1.0000
   4.500   0.9584   0.01078   0.00381  -0.1070   0.4761   1.0000
   5.250   1.0078   0.01386   0.00507  -0.1025   0.1811   1.0000
   5.500   1.0255   0.01497   0.00572  -0.1013   0.1113   1.0000
   5.750   1.0452   0.01583   0.00624  -0.1004   0.0677   1.0000
   6.000   1.0673   0.01639   0.00661  -0.0998   0.0493   1.0000
   6.250   1.0894   0.01694   0.00695  -0.0991   0.0361   1.0000
   6.500   1.1108   0.01768   0.00767  -0.0979   0.0201   1.0000
   7.000   1.1506   0.01949   0.00978  -0.0948   0.0179   1.0000
   7.500   1.1741   0.02296   0.01364  -0.0888   0.0192   1.0000
   7.750   1.1813   0.02591   0.01668  -0.0851   0.0201   1.0000
