  
       XFOIL         Version 6.99
  
 Calculated polar for: Airfoil_rR0.990400.txt                          
  
 1 1 Reynolds number fixed          Mach number fixed         
  
 xtrf =   1.000 (top)        1.000 (bottom)  
 Mach =   0.000     Re =     0.250 e 6     Ncrit =   9.000
  
   alpha    CL        CD       CDp       CM     Top_Xtr  Bot_Xtr
  ------ -------- --------- --------- -------- -------- --------
 -15.500  -0.3766   0.19080   0.18691  -0.0095   1.0000   0.0098
 -15.250  -0.5064   0.19212   0.18792   0.0074   1.0000   0.0097
 -14.500  -0.4804   0.18272   0.17855   0.0024   1.0000   0.0098
 -14.250  -0.3685   0.17883   0.17490  -0.0127   1.0000   0.0099
 -13.500  -0.4478   0.16997   0.16584  -0.0041   1.0000   0.0099
 -13.250  -0.3604   0.16729   0.16336  -0.0156   1.0000   0.0100
 -12.500  -0.3526   0.15778   0.15386  -0.0179   1.0000   0.0101
 -11.250  -0.3835   0.13985   0.13584  -0.0171   1.0000   0.0102
  -5.750  -0.3110   0.06814   0.06493  -0.0409   0.9906   0.0356
  -5.500  -0.2588   0.05828   0.05484  -0.0598   0.9839   0.0412
  -4.750  -0.1560   0.04485   0.04116  -0.0769   0.9719   0.0654
  -3.750   0.0256   0.01506   0.00788  -0.0938   0.9609   0.0251
  -3.500   0.0625   0.01323   0.00582  -0.0950   0.9566   0.0237
  -3.250   0.1014   0.01226   0.00470  -0.0969   0.9530   0.0399
  -3.000   0.1397   0.01179   0.00449  -0.0995   0.9504   0.0853
  -2.750   0.1705   0.01160   0.00441  -0.1006   0.9438   0.1026
  -2.500   0.2058   0.01133   0.00433  -0.1029   0.9403   0.1412
  -2.250   0.2349   0.01100   0.00413  -0.1036   0.9329   0.1689
  -2.000   0.2651   0.01066   0.00396  -0.1046   0.9266   0.2102
  -1.750   0.2957   0.01031   0.00379  -0.1057   0.9206   0.2626
  -1.500   0.3228   0.00993   0.00366  -0.1060   0.9119   0.3287
  -1.250   0.3485   0.00931   0.00357  -0.1061   0.9025   0.4768
  -1.000   0.3646   0.00813   0.00356  -0.1031   0.8934   0.8505
  -0.250   0.4550   0.00787   0.00312  -0.1051   0.8639   1.0000
   0.000   0.4813   0.00789   0.00304  -0.1050   0.8523   1.0000
   0.250   0.5075   0.00791   0.00298  -0.1049   0.8405   1.0000
   0.500   0.5332   0.00796   0.00296  -0.1047   0.8271   1.0000
   0.750   0.5590   0.00800   0.00293  -0.1046   0.8130   1.0000
   1.000   0.5846   0.00804   0.00290  -0.1043   0.7975   1.0000
   1.250   0.6105   0.00809   0.00284  -0.1041   0.7824   1.0000
   1.500   0.6360   0.00818   0.00281  -0.1038   0.7645   1.0000
   1.750   0.6608   0.00830   0.00278  -0.1033   0.7412   1.0000
   2.000   0.6845   0.00842   0.00274  -0.1025   0.7094   1.0000
   2.250   0.7082   0.00858   0.00269  -0.1017   0.6768   1.0000
   2.500   0.7326   0.00880   0.00273  -0.1013   0.6512   1.0000
   2.750   0.7574   0.00901   0.00282  -0.1010   0.6281   1.0000
   3.000   0.7822   0.00919   0.00290  -0.1006   0.6010   1.0000
   3.250   0.8064   0.00944   0.00297  -0.1002   0.5779   1.0000
   3.500   0.8308   0.00971   0.00310  -0.0998   0.5559   1.0000
   3.750   0.8555   0.00996   0.00325  -0.0995   0.5351   1.0000
   4.500   0.9278   0.01082   0.00374  -0.0983   0.4611   1.0000
   4.750   0.9512   0.01118   0.00397  -0.0978   0.4301   1.0000
   5.000   0.9681   0.01209   0.00430  -0.0963   0.3378   1.0000
   5.500   0.9956   0.01518   0.00581  -0.0930   0.0807   1.0000
   5.750   1.0000   0.01119   0.00179  -0.0892   0.0616   1.0000
   6.000   1.0399   0.01632   0.00664  -0.0918   0.0502   1.0000
   6.250   1.0621   0.01686   0.00696  -0.0912   0.0412   1.0000
   6.500   1.0853   0.01730   0.00730  -0.0906   0.0300   1.0000
   6.750   1.1069   0.01801   0.00800  -0.0895   0.0191   1.0000
   7.000   1.1272   0.01886   0.00900  -0.0880   0.0178   1.0000
   7.500   1.1575   0.02164   0.01224  -0.0833   0.0184   1.0000
  17.000   0.7811   0.21115   0.20758  -0.0878   0.0346   1.0000
