  
       XFOIL         Version 6.99
  
 Calculated polar for: Airfoil_rR0.176550.txt                          
  
 1 1 Reynolds number fixed          Mach number fixed         
  
 xtrf =   1.000 (top)        1.000 (bottom)  
 Mach =   0.000     Re =     0.050 e 6     Ncrit =   9.000
  
   alpha    CL        CD       CDp       CM     Top_Xtr  Bot_Xtr
  ------ -------- --------- --------- -------- -------- --------
 -20.000  -0.4754   0.23764   0.22822  -0.0100   1.0000   0.1007
 -19.750  -0.4633   0.23328   0.22389  -0.0102   1.0000   0.1020
 -19.500  -0.4544   0.23061   0.22125  -0.0109   1.0000   0.1034
 -19.250  -0.4463   0.22830   0.21898  -0.0118   1.0000   0.1047
 -19.000  -0.4388   0.22614   0.21685  -0.0128   1.0000   0.1062
 -18.750  -0.4319   0.22415   0.21490  -0.0138   1.0000   0.1077
 -18.500  -0.2967   0.21932   0.21124  -0.0253   1.0000   0.1104
 -17.750  -0.4084   0.21670   0.20763  -0.0183   1.0000   0.1110
 -17.500  -0.3978   0.21320   0.20417  -0.0185   1.0000   0.1123
 -17.250  -0.3892   0.21055   0.20278  -0.0190   1.0000   0.1137
 -16.750  -0.3749   0.20616   0.19719  -0.0204   1.0000   0.1170
 -16.500  -0.3697   0.20441   0.19549  -0.0213   1.0000   0.1187
 -15.750  -0.3520   0.19775   0.18898  -0.0235   1.0000   0.1217
 -15.500  -0.3427   0.19482   0.18609  -0.0236   1.0000   0.1234
 -15.250  -0.2512   0.19639   0.18850  -0.0276   1.0000   0.1284
 -15.000  -0.3297   0.19042   0.18178  -0.0245   1.0000   0.1275
 -14.500  -0.3295   0.18882   0.18030  -0.0266   1.0000   0.1302
 -14.250  -0.3175   0.18445   0.17599  -0.0264   1.0000   0.1313
 -14.000  -0.2392   0.18618   0.17841  -0.0278   1.0000   0.1356
 -13.750  -0.3005   0.17882   0.17045  -0.0262   1.0000   0.1353
 -13.250  -0.2973   0.17583   0.16757  -0.0273   1.0000   0.1397
 -13.000  -0.2962   0.17406   0.16588  -0.0278   1.0000   0.1407
 -12.500  -0.2762   0.16739   0.15927  -0.0268   1.0000   0.1449
 -12.250  -0.2729   0.16497   0.15663  -0.0269   1.0000   0.1471
 -12.000  -0.2749   0.16378   0.15551  -0.0274   1.0000   0.1495
 -11.750  -0.2765   0.16215   0.15397  -0.0277   1.0000   0.1507
 -11.250  -0.2578   0.15587   0.14778  -0.0263   1.0000   0.1555
 -11.000  -0.2326   0.16028   0.15268  -0.0262   1.0000   0.1599
 -10.750  -0.2698   0.15396   0.14604  -0.0269   1.0000   0.1603
 -10.500  -0.2537   0.14944   0.14156  -0.0255   1.0000   0.1624
 -10.250  -0.2485   0.14698   0.13916  -0.0248   1.0000   0.1656
 -10.000  -0.2531   0.14560   0.13786  -0.0246   1.0000   0.1692
  -9.750  -0.2586   0.14400   0.13635  -0.0244   1.0000   0.1708
  -9.500  -0.2218   0.14521   0.13796  -0.0219   1.0000   0.1748
  -9.250  -0.2265   0.14346   0.13628  -0.0213   1.0000   0.1786
  -9.000  -0.2616   0.13802   0.13060  -0.0222   1.0000   0.1801
  -8.750  -0.2507   0.13434   0.12699  -0.0208   1.0000   0.1824
  -8.500  -0.2484   0.13212   0.12484  -0.0196   1.0000   0.1864
  -8.250  -0.2487   0.13602   0.12917  -0.0179   1.0000   0.1904
  -8.000  -0.2555   0.12811   0.12100  -0.0175   1.0000   0.1930
  -7.750  -0.2588   0.12634   0.11932  -0.0162   1.0000   0.1980
  -7.500  -0.2511   0.12892   0.12230  -0.0139   1.0000   0.2015
  -7.250  -0.2489   0.12659   0.12003  -0.0121   1.0000   0.2070
  -7.000  -0.2852   0.12166   0.11492  -0.0124   1.0000   0.2098
  -6.750  -0.2600   0.12269   0.11631  -0.0092   1.0000   0.2158
  -6.500  -0.2961   0.11775   0.11120  -0.0090   1.0000   0.2196
  -6.250  -0.2916   0.11497   0.10849  -0.0070   1.0000   0.2251
  -6.000  -0.3207   0.11484   0.10849  -0.0052   1.0000   0.2300
  -5.750  -0.3019   0.11633   0.11031  -0.0024   1.0000   0.2393
  -5.500  -0.3214   0.11013   0.10394  -0.0010   1.0000   0.2441
  -5.250  -0.3467   0.10966   0.10359   0.0016   1.0000   0.2494
  -4.750  -0.3688   0.10694   0.10106   0.0069   1.0000   0.2693
  -4.500  -0.3837   0.10577   0.10000   0.0087   1.0000   0.2799
  -4.250  -0.3633   0.10783   0.10238   0.0122   1.0000   0.2990
  -4.000  -0.3865   0.10204   0.09643   0.0138   1.0000   0.3080
  -3.750  -0.3919   0.10008   0.09454   0.0154   1.0000   0.3162
  -3.250  -0.4048   0.09614   0.09074   0.0175   1.0000   0.3342
  -2.750  -0.4116   0.09212   0.08685   0.0190   1.0000   0.3567
  -2.500  -0.4130   0.09040   0.08519   0.0210   1.0000   0.3748
  -2.250  -0.3558   0.08768   0.08241   0.0129   0.9770   0.4144
  -2.000  -0.2005   0.05867   0.05160  -0.0600   0.9660   0.2352
  -1.750  -0.2581   0.07481   0.06907  -0.0229   0.9458   0.3616
  -1.500  -0.0894   0.05303   0.04519  -0.0772   0.9363   0.2547
  -1.250  -0.0402   0.05156   0.04341  -0.0830   0.9219   0.2679
  -1.000   0.0043   0.05048   0.04208  -0.0875   0.9074   0.2817
  -0.750   0.0458   0.04969   0.04117  -0.0909   0.8926   0.2946
  -0.500   0.0893   0.04908   0.04040  -0.0943   0.8777   0.3122
  -0.250   0.1297   0.04851   0.03971  -0.0971   0.8625   0.3284
   0.000   0.1725   0.04811   0.03921  -0.1000   0.8487   0.3493
   0.250   0.2044   0.04788   0.03902  -0.1010   0.8336   0.3662
   0.500   0.2478   0.04750   0.03861  -0.1035   0.8203   0.3916
   0.750   0.2764   0.04746   0.03867  -0.1038   0.8044   0.4158
   1.000   0.3194   0.04704   0.03861  -0.1058   0.7908   0.4435
   1.250   0.3490   0.04697   0.03853  -0.1061   0.7750   0.4719
   1.500   0.3892   0.04657   0.03817  -0.1073   0.7617   0.5117
   2.000   0.4488   0.04635   0.03818  -0.1069   0.7336   0.6022
   2.250   0.4859   0.04556   0.03759  -0.1067   0.7213   0.6706
   2.500   0.5167   0.04426   0.03667  -0.1047   0.7099   0.7671
   2.750   0.5486   0.04360   0.03617  -0.1059   0.6928   1.0000
   3.000   0.6144   0.04258   0.03461  -0.1109   0.6809   1.0000
   3.250   0.6415   0.04323   0.03503  -0.1110   0.6660   1.0000
   3.500   0.6808   0.04302   0.03459  -0.1119   0.6534   1.0000
   3.750   0.7358   0.04175   0.03309  -0.1139   0.6423   1.0000
   4.000   0.8011   0.03998   0.03110  -0.1171   0.6312   1.0000
   4.250   0.8342   0.04005   0.03103  -0.1172   0.6165   1.0000
   4.500   0.8836   0.03931   0.03014  -0.1190   0.6027   1.0000
   4.750   0.9720   0.03718   0.02775  -0.1260   0.5891   1.0000
   5.000   0.9866   0.03817   0.02868  -0.1238   0.5734   1.0000
   5.250   1.0351   0.03783   0.02817  -0.1260   0.5584   1.0000
   5.500   1.0540   0.03867   0.02894  -0.1243   0.5435   1.0000
   5.750   1.1058   0.03833   0.02840  -0.1270   0.5288   1.0000
   6.000   1.1113   0.03977   0.02985  -0.1237   0.5151   1.0000
   6.250   1.1410   0.04034   0.03032  -0.1235   0.5018   1.0000
   6.500   1.1765   0.04079   0.03063  -0.1242   0.4890   1.0000
   6.750   1.1819   0.04237   0.03224  -0.1210   0.4772   1.0000
   7.000   1.1904   0.04385   0.03374  -0.1182   0.4658   1.0000
   7.250   1.2003   0.04529   0.03518  -0.1157   0.4547   1.0000
   7.500   1.2132   0.04663   0.03652  -0.1136   0.4440   1.0000
   7.750   1.2194   0.04827   0.03818  -0.1108   0.4342   1.0000
   8.000   1.2178   0.05033   0.04029  -0.1071   0.4253   1.0000
   8.250   1.2157   0.05250   0.04250  -0.1036   0.4167   1.0000
   8.500   0.9576   0.07766   0.06820  -0.0911   0.4101   1.0000
   8.750   0.8573   0.09422   0.08489  -0.0942   0.4022   1.0000
   9.250   0.8220   0.10687   0.09762  -0.0967   0.3943   1.0000
   9.500   0.8064   0.11339   0.10419  -0.0986   0.3961   1.0000
   9.750   0.7779   0.12298   0.11389  -0.1029   0.4188   1.0000
  10.500   0.7189   0.14108   0.13219  -0.1117   0.4831   1.0000
  11.250   0.7493   0.14938   0.14046  -0.1132   0.4572   1.0000
  11.750   0.7687   0.15486   0.14594  -0.1144   0.4420   1.0000
  12.250   0.7931   0.16109   0.15217  -0.1157   0.4292   1.0000
  12.500   0.7029   0.17658   0.16879  -0.1122   0.4005   1.0000
  13.250   0.8246   0.17133   0.16242  -0.1185   0.3982   1.0000
  14.000   0.7258   0.18895   0.18148  -0.1170   0.3536   1.0000
  14.250   0.8618   0.18189   0.17300  -0.1216   0.3686   1.0000
  14.500   0.8695   0.18417   0.17530  -0.1225   0.3613   1.0000
  14.750   0.7422   0.19641   0.18908  -0.1199   0.3334   1.0000
  15.250   0.8940   0.19148   0.18279  -0.1252   0.3418   1.0000
  15.500   0.8992   0.19367   0.18497  -0.1264   0.3350   1.0000
  15.750   0.9192   0.19772   0.18903  -0.1267   0.3294   1.0000
  16.000   0.9177   0.19874   0.19004  -0.1283   0.3226   1.0000
  16.250   0.9305   0.20215   0.19345  -0.1292   0.3188   1.0000
  16.750   0.9463   0.20715   0.19847  -0.1314   0.3088   1.0000
  17.000   0.9495   0.20869   0.20002  -0.1329   0.3027   1.0000
  17.250   0.9634   0.21229   0.20362  -0.1337   0.2990   1.0000
  17.500   0.9662   0.21355   0.20489  -0.1352   0.2924   1.0000
  18.000   0.9833   0.21836   0.20972  -0.1374   0.2818   1.0000
  18.750   0.8303   0.24037   0.23383  -0.1379   0.2511   1.0000
  19.000   1.0111   0.22755   0.21896  -0.1430   0.2662   1.0000
  19.500   0.8458   0.24972   0.24333  -0.1417   0.2406   1.0000
  19.750   1.0333   0.23441   0.22588  -0.1471   0.2551   1.0000
  20.000   1.0451   0.23735   0.22886  -0.1480   0.2513   1.0000
