  
       XFOIL         Version 6.99
  
 Calculated polar for: Airfoil_rR0.923317.txt                          
  
 1 1 Reynolds number fixed          Mach number fixed         
  
 xtrf =   1.000 (top)        1.000 (bottom)  
 Mach =   0.000     Re =     0.050 e 6     Ncrit =   9.000
  
   alpha    CL        CD       CDp       CM     Top_Xtr  Bot_Xtr
  ------ -------- --------- --------- -------- -------- --------
 -20.000  -0.6850   0.24871   0.23932   0.0398   1.0000   0.0341
 -19.750  -0.6757   0.24612   0.23674   0.0379   1.0000   0.0364
 -19.500  -0.6667   0.24420   0.23483   0.0355   1.0000   0.0388
 -19.250  -0.6598   0.24473   0.23536   0.0324   1.0000   0.0399
 -18.500  -0.6302   0.23281   0.22353   0.0279   1.0000   0.0427
 -18.250  -0.4120   0.21372   0.20558  -0.0023   1.0000   0.0531
 -17.750  -0.6039   0.22603   0.21681   0.0219   1.0000   0.0494
 -17.500  -0.4018   0.20859   0.20034  -0.0052   1.0000   0.0589
 -17.250  -0.5863   0.21996   0.21085   0.0183   1.0000   0.0515
 -17.000  -0.4055   0.21090   0.20261  -0.0078   1.0000   0.0602
 -16.750  -0.5669   0.21290   0.20375   0.0154   1.0000   0.0540
 -16.250  -0.5500   0.20811   0.19898   0.0117   1.0000   0.0588
 -16.000  -0.5450   0.20793   0.19882   0.0090   1.0000   0.0599
 -15.750  -0.5366   0.20456   0.19551   0.0074   1.0000   0.0608
 -15.500  -0.3786   0.19383   0.18556  -0.0110   1.0000   0.0730
 -15.250  -0.3757   0.19162   0.18335  -0.0114   1.0000   0.0761
 -15.000  -0.5083   0.19425   0.18526   0.0035   1.0000   0.0693
 -14.750  -0.5069   0.19499   0.18603   0.0007   1.0000   0.0701
 -14.500  -0.4902   0.18707   0.17816   0.0010   1.0000   0.0733
 -14.250  -0.4817   0.18412   0.17524  -0.0003   1.0000   0.0770
 -14.000  -0.4775   0.18311   0.17425  -0.0026   1.0000   0.0795
 -13.500  -0.4581   0.17510   0.16632  -0.0044   1.0000   0.0856
 -13.250  -0.4533   0.17340   0.16466  -0.0063   1.0000   0.0891
 -13.000  -0.4554   0.17419   0.16549  -0.0090   1.0000   0.0902
 -12.750  -0.4359   0.16608   0.15742  -0.0082   1.0000   0.0950
 -12.500  -0.3599   0.16531   0.15710  -0.0177   1.0000   0.1018
 -12.250  -0.3536   0.16145   0.15326  -0.0178   1.0000   0.1049
 -12.000  -0.4176   0.15756   0.14903  -0.0122   1.0000   0.1021
 -11.750  -0.4083   0.15377   0.14527  -0.0128   1.0000   0.1056
 -11.500  -0.4044   0.15157   0.14311  -0.0143   1.0000   0.1088
 -11.250  -0.4071   0.15120   0.14280  -0.0167   1.0000   0.1101
 -11.000  -0.3906   0.14461   0.13625  -0.0161   1.0000   0.1133
  -8.250  -0.3188   0.11333   0.10592  -0.0256   1.0000   0.1596
  -8.000  -0.3508   0.10996   0.10241  -0.0244   1.0000   0.1598
  -7.750  -0.3184   0.10748   0.10027  -0.0247   1.0000   0.1695
  -7.250  -0.3236   0.10226   0.09527  -0.0227   1.0000   0.1794
  -6.750  -0.3330   0.09737   0.09061  -0.0199   1.0000   0.1892
  -6.500  -0.3650   0.09509   0.08822  -0.0220   1.0000   0.1902
  -6.000  -0.3391   0.08888   0.08244  -0.0162   1.0000   0.2067
  -5.500  -0.3620   0.08356   0.07702  -0.0211   1.0000   0.2202
  -4.500  -0.3422   0.07054   0.06426  -0.0184   1.0000   0.2637
  -4.000  -0.3228   0.06406   0.05783  -0.0204   1.0000   0.3011
  -3.500  -0.1776   0.04255   0.03429  -0.0572   1.0000   0.0962
  -3.250  -0.1240   0.03499   0.02523  -0.0629   1.0000   0.0800
  -3.000  -0.0830   0.03050   0.01983  -0.0649   1.0000   0.0801
  -2.750  -0.0453   0.02720   0.01614  -0.0659   1.0000   0.0975
  -2.500  -0.0196   0.02660   0.01595  -0.0663   1.0000   0.1967
  -2.250   0.0056   0.02594   0.01529  -0.0665   1.0000   0.2421
  -2.000   0.0326   0.02500   0.01423  -0.0669   1.0000   0.2689
  -1.750   0.0589   0.02431   0.01354  -0.0672   1.0000   0.3045
  -1.500   0.0855   0.02367   0.01304  -0.0677   1.0000   0.3586
  -1.250   0.1158   0.02254   0.01244  -0.0687   1.0000   0.4537
  -1.000   0.1238   0.02042   0.01193  -0.0644   1.0000   1.0000
  -0.750   0.1475   0.02097   0.01188  -0.0649   1.0000   1.0000
  -0.500   0.1688   0.02157   0.01216  -0.0653   1.0000   1.0000
  -0.250   0.1892   0.02222   0.01258  -0.0656   1.0000   1.0000
   0.000   0.2091   0.02294   0.01312  -0.0659   1.0000   1.0000
   0.250   0.2284   0.02372   0.01376  -0.0663   1.0000   1.0000
   0.500   0.2472   0.02457   0.01449  -0.0667   1.0000   1.0000
   0.750   0.2655   0.02549   0.01532  -0.0671   1.0000   1.0000
   1.000   0.3109   0.02667   0.01639  -0.0728   0.9881   1.0000
   1.250   0.3583   0.02777   0.01741  -0.0787   0.9728   1.0000
   1.500   0.4028   0.02879   0.01838  -0.0838   0.9578   1.0000
   1.750   0.4435   0.02972   0.01929  -0.0880   0.9427   1.0000
   2.000   0.4833   0.03061   0.02018  -0.0919   0.9280   1.0000
   2.250   0.5196   0.03146   0.02102  -0.0950   0.9127   1.0000
   2.500   0.5559   0.03227   0.02184  -0.0979   0.8981   1.0000
   2.750   0.5890   0.03309   0.02266  -0.1002   0.8830   1.0000
   3.000   0.6271   0.03383   0.02343  -0.1031   0.8696   1.0000
   3.250   0.6540   0.03469   0.02432  -0.1041   0.8534   1.0000
   3.500   0.6898   0.03531   0.02498  -0.1062   0.8386   1.0000
   3.750   0.7187   0.03605   0.02577  -0.1071   0.8226   1.0000
   4.000   0.7507   0.03672   0.02650  -0.1084   0.8084   1.0000
   4.250   0.7774   0.03751   0.02736  -0.1089   0.7932   1.0000
   4.500   0.8183   0.03765   0.02760  -0.1108   0.7800   1.0000
   4.750   0.8385   0.03863   0.02866  -0.1101   0.7634   1.0000
   5.000   0.8809   0.03837   0.02853  -0.1114   0.7501   1.0000
   5.750   1.0104   0.03132   0.02180  -0.1051   0.6732   1.0000
   6.000   1.0453   0.02934   0.01985  -0.1021   0.6433   1.0000
   6.250   1.0736   0.02811   0.01866  -0.0991   0.6120   1.0000
   6.500   1.0898   0.02566   0.01578  -0.0920   0.5413   1.0000
   6.750   1.0906   0.02531   0.01483  -0.0853   0.4496   1.0000
   7.000   1.0936   0.02620   0.01520  -0.0806   0.3503   1.0000
   7.250   1.0855   0.02907   0.01681  -0.0757   0.1920   1.0000
   7.500   1.0814   0.03257   0.01954  -0.0718   0.1335   1.0000
   7.750   1.0802   0.03584   0.02252  -0.0681   0.0961   1.0000
   8.000   1.0843   0.03907   0.02557  -0.0644   0.0733   1.0000
   8.250   1.1190   0.04297   0.02920  -0.0632   0.0596   1.0000
   8.500   1.1699   0.04796   0.03469  -0.0634   0.0557   1.0000
   8.750   1.1976   0.05321   0.04050  -0.0622   0.0564   1.0000
   9.000   1.1782   0.05783   0.04588  -0.0556   0.0582   1.0000
  10.000   1.2135   0.07943   0.06919  -0.0498   0.0706   1.0000
  14.250   0.7855   0.18822   0.18057  -0.0816   0.1835   1.0000
  14.500   0.7851   0.19151   0.18388  -0.0819   0.1820   1.0000
  16.000   0.7780   0.20911   0.20152  -0.0851   0.1610   1.0000
