  
       XFOIL         Version 6.99
  
 Calculated polar for: Airfoil_rR1.000000.txt                          
  
 1 1 Reynolds number fixed          Mach number fixed         
  
 xtrf =   1.000 (top)        1.000 (bottom)  
 Mach =   0.000     Re =     0.200 e 6     Ncrit =   9.000
  
   alpha    CL        CD       CDp       CM     Top_Xtr  Bot_Xtr
  ------ -------- --------- --------- -------- -------- --------
 -15.000  -0.4986   0.19038   0.18569   0.0046   1.0000   0.0100
 -13.500  -0.3665   0.17191   0.16751  -0.0157   1.0000   0.0102
 -12.500  -0.3557   0.15513   0.15081  -0.0169   1.0000   0.0118
 -12.250  -0.3519   0.15201   0.14769  -0.0174   1.0000   0.0123
 -12.000  -0.3482   0.14886   0.14456  -0.0181   1.0000   0.0129
 -11.500  -0.3407   0.14243   0.13816  -0.0195   1.0000   0.0143
 -10.500  -0.3683   0.12794   0.12360  -0.0186   1.0000   0.0161
  -5.750  -0.3716   0.07517   0.07172  -0.0245   0.9991   0.0432
  -5.000  -0.2602   0.05808   0.05444  -0.0527   0.9845   0.0662
  -3.750  -0.0216   0.01972   0.01238  -0.0862   0.9671   0.0301
  -3.500   0.0187   0.01608   0.00836  -0.0879   0.9650   0.0273
  -3.250   0.0608   0.01450   0.00657  -0.0902   0.9620   0.0299
  -3.000   0.1008   0.01344   0.00567  -0.0926   0.9581   0.0863
  -2.750   0.1365   0.01331   0.00567  -0.0949   0.9524   0.1070
  -2.500   0.1723   0.01318   0.00573  -0.0974   0.9471   0.1440
  -2.250   0.2095   0.01276   0.00545  -0.1000   0.9424   0.1737
  -2.000   0.2438   0.01236   0.00525  -0.1019   0.9367   0.2200
  -1.750   0.2782   0.01190   0.00506  -0.1039   0.9315   0.2840
  -1.500   0.3084   0.01138   0.00491  -0.1050   0.9241   0.3780
  -1.250   0.3349   0.01025   0.00485  -0.1051   0.9177   0.6730
  -0.750   0.3963   0.00941   0.00441  -0.1058   0.9015   1.0000
  -0.500   0.4248   0.00933   0.00423  -0.1061   0.8923   1.0000
  -0.250   0.4527   0.00925   0.00407  -0.1063   0.8825   1.0000
   0.000   0.4802   0.00920   0.00393  -0.1063   0.8719   1.0000
   0.250   0.5072   0.00917   0.00382  -0.1063   0.8609   1.0000
   0.500   0.5336   0.00917   0.00376  -0.1061   0.8491   1.0000
   0.750   0.5592   0.00921   0.00373  -0.1059   0.8358   1.0000
   1.000   0.5852   0.00924   0.00371  -0.1057   0.8226   1.0000
   1.250   0.6110   0.00926   0.00366  -0.1054   0.8086   1.0000
   1.500   0.6366   0.00930   0.00362  -0.1051   0.7934   1.0000
   1.750   0.6628   0.00934   0.00356  -0.1048   0.7787   1.0000
   2.000   0.6878   0.00942   0.00350  -0.1043   0.7579   1.0000
   2.250   0.7117   0.00950   0.00342  -0.1033   0.7302   1.0000
   2.500   0.7350   0.00959   0.00336  -0.1024   0.6974   1.0000
   2.750   0.7590   0.00976   0.00332  -0.1017   0.6705   1.0000
   3.000   0.7835   0.00997   0.00339  -0.1012   0.6466   1.0000
   3.250   0.8081   0.01018   0.00349  -0.1008   0.6238   1.0000
   3.500   0.8326   0.01037   0.00360  -0.1004   0.5991   1.0000
   3.750   0.8568   0.01062   0.00369  -0.0999   0.5776   1.0000
   4.250   0.9054   0.01117   0.00402  -0.0990   0.5354   1.0000
   4.500   0.9296   0.01143   0.00420  -0.0985   0.5110   1.0000
   4.750   0.9532   0.01171   0.00437  -0.0980   0.4846   1.0000
   5.000   0.9749   0.01216   0.00459  -0.0971   0.4482   1.0000
   5.250   0.9897   0.01311   0.00489  -0.0951   0.3466   1.0000
   5.500   1.0003   0.01483   0.00561  -0.0930   0.1840   1.0000
   5.750   1.0167   0.01610   0.00638  -0.0917   0.1052   1.0000
   6.250   1.0577   0.01759   0.00738  -0.0901   0.0568   1.0000
   6.500   1.0788   0.01824   0.00776  -0.0893   0.0419   1.0000
   6.750   1.0999   0.01899   0.00858  -0.0881   0.0304   1.0000
   7.750   1.1564   0.02487   0.01502  -0.0784   0.0200   1.0000
   8.000   1.1676   0.02708   0.01734  -0.0755   0.0207   1.0000
