  
       XFOIL         Version 6.99
  
 Calculated polar for: Airfoil_rR0.469583.txt                          
  
 1 1 Reynolds number fixed          Mach number fixed         
  
 xtrf =   1.000 (top)        1.000 (bottom)  
 Mach =   0.000     Re =     0.250 e 6     Ncrit =   9.000
  
   alpha    CL        CD       CDp       CM     Top_Xtr  Bot_Xtr
  ------ -------- --------- --------- -------- -------- --------
 -11.500  -0.3784   0.14004   0.13621  -0.0188   1.0000   0.0228
  -8.750  -0.3561   0.11230   0.10878  -0.0184   1.0000   0.0421
  -8.000  -0.3513   0.10676   0.10334  -0.0158   1.0000   0.0463
  -7.750  -0.3303   0.10664   0.10337  -0.0151   1.0000   0.0479
  -7.250  -0.3428   0.10327   0.10008  -0.0137   1.0000   0.0490
  -7.000  -0.3702   0.10000   0.09674  -0.0120   1.0000   0.0488
  -6.750  -0.3880   0.09936   0.09615  -0.0101   1.0000   0.0493
  -6.500  -0.3671   0.09563   0.09241  -0.0225   0.9937   0.0498
  -6.250  -0.3330   0.09033   0.08707  -0.0357   0.9876   0.0500
  -6.000  -0.3185   0.08524   0.08201  -0.0371   0.9833   0.0505
  -5.250  -0.2254   0.07509   0.07196  -0.0433   0.9648   0.0530
  -4.750  -0.2029   0.06907   0.06583  -0.0538   0.9617   0.0549
  -4.000  -0.0783   0.05371   0.05026  -0.0857   0.9504   0.0622
  -3.750  -0.0519   0.05121   0.04774  -0.0887   0.9442   0.0640
  -3.500   0.0174   0.04357   0.03977  -0.1063   0.9428   0.0715
  -3.250   0.0714   0.04033   0.03624  -0.1153   0.9412   0.0795
  -2.750   0.1391   0.03542   0.03133  -0.1218   0.9335   0.0858
  -2.250   0.2368   0.03007   0.02562  -0.1344   0.9305   0.1056
  -1.000   0.4782   0.01645   0.00951  -0.1536   0.9202   0.0409
  -0.750   0.5100   0.01589   0.00897  -0.1543   0.9133   0.0399
  -0.500   0.5529   0.01491   0.00804  -0.1572   0.9110   0.0390
  -0.250   0.5874   0.01433   0.00770  -0.1585   0.9045   0.0393
   0.000   0.6291   0.01361   0.00694  -0.1610   0.9014   0.0394
   0.250   0.6625   0.01313   0.00640  -0.1618   0.8941   0.0400
   0.500   0.7052   0.01242   0.00568  -0.1645   0.8899   0.0454
   0.750   0.7443   0.01142   0.00537  -0.1671   0.8820   0.2638
   1.000   0.7840   0.01053   0.00520  -0.1697   0.8726   0.5296
   1.250   0.8195   0.00975   0.00499  -0.1709   0.8604   0.7555
   1.750   0.8936   0.00895   0.00426  -0.1740   0.8228   1.0000
   2.000   0.9422   0.00890   0.00403  -0.1783   0.7996   1.0000
   2.250   0.9756   0.00900   0.00398  -0.1794   0.7717   1.0000
   2.500   1.0060   0.00918   0.00400  -0.1799   0.7427   1.0000
   2.750   1.0343   0.00943   0.00404  -0.1799   0.7124   1.0000
   3.000   1.0591   0.00973   0.00415  -0.1792   0.6805   1.0000
   3.250   1.0813   0.01005   0.00429  -0.1780   0.6464   1.0000
   3.500   1.1019   0.01046   0.00446  -0.1764   0.6096   1.0000
   3.750   1.1146   0.01113   0.00466  -0.1732   0.5419   1.0000
   4.000   1.1249   0.01194   0.00495  -0.1696   0.4656   1.0000
   4.250   1.1409   0.01256   0.00524  -0.1674   0.4138   1.0000
   4.500   1.1591   0.01312   0.00554  -0.1657   0.3749   1.0000
   4.750   1.1774   0.01371   0.00585  -0.1640   0.3348   1.0000
   5.000   1.1954   0.01435   0.00618  -0.1624   0.2917   1.0000
   5.250   1.2122   0.01513   0.00654  -0.1606   0.2378   1.0000
   5.500   1.2259   0.01635   0.00712  -0.1583   0.1551   1.0000
   5.750   1.2383   0.01784   0.00803  -0.1558   0.0781   1.0000
   6.000   1.2508   0.01931   0.00915  -0.1531   0.0196   1.0000
   6.250   1.2714   0.01987   0.00977  -0.1515   0.0187   1.0000
   6.500   1.2914   0.02048   0.01049  -0.1498   0.0187   1.0000
   6.750   1.3106   0.02119   0.01135  -0.1478   0.0191   1.0000
   7.000   1.3281   0.02207   0.01241  -0.1456   0.0197   1.0000
   7.250   1.3432   0.02309   0.01362  -0.1430   0.0204   1.0000
   7.500   1.3585   0.02401   0.01465  -0.1405   0.0218   1.0000
   7.750   1.3713   0.02514   0.01593  -0.1374   0.0240   1.0000
