  
       XFOIL         Version 6.99
  
 Calculated polar for: Airfoil_rR0.160000.txt                          
  
 1 1 Reynolds number fixed          Mach number fixed         
  
 xtrf =   1.000 (top)        1.000 (bottom)  
 Mach =   0.000     Re =     0.100 e 6     Ncrit =   9.000
  
   alpha    CL        CD       CDp       CM     Top_Xtr  Bot_Xtr
  ------ -------- --------- --------- -------- -------- --------
 -19.500  -0.2841   0.21710   0.21134  -0.0234   1.0000   0.0714
 -19.000  -0.4197   0.22270   0.21611  -0.0153   1.0000   0.0713
 -18.750  -0.4104   0.22003   0.21347  -0.0157   1.0000   0.0719
 -18.500  -0.4018   0.21766   0.21114  -0.0162   1.0000   0.0725
 -18.000  -0.3861   0.21321   0.20674  -0.0176   1.0000   0.0741
 -17.750  -0.3787   0.21101   0.20457  -0.0183   1.0000   0.0750
 -17.500  -0.2526   0.20561   0.19994  -0.0255   1.0000   0.0779
 -17.000  -0.3591   0.20443   0.19804  -0.0207   1.0000   0.0783
 -16.750  -0.2610   0.20564   0.19998  -0.0279   1.0000   0.0802
 -16.250  -0.2565   0.20140   0.19578  -0.0282   1.0000   0.0807
 -16.000  -0.3489   0.19733   0.19110  -0.0256   1.0000   0.0807
 -15.750  -0.3356   0.19336   0.18716  -0.0251   1.0000   0.0811
 -15.500  -0.3253   0.19043   0.18426  -0.0248   1.0000   0.0818
 -15.000  -0.3099   0.18572   0.17963  -0.0249   1.0000   0.0837
 -14.750  -0.3035   0.18349   0.17743  -0.0251   1.0000   0.0849
 -14.500  -0.2980   0.18125   0.17523  -0.0254   1.0000   0.0863
 -14.250  -0.2330   0.18519   0.17972  -0.0275   1.0000   0.0895
 -14.000  -0.2940   0.17726   0.17131  -0.0270   1.0000   0.0895
 -13.500  -0.2960   0.17314   0.16730  -0.0287   1.0000   0.0908
 -13.250  -0.2832   0.16969   0.16388  -0.0277   1.0000   0.0914
 -13.000  -0.2745   0.16714   0.16137  -0.0270   1.0000   0.0924
 -12.750  -0.2681   0.16487   0.15915  -0.0265   1.0000   0.0937
 -12.500  -0.2202   0.16926   0.16395  -0.0256   1.0000   0.0964
 -12.250  -0.2208   0.16680   0.16136  -0.0254   1.0000   0.0974
 -12.000  -0.2643   0.15862   0.15302  -0.0270   1.0000   0.0994
 -11.750  -0.2860   0.15829   0.15277  -0.0291   1.0000   0.1003
 -11.500  -0.2425   0.16007   0.15472  -0.0267   1.0000   0.1007
 -11.250  -0.2662   0.15108   0.14546  -0.0270   1.0000   0.1012
 -11.000  -0.2258   0.15463   0.14937  -0.0238   1.0000   0.1027
 -10.750  -0.2238   0.15248   0.14727  -0.0229   1.0000   0.1042
 -10.250  -0.2520   0.14201   0.13658  -0.0235   1.0000   0.1077
 -10.000  -0.2791   0.14072   0.13536  -0.0253   1.0000   0.1102
  -9.750  -0.2781   0.13761   0.13231  -0.0244   1.0000   0.1108
  -9.500  -0.2632   0.13475   0.12950  -0.0221   1.0000   0.1122
  -9.250  -0.2597   0.13273   0.12754  -0.0206   1.0000   0.1145
  -9.000  -0.2686   0.13076   0.12563  -0.0202   1.0000   0.1188
  -8.750  -0.2907   0.12825   0.12319  -0.0207   1.0000   0.1210
  -8.500  -0.2558   0.13180   0.12703  -0.0158   1.0000   0.1247
  -8.250  -0.3077   0.12466   0.11972  -0.0187   1.0000   0.1301
  -8.000  -0.2701   0.12752   0.12286  -0.0136   1.0000   0.1341
  -7.750  -0.2919   0.12589   0.12128  -0.0136   1.0000   0.1396
  -7.500  -0.2811   0.12270   0.11813  -0.0141   0.9980   0.1424
  -7.250  -0.2852   0.11881   0.11423  -0.0219   0.9909   0.1502
  -7.000  -0.3396   0.11385   0.10921  -0.0178   0.9950   0.1505
  -6.750  -0.2208   0.11221   0.10764  -0.0273   0.9773   0.1684
  -6.500  -0.1987   0.10838   0.10381  -0.0311   0.9704   0.1750
  -6.250  -0.2426   0.10466   0.10001  -0.0271   0.9742   0.1762
  -6.000  -0.1724   0.10119   0.09662  -0.0376   0.9522   0.1862
  -5.750  -0.1760   0.09755   0.09300  -0.0411   0.9419   0.1917
  -4.750  -0.2392   0.05202   0.04625  -0.0877   0.9109   0.1450
  -4.500  -0.2061   0.04302   0.03624  -0.0978   0.9033   0.1480
  -4.250  -0.1692   0.04012   0.03293  -0.1015   0.8955   0.1524
  -4.000  -0.1238   0.03813   0.03062  -0.1056   0.8900   0.1584
  -3.750  -0.0891   0.03702   0.02944  -0.1072   0.8810   0.1638
  -3.500  -0.0531   0.03579   0.02796  -0.1091   0.8719   0.1719
  -3.250  -0.0173   0.03480   0.02684  -0.1106   0.8629   0.1793
  -3.000   0.0189   0.03391   0.02598  -0.1120   0.8543   0.1854
  -2.750   0.0603   0.03274   0.02466  -0.1142   0.8474   0.1934
  -2.500   0.1029   0.03178   0.02363  -0.1165   0.8410   0.2034
  -2.250   0.1374   0.03101   0.02280  -0.1174   0.8318   0.2127
  -2.000   0.1730   0.03015   0.02189  -0.1184   0.8228   0.2219
  -1.750   0.2125   0.02924   0.02101  -0.1197   0.8146   0.2329
  -1.500   0.2641   0.02780   0.01957  -0.1228   0.8107   0.2462
  -1.250   0.3041   0.02676   0.01849  -0.1242   0.8023   0.2590
  -0.750   0.3960   0.02453   0.01634  -0.1287   0.7880   0.2880
  -0.500   0.4444   0.02344   0.01554  -0.1316   0.7800   0.3040
  -0.250   0.4931   0.02248   0.01459  -0.1345   0.7706   0.3234
   0.000   0.5451   0.02158   0.01369  -0.1381   0.7601   0.3472
   0.250   0.5807   0.02113   0.01327  -0.1389   0.7451   0.3682
   0.500   0.6304   0.02052   0.01268  -0.1423   0.7315   0.3952
   0.750   0.6703   0.02018   0.01235  -0.1440   0.7157   0.4230
   1.000   0.7132   0.01985   0.01201  -0.1462   0.6997   0.4545
   1.250   0.7439   0.01972   0.01189  -0.1462   0.6822   0.4849
   1.500   0.7720   0.01968   0.01185  -0.1457   0.6647   0.5180
   1.750   0.7986   0.01961   0.01181  -0.1448   0.6473   0.5518
   2.000   0.8300   0.01953   0.01172  -0.1449   0.6307   0.5936
   2.250   0.8498   0.01961   0.01184  -0.1428   0.6132   0.6355
   2.500   0.8718   0.01962   0.01190  -0.1410   0.5971   0.6845
   2.750   0.8949   0.01958   0.01192  -0.1393   0.5821   0.7466
   3.000   0.9086   0.01947   0.01197  -0.1356   0.5672   0.8347
   3.250   0.9444   0.01943   0.01184  -0.1371   0.5501   1.0000
   3.500   0.9704   0.01980   0.01195  -0.1368   0.5350   1.0000
   3.750   0.9993   0.02021   0.01208  -0.1370   0.5208   1.0000
   4.000   1.0183   0.02063   0.01238  -0.1353   0.5062   1.0000
   4.250   1.0415   0.02102   0.01259  -0.1343   0.4931   1.0000
   4.500   1.0673   0.02144   0.01279  -0.1338   0.4806   1.0000
   4.750   1.0886   0.02190   0.01311  -0.1326   0.4679   1.0000
   5.000   1.1071   0.02235   0.01347  -0.1307   0.4554   1.0000
   5.250   1.1281   0.02279   0.01377  -0.1294   0.4437   1.0000
   5.500   1.1498   0.02325   0.01410  -0.1282   0.4325   1.0000
   5.750   1.1712   0.02375   0.01448  -0.1270   0.4218   1.0000
   6.000   1.1911   0.02425   0.01490  -0.1255   0.4113   1.0000
   6.250   1.2121   0.02475   0.01528  -0.1243   0.4013   1.0000
   6.500   1.2320   0.02529   0.01573  -0.1228   0.3916   1.0000
   6.750   1.2506   0.02585   0.01623  -0.1212   0.3822   1.0000
   7.000   1.2679   0.02641   0.01675  -0.1193   0.3731   1.0000
   7.250   1.2838   0.02698   0.01728  -0.1172   0.3644   1.0000
   7.500   1.3024   0.02753   0.01776  -0.1156   0.3562   1.0000
   7.750   1.3289   0.02807   0.01836  -0.1154   0.3488   1.0000
   8.000   1.3451   0.02871   0.01898  -0.1135   0.3410   1.0000
   8.250   1.3593   0.02943   0.01972  -0.1112   0.3335   1.0000
   8.500   1.3770   0.03014   0.02040  -0.1096   0.3265   1.0000
   8.750   1.4017   0.03078   0.02091  -0.1093   0.3197   1.0000
   9.000   1.4079   0.03154   0.02179  -0.1057   0.3132   1.0000
   9.250   1.4282   0.03227   0.02246  -0.1046   0.3072   1.0000
   9.500   1.4502   0.03298   0.02310  -0.1039   0.3013   1.0000
   9.750   1.4628   0.03391   0.02409  -0.1016   0.2956   1.0000
  10.000   1.4949   0.03467   0.02467  -0.1026   0.2898   1.0000
  10.250   1.4929   0.03576   0.02598  -0.0980   0.2848   1.0000
  10.500   1.5250   0.03653   0.02658  -0.0990   0.2796   1.0000
  10.750   1.5167   0.03772   0.02804  -0.0936   0.2751   1.0000
  11.000   1.5415   0.03848   0.02871  -0.0934   0.2704   1.0000
  11.250   1.5430   0.03972   0.03011  -0.0899   0.2664   1.0000
  11.500   1.5634   0.04069   0.03119  -0.0891   0.2618   1.0000
  11.750   1.5783   0.04181   0.03235  -0.0876   0.2577   1.0000
  12.000   1.5786   0.04321   0.03389  -0.0841   0.2538   1.0000
  12.250   1.6197   0.04395   0.03443  -0.0863   0.2496   1.0000
  12.500   1.5970   0.04595   0.03678  -0.0800   0.2466   1.0000
  12.750   1.6003   0.04742   0.03836  -0.0774   0.2429   1.0000
  13.000   1.6278   0.04830   0.03914  -0.0777   0.2389   1.0000
  13.250   1.5966   0.05090   0.04209  -0.0714   0.2363   1.0000
  13.500   0.8778   0.14813   0.14140  -0.0904   0.2358   1.0000
  13.750   1.6208   0.05329   0.04449  -0.0687   0.2291   1.0000
  14.000   1.5798   0.05704   0.04861  -0.0630   0.2270   1.0000
  14.250   1.5568   0.06032   0.05212  -0.0597   0.2243   1.0000
  14.500   1.6186   0.05849   0.04995  -0.0619   0.2192   1.0000
  14.750   0.7353   0.18635   0.18094  -0.1078   0.2414   1.0000
  15.000   1.4705   0.07409   0.06651  -0.0536   0.2175   1.0000
  15.500   1.5297   0.07325   0.06547  -0.0528   0.2091   1.0000
  15.750   1.5709   0.06922   0.06110  -0.0520   0.1990   1.0000
  16.000   1.5181   0.07726   0.06956  -0.0511   0.1990   1.0000
  17.500   0.9435   0.20221   0.19573  -0.1141   0.2102   1.0000
  17.750   0.9304   0.20474   0.19827  -0.1177   0.2056   1.0000
  18.500   0.9535   0.21228   0.20582  -0.1214   0.1976   1.0000
  19.750   0.9879   0.22376   0.21733  -0.1282   0.1825   1.0000
