  
       XFOIL         Version 6.99
  
 Calculated polar for: Airfoil_rR0.965150.txt                          
  
 1 1 Reynolds number fixed          Mach number fixed         
  
 xtrf =   1.000 (top)        1.000 (bottom)  
 Mach =   0.000     Re =     0.100 e 6     Ncrit =   9.000
  
   alpha    CL        CD       CDp       CM     Top_Xtr  Bot_Xtr
  ------ -------- --------- --------- -------- -------- --------
 -20.000  -0.6873   0.25710   0.25024   0.0390   1.0000   0.0102
 -19.250  -0.6569   0.23944   0.23271   0.0354   1.0000   0.0115
 -18.000  -0.6110   0.22490   0.21825   0.0265   1.0000   0.0141
 -17.750  -0.6018   0.22200   0.21537   0.0247   1.0000   0.0149
 -17.250  -0.5832   0.21617   0.20959   0.0210   1.0000   0.0165
 -17.000  -0.5740   0.21315   0.20661   0.0192   1.0000   0.0170
 -16.500  -0.5557   0.20712   0.20052   0.0157   1.0000   0.0172
 -16.250  -0.5465   0.20415   0.19756   0.0138   1.0000   0.0180
 -16.000  -0.5373   0.20130   0.19472   0.0119   1.0000   0.0188
 -15.750  -0.3786   0.19205   0.18607  -0.0091   1.0000   0.0247
 -14.000  -0.4697   0.17794   0.17152  -0.0017   1.0000   0.0294
 -13.750  -0.4654   0.17699   0.17059  -0.0044   1.0000   0.0299
 -13.500  -0.4631   0.17628   0.16990  -0.0071   1.0000   0.0301
 -13.250  -0.4547   0.17167   0.16535  -0.0083   1.0000   0.0305
 -13.000  -0.3584   0.16570   0.15971  -0.0161   1.0000   0.0386
 -12.750  -0.4299   0.16108   0.15480  -0.0078   1.0000   0.0352
 -12.500  -0.4226   0.15809   0.15184  -0.0093   1.0000   0.0375
 -12.000  -0.4169   0.15539   0.14919  -0.0146   1.0000   0.0400
 -11.750  -0.4185   0.15480   0.14863  -0.0175   1.0000   0.0402
 -11.500  -0.3957   0.14521   0.13909  -0.0144   1.0000   0.0435
 -11.250  -0.3888   0.14207   0.13597  -0.0154   1.0000   0.0463
 -11.000  -0.3842   0.13956   0.13349  -0.0173   1.0000   0.0489
 -10.750  -0.3861   0.13883   0.13280  -0.0206   1.0000   0.0499
  -8.500  -0.3082   0.10936   0.10395  -0.0288   1.0000   0.0791
  -5.750  -0.3617   0.08005   0.07527  -0.0240   1.0000   0.0974
  -4.750  -0.3334   0.06632   0.06157  -0.0324   1.0000   0.1123
  -4.500  -0.3126   0.06228   0.05738  -0.0383   1.0000   0.1209
  -4.250  -0.3040   0.05904   0.05421  -0.0362   1.0000   0.1240
  -4.000  -0.2817   0.05496   0.05002  -0.0401   1.0000   0.1328
  -3.250  -0.1172   0.02766   0.01963  -0.0625   1.0000   0.0483
  -3.000  -0.0711   0.02290   0.01386  -0.0645   1.0000   0.0431
  -2.750  -0.0346   0.02060   0.01126  -0.0654   1.0000   0.0463
  -2.500   0.0045   0.01875   0.00951  -0.0668   1.0000   0.1077
  -2.250   0.0298   0.01888   0.00967  -0.0675   0.9990   0.1408
  -2.000   0.0754   0.01945   0.01045  -0.0729   0.9910   0.1934
  -1.750   0.1198   0.01908   0.01026  -0.0772   0.9834   0.2321
  -1.500   0.1641   0.01853   0.01004  -0.0814   0.9761   0.2971
  -1.250   0.2093   0.01735   0.00994  -0.0860   0.9710   0.5166
  -1.000   0.2403   0.01637   0.00981  -0.0862   0.9611   1.0000
  -0.750   0.2811   0.01656   0.00977  -0.0896   0.9513   1.0000
  -0.500   0.3216   0.01669   0.00974  -0.0929   0.9414   1.0000
  -0.250   0.3616   0.01677   0.00970  -0.0960   0.9313   1.0000
   0.000   0.4007   0.01682   0.00965  -0.0988   0.9212   1.0000
   0.250   0.4393   0.01682   0.00958  -0.1014   0.9113   1.0000
   0.500   0.4765   0.01679   0.00950  -0.1037   0.9013   1.0000
   0.750   0.5124   0.01672   0.00940  -0.1055   0.8914   1.0000
   1.000   0.5472   0.01663   0.00928  -0.1071   0.8814   1.0000
   1.250   0.5809   0.01652   0.00915  -0.1083   0.8710   1.0000
   1.500   0.6137   0.01639   0.00899  -0.1092   0.8604   1.0000
   1.750   0.6421   0.01638   0.00896  -0.1093   0.8475   1.0000
   2.000   0.6708   0.01636   0.00891  -0.1094   0.8349   1.0000
   2.250   0.7001   0.01630   0.00882  -0.1095   0.8227   1.0000
   2.750   0.7551   0.01620   0.00868  -0.1089   0.7950   1.0000
   3.000   0.7840   0.01602   0.00845  -0.1086   0.7813   1.0000
   3.250   0.8101   0.01590   0.00827  -0.1077   0.7634   1.0000
   3.500   0.8358   0.01577   0.00805  -0.1066   0.7435   1.0000
   3.750   0.8608   0.01562   0.00780  -0.1053   0.7212   1.0000
   4.250   0.9086   0.01550   0.00746  -0.1026   0.6725   1.0000
   5.250   1.0015   0.01610   0.00774  -0.0980   0.5743   1.0000
   5.750   1.0390   0.01661   0.00780  -0.0941   0.4822   1.0000
   6.500   1.0754   0.02011   0.00923  -0.0870   0.1755   1.0000
   7.500   1.1151   0.02793   0.01624  -0.0760   0.0359   1.0000
   7.750   1.1233   0.02998   0.01834  -0.0728   0.0327   1.0000
   8.000   1.1340   0.03258   0.02091  -0.0700   0.0312   1.0000
   8.250   1.1612   0.03615   0.02449  -0.0690   0.0310   1.0000
   8.500   1.1991   0.04101   0.02992  -0.0682   0.0339   1.0000
  13.250   0.9824   0.16812   0.16223  -0.0938   0.1048   1.0000
  13.750   1.0100   0.17679   0.17086  -0.0917   0.1003   1.0000
  14.000   0.9906   0.18189   0.17592  -0.1009   0.0951   1.0000
  16.000   1.0306   0.21469   0.20855  -0.1198   0.0753   1.0000
  16.250   0.7902   0.20646   0.20094  -0.0818   0.0809   1.0000
