  
       XFOIL         Version 6.99
  
 Calculated polar for: Airfoil_rR0.256067.txt                          
  
 1 1 Reynolds number fixed          Mach number fixed         
  
 xtrf =   1.000 (top)        1.000 (bottom)  
 Mach =   0.000     Re =     0.200 e 6     Ncrit =   9.000
  
   alpha    CL        CD       CDp       CM     Top_Xtr  Bot_Xtr
  ------ -------- --------- --------- -------- -------- --------
 -19.500  -0.5424   0.23796   0.23309  -0.0016   1.0000   0.0201
 -19.250  -0.5352   0.23476   0.22992  -0.0027   1.0000   0.0201
 -18.750  -0.5208   0.22860   0.22378  -0.0051   1.0000   0.0201
 -18.500  -0.5137   0.22543   0.22064  -0.0062   1.0000   0.0201
 -17.750  -0.3605   0.20720   0.20298  -0.0179   1.0000   0.0208
 -16.500  -0.3484   0.19800   0.19380  -0.0187   1.0000   0.0227
 -12.500  -0.3199   0.15760   0.15369  -0.0223   1.0000   0.0431
 -10.750  -0.3173   0.13982   0.13584  -0.0241   1.0000   0.0509
 -10.500  -0.3111   0.13704   0.13308  -0.0233   1.0000   0.0512
  -9.000  -0.2954   0.12320   0.11942  -0.0194   1.0000   0.0543
  -8.250  -0.2968   0.11676   0.11308  -0.0174   1.0000   0.0566
  -8.000  -0.3203   0.11198   0.10821  -0.0172   1.0000   0.0567
  -7.750  -0.3050   0.11279   0.10920  -0.0164   1.0000   0.0586
  -7.500  -0.3307   0.10838   0.10469  -0.0162   1.0000   0.0588
  -7.250  -0.3434   0.11047   0.10698  -0.0170   1.0000   0.0599
  -7.000  -0.3752   0.10685   0.10329  -0.0156   1.0000   0.0599
  -6.250  -0.2685   0.09512   0.09168  -0.0268   0.9847   0.0624
  -5.500  -0.2695   0.08682   0.08333  -0.0321   0.9734   0.0651
  -4.750  -0.1968   0.07231   0.06878  -0.0569   0.9524   0.0718
  -4.250  -0.1399   0.06545   0.06190  -0.0671   0.9416   0.0771
  -4.000  -0.0692   0.05646   0.05293  -0.0806   0.9301   0.0827
  -3.250   0.0924   0.02985   0.02417  -0.1269   0.9314   0.0619
  -2.750   0.1859   0.02221   0.01505  -0.1347   0.9260   0.0439
  -2.500   0.2274   0.02083   0.01346  -0.1370   0.9223   0.0423
  -2.250   0.2720   0.01978   0.01233  -0.1400   0.9200   0.0417
  -2.000   0.3045   0.01905   0.01159  -0.1408   0.9128   0.0415
  -1.750   0.3488   0.01819   0.01071  -0.1439   0.9104   0.0420
  -1.500   0.3821   0.01761   0.01010  -0.1448   0.9032   0.0433
  -1.250   0.4262   0.01690   0.00934  -0.1476   0.9006   0.0471
  -1.000   0.4607   0.01601   0.00879  -0.1488   0.8932   0.1168
  -0.750   0.5046   0.01521   0.00833  -0.1519   0.8904   0.2083
  -0.500   0.5396   0.01468   0.00830  -0.1530   0.8832   0.2545
  -0.250   0.5845   0.01394   0.00770  -0.1560   0.8804   0.3026
   0.000   0.6188   0.01345   0.00736  -0.1570   0.8720   0.3520
   0.250   0.6542   0.01292   0.00707  -0.1583   0.8633   0.4227
   0.500   0.6920   0.01227   0.00679  -0.1600   0.8542   0.5372
   0.750   0.7316   0.01150   0.00646  -0.1617   0.8443   0.6839
   1.000   0.7615   0.01072   0.00605  -0.1610   0.8314   0.8743
   1.250   0.8007   0.01039   0.00563  -0.1630   0.8133   1.0000
   1.500   0.8482   0.01027   0.00530  -0.1668   0.7944   1.0000
   1.750   0.8874   0.01028   0.00512  -0.1689   0.7702   1.0000
   2.000   0.9192   0.01040   0.00504  -0.1695   0.7422   1.0000
   2.250   0.9502   0.01058   0.00499  -0.1699   0.7135   1.0000
   2.500   0.9772   0.01083   0.00503  -0.1695   0.6852   1.0000
   2.750   1.0014   0.01110   0.00512  -0.1686   0.6570   1.0000
   3.000   1.0254   0.01142   0.00522  -0.1677   0.6301   1.0000
   3.250   1.0464   0.01173   0.00537  -0.1662   0.6017   1.0000
   3.500   1.0684   0.01210   0.00553  -0.1649   0.5770   1.0000
   3.750   1.0886   0.01244   0.00573  -0.1633   0.5502   1.0000
   4.000   1.1092   0.01284   0.00594  -0.1618   0.5268   1.0000
   4.250   1.1292   0.01320   0.00618  -0.1602   0.5025   1.0000
   4.500   1.1490   0.01361   0.00643  -0.1586   0.4807   1.0000
   4.750   1.1687   0.01401   0.00671  -0.1570   0.4587   1.0000
   5.000   1.1876   0.01442   0.00699  -0.1552   0.4383   1.0000
   5.250   1.2035   0.01485   0.00727  -0.1529   0.4117   1.0000
   5.500   1.2164   0.01538   0.00755  -0.1500   0.3806   1.0000
   5.750   1.2294   0.01592   0.00786  -0.1473   0.3467   1.0000
   6.000   1.2453   0.01644   0.00820  -0.1451   0.3182   1.0000
   6.250   1.2622   0.01695   0.00857  -0.1432   0.3001   1.0000
   6.500   1.2805   0.01742   0.00895  -0.1416   0.2819   1.0000
   6.750   1.2985   0.01790   0.00932  -0.1399   0.2629   1.0000
   7.000   1.3154   0.01845   0.00974  -0.1381   0.2460   1.0000
   7.250   1.3334   0.01896   0.01014  -0.1365   0.2258   1.0000
   7.500   1.3489   0.01960   0.01059  -0.1345   0.2067   1.0000
   8.250   1.3574   0.02502   0.01476  -0.1230   0.0194   1.0000
   8.500   1.3733   0.02576   0.01557  -0.1211   0.0188   1.0000
   8.750   1.3887   0.02653   0.01642  -0.1191   0.0185   1.0000
   9.000   1.4033   0.02736   0.01734  -0.1170   0.0185   1.0000
   9.250   1.4170   0.02827   0.01837  -0.1149   0.0186   1.0000
   9.500   1.4296   0.02927   0.01950  -0.1127   0.0188   1.0000
   9.750   1.4409   0.03038   0.02076  -0.1103   0.0190   1.0000
  10.000   1.4504   0.03163   0.02218  -0.1078   0.0193   1.0000
  10.250   1.4574   0.03309   0.02381  -0.1051   0.0196   1.0000
  10.500   1.4610   0.03482   0.02573  -0.1022   0.0198   1.0000
  10.750   1.4638   0.03663   0.02773  -0.0994   0.0202   1.0000
  11.000   1.4677   0.03842   0.02963  -0.0970   0.0207   1.0000
  11.250   1.4707   0.04034   0.03168  -0.0947   0.0213   1.0000
  11.500   1.4729   0.04243   0.03390  -0.0925   0.0221   1.0000
  12.000   1.4749   0.04715   0.03905  -0.0888   0.0230   1.0000
  12.750   1.4769   0.05621   0.04855  -0.0839   0.0267   1.0000
