  
       XFOIL         Version 6.99
  
 Calculated polar for: Airfoil_rR0.389517.txt                          
  
 1 1 Reynolds number fixed          Mach number fixed         
  
 xtrf =   1.000 (top)        1.000 (bottom)  
 Mach =   0.000     Re =     0.050 e 6     Ncrit =   9.000
  
   alpha    CL        CD       CDp       CM     Top_Xtr  Bot_Xtr
  ------ -------- --------- --------- -------- -------- --------
 -20.000  -0.5683   0.24424   0.23455   0.0042   1.0000   0.0471
 -19.500  -0.5540   0.23999   0.23035   0.0012   1.0000   0.0489
 -19.250  -0.5478   0.23859   0.22897  -0.0005   1.0000   0.0495
 -19.000  -0.5428   0.23801   0.22843  -0.0023   1.0000   0.0498
 -18.500  -0.3703   0.21937   0.21095  -0.0164   1.0000   0.0560
 -18.250  -0.5173   0.22659   0.21714  -0.0047   1.0000   0.0519
 -17.250  -0.4878   0.21567   0.20633  -0.0086   1.0000   0.0574
 -16.750  -0.4770   0.21266   0.20338  -0.0116   1.0000   0.0596
 -16.000  -0.4536   0.20232   0.19320  -0.0135   1.0000   0.0628
 -15.250  -0.4348   0.19498   0.18600  -0.0162   1.0000   0.0689
 -14.750  -0.3411   0.19086   0.18267  -0.0224   1.0000   0.0769
 -14.250  -0.4090   0.18264   0.17391  -0.0186   1.0000   0.0761
 -13.750  -0.3441   0.17892   0.17056  -0.0237   1.0000   0.0889
 -13.000  -0.3877   0.16565   0.15693  -0.0214   1.0000   0.0940
 -12.750  -0.3362   0.16612   0.15786  -0.0239   1.0000   0.1048
 -12.000  -0.3304   0.15842   0.15027  -0.0239   1.0000   0.1272
 -11.750  -0.3662   0.15239   0.14395  -0.0225   1.0000   0.1272
 -11.250  -0.3586   0.14746   0.13913  -0.0229   1.0000   0.1326
 -10.500  -0.3569   0.14265   0.13449  -0.0240   1.0000   0.1399
 -10.250  -0.3449   0.13813   0.13001  -0.0232   1.0000   0.1417
 -10.000  -0.3090   0.13808   0.13026  -0.0233   1.0000   0.1471
  -9.750  -0.3355   0.13315   0.12513  -0.0227   1.0000   0.1477
  -9.500  -0.3422   0.13265   0.12471  -0.0232   1.0000   0.1497
  -9.250  -0.3022   0.13074   0.12310  -0.0224   1.0000   0.1538
  -9.000  -0.3263   0.12599   0.11815  -0.0217   1.0000   0.1547
  -8.250  -0.2964   0.12162   0.11424  -0.0201   1.0000   0.1653
  -8.000  -0.3210   0.11751   0.10995  -0.0195   1.0000   0.1664
  -7.750  -0.3074   0.11868   0.11148  -0.0190   1.0000   0.1707
  -7.500  -0.3268   0.11406   0.10668  -0.0180   1.0000   0.1716
  -7.000  -0.3337   0.11092   0.10371  -0.0156   1.0000   0.1792
  -6.750  -0.3025   0.10930   0.10239  -0.0141   1.0000   0.1846
  -6.500  -0.3305   0.10614   0.09909  -0.0126   1.0000   0.1858
  -6.250  -0.3479   0.10591   0.09898  -0.0106   1.0000   0.1893
  -6.000  -0.3473   0.10342   0.09658  -0.0091   1.0000   0.1919
  -5.750  -0.3465   0.10131   0.09454  -0.0076   1.0000   0.1970
  -5.250  -0.3496   0.09725   0.09065  -0.0058   1.0000   0.2055
  -4.750  -0.3500   0.09306   0.08663  -0.0050   1.0000   0.2159
  -4.500  -0.3348   0.09227   0.08615  -0.0031   1.0000   0.2233
  -4.250  -0.3471   0.08899   0.08270  -0.0089   1.0000   0.2302
  -4.000  -0.3416   0.08629   0.08006  -0.0053   1.0000   0.2355
  -3.750  -0.3362   0.08389   0.07773  -0.0062   1.0000   0.2433
  -3.500  -0.3289   0.08148   0.07537  -0.0074   1.0000   0.2525
  -3.000  -0.3110   0.07669   0.07068  -0.0087   1.0000   0.2734
  -2.750  -0.3002   0.07436   0.06840  -0.0095   1.0000   0.2860
  -2.500  -0.2856   0.07190   0.06597  -0.0120   1.0000   0.3016
  -2.250  -0.2750   0.06967   0.06380  -0.0115   1.0000   0.3156
  -1.250   0.0579   0.04103   0.03234  -0.0904   1.0000   0.1195
  -1.000   0.1044   0.03812   0.02872  -0.0955   1.0000   0.1097
  -0.750   0.1349   0.03671   0.02710  -0.0974   1.0000   0.1067
  -0.500   0.1664   0.03547   0.02544  -0.0991   1.0000   0.1039
  -0.250   0.1948   0.03466   0.02428  -0.1000   1.0000   0.1029
   0.000   0.2196   0.03426   0.02367  -0.1004   1.0000   0.1037
   0.250   0.2432   0.03412   0.02338  -0.1006   1.0000   0.1059
   0.500   0.2660   0.03417   0.02322  -0.1005   1.0000   0.1104
   0.750   0.2885   0.03439   0.02340  -0.1007   1.0000   0.1195
   1.000   0.3325   0.03313   0.02348  -0.1042   1.0000   0.3975
   1.250   0.3312   0.03219   0.02413  -0.0995   1.0000   1.0000
   1.500   0.3772   0.03393   0.02538  -0.1048   0.9864   1.0000
   1.750   0.4295   0.03542   0.02705  -0.1109   0.9662   1.0000
   2.000   0.4785   0.03650   0.02786  -0.1160   0.9464   1.0000
   2.250   0.5257   0.03738   0.02851  -0.1205   0.9269   1.0000
   2.500   0.5721   0.03808   0.02904  -0.1246   0.9077   1.0000
   2.750   0.6187   0.03860   0.02941  -0.1285   0.8884   1.0000
   3.000   0.6671   0.03889   0.02960  -0.1322   0.8696   1.0000
   3.250   0.7131   0.03899   0.02962  -0.1353   0.8500   1.0000
   3.500   0.7590   0.03888   0.02947  -0.1380   0.8301   1.0000
   3.750   0.8060   0.03848   0.02905  -0.1405   0.8103   1.0000
   4.000   0.8546   0.03777   0.02835  -0.1427   0.7905   1.0000
   4.500   0.9577   0.03526   0.02592  -0.1467   0.7519   1.0000
   4.750   1.0225   0.03306   0.02377  -0.1499   0.7317   1.0000
   5.000   1.0917   0.03087   0.02164  -0.1539   0.7074   1.0000
   5.250   1.1525   0.02924   0.01999  -0.1568   0.6775   1.0000
   5.500   1.1975   0.02862   0.01930  -0.1578   0.6437   1.0000
   5.750   1.2395   0.02840   0.01892  -0.1586   0.6090   1.0000
   6.000   1.2681   0.02832   0.01857  -0.1570   0.5693   1.0000
   6.250   1.2763   0.02797   0.01777  -0.1514   0.5191   1.0000
   6.500   1.2781   0.02818   0.01765  -0.1457   0.4736   1.0000
   6.750   1.2913   0.02877   0.01802  -0.1426   0.4406   1.0000
   7.000   1.3044   0.02950   0.01862  -0.1397   0.4109   1.0000
   7.250   1.3171   0.03028   0.01932  -0.1368   0.3828   1.0000
   7.500   1.3296   0.03114   0.02022  -0.1339   0.3563   1.0000
   7.750   1.3282   0.03198   0.02094  -0.1288   0.3226   1.0000
   8.000   1.3325   0.03293   0.02191  -0.1247   0.2952   1.0000
   8.250   1.3318   0.03406   0.02303  -0.1201   0.2613   1.0000
   9.250   1.2906   0.04780   0.03612  -0.1016   0.0565   1.0000
   9.500   1.2905   0.05093   0.03940  -0.0986   0.0538   1.0000
   9.750   1.2948   0.05384   0.04244  -0.0963   0.0522   1.0000
  10.000   1.3079   0.05656   0.04523  -0.0944   0.0511   1.0000
  10.250   1.3461   0.05911   0.04786  -0.0937   0.0507   1.0000
  10.750   1.4187   0.06791   0.05773  -0.0933   0.0538   1.0000
  11.000   1.4182   0.07290   0.06325  -0.0910   0.0554   1.0000
  11.250   1.3605   0.08165   0.07274  -0.0851   0.0560   1.0000
  11.750   1.3245   0.09321   0.08501  -0.0829   0.0576   1.0000
  12.000   1.3010   0.09971   0.09181  -0.0830   0.0582   1.0000
  12.750   1.1925   0.12443   0.11749  -0.0918   0.0588   1.0000
  17.000   0.9569   0.25928   0.25360  -0.1660   0.1476   1.0000
  18.500   0.9749   0.28681   0.28143  -0.1750   0.1313   1.0000
  19.250   0.9809   0.30015   0.29479  -0.1801   0.1244   1.0000
