  
       XFOIL         Version 6.99
  
 Calculated polar for: Airfoil_rR0.160000.txt                          
  
 1 1 Reynolds number fixed          Mach number fixed         
  
 xtrf =   1.000 (top)        1.000 (bottom)  
 Mach =   0.000     Re =     0.150 e 6     Ncrit =   9.000
  
   alpha    CL        CD       CDp       CM     Top_Xtr  Bot_Xtr
  ------ -------- --------- --------- -------- -------- --------
 -20.000  -0.4481   0.22909   0.22362  -0.0090   1.0000   0.0541
 -19.750  -0.2871   0.21641   0.21170  -0.0211   1.0000   0.0582
 -19.500  -0.2846   0.21513   0.21042  -0.0218   1.0000   0.0591
 -19.250  -0.4257   0.22280   0.21740  -0.0120   1.0000   0.0580
 -18.500  -0.2892   0.21417   0.20949  -0.0256   1.0000   0.0602
 -18.250  -0.2938   0.21509   0.21041  -0.0265   1.0000   0.0603
 -18.000  -0.4119   0.21604   0.21076  -0.0205   1.0000   0.0603
 -17.750  -0.2772   0.20759   0.20292  -0.0262   1.0000   0.0607
 -17.500  -0.2685   0.20466   0.20001  -0.0257   1.0000   0.0611
 -16.750  -0.2538   0.20009   0.19550  -0.0252   1.0000   0.0625
 -16.250  -0.2478   0.19723   0.19266  -0.0251   1.0000   0.0638
 -16.000  -0.3387   0.19268   0.18758  -0.0220   1.0000   0.0636
 -15.500  -0.2415   0.19237   0.18784  -0.0253   1.0000   0.0665
 -15.250  -0.2404   0.19058   0.18606  -0.0254   1.0000   0.0676
 -15.000  -0.2408   0.18877   0.18426  -0.0257   1.0000   0.0688
 -14.500  -0.2639   0.18693   0.18242  -0.0287   1.0000   0.0702
 -14.250  -0.3299   0.17942   0.17455  -0.0290   1.0000   0.0703
 -14.000  -0.3262   0.17620   0.17138  -0.0293   1.0000   0.0705
 -13.750  -0.3082   0.17177   0.16697  -0.0279   1.0000   0.0709
 -13.500  -0.2404   0.17530   0.17089  -0.0262   1.0000   0.0717
 -13.250  -0.2361   0.17319   0.16881  -0.0255   1.0000   0.0724
 -13.000  -0.2331   0.17113   0.16676  -0.0250   1.0000   0.0732
 -12.750  -0.2764   0.16216   0.15750  -0.0254   1.0000   0.0735
 -12.250  -0.2295   0.16456   0.16025  -0.0239   1.0000   0.0765
 -12.000  -0.2303   0.16201   0.15761  -0.0237   1.0000   0.0770
 -11.750  -0.2702   0.15321   0.14869  -0.0255   1.0000   0.0792
 -11.250  -0.3019   0.14855   0.14416  -0.0287   1.0000   0.0805
 -11.000  -0.2868   0.14520   0.14082  -0.0268   1.0000   0.0809
 -10.500  -0.2495   0.14623   0.14201  -0.0225   1.0000   0.0817
 -10.250  -0.2470   0.14423   0.14006  -0.0212   1.0000   0.0823
  -9.750  -0.2479   0.14017   0.13608  -0.0192   1.0000   0.0840
  -9.500  -0.2507   0.13801   0.13396  -0.0183   1.0000   0.0852
  -9.250  -0.2748   0.12965   0.12543  -0.0196   1.0000   0.0859
  -8.750  -0.2772   0.12087   0.11680  -0.0326   0.9920   0.0903
  -8.500  -0.2260   0.12031   0.11626  -0.0313   0.9892   0.0931
  -7.750  -0.2816   0.10356   0.09942  -0.0429   0.9803   0.1103
  -7.500  -0.2566   0.09809   0.09391  -0.0428   0.9754   0.0975
  -7.250  -0.2564   0.09152   0.08732  -0.0489   0.9690   0.0969
  -7.000  -0.4277   0.04229   0.03668  -0.0981   0.9418   0.1011
  -6.750  -0.3946   0.04395   0.03873  -0.0969   0.9355   0.1028
  -6.500  -0.3565   0.04282   0.03754  -0.0999   0.9308   0.1056
  -6.250  -0.2403   0.07491   0.07072  -0.0656   0.9324   0.1133
  -6.000  -0.2953   0.03515   0.02855  -0.1083   0.9176   0.1128
  -5.750  -0.1766   0.07328   0.06911  -0.0704   0.9205   0.1336
  -5.500  -0.2256   0.03180   0.02467  -0.1125   0.9045   0.1192
  -5.250  -0.1832   0.03038   0.02313  -0.1155   0.9007   0.1226
  -5.000  -0.1528   0.02956   0.02228  -0.1161   0.8927   0.1259
  -4.750  -0.1153   0.02822   0.02057  -0.1181   0.8873   0.1310
  -4.500  -0.0764   0.02738   0.01983  -0.1199   0.8819   0.1352
  -4.000   0.0013   0.02551   0.01783  -0.1234   0.8709   0.1464
  -3.750   0.0328   0.02481   0.01706  -0.1239   0.8629   0.1524
  -3.500   0.0778   0.02393   0.01607  -0.1266   0.8601   0.1609
  -3.250   0.1094   0.02331   0.01556  -0.1269   0.8522   0.1670
  -3.000   0.1504   0.02237   0.01461  -0.1287   0.8477   0.1744
  -2.750   0.1909   0.02149   0.01372  -0.1305   0.8425   0.1829
  -2.500   0.2345   0.02062   0.01287  -0.1328   0.8380   0.1925
  -2.000   0.3093   0.01919   0.01144  -0.1352   0.8214   0.2117
  -1.750   0.3514   0.01843   0.01074  -0.1373   0.8130   0.2223
  -1.500   0.3973   0.01770   0.01004  -0.1401   0.8044   0.2338
  -1.250   0.4424   0.01709   0.00944  -0.1430   0.7939   0.2478
  -1.000   0.4817   0.01668   0.00921  -0.1447   0.7807   0.2604
  -0.750   0.5242   0.01628   0.00886  -0.1472   0.7677   0.2741
  -0.500   0.5641   0.01601   0.00851  -0.1491   0.7527   0.2909
  -0.250   0.5958   0.01581   0.00833  -0.1495   0.7353   0.3060
   0.000   0.6351   0.01566   0.00813  -0.1514   0.7185   0.3252
   0.250   0.6653   0.01559   0.00801  -0.1515   0.7000   0.3453
   0.500   0.6938   0.01556   0.00796  -0.1512   0.6816   0.3660
   0.750   0.7177   0.01559   0.00795  -0.1501   0.6624   0.3879
   1.000   0.7407   0.01560   0.00792  -0.1488   0.6436   0.4108
   1.250   0.7663   0.01567   0.00796  -0.1480   0.6260   0.4354
   1.500   0.7869   0.01576   0.00803  -0.1462   0.6080   0.4617
   1.750   0.8084   0.01583   0.00808  -0.1447   0.5913   0.4902
   2.000   0.8306   0.01596   0.00820  -0.1433   0.5749   0.5227
   2.250   0.8483   0.01606   0.00836  -0.1410   0.5584   0.5545
   2.500   0.8657   0.01613   0.00846  -0.1386   0.5430   0.5929
   2.750   0.8864   0.01626   0.00859  -0.1369   0.5291   0.6396
   3.000   0.9021   0.01635   0.00879  -0.1341   0.5143   0.6915
   3.500   0.9401   0.01619   0.00898  -0.1295   0.4871   1.0000
   3.750   0.9623   0.01653   0.00912  -0.1285   0.4736   1.0000
   4.000   0.9831   0.01688   0.00928  -0.1272   0.4606   1.0000
   4.250   1.0031   0.01722   0.00948  -0.1256   0.4485   1.0000
   4.500   1.0228   0.01757   0.00969  -0.1240   0.4368   1.0000
   4.750   1.0425   0.01794   0.00994  -0.1225   0.4255   1.0000
   5.000   1.0615   0.01832   0.01021  -0.1208   0.4144   1.0000
   5.250   1.0805   0.01869   0.01048  -0.1191   0.4038   1.0000
   5.500   1.1001   0.01909   0.01076  -0.1176   0.3938   1.0000
   5.750   1.1196   0.01952   0.01109  -0.1161   0.3842   1.0000
   6.000   1.1386   0.01995   0.01144  -0.1145   0.3748   1.0000
   6.250   1.1567   0.02036   0.01180  -0.1127   0.3657   1.0000
   6.500   1.1749   0.02078   0.01214  -0.1110   0.3573   1.0000
   6.750   1.1968   0.02125   0.01244  -0.1100   0.3499   1.0000
   7.000   1.2146   0.02175   0.01291  -0.1084   0.3414   1.0000
   7.250   1.2324   0.02226   0.01339  -0.1067   0.3333   1.0000
   7.500   1.2500   0.02277   0.01387  -0.1050   0.3258   1.0000
   7.750   1.2681   0.02327   0.01430  -0.1034   0.3187   1.0000
   8.000   1.2839   0.02376   0.01478  -0.1014   0.3116   1.0000
   8.250   1.3012   0.02427   0.01543  -0.0998   0.3054   1.0000
   8.500   1.3235   0.02483   0.01583  -0.0990   0.2995   1.0000
   8.750   1.3382   0.02545   0.01649  -0.0970   0.2926   1.0000
   9.000   1.3552   0.02609   0.01710  -0.0955   0.2864   1.0000
   9.250   1.3738   0.02671   0.01765  -0.0942   0.2805   1.0000
   9.500   1.3848   0.02737   0.01841  -0.0917   0.2745   1.0000
   9.750   1.4027   0.02796   0.01892  -0.0903   0.2695   1.0000
  10.000   1.4154   0.02864   0.01965  -0.0882   0.2642   1.0000
  10.250   1.4393   0.02923   0.02007  -0.0878   0.2598   1.0000
  10.500   1.4501   0.03007   0.02100  -0.0856   0.2548   1.0000
  10.750   1.4745   0.03074   0.02153  -0.0853   0.2502   1.0000
  11.000   1.4825   0.03166   0.02258  -0.0828   0.2454   1.0000
  11.250   1.5011   0.03235   0.02315  -0.0818   0.2403   1.0000
  11.500   1.5022   0.03336   0.02433  -0.0784   0.2355   1.0000
  11.750   1.5264   0.03432   0.02545  -0.0782   0.2328   1.0000
  12.000   1.5474   0.03506   0.02612  -0.0776   0.2292   1.0000
  12.250   1.5507   0.03615   0.02736  -0.0747   0.2253   1.0000
  12.500   1.5651   0.03687   0.02801  -0.0733   0.2214   1.0000
  12.750   1.5720   0.03794   0.02914  -0.0712   0.2173   1.0000
  13.000   1.5748   0.03902   0.03027  -0.0686   0.2128   1.0000
  13.250   1.5859   0.03996   0.03114  -0.0671   0.2085   1.0000
  13.500   1.5796   0.04149   0.03284  -0.0640   0.2040   1.0000
  13.750   1.5896   0.04240   0.03362  -0.0625   0.1992   1.0000
  14.000   1.5789   0.04445   0.03593  -0.0595   0.1955   1.0000
  14.250   1.5794   0.04592   0.03745  -0.0576   0.1914   1.0000
  14.500   1.5811   0.04754   0.03912  -0.0560   0.1880   1.0000
  14.750   1.5784   0.04946   0.04116  -0.0543   0.1844   1.0000
  15.000   1.5854   0.05076   0.04239  -0.0533   0.1810   1.0000
  15.250   1.5805   0.05305   0.04482  -0.0519   0.1772   1.0000
  15.500   1.5799   0.05524   0.04711  -0.0508   0.1740   1.0000
  15.750   1.5881   0.05676   0.04859  -0.0502   0.1711   1.0000
  16.000   1.5896   0.05895   0.05086  -0.0494   0.1684   1.0000
  16.250   1.5831   0.06197   0.05408  -0.0488   0.1656   1.0000
  16.500   1.5825   0.06444   0.05661  -0.0483   0.1627   1.0000
  16.750   1.5930   0.06586   0.05796  -0.0480   0.1601   1.0000
  17.000   1.5806   0.06978   0.06212  -0.0479   0.1576   1.0000
  17.250   1.5720   0.07346   0.06598  -0.0481   0.1550   1.0000
  17.500   1.5704   0.07637   0.06897  -0.0483   0.1525   1.0000
  17.750   1.5780   0.07817   0.07073  -0.0483   0.1502   1.0000
  18.000   1.5659   0.08255   0.07530  -0.0491   0.1478   1.0000
  18.250   1.5563   0.08676   0.07967  -0.0501   0.1454   1.0000
  19.500   1.5227   0.10672   0.10022  -0.0565   0.1347   1.0000
