  
       XFOIL         Version 6.99
  
 Calculated polar for: Airfoil_rR0.789867.txt                          
  
 1 1 Reynolds number fixed          Mach number fixed         
  
 xtrf =   1.000 (top)        1.000 (bottom)  
 Mach =   0.000     Re =     0.050 e 6     Ncrit =   9.000
  
   alpha    CL        CD       CDp       CM     Top_Xtr  Bot_Xtr
  ------ -------- --------- --------- -------- -------- --------
 -20.000  -0.6328   0.24569   0.23601   0.0210   1.0000   0.0379
 -19.750  -0.6247   0.24470   0.23502   0.0186   1.0000   0.0394
 -19.500  -0.6196   0.24638   0.23672   0.0156   1.0000   0.0400
 -19.250  -0.6083   0.23985   0.23025   0.0147   1.0000   0.0410
 -19.000  -0.5979   0.23514   0.22555   0.0139   1.0000   0.0433
 -18.750  -0.5889   0.23246   0.22290   0.0124   1.0000   0.0457
 -18.000  -0.5645   0.22639   0.21688   0.0065   1.0000   0.0495
 -14.250  -0.3564   0.18654   0.17808  -0.0234   1.0000   0.0799
 -13.250  -0.4161   0.17128   0.16236  -0.0182   1.0000   0.0820
 -13.000  -0.4074   0.16769   0.15880  -0.0187   1.0000   0.0846
 -12.750  -0.3475   0.17070   0.16231  -0.0259   1.0000   0.0900
 -12.500  -0.3983   0.16337   0.15456  -0.0211   1.0000   0.0892
 -12.250  -0.3997   0.16310   0.15436  -0.0230   1.0000   0.0900
 -12.000  -0.3848   0.15647   0.14777  -0.0224   1.0000   0.0924
 -11.750  -0.3774   0.15309   0.14444  -0.0227   1.0000   0.0954
 -11.500  -0.3739   0.15082   0.14221  -0.0237   1.0000   0.0984
 -11.250  -0.3760   0.15016   0.14161  -0.0253   1.0000   0.0998
 -10.750  -0.3580   0.14146   0.13302  -0.0250   1.0000   0.1057
 -10.250  -0.3631   0.13928   0.13098  -0.0275   1.0000   0.1101
 -10.000  -0.3472   0.13287   0.12462  -0.0262   1.0000   0.1138
  -8.750  -0.3464   0.12134   0.11348  -0.0275   1.0000   0.1299
  -8.500  -0.3096   0.11835   0.11082  -0.0269   1.0000   0.1385
  -7.750  -0.3362   0.10868   0.10115  -0.0244   1.0000   0.1463
  -7.250  -0.3215   0.10571   0.09866  -0.0222   1.0000   0.1585
  -7.000  -0.3418   0.10568   0.09878  -0.0208   1.0000   0.1600
  -6.750  -0.3596   0.10066   0.09360  -0.0202   1.0000   0.1613
  -6.250  -0.3624   0.09540   0.08854  -0.0194   1.0000   0.1713
  -6.000  -0.3607   0.09251   0.08572  -0.0185   1.0000   0.1783
  -5.750  -0.3595   0.08944   0.08274  -0.0181   1.0000   0.1834
  -5.250  -0.3547   0.08411   0.07754  -0.0228   1.0000   0.2003
  -5.000  -0.3481   0.08076   0.07424  -0.0235   1.0000   0.2103
  -4.500  -0.3319   0.07364   0.06724  -0.0229   1.0000   0.2325
  -4.000  -0.3038   0.06645   0.06008  -0.0273   1.0000   0.2709
  -3.750  -0.1954   0.05136   0.04389  -0.0603   1.0000   0.1411
  -3.500  -0.2071   0.05239   0.04542  -0.0509   1.0000   0.2235
  -3.250  -0.1160   0.04193   0.03384  -0.0706   1.0000   0.1815
  -3.000  -0.0498   0.03549   0.02625  -0.0802   1.0000   0.1591
  -2.750  -0.0058   0.03219   0.02230  -0.0843   1.0000   0.1613
  -2.500   0.0251   0.03081   0.02071  -0.0859   1.0000   0.1812
  -2.250   0.0584   0.02918   0.01874  -0.0876   1.0000   0.1912
  -2.000   0.0896   0.02792   0.01723  -0.0888   1.0000   0.2019
  -1.750   0.1194   0.02701   0.01614  -0.0897   1.0000   0.2197
  -1.500   0.1463   0.02641   0.01564  -0.0904   1.0000   0.2537
  -1.250   0.1763   0.02562   0.01489  -0.0913   1.0000   0.3027
  -1.000   0.2092   0.02460   0.01446  -0.0929   1.0000   0.4218
  -0.750   0.2138   0.02222   0.01407  -0.0875   1.0000   1.0000
  -0.500   0.2410   0.02284   0.01389  -0.0887   1.0000   1.0000
  -0.250   0.2634   0.02351   0.01423  -0.0892   1.0000   1.0000
   0.000   0.2848   0.02424   0.01473  -0.0896   1.0000   1.0000
   0.250   0.3055   0.02503   0.01534  -0.0900   1.0000   1.0000
   0.500   0.3255   0.02589   0.01606  -0.0905   1.0000   1.0000
   0.750   0.3449   0.02683   0.01688  -0.0909   1.0000   1.0000
   1.000   0.3636   0.02784   0.01780  -0.0913   1.0000   1.0000
   1.250   0.3816   0.02893   0.01882  -0.0918   1.0000   1.0000
   1.500   0.4193   0.03023   0.02003  -0.0960   0.9911   1.0000
   1.750   0.4650   0.03144   0.02120  -0.1016   0.9750   1.0000
   2.000   0.5123   0.03258   0.02244  -0.1072   0.9602   1.0000
   2.250   0.5496   0.03353   0.02337  -0.1108   0.9434   1.0000
   2.500   0.5906   0.03445   0.02425  -0.1148   0.9278   1.0000
   2.750   0.6289   0.03530   0.02508  -0.1181   0.9118   1.0000
   3.000   0.6635   0.03609   0.02588  -0.1206   0.8949   1.0000
   3.250   0.7056   0.03670   0.02650  -0.1241   0.8792   1.0000
   3.500   0.7402   0.03729   0.02712  -0.1260   0.8615   1.0000
   3.750   0.7722   0.03791   0.02778  -0.1274   0.8437   1.0000
   4.000   0.8075   0.03838   0.02830  -0.1291   0.8270   1.0000
   5.250   1.0000   0.03714   0.02758  -0.1337   0.7413   1.0000
   5.500   1.0448   0.03549   0.02606  -0.1333   0.7212   1.0000
   5.750   1.0872   0.03396   0.02467  -0.1327   0.7005   1.0000
   6.000   1.1241   0.03275   0.02359  -0.1314   0.6773   1.0000
   6.250   1.1605   0.02620   0.01637  -0.1216   0.5875   1.0000
   6.500   1.1744   0.02587   0.01580  -0.1171   0.5356   1.0000
   6.750   1.1822   0.02609   0.01577  -0.1121   0.4728   1.0000
   7.000   1.1805   0.02703   0.01624  -0.1060   0.3750   1.0000
   7.250   1.1653   0.02998   0.01784  -0.0994   0.1913   1.0000
   7.500   1.1503   0.03471   0.02142  -0.0939   0.0941   1.0000
   7.750   1.1478   0.03790   0.02440  -0.0894   0.0727   1.0000
   8.250   1.1755   0.04357   0.03014  -0.0836   0.0572   1.0000
  14.750   1.0645   0.20751   0.19962  -0.1370   0.1772   1.0000
  18.000   1.1560   0.25312   0.24495  -0.1639   0.1235   1.0000
