  
       XFOIL         Version 6.99
  
 Calculated polar for: Airfoil_rR0.709800.txt                          
  
 1 1 Reynolds number fixed          Mach number fixed         
  
 xtrf =   1.000 (top)        1.000 (bottom)  
 Mach =   0.000     Re =     0.150 e 6     Ncrit =   9.000
  
   alpha    CL        CD       CDp       CM     Top_Xtr  Bot_Xtr
  ------ -------- --------- --------- -------- -------- --------
 -19.750  -0.5922   0.24563   0.23978   0.0078   1.0000   0.0100
 -18.500  -0.3796   0.21320   0.20820  -0.0150   1.0000   0.0139
 -17.000  -0.5031   0.20897   0.20339  -0.0053   1.0000   0.0172
 -16.500  -0.3599   0.19994   0.19492  -0.0193   1.0000   0.0182
 -16.000  -0.3580   0.19767   0.19262  -0.0210   1.0000   0.0196
 -15.750  -0.4658   0.19423   0.18871  -0.0111   1.0000   0.0175
 -15.500  -0.4580   0.19163   0.18612  -0.0124   1.0000   0.0188
 -14.250  -0.3469   0.17910   0.17408  -0.0230   1.0000   0.0222
 -14.000  -0.4199   0.17427   0.16891  -0.0190   1.0000   0.0210
 -13.750  -0.4122   0.17080   0.16546  -0.0190   1.0000   0.0219
 -13.000  -0.3934   0.16220   0.15693  -0.0208   1.0000   0.0255
 -12.250  -0.3807   0.15575   0.15056  -0.0244   1.0000   0.0296
 -11.750  -0.3852   0.15435   0.14924  -0.0278   1.0000   0.0300
  -6.750  -0.3501   0.09580   0.09177  -0.0150   1.0000   0.0465
  -6.500  -0.3595   0.09385   0.08988  -0.0135   1.0000   0.0473
  -6.250  -0.3652   0.09147   0.08756  -0.0141   1.0000   0.0485
  -5.500  -0.3589   0.07776   0.07375  -0.0315   1.0000   0.0507
  -5.250  -0.3563   0.07494   0.07099  -0.0287   1.0000   0.0516
  -5.000  -0.3467   0.07176   0.06783  -0.0293   1.0000   0.0531
  -4.500  -0.2642   0.05759   0.05340  -0.0535   0.9974   0.0617
  -4.250  -0.2077   0.04999   0.04555  -0.0662   0.9946   0.0720
  -3.250   0.0146   0.03072   0.02432  -0.1016   0.9866   0.0897
  -3.000   0.0720   0.02521   0.01795  -0.1079   0.9870   0.0676
  -2.750   0.1202   0.02299   0.01521  -0.1123   0.9843   0.0634
  -2.500   0.1664   0.02164   0.01350  -0.1162   0.9817   0.0619
  -2.250   0.2087   0.02072   0.01249  -0.1195   0.9785   0.0624
  -2.000   0.2481   0.02003   0.01180  -0.1224   0.9739   0.0650
  -1.750   0.2930   0.01935   0.01115  -0.1265   0.9709   0.0728
  -1.500   0.3334   0.01876   0.01070  -0.1297   0.9650   0.0957
  -1.250   0.3806   0.01791   0.01038  -0.1345   0.9615   0.2069
  -1.000   0.4197   0.01741   0.01038  -0.1378   0.9552   0.3416
  -0.250   0.5163   0.01559   0.00998  -0.1407   0.9344   1.0000
   0.000   0.5554   0.01544   0.00971  -0.1433   0.9280   1.0000
   0.250   0.5925   0.01528   0.00946  -0.1454   0.9211   1.0000
   0.500   0.6260   0.01516   0.00946  -0.1468   0.9127   1.0000
   0.750   0.6606   0.01497   0.00921  -0.1483   0.9049   1.0000
   1.000   0.7019   0.01452   0.00870  -0.1509   0.9001   1.0000
   1.250   0.7366   0.01419   0.00831  -0.1522   0.8912   1.0000
   1.500   0.7717   0.01384   0.00793  -0.1535   0.8824   1.0000
   1.750   0.8069   0.01348   0.00752  -0.1548   0.8731   1.0000
   2.000   0.8421   0.01309   0.00709  -0.1560   0.8623   1.0000
   2.500   0.9088   0.01245   0.00636  -0.1574   0.8330   1.0000
   2.750   0.9392   0.01227   0.00612  -0.1576   0.8143   1.0000
   3.000   0.9692   0.01215   0.00593  -0.1577   0.7942   1.0000
   3.750   1.0533   0.01233   0.00580  -0.1571   0.7254   1.0000
   4.000   1.0778   0.01250   0.00585  -0.1562   0.6965   1.0000
   4.250   1.1015   0.01273   0.00588  -0.1551   0.6646   1.0000
   4.500   1.1167   0.01311   0.00581  -0.1520   0.5948   1.0000
   4.750   1.1303   0.01378   0.00590  -0.1489   0.5180   1.0000
   5.000   1.1484   0.01435   0.00613  -0.1471   0.4697   1.0000
   5.250   1.1660   0.01497   0.00642  -0.1452   0.4165   1.0000
   5.500   1.1802   0.01587   0.00676  -0.1429   0.3491   1.0000
   5.750   1.1923   0.01710   0.00737  -0.1403   0.2491   1.0000
   6.000   1.2003   0.01903   0.00852  -0.1371   0.1361   1.0000
   6.250   1.2068   0.02124   0.01002  -0.1337   0.0378   1.0000
   6.500   1.2232   0.02245   0.01126  -0.1313   0.0265   1.0000
   6.750   1.2400   0.02359   0.01257  -0.1289   0.0248   1.0000
   7.000   1.2537   0.02496   0.01415  -0.1260   0.0246   1.0000
   7.250   1.2626   0.02664   0.01604  -0.1224   0.0251   1.0000
   7.500   1.2685   0.02866   0.01818  -0.1183   0.0261   1.0000
   7.750   1.2812   0.03140   0.02096  -0.1152   0.0278   1.0000
  15.750   0.8569   0.20625   0.20216  -0.1136   0.0731   1.0000
