  
       XFOIL         Version 6.99
  
 Calculated polar for: Airfoil_rR0.683100.txt                          
  
 1 1 Reynolds number fixed          Mach number fixed         
  
 xtrf =   1.000 (top)        1.000 (bottom)  
 Mach =   0.000     Re =     0.150 e 6     Ncrit =   9.000
  
   alpha    CL        CD       CDp       CM     Top_Xtr  Bot_Xtr
  ------ -------- --------- --------- -------- -------- --------
 -18.750  -0.5561   0.22825   0.22253   0.0030   1.0000   0.0125
 -18.500  -0.3796   0.21417   0.20917  -0.0150   1.0000   0.0159
 -18.250  -0.5403   0.22326   0.21759   0.0004   1.0000   0.0155
 -18.000  -0.5325   0.22020   0.21454  -0.0009   1.0000   0.0141
 -17.750  -0.5246   0.21759   0.21195  -0.0022   1.0000   0.0153
 -17.500  -0.5167   0.21491   0.20929  -0.0035   1.0000   0.0167
 -17.250  -0.5084   0.21236   0.20675  -0.0049   1.0000   0.0184
 -14.750  -0.4499   0.19158   0.18613  -0.0191   1.0000   0.0200
 -14.000  -0.4181   0.17416   0.16881  -0.0181   1.0000   0.0224
 -13.750  -0.4117   0.17131   0.16598  -0.0187   1.0000   0.0235
 -13.250  -0.3995   0.16562   0.16034  -0.0200   1.0000   0.0260
 -12.750  -0.3466   0.16696   0.16198  -0.0266   1.0000   0.0298
 -12.500  -0.3880   0.15981   0.15461  -0.0239   1.0000   0.0297
 -12.000  -0.3926   0.15848   0.15335  -0.0272   1.0000   0.0300
 -11.250  -0.3607   0.14184   0.13681  -0.0244   1.0000   0.0331
 -10.000  -0.3437   0.12728   0.12241  -0.0254   1.0000   0.0369
  -9.500  -0.3194   0.12515   0.12053  -0.0271   1.0000   0.0395
  -9.250  -0.3250   0.12340   0.11883  -0.0276   1.0000   0.0397
  -9.000  -0.3497   0.11874   0.11405  -0.0272   1.0000   0.0397
  -8.750  -0.3554   0.11703   0.11240  -0.0274   1.0000   0.0398
  -7.250  -0.3347   0.09965   0.09549  -0.0186   1.0000   0.0437
  -7.000  -0.3424   0.09768   0.09359  -0.0166   1.0000   0.0445
  -5.000  -0.3451   0.07130   0.06736  -0.0300   1.0000   0.0533
  -4.750  -0.2894   0.06133   0.05714  -0.0510   1.0000   0.0607
  -3.000   0.0621   0.02917   0.02260  -0.1086   0.9843   0.0789
  -2.750   0.1167   0.02527   0.01802  -0.1144   0.9834   0.0651
  -2.500   0.1671   0.02356   0.01560  -0.1188   0.9812   0.0598
  -2.250   0.2098   0.02225   0.01414  -0.1224   0.9779   0.0587
  -2.000   0.2506   0.02134   0.01313  -0.1254   0.9737   0.0581
  -1.750   0.2946   0.02062   0.01237  -0.1292   0.9710   0.0586
  -1.500   0.3337   0.02008   0.01181  -0.1319   0.9650   0.0601
  -1.250   0.3797   0.01944   0.01125  -0.1362   0.9613   0.0663
  -1.000   0.4270   0.01826   0.01077  -0.1410   0.9574   0.2219
  -0.750   0.4688   0.01778   0.01073  -0.1447   0.9520   0.3569
  -0.500   0.5078   0.01712   0.01081  -0.1477   0.9465   0.5796
   0.000   0.5661   0.01596   0.01028  -0.1476   0.9314   1.0000
   0.250   0.6003   0.01586   0.01009  -0.1491   0.9230   1.0000
   0.500   0.6354   0.01572   0.01009  -0.1508   0.9154   1.0000
   0.750   0.6764   0.01539   0.00968  -0.1536   0.9103   1.0000
   1.500   0.7813   0.01433   0.00846  -0.1575   0.8845   1.0000
   2.250   0.8822   0.00779   0.00190  -0.1583   0.8423   1.0000
   2.500   0.9264   0.01260   0.00656  -0.1627   0.8388   1.0000
   2.750   0.9582   0.01237   0.00627  -0.1631   0.8201   1.0000
   3.000   0.9892   0.01223   0.00605  -0.1634   0.7999   1.0000
   3.500   1.0475   0.01226   0.00590  -0.1635   0.7550   1.0000
   3.750   1.0750   0.01239   0.00593  -0.1632   0.7312   1.0000
   4.000   1.0998   0.01258   0.00601  -0.1624   0.7030   1.0000
   4.250   1.1216   0.01281   0.00594  -0.1606   0.6588   1.0000
   4.500   1.1345   0.01332   0.00586  -0.1570   0.5763   1.0000
   4.750   1.1504   0.01394   0.00605  -0.1545   0.5131   1.0000
   5.000   1.1678   0.01455   0.00630  -0.1525   0.4622   1.0000
   5.250   1.1845   0.01522   0.00659  -0.1505   0.4029   1.0000
   5.500   1.1975   0.01621   0.00700  -0.1479   0.3335   1.0000
   5.750   1.2090   0.01755   0.00772  -0.1451   0.2341   1.0000
   6.000   1.2148   0.01971   0.00899  -0.1416   0.1109   1.0000
   6.500   1.2407   0.02278   0.01160  -0.1361   0.0259   1.0000
   6.750   1.2574   0.02391   0.01290  -0.1337   0.0247   1.0000
   7.000   1.2711   0.02526   0.01448  -0.1308   0.0248   1.0000
   7.250   1.2799   0.02693   0.01634  -0.1271   0.0255   1.0000
   7.500   1.2850   0.02888   0.01841  -0.1228   0.0265   1.0000
   7.750   1.2962   0.03151   0.02109  -0.1195   0.0281   1.0000
