  
       XFOIL         Version 6.99
  
 Calculated polar for: Airfoil_rR0.309450.txt                          
  
 1 1 Reynolds number fixed          Mach number fixed         
  
 xtrf =   1.000 (top)        1.000 (bottom)  
 Mach =   0.000     Re =     0.150 e 6     Ncrit =   9.000
  
   alpha    CL        CD       CDp       CM     Top_Xtr  Bot_Xtr
  ------ -------- --------- --------- -------- -------- --------
 -11.500  -0.3586   0.14286   0.13798  -0.0214   1.0000   0.0568
 -11.000  -0.3375   0.14437   0.13972  -0.0252   1.0000   0.0598
 -10.500  -0.3481   0.14124   0.13666  -0.0268   1.0000   0.0600
  -9.000  -0.3330   0.11929   0.11473  -0.0213   1.0000   0.0621
  -8.500  -0.3281   0.11497   0.11049  -0.0198   1.0000   0.0634
  -8.250  -0.3270   0.11291   0.10848  -0.0191   1.0000   0.0642
  -7.750  -0.3280   0.10898   0.10463  -0.0175   1.0000   0.0660
  -7.500  -0.3102   0.10934   0.10519  -0.0166   1.0000   0.0682
  -6.250  -0.3705   0.10156   0.09772  -0.0118   1.0000   0.0706
  -6.000  -0.3652   0.09901   0.09520  -0.0090   1.0000   0.0711
  -5.500  -0.3829   0.09302   0.08916  -0.0082   1.0000   0.0719
  -5.250  -0.3344   0.09111   0.08738  -0.0116   0.9935   0.0746
  -4.000  -0.2250   0.07111   0.06720  -0.0456   0.9700   0.0864
  -3.750  -0.1797   0.06494   0.06093  -0.0596   0.9623   0.0917
  -3.250  -0.0709   0.05488   0.05044  -0.0858   0.9523   0.1099
  -2.250   0.1554   0.03093   0.02445  -0.1225   0.9426   0.0714
  -1.750   0.2526   0.02500   0.01717  -0.1302   0.9357   0.0514
  -1.250   0.3339   0.02301   0.01496  -0.1348   0.9245   0.0491
  -1.000   0.3793   0.02201   0.01398  -0.1380   0.9206   0.0486
  -0.750   0.4158   0.02133   0.01329  -0.1396   0.9131   0.0487
  -0.500   0.4625   0.02063   0.01255  -0.1431   0.9099   0.0498
  -0.250   0.4985   0.02004   0.01197  -0.1445   0.9017   0.0544
   0.000   0.5390   0.01882   0.01191  -0.1472   0.8948   0.2557
   0.250   0.5850   0.01789   0.01151  -0.1506   0.8904   0.4165
   0.500   0.6224   0.01719   0.01113  -0.1521   0.8823   0.5250
   0.750   0.6584   0.01638   0.01073  -0.1530   0.8750   0.6686
   1.000   0.6917   0.01508   0.00986  -0.1527   0.8701   1.0000
   1.250   0.7293   0.01461   0.00927  -0.1541   0.8608   1.0000
   1.500   0.7693   0.01410   0.00867  -0.1559   0.8515   1.0000
   2.000   0.8538   0.01310   0.00748  -0.1605   0.8270   1.0000
   2.250   0.9006   0.01265   0.00693  -0.1638   0.8107   1.0000
   2.500   0.9486   0.01238   0.00652  -0.1675   0.7898   1.0000
   2.750   0.9855   0.01232   0.00633  -0.1690   0.7635   1.0000
   3.000   1.0201   0.01238   0.00622  -0.1700   0.7346   1.0000
   3.250   1.0520   0.01254   0.00619  -0.1705   0.7037   1.0000
   3.500   1.0801   0.01280   0.00623  -0.1703   0.6719   1.0000
   3.750   1.1049   0.01313   0.00635  -0.1695   0.6401   1.0000
   4.000   1.1273   0.01350   0.00654  -0.1682   0.6087   1.0000
   4.250   1.1497   0.01392   0.00674  -0.1670   0.5796   1.0000
   4.750   1.1883   0.01482   0.00728  -0.1634   0.5173   1.0000
   5.000   1.2006   0.01539   0.00751  -0.1602   0.4712   1.0000
   5.250   1.2112   0.01604   0.00779  -0.1568   0.4208   1.0000
   5.500   1.2258   0.01664   0.00812  -0.1543   0.3833   1.0000
   5.750   1.2430   0.01715   0.00848  -0.1524   0.3553   1.0000
   6.000   1.2590   0.01772   0.00885  -0.1503   0.3300   1.0000
   6.250   1.2752   0.01827   0.00921  -0.1482   0.3025   1.0000
   6.500   1.2914   0.01885   0.00959  -0.1462   0.2716   1.0000
   6.750   1.3050   0.01962   0.01004  -0.1438   0.2371   1.0000
   7.000   1.3185   0.02051   0.01066  -0.1414   0.1990   1.0000
   7.250   1.3289   0.02179   0.01151  -0.1386   0.1417   1.0000
   7.500   1.3412   0.02299   0.01243  -0.1360   0.1006   1.0000
   8.000   1.3525   0.02682   0.01624  -0.1285   0.0235   1.0000
   8.250   1.3658   0.02799   0.01762  -0.1258   0.0233   1.0000
   8.500   1.3788   0.02910   0.01892  -0.1232   0.0235   1.0000
   9.000   1.3990   0.03165   0.02185  -0.1175   0.0247   1.0000
   9.250   1.4044   0.03324   0.02362  -0.1141   0.0255   1.0000
   9.500   1.4071   0.03510   0.02563  -0.1106   0.0263   1.0000
   9.750   1.4085   0.03721   0.02787  -0.1072   0.0272   1.0000
  10.000   1.4113   0.03959   0.03034  -0.1041   0.0283   1.0000
  10.250   1.4217   0.04253   0.03330  -0.1020   0.0295   1.0000
  10.500   1.4074   0.04546   0.03667  -0.0972   0.0316   1.0000
