  
       XFOIL         Version 6.99
  
 Calculated polar for: Airfoil_rR0.160000.txt                          
  
 1 1 Reynolds number fixed          Mach number fixed         
  
 xtrf =   1.000 (top)        1.000 (bottom)  
 Mach =   0.000     Re =     0.050 e 6     Ncrit =   9.000
  
   alpha    CL        CD       CDp       CM     Top_Xtr  Bot_Xtr
  ------ -------- --------- --------- -------- -------- --------
 -20.000  -0.4397   0.23524   0.22578  -0.0114   1.0000   0.1078
 -19.750  -0.4337   0.23362   0.22420  -0.0127   1.0000   0.1090
 -19.500  -0.4294   0.23266   0.22327  -0.0143   1.0000   0.1099
 -19.250  -0.4270   0.23245   0.22311  -0.0159   1.0000   0.1103
 -19.000  -0.2664   0.21758   0.20951  -0.0250   1.0000   0.1132
 -18.750  -0.4057   0.22484   0.21559  -0.0168   1.0000   0.1118
 -18.500  -0.3965   0.22212   0.21290  -0.0173   1.0000   0.1131
 -18.250  -0.3883   0.21980   0.21062  -0.0179   1.0000   0.1146
 -18.000  -0.3810   0.21763   0.20850  -0.0187   1.0000   0.1163
 -17.750  -0.2558   0.21333   0.20530  -0.0273   1.0000   0.1200
 -17.500  -0.2570   0.21341   0.20541  -0.0279   1.0000   0.1205
 -17.000  -0.3609   0.21057   0.20157  -0.0227   1.0000   0.1209
 -16.750  -0.3493   0.20690   0.19795  -0.0227   1.0000   0.1223
 -16.500  -0.3407   0.20436   0.19545  -0.0230   1.0000   0.1238
 -15.750  -0.3260   0.19896   0.19019  -0.0252   1.0000   0.1296
 -15.250  -0.3137   0.19388   0.18522  -0.0261   1.0000   0.1316
 -15.000  -0.3040   0.19093   0.18232  -0.0260   1.0000   0.1334
 -14.750  -0.2972   0.18860   0.18004  -0.0261   1.0000   0.1357
 -14.500  -0.2930   0.18669   0.17818  -0.0266   1.0000   0.1382
 -14.250  -0.2951   0.18596   0.17751  -0.0277   1.0000   0.1400
 -14.000  -0.2902   0.18342   0.17504  -0.0280   1.0000   0.1409
 -13.750  -0.2781   0.17972   0.17139  -0.0274   1.0000   0.1428
 -13.500  -0.2712   0.17725   0.16897  -0.0272   1.0000   0.1455
 -13.250  -0.2685   0.17540   0.16718  -0.0275   1.0000   0.1484
 -13.000  -0.2751   0.17511   0.16695  -0.0285   1.0000   0.1502
 -12.750  -0.2627   0.17092   0.16282  -0.0278   1.0000   0.1519
 -12.500  -0.2089   0.17415   0.16643  -0.0270   1.0000   0.1559
 -12.250  -0.2524   0.16622   0.15821  -0.0272   1.0000   0.1581
 -12.000  -0.2621   0.16599   0.15806  -0.0280   1.0000   0.1603
 -11.750  -0.2503   0.16162   0.15352  -0.0272   1.0000   0.1618
 -11.500  -0.2071   0.16502   0.15746  -0.0255   1.0000   0.1668
 -11.250  -0.2449   0.15728   0.14930  -0.0263   1.0000   0.1691
 -11.000  -0.2110   0.16044   0.15298  -0.0248   1.0000   0.1723
 -10.500  -0.2248   0.15731   0.14995  -0.0241   1.0000   0.1803
 -10.000  -0.2416   0.14606   0.13843  -0.0233   1.0000   0.1893
  -9.750  -0.2130   0.14863   0.14146  -0.0207   1.0000   0.1944
  -9.500  -0.2310   0.14797   0.14086  -0.0204   1.0000   0.2002
  -9.250  -0.2175   0.14431   0.13727  -0.0186   1.0000   0.2069
  -9.000  -0.2405   0.13696   0.12964  -0.0190   1.0000   0.2135
  -8.750  -0.2473   0.13560   0.12839  -0.0178   1.0000   0.2217
  -8.500  -0.2563   0.13479   0.12765  -0.0165   1.0000   0.2300
  -8.250  -0.2455   0.13168   0.12462  -0.0147   1.0000   0.2375
  -7.750  -0.2530   0.12810   0.12121  -0.0119   1.0000   0.2476
  -7.500  -0.2504   0.13210   0.12562  -0.0092   1.0000   0.2512
  -7.250  -0.2629   0.12479   0.11807  -0.0088   1.0000   0.2577
  -6.750  -0.2759   0.12176   0.11522  -0.0054   1.0000   0.2682
  -6.500  -0.2691   0.12527   0.11911  -0.0027   1.0000   0.2723
  -6.250  -0.2774   0.12411   0.11803  -0.0010   1.0000   0.2789
  -5.750  -0.2855   0.12097   0.11506   0.0027   1.0000   0.2941
  -5.500  -0.3138   0.12091   0.11510   0.0047   1.0000   0.3002
  -5.250  -0.3302   0.11421   0.10821   0.0066   1.0000   0.3095
  -5.000  -0.3273   0.11214   0.10621   0.0084   1.0000   0.3162
  -4.750  -0.3547   0.11174   0.10593   0.0110   1.0000   0.3210
  -4.500  -0.3302   0.11457   0.10906   0.0121   1.0000   0.3265
  -4.250  -0.3537   0.11370   0.10829   0.0145   1.0000   0.3315
  -4.000  -0.3603   0.11232   0.10698   0.0165   1.0000   0.3384
  -3.500  -0.3743   0.10398   0.09849   0.0158   0.9909   0.3572
  -3.250  -0.3481   0.10107   0.09557   0.0096   0.9739   0.3720
  -3.000  -0.3198   0.09832   0.09280   0.0054   0.9595   0.3877
  -2.250  -0.2533   0.07782   0.07170  -0.0360   0.9211   0.2991
  -2.000  -0.1750   0.06349   0.05644  -0.0641   0.9111   0.2561
  -1.750  -0.1314   0.06033   0.05297  -0.0710   0.8975   0.2636
  -1.500  -0.0904   0.05831   0.05072  -0.0759   0.8834   0.2735
  -1.250  -0.0378   0.05568   0.04767  -0.0830   0.8704   0.2820
  -1.000  -0.0056   0.05483   0.04673  -0.0849   0.8551   0.2934
  -0.750   0.0378   0.05375   0.04548  -0.0885   0.8415   0.3063
  -0.500   0.0763   0.05280   0.04432  -0.0914   0.8281   0.3187
  -0.250   0.1076   0.05236   0.04381  -0.0927   0.8140   0.3321
   0.000   0.1489   0.05168   0.04303  -0.0951   0.8012   0.3468
   0.250   0.1814   0.05121   0.04245  -0.0964   0.7866   0.3611
   0.500   0.2152   0.05097   0.04222  -0.0973   0.7726   0.3811
   0.750   0.2561   0.05043   0.04175  -0.0987   0.7602   0.4029
   1.000   0.2779   0.05058   0.04215  -0.0983   0.7450   0.4183
   1.250   0.3128   0.05027   0.04177  -0.0992   0.7324   0.4404
   1.500   0.3476   0.04998   0.04153  -0.0997   0.7208   0.4660
   1.750   0.3704   0.05030   0.04187  -0.0990   0.7071   0.4917
   2.000   0.3982   0.05034   0.04195  -0.0987   0.6936   0.5229
   2.250   0.4376   0.04964   0.04130  -0.0990   0.6815   0.5629
   2.500   0.4796   0.04856   0.04031  -0.0992   0.6702   0.6122
   2.750   0.4877   0.04952   0.04138  -0.0968   0.6547   0.6487
   3.000   0.5121   0.04927   0.04133  -0.0951   0.6435   0.7092
   3.250   0.5287   0.04902   0.04141  -0.0923   0.6328   0.7905
   3.500   0.5919   0.04756   0.03988  -0.0978   0.6215   1.0000
   3.750   0.6463   0.04675   0.03864  -0.1007   0.6108   1.0000
   4.000   0.6983   0.04572   0.03730  -0.1025   0.6003   1.0000
   4.250   0.7569   0.04431   0.03562  -0.1049   0.5902   1.0000
   4.500   0.8231   0.04268   0.03373  -0.1083   0.5797   1.0000
   4.750   0.7643   0.04831   0.03944  -0.1002   0.5623   1.0000
   5.000   0.8033   0.04804   0.03902  -0.1006   0.5517   1.0000
   5.250   0.8622   0.04654   0.03732  -0.1027   0.5414   1.0000
   5.500   0.9279   0.04497   0.03554  -0.1060   0.5306   1.0000
   5.750   0.9669   0.04498   0.03541  -0.1068   0.5190   1.0000
   6.000   0.8024   0.05852   0.04932  -0.0924   0.5024   1.0000
   6.250   0.8246   0.05934   0.05006  -0.0914   0.4920   1.0000
   6.500   0.8338   0.06142   0.05209  -0.0902   0.4814   1.0000
   6.750   0.8230   0.06571   0.05638  -0.0889   0.4705   1.0000
   7.000   0.8016   0.07147   0.06216  -0.0880   0.4599   1.0000
   7.250   0.7566   0.07992   0.07068  -0.0878   0.4505   1.0000
   7.500   0.7115   0.08838   0.07922  -0.0883   0.4443   1.0000
   7.750   0.7188   0.09156   0.08236  -0.0883   0.4379   1.0000
   8.000   0.6985   0.09752   0.08836  -0.0891   0.4338   1.0000
   8.250   0.5691   0.11858   0.10991  -0.0993   0.5497   1.0000
   8.750   0.6828   0.11116   0.10203  -0.0913   0.4257   1.0000
   9.500   0.6173   0.13226   0.12341  -0.1007   0.5100   1.0000
  10.250   0.6470   0.14073   0.13178  -0.1021   0.4896   1.0000
  10.750   0.6538   0.14511   0.13612  -0.1027   0.4734   1.0000
  11.000   0.6632   0.14767   0.13866  -0.1032   0.4653   1.0000
  11.250   0.6745   0.15018   0.14114  -0.1035   0.4560   1.0000
  11.500   0.6871   0.15279   0.14373  -0.1040   0.4473   1.0000
  11.750   0.7082   0.15618   0.14710  -0.1045   0.4399   1.0000
  12.250   0.7150   0.16045   0.15135  -0.1058   0.4270   1.0000
  12.500   0.7328   0.16363   0.15452  -0.1063   0.4204   1.0000
  12.750   0.7327   0.16538   0.15625  -0.1071   0.4135   1.0000
  13.000   0.7459   0.16844   0.15931  -0.1078   0.4083   1.0000
  13.750   0.7702   0.17537   0.16622  -0.1099   0.3862   1.0000
  14.250   0.7878   0.18023   0.17108  -0.1116   0.3740   1.0000
  14.500   0.8039   0.18364   0.17449  -0.1122   0.3689   1.0000
  15.000   0.8155   0.18740   0.17826  -0.1140   0.3539   1.0000
  15.250   0.8326   0.19104   0.18190  -0.1146   0.3491   1.0000
  15.500   0.8356   0.19234   0.18330  -0.1157   0.3422   1.0000
  15.750   0.8453   0.19518   0.18613  -0.1166   0.3382   1.0000
  16.000   0.8535   0.19728   0.18823  -0.1176   0.3318   1.0000
  16.250   0.8600   0.19963   0.19057  -0.1187   0.3273   1.0000
  16.500   0.8740   0.20245   0.19340  -0.1193   0.3208   1.0000
  16.750   0.8758   0.20390   0.19483  -0.1207   0.3143   1.0000
  17.000   0.8982   0.20848   0.19941  -0.1209   0.3097   1.0000
  17.250   0.8927   0.20853   0.19947  -0.1229   0.3040   1.0000
  17.500   0.7541   0.22186   0.21474  -0.1211   0.2801   1.0000
  17.750   0.9085   0.21322   0.20416  -0.1252   0.2952   1.0000
  18.000   0.9229   0.21639   0.20734  -0.1259   0.2909   1.0000
  18.250   0.7617   0.22843   0.22142  -0.1253   0.2648   1.0000
  18.500   0.7748   0.23206   0.22507  -0.1259   0.2604   1.0000
  18.750   0.9478   0.22377   0.21472  -0.1294   0.2791   1.0000
  19.000   0.9497   0.22454   0.21550  -0.1310   0.2730   1.0000
  19.250   0.9675   0.22884   0.21981  -0.1314   0.2695   1.0000
  19.500   0.9646   0.22881   0.21979  -0.1336   0.2644   1.0000
  19.750   0.7955   0.24521   0.23843  -0.1326   0.2420   1.0000
  20.000   0.9841   0.23416   0.22516  -0.1358   0.2585   1.0000
