  
       XFOIL         Version 6.99
  
 Calculated polar for: Airfoil_rR0.709800.txt                          
  
 1 1 Reynolds number fixed          Mach number fixed         
  
 xtrf =   1.000 (top)        1.000 (bottom)  
 Mach =   0.000     Re =     0.200 e 6     Ncrit =   9.000
  
   alpha    CL        CD       CDp       CM     Top_Xtr  Bot_Xtr
  ------ -------- --------- --------- -------- -------- --------
 -17.000  -0.5038   0.20877   0.20389  -0.0067   1.0000   0.0107
 -16.750  -0.4956   0.20498   0.20014  -0.0070   1.0000   0.0112
 -15.250  -0.3553   0.18858   0.18421  -0.0207   1.0000   0.0134
 -15.000  -0.4454   0.18414   0.17939  -0.0141   1.0000   0.0121
 -14.500  -0.4316   0.17870   0.17399  -0.0157   1.0000   0.0137
 -14.250  -0.4250   0.17591   0.17122  -0.0166   1.0000   0.0146
 -14.000  -0.3459   0.17619   0.17182  -0.0228   1.0000   0.0189
 -12.000  -0.3315   0.15186   0.14759  -0.0251   1.0000   0.0224
 -11.000  -0.3562   0.13745   0.13309  -0.0243   1.0000   0.0257
  -8.750  -0.3140   0.11319   0.10930  -0.0244   1.0000   0.0331
  -8.250  -0.3165   0.10792   0.10411  -0.0228   1.0000   0.0343
  -8.000  -0.3435   0.10409   0.10018  -0.0223   1.0000   0.0341
  -7.500  -0.3288   0.10072   0.09706  -0.0194   1.0000   0.0361
  -6.500  -0.3678   0.09328   0.08984  -0.0120   1.0000   0.0382
  -6.250  -0.3734   0.09088   0.08749  -0.0131   1.0000   0.0390
  -6.000  -0.3858   0.08626   0.08277  -0.0180   1.0000   0.0392
  -4.750  -0.1279   0.02955   0.02408  -0.0967   0.9908   0.0318
  -4.500  -0.1070   0.03354   0.02860  -0.0957   0.9836   0.0443
  -4.250  -0.0507   0.02913   0.02319  -0.1036   0.9829   0.0502
  -3.500   0.0628   0.02568   0.01954  -0.1145   0.9730   0.0679
  -3.250   0.1140   0.02191   0.01501  -0.1194   0.9729   0.0566
  -3.000   0.1596   0.01997   0.01263  -0.1233   0.9716   0.0534
  -2.750   0.2035   0.01880   0.01124  -0.1268   0.9701   0.0521
  -2.500   0.2383   0.01798   0.01037  -0.1287   0.9646   0.0521
  -2.250   0.2798   0.01725   0.00964  -0.1320   0.9617   0.0533
  -2.000   0.3185   0.01668   0.00909  -0.1347   0.9574   0.0567
  -1.750   0.3581   0.01609   0.00853  -0.1375   0.9530   0.0682
  -1.500   0.4027   0.01524   0.00808  -0.1418   0.9509   0.1477
  -1.250   0.4369   0.01483   0.00795  -0.1437   0.9444   0.2298
  -1.000   0.4775   0.01436   0.00778  -0.1471   0.9410   0.3214
  -0.750   0.5117   0.01390   0.00767  -0.1489   0.9344   0.4316
  -0.500   0.5512   0.01310   0.00755  -0.1517   0.9312   0.6459
  -0.250   0.5675   0.01222   0.00725  -0.1484   0.9227   1.0000
   0.000   0.6020   0.01202   0.00697  -0.1500   0.9167   1.0000
   0.250   0.6384   0.01174   0.00664  -0.1519   0.9117   1.0000
   0.500   0.6717   0.01151   0.00650  -0.1531   0.9042   1.0000
   0.750   0.7081   0.01118   0.00611  -0.1548   0.8980   1.0000
   1.250   0.7770   0.01059   0.00541  -0.1574   0.8810   1.0000
   1.500   0.8114   0.01031   0.00507  -0.1586   0.8701   1.0000
   1.750   0.8409   0.01017   0.00486  -0.1588   0.8541   1.0000
   2.250   0.9021   0.00996   0.00449  -0.1597   0.8185   1.0000
   2.500   0.9305   0.00997   0.00441  -0.1597   0.7982   1.0000
   2.750   0.9588   0.01003   0.00436  -0.1597   0.7777   1.0000
   3.000   0.9858   0.01015   0.00435  -0.1595   0.7540   1.0000
   3.250   1.0111   0.01033   0.00438  -0.1589   0.7273   1.0000
   3.750   1.0587   0.01081   0.00453  -0.1571   0.6672   1.0000
   4.000   1.0811   0.01113   0.00466  -0.1559   0.6340   1.0000
   4.250   1.0964   0.01169   0.00474  -0.1532   0.5629   1.0000
   4.500   1.1104   0.01244   0.00495  -0.1505   0.4844   1.0000
   4.750   1.1290   0.01303   0.00523  -0.1488   0.4374   1.0000
   5.000   1.1464   0.01371   0.00553  -0.1471   0.3787   1.0000
   5.250   1.1633   0.01452   0.00590  -0.1454   0.3175   1.0000
   5.500   1.1752   0.01587   0.00646  -0.1429   0.2117   1.0000
   5.750   1.1865   0.01754   0.00744  -0.1403   0.1117   1.0000
   6.000   1.1969   0.01935   0.00872  -0.1374   0.0285   1.0000
   6.750   1.2503   0.02245   0.01225  -0.1310   0.0203   1.0000
   7.000   1.2326   0.01946   0.00967  -0.1219   0.0211   1.0000
   7.250   1.2762   0.02516   0.01528  -0.1250   0.0226   1.0000
   7.500   1.2836   0.02743   0.01769  -0.1208   0.0249   1.0000
