  
       XFOIL         Version 6.99
  
 Calculated polar for: Airfoil_rR0.843233.txt                          
  
 1 1 Reynolds number fixed          Mach number fixed         
  
 xtrf =   1.000 (top)        1.000 (bottom)  
 Mach =   0.000     Re =     0.100 e 6     Ncrit =   9.000
  
   alpha    CL        CD       CDp       CM     Top_Xtr  Bot_Xtr
  ------ -------- --------- --------- -------- -------- --------
 -18.750  -0.6024   0.23111   0.22428   0.0190   1.0000   0.0163
 -18.000  -0.5751   0.22250   0.21570   0.0136   1.0000   0.0173
 -17.750  -0.5656   0.21988   0.21309   0.0117   1.0000   0.0187
 -17.500  -0.5578   0.22009   0.21331   0.0084   1.0000   0.0198
 -16.500  -0.5225   0.20735   0.20060   0.0020   1.0000   0.0198
 -16.250  -0.5175   0.20719   0.20045  -0.0007   1.0000   0.0200
 -15.750  -0.4965   0.19611   0.18945  -0.0017   1.0000   0.0215
 -15.500  -0.4878   0.19289   0.18626  -0.0027   1.0000   0.0228
 -15.250  -0.4793   0.18996   0.18335  -0.0040   1.0000   0.0243
 -15.000  -0.4709   0.18707   0.18048  -0.0055   1.0000   0.0260
 -14.750  -0.4627   0.18425   0.17767  -0.0070   1.0000   0.0278
 -14.500  -0.3734   0.18941   0.18325  -0.0221   1.0000   0.0302
 -14.250  -0.4507   0.18142   0.17487  -0.0116   1.0000   0.0298
 -14.000  -0.4484   0.18102   0.17450  -0.0141   1.0000   0.0300
 -13.750  -0.4477   0.18066   0.17416  -0.0164   1.0000   0.0302
 -13.500  -0.3436   0.17043   0.16434  -0.0218   1.0000   0.0370
 -13.250  -0.3425   0.16809   0.16201  -0.0226   1.0000   0.0388
 -13.000  -0.4096   0.16293   0.15654  -0.0158   1.0000   0.0360
 -12.500  -0.3990   0.15871   0.15236  -0.0194   1.0000   0.0395
 -12.250  -0.3999   0.15852   0.15220  -0.0220   1.0000   0.0400
 -12.000  -0.4026   0.15832   0.15205  -0.0245   1.0000   0.0401
 -11.750  -0.3777   0.14763   0.14140  -0.0212   1.0000   0.0434
 -11.500  -0.3714   0.14459   0.13839  -0.0220   1.0000   0.0459
 -11.250  -0.3667   0.14200   0.13583  -0.0232   1.0000   0.0484
 -11.000  -0.3679   0.14125   0.13512  -0.0257   1.0000   0.0498
  -9.750  -0.3549   0.12800   0.12212  -0.0300   1.0000   0.0600
  -9.250  -0.3338   0.11773   0.11193  -0.0277   1.0000   0.0638
  -8.500  -0.3351   0.11091   0.10529  -0.0291   1.0000   0.0694
  -7.750  -0.3351   0.10199   0.09659  -0.0272   1.0000   0.0723
  -7.000  -0.3510   0.09581   0.09065  -0.0222   1.0000   0.0774
  -5.500  -0.3493   0.07952   0.07463  -0.0357   1.0000   0.0903
  -5.250  -0.3497   0.07584   0.07106  -0.0299   1.0000   0.0914
  -4.750  -0.3196   0.06788   0.06303  -0.0382   1.0000   0.1009
  -4.500  -0.2907   0.06367   0.05858  -0.0462   1.0000   0.1102
  -4.000  -0.2559   0.05535   0.05027  -0.0487   1.0000   0.1211
  -3.750  -0.2362   0.05165   0.04658  -0.0495   1.0000   0.1246
  -3.500  -0.1600   0.04002   0.03402  -0.0645   1.0000   0.0838
  -3.000  -0.0095   0.02178   0.01262  -0.0801   1.0000   0.0752
  -2.750   0.0100   0.02237   0.01335  -0.0802   1.0000   0.1060
  -2.500   0.0320   0.02248   0.01347  -0.0805   1.0000   0.1280
  -2.250   0.0602   0.02170   0.01259  -0.0813   1.0000   0.1348
  -2.000   0.0873   0.02119   0.01206  -0.0820   1.0000   0.1444
  -1.750   0.1319   0.02062   0.01158  -0.0862   0.9948   0.1654
  -1.500   0.1794   0.02021   0.01142  -0.0910   0.9902   0.2119
  -1.250   0.2239   0.01959   0.01127  -0.0955   0.9833   0.3015
  -1.000   0.2654   0.01785   0.01132  -0.0985   0.9808   0.7444
  -0.750   0.2982   0.01772   0.01116  -0.0998   0.9676   1.0000
  -0.500   0.3404   0.01795   0.01116  -0.1035   0.9582   1.0000
  -0.250   0.3813   0.01812   0.01116  -0.1069   0.9484   1.0000
   0.000   0.4210   0.01823   0.01115  -0.1100   0.9384   1.0000
   0.250   0.4598   0.01830   0.01112  -0.1128   0.9283   1.0000
   0.500   0.4975   0.01833   0.01108  -0.1153   0.9180   1.0000
   0.750   0.5347   0.01832   0.01103  -0.1176   0.9081   1.0000
   1.000   0.5720   0.01827   0.01094  -0.1198   0.8985   1.0000
   1.250   0.6125   0.01808   0.01080  -0.1225   0.8902   1.0000
   1.500   0.6489   0.01789   0.01058  -0.1242   0.8804   1.0000
   1.750   0.6844   0.01768   0.01034  -0.1257   0.8703   1.0000
   2.000   0.7190   0.01747   0.01011  -0.1269   0.8600   1.0000
   2.250   0.7479   0.01740   0.01003  -0.1270   0.8462   1.0000
   2.500   0.7804   0.01718   0.00979  -0.1275   0.8338   1.0000
   2.750   0.8132   0.01691   0.00951  -0.1281   0.8214   1.0000
   3.000   0.8419   0.01680   0.00938  -0.1279   0.8064   1.0000
   3.500   0.9015   0.01635   0.00886  -0.1275   0.7743   1.0000
   4.000   0.9569   0.01589   0.00821  -0.1257   0.7303   1.0000
   4.250   0.9801   0.01588   0.00814  -0.1242   0.7039   1.0000
   5.750   1.1008   0.01704   0.00788  -0.1126   0.4551   1.0000
   6.250   1.1334   0.01854   0.00857  -0.1087   0.3321   1.0000
   6.500   1.1421   0.02025   0.00946  -0.1058   0.1972   1.0000
   6.750   1.1439   0.02315   0.01139  -0.1021   0.0716   1.0000
   7.000   1.1495   0.02568   0.01365  -0.0983   0.0408   1.0000
   7.250   1.1599   0.02751   0.01568  -0.0950   0.0347   1.0000
   7.500   1.1676   0.02944   0.01773  -0.0916   0.0323   1.0000
   8.000   1.1924   0.03455   0.02288  -0.0859   0.0313   1.0000
   8.250   1.2340   0.03895   0.02759  -0.0860   0.0339   1.0000
