  
       XFOIL         Version 6.99
  
 Calculated polar for: Airfoil_rR0.763167.txt                          
  
 1 1 Reynolds number fixed          Mach number fixed         
  
 xtrf =   1.000 (top)        1.000 (bottom)  
 Mach =   0.000     Re =     0.100 e 6     Ncrit =   9.000
  
   alpha    CL        CD       CDp       CM     Top_Xtr  Bot_Xtr
  ------ -------- --------- --------- -------- -------- --------
 -19.750  -0.6086   0.24001   0.23302   0.0156   1.0000   0.0140
 -19.500  -0.3944   0.22094   0.21481  -0.0115   1.0000   0.0192
 -19.000  -0.3954   0.22394   0.21779  -0.0145   1.0000   0.0200
 -18.750  -0.5736   0.23268   0.22572   0.0072   1.0000   0.0197
 -18.500  -0.5694   0.23445   0.22750   0.0043   1.0000   0.0200
 -17.750  -0.5437   0.22369   0.21683  -0.0003   1.0000   0.0204
 -17.250  -0.3656   0.20320   0.19711  -0.0176   1.0000   0.0234
 -16.750  -0.5057   0.20679   0.20007  -0.0035   1.0000   0.0240
 -16.500  -0.4976   0.20378   0.19712  -0.0049   1.0000   0.0243
 -16.250  -0.4896   0.20065   0.19390  -0.0064   1.0000   0.0230
 -16.000  -0.4815   0.19782   0.19109  -0.0076   1.0000   0.0243
 -15.750  -0.4736   0.19501   0.18830  -0.0089   1.0000   0.0257
 -15.250  -0.4580   0.18973   0.18306  -0.0117   1.0000   0.0286
 -15.000  -0.4519   0.18848   0.18182  -0.0138   1.0000   0.0296
 -14.750  -0.4490   0.18826   0.18162  -0.0160   1.0000   0.0299
 -14.250  -0.3433   0.17940   0.17329  -0.0231   1.0000   0.0349
 -14.000  -0.4225   0.17484   0.16831  -0.0172   1.0000   0.0323
 -13.750  -0.3401   0.17448   0.16838  -0.0241   1.0000   0.0382
 -13.500  -0.3411   0.17294   0.16684  -0.0251   1.0000   0.0394
 -13.250  -0.4020   0.16622   0.15977  -0.0198   1.0000   0.0376
 -13.000  -0.3526   0.17223   0.16614  -0.0277   1.0000   0.0400
 -12.750  -0.3977   0.16428   0.15789  -0.0236   1.0000   0.0398
 -12.500  -0.4010   0.16455   0.15820  -0.0256   1.0000   0.0401
 -12.250  -0.3802   0.15458   0.14828  -0.0233   1.0000   0.0420
 -12.000  -0.3734   0.15136   0.14509  -0.0235   1.0000   0.0441
 -11.750  -0.3680   0.14851   0.14227  -0.0241   1.0000   0.0464
 -11.500  -0.3644   0.14619   0.13999  -0.0252   1.0000   0.0487
 -11.000  -0.3720   0.14562   0.13951  -0.0292   1.0000   0.0500
  -9.250  -0.3228   0.12530   0.11973  -0.0308   1.0000   0.0599
  -8.750  -0.3077   0.11578   0.11030  -0.0284   1.0000   0.0619
  -7.750  -0.3138   0.10558   0.10036  -0.0254   1.0000   0.0686
  -7.500  -0.3275   0.10465   0.09952  -0.0245   1.0000   0.0694
  -7.250  -0.3557   0.10124   0.09600  -0.0225   1.0000   0.0691
  -6.750  -0.3484   0.09739   0.09250  -0.0191   1.0000   0.0715
  -6.500  -0.3699   0.09365   0.08865  -0.0205   1.0000   0.0716
  -6.250  -0.3684   0.09075   0.08581  -0.0188   1.0000   0.0733
  -6.000  -0.3681   0.08805   0.08317  -0.0188   1.0000   0.0755
  -5.750  -0.3657   0.08516   0.08032  -0.0218   1.0000   0.0784
  -5.500  -0.3539   0.08096   0.07611  -0.0315   1.0000   0.0806
  -5.250  -0.3523   0.07778   0.07300  -0.0272   1.0000   0.0821
  -5.000  -0.3435   0.07452   0.06977  -0.0278   1.0000   0.0853
  -4.750  -0.3162   0.06897   0.06413  -0.0388   1.0000   0.0911
  -4.500  -0.3071   0.06583   0.06103  -0.0374   1.0000   0.0940
  -3.500  -0.0559   0.02848   0.02045  -0.0874   1.0000   0.0711
  -3.250  -0.0539   0.03104   0.02381  -0.0846   1.0000   0.0955
  -3.000  -0.0106   0.02790   0.01999  -0.0886   1.0000   0.0940
  -2.750   0.0308   0.02538   0.01675  -0.0915   1.0000   0.0920
  -2.500   0.0625   0.02416   0.01531  -0.0929   1.0000   0.0954
  -2.250   0.0939   0.02318   0.01410  -0.0942   1.0000   0.1026
  -2.000   0.1221   0.02269   0.01352  -0.0952   1.0000   0.1116
  -1.750   0.1471   0.02258   0.01349  -0.0959   1.0000   0.1256
  -1.500   0.1907   0.02203   0.01303  -0.0998   0.9957   0.1441
  -1.250   0.2384   0.02141   0.01269  -0.1046   0.9919   0.1924
  -1.000   0.2863   0.02076   0.01272  -0.1098   0.9872   0.3278
  -0.750   0.3187   0.01907   0.01282  -0.1103   0.9832   0.8531
  -0.500   0.3598   0.01929   0.01275  -0.1139   0.9714   1.0000
  -0.250   0.4023   0.01953   0.01277  -0.1176   0.9615   1.0000
   0.000   0.4437   0.01970   0.01277  -0.1211   0.9515   1.0000
   0.250   0.4837   0.01981   0.01275  -0.1242   0.9415   1.0000
   0.500   0.5224   0.01990   0.01274  -0.1269   0.9316   1.0000
   0.750   0.5600   0.01994   0.01272  -0.1294   0.9217   1.0000
   1.750   0.7087   0.01952   0.01228  -0.1377   0.8818   1.0000
   2.000   0.7468   0.01919   0.01193  -0.1396   0.8720   1.0000
   2.250   0.7845   0.01882   0.01154  -0.1412   0.8618   1.0000
   2.500   0.8217   0.01840   0.01110  -0.1426   0.8513   1.0000
   3.000   0.8892   0.01766   0.01035  -0.1438   0.8245   1.0000
   3.500   0.9559   0.01681   0.00947  -0.1445   0.7927   1.0000
   3.750   0.9873   0.01652   0.00913  -0.1444   0.7742   1.0000
   4.500   1.0704   0.01626   0.00867  -0.1424   0.7045   1.0000
   4.750   1.0970   0.01628   0.00856  -0.1415   0.6795   1.0000
   5.000   1.1156   0.01626   0.00829  -0.1386   0.6335   1.0000
   5.250   1.1271   0.01642   0.00790  -0.1344   0.5569   1.0000
   5.500   1.1445   0.01686   0.00806  -0.1322   0.5061   1.0000
   5.750   1.1620   0.01742   0.00825  -0.1301   0.4581   1.0000
   6.000   1.1775   0.01812   0.00858  -0.1277   0.3926   1.0000
   6.250   1.1886   0.01937   0.00929  -0.1247   0.2968   1.0000
   6.500   1.1876   0.02212   0.01077  -0.1204   0.1324   1.0000
   6.750   1.1898   0.02501   0.01291  -0.1162   0.0435   1.0000
   7.000   1.2008   0.02684   0.01485  -0.1128   0.0352   1.0000
   7.250   1.2106   0.02859   0.01677  -0.1095   0.0326   1.0000
   7.500   1.2168   0.03056   0.01888  -0.1058   0.0316   1.0000
   7.750   1.2240   0.03274   0.02113  -0.1022   0.0314   1.0000
   8.000   1.1973   0.03245   0.02124  -0.0925   0.0320   1.0000
