  
       XFOIL         Version 6.99
  
 Calculated polar for: Airfoil_rR1.000000.txt                          
  
 1 1 Reynolds number fixed          Mach number fixed         
  
 xtrf =   1.000 (top)        1.000 (bottom)  
 Mach =   0.000     Re =     0.150 e 6     Ncrit =   9.000
  
   alpha    CL        CD       CDp       CM     Top_Xtr  Bot_Xtr
  ------ -------- --------- --------- -------- -------- --------
 -19.250  -0.4269   0.22261   0.21768   0.0023   1.0000   0.0100
 -18.500  -0.6260   0.23420   0.22865   0.0292   1.0000   0.0099
 -17.500  -0.5907   0.22390   0.21840   0.0208   1.0000   0.0101
 -17.250  -0.5821   0.22128   0.21579   0.0188   1.0000   0.0101
 -16.000  -0.3840   0.19347   0.18852  -0.0087   1.0000   0.0112
 -15.250  -0.3768   0.18690   0.18194  -0.0099   1.0000   0.0125
 -14.500  -0.4843   0.18098   0.17566   0.0023   1.0000   0.0119
 -14.250  -0.4759   0.17785   0.17255   0.0010   1.0000   0.0124
 -14.000  -0.4677   0.17476   0.16948  -0.0004   1.0000   0.0130
 -13.500  -0.4514   0.16854   0.16329  -0.0032   1.0000   0.0143
 -13.250  -0.4435   0.16536   0.16013  -0.0046   1.0000   0.0150
 -12.750  -0.4280   0.15895   0.15376  -0.0075   1.0000   0.0167
 -12.500  -0.4205   0.15570   0.15052  -0.0089   1.0000   0.0177
 -12.250  -0.3604   0.15698   0.15200  -0.0204   1.0000   0.0201
 -12.000  -0.4077   0.15037   0.14522  -0.0133   1.0000   0.0197
 -11.750  -0.4064   0.14900   0.14386  -0.0163   1.0000   0.0201
 -11.000  -0.3803   0.13624   0.13122  -0.0166   1.0000   0.0263
  -9.750  -0.3142   0.12107   0.11636  -0.0258   1.0000   0.0374
  -9.500  -0.3140   0.11863   0.11395  -0.0278   1.0000   0.0393
  -9.250  -0.3183   0.11688   0.11224  -0.0305   1.0000   0.0399
  -8.250  -0.3049   0.10295   0.09852  -0.0302   1.0000   0.0493
  -5.000  -0.3538   0.06799   0.06410  -0.0282   1.0000   0.0746
  -4.500  -0.2699   0.05567   0.05152  -0.0475   0.9912   0.0855
  -3.500  -0.0546   0.02168   0.01393  -0.0768   0.9815   0.0352
  -2.750   0.0782   0.01570   0.00740  -0.0847   0.9716   0.1073
  -2.500   0.1149   0.01574   0.00756  -0.0874   0.9640   0.1381
  -2.250   0.1536   0.01556   0.00754  -0.0906   0.9579   0.1722
  -2.000   0.1919   0.01513   0.00733  -0.0935   0.9516   0.2126
  -1.750   0.2281   0.01465   0.00714  -0.0960   0.9445   0.2736
  -1.500   0.2696   0.01391   0.00691  -0.0996   0.9404   0.3889
  -1.250   0.2969   0.01225   0.00688  -0.0990   0.9338   1.0000
  -1.000   0.3344   0.01218   0.00663  -0.1014   0.9268   1.0000
  -0.750   0.3726   0.01204   0.00635  -0.1038   0.9204   1.0000
  -0.500   0.4049   0.01194   0.00616  -0.1050   0.9112   1.0000
  -0.250   0.4359   0.01186   0.00599  -0.1058   0.9018   1.0000
   0.250   0.4973   0.01162   0.00562  -0.1072   0.8828   1.0000
   0.500   0.5266   0.01152   0.00546  -0.1075   0.8725   1.0000
   0.750   0.5551   0.01144   0.00533  -0.1077   0.8618   1.0000
   1.000   0.5831   0.01138   0.00523  -0.1077   0.8506   1.0000
   1.250   0.6091   0.01140   0.00519  -0.1075   0.8374   1.0000
   1.500   0.6352   0.01141   0.00515  -0.1072   0.8240   1.0000
   1.750   0.6619   0.01139   0.00507  -0.1069   0.8107   1.0000
   2.000   0.6872   0.01142   0.00504  -0.1065   0.7951   1.0000
   2.250   0.7140   0.01140   0.00491  -0.1061   0.7807   1.0000
   2.500   0.7391   0.01140   0.00480  -0.1053   0.7608   1.0000
   2.750   0.7629   0.01144   0.00471  -0.1043   0.7355   1.0000
   3.000   0.7865   0.01148   0.00461  -0.1032   0.7086   1.0000
   3.250   0.8103   0.01156   0.00453  -0.1022   0.6818   1.0000
   3.500   0.8343   0.01173   0.00455  -0.1014   0.6562   1.0000
   4.000   0.8828   0.01216   0.00478  -0.1003   0.6111   1.0000
   4.750   0.9546   0.01293   0.00524  -0.0984   0.5447   1.0000
   5.000   0.9782   0.01322   0.00547  -0.0978   0.5214   1.0000
   5.250   0.9995   0.01354   0.00561  -0.0966   0.4823   1.0000
   5.500   1.0140   0.01430   0.00576  -0.0944   0.3850   1.0000
   6.000   1.0397   0.01707   0.00703  -0.0905   0.1562   1.0000
   6.500   1.0743   0.01929   0.00842  -0.0880   0.0680   1.0000
   6.750   1.0937   0.02016   0.00914  -0.0868   0.0475   1.0000
   7.000   1.1101   0.02143   0.01049  -0.0848   0.0331   1.0000
   7.500   1.1384   0.02432   0.01366  -0.0799   0.0240   1.0000
   7.750   1.1477   0.02621   0.01567  -0.0767   0.0235   1.0000
   8.000   1.1569   0.02861   0.01818  -0.0735   0.0239   1.0000
   8.250   1.1439   0.02900   0.01895  -0.0665   0.0254   1.0000
  14.500   1.0011   0.18703   0.18207  -0.1040   0.0638   1.0000
  16.750   1.0553   0.22475   0.21963  -0.1239   0.0494   1.0000
  17.500   0.7778   0.21911   0.21458  -0.0888   0.0532   1.0000
  17.750   0.7813   0.22218   0.21765  -0.0890   0.0518   1.0000
  18.250   1.0935   0.24572   0.24053  -0.1411   0.0345   1.0000
