  
       XFOIL         Version 6.99
  
 Calculated polar for: Airfoil_rR0.309450.txt                          
  
 1 1 Reynolds number fixed          Mach number fixed         
  
 xtrf =   1.000 (top)        1.000 (bottom)  
 Mach =   0.000     Re =     0.050 e 6     Ncrit =   9.000
  
   alpha    CL        CD       CDp       CM     Top_Xtr  Bot_Xtr
  ------ -------- --------- --------- -------- -------- --------
 -19.750  -0.5552   0.24393   0.23428   0.0001   1.0000   0.0498
 -19.500  -0.5510   0.24383   0.23421  -0.0018   1.0000   0.0500
 -19.250  -0.5427   0.23985   0.23030  -0.0029   1.0000   0.0503
 -18.750  -0.5225   0.23022   0.22073  -0.0036   1.0000   0.0526
 -18.250  -0.3652   0.21983   0.21142  -0.0187   1.0000   0.0597
 -17.500  -0.4883   0.21892   0.20960  -0.0096   1.0000   0.0594
 -17.000  -0.4831   0.21822   0.20895  -0.0132   1.0000   0.0601
 -16.500  -0.3473   0.20682   0.19850  -0.0215   1.0000   0.0692
 -15.750  -0.3405   0.19968   0.19143  -0.0222   1.0000   0.0726
 -15.250  -0.3366   0.19526   0.18703  -0.0227   1.0000   0.0774
 -12.750  -0.3280   0.16667   0.15847  -0.0240   1.0000   0.1257
 -12.250  -0.3307   0.16345   0.15530  -0.0250   1.0000   0.1296
 -12.000  -0.3675   0.15715   0.14869  -0.0235   1.0000   0.1295
 -11.750  -0.3664   0.15535   0.14696  -0.0241   1.0000   0.1304
 -11.500  -0.3532   0.15078   0.14241  -0.0234   1.0000   0.1324
 -11.250  -0.3121   0.15174   0.14372  -0.0244   1.0000   0.1375
 -11.000  -0.3154   0.15043   0.14246  -0.0249   1.0000   0.1394
 -10.750  -0.3181   0.14881   0.14090  -0.0252   1.0000   0.1403
 -10.250  -0.3004   0.14163   0.13379  -0.0239   1.0000   0.1454
  -9.750  -0.3285   0.13489   0.12689  -0.0233   1.0000   0.1488
  -9.000  -0.3163   0.12731   0.11949  -0.0220   1.0000   0.1559
  -8.750  -0.3207   0.12620   0.11846  -0.0220   1.0000   0.1591
  -8.250  -0.3124   0.12090   0.11329  -0.0205   1.0000   0.1638
  -8.000  -0.2976   0.12249   0.11523  -0.0200   1.0000   0.1695
  -7.750  -0.3281   0.11919   0.11178  -0.0195   1.0000   0.1699
  -7.500  -0.3139   0.11500   0.10763  -0.0181   1.0000   0.1728
  -7.250  -0.3134   0.11302   0.10573  -0.0169   1.0000   0.1769
  -7.000  -0.3307   0.11305   0.10588  -0.0159   1.0000   0.1797
  -6.750  -0.3200   0.10944   0.10233  -0.0145   1.0000   0.1827
  -6.500  -0.3221   0.10769   0.10066  -0.0129   1.0000   0.1870
  -6.250  -0.3453   0.10800   0.10112  -0.0108   1.0000   0.1897
  -6.000  -0.3339   0.10445   0.09762  -0.0093   1.0000   0.1932
  -5.750  -0.3415   0.10312   0.09638  -0.0074   1.0000   0.1978
  -5.500  -0.3514   0.10175   0.09513  -0.0072   1.0000   0.2009
  -5.250  -0.3454   0.09908   0.09252  -0.0050   1.0000   0.2057
  -5.000  -0.3331   0.09886   0.09264  -0.0035   1.0000   0.2121
  -4.750  -0.3485   0.09503   0.08864  -0.0037   1.0000   0.2155
  -4.500  -0.3515   0.09310   0.08679  -0.0050   1.0000   0.2213
  -4.250  -0.3482   0.09090   0.08466  -0.0042   1.0000   0.2283
  -4.000  -0.3449   0.08845   0.08228  -0.0037   1.0000   0.2336
  -3.750  -0.3409   0.08617   0.08006  -0.0054   1.0000   0.2417
  -3.500  -0.3343   0.08380   0.07774  -0.0070   1.0000   0.2509
  -3.250  -0.3261   0.08140   0.07539  -0.0082   1.0000   0.2607
  -1.250   0.0333   0.04171   0.03323  -0.0870   1.0000   0.1154
  -1.000   0.0821   0.03853   0.02926  -0.0928   1.0000   0.1075
  -0.750   0.1164   0.03688   0.02715  -0.0952   1.0000   0.1048
  -0.500   0.1460   0.03580   0.02568  -0.0966   1.0000   0.1042
  -0.250   0.1720   0.03519   0.02481  -0.0972   1.0000   0.1053
   0.000   0.1967   0.03485   0.02421  -0.0975   1.0000   0.1085
   0.250   0.2198   0.03476   0.02407  -0.0977   1.0000   0.1147
   0.500   0.2431   0.03486   0.02406  -0.0979   1.0000   0.1279
   0.750   0.2812   0.03398   0.02437  -0.1005   1.0000   0.3805
   1.000   0.3007   0.03442   0.02565  -0.1002   0.9990   0.5523
   1.250   0.3421   0.03435   0.02634  -0.1030   0.9802   1.0000
   1.500   0.3950   0.03566   0.02776  -0.1091   0.9605   1.0000
   1.750   0.4437   0.03666   0.02839  -0.1141   0.9410   1.0000
   2.000   0.4899   0.03748   0.02893  -0.1184   0.9216   1.0000
   2.250   0.5340   0.03817   0.02940  -0.1221   0.9026   1.0000
   2.500   0.5783   0.03871   0.02977  -0.1255   0.8834   1.0000
   2.750   0.6222   0.03910   0.03003  -0.1286   0.8642   1.0000
   3.000   0.6664   0.03932   0.03014  -0.1314   0.8452   1.0000
   3.250   0.7109   0.03936   0.03010  -0.1340   0.8260   1.0000
   3.500   0.7583   0.03909   0.02976  -0.1366   0.8073   1.0000
   3.750   0.8127   0.03828   0.02892  -0.1396   0.7900   1.0000
   4.000   0.8587   0.03754   0.02818  -0.1413   0.7708   1.0000
   4.250   0.9067   0.03650   0.02715  -0.1429   0.7521   1.0000
   5.000   1.1080   0.03023   0.02092  -0.1540   0.6897   1.0000
   5.250   1.1597   0.02924   0.01986  -0.1560   0.6598   1.0000
   5.500   1.1999   0.02896   0.01948  -0.1565   0.6282   1.0000
   5.750   1.2322   0.02917   0.01957  -0.1561   0.5965   1.0000
   6.000   1.2634   0.02956   0.01981  -0.1556   0.5654   1.0000
   6.250   1.2915   0.03012   0.02022  -0.1548   0.5357   1.0000
   6.500   1.3126   0.03049   0.02037  -0.1525   0.5028   1.0000
   6.750   1.3209   0.03035   0.01986  -0.1477   0.4632   1.0000
   7.000   1.3235   0.03046   0.01965  -0.1425   0.4265   1.0000
   7.250   1.3329   0.03100   0.01999  -0.1389   0.3982   1.0000
   7.500   1.3460   0.03176   0.02069  -0.1362   0.3750   1.0000
   7.750   1.3581   0.03251   0.02138  -0.1334   0.3531   1.0000
   8.500   1.3307   0.03518   0.02487  -0.1144   0.2528   1.0000
   8.750   1.3245   0.03689   0.02637  -0.1099   0.2045   1.0000
   9.000   1.3187   0.03936   0.02838  -0.1061   0.1352   1.0000
   9.250   1.3124   0.04269   0.03115  -0.1028   0.0802   1.0000
   9.500   1.3100   0.04580   0.03413  -0.0999   0.0640   1.0000
   9.750   1.3072   0.04887   0.03717  -0.0973   0.0586   1.0000
  10.000   1.3060   0.05180   0.04026  -0.0951   0.0553   1.0000
  10.250   1.3038   0.05491   0.04351  -0.0931   0.0532   1.0000
  10.500   1.3008   0.05821   0.04694  -0.0915   0.0517   1.0000
  10.750   1.2977   0.06170   0.05054  -0.0902   0.0506   1.0000
  11.000   1.2964   0.06520   0.05411  -0.0890   0.0498   1.0000
  11.250   1.3032   0.06809   0.05718  -0.0876   0.0492   1.0000
  11.500   1.3203   0.07042   0.05970  -0.0860   0.0488   1.0000
  11.750   1.3534   0.07246   0.06192  -0.0842   0.0488   1.0000
  12.000   1.3916   0.07572   0.06542  -0.0831   0.0495   1.0000
  12.250   1.4054   0.08000   0.07009  -0.0822   0.0502   1.0000
  12.500   1.3950   0.08482   0.07543  -0.0814   0.0511   1.0000
  12.750   1.3069   0.09864   0.09010  -0.0803   0.0513   1.0000
  13.250   1.2382   0.11568   0.10806  -0.0860   0.0524   1.0000
  14.500   1.1796   0.15836   0.15134  -0.1236   0.0572   1.0000
  15.250   0.9602   0.21029   0.20450  -0.1420   0.0750   1.0000
