  
       XFOIL         Version 6.99
  
 Calculated polar for: Airfoil_rR0.469583.txt                          
  
 1 1 Reynolds number fixed          Mach number fixed         
  
 xtrf =   1.000 (top)        1.000 (bottom)  
 Mach =   0.000     Re =     0.200 e 6     Ncrit =   9.000
  
   alpha    CL        CD       CDp       CM     Top_Xtr  Bot_Xtr
  ------ -------- --------- --------- -------- -------- --------
 -12.500  -0.3889   0.15361   0.14923  -0.0180   1.0000   0.0238
 -12.250  -0.3844   0.15072   0.14636  -0.0183   1.0000   0.0249
 -12.000  -0.3453   0.15143   0.14726  -0.0214   1.0000   0.0293
 -11.500  -0.3837   0.14385   0.13956  -0.0223   1.0000   0.0298
 -10.500  -0.3361   0.13210   0.12809  -0.0211   1.0000   0.0424
  -7.500  -0.3275   0.10501   0.10139  -0.0151   1.0000   0.0537
  -5.250  -0.3025   0.07922   0.07570  -0.0394   0.9836   0.0606
  -4.250  -0.1991   0.06658   0.06303  -0.0539   0.9637   0.0664
  -4.000  -0.1348   0.05862   0.05490  -0.0742   0.9606   0.0712
  -3.750  -0.1130   0.05655   0.05285  -0.0750   0.9544   0.0725
  -3.500  -0.0716   0.05326   0.04950  -0.0819   0.9512   0.0763
  -3.250  -0.0172   0.04774   0.04380  -0.0942   0.9478   0.0824
  -1.250   0.3941   0.02037   0.01310  -0.1447   0.9301   0.0482
  -1.000   0.4274   0.01932   0.01199  -0.1457   0.9232   0.0458
  -0.750   0.4711   0.01832   0.01095  -0.1487   0.9206   0.0435
  -0.500   0.5054   0.01768   0.01032  -0.1498   0.9137   0.0423
  -0.250   0.5491   0.01697   0.00990  -0.1529   0.9107   0.0431
   0.000   0.5845   0.01642   0.00933  -0.1542   0.9034   0.0437
   0.250   0.6297   0.01570   0.00855  -0.1573   0.9004   0.0458
   0.750   0.7063   0.01387   0.00769  -0.1616   0.8873   0.3487
   1.000   0.7458   0.01269   0.00741  -0.1637   0.8820   0.6592
   1.500   0.8094   0.01125   0.00633  -0.1638   0.8620   1.0000
   1.750   0.8522   0.01082   0.00581  -0.1665   0.8504   1.0000
   2.250   0.9401   0.01028   0.00506  -0.1727   0.8114   1.0000
   2.500   0.9808   0.01023   0.00487  -0.1752   0.7854   1.0000
   2.750   1.0182   0.01030   0.00477  -0.1770   0.7570   1.0000
   3.000   1.0489   0.01049   0.00478  -0.1775   0.7259   1.0000
   3.250   1.0761   0.01075   0.00485  -0.1772   0.6933   1.0000
   3.500   1.1009   0.01108   0.00498  -0.1765   0.6606   1.0000
   3.750   1.1222   0.01149   0.00513  -0.1750   0.6211   1.0000
   4.000   1.1349   0.01213   0.00531  -0.1717   0.5510   1.0000
   4.250   1.1446   0.01296   0.00558  -0.1679   0.4757   1.0000
   4.500   1.1604   0.01358   0.00588  -0.1656   0.4283   1.0000
   4.750   1.1778   0.01415   0.00619  -0.1637   0.3885   1.0000
   5.000   1.1949   0.01477   0.00651  -0.1618   0.3473   1.0000
   5.250   1.2115   0.01546   0.00686  -0.1599   0.3012   1.0000
   5.500   1.2259   0.01636   0.00728  -0.1576   0.2412   1.0000
   5.750   1.2395   0.01754   0.00792  -0.1553   0.1700   1.0000
   6.000   1.2503   0.01915   0.00891  -0.1525   0.0832   1.0000
   6.250   1.2608   0.02081   0.01012  -0.1495   0.0236   1.0000
   6.500   1.2803   0.02149   0.01087  -0.1477   0.0209   1.0000
   6.750   1.2993   0.02223   0.01175  -0.1458   0.0205   1.0000
   7.000   1.3173   0.02306   0.01276  -0.1437   0.0207   1.0000
   7.250   1.3340   0.02397   0.01384  -0.1414   0.0214   1.0000
   7.500   1.3492   0.02495   0.01500  -0.1389   0.0223   1.0000
   7.750   1.3621   0.02609   0.01632  -0.1360   0.0237   1.0000
