  
       XFOIL         Version 6.99
  
 Calculated polar for: Airfoil_rR0.709800.txt                          
  
 1 1 Reynolds number fixed          Mach number fixed         
  
 xtrf =   1.000 (top)        1.000 (bottom)  
 Mach =   0.000     Re =     0.050 e 6     Ncrit =   9.000
  
   alpha    CL        CD       CDp       CM     Top_Xtr  Bot_Xtr
  ------ -------- --------- --------- -------- -------- --------
 -20.000  -0.6107   0.24747   0.23767   0.0118   1.0000   0.0396
 -17.250  -0.5183   0.21589   0.20642  -0.0037   1.0000   0.0556
 -16.750  -0.5034   0.21128   0.20189  -0.0067   1.0000   0.0586
 -16.500  -0.4974   0.20996   0.20062  -0.0085   1.0000   0.0595
 -16.000  -0.4834   0.20351   0.19417  -0.0110   1.0000   0.0610
 -15.750  -0.4735   0.19922   0.18990  -0.0115   1.0000   0.0626
 -15.500  -0.3564   0.19772   0.18922  -0.0227   1.0000   0.0695
 -13.750  -0.4172   0.17661   0.16758  -0.0191   1.0000   0.0748
 -12.250  -0.3822   0.15968   0.15091  -0.0233   1.0000   0.0860
 -12.000  -0.3424   0.16384   0.15552  -0.0281   1.0000   0.0900
 -10.750  -0.3625   0.14485   0.13642  -0.0270   1.0000   0.0997
 -10.250  -0.3183   0.14008   0.13207  -0.0280   1.0000   0.1088
  -9.250  -0.3192   0.12976   0.12201  -0.0280   1.0000   0.1197
  -8.500  -0.3364   0.11803   0.11023  -0.0258   1.0000   0.1275
  -8.250  -0.3473   0.11750   0.10981  -0.0260   1.0000   0.1297
  -7.500  -0.3590   0.11088   0.10349  -0.0227   1.0000   0.1399
  -7.250  -0.3467   0.10590   0.09857  -0.0209   1.0000   0.1456
  -7.000  -0.3601   0.10508   0.09788  -0.0197   1.0000   0.1491
  -6.750  -0.3591   0.10179   0.09468  -0.0184   1.0000   0.1527
  -6.500  -0.3624   0.09964   0.09263  -0.0181   1.0000   0.1585
  -6.250  -0.3627   0.09662   0.08971  -0.0175   1.0000   0.1626
  -6.000  -0.3475   0.09518   0.08862  -0.0156   1.0000   0.1720
  -5.750  -0.3610   0.09092   0.08418  -0.0171   1.0000   0.1762
  -5.500  -0.3472   0.08933   0.08293  -0.0152   1.0000   0.1880
  -5.250  -0.3549   0.08471   0.07811  -0.0187   1.0000   0.1936
  -5.000  -0.3488   0.08143   0.07488  -0.0194   1.0000   0.2062
  -4.750  -0.3404   0.07787   0.07137  -0.0217   1.0000   0.2221
  -4.500  -0.3321   0.07435   0.06790  -0.0213   1.0000   0.2436
  -4.000  -0.3267   0.06975   0.06351  -0.0143   1.0000   0.3407
  -3.000  -0.2924   0.05946   0.05349  -0.0061   1.0000   0.4537
  -2.750  -0.0130   0.03791   0.02893  -0.0887   1.0000   0.1494
  -2.500   0.0377   0.03433   0.02452  -0.0946   1.0000   0.1399
  -2.250   0.0761   0.03216   0.02192  -0.0976   1.0000   0.1391
  -2.000   0.1104   0.03053   0.01997  -0.0996   1.0000   0.1426
  -1.750   0.1427   0.02937   0.01856  -0.1011   1.0000   0.1526
  -1.500   0.1702   0.02893   0.01812  -0.1022   1.0000   0.1774
  -1.250   0.2008   0.02819   0.01731  -0.1034   1.0000   0.2016
  -1.000   0.2317   0.02749   0.01667  -0.1044   1.0000   0.2452
  -0.750   0.2693   0.02636   0.01613  -0.1068   1.0000   0.3805
  -0.500   0.2782   0.02385   0.01582  -0.1019   1.0000   0.9467
  -0.250   0.3046   0.02451   0.01567  -0.1031   1.0000   1.0000
   0.000   0.3273   0.02525   0.01608  -0.1037   1.0000   1.0000
   0.250   0.3490   0.02605   0.01665  -0.1041   1.0000   1.0000
   0.500   0.3698   0.02692   0.01734  -0.1046   1.0000   1.0000
   0.750   0.3898   0.02787   0.01815  -0.1050   1.0000   1.0000
   1.000   0.4091   0.02890   0.01906  -0.1054   1.0000   1.0000
   1.250   0.4277   0.03001   0.02009  -0.1058   1.0000   1.0000
   1.500   0.4456   0.03121   0.02122  -0.1063   1.0000   1.0000
   1.750   0.4789   0.03258   0.02254  -0.1097   0.9920   1.0000
   2.000   0.5254   0.03390   0.02406  -0.1155   0.9752   1.0000
   2.250   0.5730   0.03505   0.02513  -0.1210   0.9596   1.0000
   2.500   0.6121   0.03600   0.02604  -0.1248   0.9420   1.0000
   2.750   0.6514   0.03686   0.02687  -0.1284   0.9244   1.0000
   3.000   0.6924   0.03759   0.02758  -0.1319   0.9068   1.0000
   3.250   0.7382   0.03809   0.02807  -0.1359   0.8899   1.0000
   3.500   0.7743   0.03859   0.02859  -0.1381   0.8710   1.0000
   3.750   0.8097   0.03903   0.02906  -0.1398   0.8522   1.0000
   4.000   0.8462   0.03928   0.02936  -0.1415   0.8332   1.0000
   4.500   0.9220   0.03916   0.02939  -0.1440   0.7958   1.0000
   4.750   0.9726   0.03807   0.02842  -0.1461   0.7800   1.0000
   5.000   1.0138   0.03712   0.02758  -0.1465   0.7610   1.0000
   5.250   1.0616   0.03546   0.02606  -0.1470   0.7411   1.0000
   5.500   1.1100   0.03361   0.02434  -0.1473   0.7205   1.0000
   5.750   1.1458   0.03268   0.02352  -0.1463   0.6967   1.0000
   6.000   1.1925   0.02645   0.01674  -0.1390   0.6195   1.0000
   6.250   1.2097   0.02620   0.01633  -0.1352   0.5755   1.0000
   6.500   1.2263   0.02631   0.01632  -0.1316   0.5295   1.0000
   7.000   1.2193   0.02811   0.01707  -0.1184   0.3457   1.0000
   7.500   1.1931   0.03559   0.02225  -0.1066   0.0838   1.0000
   7.750   1.1933   0.03857   0.02508  -0.1025   0.0682   1.0000
   8.000   1.1967   0.04119   0.02775  -0.0989   0.0611   1.0000
   8.250   1.2084   0.04375   0.03047  -0.0957   0.0571   1.0000
   8.750   1.2754   0.05261   0.04022  -0.0916   0.0553   1.0000
   9.000   1.3505   0.05956   0.04741  -0.0977   0.0584   1.0000
   9.750   1.3453   0.07443   0.06422  -0.0865   0.0670   1.0000
  11.000   1.2387   0.09642   0.08789  -0.0733   0.0729   1.0000
