  
       XFOIL         Version 6.99
  
 Calculated polar for: Airfoil_rR0.416200.txt                          
  
 1 1 Reynolds number fixed          Mach number fixed         
  
 xtrf =   1.000 (top)        1.000 (bottom)  
 Mach =   0.000     Re =     0.150 e 6     Ncrit =   9.000
  
   alpha    CL        CD       CDp       CM     Top_Xtr  Bot_Xtr
  ------ -------- --------- --------- -------- -------- --------
 -15.750  -0.3572   0.19620   0.19133  -0.0179   1.0000   0.0264
 -10.750  -0.3295   0.13666   0.13201  -0.0221   1.0000   0.0530
 -10.500  -0.3258   0.13427   0.12964  -0.0218   1.0000   0.0546
  -9.750  -0.3453   0.13097   0.12646  -0.0248   1.0000   0.0599
  -9.250  -0.3245   0.12264   0.11819  -0.0220   1.0000   0.0613
  -9.000  -0.3496   0.11821   0.11365  -0.0217   1.0000   0.0612
  -7.500  -0.3167   0.10708   0.10290  -0.0162   1.0000   0.0661
  -7.250  -0.3429   0.10353   0.09926  -0.0154   1.0000   0.0660
  -6.750  -0.3552   0.10044   0.09628  -0.0128   1.0000   0.0679
  -6.500  -0.3700   0.09957   0.09547  -0.0109   1.0000   0.0688
  -5.750  -0.3870   0.09273   0.08878  -0.0176   1.0000   0.0704
  -5.500  -0.3841   0.09029   0.08639  -0.0145   1.0000   0.0709
  -5.250  -0.3807   0.08806   0.08420  -0.0123   1.0000   0.0714
  -5.000  -0.3766   0.08591   0.08208  -0.0114   1.0000   0.0722
  -3.750  -0.2140   0.06666   0.06272  -0.0484   0.9733   0.0859
  -0.750   0.4020   0.02245   0.01440  -0.1380   0.9259   0.0494
  -0.500   0.4455   0.02154   0.01353  -0.1410   0.9213   0.0487
  -0.250   0.4826   0.02093   0.01293  -0.1428   0.9140   0.0486
   0.000   0.5289   0.02024   0.01254  -0.1462   0.9103   0.0516
   0.250   0.5661   0.01969   0.01198  -0.1479   0.9021   0.0564
   0.500   0.6081   0.01848   0.01154  -0.1508   0.8951   0.2629
   0.750   0.6536   0.01719   0.01125  -0.1541   0.8907   0.5915
   1.750   0.8026   0.01426   0.00867  -0.1587   0.8599   1.0000
   2.000   0.8420   0.01373   0.00807  -0.1604   0.8483   1.0000
   2.250   0.8833   0.01323   0.00751  -0.1625   0.8346   1.0000
   2.500   0.9247   0.01282   0.00703  -0.1647   0.8168   1.0000
   2.750   0.9748   0.01244   0.00655  -0.1688   0.7968   1.0000
   3.000   1.0169   0.01230   0.00626  -0.1714   0.7704   1.0000
   3.500   1.0840   0.01250   0.00612  -0.1731   0.7067   1.0000
   3.750   1.1119   0.01277   0.00619  -0.1728   0.6730   1.0000
   4.000   1.1369   0.01311   0.00633  -0.1720   0.6398   1.0000
   4.250   1.1570   0.01353   0.00651  -0.1702   0.5987   1.0000
   4.500   1.1698   0.01416   0.00666  -0.1669   0.5349   1.0000
   4.750   1.1800   0.01491   0.00690  -0.1633   0.4675   1.0000
   5.000   1.1961   0.01551   0.00722  -0.1610   0.4263   1.0000
   5.250   1.2129   0.01611   0.00755  -0.1590   0.3901   1.0000
   5.500   1.2293   0.01672   0.00790  -0.1569   0.3517   1.0000
   5.750   1.2447   0.01741   0.00827  -0.1547   0.3081   1.0000
   6.000   1.2579   0.01829   0.00873  -0.1522   0.2572   1.0000
   6.250   1.2719   0.01925   0.00938  -0.1497   0.2071   1.0000
   6.500   1.2820   0.02074   0.01028  -0.1469   0.1313   1.0000
   6.750   1.2951   0.02205   0.01123  -0.1443   0.0784   1.0000
   7.000   1.3026   0.02393   0.01268  -0.1410   0.0272   1.0000
   7.250   1.3195   0.02483   0.01369  -0.1388   0.0253   1.0000
   7.500   1.3360   0.02577   0.01480  -0.1365   0.0248   1.0000
   7.750   1.3513   0.02680   0.01603  -0.1341   0.0248   1.0000
   8.000   1.3642   0.02801   0.01744  -0.1312   0.0253   1.0000
   8.500   1.3642   0.03269   0.02312  -0.1213   0.0284   1.0000
   8.750   1.3738   0.03586   0.02627  -0.1184   0.0298   1.0000
