  
       XFOIL         Version 6.99
  
 Calculated polar for: Airfoil_rR0.975250.txt                          
  
 1 1 Reynolds number fixed          Mach number fixed         
  
 xtrf =   1.000 (top)        1.000 (bottom)  
 Mach =   0.000     Re =     0.200 e 6     Ncrit =   9.000
  
   alpha    CL        CD       CDp       CM     Top_Xtr  Bot_Xtr
  ------ -------- --------- --------- -------- -------- --------
 -19.250  -0.6550   0.24084   0.23603   0.0368   1.0000   0.0095
 -18.750  -0.4172   0.21586   0.21160   0.0012   1.0000   0.0097
 -15.750  -0.3811   0.19444   0.19009  -0.0094   1.0000   0.0100
 -13.250  -0.4428   0.16831   0.16370  -0.0067   1.0000   0.0102
 -12.750  -0.3611   0.15868   0.15433  -0.0168   1.0000   0.0111
 -12.500  -0.3565   0.15520   0.15087  -0.0169   1.0000   0.0116
 -12.250  -0.3526   0.15203   0.14771  -0.0174   1.0000   0.0122
 -12.000  -0.3488   0.14889   0.14459  -0.0180   1.0000   0.0127
 -11.750  -0.3451   0.14571   0.14142  -0.0186   1.0000   0.0134
 -11.500  -0.3413   0.14247   0.13820  -0.0194   1.0000   0.0141
 -11.250  -0.3875   0.13777   0.13336  -0.0150   1.0000   0.0134
 -11.000  -0.3810   0.13456   0.13017  -0.0161   1.0000   0.0141
 -10.250  -0.3218   0.12565   0.12146  -0.0242   1.0000   0.0188
  -7.250  -0.3169   0.09022   0.08659  -0.0254   1.0000   0.0379
  -4.750  -0.2103   0.05053   0.04662  -0.0651   0.9806   0.0721
  -4.500  -0.1747   0.04587   0.04184  -0.0700   0.9751   0.0762
  -4.000  -0.0859   0.03452   0.02977  -0.0831   0.9666   0.0926
  -3.750  -0.0222   0.01989   0.01257  -0.0861   0.9675   0.0305
  -3.500   0.0177   0.01626   0.00856  -0.0878   0.9653   0.0275
  -3.250   0.0596   0.01457   0.00666  -0.0901   0.9623   0.0292
  -3.000   0.1021   0.01342   0.00565  -0.0929   0.9596   0.0855
  -2.750   0.1357   0.01330   0.00565  -0.0946   0.9527   0.1064
  -2.500   0.1725   0.01316   0.00570  -0.0974   0.9480   0.1435
  -2.250   0.2087   0.01276   0.00545  -0.0998   0.9427   0.1733
  -2.000   0.2439   0.01235   0.00525  -0.1019   0.9375   0.2201
  -1.750   0.2776   0.01191   0.00506  -0.1037   0.9318   0.2834
  -1.500   0.3081   0.01138   0.00492  -0.1049   0.9246   0.3782
  -1.250   0.3354   0.01021   0.00483  -0.1052   0.9189   0.6816
  -1.000   0.3674   0.00951   0.00461  -0.1054   0.9116   1.0000
  -0.500   0.4245   0.00933   0.00423  -0.1061   0.8927   1.0000
  -0.250   0.4525   0.00925   0.00407  -0.1063   0.8831   1.0000
   0.000   0.4800   0.00920   0.00394  -0.1063   0.8725   1.0000
   0.250   0.5070   0.00917   0.00382  -0.1063   0.8614   1.0000
   0.500   0.5338   0.00916   0.00374  -0.1062   0.8501   1.0000
   0.750   0.5593   0.00920   0.00373  -0.1059   0.8367   1.0000
   1.000   0.5851   0.00923   0.00370  -0.1057   0.8233   1.0000
   1.250   0.6112   0.00925   0.00365  -0.1055   0.8100   1.0000
   1.500   0.6366   0.00929   0.00362  -0.1051   0.7940   1.0000
   1.750   0.6629   0.00933   0.00354  -0.1049   0.7797   1.0000
   2.000   0.6878   0.00941   0.00349  -0.1043   0.7589   1.0000
   2.250   0.7116   0.00949   0.00341  -0.1034   0.7308   1.0000
   2.500   0.7349   0.00958   0.00336  -0.1024   0.6982   1.0000
   2.750   0.7590   0.00975   0.00331  -0.1017   0.6710   1.0000
   3.000   0.7834   0.00996   0.00338  -0.1012   0.6471   1.0000
   3.250   0.8080   0.01017   0.00349  -0.1008   0.6243   1.0000
   3.750   0.8567   0.01061   0.00368  -0.0999   0.5780   1.0000
   4.250   0.9053   0.01116   0.00402  -0.0990   0.5356   1.0000
   4.500   0.9294   0.01142   0.00420  -0.0986   0.5111   1.0000
   5.000   0.9746   0.01216   0.00459  -0.0971   0.4463   1.0000
   5.500   0.9998   0.01488   0.00563  -0.0930   0.1804   1.0000
   5.750   1.0165   0.01611   0.00638  -0.0917   0.1000   1.0000
   6.000   1.0357   0.01702   0.00697  -0.0907   0.0693   1.0000
   6.250   1.0576   0.01758   0.00737  -0.0901   0.0559   1.0000
   6.500   1.0786   0.01825   0.00777  -0.0893   0.0409   1.0000
   7.250   1.1362   0.02115   0.01097  -0.0845   0.0197   1.0000
