  
       XFOIL         Version 6.99
  
 Calculated polar for: Airfoil_rR0.362833.txt                          
  
 1 1 Reynolds number fixed          Mach number fixed         
  
 xtrf =   1.000 (top)        1.000 (bottom)  
 Mach =   0.000     Re =     0.200 e 6     Ncrit =   9.000
  
   alpha    CL        CD       CDp       CM     Top_Xtr  Bot_Xtr
  ------ -------- --------- --------- -------- -------- --------
 -13.750  -0.3465   0.17278   0.16868  -0.0196   1.0000   0.0248
 -11.750  -0.3409   0.14608   0.14198  -0.0216   1.0000   0.0422
 -11.250  -0.3663   0.13787   0.13365  -0.0204   1.0000   0.0435
 -10.750  -0.3577   0.13325   0.12908  -0.0204   1.0000   0.0458
 -10.000  -0.3497   0.13293   0.12900  -0.0250   1.0000   0.0500
  -8.250  -0.3170   0.11268   0.10897  -0.0178   1.0000   0.0528
  -7.250  -0.3219   0.10470   0.10113  -0.0140   1.0000   0.0551
  -7.000  -0.3259   0.10283   0.09931  -0.0128   1.0000   0.0558
  -6.750  -0.3546   0.09958   0.09598  -0.0116   1.0000   0.0557
  -6.500  -0.3386   0.09947   0.09604  -0.0100   1.0000   0.0572
  -6.250  -0.3729   0.09683   0.09333  -0.0077   1.0000   0.0568
  -6.000  -0.3165   0.09193   0.08848  -0.0330   0.9862   0.0600
  -5.500  -0.2799   0.08382   0.08041  -0.0337   0.9780   0.0611
  -5.250  -0.2600   0.08072   0.07732  -0.0352   0.9727   0.0620
  -5.000  -0.2732   0.07812   0.07463  -0.0377   0.9742   0.0622
  -4.750  -0.2437   0.07481   0.07132  -0.0429   0.9703   0.0638
  -4.500  -0.2187   0.07118   0.06767  -0.0484   0.9632   0.0660
  -4.250  -0.1595   0.06256   0.05889  -0.0703   0.9581   0.0710
  -4.000  -0.1376   0.06044   0.05680  -0.0707   0.9527   0.0721
  -3.250  -0.0131   0.04866   0.04478  -0.0939   0.9410   0.0844
  -1.250   0.4007   0.01911   0.01173  -0.1451   0.9212   0.0435
  -1.000   0.4357   0.01837   0.01096  -0.1464   0.9149   0.0422
  -0.750   0.4778   0.01764   0.01025  -0.1491   0.9115   0.0414
  -0.250   0.5571   0.01634   0.00920  -0.1534   0.9014   0.0446
   0.000   0.5927   0.01579   0.00861  -0.1546   0.8939   0.0482
   0.250   0.6387   0.01455   0.00801  -0.1582   0.8908   0.2208
   0.500   0.6753   0.01369   0.00775  -0.1600   0.8840   0.4156
   0.750   0.7188   0.01278   0.00729  -0.1629   0.8805   0.5780
   1.000   0.7494   0.01195   0.00697  -0.1627   0.8713   0.7631
   1.250   0.7795   0.01117   0.00637  -0.1623   0.8603   1.0000
   1.500   0.8191   0.01083   0.00592  -0.1643   0.8477   1.0000
   1.750   0.8627   0.01051   0.00550  -0.1673   0.8323   1.0000
   2.000   0.9069   0.01030   0.00516  -0.1704   0.8115   1.0000
   2.250   0.9489   0.01024   0.00494  -0.1731   0.7860   1.0000
   2.500   0.9867   0.01030   0.00482  -0.1750   0.7581   1.0000
   2.750   1.0176   0.01047   0.00481  -0.1755   0.7280   1.0000
   3.000   1.0450   0.01072   0.00487  -0.1752   0.6970   1.0000
   3.250   1.0704   0.01102   0.00497  -0.1746   0.6659   1.0000
   3.500   1.0935   0.01136   0.00511  -0.1735   0.6344   1.0000
   3.750   1.1150   0.01172   0.00530  -0.1721   0.6030   1.0000
   4.000   1.1360   0.01213   0.00551  -0.1707   0.5730   1.0000
   4.250   1.1506   0.01269   0.00573  -0.1679   0.5234   1.0000
   4.500   1.1617   0.01338   0.00599  -0.1645   0.4613   1.0000
   4.750   1.1746   0.01406   0.00629  -0.1616   0.4069   1.0000
   5.000   1.1925   0.01459   0.00661  -0.1598   0.3755   1.0000
   5.250   1.2099   0.01514   0.00693  -0.1579   0.3434   1.0000
   5.750   1.2443   0.01628   0.00760  -0.1542   0.2750   1.0000
   6.000   1.2594   0.01705   0.00799  -0.1521   0.2284   1.0000
   6.250   1.2722   0.01816   0.00859  -0.1496   0.1711   1.0000
   6.500   1.2837   0.01955   0.00948  -0.1470   0.1044   1.0000
   6.750   1.2898   0.02147   0.01084  -0.1435   0.0271   1.0000
   7.500   1.3425   0.02382   0.01344  -0.1373   0.0201   1.0000
   7.750   1.3586   0.02473   0.01453  -0.1351   0.0203   1.0000
   8.250   1.3797   0.02746   0.01821  -0.1282   0.0233   1.0000
   8.500   1.3867   0.02898   0.01989  -0.1245   0.0251   1.0000
   8.750   1.3911   0.03090   0.02193  -0.1206   0.0270   1.0000
