  
       XFOIL         Version 6.99
  
 Calculated polar for: Airfoil_rR0.282767.txt                          
  
 1 1 Reynolds number fixed          Mach number fixed         
  
 xtrf =   1.000 (top)        1.000 (bottom)  
 Mach =   0.000     Re =     0.200 e 6     Ncrit =   9.000
  
   alpha    CL        CD       CDp       CM     Top_Xtr  Bot_Xtr
  ------ -------- --------- --------- -------- -------- --------
 -19.750  -0.3901   0.22947   0.22517  -0.0136   1.0000   0.0200
 -19.250  -0.5417   0.23617   0.23132  -0.0006   1.0000   0.0199
 -16.500  -0.3581   0.19914   0.19491  -0.0184   1.0000   0.0212
 -15.500  -0.3490   0.19024   0.18605  -0.0190   1.0000   0.0228
 -14.500  -0.4108   0.17629   0.17186  -0.0158   1.0000   0.0241
 -10.500  -0.3381   0.13770   0.13373  -0.0252   1.0000   0.0504
  -8.750  -0.3047   0.11923   0.11546  -0.0190   1.0000   0.0533
  -7.500  -0.3097   0.10895   0.10537  -0.0150   1.0000   0.0567
  -7.000  -0.3226   0.10538   0.10189  -0.0134   1.0000   0.0586
  -6.750  -0.3511   0.10175   0.09817  -0.0124   1.0000   0.0586
  -6.500  -0.3729   0.10115   0.09764  -0.0108   1.0000   0.0593
  -5.750  -0.2701   0.08878   0.08537  -0.0295   0.9782   0.0622
  -5.000  -0.2486   0.07946   0.07598  -0.0393   0.9672   0.0655
  -4.000  -0.1268   0.06198   0.05839  -0.0698   0.9429   0.0757
  -3.750  -0.0684   0.05447   0.05071  -0.0871   0.9403   0.0819
  -3.000   0.0645   0.04189   0.03768  -0.1111   0.9271   0.1018
  -2.250   0.2526   0.02186   0.01473  -0.1376   0.9257   0.0457
  -2.000   0.2950   0.02034   0.01299  -0.1400   0.9222   0.0432
  -1.750   0.3395   0.01930   0.01186  -0.1430   0.9200   0.0419
  -1.500   0.3722   0.01862   0.01118  -0.1438   0.9127   0.0414
  -1.250   0.4162   0.01782   0.01037  -0.1468   0.9103   0.0414
  -1.000   0.4498   0.01725   0.00977  -0.1478   0.9031   0.0420
  -0.750   0.4943   0.01653   0.00901  -0.1508   0.9004   0.0443
  -0.500   0.5283   0.01592   0.00846  -0.1516   0.8926   0.0564
  -0.250   0.5747   0.01462   0.00829  -0.1555   0.8901   0.2698
   0.000   0.6099   0.01404   0.00790  -0.1567   0.8827   0.3354
   0.250   0.6552   0.01327   0.00736  -0.1599   0.8799   0.4148
   0.500   0.6895   0.01274   0.00707  -0.1609   0.8710   0.4933
   0.750   0.7247   0.01211   0.00678  -0.1620   0.8611   0.6068
   1.000   0.7504   0.01094   0.00630  -0.1603   0.8505   1.0000
   1.250   0.7953   0.01059   0.00582  -0.1634   0.8382   1.0000
   1.500   0.8328   0.01043   0.00552  -0.1651   0.8194   1.0000
   1.750   0.8829   0.01025   0.00516  -0.1695   0.8004   1.0000
   2.000   0.9180   0.01027   0.00502  -0.1707   0.7738   1.0000
   2.250   0.9533   0.01037   0.00492  -0.1720   0.7459   1.0000
   2.500   0.9840   0.01056   0.00490  -0.1724   0.7167   1.0000
   2.750   1.0111   0.01081   0.00495  -0.1721   0.6873   1.0000
   3.000   1.0353   0.01110   0.00505  -0.1712   0.6577   1.0000
   3.250   1.0588   0.01143   0.00518  -0.1702   0.6292   1.0000
   3.500   1.0799   0.01176   0.00535  -0.1687   0.5995   1.0000
   3.750   1.1014   0.01215   0.00554  -0.1673   0.5728   1.0000
   4.000   1.1216   0.01252   0.00575  -0.1658   0.5450   1.0000
   4.250   1.1420   0.01294   0.00599  -0.1642   0.5204   1.0000
   4.500   1.1617   0.01332   0.00625  -0.1626   0.4944   1.0000
   4.750   1.1783   0.01380   0.00651  -0.1604   0.4617   1.0000
   5.000   1.1910   0.01438   0.00678  -0.1574   0.4199   1.0000
   5.250   1.2029   0.01498   0.00707  -0.1544   0.3767   1.0000
   5.500   1.2184   0.01551   0.00739  -0.1521   0.3456   1.0000
   5.750   1.2367   0.01598   0.00773  -0.1504   0.3218   1.0000
   6.000   1.2538   0.01652   0.00808  -0.1485   0.2993   1.0000
   6.250   1.2725   0.01699   0.00844  -0.1469   0.2758   1.0000
   6.500   1.2889   0.01758   0.00882  -0.1450   0.2520   1.0000
   6.750   1.3059   0.01818   0.00921  -0.1432   0.2230   1.0000
   7.000   1.3211   0.01893   0.00966  -0.1412   0.1868   1.0000
   7.250   1.3333   0.02001   0.01034  -0.1387   0.1428   1.0000
   7.500   1.3444   0.02126   0.01124  -0.1360   0.0927   1.0000
   7.750   1.3460   0.02334   0.01278  -0.1320   0.0279   1.0000
   8.000   1.3570   0.02475   0.01466  -0.1286   0.0192   1.0000
   8.250   1.3723   0.02562   0.01567  -0.1263   0.0193   1.0000
   8.500   1.3868   0.02655   0.01675  -0.1240   0.0195   1.0000
   8.750   1.3998   0.02759   0.01796  -0.1216   0.0197   1.0000
   9.000   1.4104   0.02878   0.01936  -0.1188   0.0201   1.0000
   9.250   1.4207   0.02996   0.02066  -0.1162   0.0207   1.0000
  10.250   1.4462   0.03604   0.02730  -0.1045   0.0249   1.0000
  10.500   1.4467   0.03841   0.02981  -0.1013   0.0264   1.0000
  10.750   1.4497   0.04112   0.03262  -0.0984   0.0282   1.0000
