  
       XFOIL         Version 6.99
  
 Calculated polar for: Airfoil_rR0.336133.txt                          
  
 1 1 Reynolds number fixed          Mach number fixed         
  
 xtrf =   1.000 (top)        1.000 (bottom)  
 Mach =   0.000     Re =     0.100 e 6     Ncrit =   9.000
  
   alpha    CL        CD       CDp       CM     Top_Xtr  Bot_Xtr
  ------ -------- --------- --------- -------- -------- --------
 -19.000  -0.5356   0.23238   0.22555  -0.0007   1.0000   0.0294
 -18.000  -0.5147   0.22704   0.22030  -0.0073   1.0000   0.0300
 -17.000  -0.4794   0.20911   0.20250  -0.0094   1.0000   0.0312
 -16.750  -0.4715   0.20601   0.19942  -0.0099   1.0000   0.0319
 -16.250  -0.4570   0.20040   0.19388  -0.0113   1.0000   0.0335
 -15.750  -0.4432   0.19499   0.18853  -0.0130   1.0000   0.0356
 -15.250  -0.4304   0.18956   0.18317  -0.0148   1.0000   0.0380
 -14.500  -0.4209   0.18503   0.17874  -0.0194   1.0000   0.0399
  -9.500  -0.3074   0.12839   0.12292  -0.0230   1.0000   0.0822
  -9.250  -0.3317   0.12352   0.11790  -0.0226   1.0000   0.0822
  -9.000  -0.3276   0.12116   0.11558  -0.0219   1.0000   0.0833
  -8.000  -0.3213   0.11733   0.11216  -0.0211   1.0000   0.0898
  -7.750  -0.3488   0.11369   0.10841  -0.0205   1.0000   0.0898
  -7.500  -0.3184   0.11173   0.10667  -0.0188   1.0000   0.0909
  -7.250  -0.3451   0.10815   0.10298  -0.0180   1.0000   0.0909
  -6.250  -0.3489   0.10036   0.09542  -0.0110   1.0000   0.0962
  -6.000  -0.3602   0.09920   0.09433  -0.0092   1.0000   0.0977
  -5.750  -0.3754   0.09813   0.09334  -0.0133   1.0000   0.0997
  -5.500  -0.3583   0.09685   0.09229  -0.0101   1.0000   0.1009
  -5.250  -0.3711   0.09268   0.08801  -0.0109   1.0000   0.1014
  -4.750  -0.3644   0.08833   0.08375  -0.0090   1.0000   0.1048
  -4.500  -0.3436   0.08632   0.08191  -0.0189   1.0000   0.1104
  -4.250  -0.3465   0.08198   0.07744  -0.0191   1.0000   0.1111
  -4.000  -0.3418   0.07994   0.07544  -0.0167   1.0000   0.1126
  -3.500  -0.3059   0.07338   0.06886  -0.0271   1.0000   0.1213
  -3.250  -0.2728   0.06988   0.06527  -0.0366   1.0000   0.1298
  -2.750  -0.2039   0.06338   0.05874  -0.0472   0.9910   0.1414
  -2.500  -0.1545   0.05986   0.05515  -0.0560   0.9828   0.1517
  -1.750   0.1008   0.03564   0.02829  -0.1061   0.9739   0.0797
  -1.500   0.1089   0.04066   0.03455  -0.1038   0.9608   0.1391
  -1.250   0.2010   0.03059   0.02228  -0.1157   0.9629   0.0661
  -1.000   0.2469   0.02911   0.02036  -0.1190   0.9561   0.0629
  -0.750   0.2943   0.02822   0.01928  -0.1225   0.9500   0.0616
  -0.500   0.3349   0.02750   0.01854  -0.1250   0.9410   0.0617
   0.000   0.4178   0.02648   0.01752  -0.1303   0.9232   0.0675
   0.250   0.4610   0.02584   0.01700  -0.1332   0.9147   0.0896
   0.500   0.5128   0.02437   0.01758  -0.1382   0.9100   0.5305
   0.750   0.5460   0.02356   0.01737  -0.1384   0.9004   0.7405
   1.000   0.5759   0.02284   0.01676  -0.1381   0.8872   1.0000
   1.750   0.7036   0.02164   0.01510  -0.1451   0.8567   1.0000
   2.000   0.7538   0.02080   0.01416  -0.1484   0.8500   1.0000
   2.250   0.7987   0.01998   0.01326  -0.1507   0.8403   1.0000
   2.500   0.8440   0.01916   0.01238  -0.1531   0.8296   1.0000
   2.750   0.8829   0.01853   0.01170  -0.1543   0.8143   1.0000
   3.000   0.9372   0.01752   0.01063  -0.1582   0.8012   1.0000
   3.250   0.9832   0.01694   0.01000  -0.1609   0.7813   1.0000
   3.500   1.0305   0.01644   0.00940  -0.1638   0.7580   1.0000
   3.750   1.0714   0.01622   0.00905  -0.1656   0.7299   1.0000
   4.000   1.1050   0.01626   0.00894  -0.1662   0.6982   1.0000
   4.250   1.1351   0.01644   0.00894  -0.1661   0.6645   1.0000
   4.500   1.1628   0.01674   0.00903  -0.1656   0.6313   1.0000
   4.750   1.1861   0.01715   0.00925  -0.1644   0.5978   1.0000
   5.000   1.2090   0.01763   0.00953  -0.1631   0.5658   1.0000
   5.250   1.2235   0.01810   0.00968  -0.1601   0.5229   1.0000
   5.500   1.2323   0.01865   0.00985  -0.1561   0.4719   1.0000
   5.750   1.2423   0.01928   0.01012  -0.1526   0.4247   1.0000
   6.000   1.2587   0.01987   0.01052  -0.1505   0.3948   1.0000
   6.250   1.2748   0.02047   0.01094  -0.1483   0.3655   1.0000
   6.500   1.2898   0.02112   0.01136  -0.1461   0.3369   1.0000
   6.750   1.3036   0.02177   0.01182  -0.1435   0.3050   1.0000
   7.000   1.3174   0.02249   0.01240  -0.1410   0.2729   1.0000
   7.250   1.3285   0.02344   0.01311  -0.1381   0.2315   1.0000
   7.500   1.3401   0.02450   0.01392  -0.1354   0.1872   1.0000
   7.750   1.3525   0.02566   0.01485  -0.1327   0.1476   1.0000
   8.000   1.3575   0.02763   0.01623  -0.1294   0.0801   1.0000
   8.250   1.3501   0.03118   0.02000  -0.1234   0.0315   1.0000
   8.500   1.3573   0.03295   0.02198  -0.1200   0.0304   1.0000
   8.750   1.3630   0.03469   0.02392  -0.1166   0.0302   1.0000
   9.000   1.3671   0.03648   0.02591  -0.1132   0.0302   1.0000
   9.250   1.3706   0.03834   0.02793  -0.1099   0.0305   1.0000
   9.500   1.3743   0.04024   0.02999  -0.1068   0.0309   1.0000
   9.750   1.3791   0.04223   0.03210  -0.1040   0.0314   1.0000
  10.000   1.3861   0.04434   0.03434  -0.1014   0.0323   1.0000
  10.250   1.4012   0.04674   0.03687  -0.0995   0.0339   1.0000
  10.500   1.5015   0.05381   0.04389  -0.1071   0.0397   1.0000
  12.000   1.4518   0.08385   0.07742  -0.0864   0.0622   1.0000
