  
       XFOIL         Version 6.99
  
 Calculated polar for: Airfoil_rR0.576350.txt                          
  
 1 1 Reynolds number fixed          Mach number fixed         
  
 xtrf =   1.000 (top)        1.000 (bottom)  
 Mach =   0.000     Re =     0.250 e 6     Ncrit =   9.000
  
   alpha    CL        CD       CDp       CM     Top_Xtr  Bot_Xtr
  ------ -------- --------- --------- -------- -------- --------
 -14.500  -0.3727   0.18892   0.18516  -0.0197   1.0000   0.0200
 -13.000  -0.3629   0.16795   0.16413  -0.0212   1.0000   0.0200
 -12.500  -0.3998   0.15834   0.15438  -0.0198   1.0000   0.0200
 -12.250  -0.3572   0.15765   0.15386  -0.0218   1.0000   0.0200
 -12.000  -0.3915   0.15159   0.14767  -0.0206   1.0000   0.0200
 -10.750  -0.3719   0.13181   0.12803  -0.0196   1.0000   0.0217
 -10.500  -0.3676   0.12939   0.12564  -0.0192   1.0000   0.0227
 -10.250  -0.3642   0.12695   0.12322  -0.0190   1.0000   0.0244
  -9.500  -0.3633   0.11775   0.11412  -0.0191   1.0000   0.0328
  -9.250  -0.3626   0.11624   0.11265  -0.0193   1.0000   0.0388
  -8.000  -0.3374   0.10641   0.10311  -0.0162   1.0000   0.0428
  -7.750  -0.3641   0.10279   0.09941  -0.0154   1.0000   0.0428
  -7.500  -0.3650   0.10107   0.09772  -0.0141   1.0000   0.0436
  -7.000  -0.3725   0.09802   0.09476  -0.0113   1.0000   0.0466
  -6.750  -0.3824   0.09675   0.09354  -0.0095   1.0000   0.0478
  -6.000  -0.3277   0.08403   0.08081  -0.0363   0.9852   0.0505
  -5.500  -0.2865   0.07771   0.07450  -0.0399   0.9778   0.0515
  -5.000  -0.2322   0.07104   0.06781  -0.0495   0.9700   0.0534
  -4.750  -0.2087   0.06760   0.06436  -0.0543   0.9633   0.0547
  -4.250  -0.1076   0.05426   0.05075  -0.0847   0.9551   0.0610
  -3.750  -0.0424   0.04938   0.04586  -0.0920   0.9502   0.0641
  -3.500   0.0194   0.04232   0.03844  -0.1073   0.9463   0.0714
  -2.500   0.1845   0.03195   0.02759  -0.1277   0.9347   0.0940
  -0.750   0.5100   0.01605   0.00912  -0.1543   0.9202   0.0405
  -0.500   0.5421   0.01539   0.00850  -0.1552   0.9134   0.0396
  -0.250   0.5852   0.01456   0.00793  -0.1582   0.9109   0.0395
   0.000   0.6196   0.01399   0.00733  -0.1594   0.9042   0.0393
   0.500   0.6949   0.01280   0.00606  -0.1629   0.8932   0.0408
   0.750   0.7330   0.01221   0.00550  -0.1647   0.8867   0.0500
   1.000   0.7787   0.01098   0.00521  -0.1689   0.8809   0.3781
   1.250   0.8150   0.00994   0.00512  -0.1705   0.8711   0.7331
   1.750   0.8905   0.00898   0.00429  -0.1739   0.8404   1.0000
   2.000   0.9282   0.00892   0.00413  -0.1759   0.8162   1.0000
   2.250   0.9703   0.00892   0.00396  -0.1789   0.7916   1.0000
   2.500   1.0031   0.00905   0.00394  -0.1799   0.7637   1.0000
   2.750   1.0318   0.00925   0.00397  -0.1800   0.7339   1.0000
   3.000   1.0583   0.00952   0.00405  -0.1797   0.7026   1.0000
   3.250   1.0825   0.00984   0.00417  -0.1789   0.6704   1.0000
   3.500   1.0997   0.01035   0.00432  -0.1765   0.6125   1.0000
   3.750   1.1094   0.01117   0.00455  -0.1726   0.5284   1.0000
   4.000   1.1223   0.01191   0.00483  -0.1697   0.4576   1.0000
   4.250   1.1401   0.01248   0.00511  -0.1678   0.4128   1.0000
   4.500   1.1578   0.01309   0.00542  -0.1660   0.3674   1.0000
   4.750   1.1754   0.01375   0.00574  -0.1643   0.3183   1.0000
   5.000   1.1913   0.01463   0.00612  -0.1624   0.2543   1.0000
   5.250   1.2048   0.01595   0.00673  -0.1601   0.1619   1.0000
   5.750   1.2320   0.01889   0.00873  -0.1552   0.0195   1.0000
   6.000   1.2532   0.01944   0.00935  -0.1537   0.0188   1.0000
   6.250   1.2735   0.02008   0.01012  -0.1520   0.0189   1.0000
   6.500   1.2928   0.02084   0.01105  -0.1500   0.0194   1.0000
   6.750   1.3096   0.02183   0.01226  -0.1476   0.0201   1.0000
   7.250   1.3411   0.02373   0.01441  -0.1424   0.0235   1.0000
   7.500   1.3497   0.02539   0.01624  -0.1384   0.0265   1.0000
