  
       XFOIL         Version 6.99
  
 Calculated polar for: Airfoil_rR0.709800.txt                          
  
 1 1 Reynolds number fixed          Mach number fixed         
  
 xtrf =   1.000 (top)        1.000 (bottom)  
 Mach =   0.000     Re =     0.250 e 6     Ncrit =   9.000
  
   alpha    CL        CD       CDp       CM     Top_Xtr  Bot_Xtr
  ------ -------- --------- --------- -------- -------- --------
 -18.500  -0.3797   0.21540   0.21147  -0.0152   1.0000   0.0098
 -15.750  -0.3615   0.19663   0.19265  -0.0210   1.0000   0.0100
 -14.500  -0.3562   0.17988   0.17594  -0.0221   1.0000   0.0109
 -13.750  -0.3479   0.17198   0.16807  -0.0224   1.0000   0.0128
 -12.250  -0.3354   0.15605   0.15219  -0.0252   1.0000   0.0196
  -8.000  -0.3682   0.10811   0.10464  -0.0232   1.0000   0.0300
  -7.750  -0.3766   0.10627   0.10286  -0.0212   1.0000   0.0300
  -7.000  -0.3906   0.09888   0.09561  -0.0194   1.0000   0.0301
  -6.000  -0.3032   0.07771   0.07461  -0.0331   0.9860   0.0332
  -5.000  -0.1502   0.04597   0.04210  -0.0879   0.9743   0.0399
  -4.750  -0.0732   0.02757   0.02247  -0.1077   0.9780   0.0362
  -4.250   0.0031   0.02492   0.01937  -0.1149   0.9725   0.0468
  -3.500   0.1241   0.02069   0.01405  -0.1247   0.9646   0.0501
  -3.250   0.1661   0.01852   0.01166  -0.1284   0.9635   0.0484
  -3.000   0.2076   0.01726   0.01024  -0.1316   0.9617   0.0471
  -2.750   0.2496   0.01627   0.00916  -0.1349   0.9602   0.0465
  -2.500   0.2826   0.01556   0.00842  -0.1364   0.9547   0.0465
  -2.250   0.3222   0.01490   0.00776  -0.1392   0.9521   0.0475
  -2.000   0.3631   0.01432   0.00716  -0.1424   0.9502   0.0506
  -1.750   0.3955   0.01383   0.00674  -0.1438   0.9440   0.0650
  -1.500   0.4366   0.01308   0.00638  -0.1472   0.9416   0.1542
  -1.250   0.4707   0.01269   0.00620  -0.1490   0.9362   0.2202
  -1.000   0.5077   0.01225   0.00597  -0.1514   0.9323   0.2878
  -0.750   0.5480   0.01171   0.00571  -0.1545   0.9301   0.3790
  -0.500   0.5794   0.01124   0.00561  -0.1557   0.9232   0.4998
  -0.250   0.6160   0.01043   0.00546  -0.1578   0.9207   0.7159
   0.250   0.6657   0.00950   0.00502  -0.1558   0.9051   1.0000
   0.500   0.7000   0.00925   0.00471  -0.1572   0.8980   1.0000
   0.750   0.7344   0.00901   0.00440  -0.1586   0.8900   1.0000
   1.000   0.7661   0.00883   0.00415  -0.1594   0.8782   1.0000
   1.250   0.7973   0.00870   0.00393  -0.1600   0.8633   1.0000
   1.750   0.8586   0.00858   0.00363  -0.1612   0.8299   1.0000
   2.000   0.8862   0.00863   0.00358  -0.1612   0.8103   1.0000
   2.250   0.9137   0.00870   0.00354  -0.1611   0.7901   1.0000
   2.500   0.9404   0.00883   0.00354  -0.1609   0.7674   1.0000
   2.750   0.9657   0.00901   0.00357  -0.1603   0.7402   1.0000
   3.250   1.0136   0.00948   0.00370  -0.1588   0.6811   1.0000
   3.750   1.0600   0.01007   0.00398  -0.1570   0.6235   1.0000
   4.250   1.0901   0.01147   0.00436  -0.1520   0.4722   1.0000
   4.500   1.1088   0.01208   0.00464  -0.1504   0.4177   1.0000
   4.750   1.1265   0.01280   0.00496  -0.1488   0.3577   1.0000
   5.000   1.1446   0.01358   0.00532  -0.1473   0.2929   1.0000
   5.250   1.1594   0.01475   0.00584  -0.1455   0.2001   1.0000
   5.500   1.1722   0.01626   0.00659  -0.1432   0.1061   1.0000
   6.000   1.2050   0.01865   0.00850  -0.1391   0.0187   1.0000
   6.250   1.2259   0.01936   0.00937  -0.1375   0.0183   1.0000
   6.500   1.2450   0.02028   0.01048  -0.1355   0.0187   1.0000
   6.750   1.2599   0.02158   0.01199  -0.1328   0.0195   1.0000
