  
       XFOIL         Version 6.99
  
 Calculated polar for: Airfoil_rR0.816550.txt                          
  
 1 1 Reynolds number fixed          Mach number fixed         
  
 xtrf =   1.000 (top)        1.000 (bottom)  
 Mach =   0.000     Re =     0.100 e 6     Ncrit =   9.000
  
   alpha    CL        CD       CDp       CM     Top_Xtr  Bot_Xtr
  ------ -------- --------- --------- -------- -------- --------
 -19.500  -0.6188   0.23839   0.23148   0.0206   1.0000   0.0131
 -19.000  -0.6009   0.23312   0.22623   0.0171   1.0000   0.0158
 -18.750  -0.5916   0.23048   0.22361   0.0152   1.0000   0.0177
 -18.000  -0.5644   0.22211   0.21527   0.0098   1.0000   0.0188
 -17.500  -0.5534   0.22428   0.21745   0.0035   1.0000   0.0201
 -17.250  -0.3724   0.20272   0.19663  -0.0156   1.0000   0.0213
 -17.000  -0.3684   0.20050   0.19442  -0.0159   1.0000   0.0223
 -16.750  -0.5215   0.20766   0.20099   0.0012   1.0000   0.0215
 -15.750  -0.4874   0.19538   0.18870  -0.0043   1.0000   0.0228
 -15.500  -0.4790   0.19247   0.18581  -0.0056   1.0000   0.0243
 -15.250  -0.4707   0.18960   0.18296  -0.0069   1.0000   0.0258
 -15.000  -0.4626   0.18677   0.18015  -0.0084   1.0000   0.0275
 -14.750  -0.4549   0.18450   0.17789  -0.0103   1.0000   0.0291
 -14.500  -0.3502   0.18141   0.17530  -0.0218   1.0000   0.0316
 -14.250  -0.4471   0.18324   0.17667  -0.0150   1.0000   0.0300
 -13.750  -0.4257   0.17210   0.16561  -0.0154   1.0000   0.0317
 -13.500  -0.4175   0.16874   0.16228  -0.0159   1.0000   0.0333
 -13.250  -0.4101   0.16575   0.15932  -0.0169   1.0000   0.0352
 -13.000  -0.4033   0.16289   0.15648  -0.0180   1.0000   0.0372
 -12.750  -0.3977   0.16068   0.15429  -0.0197   1.0000   0.0391
 -12.500  -0.3969   0.16022   0.15386  -0.0221   1.0000   0.0398
 -12.250  -0.3993   0.16023   0.15391  -0.0245   1.0000   0.0401
 -12.000  -0.3271   0.15307   0.14707  -0.0257   1.0000   0.0461
 -11.750  -0.3726   0.14769   0.14145  -0.0226   1.0000   0.0444
 -11.500  -0.3289   0.14918   0.14321  -0.0280   1.0000   0.0496
 -11.250  -0.3642   0.14278   0.13661  -0.0250   1.0000   0.0491
 -10.250  -0.3448   0.13015   0.12415  -0.0266   1.0000   0.0576
  -9.750  -0.3297   0.13150   0.12582  -0.0322   1.0000   0.0601
  -9.500  -0.3565   0.12688   0.12106  -0.0315   1.0000   0.0601
  -8.750  -0.3011   0.11414   0.10865  -0.0286   1.0000   0.0671
  -7.750  -0.3582   0.10696   0.10160  -0.0275   1.0000   0.0699
  -7.250  -0.3479   0.09862   0.09338  -0.0238   1.0000   0.0724
  -7.000  -0.3253   0.09686   0.09187  -0.0217   1.0000   0.0764
  -5.750  -0.3647   0.08353   0.07871  -0.0230   1.0000   0.0823
  -5.500  -0.3608   0.08055   0.07578  -0.0228   1.0000   0.0848
  -5.000  -0.3386   0.07272   0.06794  -0.0322   1.0000   0.0916
  -4.750  -0.3299   0.06953   0.06479  -0.0316   1.0000   0.0948
  -4.500  -0.3040   0.06445   0.05960  -0.0399   1.0000   0.1016
  -4.250  -0.2824   0.06061   0.05570  -0.0434   1.0000   0.1089
  -4.000  -0.2604   0.05620   0.05125  -0.0465   1.0000   0.1135
  -3.250  -0.0300   0.02358   0.01467  -0.0832   1.0000   0.0634
  -3.000  -0.0069   0.02363   0.01478  -0.0836   1.0000   0.0860
  -2.750   0.0161   0.02362   0.01479  -0.0840   1.0000   0.1073
  -2.500   0.0442   0.02294   0.01387  -0.0849   1.0000   0.1195
  -2.250   0.0710   0.02236   0.01324  -0.0856   1.0000   0.1289
  -2.000   0.0987   0.02176   0.01264  -0.0865   1.0000   0.1363
  -1.750   0.1366   0.02121   0.01211  -0.0893   0.9970   0.1512
  -1.500   0.1827   0.02067   0.01181  -0.0938   0.9922   0.1856
  -1.250   0.2288   0.02020   0.01175  -0.0985   0.9866   0.2663
  -1.000   0.2768   0.01906   0.01174  -0.1036   0.9825   0.5146
  -0.750   0.3041   0.01812   0.01166  -0.1031   0.9721   1.0000
  -0.500   0.3464   0.01838   0.01166  -0.1069   0.9623   1.0000
  -0.250   0.3874   0.01857   0.01167  -0.1103   0.9524   1.0000
   0.000   0.4275   0.01871   0.01167  -0.1135   0.9424   1.0000
   0.250   0.4667   0.01880   0.01165  -0.1164   0.9324   1.0000
   0.500   0.5049   0.01885   0.01162  -0.1190   0.9224   1.0000
   0.750   0.5422   0.01886   0.01158  -0.1214   0.9124   1.0000
   1.000   0.5787   0.01884   0.01153  -0.1235   0.9024   1.0000
   1.250   0.6158   0.01874   0.01150  -0.1256   0.8926   1.0000
   1.500   0.6535   0.01856   0.01128  -0.1276   0.8828   1.0000
   2.000   0.7261   0.01811   0.01078  -0.1308   0.8629   1.0000
   2.250   0.7615   0.01782   0.01047  -0.1320   0.8523   1.0000
   2.500   0.7967   0.01748   0.01012  -0.1331   0.8411   1.0000
   2.750   0.8282   0.01727   0.00990  -0.1334   0.8277   1.0000
   3.000   0.8590   0.01705   0.00967  -0.1335   0.8132   1.0000
   3.250   0.8907   0.01677   0.00936  -0.1337   0.7987   1.0000
   3.500   0.9212   0.01648   0.00903  -0.1335   0.7817   1.0000
   3.750   0.9504   0.01623   0.00872  -0.1330   0.7619   1.0000
   4.000   0.9783   0.01604   0.00844  -0.1322   0.7395   1.0000
   5.500   1.1042   0.01663   0.00783  -0.1206   0.5078   1.0000
   5.750   1.1221   0.01714   0.00800  -0.1187   0.4601   1.0000
   6.000   1.1394   0.01772   0.00829  -0.1168   0.3982   1.0000
   6.250   1.1523   0.01878   0.00874  -0.1142   0.3229   1.0000
   6.500   1.1589   0.02073   0.00983  -0.1109   0.1856   1.0000
   6.750   1.1589   0.02385   0.01192  -0.1069   0.0597   1.0000
   7.000   1.1665   0.02613   0.01411  -0.1031   0.0382   1.0000
   7.250   1.1770   0.02789   0.01606  -0.0999   0.0337   1.0000
   7.500   1.1840   0.02986   0.01815  -0.0964   0.0319   1.0000
   8.500   1.2557   0.04508   0.03448  -0.0856   0.0392   1.0000
