  
       XFOIL         Version 6.99
  
 Calculated polar for: Airfoil_rR0.229383.txt                          
  
 1 1 Reynolds number fixed          Mach number fixed         
  
 xtrf =   1.000 (top)        1.000 (bottom)  
 Mach =   0.000     Re =     0.150 e 6     Ncrit =   9.000
  
   alpha    CL        CD       CDp       CM     Top_Xtr  Bot_Xtr
  ------ -------- --------- --------- -------- -------- --------
 -20.000  -0.5322   0.23449   0.22890   0.0010   1.0000   0.0239
 -18.250  -0.4832   0.21628   0.21082  -0.0083   1.0000   0.0295
 -16.250  -0.4282   0.19364   0.18840  -0.0147   1.0000   0.0345
 -15.500  -0.4243   0.18944   0.18429  -0.0206   1.0000   0.0400
 -15.250  -0.3231   0.18690   0.18218  -0.0223   1.0000   0.0436
 -15.000  -0.3201   0.18487   0.18018  -0.0224   1.0000   0.0461
 -14.750  -0.3190   0.18283   0.17815  -0.0229   1.0000   0.0485
 -14.500  -0.3842   0.17584   0.17084  -0.0194   1.0000   0.0467
 -14.250  -0.3806   0.17389   0.16892  -0.0208   1.0000   0.0492
 -13.000  -0.3526   0.16088   0.15609  -0.0225   1.0000   0.0525
 -12.750  -0.3452   0.15888   0.15412  -0.0222   1.0000   0.0561
 -12.500  -0.3167   0.16404   0.15955  -0.0266   1.0000   0.0599
  -9.250  -0.2847   0.12956   0.12520  -0.0220   1.0000   0.0692
  -8.750  -0.3219   0.12740   0.12315  -0.0246   1.0000   0.0701
  -8.500  -0.3457   0.12203   0.11768  -0.0246   1.0000   0.0702
  -6.750  -0.3026   0.10851   0.10462  -0.0123   1.0000   0.0768
  -6.500  -0.3304   0.10413   0.10014  -0.0117   1.0000   0.0772
  -5.750  -0.3353   0.09613   0.09226  -0.0215   0.9892   0.0811
  -5.500  -0.3111   0.09314   0.08928  -0.0227   0.9832   0.0822
  -4.000  -0.0907   0.03975   0.03403  -0.1049   0.9450   0.0600
  -3.750  -0.0675   0.04245   0.03736  -0.1027   0.9378   0.0686
  -3.500  -0.0346   0.04320   0.03828  -0.1044   0.9312   0.0821
  -3.250   0.0486   0.02693   0.01922  -0.1208   0.9349   0.0495
  -3.000   0.0337   0.04241   0.03756  -0.1089   0.9174   0.1119
  -2.750   0.1297   0.02433   0.01629  -0.1255   0.9241   0.0500
  -2.500   0.1745   0.02306   0.01504  -0.1288   0.9207   0.0525
  -2.250   0.2104   0.02233   0.01430  -0.1302   0.9131   0.0574
  -2.000   0.2595   0.02108   0.01330  -0.1341   0.9101   0.1196
  -1.750   0.2942   0.02075   0.01304  -0.1353   0.9018   0.1462
  -1.500   0.3293   0.02041   0.01276  -0.1366   0.8942   0.1668
  -1.000   0.4086   0.01947   0.01199  -0.1407   0.8826   0.2125
  -0.750   0.4474   0.01895   0.01161  -0.1424   0.8759   0.2434
  -0.500   0.4913   0.01828   0.01115  -0.1451   0.8711   0.2922
  -0.250   0.5274   0.01772   0.01104  -0.1463   0.8626   0.3312
   0.000   0.5670   0.01692   0.01042  -0.1480   0.8556   0.3783
   0.250   0.6126   0.01601   0.00971  -0.1508   0.8508   0.4390
   0.500   0.6524   0.01528   0.00921  -0.1525   0.8425   0.5071
   0.750   0.6917   0.01456   0.00875  -0.1541   0.8328   0.5909
   1.000   0.7285   0.01385   0.00834  -0.1550   0.8208   0.6989
   1.250   0.7612   0.01279   0.00767  -0.1545   0.8083   1.0000
   1.500   0.8088   0.01253   0.00718  -0.1581   0.7912   1.0000
   1.750   0.8514   0.01242   0.00685  -0.1607   0.7704   1.0000
   2.000   0.8887   0.01243   0.00666  -0.1622   0.7471   1.0000
   2.250   0.9228   0.01251   0.00653  -0.1632   0.7219   1.0000
   2.500   0.9526   0.01268   0.00650  -0.1632   0.6956   1.0000
   2.750   0.9817   0.01292   0.00650  -0.1632   0.6700   1.0000
   3.000   1.0054   0.01319   0.00658  -0.1621   0.6429   1.0000
   3.250   1.0294   0.01351   0.00669  -0.1611   0.6170   1.0000
   3.500   1.0515   0.01384   0.00683  -0.1598   0.5914   1.0000
   3.750   1.0731   0.01422   0.00702  -0.1584   0.5670   1.0000
   4.000   1.0935   0.01458   0.00722  -0.1568   0.5429   1.0000
   4.250   1.1146   0.01500   0.00745  -0.1554   0.5211   1.0000
   4.500   1.1342   0.01539   0.00771  -0.1537   0.4989   1.0000
   4.750   1.1545   0.01582   0.00798  -0.1522   0.4793   1.0000
   5.000   1.1743   0.01626   0.00829  -0.1506   0.4597   1.0000
   5.250   1.1936   0.01669   0.00861  -0.1489   0.4412   1.0000
   5.500   1.2129   0.01715   0.00896  -0.1473   0.4235   1.0000
   5.750   1.2316   0.01761   0.00932  -0.1455   0.4065   1.0000
   6.000   1.2503   0.01811   0.00970  -0.1438   0.3911   1.0000
   6.250   1.2689   0.01860   0.01012  -0.1421   0.3755   1.0000
   6.500   1.2841   0.01906   0.01049  -0.1397   0.3583   1.0000
   6.750   1.2964   0.01957   0.01083  -0.1369   0.3397   1.0000
   7.000   1.3071   0.02001   0.01121  -0.1338   0.3180   1.0000
   7.500   1.3317   0.02109   0.01204  -0.1285   0.2805   1.0000
   7.750   1.3383   0.02160   0.01261  -0.1250   0.2463   1.0000
   8.000   1.3531   0.02218   0.01304  -0.1230   0.2244   1.0000
   8.250   1.3661   0.02290   0.01356  -0.1207   0.2073   1.0000
   8.500   1.3817   0.02354   0.01409  -0.1189   0.1872   1.0000
   8.750   1.3937   0.02439   0.01476  -0.1166   0.1713   1.0000
   9.000   1.4081   0.02516   0.01547  -0.1147   0.1531   1.0000
   9.250   1.4193   0.02614   0.01632  -0.1124   0.1393   1.0000
   9.500   1.4332   0.02697   0.01715  -0.1104   0.1189   1.0000
   9.750   1.4390   0.02840   0.01834  -0.1076   0.0891   1.0000
  10.000   1.4456   0.02980   0.01961  -0.1050   0.0715   1.0000
  10.250   1.4367   0.03247   0.02189  -0.1009   0.0287   1.0000
  10.500   1.4434   0.03394   0.02337  -0.0984   0.0255   1.0000
  10.750   1.4506   0.03538   0.02486  -0.0962   0.0230   1.0000
  11.000   1.4589   0.03678   0.02635  -0.0941   0.0219   1.0000
  11.250   1.4664   0.03826   0.02795  -0.0921   0.0212   1.0000
  11.500   1.4728   0.03989   0.02972  -0.0901   0.0209   1.0000
  11.750   1.4819   0.04125   0.03137  -0.0886   0.0219   1.0000
  12.000   1.4873   0.04303   0.03333  -0.0869   0.0218   1.0000
  12.250   1.4907   0.04508   0.03555  -0.0851   0.0217   1.0000
  12.500   1.4923   0.04737   0.03803  -0.0835   0.0216   1.0000
  12.750   1.4922   0.04992   0.04078  -0.0821   0.0215   1.0000
  13.000   1.4906   0.05276   0.04382  -0.0809   0.0216   1.0000
  13.250   1.4871   0.05595   0.04721  -0.0800   0.0216   1.0000
  13.500   1.4822   0.05947   0.05093  -0.0794   0.0217   1.0000
  13.750   1.4758   0.06337   0.05503  -0.0792   0.0218   1.0000
  14.000   1.4680   0.06766   0.05953  -0.0794   0.0219   1.0000
  14.250   1.4594   0.07229   0.06436  -0.0800   0.0221   1.0000
  14.500   1.4499   0.07728   0.06955  -0.0810   0.0222   1.0000
  14.750   1.4400   0.08256   0.07502  -0.0824   0.0224   1.0000
  15.000   1.4303   0.08799   0.08064  -0.0841   0.0226   1.0000
  16.500   1.4104   0.11451   0.10798  -0.0922   0.0250   1.0000
  16.750   1.4211   0.11617   0.10977  -0.0912   0.0260   1.0000
  17.000   1.4313   0.11821   0.11194  -0.0904   0.0272   1.0000
  17.250   1.4343   0.12174   0.11566  -0.0910   0.0282   1.0000
  18.000   1.1965   0.17145   0.16734  -0.1202   0.0285   1.0000
  18.250   1.4148   0.14202   0.13675  -0.1013   0.0311   1.0000
