  
       XFOIL         Version 6.99
  
 Calculated polar for: Airfoil_rR0.816550.txt                          
  
 1 1 Reynolds number fixed          Mach number fixed         
  
 xtrf =   1.000 (top)        1.000 (bottom)  
 Mach =   0.000     Re =     0.150 e 6     Ncrit =   9.000
  
   alpha    CL        CD       CDp       CM     Top_Xtr  Bot_Xtr
  ------ -------- --------- --------- -------- -------- --------
 -19.250  -0.4019   0.22333   0.21825  -0.0104   1.0000   0.0101
 -15.750  -0.4849   0.19361   0.18810  -0.0048   1.0000   0.0117
 -15.250  -0.4685   0.18772   0.18224  -0.0073   1.0000   0.0128
 -15.000  -0.4604   0.18481   0.17935  -0.0085   1.0000   0.0134
 -14.250  -0.4368   0.17590   0.17049  -0.0123   1.0000   0.0158
 -13.750  -0.4216   0.16989   0.16451  -0.0149   1.0000   0.0180
 -13.500  -0.4141   0.16725   0.16189  -0.0165   1.0000   0.0192
 -13.250  -0.4096   0.16606   0.16071  -0.0190   1.0000   0.0198
 -13.000  -0.3381   0.16263   0.15760  -0.0242   1.0000   0.0219
 -12.750  -0.4065   0.16370   0.15840  -0.0231   1.0000   0.0201
 -12.500  -0.3318   0.15683   0.15184  -0.0247   1.0000   0.0248
 -12.000  -0.3759   0.14843   0.14324  -0.0218   1.0000   0.0250
 -11.500  -0.3652   0.14298   0.13784  -0.0241   1.0000   0.0289
 -11.250  -0.3645   0.14183   0.13672  -0.0263   1.0000   0.0297
  -5.750  -0.3730   0.08217   0.07822  -0.0202   1.0000   0.0579
  -5.000  -0.3280   0.07023   0.06646  -0.0300   0.9963   0.0627
  -4.750  -0.3295   0.06648   0.06254  -0.0336   0.9995   0.0639
  -3.500  -0.0223   0.02010   0.01198  -0.0883   0.9945   0.0374
  -3.250   0.0235   0.01931   0.01109  -0.0922   0.9913   0.0636
  -3.000   0.0621   0.01975   0.01159  -0.0959   0.9851   0.0867
  -2.750   0.1041   0.01924   0.01099  -0.0994   0.9813   0.0983
  -2.500   0.1430   0.01859   0.01035  -0.1023   0.9762   0.1060
  -2.250   0.1848   0.01790   0.00970  -0.1058   0.9719   0.1159
  -2.000   0.2247   0.01725   0.00919  -0.1089   0.9666   0.1359
  -1.750   0.2670   0.01660   0.00882  -0.1127   0.9618   0.1829
  -1.500   0.3055   0.01604   0.00867  -0.1158   0.9555   0.2720
  -1.250   0.3474   0.01522   0.00857  -0.1197   0.9512   0.4467
  -1.000   0.3669   0.01385   0.00849  -0.1172   0.9432   1.0000
  -0.500   0.4450   0.01367   0.00799  -0.1227   0.9304   1.0000
  -0.250   0.4792   0.01357   0.00779  -0.1243   0.9217   1.0000
   0.000   0.5139   0.01345   0.00759  -0.1260   0.9137   1.0000
   0.250   0.5502   0.01326   0.00733  -0.1280   0.9066   1.0000
   0.500   0.5875   0.01301   0.00703  -0.1300   0.9005   1.0000
   0.750   0.6201   0.01282   0.00689  -0.1311   0.8915   1.0000
   1.000   0.6527   0.01263   0.00665  -0.1321   0.8825   1.0000
   1.500   0.7168   0.01226   0.00620  -0.1337   0.8626   1.0000
   1.750   0.7483   0.01209   0.00597  -0.1343   0.8512   1.0000
   2.000   0.7772   0.01199   0.00582  -0.1344   0.8374   1.0000
   2.250   0.8056   0.01192   0.00569  -0.1344   0.8222   1.0000
   2.500   0.8327   0.01187   0.00559  -0.1341   0.8049   1.0000
   2.750   0.8604   0.01177   0.00540  -0.1337   0.7858   1.0000
   3.000   0.8872   0.01174   0.00523  -0.1331   0.7629   1.0000
   3.500   0.9369   0.01191   0.00515  -0.1315   0.7112   1.0000
   4.750   1.0535   0.01309   0.00560  -0.1267   0.5714   1.0000
   5.000   1.0678   0.01364   0.00565  -0.1239   0.4927   1.0000
   5.250   1.0841   0.01433   0.00587  -0.1219   0.4277   1.0000
   5.500   1.1022   0.01499   0.00615  -0.1203   0.3710   1.0000
   5.750   1.1201   0.01576   0.00653  -0.1189   0.3083   1.0000
   6.000   1.1315   0.01722   0.00716  -0.1166   0.1947   1.0000
   6.250   1.1433   0.01891   0.00821  -0.1142   0.1040   1.0000
   6.500   1.1538   0.02080   0.00964  -0.1114   0.0396   1.0000
   6.750   1.1698   0.02210   0.01103  -0.1091   0.0272   1.0000
   7.000   1.1856   0.02339   0.01249  -0.1067   0.0246   1.0000
   7.250   1.1974   0.02496   0.01426  -0.1036   0.0240   1.0000
