  
       XFOIL         Version 6.99
  
 Calculated polar for: Airfoil_rR0.496283.txt                          
  
 1 1 Reynolds number fixed          Mach number fixed         
  
 xtrf =   1.000 (top)        1.000 (bottom)  
 Mach =   0.000     Re =     0.050 e 6     Ncrit =   9.000
  
   alpha    CL        CD       CDp       CM     Top_Xtr  Bot_Xtr
  ------ -------- --------- --------- -------- -------- --------
 -20.000  -0.5761   0.24507   0.23537   0.0054   1.0000   0.0449
 -19.500  -0.5611   0.24008   0.23043   0.0029   1.0000   0.0468
 -18.750  -0.5402   0.23428   0.22470  -0.0016   1.0000   0.0494
 -17.750  -0.5100   0.22232   0.21292  -0.0057   1.0000   0.0521
 -17.500  -0.5025   0.21923   0.20983  -0.0066   1.0000   0.0529
 -16.500  -0.4749   0.20956   0.20030  -0.0109   1.0000   0.0589
 -15.750  -0.4558   0.20149   0.19240  -0.0139   1.0000   0.0612
 -14.500  -0.3494   0.18732   0.17890  -0.0220   1.0000   0.0746
 -14.000  -0.4129   0.17862   0.16969  -0.0185   1.0000   0.0744
 -13.500  -0.3455   0.17687   0.16851  -0.0234   1.0000   0.0819
 -12.250  -0.3799   0.15889   0.15029  -0.0225   1.0000   0.0919
 -10.750  -0.3596   0.14253   0.13427  -0.0231   1.0000   0.1288
 -10.250  -0.3617   0.13966   0.13154  -0.0235   1.0000   0.1399
  -8.750  -0.3336   0.12297   0.11519  -0.0210   1.0000   0.1573
  -8.500  -0.3120   0.12343   0.11599  -0.0210   1.0000   0.1612
  -8.250  -0.3336   0.11884   0.11121  -0.0201   1.0000   0.1620
  -8.000  -0.3289   0.11630   0.10873  -0.0192   1.0000   0.1658
  -7.750  -0.3367   0.11547   0.10800  -0.0187   1.0000   0.1692
  -7.500  -0.3050   0.11389   0.10672  -0.0175   1.0000   0.1740
  -7.250  -0.3094   0.11235   0.10527  -0.0165   1.0000   0.1782
  -7.000  -0.3395   0.10946   0.10223  -0.0152   1.0000   0.1789
  -6.750  -0.3483   0.10811   0.10100  -0.0137   1.0000   0.1808
  -6.500  -0.3391   0.10496   0.09789  -0.0122   1.0000   0.1852
  -6.250  -0.3528   0.10438   0.09743  -0.0104   1.0000   0.1889
  -6.000  -0.3542   0.10212   0.09527  -0.0094   1.0000   0.1917
  -5.750  -0.3517   0.09983   0.09304  -0.0079   1.0000   0.1968
  -5.500  -0.3596   0.09846   0.09178  -0.0088   1.0000   0.2007
  -5.250  -0.3529   0.09566   0.08904  -0.0065   1.0000   0.2058
  -5.000  -0.3366   0.09476   0.08846  -0.0049   1.0000   0.2130
  -4.750  -0.3513   0.09138   0.08491  -0.0063   1.0000   0.2172
  -3.750  -0.3320   0.08196   0.07574  -0.0078   1.0000   0.2465
  -3.500  -0.3239   0.07954   0.07337  -0.0085   1.0000   0.2558
  -3.250  -0.3139   0.07714   0.07102  -0.0098   1.0000   0.2673
  -3.000  -0.3004   0.07463   0.06854  -0.0127   1.0000   0.2810
  -2.250  -0.2653   0.06763   0.06170  -0.0132   1.0000   0.3252
  -1.500  -0.2254   0.06129   0.05552  -0.0135   1.0000   0.3935
  -1.250   0.0662   0.04131   0.03281  -0.0908   1.0000   0.1294
  -0.750   0.1538   0.03623   0.02655  -0.0997   1.0000   0.1086
  -0.500  -0.0376   0.04930   0.04309  -0.0514   1.0000   0.3781
  -0.250  -0.0522   0.04901   0.04309  -0.0418   1.0000   0.4418
   0.000   0.2398   0.03367   0.02303  -0.1029   1.0000   0.1023
   0.250   0.2639   0.03345   0.02266  -0.1031   1.0000   0.1031
   0.500   0.2864   0.03347   0.02256  -0.1031   1.0000   0.1054
   0.750   0.3084   0.03368   0.02259  -0.1030   1.0000   0.1095
   1.000   0.3306   0.03400   0.02292  -0.1033   1.0000   0.1176
   1.250   0.3550   0.03433   0.02333  -0.1040   1.0000   0.1408
   1.500   0.3752   0.03228   0.02373  -0.1029   1.0000   1.0000
   1.750   0.4147   0.03403   0.02563  -0.1070   0.9898   1.0000
   2.000   0.4684   0.03553   0.02680  -0.1134   0.9691   1.0000
   2.250   0.5177   0.03660   0.02764  -0.1187   0.9487   1.0000
   2.500   0.5654   0.03745   0.02832  -0.1233   0.9288   1.0000
   2.750   0.6123   0.03811   0.02884  -0.1276   0.9091   1.0000
   3.000   0.6589   0.03857   0.02920  -0.1314   0.8892   1.0000
   3.250   0.7050   0.03883   0.02939  -0.1348   0.8689   1.0000
   3.500   0.7498   0.03889   0.02941  -0.1377   0.8481   1.0000
   4.250   0.8920   0.03744   0.02800  -0.1450   0.7859   1.0000
   4.500   0.9478   0.03596   0.02658  -0.1475   0.7667   1.0000
   4.750   1.0089   0.03387   0.02458  -0.1501   0.7463   1.0000
   5.000   1.0802   0.03138   0.02219  -0.1542   0.7230   1.0000
   5.250   1.1450   0.02939   0.02024  -0.1574   0.6933   1.0000
   5.500   1.2006   0.02818   0.01897  -0.1597   0.6585   1.0000
   5.750   1.2322   0.02710   0.01757  -0.1572   0.6075   1.0000
   6.000   1.2389   0.02657   0.01652  -0.1507   0.5457   1.0000
   6.250   1.2515   0.02692   0.01654  -0.1469   0.5004   1.0000
   6.500   1.2660   0.02756   0.01699  -0.1440   0.4628   1.0000
   6.750   1.2797   0.02830   0.01759  -0.1409   0.4268   1.0000
   7.000   1.2910   0.02914   0.01836  -0.1376   0.3912   1.0000
   7.250   1.2906   0.03007   0.01908  -0.1324   0.3458   1.0000
   7.500   1.2973   0.03107   0.02010  -0.1285   0.3099   1.0000
   7.750   1.2924   0.03252   0.02121  -0.1233   0.2503   1.0000
   8.000   1.2876   0.03492   0.02296  -0.1188   0.1487   1.0000
   8.250   1.2838   0.03862   0.02582  -0.1150   0.0781   1.0000
   8.500   1.2869   0.04149   0.02865  -0.1117   0.0648   1.0000
   9.000   1.2929   0.04687   0.03427  -0.1056   0.0570   1.0000
   9.250   1.3002   0.04953   0.03712  -0.1030   0.0551   1.0000
   9.500   1.4117   0.05919   0.04829  -0.1081   0.0564   1.0000
   9.750   1.4387   0.06490   0.05442  -0.1079   0.0585   1.0000
  10.000   1.4553   0.07012   0.06002  -0.1066   0.0604   1.0000
  10.500   1.4111   0.07790   0.06905  -0.0960   0.0632   1.0000
  11.750   1.2891   0.10426   0.09695  -0.0910   0.0665   1.0000
  14.750   1.1505   0.21118   0.20406  -0.1614   0.1698   1.0000
  15.000   0.9526   0.22785   0.22203  -0.1560   0.1621   1.0000
  15.750   0.9667   0.24316   0.23738  -0.1599   0.1597   1.0000
  16.000   0.9567   0.24568   0.23994  -0.1631   0.1570   1.0000
