  
       XFOIL         Version 6.99
  
 Calculated polar for: Airfoil_rR0.389517.txt                          
  
 1 1 Reynolds number fixed          Mach number fixed         
  
 xtrf =   1.000 (top)        1.000 (bottom)  
 Mach =   0.000     Re =     0.100 e 6     Ncrit =   9.000
  
   alpha    CL        CD       CDp       CM     Top_Xtr  Bot_Xtr
  ------ -------- --------- --------- -------- -------- --------
 -19.750  -0.3896   0.22729   0.22125  -0.0123   1.0000   0.0292
 -19.250  -0.5477   0.23433   0.22748   0.0023   1.0000   0.0276
 -19.000  -0.3861   0.22586   0.21981  -0.0152   1.0000   0.0298
 -17.750  -0.5107   0.22433   0.21761  -0.0073   1.0000   0.0299
 -17.500  -0.5068   0.22336   0.21666  -0.0088   1.0000   0.0300
 -16.500  -0.4699   0.20427   0.19770  -0.0103   1.0000   0.0314
 -15.750  -0.4482   0.19566   0.18919  -0.0123   1.0000   0.0339
 -12.000  -0.3351   0.15239   0.14656  -0.0232   1.0000   0.0632
 -11.250  -0.3471   0.14846   0.14273  -0.0260   1.0000   0.0699
 -10.500  -0.3507   0.13492   0.12909  -0.0229   1.0000   0.0786
 -10.250  -0.3547   0.13399   0.12820  -0.0239   1.0000   0.0795
 -10.000  -0.3448   0.13728   0.13176  -0.0262   1.0000   0.0801
  -9.500  -0.3146   0.12773   0.12225  -0.0231   1.0000   0.0817
  -9.000  -0.3069   0.12271   0.11730  -0.0217   1.0000   0.0839
  -7.250  -0.3764   0.11058   0.10547  -0.0179   1.0000   0.0902
  -6.750  -0.3179   0.10398   0.09906  -0.0143   1.0000   0.0937
  -6.250  -0.3545   0.09955   0.09460  -0.0107   1.0000   0.0949
  -5.750  -0.3687   0.09647   0.09166  -0.0096   1.0000   0.0985
  -5.250  -0.3710   0.09150   0.08680  -0.0137   1.0000   0.1009
  -5.000  -0.3670   0.08919   0.08454  -0.0111   1.0000   0.1021
  -4.500  -0.3445   0.08591   0.08150  -0.0136   1.0000   0.1092
  -4.250  -0.3388   0.08049   0.07589  -0.0223   1.0000   0.1108
  -3.250  -0.2627   0.06987   0.06539  -0.0360   1.0000   0.1299
  -3.000  -0.2535   0.06599   0.06139  -0.0375   1.0000   0.1312
  -1.250   0.1938   0.03135   0.02314  -0.1141   0.9708   0.0691
  -1.000   0.2374   0.02983   0.02136  -0.1176   0.9633   0.0658
  -0.750   0.2827   0.02860   0.01977  -0.1208   0.9562   0.0628
  -0.500   0.3298   0.02784   0.01887  -0.1243   0.9500   0.0614
  -0.250   0.3704   0.02719   0.01823  -0.1268   0.9409   0.0615
   0.000   0.4118   0.02668   0.01774  -0.1296   0.9320   0.0630
   0.250   0.4535   0.02627   0.01732  -0.1323   0.9229   0.0675
   0.500   0.5010   0.02504   0.01733  -0.1364   0.9157   0.2773
   0.750   0.5423   0.02368   0.01747  -0.1384   0.9099   0.7325
   1.000   0.5700   0.02304   0.01692  -0.1378   0.8960   1.0000
   1.250   0.6130   0.02275   0.01643  -0.1404   0.8854   1.0000
   1.750   0.6976   0.02200   0.01541  -0.1451   0.8649   1.0000
   2.000   0.7403   0.02146   0.01478  -0.1473   0.8547   1.0000
   2.250   0.7850   0.02072   0.01397  -0.1496   0.8451   1.0000
   2.500   0.8305   0.01985   0.01305  -0.1519   0.8352   1.0000
   2.750   0.8751   0.01902   0.01217  -0.1541   0.8234   1.0000
   3.000   0.9270   0.01798   0.01109  -0.1576   0.8113   1.0000
   3.250   0.9740   0.01725   0.01032  -0.1603   0.7938   1.0000
   3.500   1.0222   0.01665   0.00965  -0.1634   0.7719   1.0000
   3.750   1.0641   0.01632   0.00924  -0.1654   0.7448   1.0000
   4.000   1.1030   0.01620   0.00897  -0.1668   0.7139   1.0000
   4.250   1.1373   0.01628   0.00885  -0.1675   0.6799   1.0000
   4.500   1.1634   0.01656   0.00897  -0.1667   0.6444   1.0000
   4.750   1.1896   0.01694   0.00912  -0.1660   0.6101   1.0000
   5.000   1.2051   0.01736   0.00921  -0.1629   0.5605   1.0000
   5.250   1.2141   0.01793   0.00931  -0.1588   0.5002   1.0000
   5.500   1.2261   0.01858   0.00957  -0.1556   0.4494   1.0000
   5.750   1.2429   0.01918   0.00995  -0.1535   0.4153   1.0000
   6.000   1.2586   0.01982   0.01033  -0.1513   0.3816   1.0000
   6.250   1.2733   0.02049   0.01074  -0.1489   0.3455   1.0000
   6.500   1.2876   0.02124   0.01126  -0.1464   0.3067   1.0000
   6.750   1.3016   0.02205   0.01192  -0.1438   0.2674   1.0000
   7.000   1.3099   0.02328   0.01269  -0.1405   0.2100   1.0000
   7.250   1.3242   0.02434   0.01355  -0.1381   0.1690   1.0000
   7.500   1.3328   0.02607   0.01476  -0.1351   0.0894   1.0000
   7.750   1.3350   0.02851   0.01661  -0.1312   0.0385   1.0000
   8.000   1.3471   0.02993   0.01811  -0.1284   0.0340   1.0000
   8.500   1.3537   0.03429   0.02365  -0.1196   0.0314   1.0000
   8.750   1.3567   0.03625   0.02579  -0.1158   0.0318   1.0000
   9.000   1.3608   0.03823   0.02793  -0.1122   0.0324   1.0000
   9.500   1.3848   0.04292   0.03282  -0.1073   0.0350   1.0000
   9.750   1.4791   0.04936   0.03918  -0.1155   0.0403   1.0000
  10.500   1.4912   0.06962   0.06224  -0.1032   0.0620   1.0000
