  
       XFOIL         Version 6.99
  
 Calculated polar for: Airfoil_rR0.160000.txt                          
  
 1 1 Reynolds number fixed          Mach number fixed         
  
 xtrf =   1.000 (top)        1.000 (bottom)  
 Mach =   0.000     Re =     0.250 e 6     Ncrit =   9.000
  
   alpha    CL        CD       CDp       CM     Top_Xtr  Bot_Xtr
  ------ -------- --------- --------- -------- -------- --------
 -18.000  -0.2718   0.20467   0.20107  -0.0222   1.0000   0.0488
 -17.750  -0.2713   0.20362   0.20002  -0.0229   1.0000   0.0495
 -17.500  -0.2733   0.20318   0.19959  -0.0238   1.0000   0.0499
 -16.750  -0.2843   0.20190   0.19830  -0.0261   1.0000   0.0502
 -16.500  -0.2875   0.20071   0.19712  -0.0267   1.0000   0.0503
 -16.250  -0.3761   0.19514   0.19117  -0.0244   1.0000   0.0503
 -14.750  -0.3261   0.17729   0.17346  -0.0238   1.0000   0.0518
 -14.500  -0.2519   0.18167   0.17821  -0.0240   1.0000   0.0525
 -14.250  -0.2494   0.17978   0.17633  -0.0237   1.0000   0.0531
 -13.750  -0.3017   0.16892   0.16520  -0.0234   1.0000   0.0538
 -13.250  -0.2929   0.16449   0.16083  -0.0234   1.0000   0.0553
 -12.750  -0.2453   0.16666   0.16331  -0.0228   1.0000   0.0584
 -12.250  -0.3106   0.15410   0.15056  -0.0275   1.0000   0.0602
 -12.000  -0.2831   0.15731   0.15400  -0.0268   1.0000   0.0603
 -11.750  -0.3166   0.14811   0.14463  -0.0283   1.0000   0.0604
 -10.750  -0.7720   0.04171   0.03704  -0.0937   0.9824   0.0600
 -10.250  -0.7219   0.03838   0.03364  -0.0994   0.9728   0.0637
 -10.000  -0.6867   0.03771   0.03292  -0.1026   0.9702   0.0658
  -9.750  -0.6662   0.03593   0.03092  -0.1042   0.9635   0.0677
  -9.500  -0.6338   0.03417   0.02882  -0.1079   0.9605   0.0697
  -9.250  -0.4026   0.07574   0.07232  -0.0654   0.9801   0.0689
  -8.750  -0.5485   0.03077   0.02519  -0.1122   0.9472   0.0740
  -8.500  -0.5175   0.02989   0.02421  -0.1136   0.9427   0.0755
  -8.250  -0.4802   0.02882   0.02296  -0.1163   0.9404   0.0774
  -8.000  -0.4538   0.02782   0.02177  -0.1168   0.9342   0.0789
  -7.750  -0.4168   0.02686   0.02056  -0.1191   0.9315   0.0802
  -7.250  -0.3539   0.02497   0.01865  -0.1214   0.9227   0.0842
  -7.000  -0.3125   0.02435   0.01797  -0.1240   0.9205   0.0871
  -6.750  -0.2838   0.02361   0.01706  -0.1243   0.9136   0.0894
  -6.500  -0.2435   0.02214   0.01524  -0.1266   0.9112   0.0909
  -6.250  -0.2129   0.02162   0.01481  -0.1271   0.9047   0.0937
  -6.000  -0.1729   0.02111   0.01422  -0.1292   0.9018   0.0982
  -5.750  -0.1411   0.02044   0.01349  -0.1299   0.8964   0.1020
  -5.500  -0.1055   0.01988   0.01299  -0.1311   0.8923   0.1059
  -5.250  -0.0637   0.01908   0.01205  -0.1335   0.8903   0.1109
  -5.000  -0.0334   0.01843   0.01151  -0.1337   0.8841   0.1146
  -4.750   0.0074   0.01772   0.01072  -0.1358   0.8819   0.1197
  -4.500   0.0499   0.01693   0.01001  -0.1382   0.8802   0.1245
  -4.250   0.0787   0.01654   0.00953  -0.1380   0.8722   0.1296
  -4.000   0.1098   0.01599   0.00904  -0.1383   0.8651   0.1342
  -3.750   0.1504   0.01541   0.00838  -0.1404   0.8606   0.1405
  -3.500   0.1831   0.01492   0.00799  -0.1411   0.8529   0.1459
  -3.250   0.2246   0.01440   0.00747  -0.1434   0.8472   0.1531
  -3.000   0.2708   0.01390   0.00694  -0.1467   0.8411   0.1615
  -2.750   0.3074   0.01357   0.00661  -0.1481   0.8299   0.1694
  -2.500   0.3348   0.01331   0.00638  -0.1477   0.8148   0.1762
  -2.250   0.3803   0.01296   0.00602  -0.1509   0.8041   0.1854
  -2.000   0.4221   0.01274   0.00576  -0.1535   0.7905   0.1949
  -1.750   0.4492   0.01260   0.00559  -0.1530   0.7724   0.2035
  -1.500   0.4834   0.01244   0.00540  -0.1540   0.7556   0.2132
  -1.250   0.5095   0.01240   0.00547  -0.1533   0.7359   0.2220
  -1.000   0.5387   0.01238   0.00537  -0.1533   0.7169   0.2326
  -0.750   0.5631   0.01237   0.00528  -0.1523   0.6969   0.2441
  -0.500   0.5886   0.01237   0.00521  -0.1516   0.6786   0.2561
  -0.250   0.6100   0.01240   0.00520  -0.1500   0.6594   0.2680
   0.000   0.6319   0.01247   0.00517  -0.1485   0.6408   0.2819
   0.250   0.6531   0.01253   0.00519  -0.1469   0.6228   0.2967
   0.500   0.6722   0.01259   0.00524  -0.1450   0.6038   0.3112
   0.750   0.6936   0.01273   0.00528  -0.1434   0.5875   0.3281
   1.000   0.7142   0.01286   0.00536  -0.1418   0.5709   0.3466
   1.250   0.7319   0.01295   0.00548  -0.1396   0.5519   0.3635
   1.500   0.7511   0.01312   0.00557  -0.1377   0.5358   0.3844
   1.750   0.7711   0.01330   0.00570  -0.1359   0.5210   0.4069
   2.000   0.7903   0.01341   0.00586  -0.1341   0.5045   0.4314
   2.250   0.8095   0.01358   0.00600  -0.1322   0.4905   0.4586
   2.500   0.8290   0.01374   0.00617  -0.1305   0.4772   0.4864
   2.750   0.8489   0.01390   0.00635  -0.1288   0.4640   0.5205
   3.000   0.8677   0.01402   0.00656  -0.1269   0.4511   0.5536
   3.250   0.8864   0.01419   0.00676  -0.1249   0.4400   0.5951
   3.500   0.9048   0.01432   0.00699  -0.1230   0.4289   0.6456
   3.750   0.9221   0.01440   0.00723  -0.1207   0.4182   0.7101
   4.250   0.9668   0.01443   0.00754  -0.1182   0.3968   1.0000
   4.500   0.9872   0.01475   0.00775  -0.1168   0.3868   1.0000
   4.750   1.0075   0.01507   0.00797  -0.1154   0.3773   1.0000
   5.000   1.0275   0.01538   0.00821  -0.1139   0.3677   1.0000
   5.250   1.0470   0.01569   0.00844  -0.1124   0.3578   1.0000
   5.500   1.0656   0.01608   0.00870  -0.1107   0.3505   1.0000
   5.750   1.0853   0.01645   0.00900  -0.1093   0.3420   1.0000
   6.000   1.1049   0.01682   0.00932  -0.1078   0.3339   1.0000
   6.250   1.1239   0.01719   0.00964  -0.1063   0.3259   1.0000
   6.500   1.1424   0.01756   0.00997  -0.1047   0.3180   1.0000
   6.750   1.1602   0.01795   0.01030  -0.1030   0.3106   1.0000
   7.000   1.1779   0.01838   0.01067  -0.1013   0.3038   1.0000
   7.250   1.1952   0.01886   0.01107  -0.0996   0.2976   1.0000
   7.500   1.2126   0.01935   0.01151  -0.0980   0.2910   1.0000
   7.750   1.2303   0.01980   0.01196  -0.0964   0.2842   1.0000
   8.000   1.2471   0.02029   0.01242  -0.0947   0.2779   1.0000
   8.250   1.2642   0.02070   0.01299  -0.0931   0.2711   1.0000
   8.500   1.2803   0.02120   0.01346  -0.0913   0.2655   1.0000
   8.750   1.2949   0.02179   0.01396  -0.0894   0.2607   1.0000
   9.000   1.3105   0.02238   0.01454  -0.0877   0.2551   1.0000
   9.250   1.3251   0.02308   0.01515  -0.0860   0.2501   1.0000
   9.500   1.3396   0.02370   0.01581  -0.0842   0.2439   1.0000
   9.750   1.3525   0.02440   0.01648  -0.0823   0.2377   1.0000
  10.000   1.3650   0.02504   0.01716  -0.0804   0.2305   1.0000
  10.250   1.3773   0.02574   0.01785  -0.0785   0.2243   1.0000
  10.500   1.3872   0.02659   0.01863  -0.0764   0.2186   1.0000
  10.750   1.3977   0.02746   0.01949  -0.0745   0.2122   1.0000
  11.000   1.4084   0.02839   0.02041  -0.0727   0.2071   1.0000
  11.250   1.4185   0.02936   0.02138  -0.0709   0.2017   1.0000
  11.500   1.4300   0.03029   0.02233  -0.0693   0.1969   1.0000
  11.750   1.4422   0.03118   0.02329  -0.0679   0.1918   1.0000
  12.000   1.4530   0.03221   0.02432  -0.0664   0.1884   1.0000
  12.250   1.4670   0.03320   0.02543  -0.0651   0.1896   1.0000
  12.500   1.4780   0.03425   0.02653  -0.0637   0.1863   1.0000
  12.750   1.4869   0.03545   0.02774  -0.0623   0.1831   1.0000
  13.000   1.4937   0.03683   0.02906  -0.0608   0.1800   1.0000
  13.250   1.5033   0.03810   0.03041  -0.0595   0.1767   1.0000
  13.500   1.5107   0.03953   0.03188  -0.0582   0.1732   1.0000
  13.750   1.5170   0.04110   0.03341  -0.0570   0.1703   1.0000
  14.000   1.5253   0.04257   0.03497  -0.0559   0.1675   1.0000
  14.250   1.5327   0.04413   0.03661  -0.0549   0.1644   1.0000
  14.500   1.5385   0.04585   0.03836  -0.0540   0.1616   1.0000
  14.750   1.5437   0.04767   0.04021  -0.0531   0.1587   1.0000
  15.000   1.5497   0.04949   0.04215  -0.0524   0.1553   1.0000
  15.250   1.5541   0.05150   0.04421  -0.0517   0.1523   1.0000
  15.500   1.5553   0.05387   0.04662  -0.0512   0.1483   1.0000
  15.750   1.5587   0.05610   0.04892  -0.0508   0.1453   1.0000
  16.000   1.5609   0.05849   0.05135  -0.0504   0.1429   1.0000
  16.250   1.5621   0.06102   0.05386  -0.0501   0.1407   1.0000
  16.500   1.5642   0.06356   0.05647  -0.0500   0.1380   1.0000
  16.750   1.5667   0.06610   0.05913  -0.0500   0.1356   1.0000
  17.250   1.5676   0.07174   0.06487  -0.0502   0.1311   1.0000
  17.500   1.5684   0.07456   0.06774  -0.0504   0.1293   1.0000
  17.750   1.5700   0.07745   0.07080  -0.0509   0.1269   1.0000
  18.000   1.5700   0.08058   0.07405  -0.0514   0.1239   1.0000
  18.250   1.5686   0.08389   0.07745  -0.0521   0.1213   1.0000
  18.500   1.5663   0.08734   0.08097  -0.0530   0.1191   1.0000
  18.750   1.5646   0.09075   0.08445  -0.0539   0.1172   1.0000
  19.250   1.5630   0.09727   0.09117  -0.0556   0.1151   1.0000
  19.500   1.5598   0.10092   0.09487  -0.0568   0.1135   1.0000
  19.750   1.5559   0.10465   0.09859  -0.0582   0.1114   1.0000
  20.000   1.5538   0.10810   0.10205  -0.0595   0.1092   1.0000
