  
       XFOIL         Version 6.99
  
 Calculated polar for: Airfoil_rR0.496283.txt                          
  
 1 1 Reynolds number fixed          Mach number fixed         
  
 xtrf =   1.000 (top)        1.000 (bottom)  
 Mach =   0.000     Re =     0.100 e 6     Ncrit =   9.000
  
   alpha    CL        CD       CDp       CM     Top_Xtr  Bot_Xtr
  ------ -------- --------- --------- -------- -------- --------
 -20.000  -0.3984   0.22901   0.22297  -0.0103   1.0000   0.0252
 -18.500  -0.5328   0.22749   0.22070  -0.0002   1.0000   0.0280
 -18.250  -0.5255   0.22552   0.21874  -0.0018   1.0000   0.0291
 -18.000  -0.5188   0.22379   0.21703  -0.0034   1.0000   0.0294
 -17.250  -0.5019   0.21884   0.21214  -0.0079   1.0000   0.0298
 -16.750  -0.4943   0.21700   0.21035  -0.0110   1.0000   0.0300
 -14.500  -0.4231   0.18228   0.17599  -0.0153   1.0000   0.0370
 -14.000  -0.4132   0.17650   0.17033  -0.0174   1.0000   0.0390
 -12.250  -0.3385   0.15754   0.15165  -0.0229   1.0000   0.0485
 -12.000  -0.3449   0.15645   0.15058  -0.0245   1.0000   0.0497
 -10.750  -0.3282   0.13870   0.13298  -0.0230   1.0000   0.0669
 -10.250  -0.3485   0.13777   0.13216  -0.0260   1.0000   0.0700
 -10.000  -0.3771   0.13354   0.12780  -0.0259   1.0000   0.0700
  -9.500  -0.3422   0.13035   0.12487  -0.0249   1.0000   0.0799
  -9.250  -0.3695   0.12636   0.12076  -0.0247   1.0000   0.0800
  -9.000  -0.3440   0.11962   0.11403  -0.0218   1.0000   0.0820
  -6.750  -0.3631   0.10248   0.09741  -0.0141   1.0000   0.0914
  -6.250  -0.3644   0.09851   0.09356  -0.0104   1.0000   0.0936
  -6.000  -0.3667   0.09667   0.09177  -0.0093   1.0000   0.0951
  -5.750  -0.3691   0.09474   0.08990  -0.0092   1.0000   0.0970
  -5.000  -0.3647   0.08729   0.08260  -0.0141   1.0000   0.1015
  -4.750  -0.3598   0.08503   0.08038  -0.0128   1.0000   0.1031
  -4.000  -0.3245   0.07621   0.07162  -0.0228   1.0000   0.1118
  -3.750  -0.2885   0.07238   0.06767  -0.0352   1.0000   0.1198
  -3.250  -0.2740   0.06784   0.06326  -0.0314   1.0000   0.1232
  -3.000  -0.2381   0.06399   0.05932  -0.0406   1.0000   0.1313
  -2.750  -0.2019   0.06068   0.05591  -0.0486   1.0000   0.1406
  -2.250  -0.1333   0.05559   0.05075  -0.0583   0.9942   0.1591
  -1.000   0.2255   0.03068   0.02228  -0.1151   0.9736   0.0697
  -0.750   0.2705   0.02931   0.02076  -0.1188   0.9673   0.0667
  -0.250   0.3590   0.02752   0.01856  -0.1251   0.9521   0.0617
   0.000   0.4001   0.02698   0.01802  -0.1277   0.9433   0.0613
   0.250   0.4424   0.02652   0.01758  -0.1307   0.9346   0.0623
   0.500   0.4852   0.02618   0.01760  -0.1337   0.9260   0.0691
   0.750   0.5316   0.02562   0.01713  -0.1372   0.9182   0.0887
   1.000   0.5667   0.02324   0.01714  -0.1382   0.9109   0.9277
   1.250   0.6103   0.02297   0.01661  -0.1409   0.9005   1.0000
   1.500   0.6534   0.02266   0.01612  -0.1435   0.8902   1.0000
   1.750   0.6967   0.02227   0.01561  -0.1461   0.8803   1.0000
   2.000   0.7396   0.02179   0.01504  -0.1485   0.8701   1.0000
   2.500   0.8222   0.02053   0.01367  -0.1522   0.8473   1.0000
   3.000   0.9113   0.01878   0.01187  -0.1566   0.8234   1.0000
   3.250   0.9642   0.01772   0.01078  -0.1602   0.8107   1.0000
   3.500   1.0124   0.01698   0.01002  -0.1632   0.7914   1.0000
   3.750   1.0569   0.01648   0.00946  -0.1656   0.7667   1.0000
   4.000   1.0973   0.01621   0.00910  -0.1673   0.7364   1.0000
   4.250   1.1346   0.01615   0.00888  -0.1685   0.7020   1.0000
   4.500   1.1652   0.01631   0.00885  -0.1684   0.6641   1.0000
   4.750   1.1821   0.01661   0.00867  -0.1652   0.5974   1.0000
   5.000   1.1933   0.01725   0.00868  -0.1613   0.5217   1.0000
   5.250   1.2099   0.01786   0.00897  -0.1590   0.4755   1.0000
   5.500   1.2261   0.01850   0.00931  -0.1567   0.4326   1.0000
   5.750   1.2409   0.01922   0.00968  -0.1542   0.3871   1.0000
   6.000   1.2549   0.02005   0.01019  -0.1516   0.3387   1.0000
   6.250   1.2676   0.02105   0.01086  -0.1488   0.2816   1.0000
   6.500   1.2791   0.02229   0.01165  -0.1460   0.2140   1.0000
   6.750   1.2916   0.02367   0.01261  -0.1434   0.1466   1.0000
   7.000   1.2957   0.02613   0.01421  -0.1397   0.0475   1.0000
   7.250   1.3081   0.02771   0.01572  -0.1368   0.0358   1.0000
   7.500   1.3219   0.02906   0.01721  -0.1341   0.0333   1.0000
   7.750   1.3337   0.03050   0.01884  -0.1311   0.0324   1.0000
   8.000   1.3430   0.03206   0.02061  -0.1278   0.0322   1.0000
   8.250   1.3495   0.03375   0.02250  -0.1242   0.0324   1.0000
   8.500   1.3546   0.03563   0.02456  -0.1204   0.0330   1.0000
   9.000   1.4682   0.04837   0.03861  -0.1249   0.0467   1.0000
   9.250   1.4954   0.05468   0.04585  -0.1228   0.0557   1.0000
  15.500   1.1676   0.21767   0.21254  -0.1711   0.1072   1.0000
