  
       XFOIL         Version 6.99
  
 Calculated polar for: Airfoil_rR0.896617.txt                          
  
 1 1 Reynolds number fixed          Mach number fixed         
  
 xtrf =   1.000 (top)        1.000 (bottom)  
 Mach =   0.000     Re =     0.050 e 6     Ncrit =   9.000
  
   alpha    CL        CD       CDp       CM     Top_Xtr  Bot_Xtr
  ------ -------- --------- --------- -------- -------- --------
 -19.750  -0.6644   0.24540   0.23596   0.0337   1.0000   0.0371
 -19.500  -0.6559   0.24413   0.23469   0.0312   1.0000   0.0393
 -19.250  -0.6502   0.24567   0.23624   0.0280   1.0000   0.0400
 -19.000  -0.6386   0.23906   0.22969   0.0271   1.0000   0.0412
 -18.500  -0.4102   0.21632   0.20809  -0.0044   1.0000   0.0516
 -18.250  -0.6099   0.22913   0.21981   0.0225   1.0000   0.0456
 -18.000  -0.4010   0.21117   0.20289  -0.0058   1.0000   0.0547
 -17.750  -0.3974   0.20934   0.20105  -0.0067   1.0000   0.0569
 -17.500  -0.3950   0.20823   0.19993  -0.0078   1.0000   0.0588
 -17.250  -0.5752   0.21890   0.20972   0.0147   1.0000   0.0518
 -17.000  -0.5654   0.21522   0.20611   0.0135   1.0000   0.0535
 -16.750  -0.3849   0.20216   0.19386  -0.0102   1.0000   0.0626
 -16.500  -0.5476   0.20944   0.20025   0.0102   1.0000   0.0566
 -16.250  -0.5399   0.20753   0.19835   0.0081   1.0000   0.0589
 -16.000  -0.5352   0.20744   0.19829   0.0055   1.0000   0.0599
 -15.750  -0.5256   0.20322   0.19412   0.0042   1.0000   0.0609
 -15.500  -0.5134   0.19799   0.18890   0.0038   1.0000   0.0639
 -15.250  -0.5048   0.19517   0.18611   0.0023   1.0000   0.0669
 -15.000  -0.4987   0.19370   0.18466   0.0001   1.0000   0.0693
 -14.750  -0.4974   0.19449   0.18548  -0.0026   1.0000   0.0701
 -14.500  -0.4807   0.18652   0.17755  -0.0022   1.0000   0.0733
 -14.250  -0.4723   0.18358   0.17464  -0.0035   1.0000   0.0769
 -14.000  -0.4681   0.18251   0.17361  -0.0057   1.0000   0.0795
 -13.750  -0.4634   0.18051   0.17166  -0.0075   1.0000   0.0807
 -13.500  -0.4491   0.17460   0.16577  -0.0074   1.0000   0.0853
 -13.250  -0.4439   0.17274   0.16395  -0.0091   1.0000   0.0889
 -13.000  -0.4449   0.17312   0.16437  -0.0116   1.0000   0.0901
 -12.750  -0.4284   0.16594   0.15723  -0.0113   1.0000   0.0929
 -12.500  -0.3608   0.16741   0.15914  -0.0205   1.0000   0.1000
 -12.250  -0.4159   0.16063   0.15199  -0.0138   1.0000   0.0989
 -12.000  -0.4174   0.16036   0.15178  -0.0161   1.0000   0.1001
 -11.750  -0.4015   0.15373   0.14520  -0.0157   1.0000   0.1028
 -11.500  -0.3940   0.15041   0.14191  -0.0165   1.0000   0.1063
 -11.250  -0.3919   0.14865   0.14019  -0.0181   1.0000   0.1092
 -11.000  -0.3962   0.14852   0.14013  -0.0204   1.0000   0.1102
  -9.250  -0.3487   0.12281   0.11481  -0.0234   1.0000   0.1349
  -8.000  -0.3200   0.11158   0.10427  -0.0259   1.0000   0.1599
  -7.750  -0.3521   0.10839   0.10094  -0.0246   1.0000   0.1600
  -7.250  -0.3554   0.10311   0.09587  -0.0225   1.0000   0.1697
  -6.500  -0.3533   0.09405   0.08712  -0.0192   1.0000   0.1859
  -5.000  -0.3452   0.07864   0.07252  -0.0152   1.0000   0.2322
  -4.750  -0.3471   0.07449   0.06813  -0.0189   1.0000   0.2432
  -4.500  -0.3392   0.07150   0.06517  -0.0209   1.0000   0.2594
  -3.500  -0.1675   0.04234   0.03405  -0.0603   1.0000   0.0943
  -3.250  -0.1119   0.03470   0.02501  -0.0666   1.0000   0.0811
  -3.000  -0.0703   0.03043   0.02000  -0.0689   1.0000   0.0862
  -2.750  -0.0304   0.02733   0.01648  -0.0703   1.0000   0.1346
  -2.500  -0.0115   0.02767   0.01726  -0.0702   1.0000   0.2057
  -2.250   0.0184   0.02647   0.01574  -0.0710   1.0000   0.2303
  -2.000   0.0446   0.02560   0.01488  -0.0714   1.0000   0.2565
  -1.750   0.0719   0.02478   0.01397  -0.0717   1.0000   0.2847
  -1.500   0.0984   0.02417   0.01348  -0.0723   1.0000   0.3360
  -1.250   0.1282   0.02322   0.01289  -0.0732   1.0000   0.4183
  -0.750   0.1616   0.02118   0.01218  -0.0695   1.0000   1.0000
  -0.500   0.1834   0.02177   0.01243  -0.0699   1.0000   1.0000
  -0.250   0.2042   0.02243   0.01285  -0.0702   1.0000   1.0000
   0.000   0.2244   0.02315   0.01338  -0.0706   1.0000   1.0000
   0.250   0.2440   0.02393   0.01401  -0.0710   1.0000   1.0000
   0.500   0.2630   0.02478   0.01474  -0.0714   1.0000   1.0000
   0.750   0.2816   0.02570   0.01557  -0.0718   1.0000   1.0000
   1.000   0.3094   0.02675   0.01653  -0.0742   0.9948   1.0000
   1.250   0.3621   0.02800   0.01768  -0.0811   0.9806   1.0000
   1.500   0.4049   0.02904   0.01866  -0.0860   0.9645   1.0000
   1.750   0.4508   0.03004   0.01963  -0.0913   0.9503   1.0000
   2.000   0.4866   0.03094   0.02053  -0.0945   0.9343   1.0000
   2.250   0.5299   0.03181   0.02141  -0.0989   0.9202   1.0000
   2.500   0.5607   0.03266   0.02226  -0.1009   0.9039   1.0000
   2.750   0.6016   0.03341   0.02302  -0.1045   0.8902   1.0000
   3.000   0.6291   0.03430   0.02392  -0.1058   0.8742   1.0000
   3.250   0.6697   0.03492   0.02457  -0.1089   0.8601   1.0000
   3.500   0.6965   0.03572   0.02541  -0.1097   0.8430   1.0000
   3.750   0.7296   0.03635   0.02609  -0.1112   0.8275   1.0000
   4.000   0.7604   0.03704   0.02684  -0.1123   0.8123   1.0000
   4.250   0.7895   0.03773   0.02759  -0.1131   0.7970   1.0000
   4.500   0.8236   0.03812   0.02807  -0.1142   0.7820   1.0000
   5.000   0.8907   0.03862   0.02879  -0.1153   0.7515   1.0000
   5.750   1.0222   0.03251   0.02305  -0.1112   0.6826   1.0000
   6.250   1.0923   0.02835   0.01894  -0.1049   0.6181   1.0000
   6.500   1.1054   0.02560   0.01562  -0.0968   0.5375   1.0000
   6.750   1.1091   0.02544   0.01497  -0.0909   0.4578   1.0000
   7.000   1.1139   0.02620   0.01534  -0.0863   0.3709   1.0000
   7.250   1.1057   0.02877   0.01675  -0.0809   0.2064   1.0000
   7.500   1.0963   0.03277   0.01974  -0.0765   0.1307   1.0000
   7.750   1.0924   0.03629   0.02285  -0.0724   0.0906   1.0000
   8.000   1.0959   0.03942   0.02585  -0.0685   0.0710   1.0000
   9.000   1.2321   0.05907   0.04685  -0.0650   0.0584   1.0000
   9.250   1.2448   0.06437   0.05259  -0.0629   0.0610   1.0000
   9.500   1.2310   0.06871   0.05788  -0.0583   0.0642   1.0000
  10.000   1.2267   0.07952   0.06937  -0.0538   0.0708   1.0000
  10.500   1.1421   0.08741   0.07802  -0.0429   0.0711   1.0000
  14.250   0.7956   0.18904   0.18148  -0.0850   0.1827   1.0000
