  
       XFOIL         Version 6.99
  
 Calculated polar for: Airfoil_rR0.576350.txt                          
  
 1 1 Reynolds number fixed          Mach number fixed         
  
 xtrf =   1.000 (top)        1.000 (bottom)  
 Mach =   0.000     Re =     0.100 e 6     Ncrit =   9.000
  
   alpha    CL        CD       CDp       CM     Top_Xtr  Bot_Xtr
  ------ -------- --------- --------- -------- -------- --------
 -19.750  -0.3971   0.22727   0.22122  -0.0109   1.0000   0.0248
 -19.500  -0.5654   0.23809   0.23120   0.0047   1.0000   0.0222
 -19.250  -0.3905   0.22361   0.21757  -0.0122   1.0000   0.0271
 -19.000  -0.5503   0.23288   0.22604   0.0025   1.0000   0.0240
 -18.000  -0.5205   0.22329   0.21652  -0.0027   1.0000   0.0291
 -17.250  -0.5027   0.21842   0.21170  -0.0074   1.0000   0.0297
 -17.000  -0.4981   0.21729   0.21060  -0.0089   1.0000   0.0299
 -16.750  -0.4944   0.21657   0.20991  -0.0105   1.0000   0.0299
 -16.500  -0.4909   0.21557   0.20894  -0.0119   1.0000   0.0300
 -13.000  -0.3644   0.17325   0.16726  -0.0250   1.0000   0.0400
 -12.500  -0.4063   0.16526   0.15906  -0.0242   1.0000   0.0400
 -12.250  -0.3816   0.15481   0.14865  -0.0211   1.0000   0.0417
 -12.000  -0.3755   0.15169   0.14556  -0.0210   1.0000   0.0431
 -11.750  -0.3707   0.14875   0.14266  -0.0212   1.0000   0.0449
 -10.750  -0.3269   0.13938   0.13365  -0.0231   1.0000   0.0546
 -10.500  -0.3279   0.13687   0.13116  -0.0236   1.0000   0.0586
 -10.250  -0.3559   0.13184   0.12599  -0.0232   1.0000   0.0589
  -9.750  -0.3508   0.12558   0.11982  -0.0225   1.0000   0.0678
  -9.000  -0.3450   0.11838   0.11278  -0.0216   1.0000   0.0772
  -8.750  -0.3564   0.11821   0.11267  -0.0227   1.0000   0.0796
  -8.250  -0.3418   0.11198   0.10654  -0.0200   1.0000   0.0865
  -8.000  -0.3444   0.11027   0.10489  -0.0196   1.0000   0.0881
  -7.750  -0.3471   0.11300   0.10788  -0.0200   1.0000   0.0898
  -7.500  -0.3755   0.10976   0.10454  -0.0185   1.0000   0.0898
  -7.000  -0.3684   0.10362   0.09851  -0.0155   1.0000   0.0911
  -6.750  -0.3324   0.10158   0.09666  -0.0139   1.0000   0.0936
  -6.250  -0.3694   0.09740   0.09245  -0.0103   1.0000   0.0946
  -6.000  -0.3717   0.09549   0.09060  -0.0098   1.0000   0.0963
  -5.750  -0.3749   0.09359   0.08876  -0.0113   1.0000   0.0986
  -5.250  -0.3698   0.08819   0.08345  -0.0158   1.0000   0.1010
  -5.000  -0.3653   0.08582   0.08113  -0.0137   1.0000   0.1023
  -4.750  -0.3593   0.08350   0.07884  -0.0137   1.0000   0.1043
  -4.500  -0.3455   0.08054   0.07589  -0.0193   1.0000   0.1088
  -4.250  -0.3291   0.07686   0.07220  -0.0250   1.0000   0.1111
  -4.000  -0.3226   0.07470   0.07010  -0.0231   1.0000   0.1128
  -3.750  -0.3070   0.07210   0.06750  -0.0256   1.0000   0.1170
  -3.500  -0.2802   0.06828   0.06364  -0.0329   1.0000   0.1218
  -3.250  -0.2665   0.06614   0.06152  -0.0333   1.0000   0.1254
  -3.000  -0.2059   0.06137   0.05649  -0.0509   1.0000   0.1399
  -2.500  -0.1852   0.05741   0.05269  -0.0477   1.0000   0.1456
  -1.750  -0.0324   0.04869   0.04367  -0.0739   0.9845   0.1922
  -1.000   0.2203   0.03034   0.02216  -0.1138   0.9791   0.0723
  -0.500   0.3092   0.02815   0.01934  -0.1204   0.9646   0.0646
  -0.250   0.3533   0.02741   0.01845  -0.1236   0.9568   0.0624
   0.000   0.3994   0.02689   0.01791  -0.1271   0.9500   0.0617
   0.250   0.4398   0.02646   0.01749  -0.1298   0.9408   0.0622
   0.500   0.4811   0.02612   0.01716  -0.1327   0.9318   0.0650
   0.750   0.5234   0.02576   0.01715  -0.1356   0.9226   0.0776
   1.000   0.5659   0.02375   0.01732  -0.1386   0.9162   0.7216
   1.250   0.5994   0.02314   0.01675  -0.1391   0.9043   1.0000
   1.500   0.6418   0.02291   0.01633  -0.1417   0.8937   1.0000
   1.750   0.6845   0.02258   0.01588  -0.1443   0.8834   1.0000
   2.000   0.7272   0.02217   0.01538  -0.1467   0.8731   1.0000
   2.250   0.7697   0.02166   0.01480  -0.1490   0.8627   1.0000
   2.750   0.8595   0.02005   0.01311  -0.1537   0.8424   1.0000
   3.000   0.9066   0.01908   0.01213  -0.1564   0.8315   1.0000
   3.250   0.9500   0.01826   0.01129  -0.1583   0.8165   1.0000
   3.500   1.0031   0.01727   0.01029  -0.1621   0.8011   1.0000
   3.750   1.0478   0.01670   0.00969  -0.1645   0.7783   1.0000
   4.250   1.1303   0.01612   0.00891  -0.1682   0.7188   1.0000
   4.500   1.1598   0.01615   0.00868  -0.1676   0.6722   1.0000
   4.750   1.1751   0.01647   0.00837  -0.1639   0.5894   1.0000
   5.000   1.1900   0.01708   0.00849  -0.1609   0.5238   1.0000
   5.250   1.2072   0.01770   0.00877  -0.1587   0.4769   1.0000
   5.500   1.2224   0.01840   0.00910  -0.1562   0.4265   1.0000
   5.750   1.2362   0.01922   0.00955  -0.1535   0.3717   1.0000
   6.000   1.2503   0.02015   0.01019  -0.1509   0.3154   1.0000
   6.250   1.2599   0.02151   0.01098  -0.1477   0.2318   1.0000
   6.500   1.2721   0.02300   0.01195  -0.1450   0.1569   1.0000
   6.750   1.2765   0.02558   0.01358  -0.1414   0.0469   1.0000
   7.000   1.2897   0.02712   0.01508  -0.1386   0.0357   1.0000
   7.250   1.3041   0.02846   0.01658  -0.1359   0.0333   1.0000
   7.500   1.3164   0.02990   0.01821  -0.1329   0.0326   1.0000
   7.750   1.3257   0.03147   0.01998  -0.1295   0.0325   1.0000
   8.000   1.3326   0.03319   0.02190  -0.1257   0.0329   1.0000
   8.250   1.3386   0.03515   0.02402  -0.1220   0.0336   1.0000
   8.500   1.3500   0.03754   0.02652  -0.1191   0.0349   1.0000
   8.750   1.4733   0.05075   0.04092  -0.1293   0.0505   1.0000
   9.250   1.4594   0.06855   0.06138  -0.1156   0.0787   1.0000
