  
       XFOIL         Version 6.99
  
 Calculated polar for: Airfoil_rR0.256067.txt                          
  
 1 1 Reynolds number fixed          Mach number fixed         
  
 xtrf =   1.000 (top)        1.000 (bottom)  
 Mach =   0.000     Re =     0.150 e 6     Ncrit =   9.000
  
   alpha    CL        CD       CDp       CM     Top_Xtr  Bot_Xtr
  ------ -------- --------- --------- -------- -------- --------
 -18.000  -0.3526   0.20966   0.20480  -0.0172   1.0000   0.0274
 -14.250  -0.3932   0.17370   0.16866  -0.0186   1.0000   0.0373
 -12.250  -0.3187   0.15706   0.15232  -0.0242   1.0000   0.0593
 -12.000  -0.3222   0.15545   0.15073  -0.0251   1.0000   0.0597
 -10.750  -0.3153   0.14201   0.13742  -0.0253   1.0000   0.0607
  -9.500  -0.2913   0.12901   0.12457  -0.0216   1.0000   0.0637
  -8.000  -0.3248   0.11421   0.10986  -0.0198   1.0000   0.0693
  -7.500  -0.3376   0.11380   0.10974  -0.0194   1.0000   0.0704
  -7.000  -0.3165   0.10779   0.10380  -0.0150   1.0000   0.0715
  -6.750  -0.3439   0.10391   0.09983  -0.0141   1.0000   0.0716
  -5.000  -0.3067   0.08576   0.08190  -0.0292   0.9813   0.0814
  -4.500  -0.2554   0.07942   0.07556  -0.0368   0.9680   0.0858
  -3.000  -0.0240   0.05197   0.04770  -0.0900   0.9308   0.1182
  -2.750   0.0736   0.03647   0.03100  -0.1151   0.9322   0.0831
  -2.500   0.1050   0.03691   0.03158  -0.1165   0.9244   0.1027
  -2.250   0.1960   0.02483   0.01690  -0.1287   0.9308   0.0492
  -2.000   0.2319   0.02374   0.01572  -0.1302   0.9238   0.0490
  -1.750   0.2776   0.02271   0.01465  -0.1334   0.9203   0.0492
  -1.500   0.3141   0.02195   0.01386  -0.1349   0.9125   0.0500
  -1.250   0.3544   0.02114   0.01305  -0.1372   0.9064   0.0537
  -1.000   0.3984   0.02003   0.01224  -0.1402   0.9018   0.1134
  -0.750   0.4345   0.01948   0.01204  -0.1418   0.8943   0.2075
  -0.500   0.4796   0.01888   0.01162  -0.1449   0.8903   0.2589
  -0.250   0.5164   0.01840   0.01167  -0.1464   0.8822   0.3027
   0.000   0.5549   0.01776   0.01122  -0.1481   0.8748   0.3582
   0.250   0.6004   0.01681   0.01065  -0.1510   0.8707   0.4642
   0.500   0.6345   0.01607   0.01030  -0.1516   0.8620   0.5803
   0.750   0.6678   0.01520   0.00985  -0.1517   0.8540   0.7164
   1.000   0.6990   0.01407   0.00902  -0.1510   0.8458   1.0000
   1.250   0.7452   0.01354   0.00832  -0.1541   0.8373   1.0000
   1.750   0.8354   0.01268   0.00717  -0.1599   0.8099   1.0000
   2.000   0.8802   0.01246   0.00679  -0.1630   0.7907   1.0000
   2.250   0.9193   0.01237   0.00655  -0.1648   0.7670   1.0000
   2.500   0.9553   0.01240   0.00639  -0.1661   0.7409   1.0000
   2.750   0.9887   0.01252   0.00631  -0.1669   0.7137   1.0000
   3.000   1.0177   0.01273   0.00632  -0.1669   0.6851   1.0000
   3.250   1.0426   0.01300   0.00640  -0.1660   0.6553   1.0000
   3.500   1.0678   0.01333   0.00650  -0.1652   0.6273   1.0000
   3.750   1.0893   0.01367   0.00668  -0.1638   0.5983   1.0000
   4.000   1.1115   0.01408   0.00687  -0.1625   0.5719   1.0000
   4.250   1.1317   0.01446   0.00710  -0.1609   0.5451   1.0000
   4.500   1.1528   0.01491   0.00736  -0.1595   0.5214   1.0000
   4.750   1.1725   0.01533   0.00765  -0.1578   0.4972   1.0000
   5.000   1.1925   0.01579   0.00796  -0.1563   0.4751   1.0000
   5.250   1.2119   0.01625   0.00830  -0.1546   0.4531   1.0000
   5.500   1.2306   0.01674   0.00864  -0.1529   0.4319   1.0000
   5.750   1.2447   0.01721   0.00895  -0.1502   0.4039   1.0000
   6.000   1.2554   0.01771   0.00923  -0.1469   0.3734   1.0000
   6.250   1.2659   0.01825   0.00955  -0.1437   0.3429   1.0000
   6.500   1.2808   0.01878   0.00994  -0.1414   0.3190   1.0000
   6.750   1.2971   0.01931   0.01035  -0.1394   0.3016   1.0000
   7.000   1.3138   0.01985   0.01080  -0.1375   0.2847   1.0000
   7.250   1.3306   0.02035   0.01123  -0.1356   0.2664   1.0000
   7.500   1.3453   0.02097   0.01169  -0.1335   0.2506   1.0000
   7.750   1.3467   0.02233   0.01266  -0.1293   0.1701   1.0000
   8.000   1.3554   0.02368   0.01362  -0.1264   0.1161   1.0000
   8.250   1.3629   0.02513   0.01472  -0.1234   0.0801   1.0000
   8.500   1.3636   0.02716   0.01635  -0.1196   0.0278   1.0000
   8.750   1.3754   0.02826   0.01742  -0.1172   0.0240   1.0000
   9.000   1.3889   0.02921   0.01844  -0.1150   0.0223   1.0000
   9.250   1.4020   0.03019   0.01953  -0.1128   0.0216   1.0000
   9.500   1.4142   0.03125   0.02072  -0.1106   0.0213   1.0000
   9.750   1.4254   0.03240   0.02202  -0.1083   0.0212   1.0000
  10.000   1.4353   0.03366   0.02344  -0.1060   0.0212   1.0000
  10.250   1.4438   0.03504   0.02499  -0.1036   0.0214   1.0000
  10.500   1.4508   0.03656   0.02669  -0.1011   0.0216   1.0000
  10.750   1.4561   0.03823   0.02854  -0.0987   0.0219   1.0000
  11.000   1.4598   0.04007   0.03056  -0.0962   0.0223   1.0000
  11.250   1.4618   0.04211   0.03278  -0.0939   0.0227   1.0000
  11.500   1.4620   0.04439   0.03525  -0.0916   0.0232   1.0000
  11.750   1.4600   0.04697   0.03801  -0.0895   0.0237   1.0000
  12.000   1.4564   0.04989   0.04110  -0.0876   0.0243   1.0000
  12.250   1.4071   0.05776   0.04974  -0.0848   0.0245   1.0000
  12.500   1.4520   0.05589   0.04760  -0.0850   0.0251   1.0000
  12.750   1.3974   0.06638   0.05869  -0.0835   0.0255   1.0000
