  
       XFOIL         Version 6.99
  
 Calculated polar for: Airfoil_rR0.629717.txt                          
  
 1 1 Reynolds number fixed          Mach number fixed         
  
 xtrf =   1.000 (top)        1.000 (bottom)  
 Mach =   0.000     Re =     0.050 e 6     Ncrit =   9.000
  
   alpha    CL        CD       CDp       CM     Top_Xtr  Bot_Xtr
  ------ -------- --------- --------- -------- -------- --------
 -20.000  -0.5971   0.24641   0.23661   0.0078   1.0000   0.0411
 -19.500  -0.5799   0.23988   0.23012   0.0057   1.0000   0.0445
 -19.250  -0.5720   0.23744   0.22771   0.0043   1.0000   0.0464
 -18.500  -0.5510   0.23311   0.22345  -0.0010   1.0000   0.0496
 -16.250  -0.4815   0.20721   0.19788  -0.0111   1.0000   0.0590
 -15.500  -0.4617   0.19886   0.18973  -0.0144   1.0000   0.0611
 -14.750  -0.4399   0.18835   0.17916  -0.0164   1.0000   0.0664
 -14.250  -0.4306   0.18471   0.17559  -0.0190   1.0000   0.0694
 -14.000  -0.4298   0.18439   0.17532  -0.0206   1.0000   0.0699
 -13.750  -0.4178   0.17827   0.16925  -0.0204   1.0000   0.0712
 -13.500  -0.3427   0.17800   0.16956  -0.0248   1.0000   0.0784
 -12.750  -0.3975   0.16813   0.15928  -0.0233   1.0000   0.0796
 -12.250  -0.3823   0.16021   0.15147  -0.0234   1.0000   0.0831
 -12.000  -0.3364   0.16203   0.15373  -0.0267   1.0000   0.0894
 -11.750  -0.3745   0.15528   0.14663  -0.0246   1.0000   0.0887
 -11.250  -0.3253   0.15157   0.14338  -0.0264   1.0000   0.0963
 -11.000  -0.3597   0.14580   0.13732  -0.0251   1.0000   0.0954
 -10.750  -0.3586   0.14372   0.13530  -0.0257   1.0000   0.0985
 -10.500  -0.3639   0.14320   0.13486  -0.0269   1.0000   0.0998
 -10.000  -0.3264   0.13893   0.13099  -0.0273   1.0000   0.1097
  -9.750  -0.3171   0.13396   0.12608  -0.0264   1.0000   0.1131
  -9.500  -0.3444   0.12900   0.12091  -0.0257   1.0000   0.1131
  -9.250  -0.3263   0.13059   0.12285  -0.0267   1.0000   0.1198
  -9.000  -0.3144   0.12524   0.11755  -0.0252   1.0000   0.1260
  -8.750  -0.3235   0.12418   0.11659  -0.0254   1.0000   0.1295
  -8.500  -0.3156   0.11962   0.11208  -0.0241   1.0000   0.1362
  -8.250  -0.3424   0.11551   0.10779  -0.0233   1.0000   0.1366
  -8.000  -0.3557   0.11511   0.10751  -0.0229   1.0000   0.1396
  -7.750  -0.3509   0.11117   0.10365  -0.0213   1.0000   0.1484
  -7.500  -0.3510   0.10821   0.10078  -0.0197   1.0000   0.1563
  -7.250  -0.3682   0.10799   0.10069  -0.0183   1.0000   0.1595
  -7.000  -0.3320   0.10522   0.09826  -0.0153   1.0000   0.1962
  -6.750  -0.3508   0.10500   0.09817  -0.0137   1.0000   0.1997
  -6.500  -0.3658   0.10008   0.09307  -0.0128   1.0000   0.2031
  -6.250  -0.3477   0.09923   0.09257  -0.0109   1.0000   0.2121
  -6.000  -0.3651   0.09537   0.08853  -0.0113   1.0000   0.2157
  -5.500  -0.3660   0.09141   0.08474  -0.0144   1.0000   0.2301
  -5.250  -0.3586   0.08815   0.08154  -0.0111   1.0000   0.2367
  -5.000  -0.3540   0.08557   0.07902  -0.0114   1.0000   0.2441
  -4.750  -0.3480   0.08302   0.07653  -0.0122   1.0000   0.2531
  -4.500  -0.3404   0.08044   0.07401  -0.0129   1.0000   0.2631
  -4.250  -0.3316   0.07785   0.07148  -0.0134   1.0000   0.2741
  -4.000  -0.3178   0.07538   0.06903  -0.0175   1.0000   0.2903
  -3.500  -0.2934   0.07019   0.06393  -0.0186   1.0000   0.3206
  -3.250  -0.2804   0.06776   0.06155  -0.0187   1.0000   0.3392
  -3.000  -0.2682   0.06532   0.05916  -0.0180   1.0000   0.3581
  -2.000   0.0833   0.03753   0.02834  -0.1013   1.0000   0.1285
  -1.750   0.1332   0.03478   0.02482  -0.1068   1.0000   0.1194
  -1.500   0.1688   0.03324   0.02299  -0.1093   1.0000   0.1168
  -1.250   0.2041   0.03201   0.02138  -0.1115   1.0000   0.1156
  -1.000   0.2371   0.03114   0.02021  -0.1131   1.0000   0.1167
  -0.750   0.2684   0.03053   0.01933  -0.1143   1.0000   0.1203
  -0.500   0.2977   0.03016   0.01886  -0.1151   1.0000   0.1285
  -0.250   0.3297   0.02981   0.01851  -0.1166   1.0000   0.1489
   0.000   0.3641   0.02631   0.01797  -0.1170   1.0000   1.0000
   0.250   0.3881   0.02713   0.01830  -0.1176   1.0000   1.0000
   0.500   0.4102   0.02803   0.01891  -0.1181   1.0000   1.0000
   0.750   0.4311   0.02900   0.01968  -0.1186   1.0000   1.0000
   1.000   0.4511   0.03005   0.02058  -0.1190   1.0000   1.0000
   1.250   0.4701   0.03119   0.02162  -0.1194   1.0000   1.0000
   1.500   0.4880   0.03245   0.02323  -0.1197   1.0000   1.0000
   1.750   0.5053   0.03379   0.02450  -0.1201   1.0000   1.0000
   2.000   0.5480   0.03530   0.02589  -0.1253   0.9858   1.0000
   2.250   0.5967   0.03656   0.02703  -0.1311   0.9678   1.0000
   2.500   0.6444   0.03751   0.02789  -0.1363   0.9489   1.0000
   2.750   0.6916   0.03823   0.02855  -0.1410   0.9301   1.0000
   3.000   0.7340   0.03880   0.02909  -0.1446   0.9105   1.0000
   3.250   0.7759   0.03919   0.02946  -0.1477   0.8907   1.0000
   3.500   0.8186   0.03934   0.02962  -0.1506   0.8707   1.0000
   3.750   0.8608   0.03929   0.02959  -0.1529   0.8506   1.0000
   4.250   0.9449   0.03849   0.02891  -0.1563   0.8107   1.0000
   4.500   0.9883   0.03760   0.02811  -0.1574   0.7910   1.0000
   4.750   1.0344   0.03615   0.02676  -0.1582   0.7714   1.0000
   5.000   1.0870   0.03420   0.02493  -0.1594   0.7512   1.0000
   5.250   1.1380   0.03224   0.02307  -0.1602   0.7289   1.0000
   5.500   1.1802   0.03092   0.02183  -0.1600   0.7023   1.0000
   5.750   1.2188   0.02673   0.01720  -0.1543   0.6357   1.0000
   6.000   1.2354   0.02609   0.01616  -0.1495   0.5795   1.0000
   6.250   1.2515   0.02642   0.01633  -0.1462   0.5355   1.0000
   6.500   1.2663   0.02695   0.01676  -0.1427   0.4901   1.0000
   6.750   1.2725   0.02774   0.01736  -0.1379   0.4326   1.0000
   7.000   1.2687   0.02894   0.01812  -0.1318   0.3543   1.0000
   7.250   1.2581   0.03106   0.01939  -0.1255   0.2346   1.0000
   7.500   1.2473   0.03497   0.02205  -0.1202   0.0970   1.0000
   7.750   1.2466   0.03828   0.02493  -0.1161   0.0699   1.0000
   8.000   1.2503   0.04082   0.02756  -0.1125   0.0618   1.0000
   8.250   1.2539   0.04338   0.03023  -0.1089   0.0581   1.0000
   8.500   1.2635   0.04581   0.03287  -0.1057   0.0555   1.0000
   8.750   1.2902   0.04850   0.03568  -0.1039   0.0538   1.0000
   9.000   1.3720   0.05465   0.04225  -0.1082   0.0553   1.0000
  12.250   1.0879   0.12675   0.11929  -0.0847   0.0658   1.0000
  13.000   0.9902   0.15278   0.14566  -0.0971   0.0680   1.0000
  18.000   0.8632   0.24343   0.23688  -0.1306   0.1413   1.0000
