  
       XFOIL         Version 6.99
  
 Calculated polar for: Airfoil_rR0.202683.txt                          
  
 1 1 Reynolds number fixed          Mach number fixed         
  
 xtrf =   1.000 (top)        1.000 (bottom)  
 Mach =   0.000     Re =     0.250 e 6     Ncrit =   9.000
  
   alpha    CL        CD       CDp       CM     Top_Xtr  Bot_Xtr
  ------ -------- --------- --------- -------- -------- --------
 -20.000  -0.5196   0.22770   0.22336  -0.0029   1.0000   0.0200
 -17.500  -0.3250   0.20212   0.19847  -0.0196   1.0000   0.0341
 -17.250  -0.4391   0.20051   0.19645  -0.0125   1.0000   0.0329
 -17.000  -0.3205   0.19960   0.19594  -0.0204   1.0000   0.0387
 -16.500  -0.4172   0.19419   0.19019  -0.0149   1.0000   0.0386
 -16.250  -0.4142   0.19247   0.18847  -0.0170   1.0000   0.0396
 -16.000  -0.4113   0.19080   0.18682  -0.0186   1.0000   0.0399
 -15.750  -0.4089   0.18903   0.18507  -0.0200   1.0000   0.0400
 -14.500  -0.3816   0.17445   0.17062  -0.0230   1.0000   0.0407
 -13.000  -0.2881   0.16620   0.16272  -0.0230   1.0000   0.0488
 -12.250  -0.3045   0.16024   0.15681  -0.0259   1.0000   0.0500
 -12.000  -0.3082   0.15796   0.15454  -0.0264   1.0000   0.0501
  -9.750  -0.2801   0.13316   0.12980  -0.0201   1.0000   0.0525
  -9.000  -0.3017   0.12281   0.11941  -0.0188   1.0000   0.0540
  -7.000  -0.1611   0.09435   0.09110  -0.0503   0.9706   0.0633
  -6.750  -0.1502   0.09121   0.08798  -0.0522   0.9641   0.0645
  -5.750  -0.1728   0.02502   0.01870  -0.1248   0.9401   0.0388
  -5.500  -0.1347   0.05283   0.04949  -0.0894   0.9247   0.0535
  -5.250  -0.1044   0.02203   0.01529  -0.1282   0.9317   0.0389
  -5.000  -0.0672   0.02089   0.01402  -0.1301   0.9279   0.0394
  -4.500   0.0120   0.01857   0.01156  -0.1348   0.9208   0.0437
  -4.250   0.0445   0.01772   0.01071  -0.1356   0.9146   0.0547
  -4.000   0.0850   0.01713   0.01018  -0.1379   0.9118   0.0767
  -3.750   0.1201   0.01670   0.00978  -0.1391   0.9070   0.0863
  -3.500   0.1569   0.01628   0.00938  -0.1406   0.9026   0.0950
  -3.250   0.1987   0.01572   0.00882  -0.1431   0.9006   0.1039
  -3.000   0.2283   0.01534   0.00844  -0.1432   0.8932   0.1116
  -2.750   0.2692   0.01475   0.00790  -0.1454   0.8907   0.1209
  -2.500   0.3024   0.01433   0.00749  -0.1461   0.8847   0.1305
  -2.250   0.3431   0.01376   0.00697  -0.1483   0.8819   0.1415
  -1.500   0.4518   0.01249   0.00590  -0.1524   0.8615   0.1885
  -1.250   0.4886   0.01213   0.00561  -0.1539   0.8526   0.2113
  -1.000   0.5311   0.01176   0.00555  -0.1566   0.8440   0.2329
  -0.500   0.6081   0.01114   0.00499  -0.1605   0.8154   0.2818
  -0.250   0.6566   0.01085   0.00472  -0.1646   0.8006   0.3148
   0.000   0.6871   0.01077   0.00464  -0.1649   0.7795   0.3451
   0.250   0.7261   0.01070   0.00455  -0.1670   0.7593   0.3807
   0.500   0.7532   0.01070   0.00455  -0.1666   0.7357   0.4144
   0.750   0.7827   0.01075   0.00456  -0.1667   0.7127   0.4542
   1.000   0.8079   0.01082   0.00461  -0.1660   0.6880   0.4961
   1.250   0.8297   0.01091   0.00470  -0.1645   0.6630   0.5418
   1.500   0.8509   0.01101   0.00479  -0.1629   0.6388   0.5929
   1.750   0.8699   0.01108   0.00493  -0.1608   0.6161   0.6511
   2.000   0.8866   0.01113   0.00506  -0.1582   0.5936   0.7228
   2.250   0.8996   0.01111   0.00517  -0.1546   0.5757   0.8305
   2.500   0.9196   0.01110   0.00517  -0.1527   0.5539   1.0000
   2.750   0.9406   0.01140   0.00527  -0.1512   0.5350   1.0000
   3.000   0.9618   0.01170   0.00541  -0.1498   0.5171   1.0000
   3.250   0.9823   0.01197   0.00556  -0.1483   0.4978   1.0000
   3.500   1.0027   0.01230   0.00572  -0.1467   0.4810   1.0000
   3.750   1.0233   0.01260   0.00591  -0.1453   0.4637   1.0000
   4.000   1.0434   0.01292   0.00610  -0.1437   0.4471   1.0000
   4.250   1.0633   0.01326   0.00631  -0.1421   0.4318   1.0000
   4.500   1.0835   0.01358   0.00654  -0.1406   0.4167   1.0000
   4.750   1.1034   0.01392   0.00678  -0.1391   0.4022   1.0000
   5.000   1.1232   0.01430   0.00704  -0.1375   0.3893   1.0000
   5.250   1.1436   0.01464   0.00731  -0.1361   0.3758   1.0000
   5.500   1.1637   0.01497   0.00758  -0.1347   0.3621   1.0000
   5.750   1.1825   0.01538   0.00787  -0.1330   0.3511   1.0000
   6.000   1.2017   0.01580   0.00821  -0.1314   0.3398   1.0000
   6.250   1.2212   0.01619   0.00855  -0.1299   0.3284   1.0000
   6.500   1.2407   0.01655   0.00888  -0.1284   0.3169   1.0000
   6.750   1.2591   0.01696   0.00923  -0.1268   0.3064   1.0000
   7.000   1.2757   0.01744   0.00962  -0.1249   0.2941   1.0000
   7.250   1.2913   0.01794   0.01002  -0.1228   0.2798   1.0000
   7.750   1.3190   0.01895   0.01095  -0.1183   0.2317   1.0000
   8.000   1.3339   0.01952   0.01139  -0.1163   0.2182   1.0000
   8.250   1.3496   0.02009   0.01187  -0.1144   0.2084   1.0000
   8.750   1.3842   0.02108   0.01282  -0.1113   0.1884   1.0000
   9.000   1.3982   0.02175   0.01338  -0.1093   0.1803   1.0000
   9.250   1.4133   0.02238   0.01397  -0.1075   0.1721   1.0000
   9.500   1.4284   0.02301   0.01456  -0.1057   0.1635   1.0000
   9.750   1.4435   0.02366   0.01517  -0.1040   0.1537   1.0000
  10.000   1.4560   0.02446   0.01588  -0.1020   0.1443   1.0000
  10.250   1.4678   0.02531   0.01664  -0.1000   0.1354   1.0000
  10.500   1.4819   0.02605   0.01735  -0.0983   0.1230   1.0000
  10.750   1.4883   0.02731   0.01839  -0.0959   0.1099   1.0000
  11.000   1.4982   0.02837   0.01938  -0.0938   0.0964   1.0000
  11.250   1.5005   0.03000   0.02083  -0.0911   0.0792   1.0000
  11.500   1.5279   0.02976   0.02115  -0.0909   0.1046   1.0000
  11.750   1.5377   0.03088   0.02224  -0.0891   0.0890   1.0000
  12.000   1.5381   0.03274   0.02394  -0.0865   0.0770   1.0000
  12.250   1.5357   0.03491   0.02601  -0.0838   0.0570   1.0000
  12.500   1.5268   0.03773   0.02872  -0.0810   0.0377   1.0000
  12.750   1.5132   0.04116   0.03208  -0.0783   0.0197   1.0000
  13.000   1.5145   0.04338   0.03436  -0.0767   0.0187   1.0000
  13.250   1.5166   0.04561   0.03669  -0.0754   0.0179   1.0000
  13.500   1.5187   0.04792   0.03913  -0.0743   0.0173   1.0000
  13.750   1.5208   0.05033   0.04169  -0.0733   0.0169   1.0000
  14.000   1.5225   0.05288   0.04439  -0.0726   0.0167   1.0000
  14.250   1.5236   0.05559   0.04727  -0.0720   0.0166   1.0000
  14.500   1.5236   0.05855   0.05039  -0.0716   0.0165   1.0000
  14.750   1.5225   0.06174   0.05376  -0.0715   0.0165   1.0000
  15.000   1.5202   0.06523   0.05741  -0.0715   0.0165   1.0000
  15.250   1.5170   0.06897   0.06133  -0.0719   0.0165   1.0000
  15.500   1.5102   0.07338   0.06595  -0.0725   0.0164   1.0000
  15.750   1.5036   0.07791   0.07064  -0.0735   0.0165   1.0000
  16.000   1.4961   0.08272   0.07562  -0.0748   0.0166   1.0000
  16.250   1.4874   0.08787   0.08094  -0.0764   0.0167   1.0000
  16.500   1.4777   0.09332   0.08656  -0.0783   0.0168   1.0000
  16.750   1.4672   0.09902   0.09242  -0.0805   0.0169   1.0000
  17.000   1.4561   0.10490   0.09847  -0.0830   0.0171   1.0000
  17.250   1.4451   0.11083   0.10456  -0.0856   0.0172   1.0000
  17.500   1.4342   0.11677   0.11065  -0.0885   0.0173   1.0000
  17.750   1.4238   0.12266   0.11668  -0.0914   0.0175   1.0000
  18.000   1.4140   0.12839   0.12255  -0.0944   0.0176   1.0000
  18.250   1.4059   0.13380   0.12808  -0.0973   0.0178   1.0000
  18.500   1.3994   0.13884   0.13324  -0.1001   0.0180   1.0000
  18.750   1.3951   0.14343   0.13793  -0.1026   0.0182   1.0000
  19.000   1.3933   0.14743   0.14200  -0.1047   0.0184   1.0000
  19.250   1.3933   0.15102   0.14568  -0.1066   0.0187   1.0000
  19.500   1.3958   0.15403   0.14877  -0.1081   0.0190   1.0000
  19.750   1.3998   0.15662   0.15143  -0.1092   0.0193   1.0000
  20.000   1.4053   0.15876   0.15364  -0.1100   0.0197   1.0000
