  
       XFOIL         Version 6.99
  
 Calculated polar for: Airfoil_rR0.229383.txt                          
  
 1 1 Reynolds number fixed          Mach number fixed         
  
 xtrf =   1.000 (top)        1.000 (bottom)  
 Mach =   0.000     Re =     0.200 e 6     Ncrit =   9.000
  
   alpha    CL        CD       CDp       CM     Top_Xtr  Bot_Xtr
  ------ -------- --------- --------- -------- -------- --------
 -19.750  -0.5338   0.23481   0.22994  -0.0025   1.0000   0.0201
 -19.250  -0.3645   0.21454   0.21030  -0.0163   1.0000   0.0209
 -19.000  -0.3602   0.21262   0.20839  -0.0165   1.0000   0.0212
 -18.250  -0.4893   0.21261   0.20788  -0.0078   1.0000   0.0210
 -18.000  -0.3462   0.20668   0.20250  -0.0178   1.0000   0.0234
 -17.500  -0.4656   0.20543   0.20078  -0.0096   1.0000   0.0226
 -17.000  -0.4510   0.20068   0.19608  -0.0112   1.0000   0.0249
 -16.250  -0.4376   0.19387   0.18934  -0.0162   1.0000   0.0298
 -14.750  -0.3970   0.17764   0.17327  -0.0193   1.0000   0.0394
 -14.500  -0.3452   0.18276   0.17870  -0.0255   1.0000   0.0401
 -14.250  -0.3482   0.18092   0.17688  -0.0263   1.0000   0.0402
 -14.000  -0.3991   0.17375   0.16949  -0.0243   1.0000   0.0401
 -13.250  -0.3607   0.16201   0.15784  -0.0210   1.0000   0.0432
 -11.000  -0.2939   0.14385   0.13987  -0.0229   1.0000   0.0523
 -10.500  -0.2884   0.13922   0.13529  -0.0220   1.0000   0.0534
  -8.500  -0.3299   0.11902   0.11522  -0.0215   1.0000   0.0597
  -8.250  -0.3449   0.11748   0.11373  -0.0222   1.0000   0.0600
  -7.250  -0.2857   0.10796   0.10447  -0.0205   0.9957   0.0621
  -7.000  -0.2652   0.10468   0.10118  -0.0238   0.9920   0.0632
  -6.750  -0.3040   0.10156   0.09801  -0.0205   0.9941   0.0631
  -6.250  -0.2698   0.09527   0.09173  -0.0287   0.9836   0.0664
  -5.750  -0.2586   0.08536   0.08183  -0.0468   0.9646   0.0708
  -5.000  -0.1891   0.07671   0.07321  -0.0533   0.9507   0.0744
  -4.000   0.0033   0.02660   0.02017  -0.1249   0.9337   0.0451
  -3.750   0.0495   0.02373   0.01666  -0.1288   0.9316   0.0428
  -3.500   0.0870   0.02235   0.01506  -0.1306   0.9266   0.0421
  -3.250   0.1268   0.02122   0.01383  -0.1328   0.9223   0.0420
  -3.000   0.1715   0.02016   0.01272  -0.1359   0.9201   0.0425
  -2.750   0.2039   0.01943   0.01197  -0.1367   0.9128   0.0436
  -2.500   0.2484   0.01861   0.01110  -0.1397   0.9104   0.0463
  -2.250   0.2819   0.01789   0.01037  -0.1406   0.9033   0.0545
  -2.000   0.3258   0.01695   0.00975  -0.1436   0.9007   0.1227
  -1.750   0.3575   0.01662   0.00947  -0.1441   0.8932   0.1439
  -1.500   0.4006   0.01604   0.00897  -0.1468   0.8904   0.1653
  -1.250   0.4345   0.01559   0.00862  -0.1477   0.8834   0.1847
  -1.000   0.4785   0.01490   0.00801  -0.1505   0.8808   0.2105
  -0.750   0.5128   0.01441   0.00766  -0.1514   0.8730   0.2370
  -0.500   0.5494   0.01393   0.00762  -0.1528   0.8655   0.2809
  -0.250   0.5927   0.01328   0.00715  -0.1556   0.8601   0.3324
   0.000   0.6303   0.01277   0.00679  -0.1573   0.8509   0.3824
   0.250   0.6741   0.01219   0.00635  -0.1601   0.8415   0.4397
   0.500   0.7104   0.01179   0.00611  -0.1615   0.8263   0.4991
   0.750   0.7543   0.01135   0.00582  -0.1644   0.8112   0.5791
   1.000   0.7952   0.01099   0.00567  -0.1666   0.7930   0.6709
   1.250   0.8246   0.01071   0.00558  -0.1663   0.7716   0.7816
   1.500   0.8537   0.01039   0.00531  -0.1657   0.7492   1.0000
   1.750   0.8835   0.01055   0.00523  -0.1659   0.7226   1.0000
   2.000   0.9112   0.01075   0.00521  -0.1656   0.6950   1.0000
   2.250   0.9375   0.01101   0.00524  -0.1652   0.6685   1.0000
   2.500   0.9609   0.01128   0.00530  -0.1641   0.6418   1.0000
   2.750   0.9837   0.01158   0.00540  -0.1629   0.6168   1.0000
   3.000   1.0053   0.01189   0.00552  -0.1615   0.5915   1.0000
   3.250   1.0269   0.01223   0.00568  -0.1601   0.5685   1.0000
   3.500   1.0471   0.01254   0.00585  -0.1585   0.5444   1.0000
   3.750   1.0679   0.01291   0.00604  -0.1570   0.5233   1.0000
   4.000   1.0875   0.01325   0.00625  -0.1553   0.5012   1.0000
   4.250   1.1071   0.01362   0.00646  -0.1536   0.4817   1.0000
   4.500   1.1264   0.01398   0.00671  -0.1519   0.4622   1.0000
   4.750   1.1454   0.01435   0.00696  -0.1502   0.4436   1.0000
   5.000   1.1646   0.01476   0.00724  -0.1485   0.4263   1.0000
   5.250   1.1836   0.01515   0.00754  -0.1468   0.4089   1.0000
   5.500   1.2027   0.01557   0.00785  -0.1451   0.3931   1.0000
   5.750   1.2218   0.01601   0.00820  -0.1435   0.3778   1.0000
   6.000   1.2392   0.01642   0.00853  -0.1415   0.3598   1.0000
   6.250   1.2536   0.01692   0.00885  -0.1391   0.3401   1.0000
   6.500   1.2683   0.01736   0.00919  -0.1367   0.3162   1.0000
   6.750   1.2821   0.01790   0.00956  -0.1343   0.2943   1.0000
   7.000   1.2990   0.01838   0.00995  -0.1324   0.2756   1.0000
   7.250   1.3159   0.01887   0.01036  -0.1306   0.2622   1.0000
   7.500   1.3322   0.01943   0.01082  -0.1287   0.2506   1.0000
   7.750   1.3415   0.02020   0.01145  -0.1259   0.2047   1.0000
   8.000   1.3554   0.02093   0.01192  -0.1238   0.1782   1.0000
   8.250   1.3696   0.02170   0.01248  -0.1218   0.1528   1.0000
   8.500   1.3810   0.02268   0.01320  -0.1194   0.1309   1.0000
   8.750   1.3929   0.02364   0.01398  -0.1171   0.1080   1.0000
   9.000   1.4067   0.02447   0.01476  -0.1150   0.0881   1.0000
   9.750   1.4188   0.02921   0.01900  -0.1056   0.0194   1.0000
  10.000   1.4312   0.03016   0.02004  -0.1036   0.0188   1.0000
  10.250   1.4432   0.03116   0.02114  -0.1016   0.0184   1.0000
  10.500   1.4546   0.03221   0.02230  -0.0997   0.0181   1.0000
  10.750   1.4651   0.03336   0.02355  -0.0976   0.0180   1.0000
  11.000   1.4746   0.03460   0.02491  -0.0956   0.0180   1.0000
  11.250   1.4831   0.03597   0.02640  -0.0936   0.0181   1.0000
  11.500   1.4904   0.03747   0.02804  -0.0916   0.0182   1.0000
  11.750   1.4996   0.03880   0.02962  -0.0900   0.0186   1.0000
  12.000   1.5047   0.04057   0.03156  -0.0881   0.0188   1.0000
  12.250   1.5079   0.04258   0.03375  -0.0862   0.0189   1.0000
  12.500   1.5090   0.04486   0.03621  -0.0845   0.0190   1.0000
  12.750   1.5080   0.04746   0.03899  -0.0829   0.0192   1.0000
  13.000   1.5050   0.05039   0.04211  -0.0815   0.0193   1.0000
  13.250   1.4997   0.05374   0.04565  -0.0805   0.0195   1.0000
  13.500   1.4925   0.05750   0.04961  -0.0798   0.0196   1.0000
  13.750   1.4837   0.06169   0.05399  -0.0795   0.0197   1.0000
  14.000   1.4736   0.06631   0.05878  -0.0797   0.0198   1.0000
  14.250   1.4629   0.07125   0.06389  -0.0803   0.0199   1.0000
  14.750   1.4504   0.08040   0.07335  -0.0821   0.0204   1.0000
  15.000   1.4461   0.08487   0.07795  -0.0831   0.0207   1.0000
  15.250   1.4427   0.08926   0.08246  -0.0843   0.0211   1.0000
  15.500   1.4406   0.09349   0.08681  -0.0854   0.0216   1.0000
  15.750   1.4402   0.09745   0.09089  -0.0865   0.0221   1.0000
  16.000   1.4424   0.10093   0.09450  -0.0871   0.0229   1.0000
  16.250   1.4552   0.10247   0.09621  -0.0856   0.0250   1.0000
  16.500   1.4709   0.10396   0.09788  -0.0833   0.0276   1.0000
  16.750   1.4753   0.10796   0.10214  -0.0828   0.0294   1.0000
  17.500   1.4473   0.12599   0.12119  -0.0909   0.0350   1.0000
  18.000   1.3962   0.14415   0.13989  -0.1035   0.0360   1.0000
  18.500   1.3489   0.16282   0.15891  -0.1180   0.0351   1.0000
