  
       XFOIL         Version 6.99
  
 Calculated polar for: Airfoil_rR0.789867.txt                          
  
 1 1 Reynolds number fixed          Mach number fixed         
  
 xtrf =   1.000 (top)        1.000 (bottom)  
 Mach =   0.000     Re =     0.150 e 6     Ncrit =   9.000
  
   alpha    CL        CD       CDp       CM     Top_Xtr  Bot_Xtr
  ------ -------- --------- --------- -------- -------- --------
 -19.500  -0.4014   0.22559   0.22050  -0.0114   1.0000   0.0101
 -18.500  -0.5740   0.23484   0.22909   0.0066   1.0000   0.0101
 -18.250  -0.3806   0.20903   0.20402  -0.0140   1.0000   0.0116
 -15.750  -0.4773   0.19333   0.18780  -0.0072   1.0000   0.0125
 -15.250  -0.3519   0.18722   0.18216  -0.0205   1.0000   0.0168
 -14.750  -0.4458   0.18176   0.17630  -0.0121   1.0000   0.0155
 -14.000  -0.4231   0.17308   0.16767  -0.0159   1.0000   0.0188
 -13.750  -0.4172   0.17154   0.16614  -0.0180   1.0000   0.0196
 -13.500  -0.4144   0.17060   0.16522  -0.0202   1.0000   0.0199
 -13.000  -0.3358   0.16323   0.15822  -0.0244   1.0000   0.0234
 -12.750  -0.3914   0.15762   0.15235  -0.0208   1.0000   0.0220
 -12.500  -0.3849   0.15469   0.14945  -0.0213   1.0000   0.0234
 -12.250  -0.3788   0.15180   0.14659  -0.0220   1.0000   0.0250
 -12.000  -0.3732   0.14890   0.14372  -0.0228   1.0000   0.0268
 -11.250  -0.3688   0.14421   0.13911  -0.0279   1.0000   0.0299
 -10.750  -0.3140   0.13593   0.13111  -0.0276   1.0000   0.0340
  -9.750  -0.3187   0.12740   0.12271  -0.0308   1.0000   0.0398
  -8.750  -0.3021   0.11241   0.10790  -0.0275   1.0000   0.0457
  -8.000  -0.3327   0.10355   0.09904  -0.0260   1.0000   0.0478
  -7.750  -0.3398   0.10187   0.09742  -0.0253   1.0000   0.0489
  -6.000  -0.3771   0.08556   0.08157  -0.0182   1.0000   0.0530
  -5.750  -0.3752   0.08270   0.07875  -0.0187   1.0000   0.0543
  -5.000  -0.3300   0.06896   0.06492  -0.0390   1.0000   0.0608
  -4.500  -0.2828   0.06038   0.05632  -0.0450   0.9956   0.0655
  -4.250  -0.2198   0.05171   0.04735  -0.0610   0.9920   0.0721
  -3.750  -0.0639   0.02280   0.01524  -0.0876   0.9981   0.0334
  -3.500  -0.0158   0.02097   0.01291  -0.0916   0.9955   0.0513
  -3.250   0.0273   0.02101   0.01300  -0.0958   0.9912   0.0653
  -3.000   0.0685   0.02065   0.01248  -0.0993   0.9861   0.0793
  -2.750   0.1102   0.01965   0.01142  -0.1027   0.9827   0.0879
  -2.500   0.1526   0.01904   0.01080  -0.1064   0.9795   0.0966
  -2.250   0.1903   0.01856   0.01035  -0.1091   0.9735   0.1073
  -2.000   0.2348   0.01787   0.00976  -0.1131   0.9703   0.1226
  -1.750   0.2731   0.01722   0.00933  -0.1160   0.9638   0.1600
  -1.500   0.3182   0.01655   0.00911  -0.1205   0.9603   0.2480
  -1.250   0.3548   0.01590   0.00904  -0.1233   0.9533   0.3898
  -1.000   0.3903   0.01465   0.00907  -0.1249   0.9505   0.7730
  -0.750   0.4165   0.01423   0.00874  -0.1243   0.9408   1.0000
  -0.500   0.4515   0.01418   0.00854  -0.1262   0.9324   1.0000
  -0.250   0.4869   0.01408   0.00833  -0.1281   0.9244   1.0000
   0.000   0.5247   0.01391   0.00807  -0.1304   0.9177   1.0000
   0.250   0.5622   0.01371   0.00780  -0.1326   0.9112   1.0000
   0.500   0.5959   0.01355   0.00759  -0.1340   0.9029   1.0000
   0.750   0.6301   0.01334   0.00744  -0.1354   0.8948   1.0000
   1.000   0.6659   0.01307   0.00712  -0.1371   0.8877   1.0000
   1.250   0.7019   0.01277   0.00677  -0.1386   0.8803   1.0000
   1.750   0.7650   0.01238   0.00630  -0.1399   0.8580   1.0000
   2.000   0.7950   0.01223   0.00611  -0.1402   0.8447   1.0000
   2.250   0.8261   0.01206   0.00589  -0.1407   0.8310   1.0000
   2.500   0.8536   0.01198   0.00575  -0.1404   0.8132   1.0000
   3.000   0.9092   0.01183   0.00540  -0.1397   0.7727   1.0000
   3.250   0.9359   0.01186   0.00530  -0.1392   0.7491   1.0000
   4.250   1.0332   0.01257   0.00551  -0.1359   0.6453   1.0000
   4.500   1.0566   0.01285   0.00566  -0.1350   0.6190   1.0000
   4.750   1.0741   0.01319   0.00565  -0.1326   0.5638   1.0000
   5.000   1.0870   0.01387   0.00573  -0.1296   0.4787   1.0000
   5.250   1.1054   0.01447   0.00599  -0.1280   0.4274   1.0000
   5.500   1.1226   0.01517   0.00628  -0.1262   0.3673   1.0000
   5.750   1.1391   0.01604   0.00668  -0.1245   0.2932   1.0000
   6.000   1.1491   0.01767   0.00742  -0.1219   0.1807   1.0000
   6.250   1.1609   0.01937   0.00860  -0.1195   0.0913   1.0000
   6.500   1.1715   0.02123   0.01007  -0.1166   0.0334   1.0000
   6.750   1.1877   0.02249   0.01143  -0.1142   0.0260   1.0000
   7.000   1.2029   0.02380   0.01293  -0.1116   0.0244   1.0000
   7.250   1.2138   0.02543   0.01475  -0.1084   0.0242   1.0000
