  
       XFOIL         Version 6.99
  
 Calculated polar for: Airfoil_rR0.709800.txt                          
  
 1 1 Reynolds number fixed          Mach number fixed         
  
 xtrf =   1.000 (top)        1.000 (bottom)  
 Mach =   0.000     Re =     0.100 e 6     Ncrit =   9.000
  
   alpha    CL        CD       CDp       CM     Top_Xtr  Bot_Xtr
  ------ -------- --------- --------- -------- -------- --------
 -17.750  -0.5282   0.21818   0.21132  -0.0017   1.0000   0.0220
 -17.000  -0.3617   0.20345   0.19736  -0.0189   1.0000   0.0269
 -16.750  -0.4964   0.20722   0.20047  -0.0066   1.0000   0.0267
 -16.500  -0.4886   0.20450   0.19779  -0.0079   1.0000   0.0278
 -16.250  -0.4811   0.20185   0.19519  -0.0093   1.0000   0.0286
 -15.250  -0.4571   0.19414   0.18746  -0.0155   1.0000   0.0298
 -14.750  -0.3470   0.18561   0.17951  -0.0227   1.0000   0.0342
 -14.500  -0.4325   0.18142   0.17485  -0.0169   1.0000   0.0318
 -14.250  -0.3437   0.18075   0.17466  -0.0235   1.0000   0.0373
 -14.000  -0.4183   0.17544   0.16892  -0.0181   1.0000   0.0348
 -13.750  -0.4118   0.17265   0.16616  -0.0190   1.0000   0.0365
 -12.750  -0.4087   0.16990   0.16355  -0.0260   1.0000   0.0401
 -12.500  -0.3839   0.15828   0.15196  -0.0231   1.0000   0.0423
 -11.500  -0.3236   0.14954   0.14360  -0.0271   1.0000   0.0485
 -10.750  -0.3585   0.14034   0.13427  -0.0279   1.0000   0.0497
 -10.000  -0.3116   0.13092   0.12520  -0.0277   1.0000   0.0531
  -9.750  -0.3092   0.12795   0.12227  -0.0274   1.0000   0.0545
  -8.750  -0.3369   0.11590   0.11023  -0.0272   1.0000   0.0589
  -8.250  -0.3568   0.11416   0.10866  -0.0276   1.0000   0.0599
  -8.000  -0.3142   0.10868   0.10339  -0.0250   1.0000   0.0625
  -7.750  -0.3148   0.10603   0.10081  -0.0237   1.0000   0.0642
  -7.500  -0.3188   0.10372   0.09857  -0.0225   1.0000   0.0659
  -7.250  -0.3496   0.10072   0.09545  -0.0210   1.0000   0.0651
  -6.750  -0.3541   0.09946   0.09456  -0.0187   1.0000   0.0694
  -6.500  -0.3740   0.09555   0.09053  -0.0211   1.0000   0.0695
  -6.250  -0.3723   0.09274   0.08777  -0.0293   1.0000   0.0702
  -6.000  -0.3719   0.08869   0.08380  -0.0213   1.0000   0.0714
  -5.500  -0.3632   0.08256   0.07776  -0.0214   1.0000   0.0764
  -4.250  -0.2714   0.06028   0.05538  -0.0463   1.0000   0.1040
  -3.750  -0.2013   0.05226   0.04707  -0.0601   1.0000   0.1596
  -3.000  -0.0184   0.03289   0.02555  -0.0914   1.0000   0.1002
  -2.750   0.0247   0.02939   0.02156  -0.0954   1.0000   0.0886
  -2.500   0.0634   0.02718   0.01891  -0.0984   1.0000   0.0838
  -2.250   0.1018   0.02551   0.01663  -0.1008   1.0000   0.0812
  -2.000   0.1331   0.02459   0.01552  -0.1022   1.0000   0.0817
  -1.750   0.1629   0.02398   0.01485  -0.1034   1.0000   0.0842
  -1.500   0.1972   0.02345   0.01424  -0.1054   0.9990   0.0910
  -1.250   0.2436   0.02298   0.01386  -0.1098   0.9945   0.1095
  -1.000   0.2932   0.02246   0.01376  -0.1152   0.9911   0.1721
  -0.750   0.3441   0.02149   0.01389  -0.1211   0.9877   0.4137
  -0.500   0.3727   0.02023   0.01396  -0.1207   0.9802   1.0000
  -0.250   0.4167   0.02054   0.01396  -0.1248   0.9704   1.0000
   0.000   0.4598   0.02074   0.01395  -0.1286   0.9603   1.0000
   0.500   0.5403   0.02098   0.01393  -0.1348   0.9404   1.0000
   0.750   0.5785   0.02106   0.01393  -0.1374   0.9307   1.0000
   1.000   0.6163   0.02107   0.01408  -0.1398   0.9206   1.0000
   1.250   0.6540   0.02102   0.01396  -0.1421   0.9107   1.0000
   2.250   0.8066   0.01983   0.01262  -0.1498   0.8704   1.0000
   2.750   0.8793   0.01887   0.01164  -0.1521   0.8462   1.0000
   3.250   0.9559   0.01759   0.01035  -0.1545   0.8204   1.0000
   3.500   0.9883   0.01715   0.00991  -0.1546   0.8023   1.0000
   3.750   1.0218   0.01673   0.00946  -0.1549   0.7832   1.0000
   4.000   1.0546   0.01643   0.00910  -0.1550   0.7622   1.0000
   4.250   1.0851   0.01632   0.00892  -0.1549   0.7398   1.0000
   4.500   1.1118   0.01642   0.00897  -0.1542   0.7161   1.0000
   4.750   1.1363   0.01632   0.00870  -0.1526   0.6813   1.0000
   5.000   1.1494   0.01628   0.00816  -0.1481   0.6086   1.0000
   5.250   1.1659   0.01666   0.00814  -0.1454   0.5523   1.0000
   5.500   1.1834   0.01714   0.00834  -0.1432   0.5028   1.0000
   5.750   1.1988   0.01781   0.00857  -0.1406   0.4458   1.0000
   6.000   1.2111   0.01878   0.00908  -0.1375   0.3707   1.0000
   6.250   1.2155   0.02060   0.01004  -0.1335   0.2374   1.0000
   6.500   1.2157   0.02347   0.01174  -0.1293   0.0829   1.0000
   6.750   1.2216   0.02592   0.01374  -0.1254   0.0383   1.0000
   7.000   1.2344   0.02748   0.01550  -0.1223   0.0337   1.0000
   7.250   1.2439   0.02920   0.01741  -0.1189   0.0321   1.0000
   7.500   1.2500   0.03109   0.01945  -0.1151   0.0316   1.0000
   7.750   1.2561   0.03309   0.02155  -0.1111   0.0318   1.0000
   8.000   1.2731   0.03563   0.02418  -0.1086   0.0329   1.0000
