  
       XFOIL         Version 6.99
  
 Calculated polar for: Airfoil_rR0.629717.txt                          
  
 1 1 Reynolds number fixed          Mach number fixed         
  
 xtrf =   1.000 (top)        1.000 (bottom)  
 Mach =   0.000     Re =     0.100 e 6     Ncrit =   9.000
  
   alpha    CL        CD       CDp       CM     Top_Xtr  Bot_Xtr
  ------ -------- --------- --------- -------- -------- --------
 -19.750  -0.3948   0.22586   0.21979  -0.0123   1.0000   0.0221
 -19.000  -0.3849   0.22004   0.21398  -0.0141   1.0000   0.0241
 -18.750  -0.5532   0.23007   0.22314   0.0016   1.0000   0.0220
 -18.500  -0.5454   0.22741   0.22050   0.0006   1.0000   0.0232
 -18.250  -0.5375   0.22481   0.21793  -0.0006   1.0000   0.0244
 -18.000  -0.5298   0.22219   0.21534  -0.0019   1.0000   0.0256
 -17.750  -0.5222   0.21926   0.21242  -0.0031   1.0000   0.0253
 -17.500  -0.5145   0.21665   0.20982  -0.0043   1.0000   0.0266
 -12.000  -0.3775   0.15307   0.14685  -0.0238   1.0000   0.0415
 -11.750  -0.3713   0.14975   0.14356  -0.0237   1.0000   0.0425
 -11.250  -0.3617   0.14381   0.13769  -0.0241   1.0000   0.0448
 -10.500  -0.3311   0.14022   0.13444  -0.0277   1.0000   0.0497
 -10.250  -0.3579   0.13474   0.12879  -0.0270   1.0000   0.0496
  -9.500  -0.3443   0.12357   0.11776  -0.0255   1.0000   0.0524
  -9.250  -0.3411   0.12071   0.11495  -0.0250   1.0000   0.0544
  -9.000  -0.3403   0.11810   0.11239  -0.0248   1.0000   0.0566
  -7.750  -0.3484   0.10526   0.09986  -0.0216   1.0000   0.0651
  -7.500  -0.3562   0.10350   0.09817  -0.0204   1.0000   0.0679
  -6.750  -0.3621   0.09866   0.09376  -0.0163   1.0000   0.0791
  -6.250  -0.3790   0.09147   0.08651  -0.0159   1.0000   0.0867
  -6.000  -0.3740   0.08808   0.08317  -0.0276   1.0000   0.0903
  -4.750  -0.3241   0.07383   0.06906  -0.0333   1.0000   0.1210
  -4.500  -0.3160   0.07149   0.06676  -0.0314   1.0000   0.1229
  -3.750  -0.2356   0.06111   0.05625  -0.0495   1.0000   0.1412
  -3.000  -0.1566   0.05309   0.04814  -0.0602   1.0000   0.1630
  -2.000   0.1133   0.03072   0.02286  -0.1068   1.0000   0.0809
  -1.750   0.1475   0.02934   0.02129  -0.1092   1.0000   0.0764
  -1.500   0.1939   0.02798   0.01915  -0.1129   0.9986   0.0701
  -1.250   0.2437   0.02686   0.01792  -0.1178   0.9946   0.0685
  -1.000   0.2932   0.02618   0.01711  -0.1225   0.9912   0.0675
  -0.750   0.3385   0.02574   0.01663  -0.1265   0.9857   0.0676
  -0.500   0.3890   0.02543   0.01630  -0.1314   0.9806   0.0695
  -0.250   0.4367   0.02510   0.01600  -0.1360   0.9723   0.0750
   0.000   0.4999   0.02361   0.01583  -0.1440   0.9702   0.4373
   0.250   0.5244   0.02242   0.01583  -0.1428   0.9601   1.0000
   0.500   0.5648   0.02258   0.01581  -0.1458   0.9504   1.0000
   0.750   0.6041   0.02269   0.01609  -0.1486   0.9404   1.0000
   1.000   0.6439   0.02269   0.01597  -0.1513   0.9304   1.0000
   1.250   0.6839   0.02257   0.01576  -0.1539   0.9201   1.0000
   1.500   0.7193   0.02243   0.01554  -0.1555   0.9077   1.0000
   2.000   0.7955   0.02176   0.01477  -0.1591   0.8846   1.0000
   2.250   0.8353   0.02121   0.01418  -0.1609   0.8738   1.0000
   2.500   0.8748   0.02051   0.01346  -0.1624   0.8629   1.0000
   2.750   0.9153   0.01969   0.01263  -0.1640   0.8521   1.0000
   3.000   0.9585   0.01881   0.01175  -0.1660   0.8411   1.0000
   3.500   1.0342   0.01736   0.01028  -0.1678   0.8075   1.0000
   3.750   1.0700   0.01684   0.00973  -0.1684   0.7861   1.0000
   4.000   1.1055   0.01649   0.00933  -0.1691   0.7629   1.0000
   4.250   1.1373   0.01640   0.00917  -0.1693   0.7372   1.0000
   4.500   1.1654   0.01629   0.00888  -0.1683   0.6999   1.0000
   4.750   1.1809   0.01632   0.00835  -0.1642   0.6220   1.0000
   5.000   1.1972   0.01679   0.00836  -0.1613   0.5599   1.0000
   5.250   1.2150   0.01733   0.00859  -0.1591   0.5110   1.0000
   5.500   1.2306   0.01801   0.00886  -0.1566   0.4556   1.0000
   5.750   1.2444   0.01887   0.00934  -0.1537   0.3925   1.0000
   6.000   1.2556   0.02005   0.01008  -0.1505   0.3150   1.0000
   6.250   1.2625   0.02178   0.01107  -0.1469   0.2097   1.0000
   6.500   1.2634   0.02458   0.01270  -0.1427   0.0645   1.0000
   6.750   1.2728   0.02658   0.01443  -0.1393   0.0367   1.0000
   7.000   1.2867   0.02802   0.01603  -0.1364   0.0334   1.0000
   7.250   1.2978   0.02958   0.01779  -0.1331   0.0322   1.0000
   7.500   1.3048   0.03122   0.01962  -0.1293   0.0320   1.0000
   7.750   1.3100   0.03300   0.02157  -0.1252   0.0323   1.0000
   8.000   1.3168   0.03503   0.02373  -0.1213   0.0330   1.0000
   8.250   1.3359   0.03779   0.02656  -0.1190   0.0348   1.0000
