  
       XFOIL         Version 6.99
  
 Calculated polar for: Airfoil_rR0.442900.txt                          
  
 1 1 Reynolds number fixed          Mach number fixed         
  
 xtrf =   1.000 (top)        1.000 (bottom)  
 Mach =   0.000     Re =     0.200 e 6     Ncrit =   9.000
  
   alpha    CL        CD       CDp       CM     Top_Xtr  Bot_Xtr
  ------ -------- --------- --------- -------- -------- --------
 -12.750  -0.3474   0.15993   0.15573  -0.0199   1.0000   0.0254
 -12.000  -0.3829   0.14818   0.14385  -0.0205   1.0000   0.0294
  -7.250  -0.3281   0.10343   0.09986  -0.0139   1.0000   0.0543
  -6.500  -0.3694   0.09717   0.09362  -0.0093   1.0000   0.0552
  -5.000  -0.2787   0.07673   0.07322  -0.0398   0.9789   0.0614
  -4.500  -0.2270   0.07056   0.06704  -0.0474   0.9687   0.0642
  -4.250  -0.1947   0.06654   0.06299  -0.0551   0.9627   0.0671
  -3.750  -0.0690   0.05298   0.04891  -0.0911   0.9542   0.0799
  -3.500  -0.0417   0.04966   0.04568  -0.0933   0.9512   0.0811
  -3.250  -0.0190   0.04801   0.04409  -0.0936   0.9454   0.0825
  -1.000   0.4309   0.01906   0.01170  -0.1462   0.9221   0.0448
  -0.750   0.4751   0.01812   0.01074  -0.1492   0.9199   0.0428
  -0.500   0.5082   0.01755   0.01018  -0.1502   0.9125   0.0419
  -0.250   0.5532   0.01681   0.00973  -0.1535   0.9100   0.0432
   0.000   0.5879   0.01627   0.00916  -0.1546   0.9022   0.0440
   0.250   0.6252   0.01570   0.00855  -0.1562   0.8955   0.0465
   0.500   0.6686   0.01475   0.00789  -0.1591   0.8913   0.1251
   0.750   0.7072   0.01368   0.00765  -0.1615   0.8850   0.3994
   1.000   0.7483   0.01249   0.00729  -0.1639   0.8810   0.6941
   1.250   0.7747   0.01152   0.00668  -0.1625   0.8712   1.0000
   1.500   0.8131   0.01113   0.00621  -0.1643   0.8602   1.0000
   1.750   0.8524   0.01079   0.00579  -0.1663   0.8465   1.0000
   2.000   0.8993   0.01044   0.00533  -0.1699   0.8302   1.0000
   2.250   0.9429   0.01026   0.00503  -0.1730   0.8070   1.0000
   2.500   0.9819   0.01024   0.00487  -0.1751   0.7801   1.0000
   2.750   1.0188   0.01033   0.00477  -0.1768   0.7514   1.0000
   3.000   1.0490   0.01053   0.00479  -0.1772   0.7203   1.0000
   3.250   1.0754   0.01081   0.00487  -0.1768   0.6878   1.0000
   3.500   1.0991   0.01113   0.00502  -0.1758   0.6546   1.0000
   3.750   1.1217   0.01152   0.00517  -0.1746   0.6211   1.0000
   4.000   1.1361   0.01210   0.00535  -0.1717   0.5601   1.0000
   4.250   1.1459   0.01289   0.00560  -0.1679   0.4863   1.0000
   4.500   1.1598   0.01357   0.00590  -0.1652   0.4317   1.0000
   4.750   1.1774   0.01412   0.00621  -0.1633   0.3933   1.0000
   5.000   1.1950   0.01470   0.00653  -0.1615   0.3540   1.0000
   5.250   1.2123   0.01532   0.00686  -0.1597   0.3128   1.0000
   5.500   1.2273   0.01612   0.00723  -0.1575   0.2618   1.0000
   5.750   1.2409   0.01716   0.00776  -0.1551   0.1956   1.0000
   6.000   1.2534   0.01852   0.00858  -0.1526   0.1180   1.0000
   6.250   1.2598   0.02058   0.00993  -0.1492   0.0278   1.0000
   6.500   1.2782   0.02138   0.01071  -0.1472   0.0215   1.0000
   6.750   1.2973   0.02208   0.01153  -0.1453   0.0205   1.0000
   7.000   1.3155   0.02287   0.01248  -0.1433   0.0205   1.0000
   7.250   1.3326   0.02375   0.01354  -0.1411   0.0209   1.0000
   7.500   1.3483   0.02470   0.01466  -0.1387   0.0216   1.0000
   7.750   1.3625   0.02574   0.01587  -0.1361   0.0227   1.0000
