  
       XFOIL         Version 6.99
  
 Calculated polar for: Airfoil_rR0.389517.txt                          
  
 1 1 Reynolds number fixed          Mach number fixed         
  
 xtrf =   1.000 (top)        1.000 (bottom)  
 Mach =   0.000     Re =     0.200 e 6     Ncrit =   9.000
  
   alpha    CL        CD       CDp       CM     Top_Xtr  Bot_Xtr
  ------ -------- --------- --------- -------- -------- --------
  -8.500  -0.3207   0.11440   0.11064  -0.0187   1.0000   0.0522
  -7.500  -0.3216   0.10616   0.10255  -0.0151   1.0000   0.0542
  -6.750  -0.3570   0.09922   0.09562  -0.0115   1.0000   0.0553
  -5.000  -0.2765   0.07766   0.07416  -0.0381   0.9756   0.0619
  -4.500  -0.2238   0.07111   0.06760  -0.0474   0.9649   0.0652
  -4.000  -0.1390   0.05998   0.05631  -0.0713   0.9543   0.0717
  -3.750  -0.1061   0.05737   0.05370  -0.0751   0.9509   0.0739
  -2.500   0.1344   0.03715   0.03265  -0.1188   0.9328   0.1115
  -1.250   0.3958   0.01951   0.01216  -0.1445   0.9224   0.0448
  -1.000   0.4399   0.01849   0.01109  -0.1475   0.9202   0.0428
  -0.750   0.4732   0.01787   0.01048  -0.1484   0.9130   0.0418
  -0.500   0.5174   0.01715   0.00976  -0.1515   0.9103   0.0414
  -0.250   0.5519   0.01659   0.00947  -0.1527   0.9029   0.0437
   0.000   0.5975   0.01584   0.00869  -0.1559   0.9001   0.0463
   0.250   0.6317   0.01526   0.00814  -0.1568   0.8919   0.0575
   0.500   0.6727   0.01403   0.00782  -0.1597   0.8866   0.3305
   0.750   0.7136   0.01305   0.00748  -0.1623   0.8819   0.5457
   1.000   0.7465   0.01221   0.00714  -0.1626   0.8738   0.7393
   1.250   0.7744   0.01136   0.00655  -0.1617   0.8631   1.0000
   1.500   0.8151   0.01096   0.00606  -0.1639   0.8518   1.0000
   1.750   0.8643   0.01053   0.00551  -0.1680   0.8398   1.0000
   2.000   0.9001   0.01038   0.00527  -0.1694   0.8175   1.0000
   2.250   0.9482   0.01023   0.00495  -0.1734   0.7941   1.0000
   2.500   0.9853   0.01027   0.00483  -0.1751   0.7663   1.0000
   2.750   1.0170   0.01042   0.00481  -0.1757   0.7362   1.0000
   3.000   1.0465   0.01065   0.00484  -0.1759   0.7055   1.0000
   3.250   1.0724   0.01094   0.00493  -0.1754   0.6740   1.0000
   3.500   1.0957   0.01127   0.00507  -0.1744   0.6417   1.0000
   3.750   1.1177   0.01164   0.00526  -0.1731   0.6106   1.0000
   4.000   1.1370   0.01209   0.00545  -0.1713   0.5729   1.0000
   4.250   1.1493   0.01272   0.00567  -0.1680   0.5120   1.0000
   4.500   1.1599   0.01347   0.00595  -0.1645   0.4460   1.0000
   4.750   1.1757   0.01407   0.00626  -0.1623   0.4027   1.0000
   5.000   1.1935   0.01462   0.00657  -0.1605   0.3693   1.0000
   5.250   1.2110   0.01519   0.00690  -0.1586   0.3352   1.0000
   5.500   1.2276   0.01580   0.00724  -0.1566   0.2987   1.0000
   5.750   1.2432   0.01651   0.00760  -0.1546   0.2540   1.0000
   6.000   1.2574   0.01747   0.00810  -0.1523   0.1945   1.0000
   6.250   1.2706   0.01868   0.00886  -0.1499   0.1354   1.0000
   6.500   1.2753   0.02083   0.01024  -0.1462   0.0329   1.0000
   6.750   1.2917   0.02177   0.01110  -0.1441   0.0221   1.0000
   7.250   1.3281   0.02324   0.01282  -0.1401   0.0202   1.0000
   7.500   1.3449   0.02412   0.01387  -0.1379   0.0204   1.0000
   7.750   1.3603   0.02508   0.01500  -0.1355   0.0209   1.0000
   8.250   1.3771   0.02812   0.01899  -0.1278   0.0249   1.0000
   8.750   1.3887   0.03280   0.02386  -0.1203   0.0292   1.0000
  15.000   0.9920   0.22399   0.22111  -0.1614   0.0777   1.0000
