  
       XFOIL         Version 6.99
  
 Calculated polar for: Airfoil_rR0.869933.txt                          
  
 1 1 Reynolds number fixed          Mach number fixed         
  
 xtrf =   1.000 (top)        1.000 (bottom)  
 Mach =   0.000     Re =     0.050 e 6     Ncrit =   9.000
  
   alpha    CL        CD       CDp       CM     Top_Xtr  Bot_Xtr
  ------ -------- --------- --------- -------- -------- --------
 -20.000  -0.6626   0.24718   0.23766   0.0318   1.0000   0.0357
 -19.750  -0.4215   0.22532   0.21702  -0.0018   1.0000   0.0445
 -19.000  -0.4127   0.22173   0.21340  -0.0054   1.0000   0.0497
 -18.500  -0.6085   0.23121   0.22180   0.0205   1.0000   0.0441
 -18.250  -0.3984   0.21303   0.20478  -0.0075   1.0000   0.0540
 -18.000  -0.5908   0.22642   0.21706   0.0167   1.0000   0.0485
 -17.750  -0.5843   0.22611   0.21677   0.0140   1.0000   0.0498
 -17.500  -0.3890   0.20813   0.19978  -0.0103   1.0000   0.0589
 -17.250  -0.5647   0.21793   0.20870   0.0114   1.0000   0.0523
 -17.000  -0.5552   0.21457   0.20539   0.0101   1.0000   0.0543
 -16.500  -0.5378   0.20889   0.19964   0.0068   1.0000   0.0570
 -16.250  -0.5305   0.20719   0.19796   0.0047   1.0000   0.0591
 -16.000  -0.3737   0.19888   0.19051  -0.0148   1.0000   0.0694
 -15.500  -0.5039   0.19741   0.18827   0.0006   1.0000   0.0642
 -15.250  -0.4956   0.19469   0.18558  -0.0009   1.0000   0.0671
 -15.000  -0.4900   0.19344   0.18436  -0.0030   1.0000   0.0694
 -14.750  -0.4892   0.19442   0.18537  -0.0057   1.0000   0.0701
 -14.500  -0.4717   0.18599   0.17698  -0.0052   1.0000   0.0735
 -14.250  -0.4636   0.18314   0.17416  -0.0065   1.0000   0.0771
 -14.000  -0.4597   0.18217   0.17322  -0.0086   1.0000   0.0795
 -13.750  -0.4538   0.17958   0.17069  -0.0102   1.0000   0.0809
 -13.500  -0.4407   0.17420   0.16534  -0.0102   1.0000   0.0851
 -13.250  -0.3553   0.17363   0.16530  -0.0205   1.0000   0.0915
 -13.000  -0.4317   0.17068   0.16188  -0.0136   1.0000   0.0897
 -12.750  -0.4275   0.16840   0.15967  -0.0152   1.0000   0.0906
 -12.500  -0.4127   0.16231   0.15360  -0.0149   1.0000   0.0938
 -12.250  -0.4058   0.15936   0.15069  -0.0159   1.0000   0.0969
 -12.000  -0.3420   0.15852   0.15028  -0.0227   1.0000   0.1024
 -11.750  -0.4059   0.15766   0.14909  -0.0198   1.0000   0.1002
 -11.500  -0.3874   0.15022   0.14169  -0.0189   1.0000   0.1036
 -11.250  -0.3813   0.14727   0.13878  -0.0197   1.0000   0.1071
 -11.000  -0.3814   0.14598   0.13754  -0.0214   1.0000   0.1096
 -10.750  -0.3266   0.14291   0.13483  -0.0247   1.0000   0.1164
 -10.500  -0.3291   0.14111   0.13307  -0.0257   1.0000   0.1193
  -9.750  -0.3202   0.13158   0.12370  -0.0266   1.0000   0.1290
  -9.500  -0.3515   0.12693   0.11884  -0.0249   1.0000   0.1289
  -9.000  -0.3414   0.12016   0.11221  -0.0251   1.0000   0.1362
  -8.500  -0.3105   0.11640   0.10888  -0.0265   1.0000   0.1485
  -7.750  -0.3233   0.10998   0.10277  -0.0255   1.0000   0.1600
  -7.500  -0.3107   0.10497   0.09782  -0.0239   1.0000   0.1664
  -7.250  -0.3425   0.10195   0.09466  -0.0223   1.0000   0.1666
  -7.000  -0.3193   0.10020   0.09327  -0.0212   1.0000   0.1752
  -6.750  -0.3349   0.09936   0.09258  -0.0197   1.0000   0.1793
  -5.000  -0.3512   0.07835   0.07192  -0.0186   1.0000   0.2251
  -4.750  -0.3455   0.07526   0.06888  -0.0194   1.0000   0.2368
  -4.250  -0.3280   0.06857   0.06228  -0.0210   1.0000   0.2642
  -4.000  -0.3157   0.06512   0.05885  -0.0224   1.0000   0.2828
  -3.500  -0.1483   0.04075   0.03206  -0.0653   1.0000   0.0891
  -3.250  -0.1019   0.03479   0.02527  -0.0698   1.0000   0.0851
  -3.000  -0.0520   0.02976   0.01922  -0.0734   1.0000   0.1030
  -2.750  -0.0328   0.03015   0.02006  -0.0733   1.0000   0.1809
  -2.500  -0.0005   0.02831   0.01793  -0.0744   1.0000   0.2022
  -2.250   0.0297   0.02698   0.01632  -0.0753   1.0000   0.2178
  -2.000   0.0563   0.02619   0.01549  -0.0759   1.0000   0.2442
  -1.750   0.0842   0.02535   0.01452  -0.0764   1.0000   0.2708
  -1.500   0.1114   0.02466   0.01389  -0.0769   1.0000   0.3130
  -1.250   0.1402   0.02388   0.01342  -0.0778   1.0000   0.3902
  -1.000   0.1650   0.02117   0.01285  -0.0761   1.0000   0.7696
  -0.750   0.1756   0.02142   0.01253  -0.0742   1.0000   1.0000
  -0.500   0.1979   0.02202   0.01276  -0.0746   1.0000   1.0000
  -0.250   0.2191   0.02268   0.01316  -0.0749   1.0000   1.0000
   0.000   0.2396   0.02339   0.01368  -0.0753   1.0000   1.0000
   0.250   0.2594   0.02418   0.01431  -0.0757   1.0000   1.0000
   0.500   0.2787   0.02503   0.01504  -0.0761   1.0000   1.0000
   0.750   0.2975   0.02596   0.01586  -0.0766   1.0000   1.0000
   1.000   0.3156   0.02696   0.01678  -0.0770   1.0000   1.0000
   1.250   0.3619   0.02820   0.01793  -0.0829   0.9867   1.0000
   1.500   0.4103   0.02935   0.01901  -0.0889   0.9716   1.0000
   1.750   0.4515   0.03036   0.01999  -0.0934   0.9559   1.0000
   2.000   0.4947   0.03132   0.02094  -0.0980   0.9412   1.0000
   2.250   0.5309   0.03222   0.02187  -0.1012   0.9253   1.0000
   2.500   0.5720   0.03306   0.02270  -0.1051   0.9108   1.0000
   2.750   0.6031   0.03391   0.02355  -0.1071   0.8947   1.0000
   3.000   0.6430   0.03464   0.02430  -0.1104   0.8806   1.0000
   3.250   0.6722   0.03545   0.02513  -0.1117   0.8638   1.0000
   3.500   0.7092   0.03605   0.02577  -0.1140   0.8483   1.0000
   3.750   0.7416   0.03667   0.02644  -0.1155   0.8320   1.0000
   4.000   0.7701   0.03743   0.02724  -0.1163   0.8160   1.0000
   4.250   0.8066   0.03780   0.02770  -0.1179   0.8011   1.0000
   5.750   1.0380   0.03329   0.02388  -0.1172   0.6907   1.0000
   6.500   1.1209   0.02553   0.01542  -0.1014   0.5314   1.0000
   6.750   1.1292   0.02559   0.01518  -0.0967   0.4683   1.0000
   7.000   1.1328   0.02631   0.01554  -0.0918   0.3810   1.0000
   7.250   1.1240   0.02877   0.01687  -0.0860   0.2182   1.0000
   7.500   1.1110   0.03311   0.02003  -0.0811   0.1220   1.0000
   7.750   1.1063   0.03673   0.02331  -0.0766   0.0841   1.0000
   8.000   1.1098   0.03978   0.02621  -0.0728   0.0687   1.0000
   8.250   1.1438   0.04327   0.02968  -0.0716   0.0583   1.0000
   8.500   1.2014   0.04845   0.03524  -0.0727   0.0551   1.0000
   9.000   1.2499   0.05944   0.04724  -0.0698   0.0586   1.0000
