  
       XFOIL         Version 6.99
  
 Calculated polar for: Airfoil_rR0.923317.txt                          
  
 1 1 Reynolds number fixed          Mach number fixed         
  
 xtrf =   1.000 (top)        1.000 (bottom)  
 Mach =   0.000     Re =     0.200 e 6     Ncrit =   9.000
  
   alpha    CL        CD       CDp       CM     Top_Xtr  Bot_Xtr
  ------ -------- --------- --------- -------- -------- --------
 -16.250  -0.3828   0.19777   0.19343  -0.0086   1.0000   0.0100
 -16.000  -0.3815   0.19631   0.19196  -0.0093   1.0000   0.0100
 -15.750  -0.3801   0.19445   0.19009  -0.0100   1.0000   0.0100
 -14.500  -0.4806   0.18416   0.17948   0.0007   1.0000   0.0100
 -14.250  -0.3712   0.18048   0.17608  -0.0140   1.0000   0.0101
 -13.750  -0.3676   0.17492   0.17052  -0.0154   1.0000   0.0102
 -13.500  -0.4487   0.17153   0.16689  -0.0057   1.0000   0.0101
 -13.250  -0.4411   0.16829   0.16367  -0.0073   1.0000   0.0102
 -12.250  -0.3515   0.15201   0.14769  -0.0179   1.0000   0.0120
 -12.000  -0.3477   0.14887   0.14456  -0.0185   1.0000   0.0126
 -11.750  -0.3440   0.14571   0.14141  -0.0191   1.0000   0.0132
 -11.500  -0.3926   0.14094   0.13649  -0.0145   1.0000   0.0125
 -11.250  -0.3860   0.13777   0.13335  -0.0155   1.0000   0.0132
 -11.000  -0.3795   0.13458   0.13018  -0.0166   1.0000   0.0139
 -10.500  -0.3673   0.12807   0.12372  -0.0189   1.0000   0.0157
 -10.250  -0.3616   0.12477   0.12043  -0.0201   1.0000   0.0167
 -10.000  -0.3560   0.12143   0.11712  -0.0214   1.0000   0.0178
  -4.500  -0.1769   0.04639   0.04240  -0.0695   0.9760   0.0746
  -3.750  -0.0187   0.01996   0.01267  -0.0873   0.9700   0.0307
  -3.500   0.0188   0.01652   0.00885  -0.0885   0.9666   0.0275
  -3.250   0.0598   0.01472   0.00684  -0.0906   0.9634   0.0287
  -3.000   0.1028   0.01350   0.00573  -0.0934   0.9607   0.0822
  -2.750   0.1364   0.01338   0.00574  -0.0952   0.9539   0.1033
  -2.500   0.1759   0.01325   0.00577  -0.0985   0.9504   0.1410
  -2.250   0.2093   0.01287   0.00554  -0.1003   0.9438   0.1684
  -2.000   0.2484   0.01239   0.00530  -0.1034   0.9405   0.2164
  -1.750   0.2795   0.01200   0.00515  -0.1047   0.9332   0.2784
  -1.500   0.3123   0.01144   0.00498  -0.1064   0.9274   0.3764
  -1.250   0.3397   0.01029   0.00490  -0.1067   0.9212   0.6777
  -0.750   0.3993   0.00949   0.00449  -0.1071   0.9044   1.0000
  -0.500   0.4283   0.00939   0.00431  -0.1075   0.8954   1.0000
  -0.250   0.4571   0.00930   0.00413  -0.1078   0.8862   1.0000
   0.000   0.4848   0.00924   0.00399  -0.1079   0.8758   1.0000
   0.250   0.5119   0.00920   0.00388  -0.1079   0.8645   1.0000
   0.500   0.5386   0.00919   0.00380  -0.1078   0.8530   1.0000
   0.750   0.5653   0.00920   0.00374  -0.1077   0.8411   1.0000
   1.000   0.5911   0.00924   0.00372  -0.1075   0.8278   1.0000
   1.250   0.6168   0.00927   0.00369  -0.1072   0.8133   1.0000
   1.500   0.6425   0.00930   0.00365  -0.1070   0.7982   1.0000
   1.750   0.6686   0.00934   0.00359  -0.1067   0.7832   1.0000
   2.000   0.6938   0.00940   0.00352  -0.1061   0.7632   1.0000
   2.250   0.7177   0.00948   0.00344  -0.1052   0.7355   1.0000
   2.500   0.7411   0.00958   0.00338  -0.1043   0.7033   1.0000
   2.750   0.7651   0.00973   0.00333  -0.1036   0.6751   1.0000
   3.000   0.7895   0.00995   0.00338  -0.1030   0.6509   1.0000
   3.500   0.8387   0.01035   0.00360  -0.1022   0.6036   1.0000
   4.500   0.9355   0.01141   0.00421  -0.1004   0.5138   1.0000
   4.750   0.9592   0.01170   0.00438  -0.0998   0.4872   1.0000
   5.000   0.9797   0.01221   0.00460  -0.0987   0.4411   1.0000
   5.250   0.9938   0.01326   0.00494  -0.0967   0.3318   1.0000
   5.500   1.0057   0.01489   0.00564  -0.0947   0.1813   1.0000
   5.750   1.0224   0.01612   0.00638  -0.0935   0.1043   1.0000
   6.000   1.0416   0.01703   0.00696  -0.0925   0.0692   1.0000
   6.250   1.0636   0.01759   0.00734  -0.0919   0.0537   1.0000
   6.500   1.0846   0.01828   0.00779  -0.0910   0.0388   1.0000
   6.750   1.1057   0.01906   0.00870  -0.0897   0.0268   1.0000
   7.250   1.1399   0.02147   0.01134  -0.0857   0.0197   1.0000
  17.750   0.7833   0.22206   0.21811  -0.0914   0.0385   1.0000
