  
       XFOIL         Version 6.99
  
 Calculated polar for: Airfoil_rR0.960100.txt                          
  
 1 1 Reynolds number fixed          Mach number fixed         
  
 xtrf =   1.000 (top)        1.000 (bottom)  
 Mach =   0.000     Re =     0.150 e 6     Ncrit =   9.000
  
   alpha    CL        CD       CDp       CM     Top_Xtr  Bot_Xtr
  ------ -------- --------- --------- -------- -------- --------
 -18.500  -0.6269   0.23433   0.22878   0.0294   1.0000   0.0099
 -17.750  -0.6004   0.22671   0.22119   0.0230   1.0000   0.0101
 -14.000  -0.4684   0.17483   0.16954  -0.0002   1.0000   0.0127
 -13.750  -0.4603   0.17173   0.16647  -0.0016   1.0000   0.0133
 -13.250  -0.4442   0.16546   0.16023  -0.0044   1.0000   0.0147
 -13.000  -0.4364   0.16228   0.15706  -0.0058   1.0000   0.0155
 -12.250  -0.4139   0.15258   0.14741  -0.0102   1.0000   0.0183
 -12.000  -0.4072   0.14982   0.14466  -0.0124   1.0000   0.0194
 -11.750  -0.4046   0.14831   0.14318  -0.0155   1.0000   0.0200
 -11.500  -0.4032   0.14668   0.14157  -0.0183   1.0000   0.0202
 -11.250  -0.3879   0.13930   0.13426  -0.0154   1.0000   0.0229
 -10.750  -0.3749   0.13323   0.12823  -0.0178   1.0000   0.0280
  -4.500  -0.2724   0.05603   0.05189  -0.0467   0.9916   0.0851
  -3.500  -0.0567   0.02231   0.01471  -0.0767   0.9814   0.0364
  -3.250  -0.0097   0.01848   0.01012  -0.0787   0.9808   0.0320
  -3.000   0.0330   0.01671   0.00820  -0.0812   0.9768   0.0376
  -2.750   0.0769   0.01564   0.00734  -0.0843   0.9722   0.1057
  -2.500   0.1142   0.01564   0.00746  -0.0872   0.9650   0.1339
  -2.250   0.1552   0.01552   0.00751  -0.0908   0.9597   0.1729
  -2.000   0.1906   0.01513   0.00732  -0.0932   0.9521   0.2117
  -1.750   0.2274   0.01465   0.00713  -0.0958   0.9453   0.2725
  -1.500   0.2682   0.01391   0.00690  -0.0993   0.9408   0.3855
  -1.250   0.2926   0.01235   0.00693  -0.0981   0.9347   0.8700
  -1.000   0.3351   0.01216   0.00660  -0.1015   0.9283   1.0000
  -0.750   0.3714   0.01205   0.00636  -0.1036   0.9208   1.0000
  -0.500   0.4039   0.01195   0.00616  -0.1048   0.9117   1.0000
  -0.250   0.4352   0.01187   0.00600  -0.1057   0.9024   1.0000
   0.000   0.4664   0.01175   0.00581  -0.1066   0.8932   1.0000
   0.250   0.4969   0.01162   0.00562  -0.1072   0.8835   1.0000
   0.500   0.5262   0.01152   0.00546  -0.1075   0.8733   1.0000
   0.750   0.5548   0.01144   0.00533  -0.1077   0.8625   1.0000
   1.000   0.5827   0.01139   0.00523  -0.1077   0.8512   1.0000
   1.250   0.6097   0.01137   0.00516  -0.1076   0.8390   1.0000
   1.500   0.6352   0.01140   0.00514  -0.1072   0.8250   1.0000
   1.750   0.6617   0.01140   0.00507  -0.1070   0.8115   1.0000
   2.000   0.6872   0.01141   0.00504  -0.1065   0.7961   1.0000
   2.250   0.7138   0.01139   0.00492  -0.1061   0.7814   1.0000
   2.500   0.7390   0.01139   0.00480  -0.1054   0.7614   1.0000
   2.750   0.7628   0.01142   0.00469  -0.1043   0.7363   1.0000
   3.000   0.7866   0.01146   0.00459  -0.1033   0.7096   1.0000
   3.250   0.8103   0.01154   0.00452  -0.1023   0.6824   1.0000
   3.500   0.8343   0.01172   0.00453  -0.1015   0.6569   1.0000
   4.250   0.9069   0.01235   0.00487  -0.0997   0.5892   1.0000
   5.250   0.9991   0.01355   0.00559  -0.0966   0.4797   1.0000
   5.500   1.0130   0.01435   0.00575  -0.0943   0.3789   1.0000
   5.750   1.0272   0.01550   0.00623  -0.0924   0.2718   1.0000
   6.000   1.0388   0.01720   0.00709  -0.0904   0.1453   1.0000
   6.750   1.0934   0.02024   0.00921  -0.0868   0.0461   1.0000
   7.000   1.1094   0.02157   0.01062  -0.0847   0.0319   1.0000
   7.250   1.0984   0.01841   0.00789  -0.0781   0.0261   1.0000
   7.500   1.1376   0.02448   0.01384  -0.0797   0.0239   1.0000
   7.750   1.1466   0.02643   0.01591  -0.0766   0.0235   1.0000
   8.000   1.1569   0.02897   0.01855  -0.0734   0.0240   1.0000
   8.250   1.1828   0.03326   0.02298  -0.0719   0.0263   1.0000
