  
       XFOIL         Version 6.99
  
 Calculated polar for: Airfoil_rR0.522967.txt                          
  
 1 1 Reynolds number fixed          Mach number fixed         
  
 xtrf =   1.000 (top)        1.000 (bottom)  
 Mach =   0.000     Re =     0.250 e 6     Ncrit =   9.000
  
   alpha    CL        CD       CDp       CM     Top_Xtr  Bot_Xtr
  ------ -------- --------- --------- -------- -------- --------
 -14.000  -0.4278   0.17927   0.17529  -0.0166   1.0000   0.0200
 -12.500  -0.3590   0.15960   0.15581  -0.0215   1.0000   0.0200
 -11.500  -0.3844   0.13969   0.13584  -0.0199   1.0000   0.0210
  -9.750  -0.3526   0.12623   0.12271  -0.0225   1.0000   0.0398
  -9.250  -0.3584   0.12220   0.11874  -0.0230   1.0000   0.0400
  -9.000  -0.3830   0.11802   0.11448  -0.0226   1.0000   0.0400
  -8.500  -0.3321   0.11173   0.10836  -0.0175   1.0000   0.0426
  -8.250  -0.3572   0.10771   0.10425  -0.0169   1.0000   0.0426
  -7.750  -0.3555   0.10426   0.10087  -0.0149   1.0000   0.0458
  -7.250  -0.3430   0.10259   0.09939  -0.0134   1.0000   0.0488
  -6.750  -0.3519   0.09895   0.09581  -0.0191   0.9945   0.0497
  -6.500  -0.3761   0.09574   0.09254  -0.0193   0.9954   0.0497
  -6.250  -0.3386   0.09050   0.08725  -0.0338   0.9902   0.0500
  -6.000  -0.3200   0.08504   0.08180  -0.0385   0.9842   0.0503
  -5.750  -0.3020   0.08153   0.07830  -0.0389   0.9813   0.0508
  -5.250  -0.2607   0.07555   0.07233  -0.0433   0.9724   0.0520
  -4.750  -0.2084   0.06885   0.06562  -0.0530   0.9628   0.0543
  -4.500  -0.1692   0.06451   0.06123  -0.0624   0.9601   0.0567
  -4.250  -0.1075   0.05528   0.05179  -0.0844   0.9541   0.0609
  -3.750  -0.0524   0.05084   0.04736  -0.0890   0.9466   0.0635
  -2.250   0.2315   0.03018   0.02571  -0.1334   0.9315   0.1039
  -1.500   0.3999   0.01906   0.01233  -0.1499   0.9301   0.0508
  -1.000   0.4731   0.01661   0.00970  -0.1530   0.9214   0.0424
  -0.750   0.5072   0.01610   0.00918  -0.1540   0.9158   0.0406
  -0.500   0.5473   0.01528   0.00840  -0.1564   0.9123   0.0396
  -0.250   0.5913   0.01443   0.00781  -0.1596   0.9101   0.0395
   0.000   0.6245   0.01387   0.00723  -0.1605   0.9028   0.0393
   0.250   0.6669   0.01318   0.00649  -0.1632   0.9003   0.0397
   0.500   0.6993   0.01271   0.00598  -0.1638   0.8917   0.0413
   0.750   0.7376   0.01195   0.00548  -0.1658   0.8843   0.1177
   1.000   0.7810   0.01095   0.00518  -0.1693   0.8771   0.3710
   1.250   0.8174   0.01004   0.00509  -0.1710   0.8649   0.6788
   1.500   0.8490   0.00917   0.00460  -0.1710   0.8507   1.0000
   1.750   0.8941   0.00896   0.00427  -0.1745   0.8317   1.0000
   2.000   0.9380   0.00890   0.00406  -0.1778   0.8079   1.0000
   2.250   0.9736   0.00897   0.00399  -0.1794   0.7810   1.0000
   2.500   1.0077   0.00912   0.00397  -0.1807   0.7533   1.0000
   2.750   1.0359   0.00935   0.00401  -0.1807   0.7223   1.0000
   3.000   1.0613   0.00964   0.00411  -0.1801   0.6899   1.0000
   3.250   1.0841   0.00996   0.00425  -0.1790   0.6561   1.0000
   3.500   1.1021   0.01045   0.00440  -0.1769   0.6042   1.0000
   3.750   1.1125   0.01125   0.00464  -0.1732   0.5253   1.0000
   4.250   1.1419   0.01260   0.00522  -0.1681   0.4065   1.0000
   4.500   1.1602   0.01317   0.00551  -0.1664   0.3635   1.0000
   4.750   1.1782   0.01381   0.00583  -0.1647   0.3193   1.0000
   5.000   1.1955   0.01455   0.00618  -0.1630   0.2651   1.0000
   5.250   1.2103   0.01564   0.00666  -0.1609   0.1876   1.0000
   5.500   1.2237   0.01706   0.00746  -0.1586   0.1075   1.0000
   6.000   1.2549   0.01943   0.00931  -0.1541   0.0189   1.0000
   6.250   1.2754   0.02002   0.01000  -0.1524   0.0188   1.0000
   6.500   1.2951   0.02071   0.01083  -0.1506   0.0191   1.0000
   6.750   1.3133   0.02156   0.01187  -0.1484   0.0197   1.0000
   7.000   1.3296   0.02253   0.01302  -0.1460   0.0206   1.0000
   7.250   1.3455   0.02343   0.01404  -0.1435   0.0221   1.0000
   7.500   1.3584   0.02458   0.01535  -0.1404   0.0244   1.0000
   8.000   1.3788   0.02929   0.02024  -0.1332   0.0304   1.0000
