  
       XFOIL         Version 6.99
  
 Calculated polar for: Airfoil_rR0.549650.txt                          
  
 1 1 Reynolds number fixed          Mach number fixed         
  
 xtrf =   1.000 (top)        1.000 (bottom)  
 Mach =   0.000     Re =     0.150 e 6     Ncrit =   9.000
  
   alpha    CL        CD       CDp       CM     Top_Xtr  Bot_Xtr
  ------ -------- --------- --------- -------- -------- --------
 -15.000  -0.3593   0.18925   0.18443  -0.0180   1.0000   0.0263
 -14.000  -0.4183   0.17381   0.16858  -0.0151   1.0000   0.0263
 -13.750  -0.4127   0.17084   0.16564  -0.0158   1.0000   0.0270
 -13.000  -0.3991   0.16291   0.15777  -0.0188   1.0000   0.0294
 -11.250  -0.3679   0.14048   0.13556  -0.0203   1.0000   0.0341
 -11.000  -0.3385   0.14139   0.13666  -0.0229   1.0000   0.0394
 -10.500  -0.3317   0.13364   0.12898  -0.0216   1.0000   0.0442
  -9.750  -0.3278   0.12555   0.12100  -0.0213   1.0000   0.0532
  -7.500  -0.3237   0.10564   0.10146  -0.0161   1.0000   0.0655
  -7.000  -0.3548   0.10064   0.09642  -0.0138   1.0000   0.0661
  -6.750  -0.3614   0.09914   0.09497  -0.0122   1.0000   0.0669
  -6.250  -0.3818   0.09658   0.09253  -0.0097   1.0000   0.0688
  -6.000  -0.3879   0.09468   0.09067  -0.0181   1.0000   0.0698
  -5.000  -0.3723   0.08375   0.07989  -0.0146   1.0000   0.0717
  -4.500  -0.3488   0.07866   0.07485  -0.0174   0.9984   0.0742
  -3.750  -0.2248   0.06565   0.06170  -0.0469   0.9814   0.0836
  -3.250  -0.1325   0.05721   0.05309  -0.0664   0.9709   0.0934
  -3.000  -0.0770   0.05234   0.04804  -0.0787   0.9659   0.1017
  -2.250   0.0647   0.04289   0.03819  -0.1011   0.9531   0.1315
  -1.250   0.3084   0.02569   0.01810  -0.1315   0.9448   0.0594
  -1.000   0.3536   0.02404   0.01628  -0.1350   0.9413   0.0553
  -0.750   0.3928   0.02298   0.01496  -0.1368   0.9349   0.0513
  -0.500   0.4376   0.02230   0.01423  -0.1400   0.9306   0.0498
  -0.250   0.4742   0.02148   0.01348  -0.1418   0.9232   0.0491
   0.000   0.5167   0.02080   0.01285  -0.1447   0.9183   0.0488
   0.250   0.5569   0.02024   0.01256  -0.1471   0.9117   0.0508
   0.500   0.5957   0.01968   0.01197  -0.1491   0.9039   0.0541
   1.000   0.6836   0.01722   0.01122  -0.1555   0.8920   0.5956
   1.250   0.7094   0.01605   0.01063  -0.1539   0.8834   1.0000
   1.500   0.7508   0.01551   0.00996  -0.1561   0.8765   1.0000
   1.750   0.7950   0.01483   0.00920  -0.1587   0.8706   1.0000
   2.000   0.8343   0.01426   0.00856  -0.1604   0.8605   1.0000
   2.250   0.8772   0.01363   0.00788  -0.1629   0.8500   1.0000
   2.500   0.9163   0.01316   0.00737  -0.1646   0.8343   1.0000
   2.750   0.9580   0.01275   0.00690  -0.1669   0.8152   1.0000
   3.000   1.0076   0.01240   0.00645  -0.1709   0.7931   1.0000
   3.250   1.0481   0.01228   0.00620  -0.1731   0.7645   1.0000
   3.500   1.0835   0.01234   0.00610  -0.1744   0.7319   1.0000
   3.750   1.1140   0.01255   0.00612  -0.1747   0.6975   1.0000
   4.000   1.1379   0.01289   0.00615  -0.1734   0.6468   1.0000
   4.250   1.1514   0.01358   0.00621  -0.1700   0.5625   1.0000
   4.500   1.1638   0.01434   0.00644  -0.1668   0.4923   1.0000
   4.750   1.1807   0.01494   0.00674  -0.1647   0.4476   1.0000
   5.000   1.1967   0.01560   0.00706  -0.1624   0.4017   1.0000
   5.250   1.2111   0.01637   0.00742  -0.1600   0.3498   1.0000
   5.500   1.2245   0.01729   0.00787  -0.1574   0.2870   1.0000
   5.750   1.2383   0.01840   0.00854  -0.1550   0.2188   1.0000
   6.500   1.2739   0.02306   0.01180  -0.1468   0.0267   1.0000
   6.750   1.2922   0.02392   0.01281  -0.1447   0.0255   1.0000
   7.000   1.3097   0.02487   0.01394  -0.1425   0.0253   1.0000
   7.250   1.3252   0.02598   0.01525  -0.1399   0.0258   1.0000
   7.500   1.3368   0.02732   0.01680  -0.1367   0.0265   1.0000
   7.750   1.3443   0.02892   0.01859  -0.1329   0.0275   1.0000
   8.000   1.3498   0.03089   0.02067  -0.1290   0.0286   1.0000
   8.250   1.3384   0.03251   0.02262  -0.1224   0.0302   1.0000
