  
       XFOIL         Version 6.99
  
 Calculated polar for: Airfoil_rR0.656417.txt                          
  
 1 1 Reynolds number fixed          Mach number fixed         
  
 xtrf =   1.000 (top)        1.000 (bottom)  
 Mach =   0.000     Re =     0.150 e 6     Ncrit =   9.000
  
   alpha    CL        CD       CDp       CM     Top_Xtr  Bot_Xtr
  ------ -------- --------- --------- -------- -------- --------
 -18.250  -0.3765   0.21445   0.20945  -0.0160   1.0000   0.0194
 -17.250  -0.5074   0.21526   0.20965  -0.0063   1.0000   0.0196
 -17.000  -0.5016   0.21417   0.20858  -0.0081   1.0000   0.0198
 -16.750  -0.4965   0.21307   0.20750  -0.0098   1.0000   0.0199
 -16.500  -0.4922   0.21202   0.20648  -0.0114   1.0000   0.0199
 -16.250  -0.4882   0.21084   0.20532  -0.0129   1.0000   0.0200
 -13.000  -0.3967   0.16476   0.15952  -0.0217   1.0000   0.0294
 -12.750  -0.3976   0.16445   0.15924  -0.0236   1.0000   0.0298
 -12.500  -0.4002   0.16403   0.15885  -0.0253   1.0000   0.0300
 -11.750  -0.3755   0.14891   0.14382  -0.0247   1.0000   0.0309
 -11.500  -0.3294   0.14770   0.14285  -0.0253   1.0000   0.0323
 -11.000  -0.3591   0.13896   0.13397  -0.0243   1.0000   0.0326
  -8.750  -0.3524   0.11577   0.11113  -0.0259   1.0000   0.0396
  -7.750  -0.3853   0.10879   0.10441  -0.0226   1.0000   0.0400
  -7.500  -0.3709   0.10197   0.09762  -0.0202   1.0000   0.0411
  -6.750  -0.3803   0.09517   0.09100  -0.0142   1.0000   0.0439
  -6.500  -0.3832   0.09274   0.08862  -0.0137   1.0000   0.0452
  -5.500  -0.3696   0.07824   0.07427  -0.0248   1.0000   0.0518
  -4.750  -0.3225   0.06663   0.06267  -0.0360   1.0000   0.0747
  -4.500  -0.2837   0.06168   0.05764  -0.0461   0.9985   0.0827
  -4.000  -0.1919   0.05407   0.04986  -0.0643   0.9910   0.1031
  -3.750  -0.1358   0.04926   0.04482  -0.0763   0.9877   0.1117
  -2.500   0.1662   0.02527   0.01762  -0.1213   0.9810   0.0606
  -2.250   0.2088   0.02385   0.01604  -0.1249   0.9774   0.0583
  -2.000   0.2519   0.02266   0.01465  -0.1284   0.9737   0.0563
  -1.750   0.2969   0.02173   0.01358  -0.1322   0.9711   0.0549
  -1.500   0.3363   0.02105   0.01288  -0.1350   0.9658   0.0544
  -1.250   0.3805   0.02048   0.01231  -0.1387   0.9617   0.0547
  -1.000   0.4210   0.02003   0.01185  -0.1417   0.9554   0.0563
  -0.750   0.4667   0.01958   0.01136  -0.1456   0.9510   0.0605
  -0.500   0.5112   0.01847   0.01103  -0.1499   0.9459   0.2531
  -0.250   0.5552   0.01767   0.01111  -0.1540   0.9419   0.5198
   0.000   0.5730   0.01651   0.01092  -0.1511   0.9332   1.0000
   0.250   0.6092   0.01640   0.01070  -0.1531   0.9257   1.0000
   0.500   0.6504   0.01615   0.01058  -0.1559   0.9203   1.0000
   1.000   0.7197   0.01562   0.00991  -0.1586   0.9028   1.0000
   1.250   0.7551   0.01523   0.00946  -0.1599   0.8943   1.0000
   1.500   0.7925   0.01473   0.00891  -0.1615   0.8868   1.0000
   1.750   0.8347   0.01409   0.00822  -0.1640   0.8803   1.0000
   2.250   0.9031   0.01326   0.00732  -0.1657   0.8557   1.0000
   3.250   1.0373   0.01226   0.00605  -0.1687   0.7801   1.0000
   3.500   1.0669   0.01231   0.00601  -0.1689   0.7571   1.0000
   3.750   1.0946   0.01244   0.00603  -0.1686   0.7315   1.0000
   4.000   1.1200   0.01264   0.00612  -0.1679   0.7034   1.0000
   4.250   1.1388   0.01293   0.00597  -0.1653   0.6418   1.0000
   4.500   1.1514   0.01356   0.00599  -0.1617   0.5576   1.0000
   4.750   1.1693   0.01412   0.00622  -0.1597   0.5059   1.0000
   5.000   1.1860   0.01477   0.00649  -0.1576   0.4543   1.0000
   5.250   1.2013   0.01553   0.00680  -0.1553   0.3922   1.0000
   5.500   1.2141   0.01655   0.00727  -0.1526   0.3169   1.0000
   5.750   1.2257   0.01790   0.00806  -0.1498   0.2251   1.0000
   6.000   1.2314   0.02006   0.00932  -0.1463   0.1016   1.0000
   6.250   1.2396   0.02207   0.01078  -0.1429   0.0293   1.0000
   6.500   1.2575   0.02308   0.01189  -0.1407   0.0256   1.0000
   6.750   1.2744   0.02418   0.01318  -0.1383   0.0248   1.0000
   7.000   1.2882   0.02549   0.01471  -0.1354   0.0250   1.0000
   7.250   1.2969   0.02709   0.01651  -0.1317   0.0257   1.0000
   7.500   1.3017   0.02896   0.01851  -0.1273   0.0268   1.0000
   7.750   1.3105   0.03140   0.02100  -0.1237   0.0282   1.0000
   8.000   1.3439   0.03475   0.02430  -0.1237   0.0311   1.0000
