  
       XFOIL         Version 6.99
  
 Calculated polar for: Airfoil_rR0.990400.txt                          
  
 1 1 Reynolds number fixed          Mach number fixed         
  
 xtrf =   1.000 (top)        1.000 (bottom)  
 Mach =   0.000     Re =     0.050 e 6     Ncrit =   9.000
  
   alpha    CL        CD       CDp       CM     Top_Xtr  Bot_Xtr
  ------ -------- --------- --------- -------- -------- --------
 -20.000  -0.6861   0.24868   0.23931   0.0404   1.0000   0.0342
 -19.750  -0.6768   0.24611   0.23675   0.0384   1.0000   0.0366
 -19.500  -0.6679   0.24433   0.23498   0.0361   1.0000   0.0389
 -19.250  -0.4279   0.22229   0.21410   0.0020   1.0000   0.0482
 -19.000  -0.4260   0.22180   0.21360   0.0006   1.0000   0.0496
 -18.500  -0.4172   0.21639   0.20823  -0.0012   1.0000   0.0518
 -18.250  -0.6218   0.22983   0.22059   0.0268   1.0000   0.0453
 -18.000  -0.4081   0.21149   0.20328  -0.0027   1.0000   0.0560
 -17.500  -0.6012   0.22768   0.21850   0.0192   1.0000   0.0501
 -17.000  -0.3967   0.20504   0.19682  -0.0067   1.0000   0.0615
 -16.750  -0.5677   0.21289   0.20375   0.0160   1.0000   0.0551
 -16.500  -0.5591   0.21034   0.20122   0.0142   1.0000   0.0577
 -16.250  -0.5522   0.20912   0.20001   0.0118   1.0000   0.0595
 -16.000  -0.5489   0.20974   0.20066   0.0090   1.0000   0.0601
 -15.750  -0.5339   0.20210   0.19306   0.0088   1.0000   0.0621
 -15.500  -0.3778   0.19346   0.18521  -0.0105   1.0000   0.0745
 -15.250  -0.5160   0.19611   0.18711   0.0059   1.0000   0.0681
 -15.000  -0.3791   0.19156   0.18329  -0.0121   1.0000   0.0795
 -14.750  -0.5028   0.19178   0.18287   0.0020   1.0000   0.0711
 -14.500  -0.4905   0.18691   0.17801   0.0016   1.0000   0.0749
 -14.250  -0.4834   0.18457   0.17570  -0.0001   1.0000   0.0783
 -14.000  -0.4818   0.18467   0.17583  -0.0027   1.0000   0.0800
 -13.750  -0.4676   0.17831   0.16952  -0.0029   1.0000   0.0830
 -13.500  -0.4593   0.17530   0.16654  -0.0040   1.0000   0.0872
 -13.250  -0.4573   0.17470   0.16598  -0.0064   1.0000   0.0897
 -13.000  -0.4454   0.16947   0.16080  -0.0068   1.0000   0.0927
 -12.750  -0.4367   0.16610   0.15745  -0.0078   1.0000   0.0963
 -12.250  -0.4344   0.16424   0.15568  -0.0121   1.0000   0.1001
 -12.000  -0.4166   0.15698   0.14847  -0.0115   1.0000   0.1033
 -11.750  -0.3607   0.15846   0.15032  -0.0198   1.0000   0.1100
 -11.500  -0.4076   0.15227   0.14383  -0.0144   1.0000   0.1094
 -11.250  -0.4052   0.15004   0.14167  -0.0160   1.0000   0.1107
 -11.000  -0.3904   0.14435   0.13601  -0.0156   1.0000   0.1147
  -9.500  -0.3277   0.12819   0.12043  -0.0243   1.0000   0.1394
  -8.750  -0.3274   0.12007   0.11255  -0.0260   1.0000   0.1504
  -8.500  -0.3124   0.11465   0.10716  -0.0248   1.0000   0.1570
  -8.250  -0.3242   0.11396   0.10658  -0.0260   1.0000   0.1601
  -8.000  -0.3568   0.11069   0.10317  -0.0247   1.0000   0.1602
  -7.750  -0.3240   0.10807   0.10089  -0.0250   1.0000   0.1700
  -7.500  -0.3116   0.10317   0.09605  -0.0236   1.0000   0.1766
  -7.250  -0.3447   0.10026   0.09301  -0.0219   1.0000   0.1773
  -6.750  -0.3386   0.09783   0.09111  -0.0205   1.0000   0.1899
  -6.500  -0.3309   0.09360   0.08695  -0.0182   1.0000   0.1963
  -6.250  -0.3604   0.09107   0.08428  -0.0199   1.0000   0.1992
  -4.750  -0.3503   0.07346   0.06714  -0.0183   1.0000   0.2526
  -4.500  -0.3437   0.07028   0.06402  -0.0179   1.0000   0.2656
  -4.250  -0.3354   0.06704   0.06081  -0.0190   1.0000   0.2823
  -3.500  -0.1714   0.04068   0.03199  -0.0584   1.0000   0.0892
  -3.250  -0.1273   0.03457   0.02479  -0.0620   1.0000   0.0796
  -3.000  -0.0860   0.03008   0.01935  -0.0639   1.0000   0.0804
  -2.750  -0.0482   0.02682   0.01566  -0.0647   1.0000   0.1015
  -2.500  -0.0244   0.02653   0.01586  -0.0650   1.0000   0.2025
  -2.250  -0.0000   0.02592   0.01530  -0.0651   1.0000   0.2458
  -2.000   0.0272   0.02498   0.01420  -0.0655   1.0000   0.2716
  -1.750   0.0532   0.02435   0.01355  -0.0658   1.0000   0.3094
  -1.500   0.0797   0.02368   0.01307  -0.0663   1.0000   0.3619
  -1.250   0.1099   0.02257   0.01248  -0.0673   1.0000   0.4584
  -1.000   0.1179   0.02049   0.01198  -0.0630   1.0000   1.0000
  -0.750   0.1414   0.02105   0.01195  -0.0636   1.0000   1.0000
  -0.500   0.1625   0.02165   0.01225  -0.0639   1.0000   1.0000
  -0.250   0.1828   0.02231   0.01268  -0.0642   1.0000   1.0000
   0.000   0.2026   0.02303   0.01322  -0.0645   1.0000   1.0000
   0.250   0.2217   0.02382   0.01387  -0.0649   1.0000   1.0000
   0.500   0.2405   0.02468   0.01461  -0.0653   1.0000   1.0000
   0.750   0.2604   0.02561   0.01545  -0.0661   0.9990   1.0000
   1.000   0.3122   0.02681   0.01653  -0.0729   0.9837   1.0000
   1.250   0.3613   0.02793   0.01756  -0.0790   0.9693   1.0000
   1.500   0.4020   0.02888   0.01847  -0.0834   0.9535   1.0000
   1.750   0.4460   0.02981   0.01938  -0.0881   0.9394   1.0000
   2.000   0.4808   0.03068   0.02025  -0.0911   0.9237   1.0000
   2.250   0.5229   0.03150   0.02106  -0.0951   0.9099   1.0000
   2.500   0.5521   0.03234   0.02190  -0.0968   0.8939   1.0000
   2.750   0.5914   0.03308   0.02266  -0.1000   0.8805   1.0000
   3.000   0.6181   0.03399   0.02359  -0.1011   0.8651   1.0000
   3.250   0.6555   0.03465   0.02428  -0.1037   0.8509   1.0000
   3.500   0.6822   0.03547   0.02513  -0.1044   0.8346   1.0000
   3.750   0.7200   0.03597   0.02569  -0.1066   0.8206   1.0000
   4.000   0.7421   0.03695   0.02672  -0.1066   0.8048   1.0000
   4.250   0.7772   0.03745   0.02730  -0.1081   0.7913   1.0000
   4.500   0.8024   0.03827   0.02819  -0.1082   0.7759   1.0000
   4.750   0.8368   0.03862   0.02864  -0.1091   0.7618   1.0000
   6.250   1.0681   0.02831   0.01884  -0.0977   0.6120   1.0000
   6.500   1.0881   0.02614   0.01640  -0.0918   0.5540   1.0000
   6.750   1.0895   0.02538   0.01505  -0.0847   0.4641   1.0000
   7.000   1.0919   0.02607   0.01521  -0.0798   0.3653   1.0000
   7.250   1.0855   0.02855   0.01652  -0.0748   0.2116   1.0000
   7.500   1.0812   0.03195   0.01908  -0.0710   0.1428   1.0000
   7.750   1.0795   0.03519   0.02193  -0.0673   0.1078   1.0000
   8.000   1.0798   0.03838   0.02486  -0.0636   0.0805   1.0000
   8.250   1.1019   0.04172   0.02817  -0.0611   0.0633   1.0000
   8.500   1.1577   0.04672   0.03334  -0.0618   0.0561   1.0000
   9.000   1.2088   0.05725   0.04493  -0.0590   0.0575   1.0000
   9.750   1.1678   0.07160   0.06122  -0.0454   0.0639   1.0000
  10.750   1.1111   0.09060   0.08127  -0.0366   0.0708   1.0000
  14.500   0.7831   0.19110   0.18345  -0.0806   0.1818   1.0000
  15.000   0.7723   0.19604   0.18840  -0.0821   0.1765   1.0000
  15.250   0.7730   0.19908   0.19145  -0.0824   0.1724   1.0000
  15.500   0.7819   0.20418   0.19654  -0.0824   0.1699   1.0000
  15.750   0.7677   0.20441   0.19679  -0.0839   0.1657   1.0000
  16.750   0.7785   0.21846   0.21083  -0.0855   0.1500   1.0000
  17.250   0.7713   0.22224   0.21464  -0.0877   0.1419   1.0000
