  
       XFOIL         Version 6.99
  
 Calculated polar for: Airfoil_rR0.955050.txt                          
  
 1 1 Reynolds number fixed          Mach number fixed         
  
 xtrf =   1.000 (top)        1.000 (bottom)  
 Mach =   0.000     Re =     0.050 e 6     Ncrit =   9.000
  
   alpha    CL        CD       CDp       CM     Top_Xtr  Bot_Xtr
  ------ -------- --------- --------- -------- -------- --------
 -19.500  -0.6688   0.24433   0.23498   0.0363   1.0000   0.0388
 -19.250  -0.6620   0.24505   0.23570   0.0331   1.0000   0.0399
 -19.000  -0.4263   0.22164   0.21343   0.0008   1.0000   0.0495
 -18.500  -0.4185   0.21682   0.20866  -0.0011   1.0000   0.0515
 -18.250  -0.6227   0.22994   0.22070   0.0271   1.0000   0.0451
 -18.000  -0.4088   0.21154   0.20333  -0.0025   1.0000   0.0553
 -17.750  -0.4054   0.20980   0.20158  -0.0035   1.0000   0.0576
 -17.500  -0.4035   0.20901   0.20078  -0.0047   1.0000   0.0592
 -17.250  -0.5881   0.21997   0.21087   0.0190   1.0000   0.0515
 -17.000  -0.5779   0.21600   0.20696   0.0178   1.0000   0.0533
 -16.750  -0.5687   0.21299   0.20385   0.0162   1.0000   0.0544
 -16.500  -0.5598   0.21028   0.20116   0.0145   1.0000   0.0570
 -16.250  -0.3863   0.19912   0.19087  -0.0086   1.0000   0.0684
 -16.000  -0.5480   0.20876   0.19968   0.0095   1.0000   0.0600
 -15.750  -0.5360   0.20295   0.19391   0.0087   1.0000   0.0614
 -15.500  -0.3789   0.19363   0.18538  -0.0104   1.0000   0.0737
 -15.250  -0.5165   0.19597   0.18697   0.0063   1.0000   0.0674
 -15.000  -0.5110   0.19488   0.18591   0.0039   1.0000   0.0695
 -14.750  -0.5104   0.19593   0.18699   0.0011   1.0000   0.0702
 -14.500  -0.4916   0.18703   0.17813   0.0017   1.0000   0.0740
 -14.250  -0.3701   0.18312   0.17486  -0.0131   1.0000   0.0867
 -14.000  -0.4806   0.18386   0.17502  -0.0022   1.0000   0.0798
 -13.750  -0.4696   0.17889   0.17009  -0.0030   1.0000   0.0820
 -13.500  -0.4598   0.17523   0.16646  -0.0038   1.0000   0.0864
 -13.250  -0.4563   0.17406   0.16533  -0.0059   1.0000   0.0895
 -13.000  -0.4482   0.17031   0.16163  -0.0071   1.0000   0.0916
 -12.250  -0.3546   0.16148   0.15330  -0.0173   1.0000   0.1059
 -12.000  -0.4177   0.15717   0.14865  -0.0114   1.0000   0.1030
 -11.750  -0.4099   0.15388   0.14540  -0.0123   1.0000   0.1065
 -11.500  -0.4076   0.15216   0.14372  -0.0141   1.0000   0.1093
 -11.000  -0.3913   0.14447   0.13612  -0.0155   1.0000   0.1143
 -10.000  -0.3425   0.13649   0.12862  -0.0240   1.0000   0.1302
  -9.250  -0.3230   0.12439   0.11669  -0.0243   1.0000   0.1421
  -8.250  -0.3233   0.11384   0.10646  -0.0258   1.0000   0.1600
  -8.000  -0.3099   0.10871   0.10139  -0.0245   1.0000   0.1662
  -7.750  -0.3407   0.10524   0.09777  -0.0231   1.0000   0.1669
  -7.500  -0.3115   0.10319   0.09607  -0.0235   1.0000   0.1763
  -7.000  -0.3188   0.09821   0.09132  -0.0212   1.0000   0.1860
  -6.750  -0.3378   0.09778   0.09105  -0.0204   1.0000   0.1899
  -6.000  -0.3571   0.08773   0.08103  -0.0182   1.0000   0.2050
  -5.500  -0.3610   0.08280   0.07627  -0.0195   1.0000   0.2210
  -4.500  -0.3432   0.07033   0.06407  -0.0179   1.0000   0.2656
  -3.500  -0.1792   0.04219   0.03389  -0.0567   1.0000   0.0950
  -3.250  -0.1274   0.03486   0.02511  -0.0620   1.0000   0.0798
  -3.000  -0.0870   0.03042   0.01978  -0.0638   1.0000   0.0799
  -2.750  -0.0496   0.02717   0.01612  -0.0647   1.0000   0.0960
  -2.500  -0.0217   0.02621   0.01546  -0.0652   1.0000   0.1936
  -2.250   0.0012   0.02585   0.01524  -0.0653   1.0000   0.2452
  -2.000   0.0284   0.02491   0.01414  -0.0656   1.0000   0.2717
  -1.750   0.0546   0.02428   0.01347  -0.0659   1.0000   0.3101
  -1.500   0.0811   0.02360   0.01299  -0.0664   1.0000   0.3626
  -1.250   0.1114   0.02246   0.01240  -0.0675   1.0000   0.4616
  -1.000   0.1194   0.02043   0.01189  -0.0632   1.0000   1.0000
  -0.750   0.1428   0.02098   0.01187  -0.0637   1.0000   1.0000
  -0.500   0.1639   0.02158   0.01216  -0.0640   1.0000   1.0000
  -0.250   0.1843   0.02223   0.01259  -0.0643   1.0000   1.0000
   0.000   0.2040   0.02295   0.01313  -0.0647   1.0000   1.0000
   0.250   0.2232   0.02374   0.01378  -0.0650   1.0000   1.0000
   0.500   0.2420   0.02459   0.01451  -0.0654   1.0000   1.0000
   0.750   0.2602   0.02551   0.01534  -0.0659   1.0000   1.0000
   1.000   0.3108   0.02670   0.01642  -0.0725   0.9849   1.0000
   1.250   0.3606   0.02783   0.01746  -0.0787   0.9706   1.0000
   1.500   0.4011   0.02878   0.01837  -0.0831   0.9546   1.0000
   1.750   0.4455   0.02973   0.01929  -0.0879   0.9406   1.0000
   2.000   0.4802   0.03059   0.02017  -0.0909   0.9248   1.0000
   2.250   0.5211   0.03143   0.02098  -0.0948   0.9107   1.0000
   2.500   0.5518   0.03226   0.02182  -0.0967   0.8950   1.0000
   2.750   0.5898   0.03302   0.02260  -0.0997   0.8812   1.0000
   3.000   0.6186   0.03391   0.02350  -0.1012   0.8662   1.0000
   3.250   0.6540   0.03461   0.02424  -0.1034   0.8516   1.0000
   3.500   0.6827   0.03539   0.02505  -0.1045   0.8357   1.0000
   3.750   0.7186   0.03595   0.02567  -0.1064   0.8212   1.0000
   4.000   0.7429   0.03686   0.02663  -0.1067   0.8058   1.0000
   4.250   0.7761   0.03744   0.02728  -0.1080   0.7919   1.0000
   4.500   0.8042   0.03813   0.02806  -0.1084   0.7769   1.0000
   4.750   0.8360   0.03861   0.02863  -0.1091   0.7624   1.0000
   6.500   1.0870   0.02588   0.01608  -0.0913   0.5480   1.0000
   6.750   1.0877   0.02533   0.01495  -0.0843   0.4566   1.0000
   7.000   1.0898   0.02614   0.01519  -0.0794   0.3537   1.0000
   7.250   1.0826   0.02888   0.01671  -0.0745   0.1964   1.0000
   7.500   1.0788   0.03227   0.01928  -0.0708   0.1387   1.0000
   7.750   1.0779   0.03545   0.02217  -0.0672   0.1019   1.0000
   8.000   1.0806   0.03871   0.02523  -0.0634   0.0768   1.0000
   8.250   1.1063   0.04215   0.02850  -0.0614   0.0616   1.0000
   8.750   1.1557   0.05148   0.03899  -0.0562   0.0564   1.0000
   9.250   1.2272   0.06420   0.05212  -0.0579   0.0600   1.0000
  10.000   1.2172   0.07965   0.06925  -0.0493   0.0703   1.0000
  10.750   1.1039   0.09089   0.08162  -0.0366   0.0710   1.0000
  11.000   1.0762   0.09562   0.08659  -0.0364   0.0712   1.0000
  15.250   0.7736   0.19926   0.19163  -0.0826   0.1724   1.0000
  15.500   0.7815   0.20417   0.19653  -0.0826   0.1699   1.0000
  15.750   0.7682   0.20454   0.19692  -0.0841   0.1655   1.0000
