  
       XFOIL         Version 6.99
  
 Calculated polar for: Airfoil_rR0.896617.txt                          
  
 1 1 Reynolds number fixed          Mach number fixed         
  
 xtrf =   1.000 (top)        1.000 (bottom)  
 Mach =   0.000     Re =     0.150 e 6     Ncrit =   9.000
  
   alpha    CL        CD       CDp       CM     Top_Xtr  Bot_Xtr
  ------ -------- --------- --------- -------- -------- --------
 -18.500  -0.6126   0.23371   0.22811   0.0237   1.0000   0.0100
 -18.250  -0.4069   0.21604   0.21106  -0.0060   1.0000   0.0101
 -18.000  -0.5955   0.22886   0.22328   0.0196   1.0000   0.0100
 -17.000  -0.3908   0.20663   0.20160  -0.0104   1.0000   0.0102
 -15.750  -0.3736   0.19089   0.18590  -0.0122   1.0000   0.0118
 -15.250  -0.5004   0.19337   0.18796   0.0002   1.0000   0.0105
 -14.750  -0.4806   0.18334   0.17796  -0.0007   1.0000   0.0117
 -14.500  -0.3632   0.17956   0.17455  -0.0148   1.0000   0.0144
 -14.250  -0.4639   0.17715   0.17181  -0.0032   1.0000   0.0128
 -14.000  -0.3591   0.17432   0.16931  -0.0160   1.0000   0.0157
 -13.750  -0.4477   0.17103   0.16572  -0.0059   1.0000   0.0140
 -13.500  -0.4398   0.16792   0.16263  -0.0073   1.0000   0.0148
 -13.250  -0.4320   0.16478   0.15950  -0.0086   1.0000   0.0156
 -13.000  -0.4243   0.16161   0.15635  -0.0100   1.0000   0.0165
 -12.750  -0.4168   0.15842   0.15318  -0.0114   1.0000   0.0175
 -12.250  -0.4032   0.15297   0.14776  -0.0153   1.0000   0.0196
 -12.000  -0.4013   0.15175   0.14655  -0.0182   1.0000   0.0200
 -11.750  -0.3997   0.15015   0.14498  -0.0207   1.0000   0.0202
 -11.250  -0.3767   0.13914   0.13407  -0.0186   1.0000   0.0249
 -10.750  -0.3662   0.13382   0.12879  -0.0221   1.0000   0.0294
  -5.750  -0.3709   0.07943   0.07551  -0.0216   1.0000   0.0641
  -5.500  -0.3674   0.07645   0.07255  -0.0230   1.0000   0.0665
  -4.500  -0.2658   0.05607   0.05183  -0.0503   0.9925   0.0816
  -3.500  -0.0498   0.02196   0.01424  -0.0796   0.9856   0.0338
  -3.250  -0.0033   0.01855   0.01020  -0.0819   0.9846   0.0320
  -3.000   0.0440   0.01649   0.00809  -0.0850   0.9825   0.0613
  -2.750   0.0840   0.01640   0.00810  -0.0882   0.9763   0.0960
  -2.500   0.1250   0.01669   0.00844  -0.0921   0.9703   0.1306
  -2.250   0.1616   0.01615   0.00805  -0.0946   0.9633   0.1513
  -2.000   0.2010   0.01566   0.00777  -0.0978   0.9577   0.1855
  -1.750   0.2399   0.01517   0.00757  -0.1009   0.9516   0.2470
  -1.500   0.2761   0.01455   0.00740  -0.1034   0.9446   0.3430
  -1.250   0.3122   0.01321   0.00735  -0.1057   0.9410   0.6927
  -1.000   0.3416   0.01262   0.00711  -0.1055   0.9327   1.0000
  -0.750   0.3786   0.01255   0.00689  -0.1078   0.9251   1.0000
  -0.500   0.4175   0.01239   0.00662  -0.1104   0.9192   1.0000
  -0.250   0.4511   0.01227   0.00642  -0.1118   0.9109   1.0000
   0.000   0.4827   0.01216   0.00624  -0.1128   0.9017   1.0000
   0.250   0.5145   0.01201   0.00603  -0.1137   0.8925   1.0000
   0.500   0.5457   0.01187   0.00584  -0.1145   0.8831   1.0000
   0.750   0.5760   0.01175   0.00568  -0.1150   0.8731   1.0000
   1.000   0.6055   0.01165   0.00556  -0.1154   0.8624   1.0000
   1.250   0.6343   0.01158   0.00543  -0.1156   0.8513   1.0000
   1.500   0.6622   0.01154   0.00534  -0.1156   0.8391   1.0000
   1.750   0.6881   0.01156   0.00530  -0.1153   0.8244   1.0000
   2.000   0.7154   0.01152   0.00520  -0.1151   0.8106   1.0000
   2.250   0.7409   0.01154   0.00516  -0.1146   0.7943   1.0000
   2.500   0.7674   0.01149   0.00501  -0.1141   0.7766   1.0000
   2.750   0.7925   0.01150   0.00489  -0.1133   0.7542   1.0000
   3.250   0.8402   0.01160   0.00472  -0.1112   0.6997   1.0000
   4.000   0.9123   0.01217   0.00487  -0.1089   0.6246   1.0000
   4.250   0.9361   0.01238   0.00501  -0.1082   0.6002   1.0000
   4.750   0.9838   0.01294   0.00533  -0.1069   0.5563   1.0000
   5.000   1.0070   0.01325   0.00555  -0.1061   0.5313   1.0000
   5.250   1.0236   0.01375   0.00561  -0.1040   0.4628   1.0000
   5.500   1.0375   0.01463   0.00584  -0.1017   0.3666   1.0000
   5.750   1.0567   0.01535   0.00625  -0.1006   0.2969   1.0000
   6.500   1.0993   0.01951   0.00852  -0.0954   0.0631   1.0000
   6.750   1.1155   0.02082   0.00975  -0.0934   0.0380   1.0000
   7.250   1.1460   0.02356   0.01280  -0.0887   0.0245   1.0000
   7.500   1.1567   0.02529   0.01468  -0.0856   0.0237   1.0000
