  
       XFOIL         Version 6.99
  
 Calculated polar for: Airfoil_rR0.362833.txt                          
  
 1 1 Reynolds number fixed          Mach number fixed         
  
 xtrf =   1.000 (top)        1.000 (bottom)  
 Mach =   0.000     Re =     0.150 e 6     Ncrit =   9.000
  
   alpha    CL        CD       CDp       CM     Top_Xtr  Bot_Xtr
  ------ -------- --------- --------- -------- -------- --------
 -18.000  -0.3701   0.21227   0.20736  -0.0150   1.0000   0.0234
 -10.500  -0.3369   0.13794   0.13334  -0.0245   1.0000   0.0597
  -9.250  -0.3177   0.12321   0.11877  -0.0218   1.0000   0.0615
  -9.000  -0.3140   0.12077   0.11635  -0.0210   1.0000   0.0621
  -8.000  -0.3335   0.10992   0.10551  -0.0183   1.0000   0.0641
  -7.750  -0.3106   0.10994   0.10573  -0.0171   1.0000   0.0658
  -7.000  -0.3447   0.10271   0.09850  -0.0145   1.0000   0.0678
  -6.750  -0.3568   0.10165   0.09750  -0.0132   1.0000   0.0688
  -6.500  -0.3795   0.10139   0.09732  -0.0117   1.0000   0.0695
  -6.250  -0.3924   0.09971   0.09569  -0.0179   1.0000   0.0700
  -5.750  -0.3706   0.09555   0.09178  -0.0099   1.0000   0.0710
  -5.250  -0.3554   0.09059   0.08688  -0.0090   0.9979   0.0726
  -3.500  -0.1574   0.06160   0.05757  -0.0622   0.9628   0.0926
  -3.250  -0.0981   0.05599   0.05176  -0.0769   0.9591   0.1013
  -2.250   0.0759   0.04339   0.03882  -0.1026   0.9403   0.1340
  -2.000   0.1252   0.04033   0.03553  -0.1101   0.9342   0.1515
  -1.750   0.2417   0.02674   0.01942  -0.1288   0.9420   0.0583
  -1.500   0.2872   0.02472   0.01695  -0.1320   0.9382   0.0530
  -1.000   0.3673   0.02283   0.01478  -0.1363   0.9263   0.0493
  -0.750   0.4104   0.02187   0.01384  -0.1392   0.9214   0.0487
  -0.500   0.4478   0.02119   0.01318  -0.1410   0.9143   0.0485
   0.000   0.5303   0.01995   0.01223  -0.1459   0.9025   0.0559
   0.250   0.5727   0.01881   0.01171  -0.1488   0.8960   0.2095
   0.500   0.6179   0.01764   0.01142  -0.1522   0.8910   0.4795
   0.750   0.6534   0.01681   0.01108  -0.1532   0.8831   0.6574
   1.000   0.6802   0.01569   0.01043  -0.1517   0.8751   1.0000
   1.250   0.7260   0.01503   0.00964  -0.1547   0.8704   1.0000
   1.500   0.7637   0.01455   0.00907  -0.1561   0.8610   1.0000
   1.750   0.8047   0.01398   0.00842  -0.1581   0.8513   1.0000
   2.000   0.8501   0.01337   0.00773  -0.1610   0.8409   1.0000
   2.250   0.8870   0.01302   0.00731  -0.1623   0.8237   1.0000
   2.500   0.9349   0.01258   0.00677  -0.1659   0.8060   1.0000
   2.750   0.9782   0.01239   0.00646  -0.1686   0.7821   1.0000
   3.000   1.0192   0.01231   0.00622  -0.1709   0.7549   1.0000
   3.250   1.0530   0.01240   0.00614  -0.1718   0.7237   1.0000
   3.500   1.0830   0.01262   0.00615  -0.1720   0.6910   1.0000
   3.750   1.1087   0.01292   0.00626  -0.1713   0.6579   1.0000
   4.000   1.1329   0.01328   0.00642  -0.1704   0.6258   1.0000
   4.250   1.1548   0.01367   0.00663  -0.1690   0.5938   1.0000
   4.500   1.1728   0.01414   0.00685  -0.1669   0.5531   1.0000
   4.750   1.1844   0.01478   0.00705  -0.1635   0.4956   1.0000
   5.000   1.1950   0.01550   0.00732  -0.1600   0.4377   1.0000
   5.250   1.2114   0.01607   0.00765  -0.1579   0.4012   1.0000
   5.500   1.2285   0.01665   0.00800  -0.1559   0.3697   1.0000
   5.750   1.2450   0.01724   0.00836  -0.1539   0.3373   1.0000
   6.000   1.2603   0.01787   0.00872  -0.1517   0.3016   1.0000
   6.250   1.2742   0.01862   0.00913  -0.1493   0.2594   1.0000
   6.500   1.2881   0.01952   0.00972  -0.1468   0.2136   1.0000
   6.750   1.2990   0.02083   0.01055  -0.1441   0.1469   1.0000
   7.000   1.3114   0.02211   0.01146  -0.1415   0.0998   1.0000
   7.250   1.3159   0.02417   0.01295  -0.1378   0.0293   1.0000
   7.500   1.3312   0.02517   0.01398  -0.1355   0.0259   1.0000
   7.750   1.3472   0.02611   0.01506  -0.1333   0.0247   1.0000
   8.000   1.3625   0.02710   0.01623  -0.1309   0.0244   1.0000
   8.250   1.3685   0.02906   0.01912  -0.1264   0.0252   1.0000
   8.500   1.3744   0.03069   0.02094  -0.1226   0.0262   1.0000
   8.750   1.3781   0.03249   0.02291  -0.1188   0.0272   1.0000
   9.000   1.3815   0.03456   0.02507  -0.1152   0.0282   1.0000
   9.250   1.3885   0.03709   0.02764  -0.1122   0.0293   1.0000
   9.500   1.4077   0.03889   0.02947  -0.1106   0.0310   1.0000
