  
       XFOIL         Version 6.99
  
 Calculated polar for: Airfoil_rR0.683100.txt                          
  
 1 1 Reynolds number fixed          Mach number fixed         
  
 xtrf =   1.000 (top)        1.000 (bottom)  
 Mach =   0.000     Re =     0.250 e 6     Ncrit =   9.000
  
   alpha    CL        CD       CDp       CM     Top_Xtr  Bot_Xtr
  ------ -------- --------- --------- -------- -------- --------
 -16.000  -0.3663   0.20002   0.19605  -0.0204   1.0000   0.0100
 -13.750  -0.3485   0.17315   0.16926  -0.0218   1.0000   0.0158
 -13.500  -0.3464   0.17035   0.16646  -0.0221   1.0000   0.0172
 -10.750  -0.3583   0.13380   0.12993  -0.0239   1.0000   0.0221
  -9.250  -0.3194   0.11944   0.11589  -0.0240   1.0000   0.0289
  -9.000  -0.3225   0.11717   0.11365  -0.0241   1.0000   0.0293
  -8.750  -0.3275   0.11509   0.11161  -0.0241   1.0000   0.0296
  -8.250  -0.3376   0.11057   0.10717  -0.0230   1.0000   0.0298
  -8.000  -0.3650   0.10684   0.10336  -0.0220   1.0000   0.0298
  -7.250  -0.3906   0.10120   0.09787  -0.0172   1.0000   0.0299
  -7.000  -0.3929   0.09843   0.09515  -0.0174   1.0000   0.0300
  -6.750  -0.3613   0.09476   0.09160  -0.0211   0.9974   0.0301
  -6.000  -0.3343   0.07665   0.07342  -0.0369   0.9909   0.0312
  -5.750  -0.3075   0.07171   0.06847  -0.0429   0.9862   0.0320
  -5.500  -0.2726   0.06612   0.06284  -0.0518   0.9820   0.0333
  -5.250  -0.2279   0.05878   0.05541  -0.0648   0.9776   0.0359
  -3.250   0.1669   0.02074   0.01418  -0.1309   0.9624   0.0496
  -3.000   0.2102   0.01879   0.01201  -0.1347   0.9615   0.0472
  -2.750   0.2534   0.01748   0.01049  -0.1382   0.9603   0.0450
  -2.500   0.2877   0.01659   0.00950  -0.1398   0.9552   0.0437
  -2.250   0.3274   0.01583   0.00871  -0.1426   0.9525   0.0430
  -2.000   0.3684   0.01520   0.00807  -0.1457   0.9506   0.0428
  -1.750   0.4009   0.01476   0.00763  -0.1471   0.9447   0.0432
  -1.500   0.4400   0.01428   0.00714  -0.1498   0.9416   0.0443
  -1.250   0.4746   0.01391   0.00675  -0.1515   0.9365   0.0469
  -1.000   0.5150   0.01309   0.00634  -0.1546   0.9332   0.1489
  -0.750   0.5554   0.01249   0.00608  -0.1578   0.9307   0.2549
  -0.500   0.5874   0.01209   0.00593  -0.1591   0.9241   0.3357
  -0.250   0.6270   0.01134   0.00580  -0.1621   0.9215   0.5325
   0.000   0.6576   0.01058   0.00572  -0.1626   0.9160   0.7560
   0.250   0.6825   0.00980   0.00537  -0.1613   0.9105   1.0000
   0.500   0.7139   0.00958   0.00508  -0.1620   0.9019   1.0000
   0.750   0.7467   0.00933   0.00477  -0.1630   0.8926   1.0000
   1.000   0.7811   0.00906   0.00442  -0.1643   0.8822   1.0000
   1.250   0.8162   0.00883   0.00411  -0.1658   0.8703   1.0000
   1.500   0.8463   0.00875   0.00395  -0.1662   0.8535   1.0000
   1.750   0.8778   0.00869   0.00380  -0.1669   0.8364   1.0000
   2.000   0.9064   0.00871   0.00373  -0.1671   0.8166   1.0000
   2.250   0.9347   0.00877   0.00368  -0.1672   0.7957   1.0000
   2.500   0.9625   0.00888   0.00366  -0.1672   0.7741   1.0000
   2.750   0.9893   0.00905   0.00369  -0.1670   0.7513   1.0000
   3.000   1.0139   0.00926   0.00375  -0.1663   0.7221   1.0000
   3.250   1.0372   0.00952   0.00382  -0.1653   0.6886   1.0000
   3.500   1.0601   0.00983   0.00393  -0.1643   0.6563   1.0000
   3.750   1.0810   0.01022   0.00408  -0.1629   0.6144   1.0000
   4.000   1.0947   0.01095   0.00425  -0.1600   0.5345   1.0000
   4.250   1.1098   0.01170   0.00452  -0.1576   0.4606   1.0000
   4.500   1.1293   0.01227   0.00480  -0.1562   0.4114   1.0000
   4.750   1.1471   0.01298   0.00512  -0.1545   0.3560   1.0000
   5.250   1.1777   0.01512   0.00607  -0.1508   0.1870   1.0000
   5.500   1.1883   0.01688   0.00700  -0.1481   0.0795   1.0000
   6.000   1.2238   0.01896   0.00884  -0.1442   0.0185   1.0000
   6.250   1.2445   0.01969   0.00972  -0.1426   0.0185   1.0000
   6.500   1.2630   0.02065   0.01088  -0.1404   0.0190   1.0000
