  
       XFOIL         Version 6.99
  
 Calculated polar for: Airfoil_rR0.629717.txt                          
  
 1 1 Reynolds number fixed          Mach number fixed         
  
 xtrf =   1.000 (top)        1.000 (bottom)  
 Mach =   0.000     Re =     0.150 e 6     Ncrit =   9.000
  
   alpha    CL        CD       CDp       CM     Top_Xtr  Bot_Xtr
  ------ -------- --------- --------- -------- -------- --------
 -16.000  -0.4725   0.19950   0.19406  -0.0114   1.0000   0.0210
 -15.750  -0.4648   0.19602   0.19061  -0.0118   1.0000   0.0216
 -15.500  -0.4578   0.19298   0.18761  -0.0125   1.0000   0.0222
 -14.750  -0.4386   0.18357   0.17819  -0.0150   1.0000   0.0231
 -13.750  -0.3516   0.17736   0.17237  -0.0234   1.0000   0.0296
 -13.250  -0.3534   0.17313   0.16815  -0.0248   1.0000   0.0298
 -12.250  -0.3962   0.16018   0.15503  -0.0251   1.0000   0.0299
 -12.000  -0.3949   0.15790   0.15279  -0.0261   1.0000   0.0300
 -11.250  -0.3683   0.14219   0.13718  -0.0244   1.0000   0.0312
 -10.750  -0.3584   0.13586   0.13091  -0.0240   1.0000   0.0324
  -9.750  -0.3468   0.12437   0.11956  -0.0240   1.0000   0.0359
  -8.000  -0.3286   0.10648   0.10216  -0.0213   1.0000   0.0426
  -7.250  -0.3671   0.09891   0.09461  -0.0169   1.0000   0.0455
  -7.000  -0.3637   0.09901   0.09493  -0.0154   1.0000   0.0491
  -5.750  -0.3827   0.08309   0.07912  -0.0174   1.0000   0.0648
  -5.500  -0.3538   0.07666   0.07263  -0.0357   1.0000   0.0705
  -5.000  -0.3499   0.07406   0.07015  -0.0262   1.0000   0.0761
  -4.750  -0.3279   0.07005   0.06612  -0.0332   1.0000   0.0823
  -4.500  -0.3070   0.06750   0.06357  -0.0361   0.9991   0.0868
  -3.750  -0.1531   0.05299   0.04871  -0.0710   0.9875   0.1021
  -3.000  -0.0113   0.04321   0.03856  -0.0942   0.9756   0.1247
  -2.250   0.1815   0.03066   0.02430  -0.1241   0.9710   0.1106
  -2.000   0.2126   0.03018   0.02412  -0.1264   0.9644   0.1321
  -1.500   0.3383   0.02216   0.01403  -0.1378   0.9663   0.0525
  -1.250   0.3818   0.02150   0.01332  -0.1412   0.9621   0.0514
  -1.000   0.4239   0.02093   0.01277  -0.1444   0.9565   0.0512
  -0.750   0.4692   0.02039   0.01224  -0.1483   0.9516   0.0517
  -0.500   0.5078   0.02001   0.01185  -0.1509   0.9446   0.0534
  -0.250   0.5516   0.01963   0.01145  -0.1543   0.9405   0.0583
   0.000   0.5952   0.01851   0.01137  -0.1585   0.9350   0.3351
   0.250   0.6236   0.01682   0.01147  -0.1579   0.9304   1.0000
   0.500   0.6584   0.01663   0.01116  -0.1594   0.9215   1.0000
   0.750   0.6936   0.01640   0.01083  -0.1609   0.9129   1.0000
   1.000   0.7299   0.01606   0.01041  -0.1625   0.9043   1.0000
   1.250   0.7670   0.01560   0.00989  -0.1640   0.8962   1.0000
   1.750   0.8374   0.00861   0.00293  -0.1641   0.8712   1.0000
   2.000   0.8815   0.01390   0.00806  -0.1689   0.8710   1.0000
   2.250   0.9175   0.01343   0.00755  -0.1701   0.8587   1.0000
   2.500   0.9527   0.01298   0.00705  -0.1710   0.8429   1.0000
   2.750   0.9869   0.01265   0.00667  -0.1718   0.8235   1.0000
   3.000   1.0215   0.01242   0.00636  -0.1728   0.8029   1.0000
   3.250   1.0544   0.01234   0.00619  -0.1735   0.7808   1.0000
   3.500   1.0850   0.01237   0.00612  -0.1738   0.7558   1.0000
   3.750   1.1132   0.01250   0.00611  -0.1736   0.7278   1.0000
   4.000   1.1379   0.01271   0.00611  -0.1725   0.6901   1.0000
   4.250   1.1534   0.01316   0.00602  -0.1693   0.6123   1.0000
   4.500   1.1677   0.01384   0.00615  -0.1663   0.5398   1.0000
   4.750   1.1855   0.01442   0.00641  -0.1643   0.4906   1.0000
   5.000   1.2019   0.01510   0.00671  -0.1621   0.4388   1.0000
   5.250   1.2161   0.01593   0.00705  -0.1596   0.3734   1.0000
   5.500   1.2282   0.01704   0.00760  -0.1568   0.2924   1.0000
   5.750   1.2387   0.01854   0.00847  -0.1538   0.1934   1.0000
   6.000   1.2480   0.02037   0.00962  -0.1507   0.0967   1.0000
   6.250   1.2560   0.02239   0.01108  -0.1473   0.0282   1.0000
   6.500   1.2742   0.02335   0.01216  -0.1452   0.0255   1.0000
   6.750   1.2913   0.02441   0.01341  -0.1428   0.0249   1.0000
   7.000   1.3057   0.02566   0.01488  -0.1400   0.0252   1.0000
   7.250   1.3146   0.02717   0.01660  -0.1362   0.0260   1.0000
   7.500   1.3197   0.02895   0.01852  -0.1319   0.0270   1.0000
   8.000   1.3522   0.03456   0.02414  -0.1270   0.0305   1.0000
