  
       XFOIL         Version 6.99
  
 Calculated polar for: Airfoil_rR0.469583.txt                          
  
 1 1 Reynolds number fixed          Mach number fixed         
  
 xtrf =   1.000 (top)        1.000 (bottom)  
 Mach =   0.000     Re =     0.100 e 6     Ncrit =   9.000
  
   alpha    CL        CD       CDp       CM     Top_Xtr  Bot_Xtr
  ------ -------- --------- --------- -------- -------- --------
 -20.000  -0.5764   0.24277   0.23586   0.0068   1.0000   0.0222
 -19.750  -0.5688   0.24017   0.23328   0.0057   1.0000   0.0230
 -19.500  -0.3905   0.22522   0.21918  -0.0119   1.0000   0.0281
 -19.000  -0.5462   0.23247   0.22563   0.0021   1.0000   0.0262
 -18.750  -0.5387   0.22986   0.22304   0.0008   1.0000   0.0273
 -17.500  -0.5074   0.22166   0.21495  -0.0071   1.0000   0.0298
 -17.000  -0.3662   0.20843   0.20244  -0.0176   1.0000   0.0313
 -16.250  -0.4694   0.20308   0.19653  -0.0109   1.0000   0.0310
 -16.000  -0.4612   0.19957   0.19305  -0.0111   1.0000   0.0317
 -13.750  -0.4116   0.17639   0.17023  -0.0196   1.0000   0.0397
 -13.000  -0.3425   0.16601   0.16007  -0.0220   1.0000   0.0436
 -12.000  -0.3546   0.15840   0.15253  -0.0258   1.0000   0.0500
 -11.750  -0.3884   0.15272   0.14666  -0.0249   1.0000   0.0500
  -9.750  -0.3379   0.13237   0.12684  -0.0248   1.0000   0.0799
  -9.250  -0.3174   0.12425   0.11880  -0.0223   1.0000   0.0822
  -9.000  -0.3418   0.11975   0.11417  -0.0218   1.0000   0.0822
  -8.500  -0.3104   0.11721   0.11189  -0.0205   1.0000   0.0858
  -8.250  -0.3347   0.11308   0.10763  -0.0199   1.0000   0.0859
  -8.000  -0.3356   0.11121   0.10581  -0.0194   1.0000   0.0873
  -7.500  -0.3524   0.11324   0.10820  -0.0191   1.0000   0.0900
  -7.250  -0.3377   0.10859   0.10359  -0.0176   1.0000   0.0906
  -6.750  -0.3593   0.10249   0.09742  -0.0142   1.0000   0.0915
  -6.500  -0.3587   0.10041   0.09539  -0.0123   1.0000   0.0926
  -6.250  -0.3624   0.09872   0.09376  -0.0104   1.0000   0.0938
  -6.000  -0.3657   0.09694   0.09205  -0.0093   1.0000   0.0953
  -5.750  -0.3550   0.09683   0.09217  -0.0097   1.0000   0.0990
  -5.500  -0.3712   0.09299   0.08820  -0.0221   1.0000   0.1001
  -4.750  -0.3605   0.08542   0.08078  -0.0123   1.0000   0.1032
  -4.500  -0.3440   0.08451   0.08009  -0.0108   1.0000   0.1070
  -4.250  -0.3302   0.07878   0.07413  -0.0255   1.0000   0.1106
  -4.000  -0.3266   0.07665   0.07206  -0.0222   1.0000   0.1118
  -3.750  -0.3173   0.07447   0.06992  -0.0218   1.0000   0.1143
  -3.500  -0.2867   0.07164   0.06724  -0.0281   1.0000   0.1211
  -3.250  -0.2513   0.06806   0.06353  -0.0383   1.0000   0.1299
  -2.750  -0.2304   0.06260   0.05799  -0.0388   1.0000   0.1343
  -1.250   0.1471   0.03705   0.03061  -0.1067   0.9719   0.1231
  -1.000   0.2283   0.03049   0.02211  -0.1157   0.9719   0.0691
  -0.750   0.2721   0.02919   0.02060  -0.1191   0.9648   0.0659
  -0.500   0.3181   0.02816   0.01928  -0.1225   0.9580   0.0628
  -0.250   0.3628   0.02748   0.01851  -0.1257   0.9506   0.0615
   0.000   0.4035   0.02692   0.01796  -0.1283   0.9416   0.0614
   0.250   0.4452   0.02647   0.01753  -0.1311   0.9326   0.0628
   0.500   0.4873   0.02611   0.01754  -0.1340   0.9236   0.0709
   0.750   0.5354   0.02504   0.01715  -0.1381   0.9161   0.2477
   1.250   0.6072   0.02298   0.01663  -0.1402   0.8960   1.0000
   1.750   0.6921   0.02232   0.01568  -0.1451   0.8752   1.0000
   2.000   0.7342   0.02187   0.01514  -0.1473   0.8646   1.0000
   2.250   0.7774   0.02125   0.01446  -0.1496   0.8542   1.0000
   2.500   0.8227   0.02042   0.01358  -0.1520   0.8443   1.0000
   2.750   0.8682   0.01954   0.01266  -0.1543   0.8339   1.0000
   3.250   0.9641   0.01767   0.01074  -0.1599   0.8069   1.0000
   3.500   1.0137   0.01693   0.00996  -0.1631   0.7876   1.0000
   3.750   1.0589   0.01642   0.00940  -0.1656   0.7625   1.0000
   4.000   1.0993   0.01618   0.00904  -0.1674   0.7320   1.0000
   4.250   1.1349   0.01617   0.00887  -0.1682   0.6973   1.0000
   4.500   1.1658   0.01636   0.00888  -0.1683   0.6614   1.0000
   4.750   1.1842   0.01666   0.00879  -0.1655   0.6039   1.0000
   5.000   1.1952   0.01724   0.00876  -0.1615   0.5305   1.0000
   5.250   1.2098   0.01788   0.00902  -0.1587   0.4782   1.0000
   5.500   1.2264   0.01850   0.00936  -0.1565   0.4374   1.0000
   5.750   1.2417   0.01918   0.00972  -0.1542   0.3949   1.0000
   6.000   1.2557   0.01996   0.01017  -0.1516   0.3497   1.0000
   6.250   1.2707   0.02079   0.01079  -0.1492   0.3047   1.0000
   6.500   1.2803   0.02203   0.01154  -0.1460   0.2316   1.0000
   6.750   1.2947   0.02312   0.01236  -0.1435   0.1831   1.0000
   7.250   1.3080   0.02734   0.01534  -0.1368   0.0383   1.0000
   7.500   1.3217   0.02869   0.01679  -0.1341   0.0341   1.0000
   7.750   1.3342   0.03010   0.01836  -0.1312   0.0326   1.0000
   8.000   1.3445   0.03161   0.02008  -0.1280   0.0321   1.0000
   8.250   1.3519   0.03324   0.02192  -0.1246   0.0321   1.0000
   8.500   1.3572   0.03503   0.02389  -0.1209   0.0325   1.0000
   9.000   1.4433   0.04542   0.03505  -0.1229   0.0407   1.0000
   9.250   1.4803   0.05328   0.04403  -0.1215   0.0512   1.0000
  15.750   0.9844   0.24103   0.23699  -0.1644   0.1010   1.0000
