  
       XFOIL         Version 6.99
  
 Calculated polar for: Airfoil_rR0.975250.txt                          
  
 1 1 Reynolds number fixed          Mach number fixed         
  
 xtrf =   1.000 (top)        1.000 (bottom)  
 Mach =   0.000     Re =     0.250 e 6     Ncrit =   9.000
  
   alpha    CL        CD       CDp       CM     Top_Xtr  Bot_Xtr
  ------ -------- --------- --------- -------- -------- --------
 -18.250  -0.6184   0.22874   0.22447   0.0294   1.0000   0.0093
 -16.500  -0.3845   0.19770   0.19383  -0.0066   1.0000   0.0097
 -14.750  -0.3720   0.18400   0.18009  -0.0113   1.0000   0.0099
 -13.500  -0.3629   0.17036   0.16643  -0.0147   1.0000   0.0100
 -13.250  -0.3606   0.16734   0.16342  -0.0155   1.0000   0.0100
 -12.750  -0.4252   0.16021   0.15611  -0.0085   1.0000   0.0100
 -11.250  -0.3838   0.13993   0.13592  -0.0170   1.0000   0.0102
 -10.250  -0.3237   0.12374   0.11998  -0.0240   1.0000   0.0123
  -8.000  -0.3070   0.09612   0.09265  -0.0309   1.0000   0.0201
  -5.750  -0.3119   0.06819   0.06497  -0.0406   0.9907   0.0349
  -4.000  -0.0189   0.02109   0.01495  -0.0928   0.9618   0.0386
  -3.750   0.0248   0.01525   0.00809  -0.0938   0.9610   0.0255
  -3.500   0.0622   0.01328   0.00588  -0.0950   0.9570   0.0236
  -3.250   0.1008   0.01229   0.00476  -0.0968   0.9531   0.0369
  -3.000   0.1393   0.01178   0.00448  -0.0994   0.9505   0.0848
  -2.750   0.1702   0.01160   0.00440  -0.1006   0.9441   0.1023
  -2.500   0.2054   0.01133   0.00433  -0.1028   0.9404   0.1410
  -2.250   0.2347   0.01100   0.00414  -0.1036   0.9332   0.1687
  -2.000   0.2652   0.01066   0.00396  -0.1046   0.9271   0.2102
  -1.750   0.2954   0.01031   0.00380  -0.1056   0.9209   0.2625
  -1.500   0.3226   0.00993   0.00367  -0.1059   0.9123   0.3289
  -1.250   0.3484   0.00930   0.00357  -0.1061   0.9029   0.4785
  -1.000   0.3645   0.00811   0.00357  -0.1031   0.8938   0.8607
  -0.500   0.4284   0.00787   0.00321  -0.1052   0.8753   1.0000
  -0.250   0.4550   0.00787   0.00311  -0.1051   0.8644   1.0000
   0.000   0.4812   0.00788   0.00304  -0.1050   0.8527   1.0000
   0.250   0.5075   0.00791   0.00298  -0.1049   0.8408   1.0000
   0.500   0.5332   0.00795   0.00295  -0.1048   0.8277   1.0000
   0.750   0.5589   0.00800   0.00293  -0.1046   0.8135   1.0000
   1.000   0.5846   0.00803   0.00290  -0.1044   0.7980   1.0000
   1.250   0.6105   0.00808   0.00284  -0.1041   0.7829   1.0000
   1.500   0.6360   0.00817   0.00281  -0.1038   0.7650   1.0000
   1.750   0.6607   0.00829   0.00278  -0.1033   0.7418   1.0000
   2.000   0.6844   0.00842   0.00273  -0.1025   0.7099   1.0000
   2.250   0.7081   0.00858   0.00268  -0.1017   0.6773   1.0000
   2.500   0.7325   0.00880   0.00273  -0.1013   0.6515   1.0000
   2.750   0.7573   0.00900   0.00281  -0.1010   0.6285   1.0000
   3.000   0.7820   0.00918   0.00290  -0.1006   0.6013   1.0000
   3.250   0.8062   0.00944   0.00297  -0.1002   0.5781   1.0000
   3.500   0.8306   0.00970   0.00310  -0.0998   0.5561   1.0000
   4.000   0.8800   0.01019   0.00340  -0.0992   0.5123   1.0000
   4.250   0.9040   0.01047   0.00354  -0.0988   0.4852   1.0000
   4.500   0.9276   0.01081   0.00374  -0.0983   0.4610   1.0000
   4.750   0.9510   0.01117   0.00397  -0.0977   0.4294   1.0000
   5.250   0.9767   0.01414   0.00517  -0.0940   0.1404   1.0000
   5.750   1.0163   0.01590   0.00631  -0.0922   0.0611   1.0000
   6.000   1.0396   0.01632   0.00664  -0.0917   0.0499   1.0000
   6.500   1.0852   0.01729   0.00729  -0.0906   0.0297   1.0000
   7.250   1.1446   0.02003   0.01043  -0.0860   0.0179   1.0000
   7.500   1.1565   0.02173   0.01234  -0.0831   0.0185   1.0000
   7.750   1.1640   0.02401   0.01477  -0.0795   0.0194   1.0000
  18.500   0.7854   0.22893   0.22535  -0.0935   0.0221   1.0000
