  
       XFOIL         Version 6.99
  
 Calculated polar for: Airfoil_rR0.736483.txt                          
  
 1 1 Reynolds number fixed          Mach number fixed         
  
 xtrf =   1.000 (top)        1.000 (bottom)  
 Mach =   0.000     Re =     0.150 e 6     Ncrit =   9.000
  
   alpha    CL        CD       CDp       CM     Top_Xtr  Bot_Xtr
  ------ -------- --------- --------- -------- -------- --------
 -20.000  -0.6047   0.24679   0.24094   0.0122   1.0000   0.0099
 -19.750  -0.5970   0.24478   0.23894   0.0102   1.0000   0.0099
 -19.250  -0.5821   0.24109   0.23527   0.0064   1.0000   0.0100
 -17.500  -0.5226   0.21398   0.20835  -0.0015   1.0000   0.0132
 -17.000  -0.5065   0.20852   0.20294  -0.0042   1.0000   0.0149
 -16.500  -0.4906   0.20280   0.19729  -0.0068   1.0000   0.0163
 -16.250  -0.4831   0.19967   0.19422  -0.0080   1.0000   0.0154
 -16.000  -0.4756   0.19653   0.19099  -0.0091   1.0000   0.0143
 -15.500  -0.4605   0.19091   0.18540  -0.0114   1.0000   0.0162
 -14.750  -0.4385   0.18350   0.17804  -0.0156   1.0000   0.0195
 -14.500  -0.4342   0.18248   0.17703  -0.0175   1.0000   0.0198
 -14.250  -0.4311   0.18137   0.17594  -0.0192   1.0000   0.0200
 -13.750  -0.4265   0.17861   0.17323  -0.0223   1.0000   0.0201
 -13.500  -0.4070   0.16749   0.16217  -0.0198   1.0000   0.0215
 -13.250  -0.4001   0.16446   0.15916  -0.0202   1.0000   0.0226
 -13.000  -0.3938   0.16160   0.15633  -0.0207   1.0000   0.0238
 -12.750  -0.3335   0.16188   0.15690  -0.0251   1.0000   0.0282
 -12.500  -0.3822   0.15586   0.15064  -0.0221   1.0000   0.0269
 -12.250  -0.3769   0.15323   0.14803  -0.0231   1.0000   0.0286
 -11.750  -0.3767   0.15138   0.14624  -0.0268   1.0000   0.0299
 -11.500  -0.3792   0.15041   0.14531  -0.0284   1.0000   0.0300
  -9.750  -0.3278   0.13019   0.12553  -0.0304   1.0000   0.0400
  -8.000  -0.3375   0.10460   0.10009  -0.0244   1.0000   0.0436
  -7.750  -0.3404   0.10229   0.09784  -0.0233   1.0000   0.0444
  -6.500  -0.3770   0.09260   0.08848  -0.0164   1.0000   0.0484
  -6.000  -0.3671   0.08617   0.08208  -0.0322   1.0000   0.0501
  -5.750  -0.3689   0.08193   0.07791  -0.0285   1.0000   0.0507
  -5.500  -0.3631   0.08092   0.07714  -0.0197   1.0000   0.0518
  -5.250  -0.3612   0.07591   0.07199  -0.0251   1.0000   0.0527
  -5.000  -0.3496   0.07237   0.06846  -0.0276   1.0000   0.0546
  -4.500  -0.2683   0.05838   0.05422  -0.0516   0.9966   0.0618
  -4.250  -0.2217   0.05262   0.04832  -0.0606   0.9932   0.0670
  -4.000  -0.1558   0.04355   0.03883  -0.0751   0.9917   0.0738
  -3.750  -0.0633   0.02784   0.02130  -0.0919   0.9964   0.0558
  -3.250   0.0041   0.03059   0.02462  -0.0982   0.9845   0.1040
  -3.000   0.0740   0.02320   0.01551  -0.1056   0.9874   0.0676
  -2.750   0.1188   0.02162   0.01359  -0.1093   0.9840   0.0669
  -2.500   0.1634   0.02051   0.01225  -0.1130   0.9814   0.0690
  -2.250   0.2043   0.01962   0.01139  -0.1162   0.9778   0.0755
  -2.000   0.2448   0.01902   0.01084  -0.1194   0.9732   0.0870
  -1.750   0.2903   0.01848   0.01042  -0.1237   0.9702   0.1053
  -1.500   0.3294   0.01786   0.01012  -0.1269   0.9636   0.1640
  -1.250   0.3757   0.01716   0.00999  -0.1317   0.9603   0.2973
  -1.000   0.4130   0.01640   0.01004  -0.1346   0.9540   0.5112
  -0.750   0.4320   0.01522   0.00988  -0.1319   0.9461   1.0000
  -0.500   0.4734   0.01514   0.00960  -0.1351   0.9405   1.0000
  -0.250   0.5085   0.01506   0.00939  -0.1369   0.9321   1.0000
   0.000   0.5436   0.01494   0.00917  -0.1387   0.9238   1.0000
   0.250   0.5800   0.01479   0.00894  -0.1407   0.9167   1.0000
   0.500   0.6185   0.01456   0.00865  -0.1431   0.9109   1.0000
   0.750   0.6517   0.01437   0.00856  -0.1443   0.9024   1.0000
   1.250   0.7245   0.01374   0.00782  -0.1477   0.8875   1.0000
   1.500   0.7625   0.01332   0.00736  -0.1496   0.8803   1.0000
   1.750   0.7967   0.01301   0.00701  -0.1506   0.8704   1.0000
   2.500   0.8921   0.01226   0.00612  -0.1522   0.8274   1.0000
   2.750   0.9222   0.01209   0.00588  -0.1523   0.8087   1.0000
   3.000   0.9512   0.01202   0.00573  -0.1522   0.7890   1.0000
   3.750   1.0311   0.01225   0.00563  -0.1508   0.7161   1.0000
   4.000   1.0556   0.01243   0.00567  -0.1499   0.6883   1.0000
   4.250   1.0798   0.01267   0.00575  -0.1490   0.6607   1.0000
   4.500   1.0986   0.01298   0.00578  -0.1468   0.6116   1.0000
   4.750   1.1117   0.01358   0.00578  -0.1435   0.5314   1.0000
   5.000   1.1293   0.01414   0.00599  -0.1416   0.4772   1.0000
   5.250   1.1474   0.01474   0.00626  -0.1399   0.4287   1.0000
   5.500   1.1633   0.01551   0.00656  -0.1378   0.3646   1.0000
   5.750   1.1767   0.01660   0.00705  -0.1355   0.2777   1.0000
   6.000   1.1861   0.01834   0.00805  -0.1325   0.1661   1.0000
   6.250   1.1916   0.02067   0.00956  -0.1291   0.0472   1.0000
   6.500   1.2060   0.02209   0.01090  -0.1264   0.0275   1.0000
   6.750   1.2229   0.02324   0.01220  -0.1241   0.0249   1.0000
   7.000   1.2370   0.02460   0.01377  -0.1213   0.0244   1.0000
   7.250   1.2123   0.02234   0.01199  -0.1114   0.0248   1.0000
   7.750   1.2656   0.03109   0.02064  -0.1107   0.0273   1.0000
