  
       XFOIL         Version 6.99
  
 Calculated polar for: Airfoil_rR0.736483.txt                          
  
 1 1 Reynolds number fixed          Mach number fixed         
  
 xtrf =   1.000 (top)        1.000 (bottom)  
 Mach =   0.000     Re =     0.200 e 6     Ncrit =   9.000
  
   alpha    CL        CD       CDp       CM     Top_Xtr  Bot_Xtr
  ------ -------- --------- --------- -------- -------- --------
 -18.500  -0.3824   0.21702   0.21260  -0.0159   1.0000   0.0100
 -18.000  -0.5362   0.22373   0.21875  -0.0007   1.0000   0.0099
 -16.750  -0.5005   0.21162   0.20672  -0.0084   1.0000   0.0101
 -16.000  -0.3652   0.20015   0.19569  -0.0215   1.0000   0.0101
 -15.500  -0.3574   0.18980   0.18540  -0.0208   1.0000   0.0114
 -15.000  -0.4474   0.18397   0.17920  -0.0147   1.0000   0.0109
 -14.750  -0.3511   0.18282   0.17843  -0.0216   1.0000   0.0131
 -14.500  -0.4326   0.17779   0.17307  -0.0157   1.0000   0.0120
 -14.250  -0.4258   0.17505   0.17035  -0.0164   1.0000   0.0127
 -14.000  -0.3454   0.17510   0.17072  -0.0227   1.0000   0.0157
 -13.500  -0.3412   0.16957   0.16519  -0.0235   1.0000   0.0182
 -13.250  -0.3999   0.16369   0.15907  -0.0196   1.0000   0.0167
 -12.750  -0.3422   0.16390   0.15954  -0.0266   1.0000   0.0199
 -12.500  -0.3855   0.15736   0.15280  -0.0238   1.0000   0.0198
 -11.750  -0.3795   0.15127   0.14679  -0.0272   1.0000   0.0201
  -8.000  -0.3160   0.10499   0.10122  -0.0227   1.0000   0.0368
  -7.750  -0.3208   0.10265   0.09894  -0.0217   1.0000   0.0376
  -6.500  -0.3720   0.09427   0.09084  -0.0177   1.0000   0.0398
  -6.250  -0.3828   0.08939   0.08586  -0.0227   1.0000   0.0399
  -6.000  -0.3739   0.08542   0.08188  -0.0282   1.0000   0.0400
  -5.750  -0.3522   0.07814   0.07461  -0.0346   0.9969   0.0406
  -5.500  -0.3319   0.07331   0.06979  -0.0366   0.9935   0.0414
  -4.500  -0.1361   0.04114   0.03682  -0.0862   0.9806   0.0433
  -4.250  -0.0444   0.02350   0.01682  -0.1034   0.9871   0.0408
  -4.000  -0.0082   0.02317   0.01660  -0.1065   0.9832   0.0469
  -3.500   0.0699   0.02200   0.01506  -0.1130   0.9754   0.0588
  -3.000   0.1560   0.01878   0.01128  -0.1200   0.9714   0.0564
  -2.750   0.1959   0.01781   0.01019  -0.1228   0.9683   0.0577
  -2.500   0.2341   0.01691   0.00927  -0.1254   0.9640   0.0621
  -2.250   0.2762   0.01625   0.00868  -0.1289   0.9612   0.0724
  -2.000   0.3125   0.01577   0.00828  -0.1312   0.9558   0.0850
  -1.750   0.3531   0.01516   0.00788  -0.1345   0.9522   0.1253
  -1.500   0.3926   0.01462   0.00769  -0.1377   0.9486   0.2080
  -1.250   0.4286   0.01414   0.00756  -0.1402   0.9427   0.3070
  -1.000   0.4706   0.01343   0.00742  -0.1439   0.9401   0.4727
  -0.750   0.5000   0.01264   0.00743  -0.1444   0.9335   0.7237
  -0.500   0.5203   0.01195   0.00706  -0.1421   0.9257   1.0000
  -0.250   0.5583   0.01170   0.00670  -0.1444   0.9211   1.0000
   0.000   0.5908   0.01153   0.00645  -0.1455   0.9138   1.0000
   0.250   0.6301   0.01122   0.00608  -0.1480   0.9103   1.0000
   0.500   0.6613   0.01103   0.00598  -0.1488   0.9017   1.0000
   0.750   0.6938   0.01080   0.00569  -0.1498   0.8933   1.0000
   1.000   0.7272   0.01056   0.00540  -0.1510   0.8848   1.0000
   1.250   0.7604   0.01034   0.00512  -0.1520   0.8751   1.0000
   1.500   0.7927   0.01014   0.00486  -0.1529   0.8630   1.0000
   1.750   0.8248   0.00997   0.00461  -0.1536   0.8488   1.0000
   2.000   0.8541   0.00988   0.00444  -0.1538   0.8310   1.0000
   2.250   0.8821   0.00986   0.00433  -0.1537   0.8112   1.0000
   2.500   0.9099   0.00988   0.00425  -0.1536   0.7912   1.0000
   3.250   0.9875   0.01028   0.00425  -0.1522   0.7156   1.0000
   3.750   1.0357   0.01077   0.00441  -0.1506   0.6608   1.0000
   4.000   1.0591   0.01105   0.00457  -0.1498   0.6341   1.0000
   4.250   1.0778   0.01147   0.00465  -0.1478   0.5814   1.0000
   4.500   1.0910   0.01221   0.00482  -0.1449   0.4942   1.0000
   4.750   1.1082   0.01288   0.00508  -0.1430   0.4385   1.0000
   5.000   1.1260   0.01355   0.00537  -0.1414   0.3794   1.0000
   5.250   1.1435   0.01432   0.00575  -0.1398   0.3217   1.0000
   5.500   1.1571   0.01553   0.00624  -0.1377   0.2236   1.0000
   5.750   1.1689   0.01714   0.00709  -0.1353   0.1208   1.0000
   6.000   1.1803   0.01886   0.00829  -0.1326   0.0404   1.0000
   6.500   1.2169   0.02089   0.01040  -0.1286   0.0201   1.0000
   6.750   1.2329   0.02210   0.01188  -0.1261   0.0201   1.0000
   7.000   1.2468   0.02343   0.01338  -0.1233   0.0207   1.0000
