  
       XFOIL         Version 6.99
  
 Calculated polar for: Airfoil_rR0.576350.txt                          
  
 1 1 Reynolds number fixed          Mach number fixed         
  
 xtrf =   1.000 (top)        1.000 (bottom)  
 Mach =   0.000     Re =     0.050 e 6     Ncrit =   9.000
  
   alpha    CL        CD       CDp       CM     Top_Xtr  Bot_Xtr
  ------ -------- --------- --------- -------- -------- --------
 -20.000  -0.5789   0.24533   0.23563   0.0057   1.0000   0.0441
 -19.000  -0.5489   0.23556   0.22595   0.0005   1.0000   0.0480
 -16.500  -0.4766   0.20920   0.19993  -0.0104   1.0000   0.0579
 -16.000  -0.3565   0.20311   0.19479  -0.0201   1.0000   0.0637
 -15.750  -0.4661   0.20713   0.19800  -0.0151   1.0000   0.0600
 -15.250  -0.4431   0.19498   0.18599  -0.0147   1.0000   0.0636
 -14.250  -0.3495   0.18525   0.17683  -0.0223   1.0000   0.0734
 -14.000  -0.4197   0.18113   0.17220  -0.0195   1.0000   0.0707
 -13.500  -0.4033   0.17356   0.16469  -0.0196   1.0000   0.0759
 -13.250  -0.3558   0.17850   0.17013  -0.0249   1.0000   0.0800
 -12.250  -0.3454   0.16548   0.15722  -0.0253   1.0000   0.0899
 -11.500  -0.3384   0.15577   0.14761  -0.0254   1.0000   0.0997
 -11.250  -0.3705   0.14999   0.14158  -0.0243   1.0000   0.0997
 -11.000  -0.3597   0.14465   0.13629  -0.0233   1.0000   0.1044
 -10.750  -0.3623   0.14329   0.13498  -0.0241   1.0000   0.1093
 -10.500  -0.3541   0.13883   0.13058  -0.0233   1.0000   0.1155
 -10.250  -0.3612   0.13848   0.13031  -0.0243   1.0000   0.1197
 -10.000  -0.3548   0.13489   0.12678  -0.0235   1.0000   0.1292
  -9.750  -0.3560   0.13333   0.12531  -0.0233   1.0000   0.1396
  -8.750  -0.3255   0.12632   0.11882  -0.0219   1.0000   0.1599
  -8.000  -0.3366   0.11576   0.10820  -0.0192   1.0000   0.1678
  -7.750  -0.3523   0.11599   0.10856  -0.0187   1.0000   0.1699
  -7.250  -0.3386   0.10970   0.10238  -0.0163   1.0000   0.1777
  -7.000  -0.3163   0.10899   0.10200  -0.0151   1.0000   0.1827
  -6.500  -0.3500   0.10448   0.09744  -0.0118   1.0000   0.1879
  -5.750  -0.3656   0.09974   0.09298  -0.0101   1.0000   0.1998
  -5.500  -0.3573   0.09642   0.08972  -0.0075   1.0000   0.2037
  -5.250  -0.3635   0.09530   0.08869  -0.0104   1.0000   0.2100
  -5.000  -0.3555   0.09205   0.08550  -0.0068   1.0000   0.2144
  -4.750  -0.3551   0.09002   0.08355  -0.0087   1.0000   0.2210
  -4.250  -0.3448   0.08510   0.07876  -0.0074   1.0000   0.2346
  -4.000  -0.3385   0.08269   0.07640  -0.0085   1.0000   0.2429
  -3.750  -0.3229   0.08132   0.07535  -0.0061   1.0000   0.2532
  -3.250  -0.3116   0.07538   0.06924  -0.0107   1.0000   0.2740
  -2.500  -0.2719   0.06818   0.06216  -0.0147   1.0000   0.3215
  -1.000   0.1238   0.03740   0.02822  -0.0972   1.0000   0.1168
  -0.750   0.1655   0.03537   0.02548  -0.1008   1.0000   0.1089
  -0.500   0.1945   0.03433   0.02419  -0.1020   1.0000   0.1062
  -0.250   0.2229   0.03355   0.02309  -0.1030   1.0000   0.1041
   0.000   0.2488   0.03308   0.02238  -0.1034   1.0000   0.1034
   0.250   0.2729   0.03289   0.02202  -0.1036   1.0000   0.1042
   0.500   0.2953   0.03291   0.02189  -0.1035   1.0000   0.1064
   0.750   0.3175   0.03311   0.02193  -0.1034   1.0000   0.1105
   1.000   0.3400   0.03341   0.02223  -0.1037   1.0000   0.1192
   1.500   0.3848   0.03175   0.02302  -0.1034   1.0000   1.0000
   1.750   0.4013   0.03296   0.02448  -0.1034   1.0000   1.0000
   2.000   0.4591   0.03492   0.02610  -0.1108   0.9801   1.0000
   2.250   0.5098   0.03618   0.02712  -0.1166   0.9597   1.0000
   2.500   0.5580   0.03713   0.02790  -0.1216   0.9395   1.0000
   2.750   0.6056   0.03789   0.02853  -0.1261   0.9199   1.0000
   3.000   0.6521   0.03845   0.02899  -0.1301   0.9000   1.0000
   3.250   0.6985   0.03880   0.02927  -0.1338   0.8800   1.0000
   3.500   0.7431   0.03895   0.02939  -0.1369   0.8591   1.0000
   3.750   0.7883   0.03889   0.02932  -0.1396   0.8383   1.0000
   4.000   0.8326   0.03863   0.02908  -0.1419   0.8168   1.0000
   4.250   0.8819   0.03793   0.02842  -0.1443   0.7961   1.0000
   4.500   0.9324   0.03690   0.02746  -0.1465   0.7758   1.0000
   4.750   0.9926   0.03491   0.02556  -0.1491   0.7562   1.0000
   5.000   1.0579   0.03259   0.02336  -0.1522   0.7339   1.0000
   5.250   1.1310   0.03006   0.02092  -0.1565   0.7072   1.0000
   5.750   1.2171   0.02635   0.01671  -0.1539   0.6070   1.0000
   6.000   1.2274   0.02612   0.01602  -0.1486   0.5469   1.0000
   6.250   1.2442   0.02660   0.01628  -0.1457   0.5048   1.0000
   6.500   1.2590   0.02725   0.01676  -0.1426   0.4635   1.0000
   6.750   1.2719   0.02805   0.01746  -0.1393   0.4232   1.0000
   7.000   1.2724   0.02899   0.01811  -0.1341   0.3699   1.0000
   7.250   1.2777   0.03003   0.01909  -0.1299   0.3251   1.0000
   7.500   1.2721   0.03163   0.02021  -0.1245   0.2504   1.0000
   7.750   1.2668   0.03452   0.02219  -0.1199   0.1247   1.0000
   8.000   1.2666   0.03814   0.02513  -0.1163   0.0722   1.0000
   8.250   1.2714   0.04083   0.02782  -0.1131   0.0627   1.0000
   8.500   1.2750   0.04350   0.03055  -0.1100   0.0587   1.0000
   8.750   1.2820   0.04603   0.03331  -0.1070   0.0562   1.0000
   9.000   1.2951   0.04866   0.03612  -0.1046   0.0545   1.0000
   9.250   1.4362   0.06265   0.05164  -0.1145   0.0599   1.0000
   9.500   1.4309   0.06619   0.05614  -0.1092   0.0623   1.0000
   9.750   1.4225   0.07122   0.06185  -0.1050   0.0646   1.0000
  10.000   1.4138   0.07613   0.06720  -0.1014   0.0667   1.0000
  10.250   1.4307   0.08306   0.07423  -0.1012   0.0700   1.0000
  10.500   1.3996   0.08594   0.07755  -0.0958   0.0705   1.0000
  10.750   1.3356   0.09399   0.08615  -0.0891   0.0703   1.0000
  13.750   0.9803   0.19449   0.18826  -0.1381   0.0862   1.0000
