  
       XFOIL         Version 6.99
  
 Calculated polar for: Airfoil_rR0.496283.txt                          
  
 1 1 Reynolds number fixed          Mach number fixed         
  
 xtrf =   1.000 (top)        1.000 (bottom)  
 Mach =   0.000     Re =     0.250 e 6     Ncrit =   9.000
  
   alpha    CL        CD       CDp       CM     Top_Xtr  Bot_Xtr
  ------ -------- --------- --------- -------- -------- --------
 -12.500  -0.3986   0.15613   0.15218  -0.0198   1.0000   0.0200
 -12.250  -0.3947   0.15274   0.14881  -0.0202   1.0000   0.0200
 -11.750  -0.3492   0.14579   0.14207  -0.0202   1.0000   0.0217
 -11.500  -0.3451   0.14331   0.13962  -0.0199   1.0000   0.0228
 -11.250  -0.3755   0.13742   0.13361  -0.0188   1.0000   0.0229
 -10.500  -0.3706   0.12809   0.12436  -0.0197   1.0000   0.0322
  -9.750  -0.3555   0.12693   0.12342  -0.0232   1.0000   0.0400
  -8.500  -0.3565   0.10996   0.10648  -0.0177   1.0000   0.0423
  -7.750  -0.3312   0.10635   0.10308  -0.0150   1.0000   0.0477
  -7.250  -0.3425   0.10288   0.09969  -0.0135   1.0000   0.0489
  -7.000  -0.3564   0.10184   0.09869  -0.0125   1.0000   0.0493
  -6.750  -0.3864   0.09890   0.09569  -0.0100   1.0000   0.0491
  -6.500  -0.3721   0.09571   0.09250  -0.0206   0.9946   0.0498
  -6.250  -0.3361   0.09047   0.08722  -0.0345   0.9890   0.0500
  -6.000  -0.3190   0.08514   0.08191  -0.0381   0.9837   0.0504
  -5.750  -0.3000   0.08171   0.07848  -0.0387   0.9810   0.0509
  -5.500  -0.2822   0.07883   0.07561  -0.0400   0.9760   0.0514
  -5.000  -0.2010   0.07106   0.06793  -0.0487   0.9614   0.0541
  -4.500  -0.1719   0.06481   0.06154  -0.0616   0.9579   0.0568
  -4.000  -0.0794   0.05342   0.04996  -0.0859   0.9509   0.0620
  -3.750  -0.0526   0.05101   0.04754  -0.0887   0.9453   0.0637
  -3.250   0.0500   0.04167   0.03788  -0.1091   0.9413   0.0731
  -1.250   0.4334   0.01760   0.01080  -0.1508   0.9229   0.0459
  -0.500   0.5497   0.01511   0.00824  -0.1568   0.9116   0.0393
  -0.250   0.5863   0.01445   0.00783  -0.1584   0.9061   0.0394
   0.000   0.6264   0.01376   0.00710  -0.1607   0.9021   0.0393
   0.500   0.7020   0.01257   0.00583  -0.1641   0.8908   0.0427
   0.750   0.7406   0.01171   0.00541  -0.1663   0.8830   0.1812
   1.000   0.7814   0.01078   0.00520  -0.1693   0.8745   0.4399
   1.250   0.8176   0.00991   0.00506  -0.1708   0.8626   0.7153
   1.500   0.8504   0.00914   0.00457  -0.1711   0.8482   1.0000
   1.750   0.8954   0.00895   0.00426  -0.1746   0.8287   1.0000
   2.000   0.9388   0.00890   0.00406  -0.1778   0.8042   1.0000
   2.250   0.9740   0.00898   0.00400  -0.1793   0.7768   1.0000
   2.500   1.0076   0.00915   0.00397  -0.1805   0.7488   1.0000
   2.750   1.0353   0.00939   0.00403  -0.1804   0.7179   1.0000
   3.000   1.0602   0.00968   0.00413  -0.1797   0.6854   1.0000
   3.250   1.0827   0.01000   0.00427  -0.1785   0.6513   1.0000
   3.500   1.1023   0.01045   0.00443  -0.1767   0.6082   1.0000
   3.750   1.1137   0.01118   0.00465  -0.1732   0.5343   1.0000
   4.000   1.1243   0.01199   0.00494  -0.1698   0.4563   1.0000
   4.250   1.1415   0.01257   0.00523  -0.1678   0.4104   1.0000
   4.500   1.1596   0.01315   0.00553  -0.1661   0.3702   1.0000
   4.750   1.1779   0.01376   0.00584  -0.1644   0.3282   1.0000
   5.000   1.1957   0.01444   0.00618  -0.1627   0.2810   1.0000
   5.250   1.2113   0.01538   0.00659  -0.1608   0.2146   1.0000
   5.500   1.2244   0.01676   0.00730  -0.1584   0.1293   1.0000
   6.000   1.2529   0.01938   0.00923  -0.1536   0.0191   1.0000
   6.250   1.2736   0.01994   0.00988  -0.1520   0.0187   1.0000
   6.500   1.2934   0.02059   0.01066  -0.1502   0.0189   1.0000
   6.750   1.3122   0.02136   0.01159  -0.1482   0.0194   1.0000
   7.000   1.3285   0.02237   0.01283  -0.1457   0.0200   1.0000
   7.250   1.3445   0.02326   0.01383  -0.1433   0.0212   1.0000
   7.500   1.3592   0.02424   0.01494  -0.1406   0.0230   1.0000
   8.000   1.3755   0.02800   0.01899  -0.1327   0.0286   1.0000
