  
       XFOIL         Version 6.99
  
 Calculated polar for: Airfoil_rR1.000000.txt                          
  
 1 1 Reynolds number fixed          Mach number fixed         
  
 xtrf =   1.000 (top)        1.000 (bottom)  
 Mach =   0.000     Re =     0.100 e 6     Ncrit =   9.000
  
   alpha    CL        CD       CDp       CM     Top_Xtr  Bot_Xtr
  ------ -------- --------- --------- -------- -------- --------
 -19.750  -0.4355   0.22352   0.21760   0.0051   1.0000   0.0125
 -18.500  -0.6285   0.23042   0.22373   0.0299   1.0000   0.0126
 -17.750  -0.4028   0.20657   0.20061  -0.0029   1.0000   0.0181
 -17.250  -0.3960   0.20346   0.19747  -0.0052   1.0000   0.0195
 -16.750  -0.5640   0.21001   0.20340   0.0172   1.0000   0.0168
 -16.500  -0.5548   0.20703   0.20044   0.0154   1.0000   0.0175
 -16.250  -0.5455   0.20410   0.19751   0.0136   1.0000   0.0183
 -16.000  -0.5363   0.20142   0.19484   0.0115   1.0000   0.0192
 -15.500  -0.5243   0.20002   0.19346   0.0056   1.0000   0.0201
 -15.250  -0.5116   0.19259   0.18609   0.0057   1.0000   0.0211
 -15.000  -0.3751   0.18755   0.18153  -0.0119   1.0000   0.0295
 -14.750  -0.3778   0.18707   0.18104  -0.0131   1.0000   0.0299
 -14.500  -0.3820   0.18665   0.18061  -0.0142   1.0000   0.0301
 -14.250  -0.4764   0.18008   0.17365   0.0003   1.0000   0.0285
 -14.000  -0.4699   0.17853   0.17211  -0.0023   1.0000   0.0296
 -13.750  -0.4664   0.17774   0.17135  -0.0051   1.0000   0.0300
 -13.250  -0.4458   0.16758   0.16126  -0.0060   1.0000   0.0318
 -12.750  -0.4291   0.16103   0.15476  -0.0080   1.0000   0.0359
 -12.500  -0.4221   0.15817   0.15192  -0.0096   1.0000   0.0382
 -12.250  -0.4183   0.15668   0.15045  -0.0123   1.0000   0.0396
 -12.000  -0.4188   0.15617   0.14998  -0.0153   1.0000   0.0400
 -11.750  -0.4039   0.14886   0.14271  -0.0143   1.0000   0.0416
 -11.500  -0.3947   0.14510   0.13899  -0.0145   1.0000   0.0443
 -11.250  -0.3883   0.14206   0.13597  -0.0157   1.0000   0.0471
 -11.000  -0.3853   0.14007   0.13401  -0.0181   1.0000   0.0494
 -10.750  -0.3884   0.13957   0.13355  -0.0214   1.0000   0.0500
 -10.250  -0.3652   0.12935   0.12341  -0.0201   1.0000   0.0569
 -10.000  -0.3644   0.12759   0.12169  -0.0227   1.0000   0.0594
  -9.750  -0.3694   0.12696   0.12111  -0.0261   1.0000   0.0600
  -9.500  -0.3166   0.12167   0.11605  -0.0268   1.0000   0.0689
  -9.250  -0.3242   0.12071   0.11514  -0.0295   1.0000   0.0699
  -7.250  -0.3397   0.09447   0.08925  -0.0255   1.0000   0.0853
  -4.750  -0.3369   0.06746   0.06296  -0.0278   1.0000   0.1120
  -4.500  -0.3135   0.06217   0.05727  -0.0382   1.0000   0.1209
  -4.250  -0.3045   0.05893   0.05411  -0.0363   1.0000   0.1241
  -3.750  -0.2562   0.05072   0.04562  -0.0440   1.0000   0.1420
  -3.500  -0.2287   0.04678   0.04150  -0.0473   1.0000   0.1518
  -3.250  -0.1374   0.02488   0.01726  -0.0580   1.0000   0.0496
  -2.500   0.0033   0.01880   0.00955  -0.0666   1.0000   0.1120
  -2.250   0.0309   0.01907   0.00991  -0.0680   0.9978   0.1453
  -2.000   0.0772   0.01950   0.01050  -0.0734   0.9904   0.1940
  -1.750   0.1214   0.01912   0.01030  -0.0776   0.9826   0.2332
  -1.500   0.1651   0.01856   0.01007  -0.0817   0.9751   0.2991
  -1.250   0.2108   0.01733   0.00999  -0.0864   0.9705   0.5311
  -1.000   0.2420   0.01640   0.00985  -0.0866   0.9605   1.0000
  -0.750   0.2827   0.01659   0.00980  -0.0900   0.9507   1.0000
  -0.500   0.3233   0.01671   0.00976  -0.0933   0.9407   1.0000
  -0.250   0.3633   0.01679   0.00971  -0.0963   0.9307   1.0000
   0.000   0.4023   0.01682   0.00966  -0.0991   0.9207   1.0000
   0.250   0.4408   0.01682   0.00959  -0.1017   0.9108   1.0000
   0.500   0.4778   0.01679   0.00950  -0.1039   0.9008   1.0000
   0.750   0.5136   0.01672   0.00939  -0.1057   0.8909   1.0000
   1.000   0.5482   0.01662   0.00927  -0.1072   0.8809   1.0000
   1.250   0.5819   0.01651   0.00914  -0.1084   0.8705   1.0000
   1.500   0.6134   0.01641   0.00901  -0.1091   0.8593   1.0000
   1.750   0.6415   0.01641   0.00899  -0.1091   0.8461   1.0000
   2.000   0.6709   0.01637   0.00892  -0.1094   0.8340   1.0000
   2.250   0.7005   0.01629   0.00882  -0.1095   0.8220   1.0000
   2.500   0.7293   0.01620   0.00869  -0.1094   0.8094   1.0000
   2.750   0.7552   0.01621   0.00868  -0.1089   0.7941   1.0000
   3.000   0.7843   0.01602   0.00844  -0.1086   0.7808   1.0000
   3.250   0.8102   0.01592   0.00828  -0.1076   0.7628   1.0000
   3.500   0.8359   0.01580   0.00807  -0.1065   0.7430   1.0000
   3.750   0.8610   0.01564   0.00781  -0.1052   0.7207   1.0000
   4.750   0.9552   0.01575   0.00751  -0.1001   0.6217   1.0000
   5.750   1.0397   0.01661   0.00785  -0.0942   0.4870   1.0000
   6.000   1.0518   0.01730   0.00792  -0.0913   0.3896   1.0000
   6.250   1.0676   0.01820   0.00836  -0.0895   0.3204   1.0000
   6.500   1.0765   0.01995   0.00916  -0.0870   0.1852   1.0000
   6.750   1.0877   0.02179   0.01034  -0.0850   0.1081   1.0000
   7.500   1.1160   0.02776   0.01604  -0.0762   0.0365   1.0000
   7.750   1.1241   0.02977   0.01814  -0.0729   0.0330   1.0000
   8.000   1.1335   0.03224   0.02059  -0.0700   0.0313   1.0000
   8.250   1.1579   0.03575   0.02407  -0.0687   0.0309   1.0000
   8.500   1.1958   0.04010   0.02885  -0.0682   0.0331   1.0000
   9.000   1.2351   0.05234   0.04272  -0.0626   0.0446   1.0000
  15.250   0.8056   0.19487   0.18933  -0.0770   0.0906   1.0000
  15.500   0.7905   0.19716   0.19162  -0.0795   0.0893   1.0000
  16.500   1.0486   0.22234   0.21618  -0.1220   0.0715   1.0000
  16.750   0.7762   0.21154   0.20603  -0.0852   0.0783   1.0000
  17.250   1.0644   0.23347   0.22726  -0.1310   0.0674   1.0000
  18.500   0.7764   0.23309   0.22762  -0.0924   0.0662   1.0000
