  
       XFOIL         Version 6.99
  
 Calculated polar for: Airfoil_rR1.000000.txt                          
  
 1 1 Reynolds number fixed          Mach number fixed         
  
 xtrf =   1.000 (top)        1.000 (bottom)  
 Mach =   0.000     Re =     0.050 e 6     Ncrit =   9.000
  
   alpha    CL        CD       CDp       CM     Top_Xtr  Bot_Xtr
  ------ -------- --------- --------- -------- -------- --------
 -20.000  -0.6859   0.24868   0.23931   0.0404   1.0000   0.0343
 -19.750  -0.6766   0.24615   0.23679   0.0384   1.0000   0.0367
 -19.500  -0.4314   0.22402   0.21583   0.0031   1.0000   0.0461
 -19.250  -0.6612   0.24516   0.23581   0.0328   1.0000   0.0399
 -18.500  -0.4170   0.21633   0.20817  -0.0012   1.0000   0.0519
 -18.250  -0.4119   0.21353   0.20539  -0.0019   1.0000   0.0540
 -18.000  -0.6126   0.22733   0.21811   0.0248   1.0000   0.0477
 -17.750  -0.6050   0.22624   0.21704   0.0223   1.0000   0.0495
 -17.500  -0.4037   0.20964   0.20140  -0.0051   1.0000   0.0596
 -17.250  -0.4057   0.21088   0.20263  -0.0064   1.0000   0.0601
 -17.000  -0.5766   0.21581   0.20677   0.0176   1.0000   0.0539
 -16.500  -0.5589   0.21039   0.20126   0.0141   1.0000   0.0578
 -16.250  -0.5523   0.20926   0.20016   0.0117   1.0000   0.0595
 -16.000  -0.5491   0.20997   0.20088   0.0088   1.0000   0.0601
 -15.750  -0.5335   0.20195   0.19291   0.0089   1.0000   0.0623
 -15.500  -0.5238   0.19855   0.18953   0.0077   1.0000   0.0653
 -15.250  -0.3764   0.19187   0.18361  -0.0112   1.0000   0.0777
 -15.000  -0.5118   0.19580   0.18684   0.0033   1.0000   0.0698
 -14.750  -0.5017   0.19128   0.18236   0.0022   1.0000   0.0714
 -14.500  -0.4903   0.18689   0.17799   0.0016   1.0000   0.0751
 -14.250  -0.4834   0.18466   0.17579  -0.0002   1.0000   0.0785
 -14.000  -0.4820   0.18487   0.17604  -0.0029   1.0000   0.0800
 -13.750  -0.4672   0.17825   0.16946  -0.0029   1.0000   0.0832
 -13.500  -0.4592   0.17534   0.16658  -0.0041   1.0000   0.0874
 -13.250  -0.4576   0.17490   0.16618  -0.0065   1.0000   0.0898
 -13.000  -0.4450   0.16938   0.16070  -0.0068   1.0000   0.0929
 -12.250  -0.4345   0.16432   0.15577  -0.0122   1.0000   0.1002
 -12.000  -0.4164   0.15696   0.14844  -0.0116   1.0000   0.1034
 -11.750  -0.4091   0.15382   0.14533  -0.0126   1.0000   0.1069
 -11.500  -0.4075   0.15230   0.14387  -0.0144   1.0000   0.1095
 -11.250  -0.3433   0.14916   0.14108  -0.0198   1.0000   0.1164
 -11.000  -0.3903   0.14433   0.13599  -0.0157   1.0000   0.1148
 -10.750  -0.3866   0.14189   0.13360  -0.0170   1.0000   0.1185
 -10.250  -0.3739   0.13498   0.12680  -0.0185   1.0000   0.1241
  -9.500  -0.3590   0.12560   0.11759  -0.0208   1.0000   0.1351
  -9.000  -0.3530   0.11978   0.11191  -0.0224   1.0000   0.1427
  -8.500  -0.3123   0.11464   0.10715  -0.0249   1.0000   0.1571
  -8.250  -0.3432   0.11086   0.10321  -0.0234   1.0000   0.1576
  -8.000  -0.3570   0.11072   0.10320  -0.0248   1.0000   0.1602
  -7.750  -0.3243   0.10812   0.10094  -0.0250   1.0000   0.1700
  -7.500  -0.3584   0.10523   0.09793  -0.0235   1.0000   0.1701
  -7.250  -0.3447   0.10027   0.09302  -0.0219   1.0000   0.1773
  -7.000  -0.3190   0.09819   0.09131  -0.0212   1.0000   0.1863
  -6.750  -0.3522   0.09555   0.08854  -0.0199   1.0000   0.1873
  -6.500  -0.3576   0.09330   0.08642  -0.0200   1.0000   0.1919
  -6.250  -0.3606   0.09108   0.08429  -0.0199   1.0000   0.1993
  -4.750  -0.3504   0.07345   0.06713  -0.0183   1.0000   0.2526
  -4.500  -0.3438   0.07027   0.06401  -0.0179   1.0000   0.2656
  -4.250  -0.3355   0.06703   0.06080  -0.0190   1.0000   0.2823
  -3.500  -0.1717   0.04064   0.03196  -0.0583   1.0000   0.0891
  -3.250  -0.1273   0.03450   0.02471  -0.0620   1.0000   0.0796
  -3.000  -0.0861   0.03002   0.01930  -0.0639   1.0000   0.0807
  -2.750  -0.0485   0.02680   0.01569  -0.0646   1.0000   0.1029
  -2.500  -0.0253   0.02661   0.01599  -0.0649   1.0000   0.2040
  -2.250  -0.0004   0.02593   0.01531  -0.0651   1.0000   0.2457
  -2.000   0.0269   0.02500   0.01422  -0.0654   1.0000   0.2714
  -1.750   0.0528   0.02436   0.01358  -0.0658   1.0000   0.3091
  -1.500   0.0794   0.02371   0.01309  -0.0663   1.0000   0.3616
  -1.250   0.1095   0.02259   0.01251  -0.0673   1.0000   0.4573
  -1.000   0.1175   0.02050   0.01201  -0.0630   1.0000   1.0000
  -0.750   0.1410   0.02106   0.01197  -0.0635   1.0000   1.0000
  -0.500   0.1621   0.02167   0.01227  -0.0638   1.0000   1.0000
  -0.250   0.1824   0.02233   0.01270  -0.0642   1.0000   1.0000
   0.000   0.2022   0.02305   0.01325  -0.0645   1.0000   1.0000
   0.250   0.2214   0.02384   0.01389  -0.0649   1.0000   1.0000
   0.500   0.2401   0.02470   0.01463  -0.0653   1.0000   1.0000
   0.750   0.2606   0.02563   0.01547  -0.0662   0.9986   1.0000
   1.000   0.3125   0.02684   0.01656  -0.0730   0.9834   1.0000
   1.250   0.3609   0.02794   0.01758  -0.0790   0.9688   1.0000
   1.500   0.4023   0.02890   0.01850  -0.0834   0.9532   1.0000
   1.750   0.4452   0.02983   0.01940  -0.0880   0.9389   1.0000
   2.000   0.4810   0.03070   0.02027  -0.0911   0.9234   1.0000
   2.250   0.5215   0.03153   0.02109  -0.0949   0.9094   1.0000
   2.500   0.5522   0.03235   0.02192  -0.0968   0.8937   1.0000
   2.750   0.5918   0.03310   0.02267  -0.1001   0.8803   1.0000
   3.000   0.6179   0.03401   0.02361  -0.1011   0.8648   1.0000
   3.250   0.6558   0.03466   0.02429  -0.1037   0.8508   1.0000
   3.500   0.6821   0.03549   0.02515  -0.1044   0.8344   1.0000
   3.750   0.7203   0.03598   0.02570  -0.1066   0.8205   1.0000
   4.000   0.7419   0.03697   0.02674  -0.1065   0.8046   1.0000
   4.250   0.7774   0.03745   0.02730  -0.1081   0.7912   1.0000
   4.500   0.8019   0.03830   0.02822  -0.1081   0.7756   1.0000
   5.000   0.8627   0.03932   0.02944  -0.1089   0.7462   1.0000
   6.000   1.0396   0.02957   0.02006  -0.1007   0.6429   1.0000
   6.250   1.0678   0.02836   0.01889  -0.0977   0.6122   1.0000
   6.500   1.0883   0.02621   0.01648  -0.0920   0.5555   1.0000
   6.750   1.0899   0.02540   0.01508  -0.0848   0.4663   1.0000
   7.000   1.0922   0.02606   0.01521  -0.0798   0.3681   1.0000
   7.250   1.0861   0.02847   0.01648  -0.0748   0.2152   1.0000
   7.500   1.0817   0.03187   0.01902  -0.0710   0.1439   1.0000
   7.750   1.0794   0.03513   0.02186  -0.0673   0.1104   1.0000
   8.000   1.0802   0.03826   0.02479  -0.0636   0.0812   1.0000
   8.750   1.1898   0.05177   0.03890  -0.0608   0.0558   1.0000
   9.000   1.2084   0.05706   0.04473  -0.0590   0.0574   1.0000
   9.500   1.2194   0.06696   0.05575  -0.0536   0.0621   1.0000
  10.500   1.1414   0.08687   0.07724  -0.0387   0.0705   1.0000
  10.750   1.1131   0.09053   0.08117  -0.0365   0.0708   1.0000
  11.500   1.0638   0.10660   0.09789  -0.0483   0.0725   1.0000
  11.750   1.0017   0.11283   0.10425  -0.0417   0.0709   1.0000
  14.500   0.7831   0.19108   0.18342  -0.0805   0.1817   1.0000
  15.250   0.7728   0.19903   0.19140  -0.0824   0.1724   1.0000
  15.750   0.7676   0.20437   0.19675  -0.0839   0.1658   1.0000
  16.250   0.7703   0.21086   0.20324  -0.0848   0.1587   1.0000
