  
       XFOIL         Version 6.99
  
 Calculated polar for: Airfoil_rR0.496283.txt                          
  
 1 1 Reynolds number fixed          Mach number fixed         
  
 xtrf =   1.000 (top)        1.000 (bottom)  
 Mach =   0.000     Re =     0.150 e 6     Ncrit =   9.000
  
   alpha    CL        CD       CDp       CM     Top_Xtr  Bot_Xtr
  ------ -------- --------- --------- -------- -------- --------
 -14.250  -0.3556   0.17978   0.17484  -0.0193   1.0000   0.0281
 -14.000  -0.4149   0.17453   0.16947  -0.0156   1.0000   0.0281
 -13.750  -0.4111   0.17039   0.16519  -0.0163   1.0000   0.0281
 -13.500  -0.4062   0.16772   0.16255  -0.0174   1.0000   0.0290
 -13.250  -0.4035   0.16575   0.16060  -0.0188   1.0000   0.0295
 -10.750  -0.3342   0.13667   0.13199  -0.0222   1.0000   0.0485
 -10.500  -0.3650   0.13207   0.12726  -0.0223   1.0000   0.0493
 -10.250  -0.3788   0.13235   0.12760  -0.0247   1.0000   0.0499
  -9.750  -0.3520   0.12354   0.11885  -0.0208   1.0000   0.0540
  -9.000  -0.3491   0.12300   0.11859  -0.0237   1.0000   0.0599
  -8.750  -0.3234   0.11686   0.11247  -0.0204   1.0000   0.0620
  -8.250  -0.3456   0.11048   0.10603  -0.0190   1.0000   0.0626
  -7.500  -0.3456   0.10452   0.10020  -0.0163   1.0000   0.0647
  -7.250  -0.3243   0.10420   0.10006  -0.0151   1.0000   0.0665
  -7.000  -0.3292   0.10245   0.09837  -0.0140   1.0000   0.0674
  -6.500  -0.3696   0.09832   0.09422  -0.0105   1.0000   0.0680
  -6.250  -0.3812   0.09715   0.09310  -0.0099   1.0000   0.0689
  -5.500  -0.3816   0.08898   0.08506  -0.0175   1.0000   0.0706
  -5.250  -0.3782   0.08666   0.08278  -0.0150   1.0000   0.0711
  -4.750  -0.3678   0.08218   0.07836  -0.0135   1.0000   0.0728
  -3.750  -0.2201   0.06605   0.06209  -0.0475   0.9794   0.0842
  -1.250   0.3126   0.02516   0.01758  -0.1323   0.9427   0.0578
  -0.750   0.3970   0.02295   0.01489  -0.1374   0.9323   0.0504
  -0.500   0.4366   0.02207   0.01403  -0.1397   0.9261   0.0494
  -0.250   0.4795   0.02126   0.01327  -0.1426   0.9214   0.0488
   0.000   0.5169   0.02068   0.01272  -0.1445   0.9140   0.0489
   0.250   0.5637   0.02000   0.01230  -0.1481   0.9102   0.0520
   0.500   0.6014   0.01944   0.01172  -0.1498   0.9018   0.0574
   0.750   0.6435   0.01816   0.01138  -0.1528   0.8945   0.3217
   1.000   0.6845   0.01670   0.01110  -0.1549   0.8905   0.7384
   1.250   0.7143   0.01583   0.01040  -0.1544   0.8816   1.0000
   1.500   0.7528   0.01534   0.00980  -0.1560   0.8733   1.0000
   1.750   0.7921   0.01478   0.00917  -0.1577   0.8646   1.0000
   2.000   0.8328   0.01418   0.00850  -0.1596   0.8549   1.0000
   2.250   0.8764   0.01355   0.00782  -0.1622   0.8439   1.0000
   2.500   0.9235   0.01296   0.00716  -0.1655   0.8302   1.0000
   2.750   0.9670   0.01258   0.00671  -0.1682   0.8105   1.0000
   3.250   1.0493   0.00777   0.00169  -0.1718   0.7377   1.0000
   3.500   1.0841   0.01239   0.00610  -0.1740   0.7237   1.0000
   3.750   1.1143   0.01261   0.00613  -0.1742   0.6896   1.0000
   4.000   1.1384   0.01294   0.00625  -0.1732   0.6506   1.0000
   4.250   1.1544   0.01354   0.00629  -0.1703   0.5803   1.0000
   4.500   1.1644   0.01430   0.00650  -0.1665   0.5010   1.0000
   4.750   1.1805   0.01492   0.00679  -0.1642   0.4538   1.0000
   5.000   1.1972   0.01553   0.00711  -0.1621   0.4119   1.0000
   5.250   1.2129   0.01621   0.00745  -0.1599   0.3679   1.0000
   5.500   1.2274   0.01698   0.00783  -0.1575   0.3145   1.0000
   5.750   1.2405   0.01799   0.00836  -0.1549   0.2539   1.0000
   6.000   1.2516   0.01937   0.00916  -0.1521   0.1727   1.0000
   6.250   1.2647   0.02073   0.01005  -0.1497   0.1074   1.0000
   6.500   1.2721   0.02274   0.01146  -0.1463   0.0293   1.0000
   6.750   1.2897   0.02365   0.01242  -0.1442   0.0261   1.0000
   7.000   1.3075   0.02453   0.01347  -0.1421   0.0252   1.0000
   7.250   1.3243   0.02551   0.01464  -0.1397   0.0252   1.0000
   7.500   1.3387   0.02665   0.01599  -0.1370   0.0256   1.0000
   7.750   1.3493   0.02803   0.01757  -0.1337   0.0264   1.0000
   8.000   1.3559   0.02967   0.01939  -0.1299   0.0274   1.0000
   8.250   1.3609   0.03166   0.02150  -0.1260   0.0284   1.0000
