  
       XFOIL         Version 6.99
  
 Calculated polar for: Airfoil_rR0.309450.txt                          
  
 1 1 Reynolds number fixed          Mach number fixed         
  
 xtrf =   1.000 (top)        1.000 (bottom)  
 Mach =   0.000     Re =     0.100 e 6     Ncrit =   9.000
  
   alpha    CL        CD       CDp       CM     Top_Xtr  Bot_Xtr
  ------ -------- --------- --------- -------- -------- --------
 -18.000  -0.3629   0.21249   0.20651  -0.0171   1.0000   0.0319
 -17.000  -0.4749   0.20814   0.20154  -0.0094   1.0000   0.0320
 -16.750  -0.4675   0.20539   0.19882  -0.0101   1.0000   0.0328
 -16.500  -0.4604   0.20265   0.19611  -0.0109   1.0000   0.0337
 -16.250  -0.4534   0.19990   0.19339  -0.0117   1.0000   0.0346
 -16.000  -0.4466   0.19719   0.19071  -0.0126   1.0000   0.0357
 -15.750  -0.4400   0.19448   0.18803  -0.0135   1.0000   0.0368
 -15.250  -0.4285   0.18975   0.18336  -0.0159   1.0000   0.0392
 -14.500  -0.4244   0.18666   0.18039  -0.0208   1.0000   0.0400
 -14.250  -0.4083   0.17860   0.17239  -0.0196   1.0000   0.0408
 -14.000  -0.3341   0.17802   0.17224  -0.0222   1.0000   0.0458
 -11.750  -0.3591   0.14746   0.14146  -0.0223   1.0000   0.0743
 -11.250  -0.3171   0.14626   0.14054  -0.0238   1.0000   0.0778
 -11.000  -0.3174   0.14424   0.13855  -0.0242   1.0000   0.0789
 -10.250  -0.3350   0.14036   0.13481  -0.0265   1.0000   0.0802
  -9.750  -0.3407   0.12965   0.12397  -0.0243   1.0000   0.0809
  -9.250  -0.2992   0.12651   0.12108  -0.0223   1.0000   0.0837
  -8.500  -0.3203   0.11747   0.11200  -0.0210   1.0000   0.0866
  -8.250  -0.3224   0.11572   0.11029  -0.0207   1.0000   0.0882
  -7.750  -0.3563   0.11535   0.11010  -0.0211   1.0000   0.0900
  -7.500  -0.3486   0.11167   0.10647  -0.0197   1.0000   0.0905
  -7.250  -0.3346   0.10795   0.10278  -0.0178   1.0000   0.0915
  -6.750  -0.3087   0.10558   0.10068  -0.0143   1.0000   0.0956
  -5.500  -0.3745   0.09585   0.09114  -0.0122   1.0000   0.1008
  -4.750  -0.3529   0.09103   0.08664  -0.0064   1.0000   0.1071
  -4.250  -0.3514   0.08304   0.07852  -0.0168   1.0000   0.1113
  -3.750  -0.3360   0.07857   0.07412  -0.0166   1.0000   0.1164
  -2.500  -0.1490   0.06033   0.05564  -0.0566   0.9772   0.1524
  -1.750   0.0769   0.04093   0.03468  -0.1020   0.9633   0.1206
  -1.500   0.1607   0.03171   0.02363  -0.1130   0.9644   0.0674
  -1.250   0.2104   0.02994   0.02139  -0.1172   0.9592   0.0637
  -1.000   0.2544   0.02875   0.01989  -0.1201   0.9514   0.0619
  -0.750   0.2955   0.02794   0.01899  -0.1226   0.9428   0.0617
  -0.500   0.3371   0.02729   0.01836  -0.1253   0.9344   0.0628
  -0.250   0.3799   0.02678   0.01785  -0.1282   0.9261   0.0659
   0.000   0.4275   0.02619   0.01726  -0.1318   0.9194   0.0772
   0.250   0.4724   0.02488   0.01718  -0.1355   0.9115   0.3752
   0.500   0.5125   0.02438   0.01757  -0.1378   0.9020   0.5252
   0.750   0.5474   0.02359   0.01734  -0.1384   0.8923   0.7105
   1.000   0.5810   0.02266   0.01661  -0.1385   0.8816   1.0000
   1.250   0.6242   0.02229   0.01605  -0.1410   0.8716   1.0000
   1.500   0.6664   0.02186   0.01547  -0.1432   0.8615   1.0000
   1.750   0.7092   0.02131   0.01480  -0.1454   0.8517   1.0000
   2.000   0.7534   0.02060   0.01400  -0.1476   0.8423   1.0000
   2.250   0.7981   0.01980   0.01311  -0.1498   0.8323   1.0000
   2.500   0.8436   0.01898   0.01222  -0.1522   0.8213   1.0000
   2.750   0.8963   0.01798   0.01116  -0.1558   0.8102   1.0000
   3.000   0.9413   0.01732   0.01044  -0.1582   0.7927   1.0000
   3.250   0.9890   0.01675   0.00979  -0.1612   0.7721   1.0000
   3.500   1.0334   0.01638   0.00931  -0.1636   0.7474   1.0000
   3.750   1.0732   0.01623   0.00901  -0.1653   0.7190   1.0000
   4.000   1.1058   0.01633   0.00894  -0.1657   0.6876   1.0000
   4.250   1.1335   0.01656   0.00901  -0.1651   0.6544   1.0000
   4.500   1.1609   0.01689   0.00911  -0.1646   0.6222   1.0000
   4.750   1.1849   0.01730   0.00932  -0.1635   0.5905   1.0000
   5.000   1.2071   0.01779   0.00962  -0.1622   0.5596   1.0000
   5.250   1.2273   0.01830   0.00991  -0.1604   0.5285   1.0000
   5.500   1.2388   0.01878   0.01012  -0.1570   0.4867   1.0000
   5.750   1.2472   0.01934   0.01032  -0.1530   0.4407   1.0000
   6.000   1.2581   0.01995   0.01064  -0.1498   0.4007   1.0000
   6.250   1.2746   0.02054   0.01108  -0.1478   0.3741   1.0000
   6.500   1.2903   0.02115   0.01150  -0.1456   0.3489   1.0000
   6.750   1.3052   0.02174   0.01195  -0.1433   0.3224   1.0000
   7.000   1.3182   0.02239   0.01240  -0.1407   0.2957   1.0000
   7.250   1.3320   0.02308   0.01297  -0.1382   0.2659   1.0000
   7.500   1.3444   0.02393   0.01369  -0.1355   0.2368   1.0000
   7.750   1.3547   0.02499   0.01448  -0.1326   0.1900   1.0000
   8.000   1.3508   0.02772   0.01687  -0.1276   0.0757   1.0000
   8.250   1.3494   0.03042   0.01911  -0.1231   0.0332   1.0000
   8.500   1.3586   0.03200   0.02081  -0.1200   0.0306   1.0000
   9.000   1.3744   0.03515   0.02430  -0.1140   0.0296   1.0000
   9.250   1.3791   0.03690   0.02625  -0.1108   0.0296   1.0000
   9.500   1.3811   0.03886   0.02840  -0.1075   0.0297   1.0000
   9.750   1.3811   0.04104   0.03075  -0.1042   0.0299   1.0000
  10.000   1.3830   0.04318   0.03306  -0.1014   0.0302   1.0000
  10.250   1.3869   0.04529   0.03530  -0.0989   0.0307   1.0000
  10.500   1.3932   0.04741   0.03754  -0.0966   0.0314   1.0000
  10.750   1.4045   0.04964   0.03990  -0.0947   0.0326   1.0000
  11.000   1.4368   0.05239   0.04277  -0.0939   0.0352   1.0000
  11.500   1.5172   0.06271   0.05415  -0.0942   0.0447   1.0000
  13.750   1.3113   0.11709   0.11173  -0.0951   0.0537   1.0000
  16.250   0.9790   0.24210   0.23822  -0.1594   0.1002   1.0000
  17.250   0.9710   0.26034   0.25649  -0.1694   0.0924   1.0000
