  
       XFOIL         Version 6.99
  
 Calculated polar for: Airfoil_rR0.362833.txt                          
  
 1 1 Reynolds number fixed          Mach number fixed         
  
 xtrf =   1.000 (top)        1.000 (bottom)  
 Mach =   0.000     Re =     0.100 e 6     Ncrit =   9.000
  
   alpha    CL        CD       CDp       CM     Top_Xtr  Bot_Xtr
  ------ -------- --------- --------- -------- -------- --------
 -17.250  -0.4943   0.21667   0.21004  -0.0097   1.0000   0.0303
 -17.000  -0.4838   0.21092   0.20430  -0.0098   1.0000   0.0307
 -16.750  -0.4746   0.20675   0.20016  -0.0098   1.0000   0.0313
 -16.500  -0.4669   0.20370   0.19714  -0.0104   1.0000   0.0320
 -16.250  -0.4597   0.20086   0.19433  -0.0111   1.0000   0.0328
 -16.000  -0.4526   0.19812   0.19162  -0.0118   1.0000   0.0337
 -14.750  -0.4217   0.18510   0.17877  -0.0166   1.0000   0.0392
 -12.250  -0.3347   0.15524   0.14939  -0.0231   1.0000   0.0646
 -10.750  -0.3502   0.13734   0.13146  -0.0227   1.0000   0.0779
 -10.000  -0.3336   0.13585   0.13032  -0.0255   1.0000   0.0803
  -9.500  -0.3112   0.12804   0.12256  -0.0230   1.0000   0.0819
  -9.000  -0.3310   0.12079   0.11521  -0.0219   1.0000   0.0830
  -8.500  -0.3265   0.11644   0.11095  -0.0207   1.0000   0.0855
  -8.250  -0.3056   0.11696   0.11170  -0.0204   1.0000   0.0884
  -7.750  -0.3451   0.11256   0.10726  -0.0201   1.0000   0.0896
  -7.000  -0.3136   0.10631   0.10134  -0.0157   1.0000   0.0928
  -6.750  -0.3150   0.10441   0.09950  -0.0143   1.0000   0.0942
  -6.500  -0.3448   0.10136   0.09635  -0.0128   1.0000   0.0941
  -6.250  -0.3287   0.10132   0.09655  -0.0110   1.0000   0.0973
  -6.000  -0.3609   0.09860   0.09372  -0.0091   1.0000   0.0970
  -5.750  -0.3707   0.09720   0.09240  -0.0106   1.0000   0.0991
  -5.500  -0.3600   0.09635   0.09178  -0.0116   1.0000   0.1007
  -5.250  -0.3713   0.09207   0.08737  -0.0124   1.0000   0.1011
  -4.750  -0.3636   0.08763   0.08303  -0.0097   1.0000   0.1043
  -4.500  -0.3577   0.08514   0.08057  -0.0120   1.0000   0.1075
  -4.250  -0.3425   0.08120   0.07662  -0.0208   1.0000   0.1109
  -4.000  -0.3382   0.07914   0.07462  -0.0181   1.0000   0.1123
  -3.750  -0.3288   0.07688   0.07239  -0.0185   1.0000   0.1152
  -3.500  -0.3006   0.07260   0.06805  -0.0285   1.0000   0.1212
  -3.250  -0.2930   0.07069   0.06620  -0.0268   1.0000   0.1234
  -3.000  -0.2588   0.06667   0.06209  -0.0365   1.0000   0.1312
  -1.500   0.1424   0.03374   0.02633  -0.1097   0.9719   0.0769
  -1.250   0.1960   0.03100   0.02278  -0.1147   0.9666   0.0678
  -1.000   0.2439   0.02948   0.02088  -0.1186   0.9608   0.0642
  -0.750   0.2869   0.02840   0.01951  -0.1214   0.9527   0.0620
  -0.500   0.3287   0.02767   0.01871  -0.1240   0.9443   0.0614
  -0.250   0.3711   0.02707   0.01812  -0.1269   0.9361   0.0621
   0.000   0.4167   0.02659   0.01765  -0.1303   0.9288   0.0647
   0.250   0.4606   0.02610   0.01715  -0.1333   0.9206   0.0730
   0.500   0.5058   0.02463   0.01753  -0.1373   0.9126   0.4452
   0.750   0.5395   0.02369   0.01748  -0.1377   0.9033   0.7291
   1.000   0.5738   0.02293   0.01682  -0.1382   0.8921   1.0000
   1.250   0.6175   0.02261   0.01630  -0.1408   0.8820   1.0000
   1.500   0.6603   0.02223   0.01578  -0.1432   0.8720   1.0000
   1.750   0.7025   0.02177   0.01521  -0.1454   0.8618   1.0000
   2.000   0.7457   0.02118   0.01452  -0.1476   0.8519   1.0000
   2.250   0.7904   0.02040   0.01366  -0.1499   0.8423   1.0000
   2.500   0.8357   0.01955   0.01276  -0.1523   0.8320   1.0000
   2.750   0.8827   0.01866   0.01182  -0.1549   0.8206   1.0000
   3.000   0.9290   0.01783   0.01094  -0.1574   0.8057   1.0000
   3.250   0.9832   0.01699   0.01005  -0.1615   0.7892   1.0000
   3.500   1.0250   0.01656   0.00955  -0.1634   0.7651   1.0000
   3.750   1.0664   0.01629   0.00917  -0.1653   0.7373   1.0000
   4.000   1.1039   0.01622   0.00895  -0.1665   0.7062   1.0000
   4.250   1.1360   0.01636   0.00890  -0.1668   0.6722   1.0000
   4.500   1.1638   0.01664   0.00898  -0.1663   0.6382   1.0000
   4.750   1.1874   0.01704   0.00920  -0.1651   0.6037   1.0000
   5.000   1.2081   0.01749   0.00939  -0.1633   0.5658   1.0000
   5.250   1.2189   0.01798   0.00949  -0.1595   0.5129   1.0000
   5.500   1.2276   0.01860   0.00969  -0.1555   0.4573   1.0000
   5.750   1.2427   0.01923   0.01003  -0.1531   0.4204   1.0000
   6.000   1.2589   0.01985   0.01042  -0.1509   0.3891   1.0000
   6.250   1.2745   0.02045   0.01084  -0.1487   0.3562   1.0000
   6.500   1.2890   0.02114   0.01128  -0.1463   0.3228   1.0000
   6.750   1.3021   0.02191   0.01183  -0.1437   0.2889   1.0000
   7.000   1.3140   0.02281   0.01251  -0.1408   0.2471   1.0000
   7.250   1.3253   0.02391   0.01331  -0.1380   0.1965   1.0000
   7.500   1.3386   0.02503   0.01421  -0.1355   0.1527   1.0000
   7.750   1.3440   0.02702   0.01558  -0.1321   0.0803   1.0000
   8.000   1.3479   0.02924   0.01739  -0.1284   0.0377   1.0000
   8.250   1.3516   0.03164   0.02060  -0.1239   0.0313   1.0000
   8.500   1.3555   0.03368   0.02289  -0.1198   0.0308   1.0000
   8.750   1.3597   0.03551   0.02492  -0.1162   0.0309   1.0000
   9.000   1.3636   0.03734   0.02692  -0.1127   0.0312   1.0000
   9.250   1.3347   0.03931   0.02945  -0.1052   0.0319   1.0000
   9.500   1.3738   0.04129   0.03115  -0.1065   0.0325   1.0000
   9.750   1.3852   0.04360   0.03358  -0.1041   0.0338   1.0000
  10.000   1.4195   0.04668   0.03671  -0.1040   0.0364   1.0000
  12.000   1.3706   0.09907   0.09335  -0.0853   0.0691   1.0000
  13.000   1.2846   0.11691   0.11184  -0.0975   0.0632   1.0000
