  
       XFOIL         Version 6.99
  
 Calculated polar for: Airfoil_rR0.256067.txt                          
  
 1 1 Reynolds number fixed          Mach number fixed         
  
 xtrf =   1.000 (top)        1.000 (bottom)  
 Mach =   0.000     Re =     0.050 e 6     Ncrit =   9.000
  
   alpha    CL        CD       CDp       CM     Top_Xtr  Bot_Xtr
  ------ -------- --------- --------- -------- -------- --------
 -19.250  -0.3688   0.22809   0.21970  -0.0188   1.0000   0.0601
 -18.750  -0.3532   0.21883   0.21051  -0.0186   1.0000   0.0627
 -17.250  -0.3433   0.21144   0.20316  -0.0222   1.0000   0.0707
 -17.000  -0.4584   0.21089   0.20168  -0.0136   1.0000   0.0693
 -16.000  -0.3384   0.20364   0.19539  -0.0242   1.0000   0.0799
 -15.250  -0.3248   0.19404   0.18588  -0.0241   1.0000   0.0880
 -15.000  -0.3299   0.19367   0.18552  -0.0250   1.0000   0.0897
 -14.500  -0.3991   0.18553   0.17684  -0.0218   1.0000   0.0898
 -14.250  -0.3881   0.18066   0.17204  -0.0214   1.0000   0.0924
 -14.000  -0.3811   0.17796   0.16939  -0.0217   1.0000   0.0970
 -13.750  -0.3820   0.17744   0.16894  -0.0232   1.0000   0.0997
 -13.500  -0.3706   0.17274   0.16431  -0.0226   1.0000   0.1033
 -13.250  -0.3683   0.17138   0.16302  -0.0234   1.0000   0.1092
 -12.250  -0.3576   0.16219   0.15370  -0.0249   1.0000   0.1299
 -11.750  -0.2970   0.15861   0.15056  -0.0252   1.0000   0.1354
 -11.500  -0.3319   0.15231   0.14395  -0.0242   1.0000   0.1353
 -11.250  -0.3292   0.15037   0.14206  -0.0244   1.0000   0.1380
 -11.000  -0.3326   0.14964   0.14139  -0.0252   1.0000   0.1397
 -10.750  -0.3276   0.14675   0.13857  -0.0251   1.0000   0.1409
 -10.000  -0.3135   0.13939   0.13136  -0.0242   1.0000   0.1489
  -9.250  -0.3009   0.13179   0.12394  -0.0229   1.0000   0.1559
  -9.000  -0.2890   0.13483   0.12735  -0.0232   1.0000   0.1600
  -8.750  -0.3098   0.12923   0.12156  -0.0227   1.0000   0.1605
  -8.500  -0.2969   0.12537   0.11774  -0.0214   1.0000   0.1635
  -8.000  -0.3094   0.12324   0.11579  -0.0205   1.0000   0.1698
  -7.750  -0.2724   0.12169   0.11455  -0.0186   1.0000   0.1745
  -7.500  -0.2958   0.11727   0.10995  -0.0180   1.0000   0.1762
  -7.250  -0.2891   0.11918   0.11224  -0.0169   1.0000   0.1806
  -7.000  -0.3043   0.11389   0.10676  -0.0159   1.0000   0.1820
  -6.750  -0.3019   0.11167   0.10461  -0.0144   1.0000   0.1861
  -6.500  -0.3198   0.11148   0.10454  -0.0130   1.0000   0.1896
  -6.000  -0.3170   0.10676   0.09998  -0.0095   1.0000   0.1966
  -5.750  -0.3135   0.10799   0.10158  -0.0072   1.0000   0.2011
  -5.500  -0.3349   0.10387   0.09731  -0.0054   1.0000   0.2029
  -5.250  -0.3407   0.10232   0.09585  -0.0040   1.0000   0.2079
  -5.000  -0.3492   0.10067   0.09430  -0.0037   1.0000   0.2113
  -4.750  -0.3461   0.09835   0.09205  -0.0018   1.0000   0.2163
  -4.500  -0.3533   0.09661   0.09041  -0.0027   1.0000   0.2212
  -4.250  -0.3500   0.09432   0.08818  -0.0009   1.0000   0.2268
  -4.000  -0.3386   0.09420   0.08839   0.0011   1.0000   0.2330
  -3.750  -0.3502   0.09005   0.08405  -0.0042   1.0000   0.2404
  -3.500  -0.3455   0.08760   0.08167  -0.0011   1.0000   0.2454
  -3.250  -0.3410   0.08520   0.07933  -0.0023   1.0000   0.2530
  -3.000  -0.3343   0.08279   0.07697  -0.0038   1.0000   0.2621
  -1.500  -0.1511   0.05846   0.05205  -0.0498   1.0000   0.2083
  -1.250   0.0227   0.03953   0.03029  -0.0879   1.0000   0.1073
  -1.000   0.0573   0.03769   0.02788  -0.0905   1.0000   0.1082
  -0.750   0.0856   0.03658   0.02641  -0.0917   1.0000   0.1117
  -0.500   0.1105   0.03601   0.02562  -0.0922   1.0000   0.1194
  -0.250   0.1343   0.03566   0.02529  -0.0925   1.0000   0.1357
   0.000   0.1610   0.03554   0.02539  -0.0936   1.0000   0.2102
   0.250   0.1768   0.03649   0.02686  -0.0936   1.0000   0.2883
   0.500   0.2332   0.03777   0.02851  -0.0995   0.9826   0.3856
   0.750   0.2834   0.03823   0.02912  -0.1041   0.9661   0.4622
   1.000   0.3302   0.03839   0.02969  -0.1076   0.9506   0.5661
   1.250   0.3656   0.03811   0.03055  -0.1089   0.9338   0.6927
   1.500   0.4051   0.03748   0.02995  -0.1117   0.9147   1.0000
   1.750   0.4533   0.03822   0.03023  -0.1162   0.8969   1.0000
   2.000   0.5034   0.03881   0.03049  -0.1204   0.8801   1.0000
   2.250   0.5449   0.03923   0.03068  -0.1232   0.8611   1.0000
   2.500   0.5862   0.03956   0.03083  -0.1257   0.8425   1.0000
   2.750   0.6267   0.03981   0.03093  -0.1278   0.8241   1.0000
   3.000   0.6708   0.03982   0.03082  -0.1301   0.8064   1.0000
   3.250   0.7229   0.03934   0.03022  -0.1331   0.7902   1.0000
   3.500   0.7642   0.03902   0.02984  -0.1344   0.7713   1.0000
   3.750   0.8070   0.03851   0.02928  -0.1357   0.7532   1.0000
   4.000   0.8678   0.03683   0.02754  -0.1386   0.7394   1.0000
   4.250   0.9179   0.03563   0.02633  -0.1403   0.7216   1.0000
   4.500   0.9761   0.03402   0.02470  -0.1429   0.7029   1.0000
   4.750   1.0463   0.03206   0.02270  -0.1473   0.6823   1.0000
   5.000   1.1042   0.03082   0.02137  -0.1502   0.6580   1.0000
   5.250   1.1518   0.03022   0.02066  -0.1519   0.6315   1.0000
   5.500   1.1852   0.03034   0.02068  -0.1517   0.6043   1.0000
   5.750   1.2239   0.03042   0.02060  -0.1524   0.5779   1.0000
   6.000   1.2505   0.03100   0.02107  -0.1515   0.5519   1.0000
   6.250   1.2792   0.03158   0.02151  -0.1509   0.5272   1.0000
   6.500   1.3023   0.03241   0.02226  -0.1495   0.5034   1.0000
   6.750   1.3300   0.03312   0.02281  -0.1489   0.4808   1.0000
   7.000   1.3544   0.03405   0.02363  -0.1479   0.4598   1.0000
   7.250   1.3765   0.03508   0.02460  -0.1466   0.4402   1.0000
   8.000   1.3611   0.03358   0.02290  -0.1272   0.3497   1.0000
   8.250   1.3672   0.03432   0.02363  -0.1236   0.3312   1.0000
   8.500   1.3741   0.03515   0.02450  -0.1202   0.3146   1.0000
   8.750   1.3849   0.03597   0.02528  -0.1174   0.3003   1.0000
   9.000   1.3950   0.03697   0.02638  -0.1147   0.2866   1.0000
   9.250   1.3960   0.03796   0.02743  -0.1108   0.2704   1.0000
   9.500   1.3914   0.03906   0.02850  -0.1064   0.2526   1.0000
   9.750   1.3954   0.04030   0.02979  -0.1033   0.2388   1.0000
  10.000   1.4017   0.04163   0.03134  -0.1007   0.2263   1.0000
  10.250   1.4055   0.04306   0.03289  -0.0979   0.2143   1.0000
  10.500   1.4002   0.04496   0.03486  -0.0947   0.1949   1.0000
  10.750   1.3929   0.04722   0.03710  -0.0918   0.1728   1.0000
  11.000   1.3848   0.05001   0.03985  -0.0895   0.1434   1.0000
  11.250   1.3768   0.05329   0.04307  -0.0876   0.1126   1.0000
  11.500   1.3654   0.05733   0.04699  -0.0862   0.0852   1.0000
  11.750   1.3521   0.06192   0.05149  -0.0852   0.0716   1.0000
  12.000   1.3399   0.06669   0.05628  -0.0849   0.0644   1.0000
  12.250   1.3274   0.07174   0.06138  -0.0851   0.0607   1.0000
  12.500   1.3167   0.07684   0.06658  -0.0856   0.0580   1.0000
  12.750   1.3076   0.08191   0.07181  -0.0865   0.0558   1.0000
  13.000   1.2995   0.08699   0.07703  -0.0875   0.0540   1.0000
  13.250   1.2926   0.09198   0.08214  -0.0887   0.0526   1.0000
  13.500   1.2872   0.09677   0.08702  -0.0899   0.0514   1.0000
  13.750   1.2840   0.10119   0.09150  -0.0910   0.0504   1.0000
  14.000   1.2854   0.10487   0.09523  -0.0914   0.0495   1.0000
  14.250   1.2910   0.10800   0.09854  -0.0913   0.0489   1.0000
  14.750   1.3131   0.11267   0.10385  -0.0901   0.0497   1.0000
  15.000   1.3172   0.11666   0.10813  -0.0908   0.0496   1.0000
  15.250   1.1347   0.14739   0.14026  -0.1026   0.0505   1.0000
  15.500   1.3092   0.12768   0.11968  -0.0954   0.0498   1.0000
  16.500   0.9520   0.21978   0.21388  -0.1424   0.0670   1.0000
  16.750   1.1626   0.19708   0.18973  -0.1431   0.0585   1.0000
