  
       XFOIL         Version 6.99
  
 Calculated polar for: Airfoil_rR0.336133.txt                          
  
 1 1 Reynolds number fixed          Mach number fixed         
  
 xtrf =   1.000 (top)        1.000 (bottom)  
 Mach =   0.000     Re =     0.150 e 6     Ncrit =   9.000
  
   alpha    CL        CD       CDp       CM     Top_Xtr  Bot_Xtr
  ------ -------- --------- --------- -------- -------- --------
 -20.000  -0.5705   0.24664   0.24097   0.0041   1.0000   0.0199
 -14.250  -0.4166   0.17946   0.17434  -0.0188   1.0000   0.0298
 -13.750  -0.4134   0.17573   0.17068  -0.0213   1.0000   0.0300
 -10.500  -0.3662   0.13619   0.13144  -0.0246   1.0000   0.0598
 -10.250  -0.3522   0.13854   0.13399  -0.0268   1.0000   0.0601
  -9.750  -0.3261   0.12929   0.12478  -0.0237   1.0000   0.0608
  -8.500  -0.3070   0.11672   0.11238  -0.0195   1.0000   0.0637
  -6.750  -0.3631   0.10279   0.09866  -0.0135   1.0000   0.0693
  -6.000  -0.3910   0.09683   0.09288  -0.0154   1.0000   0.0705
  -5.750  -0.3874   0.09435   0.09044  -0.0121   1.0000   0.0709
  -5.500  -0.3664   0.09403   0.09030  -0.0069   1.0000   0.0719
  -4.000  -0.2369   0.07108   0.06718  -0.0430   0.9724   0.0844
  -3.250  -0.1010   0.05643   0.05224  -0.0757   0.9550   0.1015
  -2.750  -0.0219   0.05011   0.04581  -0.0873   0.9446   0.1136
  -2.250   0.0860   0.04270   0.03797  -0.1060   0.9363   0.1411
  -2.000   0.1880   0.03105   0.02481  -0.1244   0.9410   0.0824
  -1.750   0.2490   0.02596   0.01852  -0.1301   0.9406   0.0555
  -1.500   0.2891   0.02442   0.01649  -0.1320   0.9342   0.0509
  -1.250   0.3342   0.02348   0.01543  -0.1351   0.9306   0.0496
  -1.000   0.3709   0.02246   0.01442  -0.1368   0.9231   0.0489
  -0.750   0.4138   0.02160   0.01358  -0.1396   0.9183   0.0485
  -0.500   0.4532   0.02096   0.01292  -0.1417   0.9119   0.0488
  -0.250   0.4912   0.02042   0.01235  -0.1436   0.9048   0.0501
   0.000   0.5378   0.01958   0.01192  -0.1469   0.9008   0.0670
   0.250   0.5767   0.01835   0.01170  -0.1495   0.8929   0.3392
   0.500   0.6171   0.01749   0.01137  -0.1517   0.8861   0.5087
   0.750   0.6583   0.01653   0.01087  -0.1536   0.8812   0.6770
   1.000   0.6839   0.01546   0.01022  -0.1519   0.8724   1.0000
   1.250   0.7223   0.01497   0.00961  -0.1535   0.8639   1.0000
   1.500   0.7629   0.01443   0.00898  -0.1554   0.8556   1.0000
   1.750   0.8066   0.01383   0.00828  -0.1580   0.8467   1.0000
   2.000   0.8496   0.01330   0.00767  -0.1604   0.8344   1.0000
   2.250   0.8917   0.01287   0.00716  -0.1627   0.8181   1.0000
   2.500   0.9440   0.01245   0.00661  -0.1672   0.8000   1.0000
   2.750   0.9810   0.01236   0.00641  -0.1687   0.7741   1.0000
   3.000   1.0198   0.01233   0.00622  -0.1706   0.7461   1.0000
   3.250   1.0530   0.01246   0.00615  -0.1713   0.7151   1.0000
   3.500   1.0818   0.01269   0.00619  -0.1713   0.6828   1.0000
   3.750   1.1064   0.01300   0.00631  -0.1704   0.6495   1.0000
   4.000   1.1307   0.01338   0.00647  -0.1695   0.6186   1.0000
   4.250   1.1526   0.01378   0.00668  -0.1682   0.5876   1.0000
   4.500   1.1727   0.01421   0.00694  -0.1665   0.5554   1.0000
   4.750   1.1867   0.01476   0.00715  -0.1636   0.5082   1.0000
   5.000   1.1972   0.01542   0.00739  -0.1600   0.4521   1.0000
   5.250   1.2103   0.01607   0.00770  -0.1572   0.4057   1.0000
   5.500   1.2276   0.01663   0.00805  -0.1553   0.3766   1.0000
   5.750   1.2442   0.01719   0.00841  -0.1533   0.3466   1.0000
   6.000   1.2608   0.01775   0.00877  -0.1513   0.3157   1.0000
   6.250   1.2754   0.01840   0.00914  -0.1490   0.2833   1.0000
   6.500   1.2892   0.01918   0.00959  -0.1465   0.2431   1.0000
   6.750   1.3033   0.02008   0.01022  -0.1442   0.2016   1.0000
   7.000   1.3134   0.02143   0.01108  -0.1413   0.1387   1.0000
   7.250   1.3272   0.02255   0.01196  -0.1389   0.0924   1.0000
   7.500   1.3298   0.02474   0.01355  -0.1350   0.0288   1.0000
   7.750   1.3447   0.02576   0.01460  -0.1327   0.0257   1.0000
   8.250   1.3686   0.02850   0.01838  -0.1263   0.0242   1.0000
   8.500   1.3787   0.02983   0.01990  -0.1232   0.0249   1.0000
   8.750   1.3858   0.03133   0.02159  -0.1199   0.0257   1.0000
   9.000   1.3898   0.03306   0.02348  -0.1162   0.0266   1.0000
   9.250   1.3925   0.03505   0.02559  -0.1126   0.0276   1.0000
   9.500   1.3965   0.03734   0.02796  -0.1094   0.0286   1.0000
   9.750   1.3796   0.04084   0.03181  -0.1038   0.0301   1.0000
