  
       XFOIL         Version 6.99
  
 Calculated polar for: Airfoil_rR0.923317.txt                          
  
 1 1 Reynolds number fixed          Mach number fixed         
  
 xtrf =   1.000 (top)        1.000 (bottom)  
 Mach =   0.000     Re =     0.100 e 6     Ncrit =   9.000
  
   alpha    CL        CD       CDp       CM     Top_Xtr  Bot_Xtr
  ------ -------- --------- --------- -------- -------- --------
 -20.000  -0.6856   0.25728   0.25041   0.0381   1.0000   0.0102
 -19.250  -0.4265   0.21924   0.21331   0.0026   1.0000   0.0140
 -18.500  -0.6274   0.23042   0.22372   0.0293   1.0000   0.0127
 -18.000  -0.6091   0.22478   0.21811   0.0257   1.0000   0.0142
 -17.750  -0.5998   0.22194   0.21530   0.0239   1.0000   0.0152
 -17.500  -0.3987   0.20466   0.19868  -0.0042   1.0000   0.0184
 -17.250  -0.3951   0.20296   0.19697  -0.0053   1.0000   0.0191
 -16.750  -0.5630   0.20998   0.20336   0.0167   1.0000   0.0164
 -16.250  -0.5446   0.20403   0.19743   0.0131   1.0000   0.0179
 -16.000  -0.3802   0.19371   0.18772  -0.0091   1.0000   0.0228
 -15.750  -0.3777   0.19206   0.18607  -0.0096   1.0000   0.0243
 -15.250  -0.5172   0.19831   0.19175   0.0030   1.0000   0.0202
 -15.000  -0.5013   0.18891   0.18241   0.0043   1.0000   0.0218
 -14.750  -0.3743   0.18590   0.17986  -0.0130   1.0000   0.0297
 -14.500  -0.4838   0.18278   0.17632   0.0017   1.0000   0.0253
 -14.250  -0.4754   0.17984   0.17341   0.0001   1.0000   0.0274
 -14.000  -0.4676   0.17754   0.17112  -0.0021   1.0000   0.0292
 -13.750  -0.4628   0.17649   0.17008  -0.0048   1.0000   0.0298
 -13.500  -0.4602   0.17575   0.16936  -0.0075   1.0000   0.0301
 -13.250  -0.4589   0.17499   0.16862  -0.0100   1.0000   0.0302
 -13.000  -0.4364   0.16419   0.15788  -0.0074   1.0000   0.0327
 -12.750  -0.3577   0.16372   0.15772  -0.0179   1.0000   0.0395
 -12.500  -0.4209   0.15800   0.15174  -0.0098   1.0000   0.0370
 -12.250  -0.4150   0.15560   0.14936  -0.0118   1.0000   0.0391
 -12.000  -0.4137   0.15481   0.14860  -0.0148   1.0000   0.0399
 -11.750  -0.4152   0.15427   0.14809  -0.0177   1.0000   0.0401
 -11.500  -0.3945   0.14524   0.13911  -0.0151   1.0000   0.0429
 -11.250  -0.3873   0.14203   0.13593  -0.0159   1.0000   0.0456
 -11.000  -0.3820   0.13926   0.13319  -0.0175   1.0000   0.0484
 -10.750  -0.3825   0.13824   0.13220  -0.0206   1.0000   0.0498
 -10.500  -0.3867   0.13776   0.13177  -0.0239   1.0000   0.0501
 -10.250  -0.3643   0.12934   0.12339  -0.0203   1.0000   0.0550
 -10.000  -0.3603   0.12672   0.12080  -0.0219   1.0000   0.0585
  -4.500  -0.3203   0.06327   0.05851  -0.0332   1.0000   0.1163
  -4.250  -0.3013   0.05912   0.05429  -0.0371   1.0000   0.1231
  -3.250  -0.1670   0.03824   0.03218  -0.0565   1.0000   0.1049
  -3.000  -0.0669   0.02302   0.01400  -0.0657   1.0000   0.0431
  -2.750  -0.0298   0.02064   0.01130  -0.0667   1.0000   0.0465
  -2.500   0.0091   0.01882   0.00959  -0.0681   1.0000   0.1068
  -2.250   0.0315   0.01896   0.00977  -0.0682   1.0000   0.1372
  -2.000   0.0742   0.01952   0.01050  -0.0731   0.9924   0.1874
  -1.750   0.1192   0.01916   0.01033  -0.0775   0.9853   0.2251
  -1.500   0.1656   0.01863   0.01010  -0.0821   0.9789   0.2901
  -1.250   0.2090   0.01761   0.00998  -0.0864   0.9723   0.4648
  -1.000   0.2391   0.01640   0.00988  -0.0864   0.9627   1.0000
  -0.750   0.2800   0.01661   0.00984  -0.0899   0.9530   1.0000
  -0.500   0.3206   0.01676   0.00982  -0.0932   0.9430   1.0000
  -0.250   0.3605   0.01686   0.00979  -0.0963   0.9329   1.0000
   0.000   0.3995   0.01692   0.00975  -0.0991   0.9227   1.0000
   0.250   0.4379   0.01694   0.00970  -0.1017   0.9127   1.0000
   0.500   0.4759   0.01692   0.00963  -0.1042   0.9027   1.0000
   0.750   0.5123   0.01686   0.00954  -0.1062   0.8929   1.0000
   1.000   0.5475   0.01677   0.00942  -0.1078   0.8829   1.0000
   1.250   0.5816   0.01667   0.00930  -0.1091   0.8726   1.0000
   1.500   0.6147   0.01654   0.00915  -0.1101   0.8619   1.0000
   1.750   0.6468   0.01641   0.00899  -0.1108   0.8510   1.0000
   2.000   0.6780   0.01630   0.00886  -0.1113   0.8400   1.0000
   2.250   0.7037   0.01638   0.00891  -0.1109   0.8253   1.0000
   2.500   0.7326   0.01628   0.00879  -0.1109   0.8123   1.0000
   2.750   0.7606   0.01620   0.00868  -0.1106   0.7986   1.0000
   3.000   0.7879   0.01611   0.00856  -0.1102   0.7837   1.0000
   3.750   0.8658   0.01566   0.00787  -0.1070   0.7240   1.0000
   4.000   0.8901   0.01555   0.00766  -0.1056   0.7003   1.0000
   4.500   0.9380   0.01556   0.00742  -0.1031   0.6504   1.0000
   4.750   0.9606   0.01573   0.00752  -0.1018   0.6243   1.0000
   5.250   1.0070   0.01609   0.00775  -0.0997   0.5762   1.0000
   6.000   1.0561   0.01736   0.00791  -0.0928   0.3831   1.0000
   7.250   1.1096   0.02623   0.01436  -0.0805   0.0409   1.0000
   7.500   1.1183   0.02823   0.01654  -0.0771   0.0349   1.0000
   7.750   1.1265   0.03033   0.01869  -0.0739   0.0322   1.0000
   8.000   1.1393   0.03312   0.02143  -0.0713   0.0310   1.0000
   8.250   1.1696   0.03670   0.02509  -0.0705   0.0314   1.0000
  13.250   0.9860   0.16878   0.16290  -0.0953   0.1050   1.0000
  14.500   0.8017   0.18541   0.17988  -0.0784   0.0983   1.0000
  17.250   0.7784   0.21803   0.21255  -0.0887   0.0732   1.0000
