  
       XFOIL         Version 6.99
  
 Calculated polar for: Airfoil_rR0.923317.txt                          
  
 1 1 Reynolds number fixed          Mach number fixed         
  
 xtrf =   1.000 (top)        1.000 (bottom)  
 Mach =   0.000     Re =     0.150 e 6     Ncrit =   9.000
  
   alpha    CL        CD       CDp       CM     Top_Xtr  Bot_Xtr
  ------ -------- --------- --------- -------- -------- --------
 -20.000  -0.6804   0.25003   0.24443   0.0412   1.0000   0.0097
 -18.500  -0.6248   0.23425   0.22869   0.0285   1.0000   0.0099
 -17.000  -0.5725   0.21862   0.21315   0.0162   1.0000   0.0102
 -15.500  -0.3790   0.18919   0.18423  -0.0099   1.0000   0.0118
 -15.000  -0.3746   0.18471   0.17974  -0.0109   1.0000   0.0127
 -14.750  -0.4921   0.18465   0.17930   0.0025   1.0000   0.0111
 -14.250  -0.3684   0.17739   0.17241  -0.0126   1.0000   0.0142
 -13.750  -0.4585   0.17164   0.16637  -0.0023   1.0000   0.0133
 -13.500  -0.4504   0.16854   0.16328  -0.0037   1.0000   0.0139
 -13.000  -0.3571   0.16320   0.15822  -0.0158   1.0000   0.0178
 -12.500  -0.4196   0.15576   0.15057  -0.0093   1.0000   0.0172
 -12.250  -0.4122   0.15254   0.14736  -0.0108   1.0000   0.0182
 -12.000  -0.4053   0.14970   0.14454  -0.0128   1.0000   0.0194
 -11.750  -0.4024   0.14815   0.14300  -0.0159   1.0000   0.0199
 -11.500  -0.4012   0.14661   0.14149  -0.0187   1.0000   0.0202
 -11.250  -0.3864   0.13927   0.13422  -0.0160   1.0000   0.0227
 -11.000  -0.3335   0.13831   0.13344  -0.0226   1.0000   0.0292
 -10.500  -0.3371   0.13439   0.12956  -0.0270   1.0000   0.0300
 -10.250  -0.3695   0.12936   0.12441  -0.0239   1.0000   0.0299
 -10.000  -0.3680   0.12717   0.12225  -0.0265   1.0000   0.0301
  -8.750  -0.3447   0.11019   0.10549  -0.0302   1.0000   0.0399
  -8.500  -0.2999   0.10522   0.10072  -0.0287   1.0000   0.0456
  -8.250  -0.3006   0.10259   0.09814  -0.0292   1.0000   0.0482
  -8.000  -0.3289   0.09904   0.09449  -0.0279   1.0000   0.0472
  -4.500  -0.2740   0.05640   0.05226  -0.0464   0.9922   0.0838
  -3.750  -0.1304   0.03907   0.03408  -0.0711   0.9789   0.1122
  -3.500  -0.0575   0.02284   0.01534  -0.0771   0.9821   0.0369
  -3.250  -0.0101   0.01871   0.01037  -0.0791   0.9817   0.0319
  -2.750   0.0771   0.01572   0.00743  -0.0848   0.9736   0.1021
  -2.500   0.1158   0.01577   0.00757  -0.0879   0.9670   0.1317
  -2.250   0.1555   0.01564   0.00760  -0.0913   0.9609   0.1679
  -2.000   0.1912   0.01523   0.00740  -0.0937   0.9535   0.2048
  -1.750   0.2298   0.01474   0.00720  -0.0967   0.9476   0.2673
  -1.500   0.2683   0.01405   0.00700  -0.0998   0.9418   0.3731
  -1.250   0.2956   0.01258   0.00701  -0.0996   0.9363   0.8000
  -1.000   0.3378   0.01223   0.00667  -0.1026   0.9307   1.0000
  -0.750   0.3718   0.01215   0.00647  -0.1042   0.9220   1.0000
  -0.500   0.4051   0.01205   0.00627  -0.1056   0.9132   1.0000
  -0.250   0.4372   0.01196   0.00609  -0.1067   0.9043   1.0000
   0.000   0.4691   0.01184   0.00590  -0.1077   0.8954   1.0000
   0.250   0.5004   0.01170   0.00570  -0.1085   0.8862   1.0000
   0.500   0.5302   0.01159   0.00554  -0.1090   0.8761   1.0000
   0.750   0.5588   0.01151   0.00541  -0.1092   0.8652   1.0000
   1.000   0.5867   0.01145   0.00531  -0.1092   0.8537   1.0000
   1.250   0.6143   0.01141   0.00522  -0.1092   0.8419   1.0000
   1.500   0.6417   0.01139   0.00513  -0.1091   0.8298   1.0000
   1.750   0.6667   0.01143   0.00513  -0.1086   0.8145   1.0000
   2.000   0.6931   0.01142   0.00505  -0.1083   0.8003   1.0000
   2.250   0.7190   0.01142   0.00498  -0.1079   0.7845   1.0000
   2.500   0.7445   0.01141   0.00485  -0.1072   0.7651   1.0000
   2.750   0.7690   0.01142   0.00471  -0.1062   0.7411   1.0000
   3.000   0.7924   0.01147   0.00463  -0.1051   0.7135   1.0000
   3.500   0.8402   0.01171   0.00454  -0.1033   0.6607   1.0000
   3.750   0.8643   0.01192   0.00465  -0.1026   0.6369   1.0000
   4.250   0.9127   0.01234   0.00490  -0.1015   0.5916   1.0000
   4.500   0.9366   0.01262   0.00503  -0.1008   0.5699   1.0000
   5.000   0.9840   0.01320   0.00548  -0.0995   0.5235   1.0000
   5.750   1.0327   0.01552   0.00623  -0.0940   0.2727   1.0000
   6.500   1.0794   0.01938   0.00844  -0.0896   0.0642   1.0000
   6.750   1.0975   0.02044   0.00938  -0.0881   0.0434   1.0000
   7.000   1.1127   0.02186   0.01091  -0.0859   0.0299   1.0000
   7.500   1.1407   0.02479   0.01416  -0.0808   0.0237   1.0000
   7.750   1.1495   0.02684   0.01634  -0.0776   0.0236   1.0000
   8.000   1.1617   0.02961   0.01920  -0.0746   0.0244   1.0000
