  
       XFOIL         Version 6.99
  
 Calculated polar for: Airfoil_rR0.469583.txt                          
  
 1 1 Reynolds number fixed          Mach number fixed         
  
 xtrf =   1.000 (top)        1.000 (bottom)  
 Mach =   0.000     Re =     0.150 e 6     Ncrit =   9.000
  
   alpha    CL        CD       CDp       CM     Top_Xtr  Bot_Xtr
  ------ -------- --------- --------- -------- -------- --------
 -15.000  -0.4368   0.18661   0.18138  -0.0127   1.0000   0.0259
 -14.500  -0.3538   0.18362   0.17882  -0.0194   1.0000   0.0288
 -13.500  -0.4065   0.16980   0.16481  -0.0185   1.0000   0.0296
 -13.000  -0.4050   0.16452   0.15939  -0.0210   1.0000   0.0299
 -12.750  -0.4052   0.16257   0.15747  -0.0223   1.0000   0.0300
 -12.250  -0.3844   0.15137   0.14635  -0.0204   1.0000   0.0314
 -12.000  -0.3780   0.14849   0.14349  -0.0200   1.0000   0.0328
 -10.000  -0.3537   0.12605   0.12132  -0.0211   1.0000   0.0535
  -9.250  -0.3588   0.12153   0.11693  -0.0225   1.0000   0.0596
  -9.000  -0.3721   0.12127   0.11673  -0.0238   1.0000   0.0599
  -8.500  -0.3460   0.11287   0.10837  -0.0199   1.0000   0.0621
  -8.250  -0.3438   0.11068   0.10623  -0.0190   1.0000   0.0627
  -8.000  -0.3428   0.10863   0.10422  -0.0182   1.0000   0.0633
  -7.000  -0.3282   0.10274   0.09866  -0.0141   1.0000   0.0676
  -6.750  -0.3384   0.10141   0.09739  -0.0128   1.0000   0.0686
  -6.500  -0.3689   0.09862   0.09452  -0.0106   1.0000   0.0682
  -6.000  -0.3877   0.09529   0.09127  -0.0211   1.0000   0.0700
  -5.750  -0.3848   0.09192   0.08795  -0.0202   1.0000   0.0703
  -5.500  -0.3826   0.08935   0.08544  -0.0165   1.0000   0.0707
  -5.250  -0.3791   0.08707   0.08319  -0.0141   1.0000   0.0712
  -5.000  -0.3747   0.08486   0.08102  -0.0130   1.0000   0.0719
  -4.750  -0.3690   0.08260   0.07880  -0.0129   1.0000   0.0729
  -4.500  -0.3371   0.07909   0.07527  -0.0196   0.9949   0.0753
  -4.250  -0.2712   0.07151   0.06753  -0.0433   0.9887   0.0807
  -4.000  -0.2512   0.06913   0.06519  -0.0432   0.9829   0.0819
  -3.750  -0.2202   0.06630   0.06235  -0.0473   0.9772   0.0845
  -3.250  -0.1319   0.05784   0.05374  -0.0660   0.9658   0.0942
  -3.000  -0.0492   0.05156   0.04701  -0.0872   0.9627   0.1098
  -1.250   0.3158   0.02489   0.01727  -0.1329   0.9417   0.0566
  -1.000   0.3570   0.02351   0.01556  -0.1351   0.9362   0.0520
  -0.500   0.4381   0.02192   0.01389  -0.1398   0.9242   0.0492
  -0.250   0.4831   0.02112   0.01314  -0.1432   0.9205   0.0487
   0.000   0.5198   0.02056   0.01259  -0.1449   0.9126   0.0491
   0.250   0.5597   0.01999   0.01229  -0.1471   0.9058   0.0526
   0.500   0.6054   0.01926   0.01156  -0.1503   0.9009   0.0616
   0.750   0.6462   0.01788   0.01137  -0.1533   0.8932   0.4090
   1.000   0.6750   0.01646   0.01109  -0.1525   0.8863   0.8421
   1.250   0.7178   0.01567   0.01023  -0.1547   0.8807   1.0000
   1.500   0.7556   0.01518   0.00964  -0.1562   0.8720   1.0000
   2.000   0.8353   0.01404   0.00837  -0.1598   0.8529   1.0000
   2.500   0.9198   0.01299   0.00720  -0.1645   0.8252   1.0000
   2.750   0.9676   0.01256   0.00668  -0.1680   0.8062   1.0000
   3.000   1.0111   0.01235   0.00637  -0.1709   0.7808   1.0000
   3.250   1.0516   0.01229   0.00615  -0.1731   0.7516   1.0000
   3.500   1.0849   0.01241   0.00609  -0.1739   0.7187   1.0000
   3.750   1.1132   0.01266   0.00615  -0.1737   0.6844   1.0000
   4.000   1.1381   0.01298   0.00629  -0.1729   0.6492   1.0000
   4.250   1.1555   0.01351   0.00636  -0.1704   0.5880   1.0000
   4.500   1.1658   0.01426   0.00654  -0.1666   0.5109   1.0000
   4.750   1.1801   0.01492   0.00682  -0.1639   0.4569   1.0000
   5.000   1.1969   0.01552   0.00714  -0.1618   0.4172   1.0000
   5.250   1.2131   0.01616   0.00748  -0.1597   0.3761   1.0000
   5.500   1.2280   0.01690   0.00785  -0.1573   0.3294   1.0000
   5.750   1.2423   0.01775   0.00829  -0.1550   0.2697   1.0000
   6.000   1.2557   0.01881   0.00895  -0.1524   0.2136   1.0000
   6.250   1.2659   0.02034   0.00985  -0.1496   0.1321   1.0000
   6.500   1.2788   0.02172   0.01084  -0.1470   0.0678   1.0000
   6.750   1.2883   0.02348   0.01221  -0.1438   0.0270   1.0000
   7.000   1.3059   0.02436   0.01322  -0.1417   0.0254   1.0000
   7.250   1.3230   0.02529   0.01433  -0.1395   0.0250   1.0000
   7.500   1.3384   0.02635   0.01559  -0.1370   0.0252   1.0000
   7.750   1.3509   0.02760   0.01706  -0.1340   0.0259   1.0000
   8.000   1.3592   0.02910   0.01876  -0.1304   0.0267   1.0000
   8.250   1.3643   0.03089   0.02070  -0.1265   0.0276   1.0000
