  
       XFOIL         Version 6.99
  
 Calculated polar for: Airfoil_rR0.389517.txt                          
  
 1 1 Reynolds number fixed          Mach number fixed         
  
 xtrf =   1.000 (top)        1.000 (bottom)  
 Mach =   0.000     Re =     0.250 e 6     Ncrit =   9.000
  
   alpha    CL        CD       CDp       CM     Top_Xtr  Bot_Xtr
  ------ -------- --------- --------- -------- -------- --------
  -8.500  -0.3207   0.11403   0.11067  -0.0171   1.0000   0.0467
  -8.250  -0.3450   0.10975   0.10630  -0.0167   1.0000   0.0466
  -7.750  -0.3482   0.10582   0.10244  -0.0154   1.0000   0.0477
  -6.500  -0.3452   0.09481   0.09156  -0.0310   0.9905   0.0500
  -6.250  -0.3299   0.08949   0.08626  -0.0340   0.9851   0.0504
  -5.500  -0.2323   0.07920   0.07607  -0.0404   0.9687   0.0530
  -4.750  -0.1877   0.06908   0.06583  -0.0570   0.9600   0.0567
  -4.500  -0.1319   0.05935   0.05593  -0.0801   0.9527   0.0608
  -4.250  -0.1054   0.05722   0.05382  -0.0814   0.9504   0.0617
  -3.250   0.0499   0.04227   0.03854  -0.1085   0.9343   0.0751
  -3.000   0.1057   0.03745   0.03345  -0.1188   0.9327   0.0829
  -1.750   0.3627   0.01899   0.01234  -0.1474   0.9237   0.0475
  -1.500   0.4052   0.01742   0.01050  -0.1499   0.9216   0.0420
  -1.250   0.4398   0.01695   0.01000  -0.1510   0.9165   0.0404
  -1.000   0.4786   0.01597   0.00904  -0.1531   0.9127   0.0394
  -0.750   0.5216   0.01504   0.00813  -0.1560   0.9106   0.0385
  -0.500   0.5553   0.01444   0.00754  -0.1570   0.9040   0.0382
  -0.250   0.5973   0.01376   0.00705  -0.1596   0.9011   0.0393
   0.000   0.6301   0.01327   0.00653  -0.1603   0.8936   0.0401
   0.250   0.6725   0.01257   0.00583  -0.1629   0.8900   0.0483
   0.750   0.7503   0.01078   0.00528  -0.1677   0.8735   0.4628
   1.000   0.7879   0.01013   0.00508  -0.1696   0.8618   0.6259
   1.250   0.8193   0.00930   0.00477  -0.1696   0.8487   0.8648
   1.500   0.8626   0.00896   0.00436  -0.1725   0.8305   1.0000
   1.750   0.9055   0.00890   0.00415  -0.1756   0.8063   1.0000
   2.000   0.9417   0.00897   0.00405  -0.1773   0.7788   1.0000
   2.250   0.9763   0.00912   0.00400  -0.1786   0.7514   1.0000
   2.500   1.0044   0.00934   0.00404  -0.1786   0.7220   1.0000
   2.750   1.0299   0.00961   0.00412  -0.1780   0.6917   1.0000
   3.000   1.0536   0.00992   0.00424  -0.1771   0.6609   1.0000
   3.250   1.0756   0.01027   0.00439  -0.1758   0.6295   1.0000
   3.500   1.0965   0.01061   0.00456  -0.1743   0.5975   1.0000
   3.750   1.1156   0.01104   0.00476  -0.1725   0.5612   1.0000
   4.000   1.1283   0.01169   0.00500  -0.1694   0.5005   1.0000
   4.250   1.1395   0.01245   0.00529  -0.1661   0.4340   1.0000
   4.750   1.1748   0.01355   0.00588  -0.1624   0.3542   1.0000
   5.000   1.1934   0.01408   0.00618  -0.1608   0.3210   1.0000
   5.250   1.2112   0.01466   0.00650  -0.1590   0.2869   1.0000
   5.500   1.2285   0.01533   0.00685  -0.1573   0.2455   1.0000
   5.750   1.2441   0.01623   0.00728  -0.1553   0.1853   1.0000
   6.000   1.2565   0.01758   0.00803  -0.1528   0.1125   1.0000
   6.500   1.2828   0.02018   0.01004  -0.1477   0.0190   1.0000
   6.750   1.3025   0.02076   0.01070  -0.1460   0.0185   1.0000
   7.000   1.3215   0.02140   0.01146  -0.1441   0.0185   1.0000
   7.250   1.3396   0.02215   0.01235  -0.1421   0.0189   1.0000
   7.500   1.3388   0.01939   0.01008  -0.1364   0.0197   1.0000
   8.250   1.3861   0.02722   0.01859  -0.1291   0.0260   1.0000
   8.500   1.5185   0.03879   0.03047  -0.1423   0.0598   1.0000
