  
       XFOIL         Version 6.99
  
 Calculated polar for: Airfoil_rR0.980300.txt                          
  
 1 1 Reynolds number fixed          Mach number fixed         
  
 xtrf =   1.000 (top)        1.000 (bottom)  
 Mach =   0.000     Re =     0.100 e 6     Ncrit =   9.000
  
   alpha    CL        CD       CDp       CM     Top_Xtr  Bot_Xtr
  ------ -------- --------- --------- -------- -------- --------
 -20.000  -0.6869   0.25692   0.25007   0.0390   1.0000   0.0102
 -19.000  -0.6477   0.23630   0.22960   0.0339   1.0000   0.0123
 -18.500  -0.4150   0.21283   0.20692   0.0002   1.0000   0.0162
 -17.500  -0.5921   0.21908   0.21247   0.0228   1.0000   0.0159
 -17.250  -0.5828   0.21613   0.20955   0.0209   1.0000   0.0166
 -16.750  -0.5645   0.21005   0.20344   0.0174   1.0000   0.0167
 -16.500  -0.5553   0.20707   0.20048   0.0156   1.0000   0.0174
 -16.250  -0.5461   0.20412   0.19753   0.0137   1.0000   0.0182
 -16.000  -0.5368   0.20134   0.19476   0.0117   1.0000   0.0190
 -15.750  -0.5286   0.19964   0.19307   0.0091   1.0000   0.0197
 -15.500  -0.5237   0.19942   0.19286   0.0060   1.0000   0.0201
 -15.250  -0.5134   0.19371   0.18720   0.0051   1.0000   0.0207
 -15.000  -0.5025   0.18885   0.18237   0.0051   1.0000   0.0223
 -14.750  -0.4938   0.18583   0.17937   0.0039   1.0000   0.0240
 -14.500  -0.3811   0.18628   0.18024  -0.0140   1.0000   0.0300
 -14.250  -0.3859   0.18577   0.17971  -0.0151   1.0000   0.0302
 -14.000  -0.4698   0.17823   0.17182  -0.0020   1.0000   0.0295
 -13.750  -0.4659   0.17739   0.17099  -0.0047   1.0000   0.0299
 -13.500  -0.4639   0.17667   0.17029  -0.0074   1.0000   0.0301
 -13.250  -0.3595   0.16820   0.16221  -0.0153   1.0000   0.0371
 -13.000  -0.4374   0.16416   0.15787  -0.0067   1.0000   0.0334
 -12.750  -0.4296   0.16106   0.15479  -0.0079   1.0000   0.0355
 -12.500  -0.4224   0.15812   0.15187  -0.0094   1.0000   0.0379
 -12.250  -0.3723   0.16273   0.15675  -0.0213   1.0000   0.0402
 -12.000  -0.4178   0.15578   0.14958  -0.0149   1.0000   0.0400
 -11.500  -0.3952   0.14516   0.13904  -0.0144   1.0000   0.0439
 -11.250  -0.3885   0.14206   0.13597  -0.0155   1.0000   0.0467
 -11.000  -0.3847   0.13978   0.13372  -0.0177   1.0000   0.0492
 -10.750  -0.3873   0.13921   0.13319  -0.0210   1.0000   0.0500
 -10.000  -0.3388   0.13171   0.12600  -0.0283   1.0000   0.0601
  -9.500  -0.3738   0.12585   0.12006  -0.0291   1.0000   0.0602
  -8.500  -0.3355   0.10771   0.10211  -0.0262   1.0000   0.0764
  -4.250  -0.2934   0.05873   0.05371  -0.0412   1.0000   0.1299
  -4.000  -0.2820   0.05490   0.04996  -0.0401   1.0000   0.1328
  -3.250  -0.1168   0.02746   0.01941  -0.0625   1.0000   0.0479
  -2.750  -0.0344   0.02052   0.01117  -0.0654   1.0000   0.0468
  -2.500   0.0040   0.01877   0.00951  -0.0667   1.0000   0.1105
  -2.250   0.0304   0.01896   0.00978  -0.0678   0.9984   0.1428
  -2.000   0.0763   0.01947   0.01048  -0.0732   0.9907   0.1937
  -1.500   0.1646   0.01854   0.01005  -0.0816   0.9756   0.2981
  -1.250   0.2101   0.01734   0.00996  -0.0862   0.9707   0.5236
  -1.000   0.2411   0.01639   0.00983  -0.0864   0.9608   1.0000
  -0.750   0.2819   0.01657   0.00978  -0.0898   0.9510   1.0000
  -0.500   0.3225   0.01670   0.00975  -0.0931   0.9410   1.0000
  -0.250   0.3625   0.01678   0.00970  -0.0962   0.9310   1.0000
   0.000   0.4015   0.01682   0.00965  -0.0990   0.9210   1.0000
   0.250   0.4401   0.01682   0.00958  -0.1016   0.9110   1.0000
   0.500   0.4772   0.01679   0.00950  -0.1038   0.9010   1.0000
   0.750   0.5130   0.01672   0.00939  -0.1056   0.8912   1.0000
   1.000   0.5477   0.01663   0.00928  -0.1071   0.8811   1.0000
   1.250   0.5814   0.01651   0.00914  -0.1083   0.8708   1.0000
   1.500   0.6141   0.01639   0.00899  -0.1092   0.8602   1.0000
   1.750   0.6417   0.01640   0.00898  -0.1092   0.8467   1.0000
   2.000   0.6709   0.01637   0.00892  -0.1094   0.8344   1.0000
   2.250   0.7003   0.01629   0.00882  -0.1095   0.8223   1.0000
   2.500   0.7298   0.01617   0.00866  -0.1095   0.8102   1.0000
   2.750   0.7551   0.01621   0.00868  -0.1089   0.7945   1.0000
   3.000   0.7842   0.01602   0.00844  -0.1086   0.7811   1.0000
   3.250   0.8102   0.01591   0.00827  -0.1077   0.7631   1.0000
   3.500   0.8359   0.01579   0.00806  -0.1066   0.7432   1.0000
   3.750   0.8609   0.01564   0.00781  -0.1053   0.7210   1.0000
   5.750   1.0394   0.01661   0.00783  -0.0942   0.4845   1.0000
   6.000   1.0516   0.01731   0.00791  -0.0913   0.3870   1.0000
   6.250   1.0676   0.01820   0.00836  -0.0895   0.3162   1.0000
   6.750   1.0878   0.02182   0.01036  -0.0851   0.1042   1.0000
   7.250   1.1091   0.02566   0.01384  -0.0797   0.0439   1.0000
   7.500   1.1157   0.02785   0.01615  -0.0761   0.0362   1.0000
   7.750   1.1238   0.02988   0.01825  -0.0729   0.0328   1.0000
   8.000   1.1338   0.03242   0.02076  -0.0700   0.0312   1.0000
   8.250   1.1598   0.03596   0.02429  -0.0689   0.0309   1.0000
   8.500   1.1978   0.04057   0.02941  -0.0683   0.0335   1.0000
  13.250   0.9823   0.16802   0.16212  -0.0937   0.1050   1.0000
  14.000   0.8167   0.17901   0.17346  -0.0750   0.1018   1.0000
  14.500   0.7987   0.18484   0.17929  -0.0772   0.0981   1.0000
  14.750   0.7905   0.18731   0.18178  -0.0784   0.0945   1.0000
  15.000   1.0083   0.19866   0.19260  -0.1100   0.0840   1.0000
  16.000   1.0302   0.21463   0.20850  -0.1197   0.0755   1.0000
  16.500   0.7956   0.21128   0.20574  -0.0818   0.0799   1.0000
  18.000   1.0924   0.24489   0.23865  -0.1359   0.0613   1.0000
