  
       XFOIL         Version 6.99
  
 Calculated polar for: Airfoil_rR0.985350.txt                          
  
 1 1 Reynolds number fixed          Mach number fixed         
  
 xtrf =   1.000 (top)        1.000 (bottom)  
 Mach =   0.000     Re =     0.100 e 6     Ncrit =   9.000
  
   alpha    CL        CD       CDp       CM     Top_Xtr  Bot_Xtr
  ------ -------- --------- --------- -------- -------- --------
 -19.750  -0.6785   0.25505   0.24820   0.0366   1.0000   0.0102
 -17.000  -0.5733   0.21309   0.20655   0.0190   1.0000   0.0172
 -16.500  -0.5550   0.20705   0.20045   0.0155   1.0000   0.0174
 -16.250  -0.5457   0.20410   0.19751   0.0136   1.0000   0.0183
 -15.750  -0.5285   0.19982   0.19325   0.0089   1.0000   0.0198
 -15.500  -0.3761   0.19019   0.18420  -0.0099   1.0000   0.0269
 -15.250  -0.5121   0.19287   0.18637   0.0055   1.0000   0.0209
 -15.000  -0.5022   0.18881   0.18233   0.0051   1.0000   0.0225
 -14.750  -0.4935   0.18580   0.17935   0.0038   1.0000   0.0242
 -14.500  -0.3816   0.18649   0.18045  -0.0141   1.0000   0.0301
 -14.250  -0.4765   0.18003   0.17361   0.0004   1.0000   0.0284
 -13.750  -0.4661   0.17756   0.17116  -0.0049   1.0000   0.0300
 -13.500  -0.3613   0.17089   0.16490  -0.0147   1.0000   0.0354
 -13.250  -0.4462   0.16769   0.16137  -0.0061   1.0000   0.0316
 -13.000  -0.3586   0.16592   0.15993  -0.0165   1.0000   0.0390
 -12.750  -0.4293   0.16103   0.15476  -0.0079   1.0000   0.0357
 -12.500  -0.4222   0.15813   0.15188  -0.0095   1.0000   0.0380
 -12.250  -0.4180   0.15652   0.15029  -0.0121   1.0000   0.0396
 -12.000  -0.4183   0.15599   0.14979  -0.0151   1.0000   0.0400
 -11.750  -0.4200   0.15532   0.14916  -0.0181   1.0000   0.0402
 -11.500  -0.3949   0.14512   0.13900  -0.0145   1.0000   0.0441
 -11.250  -0.3883   0.14206   0.13597  -0.0156   1.0000   0.0469
 -11.000  -0.3539   0.14530   0.13945  -0.0253   1.0000   0.0501
  -9.500  -0.3508   0.11981   0.11401  -0.0232   1.0000   0.0640
  -8.250  -0.3375   0.10567   0.10014  -0.0278   1.0000   0.0790
  -6.750  -0.3589   0.09137   0.08635  -0.0255   1.0000   0.0894
  -4.250  -0.2938   0.05870   0.05368  -0.0411   1.0000   0.1299
  -3.000  -0.0705   0.02268   0.01358  -0.0645   1.0000   0.0430
  -2.750  -0.0343   0.02048   0.01112  -0.0654   1.0000   0.0472
  -2.500   0.0036   0.01878   0.00953  -0.0667   1.0000   0.1114
  -2.250   0.0306   0.01901   0.00984  -0.0679   0.9981   0.1440
  -2.000   0.0768   0.01949   0.01049  -0.0733   0.9906   0.1940
  -1.750   0.1210   0.01911   0.01029  -0.0775   0.9828   0.2329
  -1.500   0.1648   0.01855   0.01006  -0.0817   0.9753   0.2986
  -1.250   0.2105   0.01733   0.00998  -0.0863   0.9706   0.5270
  -1.000   0.2415   0.01640   0.00984  -0.0865   0.9606   1.0000
  -0.750   0.2823   0.01658   0.00979  -0.0899   0.9508   1.0000
  -0.500   0.3229   0.01671   0.00975  -0.0932   0.9409   1.0000
  -0.250   0.3629   0.01678   0.00971  -0.0963   0.9308   1.0000
   0.000   0.4019   0.01682   0.00965  -0.0991   0.9208   1.0000
   0.250   0.4404   0.01682   0.00958  -0.1017   0.9109   1.0000
   0.500   0.4775   0.01679   0.00950  -0.1039   0.9009   1.0000
   0.750   0.5133   0.01672   0.00939  -0.1057   0.8911   1.0000
   1.000   0.5480   0.01662   0.00927  -0.1072   0.8810   1.0000
   1.250   0.5817   0.01651   0.00914  -0.1084   0.8706   1.0000
   1.500   0.6143   0.01638   0.00898  -0.1092   0.8601   1.0000
   1.750   0.6416   0.01641   0.00898  -0.1092   0.8464   1.0000
   2.000   0.6709   0.01637   0.00892  -0.1094   0.8342   1.0000
   2.250   0.7004   0.01629   0.00882  -0.1095   0.8222   1.0000
   2.500   0.7300   0.01617   0.00866  -0.1095   0.8100   1.0000
   2.750   0.7552   0.01621   0.00868  -0.1089   0.7944   1.0000
   3.000   0.7843   0.01602   0.00844  -0.1086   0.7809   1.0000
   3.250   0.8102   0.01591   0.00827  -0.1077   0.7629   1.0000
   3.500   0.8359   0.01579   0.00807  -0.1066   0.7431   1.0000
   4.000   0.8843   0.01559   0.00768  -0.1039   0.6965   1.0000
   4.250   0.9087   0.01552   0.00748  -0.1026   0.6723   1.0000
   4.750   0.9552   0.01575   0.00751  -0.1001   0.6218   1.0000
   5.500   1.0246   0.01639   0.00793  -0.0970   0.5502   1.0000
   6.000   1.0517   0.01730   0.00792  -0.0914   0.3882   1.0000
   6.250   1.0677   0.01820   0.00836  -0.0895   0.3185   1.0000
   6.750   1.0878   0.02180   0.01035  -0.0851   0.1063   1.0000
   7.250   1.1095   0.02561   0.01380  -0.0797   0.0443   1.0000
   7.500   1.1159   0.02781   0.01610  -0.0762   0.0363   1.0000
   7.750   1.1240   0.02983   0.01819  -0.0729   0.0329   1.0000
   8.000   1.1337   0.03233   0.02068  -0.0700   0.0312   1.0000
   8.250   1.1589   0.03586   0.02419  -0.0688   0.0309   1.0000
   8.500   1.1970   0.04035   0.02914  -0.0683   0.0333   1.0000
   8.750   1.1877   0.04486   0.03463  -0.0616   0.0373   1.0000
  15.750   1.0281   0.21115   0.20503  -0.1158   0.0788   1.0000
  16.750   0.7762   0.21160   0.20609  -0.0853   0.0782   1.0000
  17.500   1.0715   0.23698   0.23076  -0.1337   0.0652   1.0000
