  
       XFOIL         Version 6.99
  
 Calculated polar for: Airfoil_rR0.176550.txt                          
  
 1 1 Reynolds number fixed          Mach number fixed         
  
 xtrf =   1.000 (top)        1.000 (bottom)  
 Mach =   0.000     Re =     0.100 e 6     Ncrit =   9.000
  
   alpha    CL        CD       CDp       CM     Top_Xtr  Bot_Xtr
  ------ -------- --------- --------- -------- -------- --------
 -19.500  -0.4642   0.22709   0.22045  -0.0112   1.0000   0.0610
 -19.250  -0.4524   0.22388   0.21726  -0.0111   1.0000   0.0622
 -19.000  -0.4430   0.22176   0.21517  -0.0115   1.0000   0.0644
 -18.250  -0.4304   0.21831   0.21180  -0.0165   1.0000   0.0700
 -17.500  -0.4074   0.20958   0.20318  -0.0187   1.0000   0.0710
 -17.250  -0.3971   0.20642   0.20004  -0.0188   1.0000   0.0715
 -16.750  -0.2706   0.20173   0.19605  -0.0250   1.0000   0.0746
 -16.250  -0.2658   0.19871   0.19305  -0.0255   1.0000   0.0766
 -15.750  -0.3525   0.19236   0.18613  -0.0218   1.0000   0.0767
 -15.000  -0.2834   0.19459   0.18897  -0.0291   1.0000   0.0803
 -14.250  -0.2548   0.18352   0.17799  -0.0271   1.0000   0.0819
 -14.000  -0.3165   0.17602   0.17005  -0.0258   1.0000   0.0818
 -13.250  -0.2965   0.16891   0.16306  -0.0256   1.0000   0.0850
 -13.000  -0.2918   0.16668   0.16086  -0.0258   1.0000   0.0865
 -12.750  -0.2888   0.16450   0.15872  -0.0261   1.0000   0.0882
 -12.250  -0.3118   0.16368   0.15802  -0.0296   1.0000   0.0903
 -12.000  -0.2522   0.16325   0.15773  -0.0275   1.0000   0.0909
 -11.250  -0.2697   0.15009   0.14436  -0.0258   1.0000   0.0931
 -10.750  -0.2632   0.14573   0.14010  -0.0249   1.0000   0.0962
 -10.250  -0.2826   0.14292   0.13740  -0.0264   1.0000   0.1000
 -10.000  -0.2913   0.14083   0.13539  -0.0267   1.0000   0.1005
  -9.750  -0.2751   0.13705   0.13164  -0.0247   1.0000   0.1011
  -9.500  -0.2425   0.13936   0.13424  -0.0215   1.0000   0.1026
  -9.250  -0.2412   0.13726   0.13220  -0.0204   1.0000   0.1039
  -9.000  -0.2630   0.13031   0.12506  -0.0210   1.0000   0.1048
  -8.750  -0.2650   0.12835   0.12315  -0.0202   1.0000   0.1066
  -8.500  -0.2750   0.12662   0.12149  -0.0200   1.0000   0.1090
  -8.250  -0.2922   0.12986   0.12504  -0.0202   1.0000   0.1104
  -7.500  -0.2921   0.11809   0.11323  -0.0158   1.0000   0.1126
  -7.250  -0.2940   0.11627   0.11147  -0.0143   1.0000   0.1139
  -7.000  -0.2829   0.11909   0.11456  -0.0116   1.0000   0.1164
  -6.750  -0.3102   0.11282   0.10815  -0.0119   1.0000   0.1175
  -6.500  -0.3454   0.11145   0.10687  -0.0121   1.0000   0.1198
  -6.000  -0.3765   0.09498   0.09035  -0.0235   0.9893   0.0897
  -5.000  -0.3032   0.04203   0.03519  -0.0897   0.9556   0.1114
  -4.750  -0.2631   0.04126   0.03418  -0.0935   0.9473   0.1205
  -4.250  -0.1897   0.04329   0.03682  -0.0957   0.9298   0.1363
  -4.000  -0.1506   0.04010   0.03316  -0.1004   0.9213   0.1429
  -3.750  -0.1115   0.03765   0.03028  -0.1039   0.9131   0.1477
  -3.500  -0.0718   0.03587   0.02821  -0.1069   0.9051   0.1531
  -3.250  -0.0228   0.03417   0.02608  -0.1112   0.8999   0.1610
  -3.000   0.0127   0.03339   0.02530  -0.1127   0.8906   0.1681
  -2.750   0.0501   0.03267   0.02454  -0.1144   0.8816   0.1775
  -2.500   0.0871   0.03192   0.02374  -0.1160   0.8726   0.1868
  -2.250   0.1242   0.03108   0.02283  -0.1175   0.8637   0.1958
  -2.000   0.1626   0.03032   0.02201  -0.1192   0.8553   0.2072
  -1.750   0.2100   0.02938   0.02102  -0.1222   0.8502   0.2214
  -1.500   0.2471   0.02867   0.02037  -0.1234   0.8413   0.2334
  -1.250   0.2851   0.02790   0.01959  -0.1246   0.8321   0.2484
  -1.000   0.3233   0.02704   0.01880  -0.1258   0.8229   0.2629
  -0.750   0.3652   0.02607   0.01787  -0.1274   0.8150   0.2810
  -0.500   0.4170   0.02471   0.01662  -0.1306   0.8108   0.3021
  -0.250   0.4586   0.02381   0.01604  -0.1322   0.8021   0.3213
   0.000   0.5024   0.02284   0.01514  -0.1342   0.7934   0.3461
   0.250   0.5460   0.02193   0.01433  -0.1362   0.7834   0.3745
   0.500   0.5948   0.02096   0.01342  -0.1391   0.7732   0.4098
   0.750   0.6472   0.02005   0.01261  -0.1428   0.7621   0.4503
   1.000   0.7018   0.01930   0.01197  -0.1470   0.7494   0.4974
   1.250   0.7363   0.01895   0.01170  -0.1475   0.7318   0.5415
   1.500   0.7727   0.01861   0.01145  -0.1483   0.7143   0.5923
   1.750   0.8063   0.01835   0.01127  -0.1486   0.6960   0.6500
   2.000   0.8364   0.01811   0.01111  -0.1480   0.6775   0.7184
   2.250   0.8571   0.01783   0.01096  -0.1455   0.6594   0.8079
   2.500   0.8922   0.01751   0.01060  -0.1462   0.6398   1.0000
   2.750   0.9230   0.01781   0.01059  -0.1468   0.6198   1.0000
   3.000   0.9473   0.01812   0.01066  -0.1459   0.6001   1.0000
   3.250   0.9750   0.01844   0.01073  -0.1457   0.5819   1.0000
   3.500   0.9978   0.01883   0.01094  -0.1446   0.5635   1.0000
   3.750   1.0210   0.01919   0.01111  -0.1435   0.5464   1.0000
   4.000   1.0477   0.01957   0.01126  -0.1431   0.5305   1.0000
   4.250   1.0687   0.02002   0.01158  -0.1417   0.5140   1.0000
   4.500   1.0917   0.02044   0.01182  -0.1406   0.4989   1.0000
   4.750   1.1124   0.02086   0.01211  -0.1391   0.4838   1.0000
   5.000   1.1372   0.02133   0.01238  -0.1385   0.4698   1.0000
   5.250   1.1545   0.02180   0.01279  -0.1364   0.4554   1.0000
   5.500   1.1761   0.02228   0.01313  -0.1352   0.4424   1.0000
   5.750   1.1998   0.02278   0.01347  -0.1344   0.4300   1.0000
   6.000   1.2181   0.02331   0.01394  -0.1326   0.4174   1.0000
   6.250   1.2370   0.02383   0.01439  -0.1309   0.4054   1.0000
   6.500   1.2575   0.02437   0.01483  -0.1296   0.3942   1.0000
   6.750   1.2779   0.02495   0.01533  -0.1282   0.3832   1.0000
   7.000   1.2973   0.02554   0.01585  -0.1268   0.3727   1.0000
   7.250   1.3148   0.02612   0.01639  -0.1249   0.3627   1.0000
   7.500   1.3350   0.02671   0.01691  -0.1236   0.3534   1.0000
   7.750   1.3557   0.02728   0.01769  -0.1224   0.3454   1.0000
   8.000   1.3759   0.02797   0.01832  -0.1212   0.3367   1.0000
   8.250   1.3973   0.02867   0.01894  -0.1202   0.3284   1.0000
   8.500   1.4153   0.02935   0.01961  -0.1186   0.3205   1.0000
   8.750   1.4288   0.03007   0.02037  -0.1162   0.3129   1.0000
   9.000   1.4481   0.03082   0.02108  -0.1149   0.3059   1.0000
   9.250   1.4765   0.03157   0.02169  -0.1152   0.2991   1.0000
   9.500   1.4885   0.03245   0.02265  -0.1127   0.2924   1.0000
   9.750   1.5057   0.03337   0.02360  -0.1112   0.2862   1.0000
  10.000   1.5288   0.03408   0.02419  -0.1106   0.2794   1.0000
  10.250   1.5269   0.03487   0.02516  -0.1058   0.2730   1.0000
  10.500   1.5354   0.03549   0.02578  -0.1029   0.2664   1.0000
  10.750   1.5513   0.03583   0.02592  -0.1011   0.2592   1.0000
  11.250   1.5962   0.03843   0.02882  -0.1003   0.2507   1.0000
  11.500   1.5961   0.03956   0.03012  -0.0963   0.2454   1.0000
  11.750   1.6115   0.04012   0.03055  -0.0947   0.2389   1.0000
  12.000   1.6011   0.04129   0.03196  -0.0895   0.2337   1.0000
  12.250   1.6058   0.04198   0.03262  -0.0866   0.2278   1.0000
  12.500   1.6055   0.04277   0.03345  -0.0831   0.2221   1.0000
  12.750   1.6060   0.04379   0.03450  -0.0801   0.2168   1.0000
  13.000   1.6096   0.04459   0.03526  -0.0775   0.2110   1.0000
  13.250   1.6039   0.04615   0.03695  -0.0742   0.2062   1.0000
  13.500   1.6084   0.04723   0.03803  -0.0721   0.2013   1.0000
  13.750   1.6045   0.04902   0.03996  -0.0694   0.1972   1.0000
  14.000   1.5999   0.05098   0.04211  -0.0670   0.1934   1.0000
  14.250   1.6128   0.05193   0.04297  -0.0660   0.1896   1.0000
  14.500   1.6000   0.05461   0.04592  -0.0635   0.1863   1.0000
  14.750   1.6014   0.05636   0.04773  -0.0620   0.1828   1.0000
  15.000   1.6042   0.05765   0.04900  -0.0607   0.1785   1.0000
  15.250   1.5906   0.06085   0.05243  -0.0591   0.1752   1.0000
  15.500   1.5942   0.06264   0.05423  -0.0583   0.1717   1.0000
  15.750   1.5973   0.06468   0.05631  -0.0575   0.1686   1.0000
  16.000   1.5782   0.06897   0.06088  -0.0569   0.1657   1.0000
  16.250   1.5721   0.07208   0.06412  -0.0565   0.1627   1.0000
  16.500   1.5878   0.07287   0.06480  -0.0561   0.1596   1.0000
  16.750   1.5580   0.07902   0.07131  -0.0567   0.1573   1.0000
  17.000   1.5348   0.08477   0.07732  -0.0578   0.1547   1.0000
  17.250   1.5312   0.08801   0.08063  -0.0584   0.1518   1.0000
  17.500   1.5367   0.09007   0.08267  -0.0587   0.1490   1.0000
