# APC 15x10E | blades: 2 | radius: 0.1905 m | AR: 7.9164438700820075

# r/R           station [m]     chord [m]       t/c             twist [deg]      sweep [m]       airfoil
0.160000000     0.030480000     0.023454360     0.248100000     50.609800000     0.011610340     Airfoil_rR0.160000.txt
0.176560000     0.033634680     0.024513540     0.231800000     48.888400000     0.011981180     Airfoil_rR0.176560.txt
0.202693333     0.038613080     0.026060400     0.209000000     45.985500000     0.012486640     Airfoil_rR0.202693.txt
0.229373333     0.043695620     0.027487880     0.189400000     42.773000000     0.012905740     Airfoil_rR0.229373.txt
0.256066667     0.048780700     0.028768040     0.173000000     39.648800000     0.013230860     Airfoil_rR0.256067.txt
0.282760000     0.053865780     0.029811980     0.159500000     36.887700000     0.013462000     Airfoil_rR0.282760.txt
0.309453333     0.058950860     0.030614620     0.148600000     34.440700000     0.013609320     Airfoil_rR0.309453.txt
0.336133333     0.064033400     0.031183580     0.140000000     32.264500000     0.013672820     Airfoil_rR0.336133.txt
0.362826667     0.069118480     0.031536640     0.133300000     30.322000000     0.013657580     Airfoil_rR0.362827.txt
0.389520000     0.074203560     0.031686500     0.128100000     28.581300000     0.013568680     Airfoil_rR0.389520.txt
0.416213333     0.079288640     0.031645860     0.124100000     27.015100000     0.013411200     Airfoil_rR0.416213.txt
0.442893333     0.084371180     0.031427420     0.121000000     25.600600000     0.013187680     Airfoil_rR0.442893.txt
0.469586667     0.089456260     0.031048960     0.118400000     24.318300000     0.012903200     Airfoil_rR0.469587.txt
0.496280000     0.094541340     0.030518100     0.116000000     23.151500000     0.012562840     Airfoil_rR0.496280.txt
0.522960000     0.099623880     0.029850080     0.113800000     22.086100000     0.012166600     Airfoil_rR0.522960.txt
0.549653333     0.104708960     0.029062680     0.111700000     21.110200000     0.011724640     Airfoil_rR0.549653.txt
0.576346667     0.109794040     0.028163520     0.109700000     20.213400000     0.011239500     Airfoil_rR0.576347.txt
0.603040000     0.114879120     0.027167840     0.107900000     19.386900000     0.010711180     Airfoil_rR0.603040.txt
0.629720000     0.119961660     0.026093420     0.106300000     18.623000000     0.010149840     Airfoil_rR0.629720.txt
0.656413333     0.125046740     0.024947880     0.104800000     17.915100000     0.009555480     Airfoil_rR0.656413.txt
0.683106667     0.130131820     0.023746460     0.103500000     17.257400000     0.008935720     Airfoil_rR0.683107.txt
0.709786667     0.135214360     0.022504400     0.102400000     16.645100000     0.008290560     Airfoil_rR0.709787.txt
0.736480000     0.140299440     0.021234400     0.101400000     16.073600000     0.007630160     Airfoil_rR0.736480.txt
0.763173333     0.145384520     0.019951700     0.100500000     15.539000000     0.006951980     Airfoil_rR0.763173.txt
0.789866667     0.150469600     0.018663920     0.099800000     15.038100000     0.006266180     Airfoil_rR0.789867.txt
0.816546667     0.155552140     0.017391380     0.099300000     14.567900000     0.005572760     Airfoil_rR0.816547.txt
0.843240000     0.160637220     0.016144240     0.098900000     14.125500000     0.004879340     Airfoil_rR0.843240.txt
0.869933333     0.165722300     0.014935200     0.098700000     13.708700000     0.004188460     Airfoil_rR0.869933.txt
0.896626667     0.170807380     0.013779500     0.098700000     13.315400000     0.003502660     Airfoil_rR0.896627.txt
0.923306667     0.175889920     0.012692380     0.098800000     12.943600000     0.002829560     Airfoil_rR0.923307.txt
0.948866667     0.180759100     0.011724640     0.099100000     12.606200000     0.002197100     Airfoil_rR0.948867.txt
0.955053333     0.181937660     0.011501120     0.099100000     12.527300000     0.002047240     Airfoil_rR0.955053.txt
0.960106667     0.182900320     0.011320780     0.099200000     12.463400000     0.001920240     Airfoil_rR0.960107.txt
0.965146667     0.183860440     0.011046460     0.099300000     12.400200000     0.001704340     Airfoil_rR0.965147.txt
0.970200000     0.184823100     0.010642600     0.099400000     12.337700000     0.001353820     Airfoil_rR0.970200.txt
0.975253333     0.185785760     0.010081260     0.099500000     12.275700000     0.000850900     Airfoil_rR0.975253.txt
0.980306667     0.186748420     0.009329420     0.099600000     12.214400000     0.000154940     Airfoil_rR0.980307.txt
0.985360000     0.187711080     0.008305800     0.099700000     12.153600000     -0.000807720     Airfoil_rR0.985360.txt
0.990400000     0.188671200     0.006797040     0.099800000     12.093500000     -0.002250440     Airfoil_rR0.990400.txt
0.995453333     0.189633860     0.003830320     0.099900000     12.033900000     -0.005118100     Airfoil_rR0.995453.txt
1.000000000     0.190500000     0.000502920     0.100000000     11.986700000     -0.008351520     Airfoil_rR1.000000.txt