Viterna extrapolated polar
 alpha from -90.0 to 90.0 deg
 BLEND_WIDTH = 6.000 deg

 alpha        Cl          Cd          Cm
 ------   ---------   ---------   ---------
-90.000   -0.000000    1.252496    0.313124
-88.000   -0.043720    1.253585    0.312539
-86.000   -0.087299    1.251626    0.310822
-84.000   -0.130525    1.246640    0.308031
-82.000   -0.173188    1.238660    0.304223
-80.000   -0.215083    1.227735    0.299455
-78.000   -0.256007    1.213927    0.293786
-76.000   -0.295765    1.197312    0.287273
-74.000   -0.334167    1.177982    0.279972
-72.000   -0.371029    1.156039    0.271942
-70.000   -0.406176    1.131600    0.263241
-68.000   -0.439444    1.104792    0.253925
-66.000   -0.470676    1.075755    0.244051
-64.000   -0.499728    1.044639    0.233679
-62.000   -0.526466    1.011605    0.222864
-60.000   -0.550769    0.976823    0.211666
-58.000   -0.572529    0.940469    0.200140
-56.000   -0.591651    0.902729    0.188344
-54.000   -0.608056    0.863795    0.176337
-52.000   -0.621679    0.823865    0.164175
-50.000   -0.632470    0.783140    0.151916
-48.000   -0.640395    0.741828    0.139618
-46.000   -0.645438    0.700135    0.127338
-44.000   -0.647599    0.658272    0.115133
-42.000   -0.646897    0.616450    0.103061
-40.000   -0.643369    0.574879    0.091179
-38.000   -0.637072    0.533768    0.079545
-36.000   -0.628084    0.493323    0.068217
-34.000   -0.616506    0.453747    0.057252
-32.000   -0.602463    0.415239    0.046707
-30.000   -0.586109    0.377990    0.036640
-28.000   -0.567630    0.342189    0.027108
-26.000   -0.547254    0.308012    0.018169
-24.000   -0.525256    0.275632    0.009881
-22.000   -0.501981    0.245210    0.002300
-20.000   -0.477868    0.216898   -0.004516
-18.000   -0.453496    0.190838   -0.010508
-16.000   -0.429664    0.167159   -0.015620
-14.000   -0.407544    0.145980   -0.019795
-12.000   -0.388976    0.127407   -0.022974
-10.000   -0.377007    0.111639   -0.025119
 -8.000   -0.367813    0.098520   -0.027725
 -6.000   -0.349730    0.064698   -0.035793
 -4.000   -0.199500    0.022670   -0.061900
 -2.000    0.129100    0.020880   -0.088000
  0.000    0.426900    0.017470   -0.103300
  2.000    0.674600    0.016790   -0.106800
  4.000    0.889300    0.016940   -0.102700
  6.000    1.090523    0.018219   -0.094147
  8.000    1.245468    0.028318   -0.070417
 10.000    1.129998    0.049247   -0.060536
 12.000    0.993706    0.064908   -0.062952
 14.000    0.918949    0.083984   -0.064882
 16.000    0.870196    0.105740   -0.067598
 18.000    0.838142    0.130071   -0.071056
 20.000    0.817143    0.156857   -0.075211
 22.000    0.803551    0.185968   -0.080018
 24.000    0.794892    0.217262   -0.085432
 26.000    0.789418    0.250584   -0.091410
 28.000    0.785849    0.285773   -0.097907
 30.000    0.783226    0.322656   -0.104877
 32.000    0.780809    0.361053   -0.112277
 34.000    0.778023    0.400776   -0.120061
 36.000    0.774412    0.441631   -0.128186
 38.000    0.769614    0.483418   -0.136606
 40.000    0.763339    0.525933   -0.145277
 42.000    0.755356    0.568967   -0.154154
 44.000    0.745487    0.612310   -0.163193
 46.000    0.733591    0.655750   -0.172349
 48.000    0.719568    0.699074   -0.181577
 50.000    0.703348    0.742070   -0.190834
 52.000    0.684889    0.784528   -0.200073
 54.000    0.664176    0.826239   -0.209251
 56.000    0.641217    0.867000   -0.218324
 58.000    0.616043    0.906610   -0.227246
 60.000    0.588704    0.944875   -0.235972
 62.000    0.559269    0.981609   -0.244459
 64.000    0.527825    1.016630   -0.252662
 66.000    0.494474    1.049767   -0.260535
 68.000    0.459333    1.080856   -0.268035
 70.000    0.422535    1.109746   -0.275117
 72.000    0.384223    1.136295   -0.281736
 74.000    0.344553    1.160370   -0.287848
 76.000    0.303692    1.181855   -0.293408
 78.000    0.261815    1.200642   -0.298371
 80.000    0.219106    1.216640   -0.302693
 82.000    0.175758    1.229768   -0.306329
 84.000    0.131969    1.239961   -0.309235
 86.000    0.087940    1.247169   -0.311366
 88.000    0.043881    1.251355   -0.312677
 90.000    0.000000    1.252496   -0.313124
