Viterna extrapolated polar
 alpha from -90.0 to 90.0 deg
 BLEND_WIDTH = 6.000 deg

 alpha        Cl          Cd          Cm
 ------   ---------   ---------   ---------
-90.000   -0.000000    1.252496    0.313124
-88.000   -0.043725    1.253507    0.312562
-86.000   -0.087317    1.251472    0.310911
-84.000   -0.130564    1.246409    0.308227
-82.000   -0.173258    1.238352    0.304565
-80.000   -0.215192    1.227351    0.299978
-78.000   -0.256164    1.213466    0.294523
-76.000   -0.295980    1.196777    0.288253
-74.000   -0.334448    1.177372    0.281223
-72.000   -0.371386    1.155355    0.273489
-70.000   -0.406619    1.130842    0.265104
-68.000   -0.439982    1.103962    0.256124
-66.000   -0.471320    1.074854    0.246603
-64.000   -0.500488    1.043668    0.236597
-62.000   -0.527353    1.010566    0.226159
-60.000   -0.551795    0.975715    0.215345
-58.000   -0.573706    0.939295    0.204209
-56.000   -0.592992    0.901490    0.192806
-54.000   -0.609575    0.862493    0.181191
-52.000   -0.623389    0.822501    0.169419
-50.000   -0.634387    0.781717    0.157544
-48.000   -0.642537    0.740346    0.145621
-46.000   -0.647823    0.698596    0.133705
-44.000   -0.650247    0.656679    0.121850
-42.000   -0.649831    0.614804    0.110112
-40.000   -0.646615    0.573182    0.098545
-38.000   -0.640658    0.532023    0.087204
-36.000   -0.632043    0.491531    0.076144
-34.000   -0.620876    0.451911    0.065418
-32.000   -0.607288    0.413361    0.055083
-30.000   -0.591442    0.376072    0.045193
-28.000   -0.573535    0.340233    0.035802
-26.000   -0.553806    0.306021    0.026966
-24.000   -0.532551    0.273609    0.018739
-22.000   -0.510140    0.243157    0.011175
-20.000   -0.487047    0.214817    0.004330
-18.000   -0.463903    0.188732   -0.001741
-16.000   -0.441584    0.165030   -0.006985
-14.000   -0.421381    0.143831   -0.011345
-12.000   -0.405338    0.125240   -0.014768
-10.000   -0.396993    0.109350   -0.017199
 -8.000   -0.399734    0.096908   -0.019757
 -6.000   -0.430462    0.082682   -0.021104
 -4.000   -0.160107    0.031143   -0.082033
 -2.000    0.179200    0.023660   -0.107800
  0.000    0.462000    0.019490   -0.117700
  2.000    0.740400    0.017920   -0.126200
  4.000    0.974200    0.018020   -0.125600
  6.000    1.170000    0.019670   -0.118900
  8.000    1.269000    0.023480   -0.097200
 10.000    1.300526    0.037074   -0.067322
 12.000    1.230097    0.062178   -0.057925
 14.000    1.156832    0.065530   -0.057027
 16.000    1.077012    0.086386   -0.058537
 18.000    1.018723    0.110923   -0.061095
 20.000    0.976422    0.137938   -0.064488
 22.000    0.945129    0.167301   -0.068665
 24.000    0.921479    0.198868   -0.073576
 26.000    0.903107    0.232488   -0.079169
 28.000    0.888297    0.267996   -0.085393
 30.000    0.875766    0.305220   -0.092197
 32.000    0.864537    0.343979   -0.099530
 34.000    0.853850    0.384085   -0.107342
 36.000    0.843109    0.425343   -0.115581
 38.000    0.831839    0.467553   -0.124196
 40.000    0.819661    0.510510   -0.133136
 42.000    0.806275    0.554005   -0.142350
 44.000    0.791442    0.597827   -0.151788
 46.000    0.774977    0.641764   -0.161397
 48.000    0.756738    0.685602   -0.171128
 50.000    0.736623    0.729128   -0.180929
 52.000    0.714564    0.772132   -0.190749
 54.000    0.690522    0.814405   -0.200537
 56.000    0.664486    0.855741   -0.210242
 58.000    0.636471    0.895941   -0.219814
 60.000    0.606513    0.934809   -0.229200
 62.000    0.574669    0.972157   -0.238351
 64.000    0.541015    1.007804   -0.247215
 66.000    0.505646    1.041577   -0.255740
 68.000    0.468671    1.073314   -0.263877
 70.000    0.430215    1.102860   -0.271574
 72.000    0.390417    1.130073   -0.278780
 74.000    0.349429    1.154821   -0.285444
 76.000    0.307413    1.176984   -0.291515
 78.000    0.264541    1.196456   -0.296942
 80.000    0.220995    1.213144   -0.301674
 82.000    0.176965    1.226966   -0.305660
 84.000    0.132646    1.237857   -0.308849
 86.000    0.088241    1.245765   -0.311190
 88.000    0.043956    1.250652   -0.312632
 90.000    0.000000    1.252496   -0.313124
