Viterna extrapolated polar
 alpha from -90.0 to 90.0 deg
 BLEND_WIDTH = 6.000 deg

 alpha        Cl          Cd          Cm
 ------   ---------   ---------   ---------
-90.000   -0.000000    1.252496    0.313124
-88.000   -0.043721    1.251254    0.312385
-86.000   -0.087300    1.246968    0.310216
-84.000   -0.130526    1.239660    0.306690
-82.000   -0.173190    1.229366    0.301880
-80.000   -0.215086    1.216139    0.295859
-78.000   -0.256013    1.200042    0.288700
-76.000   -0.295773    1.181157    0.280475
-74.000   -0.334176    1.159575    0.271258
-72.000   -0.371041    1.135403    0.261121
-70.000   -0.406191    1.108759    0.250137
-68.000   -0.439462    1.079775    0.238379
-66.000   -0.470698    1.048593    0.225919
-64.000   -0.499754    1.015365    0.212832
-62.000   -0.526496    0.980254    0.199189
-60.000   -0.550803    0.943432    0.185063
-58.000   -0.572568    0.905080    0.170527
-56.000   -0.591697    0.865386    0.155655
-54.000   -0.608108    0.824542    0.140518
-52.000   -0.621737    0.782751    0.125190
-50.000   -0.632535    0.740215    0.109744
-48.000   -0.640467    0.697142    0.094252
-46.000   -0.645518    0.653745    0.078787
-44.000   -0.647688    0.610234    0.063423
-42.000   -0.646996    0.566822    0.048232
-40.000   -0.643478    0.523722    0.033286
-38.000   -0.637193    0.481144    0.018660
-36.000   -0.628218    0.439296    0.004425
-34.000   -0.616654    0.398384   -0.009346
-32.000   -0.602626    0.358606   -0.022580
-30.000   -0.586289    0.320157   -0.035203
-28.000   -0.567830    0.283225   -0.047143
-26.000   -0.547475    0.247990   -0.058327
-24.000   -0.525502    0.214625   -0.068683
-22.000   -0.502257    0.183292   -0.078137
-20.000   -0.478178    0.154145   -0.086617
-18.000   -0.453848    0.127326   -0.094049
-16.000   -0.430068    0.102966   -0.100362
-14.000   -0.408012    0.081183   -0.105481
-12.000   -0.389529    0.062085   -0.109335
-10.000   -0.376730    0.047079   -0.110472
 -8.000   -0.380489    0.040778   -0.103830
 -6.000   -0.210216    0.023743   -0.123041
 -4.000    0.121600    0.018350   -0.139400
 -2.000    0.428100    0.014170   -0.155000
  0.000    0.688200    0.012260   -0.160900
  2.000    0.872200    0.012080   -0.149700
  4.000    1.069200    0.014140   -0.144800
  6.000    1.247200    0.016780   -0.136600
  8.000    1.362200    0.020420   -0.118200
 10.000    1.468700    0.026470   -0.102700
 12.000    1.577599    0.035533   -0.087255
 14.000    1.518781    0.054418   -0.079964
 16.000    1.375756    0.076001   -0.081751
 18.000    1.279092    0.100582   -0.083458
 20.000    1.206079    0.127721   -0.085973
 22.000    1.149263    0.157220   -0.089267
 24.000    1.103997    0.188936   -0.093291
 26.000    1.067029    0.222716   -0.097997
 28.000    1.036010    0.258396   -0.103334
 30.000    1.009195    0.295804   -0.109254
 32.000    0.985260    0.334758   -0.115707
 34.000    0.963182    0.375071   -0.122644
 36.000    0.942159    0.416547   -0.130016
 38.000    0.921557    0.458985   -0.137772
 40.000    0.900869    0.502181   -0.145865
 42.000    0.879692    0.545925   -0.154244
 44.000    0.857703    0.590006   -0.162861
 46.000    0.834648    0.634211   -0.171665
 48.000    0.810331    0.678326   -0.180609
 50.000    0.784601    0.722139   -0.189641
 52.000    0.757351    0.765438   -0.198714
 54.000    0.728509    0.808014   -0.207777
 56.000    0.698038    0.849661   -0.216782
 58.000    0.665926    0.890179   -0.225679
 60.000    0.632192    0.929372   -0.234419
 62.000    0.596874    0.967052   -0.242952
 64.000    0.560034    1.003038   -0.251230
 66.000    0.521754    1.037155   -0.259202
 68.000    0.482134    1.069241   -0.266821
 70.000    0.441288    1.099142   -0.274035
 72.000    0.399349    1.126713   -0.280796
 74.000    0.356460    1.151824   -0.287055
 76.000    0.312778    1.174354   -0.292762
 78.000    0.268472    1.194196   -0.297868
 80.000    0.223719    1.211256   -0.302324
 82.000    0.178705    1.225453   -0.306081
 84.000    0.133624    1.236720   -0.309088
 86.000    0.088675    1.245006   -0.311297
 88.000    0.044064    1.250273   -0.312659
 90.000    0.000000    1.252496   -0.313124
