Viterna extrapolated polar
 alpha from -90.0 to 90.0 deg
 BLEND_WIDTH = 6.000 deg

 alpha        Cl          Cd          Cm
 ------   ---------   ---------   ---------
-90.000   -0.000000    1.252496    0.313124
-88.000   -0.043765    1.251409    0.312436
-86.000   -0.087479    1.247277    0.310417
-84.000   -0.130930    1.240123    0.307137
-82.000   -0.173910    1.229983    0.302664
-80.000   -0.216213    1.216908    0.297067
-78.000   -0.257639    1.200964    0.290415
-76.000   -0.297992    1.182229    0.282777
-74.000   -0.337084    1.160796    0.274222
-72.000   -0.374735    1.136772    0.264819
-70.000   -0.410771    1.110275    0.254637
-68.000   -0.445031    1.081435    0.243744
-66.000   -0.477361    1.050395    0.232209
-64.000   -0.507620    1.017307    0.220102
-62.000   -0.535680    0.982334    0.207491
-60.000   -0.561425    0.945648    0.194445
-58.000   -0.584752    0.907428    0.181033
-56.000   -0.605574    0.867863    0.167324
-54.000   -0.623820    0.827147    0.153387
-52.000   -0.639435    0.785479    0.139290
-50.000   -0.652379    0.743063    0.125103
-48.000   -0.662635    0.700107    0.110895
-46.000   -0.670200    0.656823    0.096733
-44.000   -0.675095    0.613421    0.082689
-42.000   -0.677363    0.570115    0.068829
-40.000   -0.677068    0.527116    0.055223
-38.000   -0.674303    0.484636    0.041940
-36.000   -0.669187    0.442881    0.029050
-34.000   -0.661876    0.402057    0.016619
-32.000   -0.652560    0.362363    0.004719
-30.000   -0.641479    0.323994   -0.006583
-28.000   -0.628928    0.287137   -0.017218
-26.000   -0.615277    0.251972   -0.027116
-24.000   -0.600996    0.218673   -0.036210
-22.000   -0.586691    0.187400   -0.044429
-20.000   -0.573170    0.158309   -0.051705
-18.000   -0.561542    0.131540   -0.057969
-16.000   -0.553409    0.107225   -0.063153
-14.000   -0.551197    0.085482   -0.067186
-12.000   -0.558843    0.066419   -0.070002
-10.000   -0.565673    0.058075   -0.067946
 -8.000   -0.529671    0.045371   -0.073099
 -6.000   -0.208882    0.039403   -0.100056
 -4.000    0.086200    0.018610   -0.129700
 -2.000    0.385800    0.014020   -0.145200
  0.000    0.638300    0.011060   -0.149500
  2.000    0.851800    0.011200   -0.145600
  4.000    1.050800    0.013060   -0.140900
  6.000    1.231500    0.015450   -0.133800
  8.000    1.321600    0.021050   -0.111000
 10.000    1.383500    0.030450   -0.092500
 12.000    1.480788    0.042557   -0.077449
 14.000    1.432726    0.062242   -0.072540
 16.000    1.299985    0.083553   -0.073858
 18.000    1.212815    0.108066   -0.075645
 20.000    1.147620    0.135116   -0.078245
 22.000    1.097301    0.164516   -0.081651
 24.000    1.057537    0.196125   -0.085813
 26.000    1.025303    0.229789   -0.090678
 28.000    0.998410    0.265344   -0.096197
 30.000    0.975231    0.302619   -0.102319
 32.000    0.954530    0.341432   -0.108991
 34.000    0.935352    0.381595   -0.116164
 36.000    0.916946    0.422913   -0.123786
 38.000    0.898719    0.465186   -0.131807
 40.000    0.880198    0.508209   -0.140175
 42.000    0.861004    0.551773   -0.148839
 44.000    0.840836    0.595667   -0.157749
 46.000    0.819459    0.639677   -0.166853
 48.000    0.796689    0.683592   -0.176101
 50.000    0.772388    0.727198   -0.185440
 52.000    0.746459    0.770283   -0.194822
 54.000    0.718840    0.812639   -0.204194
 56.000    0.689497    0.854062   -0.213505
 58.000    0.658429    0.894349   -0.222705
 60.000    0.625655    0.933307   -0.231742
 62.000    0.591222    0.970747   -0.240565
 64.000    0.555193    1.006487   -0.249124
 66.000    0.517654    1.040356   -0.257368
 68.000    0.478707    1.072189   -0.265245
 70.000    0.438470    1.101833   -0.272705
 72.000    0.397075    1.129145   -0.279696
 74.000    0.354670    1.153993   -0.286168
 76.000    0.311413    1.176258   -0.292069
 78.000    0.267472    1.195832   -0.297349
 80.000    0.223026    1.212622   -0.301957
 82.000    0.178262    1.226548   -0.305841
 84.000    0.133375    1.237543   -0.308951
 86.000    0.088565    1.245555   -0.311235
 88.000    0.044037    1.250547   -0.312643
 90.000    0.000000    1.252496   -0.313124
