Viterna extrapolated polar
 alpha from -90.0 to 90.0 deg
 BLEND_WIDTH = 6.000 deg

 alpha        Cl          Cd          Cm
 ------   ---------   ---------   ---------
-90.000   -0.000000    1.252496    0.313124
-88.000   -0.043674    1.254771    0.312550
-86.000   -0.087113    1.253997    0.310863
-84.000   -0.130105    1.250193    0.308118
-82.000   -0.172441    1.243391    0.304369
-80.000   -0.213914    1.233637    0.299671
-78.000   -0.254320    1.220994    0.294079
-76.000   -0.293463    1.205535    0.287646
-74.000   -0.331150    1.187351    0.280427
-72.000   -0.367196    1.166542    0.272477
-70.000   -0.401424    1.143225    0.263849
-68.000   -0.433666    1.117524    0.254600
-66.000   -0.463763    1.089580    0.244782
-64.000   -0.491566    1.059539    0.234450
-62.000   -0.516937    1.027562    0.223659
-60.000   -0.539749    0.993817    0.212463
-58.000   -0.559888    0.958480    0.200916
-56.000   -0.577253    0.921735    0.189074
-54.000   -0.591754    0.883774    0.176990
-52.000   -0.603317    0.844791    0.164719
-50.000   -0.611880    0.804988    0.152315
-48.000   -0.617395    0.764571    0.139834
-46.000   -0.619830    0.723746    0.127328
-44.000   -0.619163    0.682722    0.114853
-42.000   -0.615390    0.641709    0.102463
-40.000   -0.608518    0.600916    0.090212
-38.000   -0.598569    0.560552    0.078155
-36.000   -0.585577    0.520821    0.066347
-34.000   -0.569586    0.481926    0.054841
-32.000   -0.550655    0.444063    0.043693
-30.000   -0.528848    0.407426    0.032957
-28.000   -0.504239    0.372199    0.022686
-26.000   -0.476906    0.338561    0.012936
-24.000   -0.446928    0.306683    0.003761
-22.000   -0.414377    0.276725   -0.004785
-20.000   -0.379311    0.248838   -0.012646
-18.000   -0.341758    0.223164   -0.019770
-16.000   -0.301693    0.199832   -0.026101
-14.000   -0.258984    0.178960   -0.031585
-12.000   -0.213305    0.160653   -0.036167
-10.000   -0.163928    0.145004   -0.039793
 -8.000   -0.109208    0.132091   -0.042409
 -6.000   -0.046638    0.123233   -0.042988
 -4.000    0.036262    0.114512   -0.044344
 -2.000    0.019430    0.097028   -0.044304
  0.000    0.097400    0.072560   -0.085800
  2.000    0.261700    0.076870   -0.092000
  4.000    0.309800    0.095910   -0.091900
  6.000    0.311600    0.115970   -0.094500
  8.000    0.391100    0.137770   -0.094000
 10.000    0.503667    0.157080   -0.102500
 12.000    0.547233    0.173900   -0.101033
 14.000    0.706700    0.194500   -0.118800
 16.000    0.770800    0.211340   -0.124200
 18.000    0.865173    0.229041   -0.135648
 20.000    0.933300    0.246500   -0.145000
 22.000    0.908762    0.272350   -0.145374
 24.000    0.887208    0.304410   -0.146584
 26.000    0.872328    0.336325   -0.148494
 28.000    0.860561    0.370003   -0.151086
 30.000    0.850712    0.405271   -0.154313
 32.000    0.841869    0.441954   -0.158128
 34.000    0.833321    0.479863   -0.162485
 36.000    0.824511    0.518808   -0.167335
 38.000    0.814992    0.558591   -0.172633
 40.000    0.804413    0.599010   -0.178331
 42.000    0.792490    0.639860   -0.184381
 44.000    0.779000    0.680932   -0.190738
 46.000    0.763772    0.722017   -0.197353
 48.000    0.746675    0.762906   -0.204180
 50.000    0.727614    0.803389   -0.211171
 52.000    0.706530    0.843259   -0.218280
 54.000    0.683389    0.882311   -0.225460
 56.000    0.658187    0.920344   -0.232664
 58.000    0.630941    0.957162   -0.239844
 60.000    0.601692    0.992573   -0.246953
 62.000    0.570500    1.026394   -0.253944
 64.000    0.537444    1.058449   -0.260771
 66.000    0.502621    1.088568   -0.267386
 68.000    0.466143    1.116592   -0.273743
 70.000    0.428136    1.142374   -0.279793
 72.000    0.388740    1.165773   -0.285491
 74.000    0.348109    1.186665   -0.290789
 76.000    0.306406    1.204933   -0.295639
 78.000    0.263803    1.220476   -0.299996
 80.000    0.220484    1.233205   -0.303811
 82.000    0.176638    1.243045   -0.307038
 84.000    0.132463    1.249933   -0.309630
 86.000    0.088160    1.253824   -0.311540
 88.000    0.043935    1.254684   -0.312720
 90.000    0.000000    1.252496   -0.313124
