Viterna extrapolated polar
 alpha from -90.0 to 90.0 deg
 BLEND_WIDTH = 6.000 deg

 alpha        Cl          Cd          Cm
 ------   ---------   ---------   ---------
-90.000   -0.000000    1.252496    0.313124
-88.000   -0.043721    1.253018    0.312530
-86.000   -0.087303    1.250493    0.310786
-84.000   -0.130534    1.244942    0.307950
-82.000   -0.173205    1.236399    0.304082
-80.000   -0.215109    1.224914    0.299238
-78.000   -0.256046    1.210549    0.293477
-76.000   -0.295818    1.193382    0.286858
-74.000   -0.334236    1.173504    0.279438
-72.000   -0.371116    1.151019    0.271276
-70.000   -0.406285    1.126043    0.262430
-68.000   -0.439576    1.098706    0.252958
-66.000   -0.470834    1.069147    0.242919
-64.000   -0.499915    1.037517    0.232370
-62.000   -0.526684    1.003978    0.221370
-60.000   -0.551021    0.968699    0.209978
-58.000   -0.572818    0.931859    0.198250
-56.000   -0.591981    0.893644    0.186246
-54.000   -0.608429    0.854246    0.174024
-52.000   -0.622099    0.813863    0.161641
-50.000   -0.632941    0.772698    0.149157
-48.000   -0.640921    0.730957    0.136629
-46.000   -0.646023    0.688849    0.124116
-44.000   -0.648249    0.646585    0.111675
-42.000   -0.647617    0.604376    0.099365
-40.000   -0.644166    0.562433    0.087245
-38.000   -0.637952    0.520966    0.075372
-36.000   -0.629056    0.480180    0.063804
-34.000   -0.617579    0.440279    0.052601
-32.000   -0.603648    0.401461    0.041819
-30.000   -0.587419    0.363921    0.031518
-28.000   -0.569080    0.327844    0.021755
-26.000   -0.548863    0.293410    0.012589
-24.000   -0.527047    0.260790    0.004078
-22.000   -0.503984    0.230147   -0.003720
-20.000   -0.480122    0.201632   -0.010747
-18.000   -0.456051    0.175387   -0.016944
-16.000   -0.432591    0.151542   -0.022254
-14.000   -0.410942    0.130216   -0.026617
-12.000   -0.392993    0.111515   -0.029977
-10.000   -0.382011    0.095531   -0.032274
 -8.000   -0.378599    0.086211   -0.032556
 -6.000   -0.399914    0.066917   -0.037037
 -4.000   -0.202200    0.025700   -0.062100
 -2.000    0.137000    0.020940   -0.089400
  0.000    0.429000    0.017540   -0.103400
  2.000    0.674200    0.016880   -0.106300
  4.000    0.889700    0.017120   -0.102500
  6.000    1.119808    0.016971   -0.092596
  8.000    1.281000    0.011120   -0.066300
 10.000    1.098110    0.029044   -0.066430
 12.000    0.978603    0.041163   -0.068005
 14.000    0.906176    0.060429   -0.070071
 16.000    0.859194    0.082405   -0.072890
 18.000    0.828536    0.106983   -0.076417
 20.000    0.808669    0.134045   -0.080611
 22.000    0.796019    0.163460   -0.085428
 24.000    0.788158    0.195085   -0.090824
 26.000    0.783370    0.228765   -0.096759
 28.000    0.780399    0.264339   -0.103187
 30.000    0.778303    0.301633   -0.110067
 32.000    0.776355    0.340466   -0.117354
 34.000    0.773989    0.380651   -0.125008
 36.000    0.770758    0.421992   -0.132983
 38.000    0.766304    0.464289   -0.141238
 40.000    0.760342    0.507337   -0.149729
 42.000    0.752647    0.550927   -0.158414
 44.000    0.743042    0.594847   -0.167249
 46.000    0.731390    0.638886   -0.176191
 48.000    0.717591    0.682830   -0.185198
 50.000    0.701578    0.726466   -0.194226
 52.000    0.683310    0.769582   -0.203233
 54.000    0.662774    0.811970   -0.212175
 56.000    0.639979    0.853425   -0.221010
 58.000    0.614956    0.893746   -0.229695
 60.000    0.587756    0.932738   -0.238186
 62.000    0.558450    0.970212   -0.246441
 64.000    0.527123    1.005988   -0.254416
 66.000    0.493879    1.039893   -0.262070
 68.000    0.458836    1.071762   -0.269357
 70.000    0.422126    1.101444   -0.276237
 72.000    0.383894    1.128793   -0.282665
 74.000    0.344294    1.153679   -0.288600
 76.000    0.303494    1.175982   -0.293996
 78.000    0.261670    1.195595   -0.298813
 80.000    0.219006    1.212424   -0.303007
 82.000    0.175694    1.226390   -0.306534
 84.000    0.131932    1.237424   -0.309353
 86.000    0.087924    1.245476   -0.311419
 88.000    0.043877    1.250507   -0.312691
 90.000    0.000000    1.252496   -0.313124
