Viterna extrapolated polar
 alpha from -90.0 to 90.0 deg
 BLEND_WIDTH = 6.000 deg

 alpha        Cl          Cd          Cm
 ------   ---------   ---------   ---------
-90.000   -0.000000    1.252496    0.313124
-88.000   -0.043712    1.252471    0.312498
-86.000   -0.087267    1.249400    0.310662
-84.000   -0.130451    1.243305    0.307676
-82.000   -0.173057    1.234219    0.303603
-80.000   -0.214878    1.222194    0.298505
-78.000   -0.255712    1.207292    0.292443
-76.000   -0.295362    1.189592    0.285479
-74.000   -0.333638    1.169186    0.277674
-72.000   -0.370357    1.146178    0.269090
-70.000   -0.405343    1.120685    0.259789
-68.000   -0.438431    1.092837    0.249833
-66.000   -0.469464    1.062775    0.239283
-64.000   -0.498297    1.030650    0.228201
-62.000   -0.524795    0.996623    0.216648
-60.000   -0.548837    0.960866    0.204687
-58.000   -0.570313    0.923558    0.192379
-56.000   -0.589127    0.884884    0.179785
-54.000   -0.605199    0.845038    0.166968
-52.000   -0.618460    0.804218    0.153989
-50.000   -0.628860    0.762628    0.140910
-48.000   -0.636363    0.720474    0.127792
-46.000   -0.640949    0.677966    0.114698
-44.000   -0.642614    0.635316    0.101688
-42.000   -0.641374    0.592734    0.088824
-40.000   -0.637260    0.550433    0.076169
-38.000   -0.630322    0.508621    0.063784
-36.000   -0.620633    0.467505    0.051730
-34.000   -0.608281    0.427291    0.040070
-32.000   -0.593381    0.388176    0.028864
-30.000   -0.576071    0.350353    0.018175
-28.000   -0.556518    0.314011    0.008065
-26.000   -0.534922    0.279329   -0.001406
-24.000   -0.511525    0.246479   -0.010174
-22.000   -0.486624    0.215621   -0.018180
-20.000   -0.460591    0.186911   -0.025360
-18.000   -0.433909    0.160488   -0.031653
-16.000   -0.407231    0.136483   -0.036999
-14.000   -0.381502    0.115016   -0.041333
-12.000   -0.358181    0.096191   -0.044597
-10.000   -0.339667    0.080591   -0.046316
 -8.000   -0.335066    0.075475   -0.041958
 -6.000   -0.275745    0.031642   -0.072759
 -4.000    0.032800    0.013810   -0.101200
 -2.000    0.267200    0.010740   -0.105100
  0.000    0.471200    0.008270   -0.103900
  2.000    0.687800    0.009130   -0.101300
  4.000    0.884700    0.010810   -0.097600
  6.000    1.107788    0.011572   -0.089766
  8.000    1.196959    0.007113   -0.079816
 10.000    1.022614    0.016818   -0.080155
 12.000    0.916884    0.029881   -0.081009
 14.000    0.853983    0.049238   -0.083047
 16.000    0.814233    0.071317   -0.085788
 18.000    0.789279    0.096014   -0.089193
 20.000    0.774043    0.123207   -0.093221
 22.000    0.765241    0.152766   -0.097832
 24.000    0.760639    0.184548   -0.102985
 26.000    0.758655    0.218399   -0.108639
 28.000    0.758128    0.254155   -0.114756
 30.000    0.758185    0.291644   -0.121294
 32.000    0.758153    0.330685   -0.128212
 34.000    0.757505    0.371089   -0.135471
 36.000    0.755824    0.412661   -0.143031
 38.000    0.752777    0.455200   -0.150850
 40.000    0.748098    0.498501   -0.158888
 42.000    0.741578    0.542355   -0.167106
 44.000    0.733052    0.586551   -0.175462
 46.000    0.722393    0.630874   -0.183917
 48.000    0.709511    0.675112   -0.192430
 50.000    0.694344    0.719052   -0.200960
 52.000    0.676859    0.762481   -0.209468
 54.000    0.657047    0.805190   -0.217913
 56.000    0.634920    0.846975   -0.226254
 58.000    0.610515    0.887634   -0.234451
 60.000    0.583885    0.926971   -0.242465
 62.000    0.555102    0.964797   -0.250253
 64.000    0.524255    1.000932   -0.257777
 66.000    0.491451    1.035201   -0.264996
 68.000    0.456807    1.067442   -0.271869
 70.000    0.420457    1.097499   -0.278357
 72.000    0.382547    1.125229   -0.284418
 74.000    0.343234    1.150500   -0.290012
 76.000    0.302685    1.173192   -0.295099
 78.000    0.261077    1.193197   -0.299639
 80.000    0.218595    1.210422   -0.303591
 82.000    0.175432    1.224784   -0.306915
 84.000    0.131785    1.236218   -0.309571
 86.000    0.087859    1.244671   -0.311518
 88.000    0.043860    1.250105   -0.312716
 90.000    0.000000    1.252496   -0.313124
