Viterna extrapolated polar
 alpha from -90.0 to 90.0 deg
 BLEND_WIDTH = 6.000 deg

 alpha        Cl          Cd          Cm
 ------   ---------   ---------   ---------
-90.000   -0.000000    1.252496    0.313124
-88.000   -0.043723    1.252370    0.312520
-86.000   -0.087311    1.249199    0.310745
-84.000   -0.130551    1.243003    0.307860
-82.000   -0.173235    1.233818    0.303922
-80.000   -0.215157    1.221693    0.298990
-78.000   -0.256114    1.206692    0.293124
-76.000   -0.295911    1.188894    0.286381
-74.000   -0.334358    1.168391    0.278820
-72.000   -0.371271    1.145286    0.270500
-70.000   -0.406477    1.119698    0.261479
-68.000   -0.439810    1.091756    0.251817
-66.000   -0.471114    1.061601    0.241572
-64.000   -0.500245    1.029385    0.230802
-62.000   -0.527069    0.995269    0.219567
-60.000   -0.551467    0.959424    0.207925
-58.000   -0.573329    0.922029    0.195934
-56.000   -0.592563    0.883270    0.183653
-54.000   -0.609089    0.843342    0.171142
-52.000   -0.622842    0.802441    0.158458
-50.000   -0.633774    0.760773    0.145661
-48.000   -0.641851    0.718543    0.132808
-46.000   -0.647060    0.675962    0.119959
-44.000   -0.649400    0.633241    0.107173
-42.000   -0.648892    0.590590    0.094507
-40.000   -0.645576    0.548222    0.082022
-38.000   -0.639510    0.506347    0.069774
-36.000   -0.630776    0.465171    0.057824
-34.000   -0.619477    0.424899    0.046229
-32.000   -0.605744    0.385729    0.035049
-30.000   -0.589736    0.347855    0.024342
-28.000   -0.571645    0.311464    0.014166
-26.000   -0.551709    0.276736    0.004581
-24.000   -0.530216    0.243843   -0.004355
-22.000   -0.507529    0.212946   -0.012584
-20.000   -0.484110    0.184199   -0.020045
-18.000   -0.460572    0.157744   -0.026682
-16.000   -0.437769    0.133710   -0.032435
-14.000   -0.416953    0.112216   -0.037246
-12.000   -0.400101    0.093369   -0.041055
-10.000   -0.390638    0.077262   -0.043805
 -8.000   -0.391448    0.067917   -0.043889
 -6.000   -0.418039    0.050778   -0.047953
 -4.000   -0.201693    0.030012   -0.068199
 -2.000    0.149800    0.021890   -0.095700
  0.000    0.440300    0.018220   -0.108400
  2.000    0.696600    0.017240   -0.113100
  4.000    0.918100    0.017500   -0.110500
  6.000    1.110800    0.018770   -0.103100
  8.000    1.198102    0.026167   -0.079513
 10.000    1.287926    0.046460   -0.051417
 12.000    1.237897    0.065897   -0.045257
 14.000    1.121094    0.083125   -0.048007
 16.000    1.044327    0.104889   -0.050053
 18.000    0.990184    0.129229   -0.052981
 20.000    0.951250    0.156026   -0.056742
 22.000    0.922754    0.185148   -0.061282
 24.000    0.901473    0.216453   -0.066552
 26.000    0.885140    0.249789   -0.072499
 28.000    0.872106    0.284992   -0.079073
 30.000    0.861141    0.321890   -0.086222
 32.000    0.851305    0.360303   -0.093894
 34.000    0.841867    0.400043   -0.102038
 36.000    0.832252    0.440915   -0.110603
 38.000    0.822005    0.482721   -0.119537
 40.000    0.810760    0.525255   -0.128789
 42.000    0.798228    0.568309   -0.138308
 44.000    0.784179    0.611673   -0.148042
 46.000    0.768436    0.655135   -0.157940
 48.000    0.750864    0.698482   -0.167950
 50.000    0.731364    0.741501   -0.178021
 52.000    0.709874    0.783983   -0.188102
 54.000    0.686358    0.825719   -0.198141
 56.000    0.660809    0.866505   -0.208087
 58.000    0.633243    0.906141   -0.217888
 60.000    0.603699    0.944433   -0.227494
 62.000    0.572235    0.981193   -0.236852
 64.000    0.538931    1.016242   -0.245911
 66.000    0.503880    1.049407   -0.254621
 68.000    0.467195    1.080525   -0.262929
 70.000    0.429001    1.109444   -0.270784
 72.000    0.389439    1.136021   -0.278135
 74.000    0.348659    1.160126   -0.284930
 76.000    0.306825    1.181641   -0.291118
 78.000    0.264110    1.200458   -0.296648
 80.000    0.220697    1.216486   -0.301468
 82.000    0.176774    1.229645   -0.305527
 84.000    0.132539    1.239869   -0.308774
 86.000    0.088194    1.247107   -0.311156
 88.000    0.043944    1.251324   -0.312624
 90.000    0.000000    1.252496   -0.313124
