Viterna extrapolated polar
 alpha from -90.0 to 90.0 deg
 BLEND_WIDTH = 6.000 deg

 alpha        Cl          Cd          Cm
 ------   ---------   ---------   ---------
-90.000   -0.000000    1.252496    0.313124
-88.000   -0.043717    1.252669    0.312516
-86.000   -0.087287    1.249796    0.310733
-84.000   -0.130497    1.243897    0.307834
-82.000   -0.173138    1.235009    0.303879
-80.000   -0.215004    1.223179    0.298928
-78.000   -0.255894    1.208471    0.293040
-76.000   -0.295611    1.190964    0.286275
-74.000   -0.333964    1.170749    0.278692
-72.000   -0.370771    1.147931    0.270353
-70.000   -0.405857    1.122625    0.261315
-68.000   -0.439056    1.094962    0.251639
-66.000   -0.470212    1.065082    0.241385
-64.000   -0.499180    1.033137    0.230612
-62.000   -0.525826    0.999287    0.219380
-60.000   -0.550028    0.963703    0.207749
-58.000   -0.571679    0.926564    0.195778
-56.000   -0.590684    0.888056    0.183527
-54.000   -0.606961    0.848372    0.171056
-52.000   -0.620445    0.807710    0.158425
-50.000   -0.631086    0.766274    0.145693
-48.000   -0.638850    0.724270    0.132920
-46.000   -0.643717    0.681907    0.120165
-44.000   -0.645688    0.639396    0.107489
-42.000   -0.644780    0.596950    0.094951
-40.000   -0.641027    0.554778    0.082611
-38.000   -0.634485    0.513091    0.070528
-36.000   -0.625228    0.472095    0.058762
-34.000   -0.613353    0.431994    0.047374
-32.000   -0.598982    0.392986    0.036421
-30.000   -0.582262    0.355266    0.025966
-28.000   -0.563371    0.319020    0.016066
-26.000   -0.542527    0.284428    0.006782
-24.000   -0.519993    0.251661   -0.001826
-22.000   -0.496095    0.220881   -0.009700
-20.000   -0.471246    0.192241   -0.016778
-18.000   -0.445988    0.165883   -0.023002
-16.000   -0.421066    0.141936   -0.028312
-14.000   -0.397563    0.120520   -0.032648
-12.000   -0.377173    0.101740   -0.035950
-10.000   -0.362621    0.085857   -0.038150
 -8.000   -0.355206    0.079362   -0.035539
 -6.000   -0.361980    0.053246   -0.046926
 -4.000   -0.066300    0.020060   -0.085300
 -2.000    0.228500    0.015230   -0.102600
  0.000    0.477200    0.011870   -0.106400
  2.000    0.691600    0.012100   -0.104300
  4.000    0.888600    0.013110   -0.098700
  6.000    1.114527    0.014417   -0.091552
  8.000    1.245600    0.015860   -0.069700
 10.000    1.071460    0.032034   -0.069240
 12.000    0.955483    0.045845   -0.071381
 14.000    0.886625    0.065073   -0.073419
 16.000    0.842351    0.087006   -0.076199
 18.000    0.813830    0.111536   -0.079678
 20.000    0.795698    0.138543   -0.083814
 22.000    0.784489    0.167898   -0.088564
 24.000    0.777849    0.199457   -0.093887
 26.000    0.774112    0.233067   -0.099739
 28.000    0.772056    0.268565   -0.106079
 30.000    0.770766    0.305778   -0.112864
 32.000    0.769536    0.344526   -0.120051
 34.000    0.767814    0.384619   -0.127599
 36.000    0.765163    0.425864   -0.135464
 38.000    0.761236    0.468061   -0.143606
 40.000    0.755756    0.511003   -0.151980
 42.000    0.748501    0.554484   -0.160545
 44.000    0.739299    0.598291   -0.169258
 46.000    0.728019    0.642211   -0.178077
 48.000    0.714564    0.686033   -0.186960
 50.000    0.698868    0.729542   -0.195864
 52.000    0.680893    0.772529   -0.204747
 54.000    0.660628    0.814783   -0.213566
 56.000    0.638084    0.856101   -0.222279
 58.000    0.613292    0.896282   -0.230844
 60.000    0.586306    0.935131   -0.239218
 62.000    0.557196    0.972459   -0.247360
 64.000    0.526049    1.008086   -0.255225
 66.000    0.492969    1.041840   -0.262773
 68.000    0.458076    1.073556   -0.269960
 70.000    0.421501    1.103081   -0.276745
 72.000    0.383389    1.130272   -0.283085
 74.000    0.343897    1.154998   -0.288937
 76.000    0.303191    1.177140   -0.294260
 78.000    0.261448    1.196590   -0.299010
 80.000    0.218852    1.213256   -0.303146
 82.000    0.175596    1.227056   -0.306625
 84.000    0.131877    1.237924   -0.309405
 86.000    0.087900    1.245810   -0.311443
 88.000    0.043870    1.250674   -0.312697
 90.000    0.000000    1.252496   -0.313124
