Viterna extrapolated polar
 alpha from -90.0 to 90.0 deg
 BLEND_WIDTH = 6.000 deg

 alpha        Cl          Cd          Cm
 ------   ---------   ---------   ---------
-90.000   -0.000000    1.252496    0.313124
-88.000   -0.043664    1.254860    0.312533
-86.000   -0.087073    1.254176    0.310798
-84.000   -0.130016    1.250461    0.307975
-82.000   -0.172282    1.243748    0.304119
-80.000   -0.213665    1.234083    0.299286
-78.000   -0.253961    1.221527    0.293532
-76.000   -0.292973    1.206156    0.286913
-74.000   -0.330508    1.188058    0.279485
-72.000   -0.366380    1.167335    0.271303
-70.000   -0.400413    1.144102    0.262423
-68.000   -0.432437    1.118486    0.252901
-66.000   -0.462292    1.090623    0.242794
-64.000   -0.489829    1.060664    0.232156
-62.000   -0.514909    1.028767    0.221044
-60.000   -0.537404    0.995100    0.209513
-58.000   -0.557198    0.959840    0.197619
-56.000   -0.574189    0.923171    0.185418
-54.000   -0.588285    0.885282    0.172966
-52.000   -0.599410    0.846371    0.160319
-50.000   -0.607499    0.806638    0.147532
-48.000   -0.612502    0.766288    0.134661
-46.000   -0.614381    0.725528    0.121763
-44.000   -0.613112    0.684568    0.108892
-42.000   -0.608686    0.643616    0.096105
-40.000   -0.601103    0.602882    0.083458
-38.000   -0.590377    0.562574    0.071006
-36.000   -0.576532    0.522897    0.058805
-34.000   -0.559603    0.484053    0.046911
-32.000   -0.539631    0.446240    0.035380
-30.000   -0.516664    0.409649    0.024268
-28.000   -0.490751    0.374465    0.013630
-26.000   -0.461938    0.340868    0.003523
-24.000   -0.430261    0.309027   -0.005999
-22.000   -0.395736    0.279104   -0.014879
-20.000   -0.358340    0.251249   -0.023061
-18.000   -0.317983    0.225605   -0.030489
-16.000   -0.274463    0.202299   -0.037108
-14.000   -0.227374    0.181450   -0.042862
-12.000   -0.175926    0.163163   -0.047695
-10.000   -0.118562    0.147531   -0.051551
 -8.000   -0.051975    0.134632   -0.054374
 -6.000    0.033999    0.125211   -0.055775
 -4.000    0.157100    0.117280   -0.056700
 -2.000    0.236209    0.108216   -0.046793
  0.000   -0.161500    0.095310   -0.033600
  2.000   -0.100700    0.089280   -0.044200
  4.000   -0.103500    0.102497   -0.040000
  6.000   -0.008800    0.113620   -0.036700
  8.000    0.100400    0.127210   -0.038400
 10.000    0.265600    0.144950   -0.056400
 12.000    0.367300    0.162760   -0.061600
 14.000    0.453000    0.178880   -0.067200
 16.000    0.531473    0.194186   -0.073316
 18.000    0.629625    0.210794   -0.082603
 20.000    0.628982    0.233217   -0.083836
 22.000    0.649204    0.263880   -0.085693
 24.000    0.656889    0.294027   -0.087957
 26.000    0.665475    0.326110   -0.091131
 28.000    0.674162    0.359967   -0.095155
 30.000    0.682339    0.395429   -0.099968
 32.000    0.689529    0.432315   -0.105511
 34.000    0.695357    0.470441   -0.111722
 36.000    0.699520    0.509613   -0.118543
 38.000    0.701777    0.549635   -0.125913
 40.000    0.701937    0.590304   -0.133771
 42.000    0.699845    0.631414   -0.142058
 44.000    0.695386    0.672756   -0.150713
 46.000    0.688473    0.714122   -0.159677
 48.000    0.679046    0.755301   -0.168889
 50.000    0.667072    0.796083   -0.178288
 52.000    0.652537    0.836262   -0.187816
 54.000    0.635453    0.875631   -0.197411
 56.000    0.615849    0.913989   -0.207014
 58.000    0.593772    0.951139   -0.216564
 60.000    0.569288    0.986891   -0.226001
 62.000    0.542480    1.021059   -0.235265
 64.000    0.513444    1.053466   -0.244296
 66.000    0.482294    1.083945   -0.253034
 68.000    0.449154    1.112335   -0.261419
 70.000    0.414162    1.138486   -0.269390
 72.000    0.377470    1.162261   -0.276888
 74.000    0.339237    1.183532   -0.283851
 76.000    0.299635    1.202184   -0.290221
 78.000    0.258842    1.218113   -0.295936
 80.000    0.217047    1.231232   -0.300937
 82.000    0.174443    1.241463   -0.305164
 84.000    0.131230    1.248745   -0.308556
 86.000    0.087612    1.253031   -0.311054
 88.000    0.043799    1.254287   -0.312596
 90.000    0.000000    1.252496   -0.313124
