Viterna extrapolated polar
 alpha from -90.0 to 90.0 deg
 BLEND_WIDTH = 6.000 deg

 alpha        Cl          Cd          Cm
 ------   ---------   ---------   ---------
-90.000   -0.000000    1.252496    0.313124
-88.000   -0.043758    1.250981    0.312322
-86.000   -0.087449    1.246423    0.309971
-84.000   -0.130862    1.238844    0.306151
-82.000   -0.173788    1.228280    0.300944
-80.000   -0.216021    1.214783    0.294432
-78.000   -0.257362    1.198419    0.286695
-76.000   -0.297614    1.179268    0.277814
-74.000   -0.336590    1.157423    0.267873
-72.000   -0.374106    1.132990    0.256950
-70.000   -0.409992    1.106089    0.245128
-68.000   -0.444084    1.076851    0.232489
-66.000   -0.476227    1.045417    0.219112
-64.000   -0.506282    1.011942    0.205080
-62.000   -0.534118    0.976589    0.190474
-60.000   -0.559618    0.939529    0.175376
-58.000   -0.582679    0.900943    0.159865
-56.000   -0.603213    0.861020    0.144025
-54.000   -0.621147    0.819954    0.127935
-52.000   -0.636424    0.777944    0.111678
-50.000   -0.649003    0.735197    0.095334
-48.000   -0.658863    0.691919    0.078986
-46.000   -0.666001    0.648322    0.062713
-44.000   -0.670433    0.604618    0.046599
-42.000   -0.672197    0.561021    0.030722
-40.000   -0.671354    0.517742    0.015166
-38.000   -0.667990    0.474992    0.000012
-36.000   -0.662218    0.432981   -0.014660
-34.000   -0.654183    0.391912   -0.028768
-32.000   -0.644065    0.351985   -0.042231
-30.000   -0.632090    0.313396   -0.054967
-28.000   -0.618534    0.276332   -0.066896
-26.000   -0.603743    0.240973   -0.077935
-24.000   -0.588153    0.207493   -0.088004
-22.000   -0.572327    0.176054   -0.097021
-20.000   -0.557010    0.146809   -0.104906
-18.000   -0.543221    0.119901   -0.111576
-16.000   -0.532426    0.095461   -0.116950
-14.000   -0.526838    0.073608   -0.120948
-12.000   -0.516953    0.057371   -0.121281
-10.000   -0.514581    0.044962   -0.120467
 -8.000   -0.398598    0.029569   -0.124411
 -6.000   -0.104300    0.022760   -0.133000
 -4.000    0.114600    0.019490   -0.131400
 -2.000    0.274400    0.018300   -0.117500
  0.000    0.417200    0.018360   -0.101100
  2.000    0.560700    0.019120   -0.084200
  4.000    0.695000    0.020570   -0.068400
  6.000    0.821200    0.022710   -0.052600
  8.000    1.023600    0.025920   -0.054500
 10.000    1.154600    0.031990   -0.047400
 12.000    1.266200    0.039480   -0.040000
 14.000    1.335600    0.050930   -0.033500
 16.000    1.420699    0.062961   -0.029920
 18.000    1.436426    0.080432   -0.027662
 20.000    1.313871    0.110898   -0.030025
 22.000    1.270923    0.137455   -0.030547
 24.000    1.212774    0.169462   -0.033738
 26.000    1.164723    0.203556   -0.038015
 28.000    1.124044    0.239574   -0.043304
 30.000    1.088716    0.277343   -0.049533
 32.000    1.057209    0.316680   -0.056630
 34.000    1.028342    0.357398   -0.064521
 36.000    1.001191    0.399301   -0.073134
 38.000    0.975027    0.442187   -0.082396
 40.000    0.949267    0.485851   -0.092235
 42.000    0.923447    0.530083   -0.102578
 44.000    0.897193    0.574672   -0.113353
 46.000    0.870212    0.619403   -0.124486
 48.000    0.842271    0.664063   -0.135905
 50.000    0.813195    0.708437   -0.147538
 52.000    0.782851    0.752314   -0.159311
 54.000    0.751149    0.795484   -0.171153
 56.000    0.718034    0.837741   -0.182990
 58.000    0.683481    0.878883   -0.194750
 60.000    0.647496    0.918714   -0.206359
 62.000    0.610107    0.957044   -0.217747
 64.000    0.571369    0.993693   -0.228839
 66.000    0.531355    1.028485   -0.239564
 68.000    0.490157    1.061256   -0.249848
 70.000    0.447888    1.091851   -0.259619
 72.000    0.404672    1.120126   -0.268804
 74.000    0.360650    1.145948   -0.277331
 76.000    0.315976    1.169197   -0.285126
 78.000    0.270815    1.189764   -0.292118
 80.000    0.225342    1.207554   -0.298234
 82.000    0.179742    1.222486   -0.303401
 84.000    0.134206    1.234492   -0.307546
 86.000    0.088934    1.243519   -0.310596
 88.000    0.044129    1.249529   -0.312480
 90.000    0.000000    1.252496   -0.313124
