Viterna extrapolated polar
 alpha from -90.0 to 90.0 deg
 BLEND_WIDTH = 6.000 deg

 alpha        Cl          Cd          Cm
 ------   ---------   ---------   ---------
-90.000   -0.000000    1.252496    0.313124
-88.000   -0.043789    1.250858    0.312417
-86.000   -0.087575    1.246177    0.310342
-84.000   -0.131145    1.238475    0.306972
-82.000   -0.174293    1.227789    0.302378
-80.000   -0.216812    1.214171    0.296631
-78.000   -0.258504    1.197686    0.289803
-76.000   -0.299173    1.178415    0.281966
-74.000   -0.338632    1.156451    0.273190
-72.000   -0.376701    1.131900    0.263548
-70.000   -0.413209    1.104883    0.253110
-68.000   -0.447994    1.075530    0.241948
-66.000   -0.480907    1.043983    0.230135
-64.000   -0.511807    1.010396    0.217740
-62.000   -0.540568    0.974933    0.204836
-60.000   -0.567077    0.937766    0.191495
-58.000   -0.591235    0.899074    0.177787
-56.000   -0.612959    0.859048    0.163784
-54.000   -0.632182    0.817881    0.149558
-52.000   -0.648853    0.775773    0.135180
-50.000   -0.662940    0.732930    0.120721
-48.000   -0.674432    0.689559    0.106254
-46.000   -0.683335    0.645872    0.091849
-44.000   -0.689681    0.602081    0.077578
-42.000   -0.693523    0.558400    0.063513
-40.000   -0.694944    0.515040    0.049725
-38.000   -0.694052    0.472213    0.036285
-36.000   -0.690990    0.430127    0.023265
-34.000   -0.685942    0.388988    0.010736
-32.000   -0.679134    0.348994   -0.001229
-30.000   -0.670849    0.310342   -0.012561
-28.000   -0.661443    0.273218   -0.023186
-26.000   -0.651360    0.237803   -0.033034
-24.000   -0.641172    0.204271   -0.042033
-22.000   -0.631626    0.172784   -0.050112
-20.000   -0.623722    0.143495   -0.057199
-18.000   -0.618855    0.116547   -0.063223
-16.000   -0.619049    0.092071   -0.068112
-14.000   -0.627397    0.070186   -0.071794
-12.000   -0.644650    0.052268   -0.073625
-10.000   -0.647535    0.046767   -0.069517
 -8.000   -0.549492    0.028808   -0.086438
 -6.000   -0.220600    0.037090   -0.101800
 -4.000    0.077300    0.018610   -0.126600
 -2.000    0.375700    0.013860   -0.142300
  0.000    0.620500    0.010770   -0.144900
  2.000    0.840000    0.011030   -0.142700
  4.000    1.038600    0.012830   -0.137900
  6.000    1.220600    0.015260   -0.130700
  8.000    1.298700    0.021140   -0.109200
 10.000    1.378571    0.031207   -0.088715
 12.000    1.468345    0.042890   -0.074766
 14.000    1.375073    0.063346   -0.071632
 16.000    1.251442    0.084293   -0.073344
 18.000    1.171025    0.108851   -0.075288
 20.000    1.110759    0.135891   -0.078070
 22.000    1.064537    0.165282   -0.081640
 24.000    1.028242    0.196879   -0.085946
 26.000    0.998993    0.230531   -0.090940
 28.000    0.974701    0.266073   -0.096570
 30.000    0.953815    0.303334   -0.102787
 32.000    0.935154    0.342132   -0.109541
 34.000    0.917804    0.382280   -0.116781
 36.000    0.901048    0.423581   -0.124456
 38.000    0.884319    0.465837   -0.132518
 40.000    0.867163    0.508841   -0.140915
 42.000    0.849220    0.552386   -0.149598
 44.000    0.830201    0.596260   -0.158516
 46.000    0.809882    0.640251   -0.167619
 48.000    0.788087    0.684145   -0.176857
 50.000    0.764688    0.727728   -0.186180
 52.000    0.739592    0.770791   -0.195537
 54.000    0.712743    0.813125   -0.204878
 56.000    0.684112    0.854523   -0.214154
 58.000    0.653701    0.894787   -0.223313
 60.000    0.621534    0.933720   -0.232307
 62.000    0.587658    0.971134   -0.241084
 64.000    0.552140    1.006849   -0.249594
 66.000    0.515068    1.040692   -0.257787
 68.000    0.476546    1.072498   -0.265613
 70.000    0.436692    1.102115   -0.273023
 72.000    0.395642    1.129400   -0.279964
 74.000    0.353542    1.154220   -0.286388
 76.000    0.310552    1.176457   -0.292245
 78.000    0.266841    1.196004   -0.297483
 80.000    0.222589    1.212766   -0.302053
 82.000    0.177983    1.226663   -0.305905
 84.000    0.133218    1.237629   -0.308988
 86.000    0.088495    1.245613   -0.311252
 88.000    0.044019    1.250576   -0.312648
 90.000    0.000000    1.252496   -0.313124
