Viterna extrapolated polar
 alpha from -90.0 to 90.0 deg
 BLEND_WIDTH = 6.000 deg

 alpha        Cl          Cd          Cm
 ------   ---------   ---------   ---------
-90.000   -0.000000    1.252496    0.313124
-88.000   -0.043702    1.254442    0.312609
-86.000   -0.087227    1.253340    0.311096
-84.000   -0.130363    1.249208    0.308633
-82.000   -0.172899    1.242079    0.305271
-80.000   -0.214631    1.232001    0.301056
-78.000   -0.255355    1.219035    0.296038
-76.000   -0.294875    1.203256    0.290265
-74.000   -0.333000    1.184753    0.283787
-72.000   -0.369546    1.163630    0.276652
-70.000   -0.404338    1.140002    0.268908
-68.000   -0.437209    1.113994    0.260604
-66.000   -0.468002    1.085747    0.251789
-64.000   -0.496571    1.055409    0.242512
-62.000   -0.522780    1.023139    0.232821
-60.000   -0.546506    0.989106    0.222764
-58.000   -0.567639    0.953487    0.212392
-56.000   -0.586081    0.916466    0.201751
-54.000   -0.601750    0.878235    0.190892
-52.000   -0.614576    0.838990    0.179862
-50.000   -0.624505    0.798931    0.168711
-48.000   -0.631498    0.758266    0.157486
-46.000   -0.635532    0.717200    0.146238
-44.000   -0.636599    0.675943    0.135013
-42.000   -0.634709    0.634706    0.123862
-40.000   -0.629888    0.593698    0.112832
-38.000   -0.622178    0.553127    0.101973
-36.000   -0.611641    0.513198    0.091332
-34.000   -0.598356    0.474114    0.080960
-32.000   -0.582422    0.436072    0.070903
-30.000   -0.563959    0.399266    0.061212
-28.000   -0.543109    0.363879    0.051935
-26.000   -0.520041    0.330092    0.043120
-24.000   -0.494956    0.298075    0.034816
-22.000   -0.468093    0.267988    0.027072
-20.000   -0.439743    0.239983    0.019937
-18.000   -0.410273    0.214202    0.013459
-16.000   -0.380161    0.190774    0.007686
-14.000   -0.350077    0.169817    0.002668
-12.000   -0.321021    0.151436   -0.001547
-10.000   -0.294660    0.135724   -0.004909
 -8.000   -0.274138    0.122759   -0.007372
 -6.000   -0.271053    0.113503   -0.007975
 -4.000   -0.292700    0.105320   -0.009400
 -2.000   -0.089891    0.061106   -0.088381
  0.000    0.223500    0.056290   -0.109600
  2.000    0.435600    0.058770   -0.109900
  4.000    0.571600    0.065640   -0.102500
  6.000    0.615700    0.091180   -0.103700
  8.000    0.615200    0.123652   -0.108180
 10.000    0.657400    0.149300   -0.113500
 12.000    0.726100    0.169610   -0.116600
 14.000    0.816700    0.188885   -0.125300
 16.000    0.877453    0.207637   -0.131011
 18.000    0.988752    0.226850   -0.146511
 20.000    0.983842    0.249557   -0.150367
 22.000    0.963557    0.279854   -0.153770
 24.000    0.937956    0.309766   -0.155283
 26.000    0.917905    0.341595   -0.157442
 28.000    0.901632    0.375179   -0.160205
 30.000    0.887811    0.410349   -0.163529
 32.000    0.875435    0.446926   -0.167371
 34.000    0.863720    0.484724   -0.171690
 36.000    0.852051    0.523552   -0.176442
 38.000    0.839938    0.563212   -0.181585
 40.000    0.826992    0.603502   -0.187076
 42.000    0.812903    0.644217   -0.192873
 44.000    0.797424    0.685150   -0.198934
 46.000    0.780364    0.726090   -0.205215
 48.000    0.761576    0.766829   -0.211675
 50.000    0.740954    0.807158   -0.218270
 52.000    0.718426    0.846869   -0.224958
 54.000    0.693951    0.885757   -0.231696
 56.000    0.667515    0.923623   -0.238443
 58.000    0.639131    0.960269   -0.245155
 60.000    0.608831    0.995505   -0.251790
 62.000    0.576674    1.029147   -0.258305
 64.000    0.542732    1.061019   -0.264658
 66.000    0.507100    1.090952   -0.270807
 68.000    0.469886    1.118789   -0.276707
 70.000    0.431215    1.144379   -0.282318
 72.000    0.391224    1.167585   -0.287597
 74.000    0.350064    1.188281   -0.292501
 76.000    0.307897    1.206352   -0.296987
 78.000    0.264896    1.221695   -0.301013
 80.000    0.221241    1.234223   -0.304536
 82.000    0.177122    1.243861   -0.307514
 84.000    0.132735    1.250546   -0.309905
 86.000    0.088280    1.254233   -0.311665
 88.000    0.043966    1.254889   -0.312752
 90.000    0.000000    1.252496   -0.313124
