Viterna extrapolated polar
 alpha from -90.0 to 90.0 deg
 BLEND_WIDTH = 6.000 deg

 alpha        Cl          Cd          Cm
 ------   ---------   ---------   ---------
-90.000   -0.000000    1.252496    0.313124
-88.000   -0.043711    1.254078    0.312500
-86.000   -0.087260    1.252613    0.310669
-84.000   -0.130436    1.248119    0.307695
-82.000   -0.173029    1.240629    0.303641
-80.000   -0.214835    1.230191    0.298570
-78.000   -0.255649    1.216868    0.292547
-76.000   -0.295277    1.200734    0.285633
-74.000   -0.333526    1.181881    0.277892
-72.000   -0.370215    1.160410    0.269388
-70.000   -0.405167    1.136437    0.260184
-68.000   -0.438218    1.110090    0.250343
-66.000   -0.469209    1.081508    0.239928
-64.000   -0.497995    1.050840    0.229004
-62.000   -0.524443    1.018246    0.217632
-60.000   -0.548429    0.983895    0.205876
-58.000   -0.569845    0.947964    0.193800
-56.000   -0.588595    0.910638    0.181467
-54.000   -0.604596    0.872109    0.168940
-52.000   -0.617781    0.832573    0.156283
-50.000   -0.628099    0.792232    0.143558
-48.000   -0.635512    0.751292    0.130829
-46.000   -0.640001    0.709960    0.118160
-44.000   -0.641562    0.668446    0.105613
-42.000   -0.640208    0.626961    0.093253
-40.000   -0.635970    0.585714    0.081141
-38.000   -0.628898    0.544914    0.069342
-36.000   -0.619060    0.504766    0.057919
-34.000   -0.606545    0.465473    0.046935
-32.000   -0.591465    0.427234    0.036453
-30.000   -0.573953    0.390240    0.026537
-28.000   -0.554173    0.354677    0.017249
-26.000   -0.532320    0.320725    0.008654
-24.000   -0.508627    0.288553    0.000815
-22.000   -0.483383    0.258324   -0.006206
-20.000   -0.456945    0.230190   -0.012344
-18.000   -0.429775    0.204290   -0.017537
-16.000   -0.402497    0.180756   -0.021722
-14.000   -0.376006    0.159704   -0.024834
-12.000   -0.350747    0.140487   -0.026845
-10.000   -0.331009    0.124681   -0.027594
 -8.000   -0.283364    0.074116   -0.054325
 -6.000   -0.257800    0.056023   -0.064420
 -4.000   -0.008700    0.015950   -0.093800
 -2.000    0.260300    0.012210   -0.105100
  0.000    0.471800    0.009410   -0.105200
  2.000    0.693600    0.010060   -0.102700
  4.000    0.885600    0.011520   -0.098100
  6.000    1.086817    0.014258   -0.091429
  8.000    1.217801    0.020947   -0.079319
 10.000    1.078735    0.032542   -0.078982
 12.000    0.953021    0.050288   -0.080135
 14.000    0.884543    0.069481   -0.082016
 16.000    0.840558    0.091372   -0.084621
 18.000    0.812264    0.115856   -0.087908
 20.000    0.794317    0.142812   -0.091836
 22.000    0.783262    0.172110   -0.096365
 24.000    0.776752    0.203607   -0.101451
 26.000    0.773126    0.237150   -0.107056
 28.000    0.771168    0.272576   -0.113136
 30.000    0.769964    0.309712   -0.119652
 32.000    0.768810    0.348378   -0.126561
 34.000    0.767157    0.388385   -0.133823
 36.000    0.764568    0.429539   -0.141397
 38.000    0.760697    0.471640   -0.149241
 40.000    0.755267    0.514483   -0.157314
 42.000    0.748059    0.557859   -0.165575
 44.000    0.738901    0.601558   -0.173983
 46.000    0.727661    0.645367   -0.182496
 48.000    0.714242    0.689072   -0.191074
 50.000    0.698579    0.732462   -0.199675
 52.000    0.680636    0.775325   -0.208258
 54.000    0.660400    0.817453   -0.216782
 56.000    0.637882    0.858641   -0.225205
 58.000    0.613115    0.898689   -0.233487
 60.000    0.586152    0.937402   -0.241586
 62.000    0.557062    0.974592   -0.249460
 64.000    0.525934    1.010078   -0.257070
 66.000    0.492873    1.043687   -0.264374
 68.000    0.457995    1.075257   -0.271329
 70.000    0.421434    1.104634   -0.277896
 72.000    0.383335    1.131676   -0.284034
 74.000    0.343854    1.156250   -0.289700
 76.000    0.303159    1.178239   -0.294853
 78.000    0.261424    1.197535   -0.299453
 80.000    0.218836    1.214044   -0.303459
 82.000    0.175585    1.227688   -0.306829
 84.000    0.131871    1.238399   -0.309521
 86.000    0.087897    1.246127   -0.311495
 88.000    0.043870    1.250833   -0.312710
 90.000    0.000000    1.252496   -0.313124
