Viterna extrapolated polar
 alpha from -90.0 to 90.0 deg
 BLEND_WIDTH = 6.000 deg

 alpha        Cl          Cd          Cm
 ------   ---------   ---------   ---------
-90.000   -0.000000    1.252496    0.313124
-88.000   -0.043730    1.251107    0.312453
-86.000   -0.087338    1.246674    0.310482
-84.000   -0.130611    1.239220    0.307279
-82.000   -0.173342    1.228781    0.302909
-80.000   -0.215324    1.215408    0.297437
-78.000   -0.256355    1.199168    0.290931
-76.000   -0.296240    1.180139    0.283456
-74.000   -0.334789    1.158415    0.275077
-72.000   -0.371819    1.134103    0.265862
-70.000   -0.407156    1.107320    0.255876
-68.000   -0.440636    1.078199    0.245184
-66.000   -0.472102    1.046882    0.233853
-64.000   -0.501412    1.013520    0.221949
-62.000   -0.528431    0.978279    0.209538
-60.000   -0.553042    0.941329    0.196686
-58.000   -0.575136    0.902851    0.183458
-56.000   -0.594621    0.863033    0.169921
-54.000   -0.611419    0.822070    0.156141
-52.000   -0.625467    0.780161    0.142183
-50.000   -0.636717    0.737511    0.128115
-48.000   -0.645139    0.694328    0.114000
-46.000   -0.650720    0.650822    0.099907
-44.000   -0.653464    0.607208    0.085900
-42.000   -0.653396    0.563696    0.072045
-40.000   -0.650557    0.520499    0.058410
-38.000   -0.645014    0.477829    0.045058
-36.000   -0.636852    0.435893    0.032057
-34.000   -0.626184    0.394896    0.019473
-32.000   -0.613149    0.355038    0.007371
-30.000   -0.597920    0.316513   -0.004182
-28.000   -0.580706    0.279510   -0.015121
-26.000   -0.561764    0.244209   -0.025380
-24.000   -0.541412    0.210782   -0.034892
-22.000   -0.520051    0.179392   -0.043592
-20.000   -0.498197    0.150192   -0.051414
-18.000   -0.476543    0.123325   -0.058291
-16.000   -0.456061    0.098922   -0.064158
-14.000   -0.438187    0.077101   -0.068949
-12.000   -0.425211    0.057970   -0.072598
-10.000   -0.420890    0.041942   -0.074882
 -8.000   -0.431812    0.038278   -0.070951
 -6.000   -0.302607    0.024062   -0.090123
 -4.000    0.050400    0.017440   -0.112000
 -2.000    0.321300    0.013010   -0.125200
  0.000    0.549800    0.009920   -0.124700
  2.000    0.769000    0.010520   -0.124000
  4.000    0.965800    0.012100   -0.119100
  6.000    1.149300    0.014450   -0.112700
  8.000    1.251900    0.022220   -0.092600
 10.000    1.326460    0.033599   -0.069473
 12.000    1.316481    0.049660   -0.055804
 14.000    1.190973    0.068895   -0.056399
 16.000    1.099253    0.091703   -0.057995
 18.000    1.038142    0.116182   -0.060463
 20.000    0.993551    0.143135   -0.063778
 22.000    0.960354    0.172428   -0.067889
 24.000    0.935091    0.203921   -0.072745
 26.000    0.915333    0.237459   -0.078293
 28.000    0.899313    0.272879   -0.084483
 30.000    0.885717    0.310009   -0.091262
 32.000    0.873541    0.348669   -0.098580
 34.000    0.862005    0.388670   -0.106384
 36.000    0.850497    0.429817   -0.114623
 38.000    0.838530    0.471911   -0.123246
 40.000    0.825718    0.514746   -0.132200
 42.000    0.811750    0.558115   -0.141435
 44.000    0.796384    0.601805   -0.150899
 46.000    0.779427    0.645606   -0.160539
 48.000    0.760735    0.689302   -0.170306
 50.000    0.740201    0.732683   -0.180147
 52.000    0.717755    0.775537   -0.190010
 54.000    0.693355    0.817655   -0.199844
 56.000    0.666989    0.858834   -0.209598
 58.000    0.638668    0.898871   -0.219219
 60.000    0.608428    0.937574   -0.228657
 62.000    0.576325    0.974753   -0.237860
 64.000    0.542434    1.010228   -0.246775
 66.000    0.506847    1.043827   -0.255353
 68.000    0.469675    1.075386   -0.263540
 70.000    0.431041    1.104752   -0.271287
 72.000    0.391084    1.131782   -0.278540
 74.000    0.349954    1.156345   -0.285248
 76.000    0.307813    1.178322   -0.291360
 78.000    0.264834    1.197606   -0.296825
 80.000    0.221199    1.214104   -0.301591
 82.000    0.177095    1.227736   -0.305605
 84.000    0.132719    1.238435   -0.308817
 86.000    0.088273    1.246151   -0.311176
 88.000    0.043964    1.250845   -0.312628
 90.000    0.000000    1.252496   -0.313124
