Viterna extrapolated polar
 alpha from -90.0 to 90.0 deg
 BLEND_WIDTH = 6.000 deg

 alpha        Cl          Cd          Cm
 ------   ---------   ---------   ---------
-90.000   -0.000000    1.252496    0.313124
-88.000   -0.043717    1.252912    0.312519
-86.000   -0.087284    1.250281    0.310743
-84.000   -0.130490    1.244625    0.307854
-82.000   -0.173126    1.235977    0.303914
-80.000   -0.214986    1.224387    0.298979
-78.000   -0.255868    1.209919    0.293110
-76.000   -0.295576    1.192648    0.286365
-74.000   -0.333918    1.172668    0.278804
-72.000   -0.370713    1.150081    0.270486
-70.000   -0.405785    1.125006    0.261469
-68.000   -0.438968    1.097570    0.251814
-66.000   -0.470107    1.067913    0.241578
-64.000   -0.499056    1.036188    0.230822
-62.000   -0.525681    1.002555    0.219603
-60.000   -0.549861    0.967183    0.207983
-58.000   -0.571487    0.930252    0.196018
-56.000   -0.590465    0.891948    0.183769
-54.000   -0.606714    0.852463    0.171295
-52.000   -0.620167    0.811996    0.158655
-50.000   -0.630774    0.770748    0.145907
-48.000   -0.638500    0.728927    0.133112
-46.000   -0.643328    0.686742    0.120327
-44.000   -0.645257    0.644404    0.107613
-42.000   -0.644301    0.602123    0.095028
-40.000   -0.640498    0.560110    0.082632
-38.000   -0.633900    0.518576    0.070483
-36.000   -0.624583    0.477726    0.058640
-34.000   -0.612641    0.437764    0.047163
-32.000   -0.598195    0.398889    0.036112
-30.000   -0.581392    0.361294    0.025543
-28.000   -0.562409    0.325166    0.015519
-26.000   -0.541459    0.290684    0.006096
-24.000   -0.518804    0.258020   -0.002666
-22.000   -0.494765    0.227335   -0.010707
-20.000   -0.469749    0.198782   -0.017969
-18.000   -0.444292    0.172503   -0.024392
-16.000   -0.419123    0.148627   -0.029918
-14.000   -0.395307    0.127274   -0.034487
-12.000   -0.374505    0.108549   -0.038040
-10.000   -0.359572    0.092545   -0.040518
 -8.000   -0.356908    0.082918   -0.039937
 -6.000   -0.333779    0.049833   -0.058438
 -4.000   -0.007794    0.016281   -0.094434
 -2.000    0.259100    0.012320   -0.105500
  0.000    0.483600    0.009470   -0.105500
  2.000    0.690500    0.010070   -0.102700
  4.000    0.885800    0.011550   -0.098000
  6.000    1.088527    0.014158   -0.091507
  8.000    1.217759    0.020935   -0.079200
 10.000    1.079909    0.032662   -0.078583
 12.000    0.953965    0.050407   -0.079737
 14.000    0.885341    0.069599   -0.081622
 16.000    0.841246    0.091489   -0.084231
 18.000    0.812865    0.115971   -0.087524
 20.000    0.794847    0.142926   -0.091459
 22.000    0.783733    0.172222   -0.095995
 24.000    0.777173    0.203718   -0.101090
 26.000    0.773504    0.237259   -0.106704
 28.000    0.771509    0.272683   -0.112795
 30.000    0.770272    0.309817   -0.119321
 32.000    0.769089    0.348481   -0.126243
 34.000    0.767409    0.388486   -0.133517
 36.000    0.764796    0.429637   -0.141104
 38.000    0.760904    0.471736   -0.148961
 40.000    0.755455    0.514576   -0.157048
 42.000    0.748229    0.557949   -0.165323
 44.000    0.739054    0.601645   -0.173746
 46.000    0.727798    0.645451   -0.182274
 48.000    0.714365    0.689154   -0.190866
 50.000    0.698690    0.732540   -0.199482
 52.000    0.680735    0.775400   -0.208079
 54.000    0.660488    0.817525   -0.216617
 56.000    0.637960    0.858709   -0.225055
 58.000    0.613183    0.898754   -0.233351
 60.000    0.586211    0.937463   -0.241463
 62.000    0.557113    0.974649   -0.249352
 64.000    0.525978    1.010131   -0.256975
 66.000    0.492910    1.043737   -0.264290
 68.000    0.458026    1.075303   -0.271258
 70.000    0.421460    1.104676   -0.277836
 72.000    0.383356    1.131713   -0.283984
 74.000    0.343871    1.156284   -0.289660
 76.000    0.303171    1.178268   -0.294822
 78.000    0.261433    1.197560   -0.299430
 80.000    0.218842    1.214066   -0.303442
 82.000    0.175589    1.227705   -0.306818
 84.000    0.131874    1.238412   -0.309515
 86.000    0.087898    1.246135   -0.311492
 88.000    0.043870    1.250837   -0.312709
 90.000    0.000000    1.252496   -0.313124
