Viterna extrapolated polar
 alpha from -90.0 to 90.0 deg
 BLEND_WIDTH = 6.000 deg

 alpha        Cl          Cd          Cm
 ------   ---------   ---------   ---------
-90.000   -0.000000    1.252496    0.313124
-88.000   -0.043715    1.252371    0.312496
-86.000   -0.087279    1.249200    0.310652
-84.000   -0.130478    1.243005    0.307654
-82.000   -0.173105    1.233820    0.303564
-80.000   -0.214953    1.221696    0.298444
-78.000   -0.255820    1.206696    0.292356
-76.000   -0.295510    1.188899    0.285360
-74.000   -0.333832    1.168396    0.277520
-72.000   -0.370604    1.145292    0.268896
-70.000   -0.405649    1.119705    0.259551
-68.000   -0.438804    1.091764    0.249545
-66.000   -0.469910    1.061609    0.238942
-64.000   -0.498823    1.029394    0.227802
-62.000   -0.525409    0.995278    0.216188
-60.000   -0.549547    0.959434    0.204161
-58.000   -0.571127    0.922039    0.191782
-56.000   -0.590055    0.883281    0.179114
-54.000   -0.606249    0.843353    0.166219
-52.000   -0.619643    0.802453    0.153157
-50.000   -0.630187    0.760786    0.139992
-48.000   -0.637845    0.718556    0.126784
-46.000   -0.642599    0.675976    0.113595
-44.000   -0.644446    0.633255    0.100487
-42.000   -0.643404    0.590605    0.087522
-40.000   -0.639505    0.548237    0.074762
-38.000   -0.632803    0.506362    0.062267
-36.000   -0.623372    0.465187    0.050101
-34.000   -0.611304    0.424915    0.038325
-32.000   -0.596720    0.385745    0.027000
-30.000   -0.579761    0.347872    0.016188
-28.000   -0.560603    0.311481    0.005951
-26.000   -0.539455    0.276754   -0.003649
-24.000   -0.516572    0.243861   -0.012551
-22.000   -0.492269    0.212965   -0.020692
-20.000   -0.466942    0.184218   -0.028012
-18.000   -0.441109    0.157762   -0.034447
-16.000   -0.415478    0.133729   -0.039938
-14.000   -0.391075    0.112235   -0.044421
-12.000   -0.369501    0.093389   -0.047836
-10.000   -0.353344    0.077432   -0.049994
 -8.000   -0.346375    0.072372   -0.045544
 -6.000   -0.272145    0.023029   -0.081488
 -4.000    0.033200    0.013790   -0.101350
 -2.000    0.266400    0.010770   -0.105000
  0.000    0.493500    0.008300   -0.104000
  2.000    0.688100    0.009190   -0.101200
  4.000    0.884900    0.010860   -0.097400
  6.000    1.105905    0.013784   -0.090212
  8.000    1.168338    0.020585   -0.081604
 10.000    1.002070    0.034115   -0.082088
 12.000    0.897164    0.051154   -0.083391
 14.000    0.837306    0.070340   -0.085407
 16.000    0.799868    0.092224   -0.088121
 18.000    0.776736    0.116698   -0.091491
 20.000    0.762979    0.143644   -0.095477
 22.000    0.755407    0.172931   -0.100040
 24.000    0.751846    0.204416   -0.105141
 26.000    0.750758    0.237946   -0.110737
 28.000    0.751012    0.273358   -0.116791
 30.000    0.751757    0.310479   -0.123262
 32.000    0.752337    0.349129   -0.130109
 34.000    0.752238    0.389119   -0.137294
 36.000    0.751052    0.430256   -0.144776
 38.000    0.748454    0.472338   -0.152515
 40.000    0.744186    0.515161   -0.160471
 42.000    0.738041    0.558518   -0.168604
 44.000    0.729859    0.602195   -0.176875
 46.000    0.719518    0.645982   -0.185243
 48.000    0.706929    0.689665   -0.193668
 50.000    0.692033    0.733032   -0.202111
 52.000    0.674798    0.775871   -0.210531
 54.000    0.655217    0.817974   -0.218889
 56.000    0.633304    0.859137   -0.227145
 58.000    0.609096    0.899159   -0.235258
 60.000    0.582648    0.937845   -0.243190
 62.000    0.554032    0.975008   -0.250898
 64.000    0.523339    1.010466   -0.258345
 66.000    0.490674    1.044047   -0.265490
 68.000    0.456158    1.075589   -0.272293
 70.000    0.419923    1.104937   -0.278713
 72.000    0.382117    1.131949   -0.284712
 74.000    0.342895    1.156495   -0.290249
 76.000    0.302426    1.178453   -0.295284
 78.000    0.260888    1.197719   -0.299777
 80.000    0.218464    1.214198   -0.303689
 82.000    0.175348    1.227811   -0.306979
 84.000    0.131738    1.238492   -0.309608
 86.000    0.087838    1.246188   -0.311535
 88.000    0.043855    1.250864   -0.312720
 90.000    0.000000    1.252496   -0.313124
