Viterna extrapolated polar
 alpha from -90.0 to 90.0 deg
 BLEND_WIDTH = 6.000 deg

 alpha        Cl          Cd          Cm
 ------   ---------   ---------   ---------
-90.000   -0.000000    1.252496    0.313124
-88.000   -0.043719    1.252740    0.312527
-86.000   -0.087293    1.249938    0.310776
-84.000   -0.130512    1.244111    0.307928
-82.000   -0.173164    1.235293    0.304041
-80.000   -0.215046    1.223533    0.299175
-78.000   -0.255954    1.208896    0.293386
-76.000   -0.295693    1.191459    0.286732
-74.000   -0.334072    1.171313    0.279273
-72.000   -0.370908    1.148562    0.271065
-70.000   -0.406026    1.123324    0.262168
-68.000   -0.439262    1.095728    0.252639
-66.000   -0.470458    1.065913    0.242536
-64.000   -0.499471    1.034032    0.231918
-62.000   -0.526165    1.000246    0.220842
-60.000   -0.550421    0.964725    0.209366
-58.000   -0.572130    0.927647    0.197550
-56.000   -0.591197    0.889199    0.185450
-54.000   -0.607543    0.849573    0.173125
-52.000   -0.621100    0.808968    0.160633
-50.000   -0.631821    0.767588    0.148032
-48.000   -0.639670    0.725637    0.135380
-46.000   -0.644630    0.683327    0.122735
-44.000   -0.646702    0.640867    0.110156
-42.000   -0.645904    0.598469    0.097700
-40.000   -0.642270    0.556344    0.085426
-38.000   -0.635858    0.514701    0.073391
-36.000   -0.626744    0.473748    0.061655
-34.000   -0.615027    0.433688    0.050274
-32.000   -0.600830    0.394719    0.039307
-30.000   -0.584304    0.357036    0.028812
-28.000   -0.565632    0.320825    0.018847
-26.000   -0.545036    0.286265    0.009470
-24.000   -0.522787    0.253528    0.000740
-22.000   -0.499219    0.222776   -0.007286
-20.000   -0.474761    0.194162   -0.014549
-18.000   -0.449973    0.167826   -0.020992
-16.000   -0.425630    0.143901   -0.026556
-14.000   -0.402861    0.122503   -0.031183
-12.000   -0.383438    0.103739   -0.034816
-10.000   -0.370414    0.087702   -0.037395
 -8.000   -0.361312    0.077532   -0.037838
 -6.000   -0.378401    0.059058   -0.044108
 -4.000   -0.079463    0.020379   -0.082824
 -2.000    0.225600    0.015240   -0.102100
  0.000    0.477800    0.011790   -0.106500
  2.000    0.691400    0.012000   -0.104600
  4.000    0.888100    0.012990   -0.098900
  6.000    1.121285    0.015051   -0.091043
  8.000    1.159501    0.022455   -0.080304
 10.000    0.995076    0.035974   -0.080791
 12.000    0.891476    0.053000   -0.082101
 14.000    0.832495    0.072171   -0.084129
 16.000    0.795724    0.094038   -0.086857
 18.000    0.773118    0.118493   -0.090246
 20.000    0.759788    0.145418   -0.094255
 22.000    0.752570    0.174681   -0.098844
 24.000    0.749310    0.206140   -0.103973
 26.000    0.748480    0.239642   -0.109601
 28.000    0.748959    0.275024   -0.115689
 30.000    0.749903    0.312113   -0.122196
 32.000    0.750659    0.350729   -0.129082
 34.000    0.750718    0.390684   -0.136307
 36.000    0.749675    0.431783   -0.143830
 38.000    0.747208    0.473825   -0.151613
 40.000    0.743058    0.516607   -0.159613
 42.000    0.737021    0.559920   -0.167792
 44.000    0.728939    0.603553   -0.176110
 46.000    0.718689    0.647293   -0.184525
 48.000    0.706184    0.690928   -0.192997
 50.000    0.691366    0.734245   -0.201488
 52.000    0.674203    0.777033   -0.209955
 54.000    0.654689    0.819083   -0.218360
 56.000    0.632838    0.860192   -0.226662
 58.000    0.608687    0.900159   -0.234821
 60.000    0.582291    0.938788   -0.242797
 62.000    0.553724    0.975894   -0.250549
 64.000    0.523075    1.011293   -0.258038
 66.000    0.490451    1.044815   -0.265222
 68.000    0.455971    1.076296   -0.272063
 70.000    0.419770    1.105583   -0.278520
 72.000    0.381993    1.132533   -0.284553
 74.000    0.342797    1.157015   -0.290121
 76.000    0.302352    1.178910   -0.295184
 78.000    0.260833    1.198111   -0.299703
 80.000    0.218426    1.214526   -0.303636
 82.000    0.175324    1.228074   -0.306945
 84.000    0.131724    1.238689   -0.309588
 86.000    0.087832    1.246320   -0.311526
 88.000    0.043853    1.250930   -0.312718
 90.000    0.000000    1.252496   -0.313124
