Viterna extrapolated polar
 alpha from -90.0 to 90.0 deg
 BLEND_WIDTH = 6.000 deg

 alpha        Cl          Cd          Cm
 ------   ---------   ---------   ---------
-90.000   -0.000000    1.252496    0.313124
-88.000   -0.043713    1.252544    0.312513
-86.000   -0.087268    1.249546    0.310721
-84.000   -0.130455    1.243523    0.307807
-82.000   -0.173064    1.234511    0.303832
-80.000   -0.214888    1.222557    0.298855
-78.000   -0.255727    1.207727    0.292937
-76.000   -0.295382    1.190099    0.286138
-74.000   -0.333665    1.169763    0.278517
-72.000   -0.370391    1.146825    0.270134
-70.000   -0.405386    1.121401    0.261050
-68.000   -0.438483    1.093621    0.251325
-66.000   -0.469527    1.063627    0.241018
-64.000   -0.498371    1.031568    0.230190
-62.000   -0.524881    0.997607    0.218901
-60.000   -0.548936    0.961913    0.207210
-58.000   -0.570427    0.924667    0.195178
-56.000   -0.589257    0.886055    0.182865
-54.000   -0.605346    0.846268    0.170331
-52.000   -0.618626    0.805507    0.157635
-50.000   -0.629046    0.763974    0.144838
-48.000   -0.636570    0.721875    0.131999
-46.000   -0.641179    0.679421    0.119180
-44.000   -0.642870    0.636822    0.106439
-42.000   -0.641657    0.594290    0.093837
-40.000   -0.637573    0.552037    0.081433
-38.000   -0.630669    0.510271    0.069289
-36.000   -0.621015    0.469200    0.057463
-34.000   -0.608704    0.429027    0.046016
-32.000   -0.593848    0.389951    0.035008
-30.000   -0.576587    0.352167    0.024499
-28.000   -0.557089    0.315860    0.014549
-26.000   -0.535556    0.281212    0.005217
-24.000   -0.512231    0.248392   -0.003435
-22.000   -0.487413    0.217563   -0.011349
-20.000   -0.461479    0.188878   -0.018463
-18.000   -0.434915    0.162479   -0.024719
-16.000   -0.408384    0.138496   -0.030056
-14.000   -0.382840    0.117048   -0.034414
-12.000   -0.359764    0.098240   -0.037733
-10.000   -0.341611    0.082376   -0.039873
 -8.000   -0.334937    0.081376   -0.035671
 -6.000   -0.326589    0.053583   -0.046774
 -4.000   -0.073500    0.019260   -0.082900
 -2.000    0.224000    0.015240   -0.101700
  0.000    0.476000    0.011810   -0.106600
  2.000    0.688600    0.010890   -0.104100
  4.000    0.887850    0.012955   -0.099050
  6.000    1.074800    0.015060   -0.093200
  8.000    1.218230    0.021318   -0.078110
 10.000    1.259013    0.050953   -0.057604
 12.000    1.114458    0.067258   -0.058166
 14.000    1.015092    0.087086   -0.059674
 16.000    0.953015    0.108814   -0.062008
 18.000    0.910455    0.133112   -0.065146
 20.000    0.880926    0.159862   -0.069041
 22.000    0.860245    0.188933   -0.073644
 24.000    0.845583    0.220183   -0.078910
 26.000    0.834944    0.253458   -0.084789
 28.000    0.826874    0.288596   -0.091234
 30.000    0.820283    0.325425   -0.098199
 32.000    0.814337    0.363765   -0.105636
 34.000    0.808388    0.403427   -0.113497
 36.000    0.801922    0.444218   -0.121734
 38.000    0.794532    0.485938   -0.130301
 40.000    0.785893    0.528382   -0.139150
 42.000    0.775746    0.571343   -0.148233
 44.000    0.763889    0.614610   -0.157503
 46.000    0.750164    0.657971   -0.166912
 48.000    0.734453    0.701213   -0.176413
 50.000    0.716673    0.744125   -0.185959
 52.000    0.696772    0.786496   -0.195502
 54.000    0.674726    0.828118   -0.204994
 56.000    0.650535    0.868788   -0.214389
 58.000    0.624223    0.908304   -0.223638
 60.000    0.595836    0.946474   -0.232694
 62.000    0.565436    0.983110   -0.241510
 64.000    0.533107    1.018032   -0.250038
 66.000    0.498947    1.051067   -0.258231
 68.000    0.463072    1.082054   -0.266042
 70.000    0.425610    1.110840   -0.273422
 72.000    0.386704    1.137283   -0.280325
 74.000    0.346506    1.161252   -0.286702
 76.000    0.305182    1.182629   -0.292507
 78.000    0.262907    1.201307   -0.297692
 80.000    0.219863    1.217195   -0.302210
 82.000    0.176242    1.230213   -0.306012
 84.000    0.132240    1.240296   -0.309052
 86.000    0.088061    1.247392   -0.311283
 88.000    0.043911    1.251466   -0.312656
 90.000    0.000000    1.252496   -0.313124
