Viterna extrapolated polar
 alpha from -90.0 to 90.0 deg
 BLEND_WIDTH = 6.000 deg

 alpha        Cl          Cd          Cm
 ------   ---------   ---------   ---------
-90.000   -0.000000    1.252496    0.313124
-88.000   -0.043717    1.253159    0.312553
-86.000   -0.087286    1.250775    0.310878
-84.000   -0.130494    1.245365    0.308154
-82.000   -0.173134    1.236962    0.304436
-80.000   -0.214998    1.225616    0.299779
-78.000   -0.255885    1.211390    0.294239
-76.000   -0.295599    1.194360    0.287870
-74.000   -0.333948    1.174618    0.280729
-72.000   -0.370751    1.152268    0.272869
-70.000   -0.405832    1.127426    0.264347
-68.000   -0.439026    1.100220    0.255217
-66.000   -0.470176    1.070791    0.245536
-64.000   -0.499137    1.039290    0.235357
-62.000   -0.525776    1.005877    0.224736
-60.000   -0.549971    0.970721    0.213729
-58.000   -0.571613    0.934002    0.202391
-56.000   -0.590608    0.895905    0.190776
-54.000   -0.606876    0.856622    0.178941
-52.000   -0.620349    0.816352    0.166940
-50.000   -0.630978    0.775297    0.154829
-48.000   -0.638729    0.733662    0.142662
-46.000   -0.643583    0.691658    0.130495
-44.000   -0.645539    0.649494    0.118384
-42.000   -0.644615    0.607381    0.106383
-40.000   -0.640844    0.565531    0.094548
-38.000   -0.634283    0.524152    0.082933
-36.000   -0.625005    0.483451    0.071595
-34.000   -0.613107    0.443631    0.060588
-32.000   -0.598710    0.404890    0.049967
-30.000   -0.581961    0.367422    0.039788
-28.000   -0.563039    0.331414    0.030107
-26.000   -0.542158    0.297044    0.020977
-24.000   -0.519582    0.264484    0.012455
-22.000   -0.495635    0.233896    0.004595
-20.000   -0.470729    0.205431   -0.002546
-18.000   -0.445402    0.179232   -0.008915
-16.000   -0.420395    0.155429   -0.014455
-14.000   -0.396783    0.134140   -0.019112
-12.000   -0.376251    0.115470   -0.022830
-10.000   -0.361691    0.099513   -0.025554
 -8.000   -0.354941    0.087774   -0.027272
 -6.000   -0.380100    0.076040   -0.027800
 -4.000   -0.272327    0.041575   -0.050393
 -2.000   -0.049000    0.029020   -0.058300
  0.000    0.168800    0.027730   -0.066200
  2.000    0.476900    0.035010   -0.092900
  4.000    0.705600    0.041610   -0.100500
  6.000    0.981572    0.041379   -0.096448
  8.000    1.182363    0.018893   -0.079066
 10.000    1.013319    0.029668   -0.080717
 12.000    0.909742    0.043208   -0.082001
 14.000    0.847943    0.062457   -0.084030
 16.000    0.809030    0.084414   -0.086760
 18.000    0.784736    0.108971   -0.090150
 20.000    0.770036    0.136010   -0.094161
 22.000    0.761679    0.165398   -0.098752
 24.000    0.757455    0.196994   -0.103883
 26.000    0.755795    0.230644   -0.109514
 28.000    0.755551    0.266185   -0.115604
 30.000    0.755857    0.303443   -0.122114
 32.000    0.756046    0.342239   -0.129003
 34.000    0.755597    0.382384   -0.136231
 36.000    0.754095    0.423683   -0.143758
 38.000    0.751211    0.465936   -0.151543
 40.000    0.746681    0.508938   -0.159548
 42.000    0.740297    0.552480   -0.167730
 44.000    0.731895    0.596351   -0.176051
 46.000    0.721352    0.640339   -0.184469
 48.000    0.708576    0.684229   -0.192946
 50.000    0.693507    0.727809   -0.201440
 52.000    0.676112    0.770869   -0.209911
 54.000    0.656384    0.813199   -0.218320
 56.000    0.634335    0.854594   -0.226625
 58.000    0.610001    0.894853   -0.234788
 60.000    0.583437    0.933783   -0.242767
 62.000    0.554714    0.971193   -0.250522
 64.000    0.523924    1.006904   -0.258014
 66.000    0.491169    1.040743   -0.265202
 68.000    0.456572    1.072546   -0.272046
 70.000    0.420264    1.102159   -0.278505
 72.000    0.382391    1.129439   -0.284540
 74.000    0.343111    1.154255   -0.290111
 76.000    0.302591    1.176488   -0.295176
 78.000    0.261008    1.196030   -0.299697
 80.000    0.218548    1.212787   -0.303632
 82.000    0.175401    1.226680   -0.306942
 84.000    0.131768    1.237643   -0.309586
 86.000    0.087851    1.245622   -0.311525
 88.000    0.043858    1.250580   -0.312718
 90.000    0.000000    1.252496   -0.313124
