Viterna extrapolated polar
 alpha from -90.0 to 90.0 deg
 BLEND_WIDTH = 6.000 deg

 alpha        Cl          Cd          Cm
 ------   ---------   ---------   ---------
-90.000   -0.000000    1.252496    0.313124
-88.000   -0.043714    1.253165    0.312544
-86.000   -0.087275    1.250787    0.310841
-84.000   -0.130470    1.245383    0.308072
-82.000   -0.173090    1.236986    0.304294
-80.000   -0.214929    1.225646    0.299563
-78.000   -0.255785    1.211426    0.293935
-76.000   -0.295462    1.194403    0.287466
-74.000   -0.333770    1.174667    0.280214
-72.000   -0.370524    1.152322    0.272235
-70.000   -0.405551    1.127486    0.263585
-68.000   -0.438684    1.100286    0.254321
-66.000   -0.469767    1.070863    0.244500
-64.000   -0.498654    1.039367    0.234176
-62.000   -0.525212    1.005959    0.223409
-60.000   -0.549319    0.970809    0.212252
-58.000   -0.570866    0.934095    0.200764
-56.000   -0.589757    0.896003    0.189001
-54.000   -0.605912    0.856725    0.177019
-52.000   -0.619263    0.816460    0.164874
-50.000   -0.629761    0.775409    0.152624
-48.000   -0.637369    0.733779    0.140324
-46.000   -0.642069    0.691779    0.128031
-44.000   -0.643858    0.649620    0.115802
-42.000   -0.642752    0.607511    0.103692
-40.000   -0.638784    0.565665    0.091759
-38.000   -0.632007    0.524290    0.080060
-36.000   -0.622492    0.483592    0.068649
-34.000   -0.610333    0.443776    0.057585
-32.000   -0.595647    0.405039    0.046923
-30.000   -0.578576    0.367574    0.036720
-28.000   -0.559291    0.331569    0.027032
-26.000   -0.537999    0.297202    0.017916
-24.000   -0.514951    0.264644    0.009429
-22.000   -0.490456    0.234058    0.001626
-20.000   -0.464902    0.205596   -0.005435
-18.000   -0.438796    0.179399   -0.011699
-16.000   -0.412829    0.155597   -0.017108
-14.000   -0.388000    0.134310   -0.021606
-12.000   -0.365866    0.115642   -0.025138
-10.000   -0.349086    0.099686   -0.027645
 -8.000   -0.342567    0.089871   -0.028311
 -6.000   -0.350760    0.075566   -0.030426
 -4.000   -0.291416    0.050007   -0.045085
 -2.000   -0.056300    0.030860   -0.062000
  0.000    0.183800    0.029720   -0.073500
  2.000    0.480700    0.036860   -0.097200
  4.000    0.706600    0.043500   -0.103700
  6.000    0.896100    0.050670   -0.101200
  8.000    1.211500    0.041216   -0.077205
 10.000    1.249004    0.055033   -0.053361
 12.000    1.147540    0.078302   -0.042388
 14.000    1.038399    0.096578   -0.044127
 16.000    0.973092    0.118217   -0.046305
 18.000    0.927986    0.142415   -0.049369
 20.000    0.896388    0.169054   -0.053266
 22.000    0.873989    0.198003   -0.057944
 24.000    0.857872    0.229119   -0.063353
 26.000    0.845981    0.262250   -0.069440
 28.000    0.836819    0.297233   -0.076154
 30.000    0.829267    0.333897   -0.083443
 32.000    0.822466    0.372061   -0.091255
 34.000    0.815749    0.411537   -0.099539
 36.000    0.808591    0.452132   -0.108243
 38.000    0.800572    0.493647   -0.117315
 40.000    0.791360    0.535876   -0.126703
 42.000    0.780690    0.578613   -0.136357
 44.000    0.768351    0.621647   -0.146223
 46.000    0.754182    0.664766   -0.156252
 48.000    0.738061    0.707759   -0.166390
 50.000    0.719903    0.750413   -0.176586
 52.000    0.699653    0.792519   -0.186789
 54.000    0.677284    0.833868   -0.196946
 56.000    0.652794    0.874258   -0.207007
 58.000    0.626207    0.913488   -0.216919
 60.000    0.597564    0.951365   -0.226630
 62.000    0.566931    0.987702   -0.236090
 64.000    0.534387    1.022320   -0.245246
 66.000    0.500032    1.055046   -0.254047
 68.000    0.463979    1.085719   -0.262440
 70.000    0.426356    1.114186   -0.270375
 72.000    0.387305    1.140306   -0.277800
 74.000    0.346979    1.163948   -0.284662
 76.000    0.305543    1.184995   -0.290911
 78.000    0.263171    1.203341   -0.296494
 80.000    0.220046    1.218894   -0.301360
 82.000    0.176359    1.231574   -0.305457
 84.000    0.132306    1.241318   -0.308734
 86.000    0.088090    1.248075   -0.311138
 88.000    0.043918    1.251808   -0.312619
 90.000    0.000000    1.252496   -0.313124
