Viterna extrapolated polar
 alpha from -90.0 to 90.0 deg
 BLEND_WIDTH = 6.000 deg

 alpha        Cl          Cd          Cm
 ------   ---------   ---------   ---------
-90.000   -0.000000    1.252496    0.313124
-88.000   -0.043721    1.253637    0.312590
-86.000   -0.087300    1.251731    0.311024
-84.000   -0.130527    1.246797    0.308477
-82.000   -0.173191    1.238869    0.305001
-80.000   -0.215088    1.227995    0.300648
-78.000   -0.256015    1.214238    0.295469
-76.000   -0.295776    1.197675    0.289517
-74.000   -0.334180    1.178395    0.282842
-72.000   -0.371046    1.156502    0.275498
-70.000   -0.406197    1.132112    0.267535
-68.000   -0.439470    1.105353    0.259006
-66.000   -0.470707    1.076364    0.249962
-64.000   -0.499764    1.045296    0.240456
-62.000   -0.526508    1.012309    0.230538
-60.000   -0.550818    0.977572    0.220261
-58.000   -0.572585    0.941263    0.209676
-56.000   -0.591715    0.903567    0.198836
-54.000   -0.608129    0.864676    0.187791
-52.000   -0.621761    0.824787    0.176595
-50.000   -0.632562    0.784103    0.165298
-48.000   -0.640497    0.742830    0.153952
-46.000   -0.645552    0.701175    0.142610
-44.000   -0.647726    0.659349    0.131323
-42.000   -0.647037    0.617563    0.120143
-40.000   -0.643524    0.576027    0.109121
-38.000   -0.637243    0.534949    0.098310
-36.000   -0.628273    0.494535    0.087761
-34.000   -0.616715    0.454989    0.077526
-32.000   -0.602694    0.416509    0.067657
-30.000   -0.586364    0.379288    0.058205
-28.000   -0.567913    0.343511    0.049223
-26.000   -0.547567    0.309359    0.040761
-24.000   -0.525605    0.277001    0.032873
-22.000   -0.502371    0.246599    0.025610
-20.000   -0.478307    0.218306    0.019023
-18.000   -0.453994    0.192263    0.013164
-16.000   -0.430235    0.168600    0.008086
-14.000   -0.408206    0.147434    0.003839
-12.000   -0.389759    0.128872    0.000477
-10.000   -0.378085    0.113006   -0.001951
 -8.000   -0.374342    0.100448   -0.005567
 -6.000   -0.393099    0.085220   -0.008074
 -4.000   -0.308232    0.059736   -0.034796
 -2.000   -0.053300    0.032170   -0.066600
  0.000    0.193800    0.031070   -0.078900
  2.000    0.488200    0.038140   -0.101700
  4.000    0.716300    0.044590   -0.108200
  6.000    0.892700    0.051650   -0.103400
  8.000    1.217200    0.035640   -0.091650
 10.000    1.158550    0.053250   -0.053617
 12.000    1.236833    0.069311   -0.036222
 14.000    1.119770    0.092968   -0.041446
 16.000    1.043416    0.112439   -0.041834
 18.000    0.989388    0.136699   -0.044458
 20.000    0.950548    0.163406   -0.047983
 22.000    0.922130    0.192430   -0.052355
 24.000    0.900915    0.223628   -0.057518
 26.000    0.884639    0.256848   -0.063418
 28.000    0.871654    0.291926   -0.070000
 30.000    0.860733    0.328691   -0.077209
 32.000    0.850936    0.366963   -0.084990
 34.000    0.841533    0.406554   -0.093288
 36.000    0.831950    0.447269   -0.102049
 38.000    0.821730    0.488910   -0.111218
 40.000    0.810511    0.531271   -0.120740
 42.000    0.798003    0.574146   -0.130559
 44.000    0.783977    0.617323   -0.140622
 46.000    0.768254    0.660591   -0.150874
 48.000    0.750700    0.703737   -0.161259
 50.000    0.731218    0.746549   -0.171723
 52.000    0.709743    0.788818   -0.182211
 54.000    0.686242    0.830335   -0.192668
 56.000    0.660706    0.870897   -0.203040
 58.000    0.633153    0.910303   -0.213271
 60.000    0.603620    0.948360   -0.223307
 62.000    0.572167    0.984881   -0.233092
 64.000    0.538872    1.019685   -0.242573
 66.000    0.503831    1.052601   -0.251693
 68.000    0.467154    1.083467   -0.260400
 70.000    0.428967    1.112130   -0.268636
 72.000    0.389411    1.138448   -0.276349
 74.000    0.348637    1.162291   -0.283482
 76.000    0.306809    1.183541   -0.289982
 78.000    0.264098    1.202091   -0.295793
 80.000    0.220689    1.217850   -0.300860
 82.000    0.176769    1.230738   -0.305129
 84.000    0.132536    1.240690   -0.308544
 86.000    0.088192    1.247655   -0.311052
 88.000    0.043944    1.251598   -0.312597
 90.000    0.000000    1.252496   -0.313124
