Viterna extrapolated polar
 alpha from -90.0 to 90.0 deg
 BLEND_WIDTH = 6.000 deg

 alpha        Cl          Cd          Cm
 ------   ---------   ---------   ---------
-90.000   -0.000000    1.252496    0.313124
-88.000   -0.043713    1.252615    0.312506
-86.000   -0.087269    1.249688    0.310691
-84.000   -0.130456    1.243736    0.307740
-82.000   -0.173065    1.234794    0.303714
-80.000   -0.214890    1.222911    0.298673
-78.000   -0.255729    1.208151    0.292678
-76.000   -0.295386    1.190591    0.285790
-74.000   -0.333670    1.170324    0.278068
-72.000   -0.370397    1.147454    0.269574
-70.000   -0.405393    1.122097    0.260369
-68.000   -0.438492    1.094384    0.250512
-66.000   -0.469537    1.064455    0.240064
-64.000   -0.498383    1.032460    0.229086
-62.000   -0.524896    0.998562    0.217639
-60.000   -0.548953    0.962931    0.205783
-58.000   -0.570446    0.925746    0.193579
-56.000   -0.589279    0.887193    0.181086
-54.000   -0.605370    0.847465    0.168367
-52.000   -0.618654    0.806760    0.155481
-50.000   -0.629077    0.765282    0.142489
-48.000   -0.636605    0.723237    0.129452
-46.000   -0.641219    0.680835    0.116429
-44.000   -0.642914    0.638287    0.103483
-42.000   -0.641706    0.595803    0.090673
-40.000   -0.637627    0.553596    0.078059
-38.000   -0.630728    0.511875    0.065703
-36.000   -0.621080    0.470847    0.053666
-34.000   -0.608775    0.430715    0.042006
-32.000   -0.593927    0.391678    0.030786
-30.000   -0.576675    0.353930    0.020066
-28.000   -0.557186    0.317658    0.009906
-26.000   -0.535663    0.283041    0.000367
-24.000   -0.512350    0.250252   -0.008490
-22.000   -0.487547    0.219451   -0.016605
-20.000   -0.461629    0.190792   -0.023918
-18.000   -0.435086    0.164416   -0.030367
-16.000   -0.408580    0.140453   -0.035892
-14.000   -0.383067    0.119023   -0.040434
-12.000   -0.360032    0.100231   -0.043929
-10.000   -0.342007    0.084171   -0.046320
 -8.000   -0.338514    0.073559   -0.045656
 -6.000   -0.320847    0.052220   -0.054633
 -4.000   -0.026000    0.015880   -0.093000
 -2.000    0.258900    0.012330   -0.105600
  0.000    0.483500    0.009470   -0.105500
  2.000    0.690500    0.010060   -0.102700
  4.000    0.885800    0.011550   -0.098000
  6.000    1.128269    0.012183   -0.090569
  8.000    1.181664    0.015875   -0.080322
 10.000    1.001226    0.025594   -0.082582
 12.000    0.901544    0.041051   -0.084285
 14.000    0.841010    0.060318   -0.086373
 16.000    0.803058    0.082295   -0.089146
 18.000    0.779522    0.106874   -0.092565
 20.000    0.765437    0.133938   -0.096591
 22.000    0.757591    0.163354   -0.101185
 24.000    0.753799    0.194980   -0.106306
 26.000    0.752512    0.228662   -0.111915
 28.000    0.752592    0.264238   -0.117974
 30.000    0.753185    0.301534   -0.124441
 32.000    0.753629    0.340369   -0.131279
 34.000    0.753407    0.380556   -0.138448
 36.000    0.752112    0.421899   -0.145907
 38.000    0.749414    0.464199   -0.153618
 40.000    0.745055    0.507249   -0.161541
 42.000    0.738827    0.550841   -0.169636
 44.000    0.730568    0.594765   -0.177865
 46.000    0.720157    0.638807   -0.186188
 48.000    0.707502    0.682754   -0.194565
 50.000    0.692546    0.726392   -0.202956
 52.000    0.675256    0.769511   -0.211323
 54.000    0.655623    0.811903   -0.219626
 56.000    0.633663    0.853361   -0.227825
 58.000    0.609411    0.893685   -0.235882
 60.000    0.582922    0.932680   -0.243755
 62.000    0.554270    0.970158   -0.251407
 64.000    0.523543    1.005938   -0.258797
 66.000    0.490847    1.039846   -0.265887
 68.000    0.456302    1.071720   -0.272636
 70.000    0.420042    1.101404   -0.279005
 72.000    0.382212    1.128758   -0.284955
 74.000    0.342970    1.153647   -0.290446
 76.000    0.302484    1.175954   -0.295439
 78.000    0.260930    1.195571   -0.299894
 80.000    0.218493    1.212405   -0.303772
 82.000    0.175367    1.226374   -0.307034
 84.000    0.131749    1.237412   -0.309639
 86.000    0.087842    1.245468   -0.311549
 88.000    0.043856    1.250503   -0.312724
 90.000    0.000000    1.252496   -0.313124
