Viterna extrapolated polar
 alpha from -90.0 to 90.0 deg
 BLEND_WIDTH = 6.000 deg

 alpha        Cl          Cd          Cm
 ------   ---------   ---------   ---------
-90.000   -0.000000    1.252496    0.313124
-88.000   -0.043716    1.252840    0.312546
-86.000   -0.087283    1.250139    0.310849
-84.000   -0.130489    1.244411    0.308089
-82.000   -0.173124    1.235693    0.304321
-80.000   -0.214983    1.224032    0.299602
-78.000   -0.255863    1.209493    0.293987
-76.000   -0.295569    1.192154    0.287532
-74.000   -0.333909    1.172104    0.280292
-72.000   -0.370701    1.149450    0.272325
-70.000   -0.405770    1.124306    0.263684
-68.000   -0.438950    1.096804    0.254426
-66.000   -0.470086    1.067082    0.244607
-64.000   -0.499031    1.035292    0.234283
-62.000   -0.525652    1.001595    0.223509
-60.000   -0.549827    0.966161    0.212341
-58.000   -0.571449    0.929169    0.200835
-56.000   -0.590421    0.890805    0.189047
-54.000   -0.606663    0.851261    0.177032
-52.000   -0.620110    0.810737    0.164846
-50.000   -0.630710    0.769434    0.152545
-48.000   -0.638430    0.727559    0.140185
-46.000   -0.643249    0.685322    0.127822
-44.000   -0.645169    0.642933    0.115510
-42.000   -0.644204    0.600603    0.103307
-40.000   -0.640391    0.558544    0.091268
-38.000   -0.633782    0.516965    0.079448
-36.000   -0.624452    0.476072    0.067904
-34.000   -0.612497    0.436069    0.056691
-32.000   -0.598036    0.397155    0.045864
-30.000   -0.581216    0.359523    0.035481
-28.000   -0.562214    0.323361    0.025596
-26.000   -0.541242    0.288846    0.016265
-24.000   -0.518562    0.256152    0.007544
-22.000   -0.494495    0.225439   -0.000511
-20.000   -0.469446    0.196861   -0.007845
-18.000   -0.443948    0.170558   -0.014401
-16.000   -0.418729    0.146662   -0.020124
-14.000   -0.394849    0.125290   -0.024958
-12.000   -0.373964    0.106549   -0.028848
-10.000   -0.358916    0.090531   -0.031737
 -8.000   -0.355099    0.078163   -0.033481
 -6.000   -0.379221    0.068313   -0.033172
 -4.000   -0.227908    0.028207   -0.058184
 -2.000    0.129100    0.020890   -0.088000
  0.000    0.427500    0.017460   -0.103300
  2.000    0.674600    0.016790   -0.106800
  4.000    0.889400    0.016950   -0.102700
  6.000    1.099554    0.017883   -0.093984
  8.000    1.208605    0.023615   -0.076728
 10.000    1.068084    0.035579   -0.076086
 12.000    0.944459    0.053303   -0.077252
 14.000    0.877302    0.072471   -0.079157
 16.000    0.834321    0.094335   -0.081794
 18.000    0.806818    0.118787   -0.085122
 20.000    0.789513    0.145708   -0.089099
 22.000    0.778992    0.174967   -0.093683
 24.000    0.772934    0.206423   -0.098833
 26.000    0.769697    0.239920   -0.104506
 28.000    0.768078    0.275297   -0.110662
 30.000    0.767173    0.312381   -0.117258
 32.000    0.766285    0.350991   -0.124253
 34.000    0.764870    0.390940   -0.131605
 36.000    0.762496    0.432033   -0.139273
 38.000    0.758820    0.474069   -0.147214
 40.000    0.753569    0.516844   -0.155387
 42.000    0.746524    0.560150   -0.163750
 44.000    0.737515    0.603775   -0.172262
 46.000    0.726412    0.647508   -0.180880
 48.000    0.713121    0.691135   -0.189564
 50.000    0.697576    0.734443   -0.198272
 52.000    0.679741    0.777223   -0.206961
 54.000    0.659605    0.819265   -0.215590
 56.000    0.637180    0.860365   -0.224117
 58.000    0.612499    0.900322   -0.232501
 60.000    0.585615    0.938943   -0.240701
 62.000    0.556598    0.976039   -0.248673
 64.000    0.525537    1.011429   -0.256377
 66.000    0.492536    1.044941   -0.263771
 68.000    0.457714    1.076412   -0.270812
 70.000    0.421203    1.105688   -0.277461
 72.000    0.383149    1.132628   -0.283674
 74.000    0.343707    1.157100   -0.289410
 76.000    0.303046    1.178985   -0.294627
 78.000    0.261342    1.198176   -0.299284
 80.000    0.218779    1.214580   -0.303339
 82.000    0.175549    1.228117   -0.306751
 84.000    0.131851    1.238721   -0.309476
 86.000    0.087888    1.246342   -0.311475
 88.000    0.043868    1.250941   -0.312705
 90.000    0.000000    1.252496   -0.313124
