Viterna extrapolated polar
 alpha from -90.0 to 90.0 deg
 BLEND_WIDTH = 6.000 deg

 alpha        Cl          Cd          Cm
 ------   ---------   ---------   ---------
-90.000   -0.000000    1.252496    0.313124
-88.000   -0.043712    1.253002    0.312502
-86.000   -0.087266    1.250462    0.310675
-84.000   -0.130451    1.244896    0.307707
-82.000   -0.173056    1.236338    0.303660
-80.000   -0.214877    1.224837    0.298594
-78.000   -0.255710    1.210457    0.292572
-76.000   -0.295360    1.193275    0.285657
-74.000   -0.333635    1.173382    0.277909
-72.000   -0.370353    1.150882    0.269391
-70.000   -0.405339    1.125892    0.260164
-68.000   -0.438426    1.098540    0.250292
-66.000   -0.469459    1.068967    0.239835
-64.000   -0.498290    1.037324    0.228855
-62.000   -0.524787    1.003771    0.217415
-60.000   -0.548828    0.968479    0.205576
-58.000   -0.570302    0.931625    0.193400
-56.000   -0.589115    0.893397    0.180950
-54.000   -0.605185    0.853986    0.168287
-52.000   -0.618445    0.813591    0.155473
-50.000   -0.628843    0.772414    0.142569
-48.000   -0.636343    0.730661    0.129639
-46.000   -0.640927    0.688542    0.116744
-44.000   -0.642590    0.646267    0.103945
-42.000   -0.641347    0.604048    0.091305
-40.000   -0.637230    0.562095    0.078885
-38.000   -0.630289    0.520618    0.066749
-36.000   -0.620596    0.479822    0.054956
-34.000   -0.608241    0.439912    0.043570
-32.000   -0.593337    0.401087    0.032653
-30.000   -0.576022    0.363538    0.022265
-28.000   -0.556464    0.327454    0.012470
-26.000   -0.534862    0.293013    0.003329
-24.000   -0.511458    0.260387   -0.005097
-22.000   -0.486549    0.229737   -0.012744
-20.000   -0.460507    0.201217   -0.019551
-18.000   -0.433813    0.174967   -0.025457
-16.000   -0.407122    0.151118   -0.030399
-14.000   -0.381375    0.129788   -0.034315
-12.000   -0.358031    0.111083   -0.037143
-10.000   -0.338628    0.093785   -0.038876
 -8.000   -0.325972    0.080221   -0.041122
 -6.000   -0.255024    0.044210   -0.067207
 -4.000    0.030300    0.013730   -0.100500
 -2.000    0.267000    0.010740   -0.105100
  0.000    0.470400    0.008220   -0.103800
  2.000    0.687500    0.009060   -0.101400
  4.000    0.884500    0.010750   -0.097800
  6.000    1.118055    0.010008   -0.089641
  8.000    1.124674    0.026307   -0.081639
 10.000    0.994781    0.010930   -0.082876
 12.000    0.897328    0.025710   -0.084285
 14.000    0.837444    0.045100   -0.086373
 16.000    0.799987    0.067218   -0.089146
 18.000    0.776840    0.091958   -0.092565
 20.000    0.763071    0.119200   -0.096591
 22.000    0.755488    0.148812   -0.101185
 24.000    0.751919    0.180652   -0.106306
 26.000    0.750823    0.214565   -0.111915
 28.000    0.751071    0.250389   -0.117974
 30.000    0.751810    0.287951   -0.124441
 32.000    0.752385    0.327068   -0.131279
 34.000    0.752281    0.367553   -0.138448
 36.000    0.751091    0.409211   -0.145907
 38.000    0.748490    0.451839   -0.153618
 40.000    0.744218    0.495234   -0.161541
 42.000    0.738071    0.539186   -0.169636
 44.000    0.729886    0.583483   -0.177865
 46.000    0.719542    0.627912   -0.186188
 48.000    0.706950    0.672259   -0.194565
 50.000    0.692052    0.716311   -0.202956
 52.000    0.674815    0.759855   -0.211323
 54.000    0.655232    0.802684   -0.219626
 56.000    0.633317    0.844590   -0.227825
 58.000    0.609108    0.885374   -0.235882
 60.000    0.582658    0.924838   -0.243755
 62.000    0.554041    0.962795   -0.251407
 64.000    0.523347    0.999062   -0.258797
 66.000    0.490681    1.033467   -0.265887
 68.000    0.456163    1.065844   -0.272636
 70.000    0.419928    1.096040   -0.279005
 72.000    0.382120    1.123911   -0.284955
 74.000    0.342898    1.149324   -0.290446
 76.000    0.302429    1.172160   -0.295439
 78.000    0.260889    1.192311   -0.299894
 80.000    0.218465    1.209681   -0.303772
 82.000    0.175349    1.224191   -0.307034
 84.000    0.131738    1.235773   -0.309639
 86.000    0.087838    1.244374   -0.311549
 88.000    0.043855    1.249956   -0.312724
 90.000    0.000000    1.252496   -0.313124
