Viterna extrapolated polar
 alpha from -90.0 to 90.0 deg
 BLEND_WIDTH = 6.000 deg

 alpha        Cl          Cd          Cm
 ------   ---------   ---------   ---------
-90.000   -0.000000    1.252496    0.313124
-88.000   -0.043710    1.252959    0.312493
-86.000   -0.087258    1.250377    0.310643
-84.000   -0.130432    1.244768    0.307637
-82.000   -0.173022    1.236168    0.303536
-80.000   -0.214823    1.224625    0.298404
-78.000   -0.255633    1.210203    0.292304
-76.000   -0.295255    1.192979    0.285298
-74.000   -0.333498    1.173045    0.277449
-72.000   -0.370178    1.150504    0.268820
-70.000   -0.405122    1.125474    0.259473
-68.000   -0.438162    1.098082    0.249472
-66.000   -0.469143    1.068470    0.238878
-64.000   -0.497917    1.036788    0.227755
-62.000   -0.524352    1.003197    0.216165
-60.000   -0.548324    0.967867    0.204172
-58.000   -0.569725    0.930978    0.191838
-56.000   -0.588457    0.892713    0.179225
-54.000   -0.604440    0.853268    0.166396
-52.000   -0.617606    0.812838    0.153415
-50.000   -0.627902    0.771628    0.140343
-48.000   -0.635293    0.729843    0.127244
-46.000   -0.639757    0.687693    0.114180
-44.000   -0.641291    0.645388    0.101215
-42.000   -0.639908    0.603140    0.088410
-40.000   -0.635638    0.561159    0.075828
-38.000   -0.628531    0.519654    0.063533
-36.000   -0.618655    0.478833    0.051586
-34.000   -0.606098    0.438899    0.040052
-32.000   -0.590971    0.400050    0.028992
-30.000   -0.573407    0.362479    0.018469
-28.000   -0.553569    0.326374    0.008545
-26.000   -0.531649    0.291914   -0.000715
-24.000   -0.507881    0.259270   -0.009250
-22.000   -0.482548    0.228604   -0.016997
-20.000   -0.456006    0.200068   -0.023893
-18.000   -0.428710    0.173804   -0.029876
-16.000   -0.401277    0.149943   -0.034882
-14.000   -0.374590    0.128602   -0.038850
-12.000   -0.350008    0.109887   -0.041715
-10.000   -0.326663    0.095943   -0.042517
 -8.000   -0.317935    0.080056   -0.044762
 -6.000   -0.304664    0.059019   -0.057107
 -4.000   -0.005200    0.015840   -0.094000
 -2.000    0.260400    0.012210   -0.105100
  0.000    0.483400    0.009460   -0.105500
  2.000    0.699300    0.010100   -0.102500
  4.000    0.885700    0.011520   -0.098100
  6.000    1.097220    0.014073   -0.091007
  8.000    1.188900    0.019960   -0.078600
 10.000    1.032152    0.032337   -0.078640
 12.000    0.918452    0.049895   -0.080220
 14.000    0.855309    0.069091   -0.082183
 16.000    0.815375    0.090986   -0.084861
 18.000    0.790276    0.115473   -0.088213
 20.000    0.774923    0.142434   -0.092198
 22.000    0.766023    0.171737   -0.096774
 24.000    0.761338    0.203240   -0.101902
 26.000    0.759283    0.236789   -0.107541
 28.000    0.758694    0.272221   -0.113649
 30.000    0.758696    0.309364   -0.120186
 32.000    0.758615    0.348037   -0.127110
 34.000    0.757923    0.388052   -0.134382
 36.000    0.756203    0.429214   -0.141960
 38.000    0.753120    0.471323   -0.149803
 40.000    0.748409    0.514175   -0.157871
 42.000    0.741859    0.557560   -0.166123
 44.000    0.733305    0.601269   -0.174518
 46.000    0.722621    0.645087   -0.183015
 48.000    0.709716    0.688803   -0.191573
 50.000    0.694528    0.732204   -0.200151
 52.000    0.677023    0.775078   -0.208709
 54.000    0.657192    0.817217   -0.217206
 56.000    0.635049    0.858417   -0.225601
 58.000    0.610628    0.898476   -0.233852
 60.000    0.583983    0.937201   -0.241921
 62.000    0.555187    0.974403   -0.249764
 64.000    0.524328    1.009901   -0.257342
 66.000    0.491512    1.043524   -0.264614
 68.000    0.456858    1.075107   -0.271538
 70.000    0.420499    1.104497   -0.278075
 72.000    0.382581    1.131552   -0.284183
 74.000    0.343261    1.156140   -0.289822
 76.000    0.302705    1.178142   -0.294950
 78.000    0.261092    1.197451   -0.299526
 80.000    0.218606    1.213975   -0.303511
 82.000    0.175438    1.227632   -0.306863
 84.000    0.131789    1.238357   -0.309541
 86.000    0.087860    1.246099   -0.311504
 88.000    0.043861    1.250819   -0.312712
 90.000    0.000000    1.252496   -0.313124
