Viterna extrapolated polar
 alpha from -90.0 to 90.0 deg
 BLEND_WIDTH = 6.000 deg

 alpha        Cl          Cd          Cm
 ------   ---------   ---------   ---------
-90.000   -0.000000    1.252496    0.313124
-88.000   -0.043731    1.251936    0.312503
-86.000   -0.087341    1.248332    0.310682
-84.000   -0.130618    1.241704    0.307719
-82.000   -0.173355    1.232088    0.303678
-80.000   -0.215344    1.219535    0.298617
-78.000   -0.256384    1.204109    0.292597
-76.000   -0.296280    1.185888    0.285680
-74.000   -0.334840    1.164966    0.277925
-72.000   -0.371884    1.141446    0.269393
-70.000   -0.407237    1.115448    0.260146
-68.000   -0.440734    1.087102    0.250243
-66.000   -0.472220    1.056548    0.239745
-64.000   -0.501550    1.023938    0.228713
-62.000   -0.528594    0.989436    0.217208
-60.000   -0.553229    0.953211    0.205289
-58.000   -0.575351    0.915444    0.193018
-56.000   -0.594866    0.876322    0.180456
-54.000   -0.611696    0.836038    0.167662
-52.000   -0.625779    0.794792    0.154698
-50.000   -0.637067    0.752786    0.141624
-48.000   -0.645530    0.710229    0.128500
-46.000   -0.651156    0.667331    0.115388
-44.000   -0.653948    0.624303    0.102349
-42.000   -0.653932    0.581356    0.089441
-40.000   -0.651150    0.538704    0.076727
-38.000   -0.645669    0.496556    0.064267
-36.000   -0.637575    0.455119    0.052121
-34.000   -0.626982    0.414598    0.040350
-32.000   -0.614031    0.375192    0.029015
-30.000   -0.598894    0.337094    0.018176
-28.000   -0.581785    0.300493    0.007895
-26.000   -0.562961    0.265569   -0.001770
-24.000   -0.542745    0.232492   -0.010756
-22.000   -0.521541    0.201426   -0.019003
-20.000   -0.499874    0.172524   -0.026451
-18.000   -0.478445    0.145927   -0.033039
-16.000   -0.458238    0.121766   -0.038706
-14.000   -0.440715    0.100160   -0.043392
-12.000   -0.428200    0.081216   -0.047036
-10.000   -0.424740    0.065025   -0.049578
 -8.000   -0.427752    0.059428   -0.047462
 -6.000   -0.398106    0.029364   -0.065966
 -4.000   -0.047439    0.021363   -0.094480
 -2.000    0.257200    0.016010   -0.112800
  0.000    0.512100    0.012250   -0.117200
  2.000    0.735600    0.012310   -0.116700
  4.000    0.936500    0.013440   -0.111800
  6.000    1.123400    0.015520   -0.105500
  8.000    1.224000    0.023065   -0.085500
 10.000    1.251828    0.040121   -0.053737
 12.000    1.236891    0.064598   -0.046802
 14.000    1.110246    0.083000   -0.049815
 16.000    1.034982    0.104765   -0.051744
 18.000    0.982024    0.129106   -0.054560
 20.000    0.944053    0.155904   -0.058214
 22.000    0.916357    0.185028   -0.062652
 24.000    0.895753    0.216335   -0.067824
 26.000    0.880003    0.249673   -0.073679
 28.000    0.867477    0.284878   -0.080164
 30.000    0.856959    0.321778   -0.087228
 32.000    0.847521    0.360193   -0.094820
 34.000    0.838440    0.399936   -0.102889
 36.000    0.829148    0.440811   -0.111382
 38.000    0.819193    0.482619   -0.120248
 40.000    0.808215    0.525156   -0.129436
 42.000    0.795927    0.568213   -0.138895
 44.000    0.782103    0.611580   -0.148572
 46.000    0.766566    0.655045   -0.158417
 48.000    0.749184    0.698395   -0.168377
 50.000    0.729861    0.741418   -0.178402
 52.000    0.708533    0.783903   -0.188439
 54.000    0.685168    0.825643   -0.198438
 56.000    0.659758    0.866432   -0.208347
 58.000    0.632320    0.906072   -0.218115
 60.000    0.602894    0.944368   -0.227689
 62.000    0.571539    0.981133   -0.237019
 64.000    0.538335    1.016185   -0.246052
 66.000    0.503375    1.049354   -0.254739
 68.000    0.466773    1.080476   -0.263026
 70.000    0.428654    1.109399   -0.270862
 72.000    0.389159    1.135981   -0.278197
 74.000    0.348438    1.160091   -0.284978
 76.000    0.306657    1.181610   -0.291154
 78.000    0.263987    1.200432   -0.296674
 80.000    0.220611    1.216464   -0.301486
 82.000    0.176720    1.229627   -0.305538
 84.000    0.132509    1.239855   -0.308780
 86.000    0.088180    1.247098   -0.311159
 88.000    0.043940    1.251319   -0.312624
 90.000    0.000000    1.252496   -0.313124
