Viterna extrapolated polar
 alpha from -90.0 to 90.0 deg
 BLEND_WIDTH = 6.000 deg

 alpha        Cl          Cd          Cm
 ------   ---------   ---------   ---------
-90.000   -0.000000    1.252496    0.313124
-88.000   -0.043739    1.252019    0.312487
-86.000   -0.087374    1.248497    0.310619
-84.000   -0.130693    1.241952    0.307583
-82.000   -0.173488    1.232418    0.303440
-80.000   -0.215552    1.219946    0.298254
-78.000   -0.256685    1.204601    0.292088
-76.000   -0.296690    1.186461    0.285003
-74.000   -0.335378    1.165619    0.277064
-72.000   -0.372567    1.142179    0.268333
-70.000   -0.408084    1.116259    0.258873
-68.000   -0.441763    1.087989    0.248745
-66.000   -0.473451    1.057511    0.238014
-64.000   -0.503004    1.024977    0.226741
-62.000   -0.530291    0.990548    0.214990
-60.000   -0.555193    0.954396    0.202824
-58.000   -0.577603    0.916700    0.190304
-56.000   -0.597431    0.877647    0.177494
-54.000   -0.614601    0.837431    0.164457
-52.000   -0.629050    0.796251    0.151255
-50.000   -0.640735    0.754309    0.137951
-48.000   -0.649628    0.711815    0.124608
-46.000   -0.655718    0.668977    0.111288
-44.000   -0.659014    0.626007    0.098055
-42.000   -0.659545    0.583117    0.084970
-40.000   -0.657359    0.540519    0.072098
-38.000   -0.652528    0.498423    0.059499
-36.000   -0.645148    0.457036    0.047239
-34.000   -0.635341    0.416562    0.035378
-32.000   -0.623261    0.377201    0.023980
-30.000   -0.609096    0.339146    0.013107
-28.000   -0.593078    0.302586    0.002823
-26.000   -0.575494    0.267698   -0.006810
-24.000   -0.556699    0.234657   -0.015730
-22.000   -0.537148    0.203623   -0.023872
-20.000   -0.517432    0.174750   -0.031176
-18.000   -0.498351    0.148180   -0.037578
-16.000   -0.481037    0.124044   -0.043015
-14.000   -0.467182    0.102459   -0.047424
-12.000   -0.459497    0.083534   -0.050743
-10.000   -0.460238    0.068505   -0.052448
 -8.000   -0.474555    0.060954   -0.049888
 -6.000   -0.401530    0.041781   -0.072209
 -4.000   -0.006000    0.022960   -0.110300
 -2.000    0.298900    0.017460   -0.127900
  0.000    0.562600    0.013020   -0.132900
  2.000    0.806100    0.012750   -0.135800
  4.000    1.012500    0.014170   -0.131900
  6.000    1.197700    0.016480   -0.124800
  8.000    1.280800    0.022420   -0.101600
 10.000    1.372038    0.034286   -0.078834
 12.000    1.365451    0.049470   -0.067029
 14.000    1.232498    0.067848   -0.068174
 16.000    1.135647    0.089513   -0.069992
 18.000    1.069919    0.114016   -0.072343
 20.000    1.021579    0.140994   -0.075503
 22.000    0.985267    0.170317   -0.079421
 24.000    0.957367    0.201840   -0.084048
 26.000    0.935339    0.235412   -0.089335
 28.000    0.917341    0.270868   -0.095234
 30.000    0.902002    0.308037   -0.101695
 32.000    0.888275    0.346737   -0.108668
 34.000    0.875348    0.386782   -0.116105
 36.000    0.862585    0.427975   -0.123957
 38.000    0.849480    0.470116   -0.132174
 40.000    0.835629    0.513001   -0.140708
 42.000    0.820711    0.556422   -0.149508
 44.000    0.804471    0.600167   -0.158527
 46.000    0.786710    0.644023   -0.167714
 48.000    0.767276    0.687778   -0.177022
 50.000    0.746057    0.731219   -0.186400
 52.000    0.722977    0.774135   -0.195799
 54.000    0.697991    0.816317   -0.205171
 56.000    0.671084    0.857560   -0.214466
 58.000    0.642263    0.897664   -0.223635
 60.000    0.611562    0.936435   -0.232629
 62.000    0.579035    0.973684   -0.241399
 64.000    0.544755    1.009230   -0.249895
 66.000    0.508813    1.042901   -0.258069
 68.000    0.471318    1.074533   -0.265872
 70.000    0.432392    1.103973   -0.273254
 72.000    0.392174    1.131078   -0.280166
 74.000    0.350812    1.155717   -0.286559
 76.000    0.308468    1.177771   -0.292384
 78.000    0.265314    1.197133   -0.297592
 80.000    0.221531    1.213709   -0.302133
 82.000    0.177307    1.227419   -0.305959
 84.000    0.132838    1.238197   -0.309020
 86.000    0.088326    1.245992   -0.311267
 88.000    0.043977    1.250765   -0.312652
 90.000    0.000000    1.252496   -0.313124
