Viterna extrapolated polar
 alpha from -90.0 to 90.0 deg
 BLEND_WIDTH = 6.000 deg

 alpha        Cl          Cd          Cm
 ------   ---------   ---------   ---------
-90.000   -0.000000    1.252496    0.313124
-88.000   -0.043718    1.251601    0.312381
-86.000   -0.087288    1.247661    0.310199
-84.000   -0.130501    1.240698    0.306652
-82.000   -0.173145    1.230749    0.301814
-80.000   -0.215015    1.217864    0.295758
-78.000   -0.255910    1.202108    0.288557
-76.000   -0.295632    1.183560    0.280284
-74.000   -0.333993    1.162313    0.271012
-72.000   -0.370807    1.138473    0.260816
-70.000   -0.405902    1.112157    0.249767
-68.000   -0.439111    1.083497    0.237940
-66.000   -0.470277    1.052634    0.225408
-64.000   -0.499257    1.019720    0.212243
-62.000   -0.525916    0.984918    0.198520
-60.000   -0.550133    0.948400    0.184311
-58.000   -0.571799    0.910345    0.169690
-56.000   -0.590820    0.870941    0.154731
-54.000   -0.607115    0.830382    0.139505
-52.000   -0.620619    0.788867    0.124087
-50.000   -0.631281    0.746601    0.108550
-48.000   -0.639067    0.703790    0.092968
-46.000   -0.643960    0.660646    0.077413
-44.000   -0.645957    0.617380    0.061958
-42.000   -0.645078    0.574205    0.046678
-40.000   -0.641357    0.531333    0.031645
-38.000   -0.634849    0.488973    0.016932
-36.000   -0.625630    0.447334    0.002613
-34.000   -0.613797    0.406620   -0.011238
-32.000   -0.599472    0.367031   -0.024549
-30.000   -0.582804    0.328761   -0.037246
-28.000   -0.563971    0.291997   -0.049257
-26.000   -0.543193    0.256919   -0.060507
-24.000   -0.520734    0.223701   -0.070923
-22.000   -0.496924    0.192504   -0.080433
-20.000   -0.472179    0.163481   -0.088962
-18.000   -0.447046    0.136775   -0.096438
-16.000   -0.422277    0.112516   -0.102788
-14.000   -0.398969    0.090823   -0.107937
-12.000   -0.378835    0.071803   -0.111813
-10.000   -0.364593    0.056565   -0.113248
 -8.000   -0.365422    0.045924   -0.111295
 -6.000   -0.201887    0.029590   -0.126722
 -4.000    0.148600    0.022280   -0.144100
 -2.000    0.450600    0.018620   -0.157000
  0.000    0.667600    0.018150   -0.153600
  2.000    0.859500    0.018910   -0.146000
  4.000    1.031200    0.020260   -0.134800
  6.000    1.191900    0.022400   -0.122800
  8.000    1.348000    0.026450   -0.112800
 10.000    1.473300    0.031610   -0.099700
 12.000    1.572900    0.038910   -0.086500
 14.000    1.655200    0.048870   -0.075500
 16.000    1.709013    0.061469   -0.063768
 18.000    1.628743    0.083768   -0.059678
 20.000    1.531874    0.106230   -0.057836
 22.000    1.441556    0.135326   -0.059442
 24.000    1.365338    0.167364   -0.062523
 26.000    1.301744    0.201493   -0.066552
 28.000    1.247516    0.237547   -0.071466
 30.000    1.200248    0.275355   -0.077200
 32.000    1.158119    0.314734   -0.083691
 34.000    1.119730    0.355495   -0.090874
 36.000    1.083986    0.397444   -0.098686
 38.000    1.050022    0.440378   -0.107061
 40.000    1.017148    0.484092   -0.115937
 42.000    0.984815    0.528377   -0.125249
 44.000    0.952579    0.573020   -0.134934
 46.000    0.920090    0.617808   -0.144926
 48.000    0.887069    0.662526   -0.155163
 50.000    0.853299    0.706961   -0.165580
 52.000    0.818616    0.750901   -0.176113
 54.000    0.782902    0.794135   -0.186698
 56.000    0.746079    0.836457   -0.197271
 58.000    0.708102    0.877666   -0.207767
 60.000    0.668960    0.917566   -0.218124
 62.000    0.628668    0.955967   -0.228277
 64.000    0.587266    0.992686   -0.238161
 66.000    0.544819    1.027551   -0.247714
 68.000    0.501411    1.060396   -0.256870
 70.000    0.457144    1.091066   -0.265566
 72.000    0.412137    1.119416   -0.273737
 74.000    0.366527    1.145315   -0.281321
 76.000    0.320461    1.168641   -0.288252
 78.000    0.274101    1.189286   -0.294466
 80.000    0.227619    1.207155   -0.299900
 82.000    0.181196    1.222167   -0.304490
 84.000    0.135023    1.234252   -0.308171
 86.000    0.089296    1.243359   -0.310880
 88.000    0.044219    1.249448   -0.312552
 90.000    0.000000    1.252496   -0.313124
