Viterna extrapolated polar
 alpha from -90.0 to 90.0 deg
 BLEND_WIDTH = 6.000 deg

 alpha        Cl          Cd          Cm
 ------   ---------   ---------   ---------
-90.000   -0.000000    1.252496    0.313124
-88.000   -0.043722    1.253630    0.312557
-86.000   -0.087307    1.251717    0.310892
-84.000   -0.130543    1.246776    0.308185
-82.000   -0.173221    1.238841    0.304491
-80.000   -0.215134    1.227960    0.299864
-78.000   -0.256082    1.214197    0.294360
-76.000   -0.295867    1.197626    0.288034
-74.000   -0.334300    1.178340    0.280941
-72.000   -0.371197    1.156440    0.273135
-70.000   -0.406385    1.132043    0.264673
-68.000   -0.439698    1.105277    0.255608
-66.000   -0.470980    1.076282    0.245996
-64.000   -0.500087    1.045208    0.235893
-62.000   -0.526885    1.012214    0.225352
-60.000   -0.551254    0.977471    0.214430
-58.000   -0.573085    0.941156    0.203180
-56.000   -0.592285    0.903454    0.191659
-54.000   -0.608774    0.864558    0.179921
-52.000   -0.622487    0.824663    0.168022
-50.000   -0.633376    0.783974    0.156016
-48.000   -0.641407    0.742695    0.143958
-46.000   -0.646564    0.701036    0.131904
-44.000   -0.648850    0.659205    0.119908
-42.000   -0.648283    0.617414    0.108025
-40.000   -0.644902    0.575872    0.096312
-38.000   -0.638766    0.534790    0.084822
-36.000   -0.629954    0.494372    0.073610
-34.000   -0.618570    0.454823    0.062732
-32.000   -0.604742    0.416339    0.052243
-30.000   -0.588628    0.379114    0.042198
-28.000   -0.570419    0.343334    0.032652
-26.000   -0.550349    0.309178    0.023659
-24.000   -0.528702    0.276817    0.015276
-22.000   -0.505835    0.246413    0.007556
-20.000   -0.482204    0.218117    0.000556
-18.000   -0.458412    0.192072   -0.005671
-16.000   -0.435295    0.168406   -0.011068
-14.000   -0.414080    0.147239   -0.015581
-12.000   -0.396705    0.128675   -0.019155
-10.000   -0.386515    0.112808   -0.021735
 -8.000   -0.384929    0.101217   -0.023078
 -6.000   -0.413802    0.083361   -0.031967
 -4.000   -0.098838    0.033043   -0.106770
 -2.000    0.238900    0.027280   -0.129000
  0.000    0.537000    0.022270   -0.138700
  2.000    0.819400    0.018470   -0.144600
  4.000    1.057200    0.019310   -0.145200
  6.000    1.253500    0.022170   -0.139400
  8.000    1.386200    0.024960   -0.122700
 10.000    1.448100    0.030490   -0.098500
 12.000    1.524387    0.041028   -0.080270
 14.000    1.447434    0.060047   -0.075003
 16.000    1.309623    0.081703   -0.076952
 18.000    1.221825    0.106289   -0.078771
 20.000    1.155567    0.133360   -0.081425
 22.000    1.104365    0.162783   -0.084865
 24.000    1.063853    0.194418   -0.089041
 26.000    1.030975    0.228109   -0.093902
 28.000    1.003521    0.263694   -0.099400
 30.000    0.979848    0.301001   -0.105484
 32.000    0.958708    0.339847   -0.112104
 34.000    0.939135    0.380046   -0.119210
 36.000    0.920374    0.421401   -0.126753
 38.000    0.901824    0.463714   -0.134682
 40.000    0.883008    0.506777   -0.142948
 42.000    0.863544    0.550384   -0.151501
 44.000    0.843129    0.594322   -0.160291
 46.000    0.821524    0.638379   -0.169268
 48.000    0.798543    0.682342   -0.178382
 50.000    0.774048    0.725997   -0.187584
 52.000    0.747940    0.769133   -0.196822
 54.000    0.720154    0.811541   -0.206049
 56.000    0.690658    0.853017   -0.215213
 58.000    0.659448    0.893359   -0.224265
 60.000    0.626544    0.932373   -0.233154
 62.000    0.591990    0.969869   -0.241832
 64.000    0.555851    1.005668   -0.250248
 66.000    0.518211    1.039596   -0.258352
 68.000    0.479173    1.071489   -0.266094
 70.000    0.438853    1.101194   -0.273425
 72.000    0.397384    1.128567   -0.280294
 74.000    0.354914    1.153478   -0.286652
 76.000    0.311598    1.175806   -0.292449
 78.000    0.267608    1.195443   -0.297635
 80.000    0.223120    1.212298   -0.302160
 82.000    0.178322    1.226288   -0.305974
 84.000    0.133409    1.237348   -0.309027
 86.000    0.088580    1.245425   -0.311270
 88.000    0.044040    1.250482   -0.312652
 90.000    0.000000    1.252496   -0.313124
