Viterna extrapolated polar
 alpha from -90.0 to 90.0 deg
 BLEND_WIDTH = 6.000 deg

 alpha        Cl          Cd          Cm
 ------   ---------   ---------   ---------
-90.000   -0.000000    1.252496    0.313124
-88.000   -0.043717    1.253163    0.312555
-86.000   -0.087284    1.250783    0.310884
-84.000   -0.130492    1.245377    0.308167
-82.000   -0.173129    1.236979    0.304459
-80.000   -0.214990    1.225637    0.299815
-78.000   -0.255873    1.211415    0.294289
-76.000   -0.295583    1.194389    0.287937
-74.000   -0.333927    1.174652    0.280814
-72.000   -0.370724    1.152305    0.272975
-70.000   -0.405799    1.127467    0.264476
-68.000   -0.438986    1.100266    0.255370
-66.000   -0.470128    1.070841    0.245714
-64.000   -0.499080    1.039343    0.235562
-62.000   -0.525710    1.005933    0.224970
-60.000   -0.549894    0.970782    0.213992
-58.000   -0.571526    0.934066    0.202683
-56.000   -0.590509    0.895973    0.191099
-54.000   -0.606763    0.856693    0.179295
-52.000   -0.620222    0.816426    0.167326
-50.000   -0.630836    0.775374    0.155247
-48.000   -0.638570    0.733743    0.143112
-46.000   -0.643406    0.691742    0.130977
-44.000   -0.645342    0.649581    0.118898
-42.000   -0.644396    0.607471    0.106929
-40.000   -0.640603    0.565623    0.095125
-38.000   -0.634016    0.524247    0.083541
-36.000   -0.624711    0.483548    0.072232
-34.000   -0.612783    0.443731    0.061254
-32.000   -0.598352    0.404993    0.050662
-30.000   -0.581565    0.367527    0.040510
-28.000   -0.562600    0.331521    0.030854
-26.000   -0.541671    0.297153    0.021748
-24.000   -0.519040    0.264594    0.013249
-22.000   -0.495029    0.234008    0.005410
-20.000   -0.470047    0.205545   -0.001713
-18.000   -0.444629    0.179347   -0.008065
-16.000   -0.419509    0.155545   -0.013591
-14.000   -0.395755    0.134257   -0.018235
-12.000   -0.375035    0.115588   -0.021943
-10.000   -0.360216    0.099632   -0.024660
 -8.000   -0.354335    0.087911   -0.026462
 -6.000   -0.377600    0.076160   -0.026900
 -4.000   -0.272140    0.041612   -0.050141
 -2.000   -0.048600    0.029000   -0.058400
  0.000    0.168400    0.027700   -0.066100
  2.000    0.476900    0.034990   -0.093000
  4.000    0.705900    0.041570   -0.100500
  6.000    0.984631    0.042237   -0.097008
  8.000    1.198569    0.023178   -0.081121
 10.000    1.021761    0.037229   -0.083852
 12.000    0.919160    0.051589   -0.086169
 14.000    0.855907    0.070771   -0.088161
 16.000    0.815891    0.092650   -0.090842
 18.000    0.790726    0.117120   -0.094171
 20.000    0.775320    0.144061   -0.098109
 22.000    0.766376    0.173343   -0.102617
 24.000    0.761654    0.204822   -0.107656
 26.000    0.759566    0.238345   -0.113185
 28.000    0.758949    0.273750   -0.119165
 30.000    0.758927    0.310864   -0.125558
 32.000    0.758824    0.349505   -0.132323
 34.000    0.758112    0.389487   -0.139420
 36.000    0.756374    0.430615   -0.146812
 38.000    0.753275    0.472688   -0.154457
 40.000    0.748550    0.515502   -0.162317
 42.000    0.741986    0.558847   -0.170352
 44.000    0.733420    0.602515   -0.178522
 46.000    0.722725    0.646291   -0.186789
 48.000    0.709809    0.689962   -0.195113
 50.000    0.694611    0.733317   -0.203453
 52.000    0.677097    0.776144   -0.211772
 54.000    0.657258    0.818235   -0.220029
 56.000    0.635107    0.859385   -0.228185
 58.000    0.610679    0.899394   -0.236200
 60.000    0.584028    0.938067   -0.244035
 62.000    0.555225    0.975216   -0.251651
 64.000    0.524361    1.010661   -0.259008
 66.000    0.491540    1.044228   -0.266066
 68.000    0.456881    1.075755   -0.272786
 70.000    0.420518    1.105089   -0.279129
 72.000    0.382597    1.132087   -0.285056
 74.000    0.343273    1.156617   -0.290526
 76.000    0.302715    1.178561   -0.295500
 78.000    0.261099    1.197811   -0.299939
 80.000    0.218610    1.214275   -0.303803
 82.000    0.175441    1.227873   -0.307053
 84.000    0.131791    1.238538   -0.309650
 86.000    0.087861    1.246219   -0.311554
 88.000    0.043861    1.250879   -0.312725
 90.000    0.000000    1.252496   -0.313124
