Viterna extrapolated polar
 alpha from -90.0 to 90.0 deg
 BLEND_WIDTH = 6.000 deg

 alpha        Cl          Cd          Cm
 ------   ---------   ---------   ---------
-90.000   -0.000000    1.252496    0.313124
-88.000   -0.043717    1.252575    0.312515
-86.000   -0.087286    1.249608    0.310728
-84.000   -0.130495    1.243616    0.307823
-82.000   -0.173135    1.234634    0.303860
-80.000   -0.215000    1.222711    0.298897
-78.000   -0.255887    1.207912    0.292995
-76.000   -0.295602    1.190313    0.286214
-74.000   -0.333952    1.170008    0.278612
-72.000   -0.370756    1.147099    0.270250
-70.000   -0.405838    1.121705    0.261187
-68.000   -0.439033    1.093954    0.251483
-66.000   -0.470185    1.063988    0.241198
-64.000   -0.499148    1.031957    0.230391
-62.000   -0.525788    0.998023    0.219121
-60.000   -0.549985    0.962357    0.207449
-58.000   -0.571630    0.925138    0.195434
-56.000   -0.590627    0.886551    0.183136
-54.000   -0.606897    0.846790    0.170614
-52.000   -0.620373    0.806053    0.157928
-50.000   -0.631006    0.764544    0.145137
-48.000   -0.638759    0.722469    0.132302
-46.000   -0.643617    0.680037    0.119482
-44.000   -0.645577    0.637461    0.106737
-42.000   -0.644656    0.594950    0.094125
-40.000   -0.640891    0.552717    0.081708
-38.000   -0.634334    0.510970    0.069543
-36.000   -0.625061    0.469918    0.057692
-34.000   -0.613170    0.429763    0.046214
-32.000   -0.598779    0.390704    0.035168
-30.000   -0.582037    0.352936    0.024614
-28.000   -0.563123    0.316644    0.014612
-26.000   -0.542252    0.282009    0.005221
-24.000   -0.519686    0.249202   -0.003498
-22.000   -0.495751    0.218386   -0.011488
-20.000   -0.470860    0.189712   -0.018687
-18.000   -0.445550    0.163323   -0.025036
-16.000   -0.420565    0.139349   -0.030476
-14.000   -0.396980    0.117909   -0.034946
-12.000   -0.376484    0.099108   -0.038388
-10.000   -0.361974    0.083039   -0.040741
 -8.000   -0.360199    0.075875   -0.038849
 -6.000   -0.344595    0.048897   -0.052248
 -4.000   -0.004500    0.016150   -0.095100
 -2.000    0.267500    0.012100   -0.105300
  0.000    0.483900    0.009490   -0.105400
  2.000    0.699700    0.010180   -0.102300
  4.000    0.886000    0.011600   -0.097900
  6.000    1.126853    0.011784   -0.089980
  8.000    1.068376    0.033270   -0.079311
 10.000    0.935262    0.026746   -0.082112
 12.000    0.848521    0.042864   -0.083603
 14.000    0.796170    0.062117   -0.085774
 16.000    0.764432    0.084077   -0.088625
 18.000    0.745796    0.108637   -0.092116
 20.000    0.735689    0.135680   -0.096208
 22.000    0.731149    0.165073   -0.100863
 24.000    0.730157    0.196673   -0.106039
 26.000    0.731279    0.230328   -0.111700
 28.000    0.733459    0.265874   -0.117804
 30.000    0.735901    0.303139   -0.124313
 32.000    0.737991    0.341941   -0.131188
 34.000    0.739246    0.382093   -0.138389
 36.000    0.739281    0.423399   -0.145877
 38.000    0.737793    0.465659   -0.153613
 40.000    0.734536    0.508669   -0.161558
 42.000    0.729317    0.552219   -0.169672
 44.000    0.721986    0.596099   -0.177916
 46.000    0.712427    0.640095   -0.186251
 48.000    0.700560    0.683994   -0.194637
 50.000    0.686331    0.727584   -0.203035
 52.000    0.669713    0.770653   -0.211407
 54.000    0.650702    0.812992   -0.219712
 56.000    0.629317    0.854397   -0.227912
 58.000    0.605596    0.894667   -0.235967
 60.000    0.579596    0.933607   -0.243838
 62.000    0.551394    0.971029   -0.251486
 64.000    0.521079    1.006750   -0.258871
 66.000    0.488760    1.040600   -0.265954
 68.000    0.454558    1.072414   -0.272697
 70.000    0.418608    1.102038   -0.279059
 72.000    0.381055    1.129330   -0.285001
 74.000    0.342060    1.154158   -0.290485
 76.000    0.301789    1.176403   -0.295470
 78.000    0.260421    1.195957   -0.299918
 80.000    0.218140    1.212727   -0.303790
 82.000    0.175141    1.226632   -0.307045
 84.000    0.131622    1.237606   -0.309646
 86.000    0.087786    1.245597   -0.311552
 88.000    0.043842    1.250568   -0.312724
 90.000    0.000000    1.252496   -0.313124
