Viterna extrapolated polar
 alpha from -90.0 to 90.0 deg
 BLEND_WIDTH = 6.000 deg

 alpha        Cl          Cd          Cm
 ------   ---------   ---------   ---------
-90.000   -0.000000    1.252496    0.313124
-88.000   -0.043710    1.252276    0.312505
-86.000   -0.087257    1.249010    0.310687
-84.000   -0.130430    1.242720    0.307731
-82.000   -0.173020    1.233441    0.303698
-80.000   -0.214820    1.221222    0.298648
-78.000   -0.255628    1.206129    0.292642
-76.000   -0.295247    1.188239    0.285740
-74.000   -0.333488    1.167644    0.278002
-72.000   -0.370166    1.144449    0.269489
-70.000   -0.405107    1.118772    0.260262
-68.000   -0.438144    1.090742    0.250381
-66.000   -0.469120    1.060500    0.239906
-64.000   -0.497891    1.028198    0.228899
-62.000   -0.524321    0.993998    0.217418
-60.000   -0.548289    0.958070    0.205526
-58.000   -0.569684    0.920594    0.193282
-56.000   -0.588411    0.881756    0.180747
-54.000   -0.604388    0.841750    0.167981
-52.000   -0.617547    0.800774    0.155046
-50.000   -0.627836    0.759032    0.142000
-48.000   -0.635219    0.716731    0.128906
-46.000   -0.639675    0.674081    0.115823
-44.000   -0.641199    0.631293    0.102811
-42.000   -0.639806    0.588578    0.089932
-40.000   -0.635525    0.546148    0.077246
-38.000   -0.628407    0.504213    0.064813
-36.000   -0.618518    0.462981    0.052694
-34.000   -0.605946    0.422654    0.040949
-32.000   -0.590803    0.383432    0.029639
-30.000   -0.573222    0.345510    0.018824
-28.000   -0.553364    0.309073    0.008565
-26.000   -0.531422    0.274302   -0.001078
-24.000   -0.507628    0.241369   -0.010045
-22.000   -0.482265    0.210436   -0.018274
-20.000   -0.455687    0.181655   -0.025705
-18.000   -0.428349    0.155168   -0.032279
-16.000   -0.400864    0.131107   -0.037933
-14.000   -0.374110    0.109589   -0.042609
-12.000   -0.349441    0.090721   -0.046245
-10.000   -0.329152    0.074595   -0.048781
 -8.000   -0.326626    0.069169   -0.045499
 -6.000   -0.303133    0.047386   -0.055681
 -4.000   -0.008893    0.016149   -0.094078
 -2.000    0.258900    0.012320   -0.105600
  0.000    0.478000    0.009420   -0.105200
  2.000    0.690400    0.010060   -0.102700
  4.000    0.885800    0.011540   -0.098000
  6.000    1.090187    0.013926   -0.091300
  8.000    1.190800    0.019850   -0.078800
 10.000    1.033813    0.032380   -0.079181
 12.000    0.919693    0.049786   -0.080418
 14.000    0.856358    0.068983   -0.082380
 16.000    0.816279    0.090879   -0.085056
 18.000    0.791066    0.115368   -0.088405
 20.000    0.775619    0.142330   -0.092386
 22.000    0.766642    0.171634   -0.096959
 24.000    0.761891    0.203138   -0.102082
 26.000    0.759780    0.236689   -0.107716
 28.000    0.759142    0.272123   -0.113819
 30.000    0.759100    0.309267   -0.120350
 32.000    0.758981    0.347942   -0.127269
 34.000    0.758255    0.387960   -0.134534
 36.000    0.756503    0.429124   -0.142106
 38.000    0.753392    0.471236   -0.149943
 40.000    0.748655    0.514090   -0.158004
 42.000    0.742082    0.557478   -0.166249
 44.000    0.733506    0.601189   -0.174636
 46.000    0.722802    0.645010   -0.183126
 48.000    0.709878    0.688729   -0.191676
 50.000    0.694673    0.732132   -0.200248
 52.000    0.677153    0.775009   -0.208798
 54.000    0.657307    0.817152   -0.217288
 56.000    0.635151    0.858354   -0.225675
 58.000    0.610717    0.898417   -0.233920
 60.000    0.584061    0.937145   -0.241981
 62.000    0.555254    0.974351   -0.249818
 64.000    0.524386    1.009853   -0.257390
 66.000    0.491561    1.043478   -0.264655
 68.000    0.456899    1.075065   -0.271574
 70.000    0.420533    1.104459   -0.278105
 72.000    0.382608    1.131517   -0.284208
 74.000    0.343282    1.156109   -0.289842
 76.000    0.302722    1.178115   -0.294965
 78.000    0.261104    1.197428   -0.299538
 80.000    0.218614    1.213955   -0.303519
 82.000    0.175444    1.227616   -0.306868
 84.000    0.131792    1.238345   -0.309544
 86.000    0.087862    1.246091   -0.311506
 88.000    0.043861    1.250815   -0.312713
 90.000    0.000000    1.252496   -0.313124
