Viterna extrapolated polar
 alpha from -90.0 to 90.0 deg
 BLEND_WIDTH = 6.000 deg

 alpha        Cl          Cd          Cm
 ------   ---------   ---------   ---------
-90.000   -0.000000    1.252496    0.313124
-88.000   -0.043721    1.252805    0.312536
-86.000   -0.087300    1.250067    0.310811
-84.000   -0.130527    1.244304    0.308004
-82.000   -0.173192    1.235550    0.304174
-80.000   -0.215089    1.223854    0.299376
-78.000   -0.256016    1.209280    0.293668
-76.000   -0.295778    1.191906    0.287107
-74.000   -0.334183    1.171822    0.279750
-72.000   -0.371049    1.149133    0.271653
-70.000   -0.406202    1.123956    0.262873
-68.000   -0.439475    1.096420    0.253468
-66.000   -0.470713    1.066665    0.243494
-64.000   -0.499772    1.034842    0.233007
-62.000   -0.526517    1.001114    0.222066
-60.000   -0.550828    0.965648    0.210726
-58.000   -0.572596    0.928626    0.199045
-56.000   -0.591728    0.890232    0.187080
-54.000   -0.608144    0.850659    0.174887
-52.000   -0.621777    0.810106    0.162524
-50.000   -0.632580    0.768775    0.150046
-48.000   -0.640518    0.726873    0.137512
-46.000   -0.645575    0.684610    0.124978
-44.000   -0.647751    0.642196    0.112500
-42.000   -0.647066    0.599842    0.100137
-40.000   -0.643555    0.557759    0.087944
-38.000   -0.637278    0.516157    0.075979
-36.000   -0.628312    0.475243    0.064298
-34.000   -0.616757    0.435220    0.052958
-32.000   -0.602741    0.396286    0.042017
-30.000   -0.586416    0.358636    0.031530
-28.000   -0.567970    0.322456    0.021556
-26.000   -0.547631    0.287925    0.012151
-24.000   -0.525675    0.255216    0.003371
-22.000   -0.502450    0.224489   -0.004726
-20.000   -0.478396    0.195898   -0.012083
-18.000   -0.454095    0.169583   -0.018644
-16.000   -0.430350    0.145677   -0.024352
-14.000   -0.408340    0.124296   -0.029150
-12.000   -0.389917    0.105546   -0.032980
-10.000   -0.378277    0.089522   -0.035787
 -8.000   -0.377323    0.077883   -0.037133
 -6.000   -0.408200    0.065950   -0.038100
 -4.000   -0.218798    0.028835   -0.061526
 -2.000    0.134800    0.021050   -0.089400
  0.000    0.429300    0.017570   -0.103400
  2.000    0.674900    0.016890   -0.106300
  4.000    0.889600    0.017210   -0.102400
  6.000    1.080100    0.018360   -0.094700
  8.000    1.228389    0.032174   -0.072330
 10.000    1.279965    0.053302   -0.053148
 12.000    1.157395    0.076543   -0.042807
 14.000    1.058425    0.094772   -0.047110
 16.000    0.990343    0.116428   -0.049264
 18.000    0.943048    0.140645   -0.052294
 20.000    0.909674    0.167305   -0.056147
 22.000    0.885799    0.196277   -0.060774
 24.000    0.868431    0.227419   -0.066123
 26.000    0.855464    0.260577   -0.072143
 28.000    0.845365    0.295590   -0.078782
 30.000    0.836986    0.332285   -0.085990
 32.000    0.829450    0.370482   -0.093716
 34.000    0.822074    0.409994   -0.101907
 36.000    0.814321    0.450627   -0.110515
 38.000    0.805762    0.492180   -0.119486
 40.000    0.796058    0.534450   -0.128771
 42.000    0.784937    0.577230   -0.138317
 44.000    0.772184    0.620308   -0.148074
 46.000    0.757634    0.663473   -0.157991
 48.000    0.741162    0.706513   -0.168017
 50.000    0.722679    0.749217   -0.178100
 52.000    0.702128    0.791373   -0.188190
 54.000    0.679481    0.832774   -0.198234
 56.000    0.654735    0.873217   -0.208183
 58.000    0.627911    0.912502   -0.217985
 60.000    0.599050    0.950435   -0.227589
 62.000    0.568215    0.986829   -0.236944
 64.000    0.535488    1.021504   -0.245999
 66.000    0.500964    1.054289   -0.254702
 68.000    0.464758    1.085021   -0.263002
 70.000    0.426997    1.113549   -0.270849
 72.000    0.387822    1.139730   -0.278191
 74.000    0.347386    1.163435   -0.284978
 76.000    0.305854    1.184545   -0.291157
 78.000    0.263399    1.202954   -0.296678
 80.000    0.220204    1.218571   -0.301490
 82.000    0.176459    1.231315   -0.305542
 84.000    0.132362    1.241124   -0.308783
 86.000    0.088115    1.247945   -0.311160
 88.000    0.043924    1.251743   -0.312625
 90.000    0.000000    1.252496   -0.313124
