Viterna extrapolated polar
 alpha from -90.0 to 90.0 deg
 BLEND_WIDTH = 6.000 deg

 alpha        Cl          Cd          Cm
 ------   ---------   ---------   ---------
-90.000   -0.000000    1.252496    0.313124
-88.000   -0.043722    1.253556    0.312591
-86.000   -0.087304    1.251570    0.311028
-84.000   -0.130536    1.246556    0.308486
-82.000   -0.173209    1.238548    0.305016
-80.000   -0.215115    1.227595    0.300671
-78.000   -0.256054    1.213759    0.295502
-76.000   -0.295829    1.197118    0.289561
-74.000   -0.334250    1.177760    0.282900
-72.000   -0.371134    1.155790    0.275569
-70.000   -0.406307    1.131324    0.267622
-68.000   -0.439603    1.104490    0.259109
-66.000   -0.470867    1.075427    0.250082
-64.000   -0.499953    1.044286    0.240593
-62.000   -0.526728    1.011227    0.230694
-60.000   -0.551072    0.976420    0.220436
-58.000   -0.572877    0.940042    0.209872
-56.000   -0.592048    0.902278    0.199052
-54.000   -0.608505    0.863322    0.188028
-52.000   -0.622185    0.823369    0.176853
-50.000   -0.633037    0.782623    0.165578
-48.000   -0.641028    0.741289    0.154254
-46.000   -0.646143    0.699575    0.142933
-44.000   -0.648382    0.657692    0.131667
-42.000   -0.647765    0.615851    0.120508
-40.000   -0.644329    0.574262    0.109507
-38.000   -0.638132    0.533133    0.098717
-36.000   -0.629255    0.492672    0.088188
-34.000   -0.617798    0.453080    0.077972
-32.000   -0.603890    0.414556    0.068121
-30.000   -0.587686    0.377293    0.058687
-28.000   -0.569377    0.341477    0.049722
-26.000   -0.549191    0.307288    0.041277
-24.000   -0.527413    0.274896    0.033404
-22.000   -0.504394    0.244463    0.026154
-20.000   -0.480583    0.216141    0.019580
-18.000   -0.456574    0.190072    0.013732
-16.000   -0.433189    0.166385    0.008663
-14.000   -0.411636    0.145199    0.004425
-12.000   -0.393815    0.126619    0.001068
-10.000   -0.383008    0.110738   -0.001354
 -8.000   -0.378840    0.098507   -0.005267
 -6.000   -0.408530    0.085485   -0.004915
 -4.000   -0.323643    0.057491   -0.032389
 -2.000   -0.054700    0.031500   -0.064300
  0.000    0.186800    0.030300   -0.075700
  2.000    0.484100    0.037480   -0.099400
  4.000    0.710400    0.044100   -0.105900
  6.000    0.908200    0.050490   -0.103700
  8.000    1.186100    0.040930   -0.080900
 10.000    1.216631    0.053416   -0.054116
 12.000    1.238195    0.079847   -0.040194
 14.000    1.111134    0.099427   -0.042058
 16.000    1.040611    0.119798   -0.043283
 18.000    0.986939    0.143979   -0.045994
 20.000    0.948388    0.170599   -0.049590
 22.000    0.920210    0.199527   -0.054018
 24.000    0.899198    0.230621   -0.059223
 26.000    0.883097    0.263728   -0.065151
 28.000    0.870265    0.298685   -0.071748
 30.000    0.859478    0.335321   -0.078960
 32.000    0.849800    0.373455   -0.086732
 34.000    0.840504    0.412900   -0.095012
 36.000    0.831018    0.453463   -0.103745
 38.000    0.820887    0.494942   -0.112876
 40.000    0.809748    0.537136   -0.122352
 42.000    0.797313    0.579835   -0.132118
 44.000    0.783354    0.622830   -0.142121
 46.000    0.767693    0.665908   -0.152306
 48.000    0.750196    0.708859   -0.162620
 50.000    0.730766    0.751470   -0.173008
 52.000    0.709341    0.793531   -0.183417
 54.000    0.685885    0.834835   -0.193791
 56.000    0.660391    0.875177   -0.204078
 58.000    0.632876    0.914359   -0.214223
 60.000    0.603379    0.952187   -0.224172
 62.000    0.571959    0.988474   -0.233871
 64.000    0.538694    1.023041   -0.243266
 66.000    0.503679    1.055715   -0.252302
 68.000    0.467027    1.086335   -0.260926
 70.000    0.428863    1.114748   -0.269084
 72.000    0.389327    1.140814   -0.276722
 74.000    0.348571    1.164401   -0.283785
 76.000    0.306758    1.185393   -0.290220
 78.000    0.264061    1.203683   -0.295972
 80.000    0.220663    1.219179   -0.300988
 82.000    0.176753    1.231803   -0.305213
 84.000    0.132527    1.241490   -0.308593
 86.000    0.088188    1.248189   -0.311074
 88.000    0.043943    1.251865   -0.312603
 90.000    0.000000    1.252496   -0.313124
