Viterna extrapolated polar
 alpha from -90.0 to 90.0 deg
 BLEND_WIDTH = 6.000 deg

 alpha        Cl          Cd          Cm
 ------   ---------   ---------   ---------
-90.000   -0.000000    1.252496    0.313124
-88.000   -0.043715    1.252706    0.312541
-86.000   -0.087277    1.249870    0.310828
-84.000   -0.130476    1.244008    0.308042
-82.000   -0.173101    1.235156    0.304240
-80.000   -0.214947    1.223362    0.299477
-78.000   -0.255811    1.208691    0.293811
-76.000   -0.295497    1.191220    0.287296
-74.000   -0.333815    1.171041    0.279990
-72.000   -0.370582    1.148257    0.271949
-70.000   -0.405623    1.122986    0.263228
-68.000   -0.438771    1.095358    0.253886
-66.000   -0.469871    1.065512    0.243976
-64.000   -0.498777    1.033600    0.233557
-62.000   -0.525356    0.999783    0.222684
-60.000   -0.549485    0.964231    0.211413
-58.000   -0.571056    0.927124    0.199801
-56.000   -0.589974    0.888647    0.187904
-54.000   -0.606158    0.848993    0.175778
-52.000   -0.619540    0.808361    0.163480
-50.000   -0.630072    0.766953    0.151066
-48.000   -0.637716    0.724977    0.138592
-46.000   -0.642455    0.682641    0.126115
-44.000   -0.644287    0.640156    0.113690
-42.000   -0.643227    0.597735    0.101375
-40.000   -0.639310    0.555587    0.089224
-38.000   -0.632587    0.513923    0.077296
-36.000   -0.623133    0.472949    0.065645
-34.000   -0.611041    0.432869    0.054329
-32.000   -0.596429    0.393882    0.043403
-30.000   -0.579440    0.356181    0.032923
-28.000   -0.560247    0.319953    0.022947
-26.000   -0.539060    0.285378    0.013530
-24.000   -0.516133    0.252626    0.004729
-22.000   -0.491778    0.221861   -0.003400
-20.000   -0.466389    0.193234   -0.010801
-18.000   -0.440482    0.166887   -0.017418
-16.000   -0.414760    0.142952   -0.023193
-14.000   -0.390241    0.121545   -0.028072
-12.000   -0.368516    0.102774   -0.031998
-10.000   -0.352303    0.086730   -0.034913
 -8.000   -0.347351    0.074949   -0.036348
 -6.000   -0.368238    0.064508   -0.036663
 -4.000   -0.226458    0.027429   -0.058099
 -2.000    0.127900    0.020850   -0.087700
  0.000    0.425500    0.017470   -0.103100
  2.000    0.674200    0.016780   -0.106900
  4.000    0.889000    0.016900   -0.102700
  6.000    1.132399    0.015921   -0.093644
  8.000    1.137983    0.026353   -0.078914
 10.000    0.978517    0.029386   -0.087295
 12.000    0.882356    0.045086   -0.089341
 14.000    0.824783    0.064321   -0.091383
 16.000    0.789080    0.086260   -0.094095
 18.000    0.767317    0.110798   -0.097438
 20.000    0.754672    0.137814   -0.101375
 22.000    0.748022    0.167179   -0.105867
 24.000    0.745244    0.198749   -0.110875
 26.000    0.744828    0.232370   -0.116361
 28.000    0.745669    0.267880   -0.122285
 30.000    0.746930    0.305106   -0.128610
 32.000    0.747970    0.343868   -0.135297
 34.000    0.748283    0.383976   -0.142307
 36.000    0.747469    0.425237   -0.149601
 38.000    0.745209    0.467449   -0.157142
 40.000    0.741248    0.510409   -0.164890
 42.000    0.735386    0.553907   -0.172807
 44.000    0.727462    0.597733   -0.180854
 46.000    0.717360    0.641673   -0.188993
 48.000    0.704990    0.685514   -0.197184
 50.000    0.690297    0.729044   -0.205391
 52.000    0.673250    0.772051   -0.213573
 54.000    0.653842    0.814328   -0.221692
 56.000    0.632090    0.855668   -0.229710
 58.000    0.608031    0.895871   -0.237588
 60.000    0.581719    0.934743   -0.245288
 62.000    0.553229    0.972095   -0.252771
 64.000    0.522651    1.007746   -0.259998
 66.000    0.490092    1.041524   -0.266930
 68.000    0.455671    1.073265   -0.273530
 70.000    0.419523    1.102815   -0.279759
 72.000    0.381794    1.130032   -0.285577
 74.000    0.342641    1.154785   -0.290947
 76.000    0.302232    1.176952   -0.295830
 78.000    0.260745    1.196429   -0.300186
 80.000    0.218366    1.213121   -0.303979
 82.000    0.175285    1.226948   -0.307168
 84.000    0.131703    1.237843   -0.309716
 86.000    0.087822    1.245756   -0.311584
 88.000    0.043851    1.250647   -0.312732
 90.000    0.000000    1.252496   -0.313124
