Viterna extrapolated polar
 alpha from -90.0 to 90.0 deg
 BLEND_WIDTH = 6.000 deg

 alpha        Cl          Cd          Cm
 ------   ---------   ---------   ---------
-90.000   -0.000000    1.252496    0.313124
-88.000   -0.043728    1.252065    0.312443
-86.000   -0.087330    1.248588    0.310445
-84.000   -0.130593    1.242088    0.307197
-82.000   -0.173310    1.232599    0.302767
-80.000   -0.215274    1.220172    0.297222
-78.000   -0.256283    1.204872    0.290629
-76.000   -0.296142    1.186776    0.283056
-74.000   -0.334660    1.165978    0.274569
-72.000   -0.371655    1.142581    0.265237
-70.000   -0.406953    1.116704    0.255126
-68.000   -0.440388    1.088477    0.244304
-66.000   -0.471806    1.058041    0.232839
-64.000   -0.501062    1.025548    0.220797
-62.000   -0.528023    0.991159    0.208245
-60.000   -0.552570    0.955047    0.195252
-58.000   -0.574595    0.917390    0.181885
-56.000   -0.594005    0.878375    0.168210
-54.000   -0.610721    0.838196    0.154295
-52.000   -0.624680    0.797052    0.140208
-50.000   -0.635835    0.755146    0.126016
-48.000   -0.644154    0.712686    0.111786
-46.000   -0.649623    0.669881    0.097585
-44.000   -0.652247    0.626944    0.083481
-42.000   -0.652046    0.584085    0.069542
-40.000   -0.649065    0.541517    0.055833
-38.000   -0.643365    0.499449    0.042423
-36.000   -0.635032    0.458089    0.029380
-34.000   -0.624175    0.417642    0.016770
-32.000   -0.610931    0.378305    0.004660
-30.000   -0.595468    0.340274   -0.006881
-28.000   -0.577992    0.303735   -0.017787
-26.000   -0.558752    0.268868   -0.027990
-24.000   -0.538058    0.235846   -0.037423
-22.000   -0.516299    0.204830   -0.046019
-20.000   -0.493977    0.175974   -0.053711
-18.000   -0.471759    0.149418   -0.060430
-16.000   -0.450581    0.125295   -0.066110
-14.000   -0.431825    0.103723   -0.070683
-12.000   -0.417688    0.084807   -0.074082
-10.000   -0.407639    0.071122   -0.074126
 -8.000   -0.422960    0.058029   -0.073440
 -6.000   -0.230901    0.027769   -0.112082
 -4.000    0.096600    0.018530   -0.132900
 -2.000    0.399300    0.014100   -0.148600
  0.000    0.657400    0.011430   -0.154400
  2.000    0.862300    0.011410   -0.148000
  4.000    1.060900    0.013350   -0.143200
  6.000    1.239100    0.015800   -0.135600
  8.000    1.340700    0.020460   -0.114300
 10.000    1.413500    0.029430   -0.095900
 12.000    1.476733    0.042521   -0.080352
 14.000    1.487400    0.061670   -0.073500
 16.000    1.365767    0.084528   -0.074205
 18.000    1.265696    0.108200   -0.075421
 20.000    1.194263    0.135247   -0.077745
 22.000    1.138760    0.164646   -0.080906
 24.000    1.094606    0.196253   -0.084854
 26.000    1.058595    0.229915   -0.089535
 28.000    1.028410    0.265468   -0.094898
 30.000    1.002330    0.302740   -0.100890
 32.000    0.979049    0.341551   -0.107458
 34.000    0.957557    0.381711   -0.114549
 36.000    0.937063    0.423027   -0.122113
 38.000    0.916941    0.465297   -0.130096
 40.000    0.896691    0.508316   -0.138445
 42.000    0.875914    0.551877   -0.147110
 44.000    0.854294    0.595767   -0.156036
 46.000    0.831578    0.639775   -0.165171
 48.000    0.807574    0.683686   -0.174464
 50.000    0.782133    0.727288   -0.183862
 52.000    0.755149    0.770369   -0.193312
 54.000    0.726555    0.812722   -0.202762
 56.000    0.696312    0.854140   -0.212160
 58.000    0.664411    0.894423   -0.221453
 60.000    0.630871    0.933377   -0.230588
 62.000    0.595731    0.970812   -0.239514
 64.000    0.559056    1.006549   -0.248179
 66.000    0.520925    1.040413   -0.256528
 68.000    0.481441    1.072242   -0.264511
 70.000    0.440719    1.101881   -0.272075
 72.000    0.398889    1.129188   -0.279166
 74.000    0.356098    1.154032   -0.285734
 76.000    0.312502    1.176292   -0.291726
 78.000    0.268270    1.195861   -0.297089
 80.000    0.223579    1.212647   -0.301770
 82.000    0.178615    1.226568   -0.305718
 84.000    0.133573    1.237558   -0.308879
 86.000    0.088653    1.245565   -0.311203
 88.000    0.044059    1.250552   -0.312635
 90.000    0.000000    1.252496   -0.313124
