Viterna extrapolated polar
 alpha from -90.0 to 90.0 deg
 BLEND_WIDTH = 6.000 deg

 alpha        Cl          Cd          Cm
 ------   ---------   ---------   ---------
-90.000   -0.000000    1.252496    0.313124
-88.000   -0.043771    1.250893    0.312427
-86.000   -0.087500    1.246246    0.310381
-84.000   -0.130978    1.238578    0.307057
-82.000   -0.173995    1.227926    0.302525
-80.000   -0.216346    1.214341    0.296854
-78.000   -0.257831    1.197890    0.290114
-76.000   -0.298254    1.178653    0.282375
-74.000   -0.337428    1.156722    0.273707
-72.000   -0.375171    1.132204    0.264179
-70.000   -0.411312    1.105219    0.253862
-68.000   -0.445688    1.075897    0.242824
-66.000   -0.478148    1.044382    0.231137
-64.000   -0.508549    1.010827    0.218869
-62.000   -0.536765    0.975394    0.206091
-60.000   -0.562679    0.938257    0.192872
-58.000   -0.586190    0.899595    0.179283
-56.000   -0.607213    0.859597    0.165392
-54.000   -0.625676    0.818458    0.151270
-52.000   -0.641524    0.776378    0.136987
-50.000   -0.654723    0.733561    0.122612
-48.000   -0.665252    0.690216    0.108215
-46.000   -0.673115    0.646554    0.093866
-44.000   -0.678332    0.602788    0.079635
-42.000   -0.680949    0.559130    0.065592
-40.000   -0.681035    0.515792    0.051806
-38.000   -0.678685    0.472987    0.038347
-36.000   -0.674025    0.430922    0.025286
-34.000   -0.667216    0.389802    0.012691
-32.000   -0.658457    0.349827    0.000633
-30.000   -0.647996    0.311192   -0.010819
-28.000   -0.636143    0.274085   -0.021595
-26.000   -0.623284    0.238686   -0.031624
-24.000   -0.609911    0.205169   -0.040838
-22.000   -0.596662    0.173695   -0.049166
-20.000   -0.584387    0.144418   -0.056539
-18.000   -0.574260    0.117481   -0.062886
-16.000   -0.567974    0.093015   -0.068138
-14.000   -0.568105    0.071139   -0.072225
-12.000   -0.578837    0.051960   -0.075078
-10.000   -0.587587    0.043464   -0.072118
 -8.000   -0.566906    0.030691   -0.077652
 -6.000   -0.222025    0.029439   -0.104062
 -4.000    0.062100    0.018570   -0.123000
 -2.000    0.357200    0.013800   -0.138400
  0.000    0.607400    0.010500   -0.140600
  2.000    0.826800    0.010900   -0.139300
  4.000    1.025000    0.012650   -0.134500
  6.000    1.207500    0.015030   -0.127400
  8.000    1.282700    0.022290   -0.104000
 10.000    1.388234    0.030716   -0.085485
 12.000    1.428400    0.043730   -0.072800
 14.000    1.295028    0.063040   -0.072765
 16.000    1.186860    0.084927   -0.074631
 18.000    1.114635    0.109479   -0.076847
 20.000    1.061021    0.136512   -0.079866
 22.000    1.020326    0.165893   -0.083637
 24.000    0.988713    0.197482   -0.088114
 26.000    0.963491    0.231124   -0.093247
 28.000    0.942710    0.266656   -0.098988
 30.000    0.924917    0.303906   -0.105288
 32.000    0.909008    0.342692   -0.112098
 34.000    0.894125    0.382827   -0.119371
 36.000    0.879596    0.424115   -0.127056
 38.000    0.864888    0.466357   -0.135106
 40.000    0.849576    0.509347   -0.143472
 42.000    0.833320    0.552877   -0.152106
 44.000    0.815851    0.596735   -0.160958
 46.000    0.796958    0.640709   -0.169981
 48.000    0.776480    0.684586   -0.179124
 50.000    0.754297    0.728153   -0.188341
 52.000    0.730325    0.771198   -0.197583
 54.000    0.704515    0.813513   -0.206799
 56.000    0.676846    0.854892   -0.215943
 58.000    0.647322    0.895136   -0.224966
 60.000    0.615972    0.934050   -0.233818
 62.000    0.582849    0.971444   -0.242452
 64.000    0.548021    1.007138   -0.250818
 66.000    0.511580    1.040960   -0.258868
 68.000    0.473630    1.072746   -0.266553
 70.000    0.434294    1.102341   -0.273826
 72.000    0.393708    1.129604   -0.280636
 74.000    0.352019    1.154402   -0.286936
 76.000    0.309390    1.176617   -0.292677
 78.000    0.265989    1.196141   -0.297810
 80.000    0.221999    1.212880   -0.302287
 82.000    0.177606    1.226755   -0.306058
 84.000    0.133006    1.237698   -0.309077
 86.000    0.088401    1.245659   -0.311293
 88.000    0.043996    1.250599   -0.312658
 90.000    0.000000    1.252496   -0.313124
