Viterna extrapolated polar
 alpha from -90.0 to 90.0 deg
 BLEND_WIDTH = 6.000 deg

 alpha        Cl          Cd          Cm
 ------   ---------   ---------   ---------
-90.000   -0.000000    1.252496    0.313124
-88.000   -0.043713    1.253038    0.312513
-86.000   -0.087270    1.250535    0.310720
-84.000   -0.130460    1.245005    0.307804
-82.000   -0.173073    1.236483    0.303827
-80.000   -0.214903    1.225018    0.298847
-78.000   -0.255747    1.210674    0.292926
-76.000   -0.295410    1.193528    0.286122
-74.000   -0.333702    1.173670    0.278497
-72.000   -0.370438    1.151204    0.270110
-70.000   -0.405444    1.126249    0.261021
-68.000   -0.438553    1.098931    0.251290
-66.000   -0.469610    1.069391    0.240978
-64.000   -0.498469    1.037781    0.230144
-62.000   -0.524996    1.004261    0.218848
-60.000   -0.549070    0.969000    0.207151
-58.000   -0.570580    0.932178    0.195112
-56.000   -0.589431    0.893980    0.182792
-54.000   -0.605543    0.854599    0.170250
-52.000   -0.618848    0.814233    0.157547
-50.000   -0.629295    0.773084    0.144743
-48.000   -0.636848    0.731359    0.131897
-46.000   -0.641489    0.689267    0.119070
-44.000   -0.643214    0.647018    0.106322
-42.000   -0.642039    0.604823    0.093713
-40.000   -0.637995    0.562894    0.081302
-38.000   -0.631135    0.521439    0.069151
-36.000   -0.621530    0.480666    0.057319
-34.000   -0.609271    0.440777    0.045865
-32.000   -0.594474    0.401971    0.034851
-30.000   -0.577280    0.364441    0.024336
-28.000   -0.557856    0.328375    0.014380
-26.000   -0.536406    0.293950    0.005044
-24.000   -0.513178    0.261340   -0.003614
-22.000   -0.488473    0.230704   -0.011532
-20.000   -0.462671    0.202197   -0.018651
-18.000   -0.436266    0.175959   -0.024910
-16.000   -0.409932    0.152120   -0.030250
-14.000   -0.384637    0.130800   -0.034610
-12.000   -0.361888    0.112103   -0.037931
-10.000   -0.344337    0.096259   -0.040071
 -8.000   -0.341461    0.087650   -0.038488
 -6.000   -0.286431    0.045109   -0.063041
 -4.000    0.030300    0.013750   -0.100500
 -2.000    0.267000    0.010740   -0.105200
  0.000    0.470400    0.008220   -0.103800
  2.000    0.687500    0.009070   -0.101400
  4.000    0.884500    0.010750   -0.097800
  6.000    1.078806    0.014411   -0.090523
  8.000    1.224939    0.020026   -0.080547
 10.000    1.084521    0.031656   -0.080181
 12.000    0.957673    0.049409   -0.081327
 14.000    0.888477    0.068608   -0.083199
 16.000    0.843947    0.090508   -0.085791
 18.000    0.815223    0.115000   -0.089061
 20.000    0.796927    0.141967   -0.092969
 22.000    0.785582    0.171276   -0.097474
 24.000    0.778826    0.202786   -0.102535
 26.000    0.774989    0.236342   -0.108110
 28.000    0.772847    0.271782   -0.114160
 30.000    0.771480    0.308933   -0.120642
 32.000    0.770182    0.347615   -0.127516
 34.000    0.768399    0.387640   -0.134741
 36.000    0.765693    0.428812   -0.142276
 38.000    0.761716    0.470932   -0.150080
 40.000    0.756190    0.513794   -0.158112
 42.000    0.748894    0.557191   -0.166331
 44.000    0.739654    0.600911   -0.174695
 46.000    0.728339    0.644742   -0.183165
 48.000    0.714851    0.688471   -0.191699
 50.000    0.699125    0.731884   -0.200256
 52.000    0.681122    0.774772   -0.208795
 54.000    0.660832    0.816925   -0.217275
 56.000    0.638264    0.858139   -0.225655
 58.000    0.613450    0.898213   -0.233894
 60.000    0.586443    0.936952   -0.241952
 62.000    0.557314    0.974170   -0.249786
 64.000    0.526151    1.009683   -0.257357
 66.000    0.493056    1.043321   -0.264623
 68.000    0.458148    1.074920   -0.271543
 70.000    0.421560    1.104327   -0.278077
 72.000    0.383437    1.131398   -0.284183
 74.000    0.343934    1.156003   -0.289820
 76.000    0.303220    1.178021   -0.294947
 78.000    0.261469    1.197348   -0.299523
 80.000    0.218867    1.213888   -0.303508
 82.000    0.175605    1.227563   -0.306861
 84.000    0.131883    1.238305   -0.309539
 86.000    0.087902    1.246064   -0.311504
 88.000    0.043871    1.250802   -0.312712
 90.000    0.000000    1.252496   -0.313124
