Viterna extrapolated polar
 alpha from -90.0 to 90.0 deg
 BLEND_WIDTH = 6.000 deg

 alpha        Cl          Cd          Cm
 ------   ---------   ---------   ---------
-90.000   -0.000000    1.252496    0.313124
-88.000   -0.043718    1.254001    0.312605
-86.000   -0.087291    1.252458    0.311081
-84.000   -0.130506    1.247887    0.308603
-82.000   -0.173154    1.240320    0.305221
-80.000   -0.215030    1.229806    0.300984
-78.000   -0.255932    1.216406    0.295942
-76.000   -0.295662    1.200197    0.290147
-74.000   -0.334031    1.181269    0.283647
-72.000   -0.370857    1.159724    0.276493
-70.000   -0.405963    1.135678    0.268736
-68.000   -0.439185    1.109258    0.260424
-66.000   -0.470366    1.080604    0.251608
-64.000   -0.499362    1.049866    0.242339
-62.000   -0.526038    1.017203    0.232666
-60.000   -0.550274    0.982784    0.222639
-58.000   -0.571961    0.946787    0.212309
-56.000   -0.591005    0.909396    0.201725
-54.000   -0.607325    0.870804    0.190938
-52.000   -0.620855    0.831206    0.179997
-50.000   -0.631545    0.790805    0.168953
-48.000   -0.639362    0.749806    0.157856
-46.000   -0.644288    0.708417    0.146756
-44.000   -0.646322    0.666849    0.135703
-42.000   -0.645482    0.625311    0.124746
-40.000   -0.641804    0.584013    0.113937
-38.000   -0.635343    0.543164    0.103325
-36.000   -0.626176    0.502969    0.092961
-34.000   -0.614400    0.463632    0.082893
-32.000   -0.600137    0.425351    0.073173
-30.000   -0.583539    0.388316    0.063851
-28.000   -0.564785    0.352716    0.054975
-26.000   -0.544096    0.318729    0.046598
-24.000   -0.521740    0.286525    0.038768
-22.000   -0.498048    0.256265    0.031536
-20.000   -0.473444    0.228103    0.024952
-18.000   -0.448480    0.202178    0.019066
-16.000   -0.423920    0.178621    0.013927
-14.000   -0.400875    0.157550    0.009587
-12.000   -0.381090    0.139069    0.006095
-10.000   -0.367564    0.123273    0.003501
 -8.000   -0.363706    0.110385    0.000912
 -6.000   -0.394536    0.101472    0.001905
 -4.000   -0.321748    0.069839   -0.031664
 -2.000   -0.069100    0.037300   -0.076700
  0.000    0.235800    0.037070   -0.098100
  2.000    0.510800    0.042510   -0.114900
  4.000    0.743100    0.048300   -0.119900
  6.000    0.951600    0.052930   -0.116400
  8.000    1.288300    0.039020   -0.112300
 10.000    1.394619    0.039195   -0.085307
 12.000    1.405700    0.047680   -0.065400
 14.000    1.259437    0.069975   -0.066421
 16.000    1.170324    0.088809   -0.067288
 18.000    1.100197    0.113320   -0.069572
 20.000    1.048286    0.140306   -0.072683
 22.000    1.009006    0.169638   -0.076571
 24.000    0.978592    0.201171   -0.081186
 26.000    0.954401    0.234753   -0.086477
 28.000    0.934519    0.270222   -0.092395
 30.000    0.917518    0.307403   -0.098888
 32.000    0.902313    0.346116   -0.105908
 34.000    0.888062    0.386174   -0.113405
 36.000    0.874104    0.427382   -0.121327
 38.000    0.859913    0.469539   -0.129625
 40.000    0.845072    0.512440   -0.138248
 42.000    0.829248    0.555878   -0.147148
 44.000    0.812176    0.599640   -0.156273
 46.000    0.793649    0.643515   -0.165573
 48.000    0.773508    0.687288   -0.174998
 50.000    0.751636    0.730748   -0.184499
 52.000    0.727953    0.773684   -0.194025
 54.000    0.702409    0.815886   -0.203526
 56.000    0.674985    0.857150   -0.212951
 58.000    0.645688    0.897276   -0.222251
 60.000    0.614548    0.936069   -0.231376
 62.000    0.581617    0.973340   -0.240276
 64.000    0.546967    1.008909   -0.248899
 66.000    0.510686    1.042603   -0.257197
 68.000    0.472883    1.074258   -0.265119
 70.000    0.433680    1.103722   -0.272616
 72.000    0.393212    1.130852   -0.279636
 74.000    0.351629    1.155515   -0.286129
 76.000    0.309092    1.177594   -0.292047
 78.000    0.265771    1.196980   -0.297338
 80.000    0.221848    1.213581   -0.301953
 82.000    0.177509    1.227317   -0.305841
 84.000    0.132952    1.238120   -0.308952
 86.000    0.088377    1.245941   -0.311236
 88.000    0.043990    1.250740   -0.312644
 90.000    0.000000    1.252496   -0.313124
