Viterna extrapolated polar
 alpha from -90.0 to 90.0 deg
 BLEND_WIDTH = 6.000 deg

 alpha        Cl          Cd          Cm
 ------   ---------   ---------   ---------
-90.000   -0.000000    1.252496    0.313124
-88.000   -0.043727    1.251844    0.312451
-86.000   -0.087326    1.248148    0.310477
-84.000   -0.130585    1.241428    0.307267
-82.000   -0.173296    1.231720    0.302889
-80.000   -0.215251    1.219075    0.297409
-78.000   -0.256250    1.203559    0.290894
-76.000   -0.296097    1.185248    0.283410
-74.000   -0.334601    1.164236    0.275024
-72.000   -0.371581    1.140629    0.265801
-70.000   -0.406861    1.114543    0.255810
-68.000   -0.440276    1.086110    0.245116
-66.000   -0.471672    1.055471    0.233785
-64.000   -0.500903    1.022778    0.221885
-62.000   -0.527838    0.988193    0.209482
-60.000   -0.552356    0.951888    0.196642
-58.000   -0.574349    0.914042    0.183432
-56.000   -0.593725    0.874843    0.169918
-54.000   -0.610404    0.834483    0.156168
-52.000   -0.624324    0.793163    0.142247
-50.000   -0.635435    0.751085    0.128222
-48.000   -0.643707    0.708459    0.114159
-46.000   -0.649126    0.665493    0.100126
-44.000   -0.651694    0.622399    0.086188
-42.000   -0.651434    0.579390    0.072413
-40.000   -0.648388    0.536677    0.058866
-38.000   -0.642617    0.494471    0.045615
-36.000   -0.634206    0.452978    0.032725
-34.000   -0.623263    0.412404    0.020263
-32.000   -0.609924    0.372948    0.008297
-30.000   -0.594356    0.334803   -0.003109
-28.000   -0.576760    0.298157   -0.013886
-26.000   -0.557385    0.263190   -0.023969
-24.000   -0.536536    0.230074   -0.033291
-22.000   -0.514597    0.198972   -0.041786
-20.000   -0.492062    0.170037   -0.049386
-18.000   -0.469588    0.143410   -0.056026
-16.000   -0.448095    0.119222   -0.061639
-14.000   -0.428939    0.097593   -0.066158
-12.000   -0.414275    0.078627   -0.069518
-10.000   -0.406657    0.063645   -0.070862
 -8.000   -0.416262    0.050515   -0.071560
 -6.000   -0.231357    0.023282   -0.099669
 -4.000    0.079800    0.014930   -0.118400
 -2.000    0.340300    0.011120   -0.127300
  0.000    0.548700    0.008820   -0.126100
  2.000    0.768800    0.009500   -0.123200
  4.000    0.964300    0.011240   -0.118700
  6.000    1.145700    0.013810   -0.112200
  8.000    1.259619    0.020674   -0.094460
 10.000    1.337466    0.030916   -0.072875
 12.000    1.207054    0.045755   -0.071606
 14.000    1.086508    0.066600   -0.072854
 16.000    1.014534    0.088518   -0.074890
 18.000    0.964170    0.113032   -0.077707
 20.000    0.928305    0.140022   -0.081260
 22.000    0.902359    0.169357   -0.085501
 24.000    0.883238    0.200894   -0.090387
 26.000    0.868762    0.234481   -0.095870
 28.000    0.857348    0.269954   -0.101906
 30.000    0.847810    0.307140   -0.108447
 32.000    0.839243    0.345860   -0.115450
 34.000    0.830943    0.385923   -0.122867
 36.000    0.822356    0.427137   -0.130653
 38.000    0.813041    0.469300   -0.138762
 40.000    0.802646    0.512208   -0.147149
 42.000    0.790893    0.555653   -0.155768
 44.000    0.777559    0.599422   -0.164572
 46.000    0.762475    0.643304   -0.173517
 48.000    0.745509    0.687086   -0.182556
 50.000    0.726571    0.730554   -0.191643
 52.000    0.705599    0.773497   -0.200734
 54.000    0.682563    0.815708   -0.209782
 56.000    0.657457    0.856981   -0.218741
 58.000    0.630300    0.897116   -0.227565
 60.000    0.601133    0.935917   -0.236209
 62.000    0.570017    0.973198   -0.244628
 64.000    0.537030    1.008776   -0.252774
 66.000    0.502271    1.042479   -0.260603
 68.000    0.465850    1.074145   -0.268069
 70.000    0.427895    1.103619   -0.275126
 72.000    0.388546    1.130758   -0.281727
 74.000    0.347956    1.155432   -0.287829
 76.000    0.306289    1.177521   -0.293383
 78.000    0.263718    1.196918   -0.298346
 80.000    0.220425    1.213529   -0.302671
 82.000    0.176600    1.227275   -0.306312
 84.000    0.132442    1.238089   -0.309224
 86.000    0.088150    1.245919   -0.311360
 88.000    0.043933    1.250729   -0.312675
 90.000    0.000000    1.252496   -0.313124
