Viterna extrapolated polar
 alpha from -90.0 to 90.0 deg
 BLEND_WIDTH = 6.000 deg

 alpha        Cl          Cd          Cm
 ------   ---------   ---------   ---------
-90.000   -0.000000    1.252496    0.313124
-88.000   -0.043755    1.250982    0.312341
-86.000   -0.087436    1.246424    0.310044
-84.000   -0.130832    1.238845    0.306312
-82.000   -0.173736    1.228282    0.301224
-80.000   -0.215940    1.214785    0.294861
-78.000   -0.257245    1.198422    0.287300
-76.000   -0.297455    1.179271    0.278621
-74.000   -0.336380    1.157426    0.268903
-72.000   -0.373841    1.132994    0.258225
-70.000   -0.409663    1.106093    0.246667
-68.000   -0.443683    1.076855    0.234307
-66.000   -0.475748    1.045422    0.221225
-64.000   -0.505716    1.011947    0.207500
-62.000   -0.533457    0.976594    0.193211
-60.000   -0.558853    0.939535    0.178437
-58.000   -0.581802    0.900950    0.163258
-56.000   -0.602215    0.861027    0.147751
-54.000   -0.620016    0.819961    0.131998
-52.000   -0.635150    0.777952    0.116076
-50.000   -0.647575    0.735204    0.100066
-48.000   -0.657268    0.691927    0.084045
-46.000   -0.664225    0.648330    0.068094
-44.000   -0.668460    0.604626    0.052291
-42.000   -0.670011    0.561029    0.036715
-40.000   -0.668936    0.517751    0.021447
-38.000   -0.665319    0.475001    0.006564
-36.000   -0.659269    0.432990   -0.007854
-34.000   -0.650928    0.391921   -0.021727
-32.000   -0.640472    0.351995   -0.034977
-30.000   -0.628118    0.313406   -0.047525
-28.000   -0.614137    0.276342   -0.059291
-26.000   -0.598863    0.240984   -0.070196
-24.000   -0.582720    0.207504   -0.080162
-22.000   -0.566251    0.176065   -0.089108
-20.000   -0.550173    0.146820   -0.096956
-18.000   -0.535471    0.119912   -0.103626
-16.000   -0.523550    0.095473   -0.109040
-14.000   -0.516533    0.073620   -0.113118
-12.000   -0.519022    0.055149   -0.114896
-10.000   -0.529244    0.043370   -0.111665
 -8.000   -0.395785    0.023956   -0.128981
 -6.000   -0.077400    0.018665   -0.143150
 -4.000    0.229400    0.014640   -0.158300
 -2.000    0.481700    0.013280   -0.162500
  0.000    0.681700    0.013410   -0.156400
  2.000    0.860300    0.014250   -0.147400
  4.000    1.030600    0.015400   -0.135200
  6.000    1.192700    0.017840   -0.124100
  8.000    1.345900    0.021500   -0.113600
 10.000    1.471400    0.026760   -0.101100
 12.000    1.561700    0.035020   -0.088200
 14.000    1.614550    0.048470   -0.078374
 16.000    1.656937    0.067188   -0.073505
 18.000    1.576550    0.091448   -0.073650
 20.000    1.454559    0.118744   -0.074674
 22.000    1.370129    0.148362   -0.076819
 24.000    1.301475    0.180209   -0.079883
 26.000    1.244387    0.214130   -0.083807
 28.000    1.195831    0.249961   -0.088533
 30.000    1.153561    0.287531   -0.094002
 32.000    1.115878    0.326657   -0.100156
 34.000    1.081475    0.367151   -0.106936
 36.000    1.049328    0.408818   -0.114284
 38.000    1.018629    0.451457   -0.122140
 40.000    0.988733    0.494863   -0.130446
 42.000    0.959126    0.538825   -0.139145
 44.000    0.929395    0.583134   -0.148176
 46.000    0.899211    0.627575   -0.157482
 48.000    0.868317    0.671934   -0.167005
 50.000    0.836511    0.715999   -0.176684
 52.000    0.803645    0.759557   -0.186462
 54.000    0.769610    0.802399   -0.196281
 56.000    0.734339    0.844319   -0.206081
 58.000    0.697796    0.885117   -0.215805
 60.000    0.659975    0.924596   -0.225393
 62.000    0.620898    0.962567   -0.234787
 64.000    0.580612    0.998850   -0.243928
 66.000    0.539183    1.033270   -0.252758
 68.000    0.496700    1.065663   -0.261219
 70.000    0.453269    1.095874   -0.269251
 72.000    0.409012    1.123761   -0.276796
 74.000    0.364067    1.149191   -0.283796
 76.000    0.318584    1.172043   -0.290191
 78.000    0.272726    1.192210   -0.295924
 80.000    0.226666    1.209597   -0.300935
 82.000    0.180587    1.224123   -0.305167
 84.000    0.134681    1.235722   -0.308560
 86.000    0.089144    1.244340   -0.311057
 88.000    0.044181    1.249939   -0.312597
 90.000    0.000000    1.252496   -0.313124
