Viterna extrapolated polar
 alpha from -90.0 to 90.0 deg
 BLEND_WIDTH = 6.000 deg

 alpha        Cl          Cd          Cm
 ------   ---------   ---------   ---------
-90.000   -0.000000    1.252496    0.313124
-88.000   -0.043708    1.251013    0.312444
-86.000   -0.087249    1.246486    0.310448
-84.000   -0.130411    1.238937    0.307202
-82.000   -0.172985    1.228404    0.302773
-80.000   -0.214765    1.214938    0.297227
-78.000   -0.255549    1.198605    0.290629
-76.000   -0.295140    1.179484    0.283047
-74.000   -0.333348    1.157669    0.274546
-72.000   -0.369988    1.133266    0.265192
-70.000   -0.404886    1.106395    0.255052
-68.000   -0.437875    1.077185    0.244193
-66.000   -0.468799    1.045781    0.232679
-64.000   -0.497512    1.012334    0.220578
-62.000   -0.523878    0.977008    0.207955
-60.000   -0.547776    0.939976    0.194877
-58.000   -0.569096    0.901417    0.181410
-56.000   -0.587741    0.861520    0.167621
-54.000   -0.603630    0.820479    0.153575
-52.000   -0.616693    0.778494    0.139338
-50.000   -0.626879    0.735771    0.124977
-48.000   -0.634150    0.692516    0.110559
-46.000   -0.638484    0.648942    0.096148
-44.000   -0.639877    0.605261    0.081813
-42.000   -0.638341    0.561684    0.067617
-40.000   -0.633905    0.518426    0.053629
-38.000   -0.626617    0.475696    0.039914
-36.000   -0.616542    0.433703    0.026538
-34.000   -0.603765    0.392652    0.013568
-32.000   -0.588395    0.352743    0.001070
-30.000   -0.570560    0.314169   -0.010891
-28.000   -0.550417    0.277120   -0.022247
-26.000   -0.528152    0.241776   -0.032933
-24.000   -0.503987    0.208309   -0.042883
-22.000   -0.478193    0.176882   -0.052029
-20.000   -0.451106    0.147648   -0.060307
-18.000   -0.423155    0.120751   -0.067649
-16.000   -0.394915    0.096320   -0.073990
-14.000   -0.367204    0.074475   -0.079264
-12.000   -0.341275    0.055323   -0.083403
-10.000   -0.319241    0.038956   -0.086343
 -8.000   -0.305110    0.024173   -0.088076
 -6.000   -0.259908    0.016261   -0.091020
 -4.000    0.045845    0.014250   -0.108301
 -2.000    0.297600    0.010870   -0.114300
  0.000    0.511400    0.008390   -0.112300
  2.000    0.720600    0.009300   -0.110100
  4.000    0.916700    0.010990   -0.106000
  6.000    1.117563    0.013767   -0.099157
  8.000    1.239587    0.020629   -0.084624
 10.000    1.093914    0.032682   -0.082877
 12.000    0.965224    0.050427   -0.084011
 14.000    0.894863    0.069618   -0.085861
 16.000    0.849448    0.091508   -0.088423
 18.000    0.820026    0.115990   -0.091655
 20.000    0.801163    0.142945   -0.095518
 22.000    0.789347    0.172241   -0.099971
 24.000    0.782193    0.203736   -0.104973
 26.000    0.778013    0.237277   -0.110484
 28.000    0.775572    0.272701   -0.116463
 30.000    0.773942    0.309835   -0.122870
 32.000    0.772409    0.348498   -0.129665
 34.000    0.770416    0.388502   -0.136806
 36.000    0.767521    0.429654   -0.144254
 38.000    0.763371    0.471752   -0.151967
 40.000    0.757688    0.514591   -0.159906
 42.000    0.750248    0.557965   -0.168030
 44.000    0.740876    0.601660   -0.176298
 46.000    0.729440    0.645465   -0.184670
 48.000    0.715840    0.689167   -0.193105
 50.000    0.700010    0.732553   -0.201563
 52.000    0.681912    0.775413   -0.210003
 54.000    0.661533    0.817537   -0.218384
 56.000    0.638882    0.858721   -0.226668
 58.000    0.613993    0.898764   -0.234812
 60.000    0.586917    0.937473   -0.242776
 62.000    0.557724    0.974658   -0.250520
 64.000    0.526501    1.010140   -0.258003
 66.000    0.493353    1.043745   -0.265185
 68.000    0.458396    1.075310   -0.272025
 70.000    0.421765    1.104683   -0.278483
 72.000    0.383602    1.131720   -0.284518
 74.000    0.344064    1.156289   -0.290089
 76.000    0.303319    1.178273   -0.295157
 78.000    0.261541    1.197564   -0.299681
 80.000    0.218917    1.214069   -0.303620
 82.000    0.175637    1.227708   -0.306933
 84.000    0.131901    1.238414   -0.309581
 86.000    0.087910    1.246136   -0.311522
 88.000    0.043873    1.250838   -0.312717
 90.000    0.000000    1.252496   -0.313124
