Viterna extrapolated polar
 alpha from -90.0 to 90.0 deg
 BLEND_WIDTH = 6.000 deg

 alpha        Cl          Cd          Cm
 ------   ---------   ---------   ---------
-90.000   -0.000000    1.252496    0.313124
-88.000   -0.043780    1.250653    0.312296
-86.000   -0.087536    1.245767    0.309867
-84.000   -0.131058    1.237860    0.305923
-82.000   -0.174138    1.226970    0.300549
-80.000   -0.216570    1.213149    0.293830
-78.000   -0.258154    1.196463    0.285851
-76.000   -0.298695    1.176992    0.276697
-74.000   -0.338005    1.154829    0.266453
-72.000   -0.375905    1.130083    0.255205
-70.000   -0.412222    1.102871    0.243036
-68.000   -0.446794    1.073326    0.230033
-66.000   -0.479471    1.041590    0.216281
-64.000   -0.510111    1.007818    0.201864
-62.000   -0.538589    0.972171    0.186867
-60.000   -0.564788    0.934824    0.171376
-58.000   -0.588610    0.895957    0.155476
-56.000   -0.609969    0.855758    0.139251
-54.000   -0.628796    0.814423    0.122787
-52.000   -0.645039    0.772151    0.106169
-50.000   -0.658664    0.729148    0.089482
-48.000   -0.669654    0.685623    0.072811
-46.000   -0.678016    0.641785    0.056240
-44.000   -0.683774    0.597850    0.039856
-42.000   -0.686979    0.554028    0.023743
-40.000   -0.687705    0.510534    0.007986
-38.000   -0.686054    0.467578   -0.007329
-36.000   -0.682161    0.425368   -0.022119
-34.000   -0.676196    0.384111   -0.036297
-32.000   -0.668373    0.344006   -0.049778
-30.000   -0.658956    0.305247   -0.062478
-28.000   -0.648276    0.268024   -0.074311
-26.000   -0.636748    0.232516   -0.085193
-24.000   -0.624903    0.198897   -0.095038
-22.000   -0.613430    0.167330   -0.103761
-20.000   -0.603251    0.137967   -0.111278
-18.000   -0.595647    0.110952   -0.117502
-16.000   -0.592468    0.086416   -0.122350
-14.000   -0.596540    0.064479   -0.125736
-12.000   -0.619294    0.045185   -0.126284
-10.000   -0.590833    0.030936   -0.127627
 -8.000   -0.335161    0.023956   -0.131482
 -6.000   -0.081900    0.019390   -0.137600
 -4.000    0.100300    0.017350   -0.128300
 -2.000    0.246800    0.016800   -0.111800
  0.000    0.388800    0.016960   -0.094900
  2.000    0.528800    0.017780   -0.078600
  4.000    0.662400    0.019330   -0.062600
  6.000    0.791700    0.021660   -0.047700
  8.000    0.957100    0.025040   -0.042900
 10.000    1.143700    0.031480   -0.047200
 12.000    1.244300    0.040230   -0.040000
 14.000    1.325000    0.051460   -0.035000
 16.000    1.392682    0.064876   -0.032105
 18.000    1.436520    0.082260   -0.032658
 20.000    1.389492    0.106470   -0.034005
 22.000    1.306770    0.136262   -0.034695
 24.000    1.244826    0.168287   -0.037339
 26.000    1.193510    0.202400   -0.041111
 28.000    1.149984    0.238438   -0.045938
 30.000    1.112147    0.276229   -0.051746
 32.000    1.078409    0.315590   -0.058459
 34.000    1.047541    0.356332   -0.066005
 36.000    1.018585    0.398260   -0.074308
 38.000    0.990783    0.441173   -0.083294
 40.000    0.963528    0.484865   -0.092889
 42.000    0.936339    0.529127   -0.103018
 44.000    0.908829    0.573746   -0.113607
 46.000    0.880690    0.618509   -0.124582
 48.000    0.851683    0.663202   -0.135868
 50.000    0.821620    0.707610   -0.147391
 52.000    0.790365    0.751522   -0.159077
 54.000    0.757820    0.794728   -0.170851
 56.000    0.723925    0.837021   -0.182639
 58.000    0.688653    0.878201   -0.194366
 60.000    0.652005    0.918070   -0.205959
 62.000    0.614006    0.956441   -0.217343
 64.000    0.574709    0.993129   -0.228443
 66.000    0.534183    1.027961   -0.239185
 68.000    0.492522    1.060774   -0.249496
 70.000    0.449832    1.091411   -0.259299
 72.000    0.406240    1.119728   -0.268522
 74.000    0.361885    1.145593   -0.277090
 76.000    0.316918    1.168886   -0.284928
 78.000    0.271505    1.189496   -0.291963
 80.000    0.225821    1.207331   -0.298119
 82.000    0.180047    1.222307   -0.303323
 84.000    0.134378    1.234358   -0.307499
 86.000    0.089010    1.243430   -0.310574
 88.000    0.044148    1.249484   -0.312474
 90.000    0.000000    1.252496   -0.313124
