Viterna extrapolated polar
 alpha from -90.0 to 90.0 deg
 BLEND_WIDTH = 6.000 deg

 alpha        Cl          Cd          Cm
 ------   ---------   ---------   ---------
-90.000   -0.000000    1.252496    0.313124
-88.000   -0.043723    1.253668    0.312576
-86.000   -0.087311    1.251793    0.310967
-84.000   -0.130552    1.246890    0.308350
-82.000   -0.173236    1.238993    0.304778
-80.000   -0.215158    1.228150    0.300304
-78.000   -0.256116    1.214423    0.294981
-76.000   -0.295914    1.197890    0.288863
-74.000   -0.334361    1.178640    0.282002
-72.000   -0.371275    1.156777    0.274451
-70.000   -0.406482    1.132416    0.266264
-68.000   -0.439816    1.105686    0.257493
-66.000   -0.471121    1.076726    0.248192
-64.000   -0.500253    1.045686    0.238413
-62.000   -0.527079    1.012726    0.228210
-60.000   -0.551478    0.978016    0.217636
-58.000   -0.573342    0.941734    0.206743
-56.000   -0.592577    0.904064    0.195585
-54.000   -0.609105    0.865198    0.184215
-52.000   -0.622860    0.825335    0.172686
-50.000   -0.633794    0.784675    0.161050
-48.000   -0.641874    0.743425    0.149362
-46.000   -0.647085    0.701793    0.137674
-44.000   -0.649428    0.659989    0.126038
-42.000   -0.648923    0.618224    0.114509
-40.000   -0.645611    0.576707    0.103139
-38.000   -0.639549    0.535649    0.091981
-36.000   -0.630818    0.495254    0.081088
-34.000   -0.619524    0.455726    0.070514
-32.000   -0.605796    0.417263    0.060311
-30.000   -0.589792    0.380058    0.050532
-28.000   -0.571708    0.344296    0.041231
-26.000   -0.551779    0.310158    0.032460
-24.000   -0.530294    0.277813    0.024273
-22.000   -0.507616    0.247423    0.016722
-20.000   -0.484208    0.219142    0.009861
-18.000   -0.460683    0.193108    0.003743
-16.000   -0.437896    0.169454   -0.001580
-14.000   -0.417100    0.148296   -0.006054
-12.000   -0.400276    0.129741   -0.009626
-10.000   -0.390850    0.113882   -0.012243
 -8.000   -0.392913    0.101150   -0.014626
 -6.000   -0.429500    0.090550   -0.014400
 -4.000   -0.147474    0.034551   -0.091622
 -2.000    0.209200    0.025670   -0.119800
  0.000    0.486300    0.021040   -0.127100
  2.000    0.784600    0.018390   -0.137900
  4.000    1.026600    0.018480   -0.138700
  6.000    1.226200    0.020890   -0.133300
  8.000    1.324000    0.023430   -0.109700
 10.000    1.419959    0.031651   -0.086341
 12.000    1.340200    0.047806   -0.077608
 14.000    1.196401    0.066492   -0.080585
 16.000    1.109197    0.088412   -0.082288
 18.000    1.046825    0.112926   -0.084775
 20.000    1.001209    0.139918   -0.088002
 22.000    0.967161    0.169254   -0.091922
 24.000    0.941178    0.200793   -0.096490
 26.000    0.920799    0.234382   -0.101660
 28.000    0.904240    0.269856   -0.107387
 30.000    0.890167    0.307045   -0.113626
 32.000    0.877567    0.345766   -0.120331
 34.000    0.865651    0.385832   -0.127456
 36.000    0.853800    0.427047   -0.134957
 38.000    0.841522    0.469213   -0.142787
 40.000    0.828426    0.512124   -0.150902
 42.000    0.814199    0.555570   -0.159255
 44.000    0.798594    0.599343   -0.167801
 46.000    0.781417    0.643227   -0.176495
 48.000    0.762522    0.687011   -0.185292
 50.000    0.741801    0.730482   -0.194145
 52.000    0.719182    0.773429   -0.203010
 54.000    0.694622    0.815643   -0.211840
 56.000    0.668108    0.856919   -0.220591
 58.000    0.639651    0.897057   -0.229217
 60.000    0.609285    0.935862   -0.237673
 62.000    0.577066    0.973146   -0.245912
 64.000    0.543068    1.008727   -0.253890
 66.000    0.507384    1.042434   -0.261561
 68.000    0.470124    1.074103   -0.268880
 70.000    0.431410    1.103581   -0.275801
 72.000    0.391381    1.130724   -0.282279
 74.000    0.350188    1.155401   -0.288267
 76.000    0.307992    1.177494   -0.293722
 78.000    0.264965    1.196894   -0.298596
 80.000    0.221289    1.213510   -0.302846
 82.000    0.177153    1.227259   -0.306425
 84.000    0.132752    1.238077   -0.309287
 86.000    0.088288    1.245912   -0.311389
 88.000    0.043967    1.250725   -0.312683
 90.000    0.000000    1.252496   -0.313124
