Viterna extrapolated polar
 alpha from -90.0 to 90.0 deg
 BLEND_WIDTH = 6.000 deg

 alpha        Cl          Cd          Cm
 ------   ---------   ---------   ---------
-90.000   -0.000000    1.252496    0.313124
-88.000   -0.043721    1.253936    0.312603
-86.000   -0.087300    1.252328    0.311074
-84.000   -0.130527    1.247692    0.308587
-82.000   -0.173192    1.240060    0.305193
-80.000   -0.215089    1.229482    0.300942
-78.000   -0.256016    1.216018    0.295884
-76.000   -0.295778    1.199746    0.290070
-74.000   -0.334183    1.180755    0.283551
-72.000   -0.371049    1.159147    0.276376
-70.000   -0.406202    1.135040    0.268596
-68.000   -0.439475    1.108560    0.260262
-66.000   -0.470713    1.079846    0.251424
-64.000   -0.499772    1.049049    0.242132
-62.000   -0.526517    1.016328    0.232436
-60.000   -0.550828    0.981852    0.222388
-58.000   -0.572596    0.945799    0.212038
-56.000   -0.591728    0.908354    0.201435
-54.000   -0.608144    0.869708    0.190631
-52.000   -0.621777    0.830058    0.179675
-50.000   -0.632580    0.789606    0.168619
-48.000   -0.640518    0.748558    0.157512
-46.000   -0.645575    0.707122    0.146405
-44.000   -0.647751    0.665508    0.135349
-42.000   -0.647066    0.623925    0.124393
-40.000   -0.643555    0.582585    0.113589
-38.000   -0.637278    0.541695    0.102986
-36.000   -0.628312    0.501461    0.092636
-34.000   -0.616757    0.462087    0.082588
-32.000   -0.602741    0.423769    0.072892
-30.000   -0.586416    0.386702    0.063600
-28.000   -0.567970    0.351070    0.054762
-26.000   -0.547631    0.317053    0.046428
-24.000   -0.525675    0.284821    0.038648
-22.000   -0.502450    0.254537    0.031473
-20.000   -0.478396    0.226351    0.024954
-18.000   -0.454095    0.200405    0.019140
-16.000   -0.430350    0.176829    0.014082
-14.000   -0.408340    0.155741    0.009831
-12.000   -0.389917    0.137246    0.006437
-10.000   -0.378277    0.121437    0.003950
 -8.000   -0.375219    0.108633    0.000664
 -6.000   -0.408200    0.098180    0.001900
 -4.000   -0.335132    0.066368   -0.031396
 -2.000   -0.061400    0.036250   -0.075800
  0.000    0.228200    0.035780   -0.094900
  2.000    0.505700    0.041760   -0.112700
  4.000    0.740000    0.047570   -0.118300
  6.000    0.948900    0.052275   -0.115050
  8.000    1.305683    0.036879   -0.105788
 10.000    1.338665    0.039370   -0.084109
 12.000    1.178069    0.056116   -0.085580
 14.000    1.070186    0.075105   -0.087744
 16.000    1.000474    0.096944   -0.089820
 18.000    0.951894    0.121368   -0.092611
 20.000    0.917476    0.148258   -0.096074
 22.000    0.892734    0.177484   -0.100167
 24.000    0.874632    0.208902   -0.104849
 26.000    0.861033    0.242360   -0.110077
 28.000    0.850383    0.277693   -0.115809
 30.000    0.841519    0.314731   -0.122003
 32.000    0.833551    0.353293   -0.128616
 34.000    0.825788    0.393190   -0.135606
 36.000    0.817686    0.434228   -0.142931
 38.000    0.808811    0.476208   -0.150549
 40.000    0.798817    0.518923   -0.158418
 42.000    0.787431    0.562167   -0.166495
 44.000    0.774435    0.605727   -0.174738
 46.000    0.759661    0.649393   -0.183105
 48.000    0.742982    0.692951   -0.191554
 50.000    0.724309    0.736188   -0.200043
 52.000    0.703582    0.778894   -0.208529
 54.000    0.680772    0.820860   -0.216970
 56.000    0.655875    0.861883   -0.225324
 58.000    0.628911    0.901761   -0.233549
 60.000    0.599922    0.940300   -0.241602
 62.000    0.568970    0.977313   -0.249442
 64.000    0.536134    1.012618   -0.257025
 66.000    0.501511    1.046045   -0.264311
 68.000    0.465215    1.077428   -0.271256
 70.000    0.427373    1.106617   -0.277819
 72.000    0.388125    1.133467   -0.283957
 74.000    0.347625    1.157848   -0.289628
 76.000    0.306036    1.179641   -0.294791
 78.000    0.263532    1.198740   -0.299401
 80.000    0.220296    1.215051   -0.303418
 82.000    0.176518    1.228495   -0.306800
 84.000    0.132395    1.239005   -0.309503
 86.000    0.088130    1.246531   -0.311487
 88.000    0.043928    1.251035   -0.312708
 90.000    0.000000    1.252496   -0.313124
