Viterna extrapolated polar
 alpha from -90.0 to 90.0 deg
 BLEND_WIDTH = 6.000 deg

 alpha        Cl          Cd          Cm
 ------   ---------   ---------   ---------
-90.000   -0.000000    1.252496    0.313124
-88.000   -0.043715    1.254511    0.312640
-86.000   -0.087279    1.253478    0.311219
-84.000   -0.130479    1.249415    0.308906
-82.000   -0.173106    1.242354    0.305748
-80.000   -0.214954    1.232344    0.301790
-78.000   -0.255821    1.219445    0.297080
-76.000   -0.295511    1.203733    0.291662
-74.000   -0.333834    1.185298    0.285582
-72.000   -0.370606    1.164241    0.278888
-70.000   -0.405652    1.140677    0.271624
-68.000   -0.438807    1.114734    0.263836
-66.000   -0.469914    1.086550    0.255572
-64.000   -0.498828    1.056274    0.246876
-62.000   -0.525415    1.024066    0.237795
-60.000   -0.549553    0.990093    0.228374
-58.000   -0.571135    0.954533    0.218661
-56.000   -0.590063    0.917571    0.208699
-54.000   -0.606259    0.879396    0.198537
-52.000   -0.619654    0.840205    0.188220
-50.000   -0.630199    0.800201    0.177793
-48.000   -0.637858    0.759587    0.167303
-46.000   -0.642614    0.718572    0.156795
-44.000   -0.644463    0.677364    0.146317
-42.000   -0.643422    0.636174    0.135913
-40.000   -0.639525    0.595211    0.125630
-38.000   -0.632826    0.554683    0.115514
-36.000   -0.623396    0.514795    0.105610
-34.000   -0.611332    0.475751    0.095965
-32.000   -0.596750    0.437747    0.086625
-30.000   -0.579794    0.400976    0.077636
-28.000   -0.560640    0.365623    0.069044
-26.000   -0.539496    0.331867    0.060894
-24.000   -0.516618    0.299879    0.053233
-22.000   -0.492320    0.269819    0.046107
-20.000   -0.466999    0.241839    0.039562
-18.000   -0.441173    0.216080    0.033644
-16.000   -0.415552    0.192672    0.028398
-14.000   -0.391161    0.171733    0.023872
-12.000   -0.369603    0.153368    0.020110
-10.000   -0.353622    0.137669    0.017159
 -8.000   -0.348524    0.124715    0.015065
 -6.000   -0.360847    0.115458    0.012003
 -4.000   -0.404623    0.098538   -0.000332
 -2.000   -0.066482    0.054756   -0.091687
  0.000    0.248200    0.051940   -0.113400
  2.000    0.456100    0.052870   -0.108900
  4.000    0.636900    0.059960   -0.112400
  6.000    0.737650    0.078120   -0.107350
  8.000    0.751600    0.106230   -0.105400
 10.000    0.725000    0.140840   -0.114100
 12.000    0.770400    0.165670   -0.118700
 14.000    0.834250    0.186260   -0.123650
 16.000    0.862350    0.203975   -0.125250
 18.000    0.992913    0.225050   -0.144019
 20.000    1.082800    0.247980   -0.160500
 22.000    1.042878    0.273812   -0.160839
 24.000    1.006022    0.305849   -0.161938
 26.000    0.979036    0.337741   -0.163672
 28.000    0.956718    0.371393   -0.166025
 30.000    0.937571    0.406635   -0.168954
 32.000    0.920456    0.443289   -0.172418
 34.000    0.904493    0.481169   -0.176373
 36.000    0.888990    0.520082   -0.180776
 38.000    0.873396    0.559832   -0.185586
 40.000    0.857277    0.600217   -0.190758
 42.000    0.840282    0.641030   -0.196251
 44.000    0.822134    0.682065   -0.202021
 46.000    0.802617    0.723111   -0.208026
 48.000    0.781562    0.763960   -0.214224
 50.000    0.758847    0.804402   -0.220571
 52.000    0.734383    0.844229   -0.227024
 54.000    0.708118    0.883237   -0.233542
 56.000    0.680028    0.921225   -0.240082
 58.000    0.650115    0.957996   -0.246600
 60.000    0.618408    0.993361   -0.253053
 62.000    0.584954    1.027134   -0.259400
 64.000    0.549825    1.059139   -0.265598
 66.000    0.513107    1.089208   -0.271603
 68.000    0.474907    1.117182   -0.277373
 70.000    0.435344    1.142912   -0.282866
 72.000    0.394555    1.166260   -0.288038
 74.000    0.352686    1.187099   -0.292848
 76.000    0.309898    1.205314   -0.297251
 78.000    0.266362    1.220804   -0.301206
 80.000    0.222257    1.233479   -0.304670
 82.000    0.177771    1.243264   -0.307599
 84.000    0.133099    1.250098   -0.309952
 86.000    0.088442    1.253934   -0.311686
 88.000    0.044006    1.254739   -0.312757
 90.000    0.000000    1.252496   -0.313124
