Viterna extrapolated polar
 alpha from -90.0 to 90.0 deg
 BLEND_WIDTH = 6.000 deg

 alpha        Cl          Cd          Cm
 ------   ---------   ---------   ---------
-90.000   -0.000000    1.252496    0.313124
-88.000   -0.043716    1.253344    0.312515
-86.000   -0.087283    1.251146    0.310727
-84.000   -0.130489    1.245920    0.307820
-82.000   -0.173125    1.237701    0.303853
-80.000   -0.214984    1.226538    0.298884
-78.000   -0.255864    1.212494    0.292973
-76.000   -0.295570    1.195645    0.286179
-74.000   -0.333911    1.176082    0.278562
-72.000   -0.370704    1.153909    0.270179
-70.000   -0.405774    1.129242    0.261091
-68.000   -0.438955    1.102210    0.251356
-66.000   -0.470091    1.072952    0.241034
-64.000   -0.499036    1.041618    0.230183
-62.000   -0.525659    1.008370    0.218863
-60.000   -0.549835    0.973377    0.207134
-58.000   -0.571458    0.936817    0.195053
-56.000   -0.590431    0.898875    0.182680
-54.000   -0.606675    0.859744    0.170074
-52.000   -0.620123    0.819622    0.157295
-50.000   -0.630725    0.778711    0.144401
-48.000   -0.638446    0.737216    0.131452
-46.000   -0.643268    0.695347    0.118507
-44.000   -0.645190    0.653314    0.105624
-42.000   -0.644227    0.611328    0.092863
-40.000   -0.640416    0.569600    0.080284
-38.000   -0.633810    0.528337    0.067944
-36.000   -0.624483    0.487748    0.055904
-34.000   -0.612531    0.448034    0.044222
-32.000   -0.598074    0.409394    0.032958
-30.000   -0.581258    0.372022    0.022170
-28.000   -0.562260    0.336104    0.011918
-26.000   -0.541294    0.301818    0.002260
-24.000   -0.518620    0.269336   -0.006743
-22.000   -0.494559    0.238820   -0.015033
-20.000   -0.469518    0.210422   -0.022551
-18.000   -0.444029    0.184284   -0.029238
-16.000   -0.418822    0.160535   -0.035034
-14.000   -0.394958    0.139293   -0.039881
-12.000   -0.374093    0.120665   -0.043719
-10.000   -0.359071    0.104744   -0.046489
 -8.000   -0.351822    0.095373   -0.044216
 -6.000   -0.365392    0.073977   -0.057766
 -4.000   -0.072187    0.034960   -0.114348
 -2.000    0.261900    0.028350   -0.133400
  0.000    0.580700    0.022310   -0.146700
  2.000    0.830800    0.018730   -0.144100
  4.000    1.065800    0.020440   -0.145600
  6.000    1.259000    0.023600   -0.139700
  8.000    1.432600    0.027740   -0.131300
 10.000    1.547600    0.032570   -0.114100
 12.000    1.581095    0.039679   -0.085564
 14.000    1.557268    0.054922   -0.072835
 16.000    1.418274    0.077183   -0.073773
 18.000    1.311964    0.101686   -0.075551
 20.000    1.235073    0.128811   -0.077968
 22.000    1.175035    0.158296   -0.081212
 24.000    1.127040    0.189996   -0.085231
 26.000    1.087725    0.223759   -0.089974
 28.000    1.054659    0.259421   -0.095388
 30.000    1.026041    0.296809   -0.101423
 32.000    1.000502    0.335742   -0.108025
 34.000    0.976985    0.376033   -0.115142
 36.000    0.954665    0.417486   -0.122724
 38.000    0.932884    0.459899   -0.130718
 40.000    0.911122    0.503070   -0.139072
 42.000    0.888961    0.546787   -0.147734
 44.000    0.866068    0.590841   -0.156653
 46.000    0.842182    0.635017   -0.165775
 48.000    0.817097    0.679103   -0.175051
 50.000    0.790658    0.722885   -0.184427
 52.000    0.762753    0.766153   -0.193851
 54.000    0.733305    0.808696   -0.203273
 56.000    0.702274    0.850310   -0.212639
 58.000    0.669645    0.890794   -0.221898
 60.000    0.635434    0.929952   -0.230998
 62.000    0.599677    0.967597   -0.239888
 64.000    0.562435    1.003546   -0.248514
 66.000    0.523788    1.037627   -0.256826
 68.000    0.483833    1.069676   -0.264771
 70.000    0.442686    1.099538   -0.272298
 72.000    0.400476    1.127072   -0.279354
 74.000    0.357348    1.152144   -0.285888
 76.000    0.313456    1.174635   -0.291847
 78.000    0.268969    1.194437   -0.297181
 80.000    0.224063    1.211457   -0.301836
 82.000    0.178925    1.225614   -0.305761
 84.000    0.133747    1.236842   -0.308905
 86.000    0.088730    1.245087   -0.311214
 88.000    0.044078    1.250313   -0.312638
 90.000    0.000000    1.252496   -0.313124
