Viterna extrapolated polar
 alpha from -90.0 to 90.0 deg
 BLEND_WIDTH = 6.000 deg

 alpha        Cl          Cd          Cm
 ------   ---------   ---------   ---------
-90.000   -0.000000    1.252496    0.313124
-88.000   -0.043674    1.251643    0.312397
-86.000   -0.087112    1.247746    0.310262
-84.000   -0.130103    1.240826    0.306788
-82.000   -0.172436    1.230919    0.302047
-80.000   -0.213906    1.218076    0.296106
-78.000   -0.254309    1.202361    0.289037
-76.000   -0.293448    1.183855    0.280908
-74.000   -0.331130    1.162649    0.271790
-72.000   -0.367171    1.138849    0.261752
-70.000   -0.401393    1.112574    0.250865
-68.000   -0.433629    1.083953    0.239197
-66.000   -0.463718    1.053129    0.226818
-64.000   -0.491513    1.020254    0.213799
-62.000   -0.516875    0.985490    0.200209
-60.000   -0.539677    0.949009    0.186117
-58.000   -0.559806    0.910991    0.171594
-56.000   -0.577159    0.871623    0.156709
-54.000   -0.591648    0.831098    0.141533
-52.000   -0.603197    0.789618    0.126133
-50.000   -0.611746    0.747384    0.110582
-48.000   -0.617245    0.704606    0.094947
-46.000   -0.619663    0.661493    0.079299
-44.000   -0.618978    0.618257    0.063708
-42.000   -0.615184    0.575111    0.048244
-40.000   -0.608291    0.532266    0.032975
-38.000   -0.598318    0.489933    0.017973
-36.000   -0.585299    0.448320    0.003306
-34.000   -0.569280    0.407630   -0.010955
-32.000   -0.550317    0.368064   -0.024742
-30.000   -0.528474    0.329816   -0.037983
-28.000   -0.503826    0.293073   -0.050610
-26.000   -0.476448    0.258015   -0.062553
-24.000   -0.446417    0.224814   -0.073741
-22.000   -0.413805    0.193634   -0.084106
-20.000   -0.378668    0.164626   -0.093577
-18.000   -0.341030    0.137934   -0.102085
-16.000   -0.300858    0.113687   -0.109560
-14.000   -0.258015    0.092006   -0.115932
-12.000   -0.212160    0.072995   -0.121131
-10.000   -0.162537    0.056749   -0.125088
 -8.000   -0.107029    0.043585   -0.127573
 -6.000   -0.040134    0.035339   -0.127447
 -4.000    0.099133    0.024137   -0.131165
 -2.000    0.305700    0.021340   -0.124300
  0.000    0.464300    0.020820   -0.111100
  2.000    0.609200    0.021550   -0.094300
  4.000    0.746400    0.022890   -0.078000
  6.000    0.872100    0.024860   -0.061200
  8.000    1.074000    0.028060   -0.062200
 10.000    1.197700    0.033480   -0.051500
 12.000    1.282308    0.041453   -0.040003
 14.000    1.359366    0.052225   -0.031697
 16.000    1.248915    0.077072   -0.031432
 18.000    1.189937    0.097226   -0.031968
 20.000    1.127441    0.124405   -0.034486
 22.000    1.079364    0.153948   -0.038021
 24.000    1.041500    0.185712   -0.042511
 26.000    1.010900    0.219544   -0.047892
 28.000    0.985431    0.255280   -0.054102
 30.000    0.963507    0.292748   -0.061077
 32.000    0.943923    0.331766   -0.068754
 34.000    0.925745    0.372145   -0.077070
 36.000    0.908243    0.413692   -0.085962
 38.000    0.890836    0.456204   -0.095367
 40.000    0.873062    0.499477   -0.105222
 42.000    0.854553    0.543302   -0.115463
 44.000    0.835014    0.587467   -0.126027
 46.000    0.814216    0.631759   -0.136852
 48.000    0.791980    0.675965   -0.147874
 50.000    0.768173    0.719871   -0.159030
 52.000    0.742700    0.763265   -0.170257
 54.000    0.715502    0.805940   -0.181492
 56.000    0.686549    0.847688   -0.192671
 58.000    0.655841    0.888309   -0.203733
 60.000    0.623399    0.927608   -0.214613
 62.000    0.589270    0.965395   -0.225248
 64.000    0.553522    1.001491   -0.235576
 66.000    0.516238    1.035720   -0.245533
 68.000    0.477524    1.067919   -0.255056
 70.000    0.437497    1.097935   -0.264082
 72.000    0.396291    1.125623   -0.272548
 74.000    0.354053    1.150851   -0.280391
 76.000    0.310941    1.173500   -0.287547
 78.000    0.267126    1.193462   -0.293954
 80.000    0.222786    1.210643   -0.299549
 82.000    0.178109    1.224962   -0.304268
 84.000    0.133289    1.236352   -0.308048
 86.000    0.088526    1.244760   -0.310826
 88.000    0.044027    1.250149   -0.312539
 90.000    0.000000    1.252496   -0.313124
