Viterna extrapolated polar
 alpha from -90.0 to 90.0 deg
 BLEND_WIDTH = 6.000 deg

 alpha        Cl          Cd          Cm
 ------   ---------   ---------   ---------
-90.000   -0.000000    1.252496    0.313124
-88.000   -0.043718    1.252925    0.312535
-86.000   -0.087291    1.250309    0.310808
-84.000   -0.130506    1.244666    0.308000
-82.000   -0.173154    1.236032    0.304168
-80.000   -0.215029    1.224456    0.299369
-78.000   -0.255930    1.210000    0.293662
-76.000   -0.295660    1.192743    0.287103
-74.000   -0.334028    1.172776    0.279751
-72.000   -0.370853    1.150203    0.271662
-70.000   -0.405958    1.125140    0.262894
-68.000   -0.439179    1.097717    0.253505
-66.000   -0.470359    1.068073    0.243552
-64.000   -0.499354    1.036360    0.233092
-62.000   -0.526029    1.002739    0.222183
-60.000   -0.550264    0.967379    0.210883
-58.000   -0.571949    0.930460    0.199249
-56.000   -0.590991    0.892168    0.187338
-54.000   -0.607309    0.852694    0.175208
-52.000   -0.620837    0.812237    0.162916
-50.000   -0.631526    0.771001    0.150521
-48.000   -0.639340    0.729190    0.138078
-46.000   -0.644264    0.687015    0.125646
-44.000   -0.646295    0.644686    0.113283
-42.000   -0.645452    0.602415    0.101045
-40.000   -0.641771    0.560411    0.088991
-38.000   -0.635307    0.518885    0.077177
-36.000   -0.626135    0.478044    0.065661
-34.000   -0.614355    0.438090    0.054501
-32.000   -0.600088    0.399222    0.043754
-30.000   -0.583484    0.361634    0.033477
-28.000   -0.564724    0.325513    0.023729
-26.000   -0.544029    0.291037    0.014566
-24.000   -0.521665    0.258379    0.006046
-22.000   -0.497965    0.227699   -0.001773
-20.000   -0.473350    0.199151   -0.008835
-18.000   -0.448373    0.172876   -0.015081
-16.000   -0.423798    0.149005   -0.020454
-14.000   -0.400733    0.127655   -0.024897
-12.000   -0.380922    0.108933   -0.028352
-10.000   -0.367361    0.092931   -0.030762
 -8.000   -0.361116    0.085040   -0.031356
 -6.000   -0.348809    0.059439   -0.041652
 -4.000   -0.074058    0.019685   -0.083141
 -2.000    0.225300    0.015230   -0.102000
  0.000    0.472200    0.011810   -0.106500
  2.000    0.691200    0.011970   -0.104700
  4.000    0.888000    0.012960   -0.099000
  6.000    1.096335    0.014892   -0.092600
  8.000    1.210839    0.022223   -0.077844
 10.000    1.073954    0.033916   -0.077284
 12.000    0.949178    0.051652   -0.078445
 14.000    0.881293    0.070834   -0.080340
 16.000    0.837759    0.092713   -0.082964
 18.000    0.809820    0.117182   -0.086275
 20.000    0.792161    0.144122   -0.090232
 22.000    0.781345    0.173403   -0.094793
 24.000    0.775038    0.204881   -0.099916
 26.000    0.771587    0.238403   -0.105561
 28.000    0.769781    0.273807   -0.111686
 30.000    0.768711    0.310920   -0.118249
 32.000    0.767677    0.349560   -0.125208
 34.000    0.766130    0.389541   -0.132523
 36.000    0.763638    0.430667   -0.140152
 38.000    0.759855    0.472739   -0.148053
 40.000    0.754505    0.515551   -0.156184
 42.000    0.747370    0.558896   -0.164505
 44.000    0.738279    0.602561   -0.172974
 46.000    0.727100    0.646336   -0.181549
 48.000    0.713739    0.690006   -0.190189
 50.000    0.698129    0.733359   -0.198852
 52.000    0.680234    0.776184   -0.207498
 54.000    0.660043    0.818273   -0.216083
 56.000    0.637567    0.859421   -0.224567
 58.000    0.612839    0.899428   -0.232909
 60.000    0.585911    0.938099   -0.241067
 62.000    0.556854    0.975246   -0.248999
 64.000    0.525756    1.010689   -0.256664
 66.000    0.492721    1.044254   -0.264020
 68.000    0.457869    1.075780   -0.271026
 70.000    0.421330    1.105111   -0.277641
 72.000    0.383252    1.132107   -0.283823
 74.000    0.343788    1.156635   -0.289530
 76.000    0.303108    1.178576   -0.294721
 78.000    0.261387    1.197825   -0.299354
 80.000    0.218810    1.214287   -0.303389
 82.000    0.175569    1.227882   -0.306783
 84.000    0.131862    1.238545   -0.309495
 86.000    0.087893    1.246224   -0.311483
 88.000    0.043869    1.250882   -0.312707
 90.000    0.000000    1.252496   -0.313124
