Viterna extrapolated polar
 alpha from -90.0 to 90.0 deg
 BLEND_WIDTH = 6.000 deg

 alpha        Cl          Cd          Cm
 ------   ---------   ---------   ---------
-90.000   -0.000000    1.252496    0.313124
-88.000   -0.043724    1.253355    0.312563
-86.000   -0.087312    1.251167    0.310917
-84.000   -0.130555    1.245952    0.308240
-82.000   -0.173241    1.237744    0.304587
-80.000   -0.215166    1.226592    0.300010
-78.000   -0.256128    1.212558    0.294566
-76.000   -0.295929    1.195720    0.288307
-74.000   -0.334382    1.176168    0.281289
-72.000   -0.371302    1.154005    0.273566
-70.000   -0.406515    1.129348    0.265191
-68.000   -0.439856    1.102326    0.256219
-66.000   -0.471169    1.073078    0.246705
-64.000   -0.500309    1.041754    0.236703
-62.000   -0.527145    1.008515    0.226266
-60.000   -0.551554    0.973532    0.215449
-58.000   -0.573429    0.936981    0.204307
-56.000   -0.592677    0.899048    0.192894
-54.000   -0.609218    0.859926    0.181263
-52.000   -0.622987    0.819813    0.169470
-50.000   -0.633937    0.778910    0.157568
-48.000   -0.642034    0.737423    0.145612
-46.000   -0.647262    0.695562    0.133656
-44.000   -0.649625    0.653537    0.121754
-42.000   -0.649142    0.611558    0.109961
-40.000   -0.645852    0.569837    0.098330
-38.000   -0.639815    0.528581    0.086917
-36.000   -0.631113    0.487998    0.075775
-34.000   -0.619849    0.448291    0.064958
-32.000   -0.606154    0.409657    0.054521
-30.000   -0.590189    0.372290    0.044519
-28.000   -0.572147    0.336377    0.035005
-26.000   -0.552266    0.302096    0.026033
-24.000   -0.530836    0.269619    0.017658
-22.000   -0.508222    0.239107    0.009935
-20.000   -0.484890    0.210713    0.002917
-18.000   -0.461457    0.184578   -0.003342
-16.000   -0.438782    0.160832   -0.008786
-14.000   -0.418129    0.139594   -0.013363
-12.000   -0.401492    0.120968   -0.017016
-10.000   -0.392325    0.105049   -0.019693
 -8.000   -0.395829    0.092809   -0.021522
 -6.000   -0.432000    0.081630   -0.021900
 -4.000   -0.163864    0.033537   -0.085604
 -2.000    0.194300    0.024620   -0.113900
  0.000    0.476050    0.020165   -0.122850
  2.000    0.763700    0.018150   -0.132500
  4.000    1.001000    0.018220   -0.132400
  6.000    1.198500    0.020230   -0.126300
  8.000    1.293400    0.023380   -0.102600
 10.000    1.353611    0.034469   -0.078491
 12.000    1.308048    0.053474   -0.066028
 14.000    1.175134    0.072190   -0.067600
 16.000    1.090028    0.093724   -0.069433
 18.000    1.030087    0.118182   -0.071881
 20.000    0.986446    0.145111   -0.075129
 22.000    0.954039    0.174378   -0.079127
 24.000    0.929445    0.205842   -0.083828
 26.000    0.910262    0.239349   -0.089181
 28.000    0.894744    0.274736   -0.095139
 30.000    0.881590    0.311830   -0.101652
 32.000    0.869806    0.350452   -0.108672
 34.000    0.858622    0.390413   -0.116149
 36.000    0.847432    0.431518   -0.124035
 38.000    0.835754    0.473568   -0.132281
 40.000    0.823205    0.516357   -0.140839
 42.000    0.809479    0.559677   -0.149659
 44.000    0.794334    0.603318   -0.158692
 46.000    0.777581    0.647066   -0.167891
 48.000    0.759077    0.690709   -0.177205
 50.000    0.738717    0.734035   -0.186587
 52.000    0.716431    0.776832   -0.195986
 54.000    0.692180    0.818891   -0.205356
 56.000    0.665951    0.860009   -0.214646
 58.000    0.637757    0.899986   -0.223807
 60.000    0.607634    0.938625   -0.232792
 62.000    0.575638    0.975740   -0.241551
 64.000    0.541845    1.011150   -0.250035
 66.000    0.506349    1.044682   -0.258196
 68.000    0.469258    1.076174   -0.265985
 70.000    0.430698    1.105471   -0.273352
 72.000    0.390807    1.132432   -0.280250
 74.000    0.349736    1.156925   -0.286628
 76.000    0.307647    1.178831   -0.292440
 78.000    0.264713    1.198043   -0.297634
 80.000    0.221114    1.214469   -0.302164
 82.000    0.177041    1.228028   -0.305979
 84.000    0.132689    1.238655   -0.309032
 86.000    0.088260    1.246297   -0.311273
 88.000    0.043960    1.250918   -0.312653
 90.000    0.000000    1.252496   -0.313124
