Viterna extrapolated polar
 alpha from -90.0 to 90.0 deg
 BLEND_WIDTH = 6.000 deg

 alpha        Cl          Cd          Cm
 ------   ---------   ---------   ---------
-90.000   -0.000000    1.252496    0.313124
-88.000   -0.043846    1.250426    0.312312
-86.000   -0.087801    1.245314    0.309934
-84.000   -0.131656    1.237181    0.306074
-82.000   -0.175201    1.226066    0.300817
-80.000   -0.218234    1.212021    0.294248
-78.000   -0.260556    1.195112    0.286453
-76.000   -0.301974    1.175420    0.277515
-74.000   -0.342302    1.153039    0.267521
-72.000   -0.381364    1.128075    0.256555
-70.000   -0.418990    1.100649    0.244702
-68.000   -0.455023    1.070892    0.232047
-66.000   -0.489317    1.038948    0.218675
-64.000   -0.521736    1.004970    0.204671
-62.000   -0.552160    0.969122    0.190120
-60.000   -0.580483    0.931576    0.175107
-58.000   -0.606613    0.892515    0.159717
-56.000   -0.630476    0.852126    0.144035
-54.000   -0.652014    0.810605    0.128145
-52.000   -0.671191    0.768152    0.112134
-50.000   -0.687988    0.724973    0.096085
-48.000   -0.702411    0.681276    0.080084
-46.000   -0.714488    0.637273    0.064216
-44.000   -0.724274    0.593177    0.048566
-42.000   -0.731852    0.549200    0.033218
-40.000   -0.737340    0.505557    0.018258
-38.000   -0.740891    0.462459    0.003771
-36.000   -0.742702    0.420113   -0.010159
-34.000   -0.743021    0.378725   -0.023446
-32.000   -0.742160    0.338497   -0.036005
-30.000   -0.740509    0.299621   -0.047752
-28.000   -0.738560    0.262288   -0.058601
-26.000   -0.736939    0.226678   -0.068468
-24.000   -0.736460    0.192963   -0.077267
-22.000   -0.738198    0.161307   -0.084914
-20.000   -0.743619    0.131863   -0.091323
-18.000   -0.754786    0.104774   -0.096410
-16.000   -0.774729    0.080172   -0.100090
-14.000   -0.761494    0.067870   -0.095670
-12.000   -0.870610    0.034870   -0.107624
-10.000   -0.627568    0.030009   -0.121562
 -8.000   -0.342800    0.023690   -0.134900
 -6.000   -0.044800    0.018020   -0.147700
 -4.000    0.242500    0.015140   -0.159700
 -2.000    0.463200    0.014320   -0.157400
  0.000    0.648200    0.014520   -0.148300
  2.000    0.827800    0.015570   -0.139000
  4.000    1.009100    0.017160   -0.130900
  6.000    1.153800    0.018970   -0.116000
  8.000    1.307200    0.022910   -0.106400
 10.000    1.433300    0.028530   -0.095100
 12.000    1.534900    0.036600   -0.084200
 14.000    1.616300    0.047260   -0.075300
 16.000    1.631500    0.066280   -0.070300
 18.000    1.658056    0.087387   -0.070369
 20.000    1.625621    0.112288   -0.073675
 22.000    1.516033    0.141586   -0.073807
 24.000    1.429672    0.174118   -0.075711
 26.000    1.359523    0.208137   -0.078650
 28.000    1.299581    0.244075   -0.082534
 30.000    1.247278    0.281757   -0.087299
 32.000    1.200672    0.321003   -0.092878
 34.000    1.158267    0.361624   -0.099206
 36.000    1.118899    0.403425   -0.106216
 38.000    1.081645    0.446204   -0.113844
 40.000    1.045772    0.489756   -0.122023
 42.000    1.010692    0.533871   -0.130687
 44.000    0.975935    0.578338   -0.139771
 46.000    0.941123    0.622944   -0.149208
 48.000    0.905959    0.667473   -0.158933
 50.000    0.870210    0.711713   -0.168881
 52.000    0.833697    0.755452   -0.178985
 54.000    0.796292    0.798480   -0.189179
 56.000    0.757905    0.840591   -0.199398
 58.000    0.718484    0.881584   -0.209576
 60.000    0.678011    0.921262   -0.219647
 62.000    0.636494    0.959437   -0.229545
 64.000    0.593970    0.995927   -0.239205
 66.000    0.550497    1.030558   -0.248560
 68.000    0.506156    1.063165   -0.257545
 70.000    0.461047    1.093594   -0.266094
 72.000    0.415285    1.121701   -0.274141
 74.000    0.369005    1.147353   -0.281621
 76.000    0.322352    1.170430   -0.288467
 78.000    0.275487    1.190824   -0.294614
 80.000    0.228579    1.208439   -0.299995
 82.000    0.181809    1.223195   -0.304546
 84.000    0.135367    1.235025   -0.308200
 86.000    0.089449    1.243875   -0.310892
 88.000    0.044258    1.249706   -0.312555
 90.000    0.000000    1.252496   -0.313124
