Viterna extrapolated polar
 alpha from -90.0 to 90.0 deg
 BLEND_WIDTH = 6.000 deg

 alpha        Cl          Cd          Cm
 ------   ---------   ---------   ---------
-90.000   -0.000000    1.252496    0.313124
-88.000   -0.043715    1.252598    0.312526
-86.000   -0.087276    1.249654    0.310770
-84.000   -0.130472    1.243684    0.307916
-82.000   -0.173094    1.234725    0.304019
-80.000   -0.214935    1.222825    0.299140
-78.000   -0.255795    1.208047    0.293335
-76.000   -0.295475    1.190471    0.286664
-74.000   -0.333787    1.170187    0.279183
-72.000   -0.370546    1.147300    0.270951
-70.000   -0.405578    1.121928    0.262026
-68.000   -0.438716    1.094198    0.252466
-66.000   -0.469805    1.064253    0.242329
-64.000   -0.498700    1.032243    0.231674
-62.000   -0.525265    0.998329    0.220557
-60.000   -0.549380    0.962683    0.209038
-58.000   -0.570936    0.925483    0.197174
-56.000   -0.589837    0.886916    0.185024
-54.000   -0.606002    0.847173    0.172645
-52.000   -0.619366    0.806455    0.160095
-50.000   -0.629876    0.764963    0.147433
-48.000   -0.637497    0.722905    0.134717
-46.000   -0.642211    0.680490    0.122004
-44.000   -0.644016    0.637930    0.109353
-42.000   -0.642927    0.595435    0.096821
-40.000   -0.638978    0.553216    0.084468
-38.000   -0.632221    0.511484    0.072350
-36.000   -0.622728    0.470445    0.060526
-34.000   -0.610594    0.430303    0.049054
-32.000   -0.595936    0.391257    0.037992
-30.000   -0.578895    0.353500    0.027398
-28.000   -0.559644    0.317220    0.017330
-26.000   -0.538390    0.282595    0.007847
-24.000   -0.515387    0.249798   -0.000995
-22.000   -0.490943    0.218991   -0.009136
-20.000   -0.465450    0.190325   -0.016519
-18.000   -0.439418    0.163943   -0.023086
-16.000   -0.413541    0.139976   -0.028778
-14.000   -0.388826    0.118541   -0.033537
-12.000   -0.366843    0.099746   -0.037307
-10.000   -0.350272    0.083682   -0.040027
 -8.000   -0.345341    0.073633   -0.040280
 -6.000   -0.353188    0.057644   -0.044162
 -4.000   -0.088544    0.020788   -0.081338
 -2.000    0.224900    0.015230   -0.101900
  0.000    0.472300    0.011800   -0.106500
  2.000    0.691100    0.011960   -0.104700
  4.000    0.887900    0.012940   -0.098900
  6.000    1.086127    0.015167   -0.092820
  8.000    1.247309    0.025441   -0.074577
 10.000    1.112996    0.046089   -0.066951
 12.000    0.981954    0.060863   -0.070213
 14.000    0.909010    0.079971   -0.072087
 16.000    0.861635    0.101765   -0.074724
 18.000    0.830667    0.126138   -0.078081
 20.000    0.810549    0.152971   -0.082116
 22.000    0.797690    0.182134   -0.086783
 24.000    0.789652    0.213484   -0.092041
 26.000    0.784712    0.246867   -0.097845
 28.000    0.781609    0.282122   -0.104153
 30.000    0.779395    0.319075   -0.110921
 32.000    0.777343    0.357546   -0.118106
 34.000    0.774884    0.397348   -0.125665
 36.000    0.771569    0.438286   -0.133553
 38.000    0.767038    0.480160   -0.141729
 40.000    0.761007    0.522765   -0.150148
 42.000    0.753249    0.565894   -0.158768
 44.000    0.743584    0.609335   -0.167544
 46.000    0.731878    0.652877   -0.176434
 48.000    0.718030    0.696307   -0.185395
 50.000    0.701971    0.739412   -0.194383
 52.000    0.683660    0.781982   -0.203354
 54.000    0.663085    0.823808   -0.212266
 56.000    0.640254    0.864687   -0.221075
 58.000    0.615197    0.904418   -0.229738
 60.000    0.587967    0.942808   -0.238211
 62.000    0.558631    0.979667   -0.246452
 64.000    0.527279    1.014817   -0.254417
 66.000    0.494011    1.048085   -0.262062
 68.000    0.458947    1.079307   -0.269344
 70.000    0.422217    1.108332   -0.276220
 72.000    0.383967    1.135017   -0.282647
 74.000    0.344351    1.159230   -0.288582
 76.000    0.303538    1.180855   -0.293980
 78.000    0.261702    1.199783   -0.298799
 80.000    0.219028    1.215922   -0.302996
 82.000    0.175708    1.229193   -0.306526
 84.000    0.131940    1.239529   -0.309348
 86.000    0.087928    1.246881   -0.311417
 88.000    0.043877    1.251210   -0.312690
 90.000    0.000000    1.252496   -0.313124
