Viterna extrapolated polar
 alpha from -90.0 to 90.0 deg
 BLEND_WIDTH = 6.000 deg

 alpha        Cl          Cd          Cm
 ------   ---------   ---------   ---------
-90.000   -0.000000    1.252496    0.313124
-88.000   -0.043713    1.252516    0.312504
-86.000   -0.087268    1.249491    0.310684
-84.000   -0.130455    1.243440    0.307726
-82.000   -0.173063    1.234400    0.303690
-80.000   -0.214887    1.222419    0.298638
-78.000   -0.255725    1.207562    0.292629
-76.000   -0.295380    1.189906    0.285726
-74.000   -0.333662    1.169543    0.277989
-72.000   -0.370387    1.146579    0.269479
-70.000   -0.405381    1.121129    0.260256
-68.000   -0.438477    1.093323    0.250383
-66.000   -0.469520    1.063303    0.239919
-64.000   -0.498363    1.031219    0.228926
-62.000   -0.524872    0.997233    0.217465
-60.000   -0.548925    0.961515    0.205596
-58.000   -0.570414    0.924245    0.193380
-56.000   -0.589242    0.885609    0.180879
-54.000   -0.605329    0.845800    0.168154
-52.000   -0.618607    0.805017    0.155264
-50.000   -0.629025    0.763462    0.142272
-48.000   -0.636547    0.721342    0.129238
-46.000   -0.641154    0.678868    0.116223
-44.000   -0.642842    0.636249    0.103288
-42.000   -0.641626    0.593699    0.090494
-40.000   -0.637538    0.551427    0.077901
-38.000   -0.630630    0.509643    0.065572
-36.000   -0.620973    0.468555    0.053566
-34.000   -0.608656    0.428367    0.041944
-32.000   -0.593796    0.389276    0.030768
-30.000   -0.576529    0.351477    0.020099
-28.000   -0.557025    0.315157    0.009997
-26.000   -0.535485    0.280496    0.000523
-24.000   -0.512152    0.247664   -0.008261
-22.000   -0.487325    0.216825   -0.016295
-20.000   -0.461379    0.188130   -0.023518
-18.000   -0.434802    0.161722   -0.029869
-16.000   -0.408255    0.137731   -0.035287
-14.000   -0.382690    0.116275   -0.039712
-12.000   -0.359587    0.097461   -0.043081
-10.000   -0.341471    0.081483   -0.045228
 -8.000   -0.337843    0.075836   -0.040776
 -6.000   -0.304974    0.047077   -0.058972
 -4.000    0.030200    0.013740   -0.100500
 -2.000    0.267000    0.010740   -0.105200
  0.000    0.476500    0.008220   -0.103800
  2.000    0.687500    0.009070   -0.101400
  4.000    0.884500    0.010750   -0.097800
  6.000    1.119952    0.010835   -0.089953
  8.000    1.132406    0.026818   -0.082811
 10.000    1.001076    0.015987   -0.084808
 12.000    0.902705    0.030968   -0.086268
 14.000    0.841992    0.050316   -0.088337
 16.000    0.803904    0.072386   -0.091087
 18.000    0.780260    0.097071   -0.094476
 20.000    0.766088    0.124251   -0.098467
 22.000    0.758170    0.153796   -0.103021
 24.000    0.754317    0.185563   -0.108098
 26.000    0.752977    0.219397   -0.113659
 28.000    0.753011    0.255136   -0.119664
 30.000    0.753563    0.292606   -0.126076
 32.000    0.753971    0.331627   -0.132855
 34.000    0.753718    0.372010   -0.139961
 36.000    0.752393    0.413560   -0.147356
 38.000    0.749669    0.456076   -0.155000
 40.000    0.745285    0.499352   -0.162854
 42.000    0.739035    0.543181   -0.170880
 44.000    0.730756    0.587350   -0.179037
 46.000    0.720326    0.631646   -0.187288
 48.000    0.707654    0.675856   -0.195592
 50.000    0.692682    0.719766   -0.203911
 52.000    0.675377    0.763165   -0.212205
 54.000    0.655731    0.805844   -0.220436
 56.000    0.633758    0.847596   -0.228565
 58.000    0.609495    0.888222   -0.236551
 60.000    0.582995    0.927526   -0.244356
 62.000    0.554333    0.965319   -0.251942
 64.000    0.523597    1.001419   -0.259268
 66.000    0.490893    1.035653   -0.266296
 68.000    0.456340    1.067858   -0.272987
 70.000    0.420073    1.097879   -0.279301
 72.000    0.382238    1.125572   -0.285199
 74.000    0.342990    1.150806   -0.290642
 76.000    0.302499    1.173461   -0.295592
 78.000    0.260941    1.193428   -0.300009
 80.000    0.218501    1.210615   -0.303853
 82.000    0.175372    1.224939   -0.307086
 84.000    0.131751    1.236335   -0.309669
 86.000    0.087844    1.244749   -0.311562
 88.000    0.043856    1.250144   -0.312727
 90.000    0.000000    1.252496   -0.313124
