Viterna extrapolated polar
 alpha from -90.0 to 90.0 deg
 BLEND_WIDTH = 6.000 deg

 alpha        Cl          Cd          Cm
 ------   ---------   ---------   ---------
-90.000   -0.000000    1.252496    0.313124
-88.000   -0.043708    1.252704    0.312485
-86.000   -0.087251    1.249866    0.310611
-84.000   -0.130416    1.244003    0.307565
-82.000   -0.172993    1.235149    0.303411
-80.000   -0.214778    1.223354    0.298211
-78.000   -0.255568    1.208682    0.292030
-76.000   -0.295165    1.191209    0.284930
-74.000   -0.333381    1.171028    0.276974
-72.000   -0.370030    1.148243    0.268227
-70.000   -0.404938    1.122971    0.258752
-68.000   -0.437939    1.095341    0.248611
-66.000   -0.468875    1.065494    0.237869
-64.000   -0.497601    1.033580    0.226588
-62.000   -0.523983    0.999762    0.214832
-60.000   -0.547897    0.964209    0.202664
-58.000   -0.569235    0.927100    0.190148
-56.000   -0.587899    0.888622    0.177347
-54.000   -0.603809    0.848967    0.164324
-52.000   -0.616895    0.808333    0.151142
-50.000   -0.627105    0.766924    0.137866
-48.000   -0.634402    0.724947    0.124558
-46.000   -0.638765    0.682610    0.111282
-44.000   -0.640189    0.640124    0.098100
-42.000   -0.638687    0.597702    0.085077
-40.000   -0.634288    0.555553    0.072276
-38.000   -0.627039    0.513888    0.059760
-36.000   -0.617008    0.472914    0.047592
-34.000   -0.604280    0.432833    0.035836
-32.000   -0.588963    0.393845    0.024555
-30.000   -0.571189    0.356143    0.013813
-28.000   -0.551113    0.319914    0.003672
-26.000   -0.528923    0.285338   -0.005803
-24.000   -0.504846    0.252585   -0.014550
-22.000   -0.479154    0.221819   -0.022506
-20.000   -0.452187    0.193192   -0.029606
-18.000   -0.424381    0.166845   -0.035787
-16.000   -0.396319    0.142909   -0.040987
-14.000   -0.368834    0.121502   -0.045141
-12.000   -0.343202    0.102730   -0.048187
-10.000   -0.322823    0.088755   -0.048492
 -8.000   -0.308100    0.073450   -0.050700
 -6.000   -0.269881    0.039673   -0.069589
 -4.000    0.030400    0.013760   -0.100500
 -2.000    0.267000    0.010740   -0.105200
  0.000    0.480767    0.008350   -0.103667
  2.000    0.687500    0.009080   -0.101400
  4.000    0.884500    0.010760   -0.097700
  6.000    1.128355    0.009473   -0.089581
  8.000    1.117734    0.017439   -0.083411
 10.000    0.966417    0.014272   -0.084823
 12.000    0.874251    0.030401   -0.086277
 14.000    0.817929    0.049753   -0.088423
 16.000    0.783176    0.071828   -0.091241
 18.000    0.762162    0.096519   -0.094691
 20.000    0.750124    0.123706   -0.098736
 22.000    0.743980    0.153259   -0.103336
 24.000    0.741630    0.185033   -0.108452
 26.000    0.741582    0.218876   -0.114047
 28.000    0.742744    0.254624   -0.120080
 30.000    0.744288    0.292104   -0.126513
 32.000    0.745579    0.331136   -0.133308
 34.000    0.746118    0.371529   -0.140425
 36.000    0.745507    0.413091   -0.147826
 38.000    0.743432    0.455619   -0.155472
 40.000    0.739640    0.498908   -0.163324
 42.000    0.733932    0.542750   -0.171343
 44.000    0.726150    0.586933   -0.179491
 46.000    0.716178    0.631243   -0.187729
 48.000    0.703929    0.675468   -0.196018
 50.000    0.689347    0.719393   -0.204318
 52.000    0.672403    0.762808   -0.212592
 54.000    0.653090    0.805503   -0.220801
 56.000    0.631426    0.847272   -0.228905
 58.000    0.607447    0.887915   -0.236866
 60.000    0.581210    0.927236   -0.244645
 62.000    0.552789    0.965047   -0.252204
 64.000    0.522275    1.001165   -0.259503
 66.000    0.489773    1.035418   -0.266504
 68.000    0.455404    1.067641   -0.273168
 70.000    0.419304    1.097680   -0.279456
 72.000    0.381617    1.125393   -0.285329
 74.000    0.342502    1.150646   -0.290748
 76.000    0.302126    1.173320   -0.295676
 78.000    0.260668    1.193308   -0.300072
 80.000    0.218312    1.210514   -0.303899
 82.000    0.175251    1.224858   -0.307116
 84.000    0.131683    1.236274   -0.309686
 86.000    0.087814    1.244708   -0.311570
 88.000    0.043849    1.250123   -0.312729
 90.000    0.000000    1.252496   -0.313124
