Viterna extrapolated polar
 alpha from -90.0 to 90.0 deg
 BLEND_WIDTH = 6.000 deg

 alpha        Cl          Cd          Cm
 ------   ---------   ---------   ---------
-90.000   -0.000000    1.252496    0.313124
-88.000   -0.043765    1.251328    0.312368
-86.000   -0.087478    1.247116    0.310151
-84.000   -0.130927    1.239882    0.306549
-82.000   -0.173905    1.229662    0.301640
-80.000   -0.216205    1.216508    0.295499
-78.000   -0.257627    1.200485    0.288204
-76.000   -0.297976    1.181671    0.279832
-74.000   -0.337064    1.160161    0.270458
-72.000   -0.374709    1.136060    0.260159
-70.000   -0.410739    1.109487    0.249013
-68.000   -0.444991    1.080572    0.237095
-66.000   -0.477314    1.049458    0.224483
-64.000   -0.507564    1.016297    0.211252
-62.000   -0.535615    0.981252    0.197481
-60.000   -0.561349    0.944496    0.183245
-58.000   -0.584665    0.906207    0.168620
-56.000   -0.605475    0.866575    0.153685
-54.000   -0.623708    0.825793    0.138514
-52.000   -0.639309    0.784060    0.123186
-50.000   -0.652238    0.741582    0.107776
-48.000   -0.662477    0.698566    0.092361
-46.000   -0.670024    0.655222    0.077019
-44.000   -0.674901    0.611764    0.061824
-42.000   -0.677147    0.568403    0.046855
-40.000   -0.676829    0.525351    0.032188
-38.000   -0.674039    0.482820    0.017899
-36.000   -0.668896    0.441017    0.004065
-34.000   -0.661554    0.400147   -0.009237
-32.000   -0.652205    0.360409   -0.021931
-30.000   -0.641086    0.321998   -0.033940
-28.000   -0.628493    0.285102   -0.045187
-26.000   -0.614795    0.249901   -0.055595
-24.000   -0.600459    0.216568   -0.065089
-22.000   -0.586091    0.185264   -0.073591
-20.000   -0.572494    0.156144   -0.081025
-18.000   -0.560777    0.129349   -0.087314
-16.000   -0.552532    0.105010   -0.092381
-14.000   -0.550179    0.083247   -0.096151
-12.000   -0.546745    0.067812   -0.095647
-10.000   -0.548298    0.059615   -0.088990
 -8.000   -0.404136    0.037180   -0.110510
 -6.000   -0.109100    0.019310   -0.136300
 -4.000    0.168700    0.015150   -0.149300
 -2.000    0.467600    0.012250   -0.162100
  0.000    0.700600    0.011710   -0.162100
  2.000    0.886900    0.012090   -0.153100
  4.000    1.061200    0.013600   -0.142500
  6.000    1.232600    0.016130   -0.133200
  8.000    1.370300    0.019750   -0.119300
 10.000    1.480500    0.025580   -0.104400
 12.000    1.589461    0.033768   -0.090537
 14.000    1.615800    0.048730   -0.081000
 16.000    1.475905    0.071566   -0.081213
 18.000    1.362270    0.095516   -0.082861
 20.000    1.279446    0.122715   -0.085112
 22.000    1.214476    0.152281   -0.088175
 24.000    1.162305    0.184070   -0.091999
 26.000    1.119396    0.217928   -0.096534
 28.000    1.083199    0.253693   -0.101728
 30.000    1.051821    0.291191   -0.107532
 32.000    1.023827    0.330241   -0.113895
 34.000    0.998110    0.370655   -0.120765
 36.000    0.973802    0.412237   -0.128091
 38.000    0.950219    0.454788   -0.135824
 40.000    0.926812    0.498100   -0.143913
 42.000    0.903146    0.541966   -0.152306
 44.000    0.878871    0.586174   -0.160952
 46.000    0.853711    0.630511   -0.169802
 48.000    0.827452    0.674762   -0.178804
 50.000    0.799928    0.718715   -0.187908
 52.000    0.771020    0.762159   -0.197062
 54.000    0.740645    0.804883   -0.206216
 56.000    0.708756    0.846682   -0.215320
 58.000    0.675336    0.887356   -0.224322
 60.000    0.640395    0.926709   -0.233172
 62.000    0.603967    0.964552   -0.241818
 64.000    0.566110    1.000703   -0.250211
 66.000    0.526900    1.034989   -0.258300
 68.000    0.486435    1.067246   -0.266033
 70.000    0.444826    1.097320   -0.273359
 72.000    0.402202    1.125067   -0.280229
 74.000    0.358706    1.150356   -0.286592
 76.000    0.314493    1.173065   -0.292396
 78.000    0.269728    1.193088   -0.297590
 80.000    0.224589    1.210331   -0.302125
 82.000    0.179261    1.224711   -0.305949
 84.000    0.133936    1.236164   -0.309012
 86.000    0.088814    1.244635   -0.311263
 88.000    0.044099    1.250087   -0.312650
 90.000    0.000000    1.252496   -0.313124
