Viterna extrapolated polar
 alpha from -90.0 to 90.0 deg
 BLEND_WIDTH = 6.000 deg

 alpha        Cl          Cd          Cm
 ------   ---------   ---------   ---------
-90.000   -0.000000    1.252496    0.313124
-88.000   -0.043712    1.252587    0.312526
-86.000   -0.087264    1.249632    0.310772
-84.000   -0.130445    1.243653    0.307918
-82.000   -0.173046    1.234683    0.304023
-80.000   -0.214861    1.222772    0.299145
-78.000   -0.255688    1.207984    0.293342
-76.000   -0.295329    1.190398    0.286670
-74.000   -0.333595    1.170104    0.279189
-72.000   -0.370302    1.147207    0.270956
-70.000   -0.405276    1.121824    0.262029
-68.000   -0.438349    1.094084    0.252466
-66.000   -0.469366    1.064129    0.242324
-64.000   -0.498181    1.032110    0.231661
-62.000   -0.524660    0.998187    0.220536
-60.000   -0.548680    0.962531    0.209006
-58.000   -0.570133    0.925322    0.197129
-56.000   -0.588922    0.886746    0.184963
-54.000   -0.604966    0.846995    0.172565
-52.000   -0.618199    0.806268    0.159994
-50.000   -0.628567    0.764768    0.147307
-48.000   -0.636036    0.722702    0.134562
-46.000   -0.640584    0.680279    0.121817
-44.000   -0.642209    0.637711    0.109130
-42.000   -0.640925    0.595209    0.096559
-40.000   -0.636763    0.552983    0.084161
-38.000   -0.629774    0.511245    0.071995
-36.000   -0.620027    0.470199    0.060118
-34.000   -0.607613    0.430051    0.048588
-32.000   -0.592643    0.390999    0.037463
-30.000   -0.575256    0.353237    0.026800
-28.000   -0.555615    0.316952    0.016658
-26.000   -0.533920    0.282322    0.007095
-24.000   -0.510409    0.249521   -0.001832
-22.000   -0.485376    0.218709   -0.010065
-20.000   -0.459187    0.190040   -0.017546
-18.000   -0.432317    0.163654   -0.024218
-16.000   -0.405409    0.139684   -0.030021
-14.000   -0.379386    0.118247   -0.034899
-12.000   -0.355679    0.099449   -0.038794
-10.000   -0.336724    0.083382   -0.041648
 -8.000   -0.328242    0.072404   -0.042195
 -6.000   -0.337800    0.059750   -0.044000
 -4.000   -0.097603    0.021754   -0.080111
 -2.000    0.220300    0.015145   -0.101400
  0.000    0.466600    0.011760   -0.106200
  2.000    0.691000    0.011960   -0.104700
  4.000    0.887800    0.012930   -0.099000
  6.000    1.085635    0.014971   -0.092842
  8.000    1.224575    0.022275   -0.076809
 10.000    1.108338    0.033019   -0.075202
 12.000    0.974652    0.051042   -0.076280
 14.000    0.902836    0.070229   -0.078107
 16.000    0.856316    0.092113   -0.080679
 18.000    0.826023    0.116589   -0.083952
 20.000    0.806453    0.143536   -0.087885
 22.000    0.794049    0.172825   -0.092436
 24.000    0.786397    0.204311   -0.097563
 26.000    0.781788    0.237843   -0.103222
 28.000    0.778974    0.273257   -0.109373
 30.000    0.777015    0.310380   -0.115972
 32.000    0.775190    0.349032   -0.122977
 34.000    0.772934    0.389024   -0.130347
 36.000    0.769802    0.430163   -0.138038
 38.000    0.765438    0.472248   -0.146010
 40.000    0.759559    0.515074   -0.154219
 42.000    0.751939    0.558432   -0.162623
 44.000    0.742402    0.602113   -0.171180
 46.000    0.730814    0.645902   -0.179849
 48.000    0.717074    0.689588   -0.188585
 50.000    0.701115    0.732958   -0.197349
 52.000    0.682897    0.775800   -0.206096
 54.000    0.662407    0.817907   -0.214785
 56.000    0.639655    0.859073   -0.223374
 58.000    0.614672    0.899098   -0.231821
 60.000    0.587509    0.937788   -0.240083
 62.000    0.558235    0.974954   -0.248117
 64.000    0.526939    1.010416   -0.255883
 66.000    0.493724    1.044001   -0.263337
 68.000    0.458707    1.075546   -0.270438
 70.000    0.422020    1.104898   -0.277142
 72.000    0.383807    1.131914   -0.283409
 74.000    0.344226    1.156463   -0.289195
 76.000    0.303442    1.178426   -0.294458
 78.000    0.261632    1.197695   -0.299157
 80.000    0.218980    1.214178   -0.303249
 82.000    0.175677    1.227795   -0.306691
 84.000    0.131923    1.238480   -0.309442
 86.000    0.087920    1.246180   -0.311460
 88.000    0.043876    1.250860   -0.312701
 90.000    0.000000    1.252496   -0.313124
