Viterna extrapolated polar
 alpha from -90.0 to 90.0 deg
 BLEND_WIDTH = 6.000 deg

 alpha        Cl          Cd          Cm
 ------   ---------   ---------   ---------
-90.000   -0.000000    1.252496    0.313124
-88.000   -0.043715    1.253067    0.312552
-86.000   -0.087279    1.250592    0.310874
-84.000   -0.130479    1.245091    0.308144
-82.000   -0.173107    1.236598    0.304417
-80.000   -0.214956    1.225161    0.299750
-78.000   -0.255824    1.210845    0.294196
-76.000   -0.295515    1.193727    0.287812
-74.000   -0.333839    1.173897    0.280652
-72.000   -0.370612    1.151459    0.272771
-70.000   -0.405659    1.126530    0.264225
-68.000   -0.438816    1.099240    0.255068
-66.000   -0.469924    1.069727    0.245357
-64.000   -0.498840    1.038142    0.235145
-62.000   -0.525429    1.004647    0.224489
-60.000   -0.549570    0.969412    0.213443
-58.000   -0.571154    0.932615    0.202063
-56.000   -0.590085    0.894441    0.190404
-54.000   -0.606283    0.855084    0.178520
-52.000   -0.619682    0.814740    0.166468
-50.000   -0.630230    0.773614    0.154302
-48.000   -0.637893    0.731910    0.142077
-46.000   -0.642652    0.689839    0.129848
-44.000   -0.644506    0.647610    0.117672
-42.000   -0.643469    0.605436    0.105602
-40.000   -0.639578    0.563525    0.093695
-38.000   -0.632883    0.522089    0.082004
-36.000   -0.623460    0.481333    0.070586
-34.000   -0.611402    0.441460    0.059495
-32.000   -0.596827    0.402670    0.048788
-30.000   -0.579880    0.365155    0.038518
-28.000   -0.560735    0.329102    0.028741
-26.000   -0.539601    0.294691    0.019512
-24.000   -0.516735    0.262092    0.010886
-22.000   -0.492451    0.231468    0.002919
-20.000   -0.467147    0.202971   -0.004334
-18.000   -0.441341    0.176742   -0.010819
-16.000   -0.415744    0.152912   -0.016479
-14.000   -0.391383    0.131599   -0.021260
-12.000   -0.369866    0.112909   -0.025107
-10.000   -0.353942    0.096935   -0.027965
 -8.000   -0.347813    0.084731   -0.029701
 -6.000   -0.372017    0.075451   -0.028919
 -4.000   -0.275317    0.042066   -0.050211
 -2.000   -0.046400    0.028890   -0.058600
  0.000    0.167700    0.027550   -0.065800
  2.000    0.477100    0.034880   -0.092900
  4.000    0.706400    0.041470   -0.100600
  6.000    1.007912    0.040121   -0.097297
  8.000    1.160483    0.026209   -0.083526
 10.000    0.991695    0.036022   -0.088367
 12.000    0.894333    0.051469   -0.090035
 14.000    0.834912    0.070653   -0.092070
 16.000    0.797805    0.092533   -0.094774
 18.000    0.774935    0.117004   -0.098107
 20.000    0.761391    0.143947   -0.102032
 22.000    0.753995    0.173230   -0.106510
 24.000    0.750584    0.204710   -0.111502
 26.000    0.749624    0.238235   -0.116971
 28.000    0.749990    0.273642   -0.122877
 30.000    0.750834    0.310758   -0.129183
 32.000    0.751502    0.349402   -0.135848
 34.000    0.751482    0.389386   -0.142837
 36.000    0.750367    0.430516   -0.150109
 38.000    0.747834    0.472592   -0.157626
 40.000    0.743624    0.515408   -0.165350
 42.000    0.737534    0.558757   -0.173242
 44.000    0.729401    0.602427   -0.181264
 46.000    0.719105    0.646206   -0.189377
 48.000    0.706558    0.689880   -0.197544
 50.000    0.691701    0.733239   -0.205725
 52.000    0.674502    0.776069   -0.213881
 54.000    0.654954    0.818163   -0.221976
 56.000    0.633072    0.859317   -0.229969
 58.000    0.608892    0.899329   -0.237823
 60.000    0.582470    0.938006   -0.245498
 62.000    0.553879    0.975159   -0.252958
 64.000    0.523208    1.010607   -0.260162
 66.000    0.490563    1.044178   -0.267074
 68.000    0.456065    1.075710   -0.273653
 70.000    0.419847    1.105047   -0.279862
 72.000    0.382055    1.132049   -0.285663
 74.000    0.342846    1.156583   -0.291016
 76.000    0.302389    1.178531   -0.295883
 78.000    0.260860    1.197786   -0.300226
 80.000    0.218445    1.214254   -0.304007
 82.000    0.175336    1.227856   -0.307187
 84.000    0.131731    1.238525   -0.309726
 86.000    0.087835    1.246211   -0.311588
 88.000    0.043854    1.250875   -0.312734
 90.000    0.000000    1.252496   -0.313124
