Viterna extrapolated polar
 alpha from -90.0 to 90.0 deg
 BLEND_WIDTH = 6.000 deg

 alpha        Cl          Cd          Cm
 ------   ---------   ---------   ---------
-90.000   -0.000000    1.252496    0.313124
-88.000   -0.043722    1.253474    0.312560
-86.000   -0.087304    1.251405    0.310904
-84.000   -0.130536    1.246309    0.308211
-82.000   -0.173208    1.238219    0.304536
-80.000   -0.215114    1.227184    0.299932
-78.000   -0.256052    1.213267    0.294455
-76.000   -0.295827    1.196545    0.288159
-74.000   -0.334247    1.177107    0.281099
-72.000   -0.371131    1.155058    0.273330
-70.000   -0.406303    1.130514    0.264905
-68.000   -0.439598    1.103603    0.255880
-66.000   -0.470861    1.074464    0.246309
-64.000   -0.499946    1.043248    0.236246
-62.000   -0.526720    1.010116    0.225747
-60.000   -0.551063    0.975236    0.214866
-58.000   -0.572866    0.938787    0.203658
-56.000   -0.592035    0.900954    0.192176
-54.000   -0.608491    0.861930    0.180476
-52.000   -0.622169    0.821911    0.168612
-50.000   -0.633019    0.781101    0.156639
-48.000   -0.641008    0.739704    0.144612
-46.000   -0.646121    0.697930    0.132585
-44.000   -0.648357    0.655989    0.120612
-42.000   -0.647737    0.614091    0.108748
-40.000   -0.644298    0.572448    0.097048
-38.000   -0.638099    0.531267    0.085566
-36.000   -0.629218    0.490756    0.074358
-34.000   -0.617757    0.451117    0.063477
-32.000   -0.603845    0.412548    0.052978
-30.000   -0.587637    0.375242    0.042915
-28.000   -0.569321    0.339387    0.033344
-26.000   -0.549130    0.305160    0.024319
-24.000   -0.527345    0.272733    0.015894
-22.000   -0.504318    0.242268    0.008125
-20.000   -0.480497    0.213916    0.001065
-18.000   -0.456476    0.187820   -0.005231
-16.000   -0.433078    0.164109   -0.010708
-14.000   -0.411507    0.142901   -0.015312
-12.000   -0.393662    0.124302   -0.018987
-10.000   -0.382822    0.108406   -0.021680
 -8.000   -0.383765    0.096233   -0.023378
 -6.000   -0.415900    0.085020   -0.023900
 -4.000   -0.136232    0.034094   -0.096678
 -2.000    0.218700    0.026200   -0.122900
  0.000    0.489700    0.021530   -0.129900
  2.000    0.799200    0.018400   -0.140700
  4.000    1.038000    0.018680   -0.141300
  6.000    1.243200    0.021290   -0.134800
  8.000    1.343300    0.023720   -0.112600
 10.000    1.433276    0.030835   -0.090585
 12.000    1.430654    0.045017   -0.076973
 14.000    1.285825    0.064519   -0.077991
 16.000    1.182296    0.086037   -0.079807
 18.000    1.110650    0.110577   -0.082064
 20.000    1.057506    0.137597   -0.085096
 22.000    1.017202    0.166964   -0.088856
 24.000    0.985920    0.198537   -0.093296
 26.000    0.960982    0.232162   -0.098370
 28.000    0.940449    0.267676   -0.104031
 30.000    0.922875    0.304906   -0.110230
 32.000    0.907160    0.343671   -0.116922
 34.000    0.892452    0.383784   -0.124059
 36.000    0.878080    0.425049   -0.131594
 38.000    0.863515    0.467267   -0.139479
 40.000    0.848333    0.510232   -0.147668
 42.000    0.832196    0.553735   -0.156114
 44.000    0.814837    0.597566   -0.164768
 46.000    0.796045    0.641512   -0.173585
 48.000    0.775660    0.685359   -0.182516
 50.000    0.753563    0.728895   -0.191516
 52.000    0.729670    0.771909   -0.200535
 54.000    0.703934    0.814191   -0.209529
 56.000    0.676332    0.855538   -0.218449
 58.000    0.646871    0.895748   -0.227248
 60.000    0.615579    0.934627   -0.235879
 62.000    0.582509    0.971986   -0.244294
 64.000    0.547730    1.007645   -0.252448
 66.000    0.511333    1.041430   -0.260292
 68.000    0.473424    1.073178   -0.267780
 70.000    0.434125    1.102736   -0.274863
 72.000    0.393571    1.129961   -0.281496
 74.000    0.351912    1.154721   -0.287631
 76.000    0.309307    1.176896   -0.293221
 78.000    0.265929    1.196381   -0.298219
 80.000    0.221957    1.213081   -0.302577
 82.000    0.177579    1.226915   -0.306248
 84.000    0.132991    1.237819   -0.309185
 86.000    0.088394    1.245739   -0.311342
 88.000    0.043994    1.250639   -0.312671
 90.000    0.000000    1.252496   -0.313124
