Viterna extrapolated polar
 alpha from -90.0 to 90.0 deg
 BLEND_WIDTH = 6.000 deg

 alpha        Cl          Cd          Cm
 ------   ---------   ---------   ---------
-90.000   -0.000000    1.252496    0.313124
-88.000   -0.043714    1.252513    0.312503
-86.000   -0.087272    1.249484    0.310681
-84.000   -0.130464    1.243430    0.307718
-82.000   -0.173080    1.234386    0.303677
-80.000   -0.214914    1.222402    0.298619
-78.000   -0.255764    1.207541    0.292603
-76.000   -0.295434    1.189882    0.285693
-74.000   -0.333732    1.169517    0.277949
-72.000   -0.370477    1.146548    0.269432
-70.000   -0.405492    1.121095    0.260203
-68.000   -0.438612    1.093287    0.250324
-66.000   -0.469681    1.063263    0.239856
-64.000   -0.498553    1.031176    0.228860
-62.000   -0.525094    0.997187    0.217397
-60.000   -0.549182    0.961467    0.205529
-58.000   -0.570709    0.924194    0.193316
-56.000   -0.589578    0.885555    0.180820
-54.000   -0.605709    0.845743    0.168102
-52.000   -0.619035    0.804957    0.155224
-50.000   -0.629505    0.763399    0.142246
-48.000   -0.637083    0.721277    0.129230
-46.000   -0.641750    0.678800    0.116237
-44.000   -0.643504    0.636179    0.103328
-42.000   -0.642360    0.593626    0.090565
-40.000   -0.638351    0.551352    0.078008
-38.000   -0.631528    0.509566    0.065719
-36.000   -0.621963    0.468477    0.053759
-34.000   -0.609750    0.428286    0.042189
-32.000   -0.595003    0.389193    0.031070
-30.000   -0.577864    0.351393    0.020464
-28.000   -0.558503    0.315071    0.010432
-26.000   -0.537124    0.280408    0.001035
-24.000   -0.513977    0.247575   -0.007666
-22.000   -0.489367    0.216734   -0.015609
-20.000   -0.463676    0.188038   -0.022733
-18.000   -0.437407    0.161629   -0.028978
-16.000   -0.411238    0.137637   -0.034282
-14.000   -0.386153    0.116180   -0.038583
-12.000   -0.363681    0.097366   -0.041821
-10.000   -0.345813    0.081808   -0.043943
 -8.000   -0.343648    0.078777   -0.039083
 -6.000   -0.309827    0.048889   -0.056459
 -4.000   -0.002700    0.015940   -0.094900
 -2.000    0.259100    0.012320   -0.105600
  0.000    0.482900    0.009430   -0.105100
  2.000    0.690600    0.010090   -0.102700
  4.000    0.885900    0.011570   -0.098000
  6.000    1.080877    0.014021   -0.091794
  8.000    1.217579    0.020904   -0.079087
 10.000    1.079993    0.032592   -0.078583
 12.000    0.954032    0.050338   -0.079737
 14.000    0.885398    0.069530   -0.081622
 16.000    0.841295    0.091421   -0.084231
 18.000    0.812908    0.115904   -0.087524
 20.000    0.794884    0.142859   -0.091459
 22.000    0.783766    0.172157   -0.095995
 24.000    0.777203    0.203653   -0.101090
 26.000    0.773531    0.237196   -0.106704
 28.000    0.771533    0.272621   -0.112795
 30.000    0.770294    0.309756   -0.119321
 32.000    0.769108    0.348421   -0.126243
 34.000    0.767427    0.388427   -0.133517
 36.000    0.764812    0.429580   -0.141104
 38.000    0.760919    0.471680   -0.148961
 40.000    0.755468    0.514522   -0.157048
 42.000    0.748241    0.557897   -0.165323
 44.000    0.739065    0.601595   -0.173746
 46.000    0.727808    0.645402   -0.182274
 48.000    0.714374    0.689106   -0.190866
 50.000    0.698698    0.732495   -0.199482
 52.000    0.680742    0.775357   -0.208079
 54.000    0.660494    0.817483   -0.216617
 56.000    0.637965    0.858670   -0.225055
 58.000    0.613188    0.898716   -0.233351
 60.000    0.586215    0.937427   -0.241463
 62.000    0.557117    0.974616   -0.249352
 64.000    0.525981    1.010100   -0.256975
 66.000    0.492912    1.043708   -0.264290
 68.000    0.458028    1.075276   -0.271258
 70.000    0.421462    1.104652   -0.277836
 72.000    0.383357    1.131691   -0.283984
 74.000    0.343872    1.156264   -0.289660
 76.000    0.303172    1.178251   -0.294822
 78.000    0.261434    1.197545   -0.299430
 80.000    0.218842    1.214053   -0.303442
 82.000    0.175590    1.227695   -0.306818
 84.000    0.131874    1.238404   -0.309515
 86.000    0.087898    1.246130   -0.311492
 88.000    0.043870    1.250835   -0.312709
 90.000    0.000000    1.252496   -0.313124
