Viterna extrapolated polar
 alpha from -90.0 to 90.0 deg
 BLEND_WIDTH = 6.000 deg

 alpha        Cl          Cd          Cm
 ------   ---------   ---------   ---------
-90.000   -0.000000    1.252496    0.313124
-88.000   -0.043716    1.253193    0.312555
-86.000   -0.087281    1.250843    0.310884
-84.000   -0.130484    1.245467    0.308167
-82.000   -0.173116    1.237099    0.304458
-80.000   -0.214970    1.225786    0.299812
-78.000   -0.255844    1.211593    0.294284
-76.000   -0.295543    1.194597    0.287930
-74.000   -0.333875    1.174889    0.280803
-72.000   -0.370658    1.152571    0.272959
-70.000   -0.405717    1.127761    0.264452
-68.000   -0.438886    1.100587    0.255339
-66.000   -0.470009    1.071190    0.245672
-64.000   -0.498940    1.039719    0.235508
-62.000   -0.525545    1.006337    0.224902
-60.000   -0.549704    0.971211    0.213908
-58.000   -0.571308    0.934521    0.202580
-56.000   -0.590261    0.896453    0.190975
-54.000   -0.606482    0.857198    0.179147
-52.000   -0.619906    0.816955    0.167151
-50.000   -0.630481    0.775926    0.155041
-48.000   -0.638173    0.734318    0.142873
-46.000   -0.642964    0.692338    0.130702
-44.000   -0.644852    0.650199    0.118582
-42.000   -0.643854    0.608109    0.106568
-40.000   -0.640003    0.566282    0.094716
-38.000   -0.633353    0.524924    0.083080
-36.000   -0.623978    0.484244    0.071715
-34.000   -0.611974    0.444443    0.060676
-32.000   -0.597459    0.405721    0.050018
-30.000   -0.580578    0.368271    0.039796
-28.000   -0.561508    0.332279    0.030065
-26.000   -0.540459    0.297925    0.020879
-24.000   -0.517690    0.265379    0.012294
-22.000   -0.493519    0.234804    0.004364
-20.000   -0.468349    0.206352   -0.002856
-18.000   -0.442703    0.180164   -0.009310
-16.000   -0.417304    0.156371   -0.014944
-14.000   -0.393195    0.135091   -0.019703
-12.000   -0.372008    0.116429   -0.023533
-10.000   -0.356542    0.100478   -0.026377
 -8.000   -0.351043    0.088121   -0.028161
 -6.000   -0.375304    0.078627   -0.027516
 -4.000   -0.277127    0.042646   -0.049676
 -2.000   -0.047000    0.028930   -0.058500
  0.000    0.167900    0.027600   -0.065900
  2.000    0.477200    0.034910   -0.093000
  4.000    0.706100    0.041510   -0.100600
  6.000    0.990474    0.041315   -0.097286
  8.000    1.204076    0.021449   -0.082809
 10.000    1.031582    0.032585   -0.085003
 12.000    0.927945    0.046544   -0.087062
 14.000    0.863337    0.065767   -0.089047
 16.000    0.822291    0.087693   -0.091717
 18.000    0.796315    0.112216   -0.095033
 20.000    0.780249    0.139215   -0.098955
 22.000    0.770757    0.168561   -0.103446
 24.000    0.765571    0.200111   -0.108464
 26.000    0.763084    0.233710   -0.113972
 28.000    0.762119    0.269196   -0.119929
 30.000    0.761790    0.306397   -0.126296
 32.000    0.761415    0.345132   -0.133034
 34.000    0.760459    0.385212   -0.140104
 36.000    0.758500    0.426443   -0.147466
 38.000    0.755201    0.468624   -0.155081
 40.000    0.750293    0.511551   -0.162910
 42.000    0.743562    0.555015   -0.170914
 44.000    0.734842    0.598805   -0.179052
 46.000    0.724005    0.642708   -0.187286
 48.000    0.710959    0.686511   -0.195577
 50.000    0.695640    0.730002   -0.203885
 52.000    0.678015    0.772969   -0.212171
 54.000    0.658073    0.815204   -0.220395
 56.000    0.635827    0.856501   -0.228519
 58.000    0.611311    0.896661   -0.236503
 60.000    0.584579    0.935488   -0.244307
 62.000    0.555702    0.972795   -0.251893
 64.000    0.524769    1.008400   -0.259221
 66.000    0.491886    1.042130   -0.266251
 68.000    0.457170    1.073823   -0.272945
 70.000    0.420756    1.103325   -0.279263
 72.000    0.382788    1.130493   -0.285166
 74.000    0.343424    1.155195   -0.290615
 76.000    0.302830    1.177313   -0.295569
 78.000    0.261183    1.196739   -0.299991
 80.000    0.218669    1.213380   -0.303840
 82.000    0.175479    1.227155   -0.307077
 84.000    0.131812    1.237999   -0.309664
 86.000    0.087870    1.245860   -0.311560
 88.000    0.043863    1.250699   -0.312726
 90.000    0.000000    1.252496   -0.313124
