Viterna extrapolated polar
 alpha from -90.0 to 90.0 deg
 BLEND_WIDTH = 6.000 deg

 alpha        Cl          Cd          Cm
 ------   ---------   ---------   ---------
-90.000   -0.000000    1.252496    0.313124
-88.000   -0.043746    1.251264    0.312376
-86.000   -0.087403    1.246988    0.310182
-84.000   -0.130758    1.239690    0.306616
-82.000   -0.173603    1.229406    0.301753
-80.000   -0.215733    1.216189    0.295668
-78.000   -0.256946    1.200102    0.288435
-76.000   -0.297046    1.181226    0.280129
-74.000   -0.335845    1.159654    0.270825
-72.000   -0.373161    1.135492    0.260597
-70.000   -0.408820    1.108858    0.249520
-68.000   -0.442658    1.079883    0.237669
-66.000   -0.474522    1.048710    0.225117
-64.000   -0.504268    1.015491    0.211941
-62.000   -0.531767    0.980389    0.198214
-60.000   -0.556899    0.943576    0.184011
-58.000   -0.579561    0.905233    0.169407
-56.000   -0.599661    0.865546    0.154476
-54.000   -0.617125    0.824712    0.139294
-52.000   -0.631894    0.782928    0.123934
-50.000   -0.643924    0.740400    0.108472
-48.000   -0.653189    0.697335    0.092981
-46.000   -0.659683    0.653945    0.077537
-44.000   -0.663418    0.610441    0.062215
-42.000   -0.664424    0.567036    0.047088
-40.000   -0.662756    0.523942    0.032232
-38.000   -0.658491    0.481371    0.017722
-36.000   -0.651731    0.439529    0.003631
-34.000   -0.642607    0.398622   -0.009965
-32.000   -0.631284    0.358850   -0.022993
-30.000   -0.617963    0.320406   -0.035376
-28.000   -0.602895    0.283479   -0.047041
-26.000   -0.586388    0.248249   -0.057913
-24.000   -0.568829    0.214888   -0.067917
-22.000   -0.550715    0.183559   -0.076978
-20.000   -0.532695    0.154415   -0.085023
-18.000   -0.515655    0.127599   -0.091976
-16.000   -0.500855    0.103242   -0.097762
-14.000   -0.490187    0.081462   -0.102308
-12.000   -0.486700    0.062367   -0.105538
-10.000   -0.466391    0.059959   -0.094725
 -8.000   -0.476777    0.032994   -0.110108
 -6.000   -0.167329    0.023128   -0.128485
 -4.000    0.128400    0.018290   -0.142400
 -2.000    0.444000    0.014210   -0.157800
  0.000    0.695200    0.012870   -0.161800
  2.000    0.876500    0.012910   -0.151500
  4.000    1.064800    0.014680   -0.143300
  6.000    1.241700    0.017370   -0.135000
  8.000    1.379700    0.020830   -0.120700
 10.000    1.472100    0.026650   -0.102700
 12.000    1.564118    0.035292   -0.089068
 14.000    1.620159    0.049767   -0.078561
 16.000    1.508560    0.072796   -0.077514
 18.000    1.385332    0.096528   -0.078972
 20.000    1.299787    0.123715   -0.081069
 22.000    1.232557    0.153268   -0.084013
 24.000    1.178471    0.185042   -0.087753
 26.000    1.133915    0.218885   -0.092235
 28.000    1.096283    0.254633   -0.097406
 30.000    1.063639    0.292113   -0.103215
 32.000    1.034520    0.331144   -0.109609
 34.000    1.007794    0.371537   -0.116535
 36.000    0.982576    0.413098   -0.123940
 38.000    0.958165    0.455626   -0.131772
 40.000    0.934005    0.498915   -0.139979
 42.000    0.909648    0.542757   -0.148508
 44.000    0.884740    0.586940   -0.157306
 46.000    0.858997    0.631250   -0.166321
 48.000    0.832199    0.675474   -0.175501
 50.000    0.804178    0.719400   -0.184792
 52.000    0.774809    0.762814   -0.194142
 54.000    0.744009    0.805508   -0.203498
 56.000    0.711728    0.847278   -0.212809
 58.000    0.677945    0.887920   -0.222021
 60.000    0.642669    0.927241   -0.231082
 62.000    0.605934    0.965051   -0.239939
 64.000    0.567794    1.001169   -0.248541
 66.000    0.528327    1.035421   -0.256833
 68.000    0.487627    1.067644   -0.264764
 70.000    0.445807    1.097684   -0.272281
 72.000    0.402993    1.125396   -0.279332
 74.000    0.359329    1.150649   -0.285863
 76.000    0.314968    1.173323   -0.291823
 78.000    0.270076    1.193310   -0.297159
 80.000    0.224830    1.210516   -0.301818
 82.000    0.179415    1.224860   -0.305748
 84.000    0.134022    1.236275   -0.308896
 86.000    0.088852    1.244709   -0.311210
 88.000    0.044108    1.250124   -0.312637
 90.000    0.000000    1.252496   -0.313124
