Viterna extrapolated polar
 alpha from -90.0 to 90.0 deg
 BLEND_WIDTH = 6.000 deg

 alpha        Cl          Cd          Cm
 ------   ---------   ---------   ---------
-90.000   -0.000000    1.252496    0.313124
-88.000   -0.043722    1.252533    0.312501
-86.000   -0.087305    1.249525    0.310674
-84.000   -0.130537    1.243491    0.307702
-82.000   -0.173210    1.234468    0.303646
-80.000   -0.215118    1.222504    0.298569
-78.000   -0.256058    1.207664    0.292529
-76.000   -0.295835    1.190025    0.285589
-74.000   -0.334257    1.169679    0.277809
-72.000   -0.371144    1.146730    0.269249
-70.000   -0.406319    1.121296    0.259971
-68.000   -0.439618    1.093507    0.250036
-66.000   -0.470884    1.063502    0.239503
-64.000   -0.499973    1.031434    0.228435
-62.000   -0.526752    0.997463    0.216892
-60.000   -0.551100    0.961761    0.204934
-58.000   -0.572908    0.924505    0.192623
-56.000   -0.592084    0.885884    0.180019
-54.000   -0.608546    0.846089    0.167183
-52.000   -0.622230    0.805319    0.154176
-50.000   -0.633088    0.763777    0.141059
-48.000   -0.641085    0.721670    0.127892
-46.000   -0.646207    0.679209    0.114737
-44.000   -0.648453    0.636602    0.101654
-42.000   -0.647843    0.594063    0.088704
-40.000   -0.644415    0.551802    0.075948
-38.000   -0.638228    0.510030    0.063447
-36.000   -0.629360    0.468952    0.051261
-34.000   -0.617915    0.428773    0.039452
-32.000   -0.604018    0.389692    0.028079
-30.000   -0.587828    0.351902    0.017205
-28.000   -0.569534    0.315590    0.006889
-26.000   -0.549366    0.280937   -0.002807
-24.000   -0.527607    0.248112   -0.011823
-22.000   -0.504611    0.217279   -0.020097
-20.000   -0.480827    0.188591   -0.027569
-18.000   -0.456851    0.162188   -0.034179
-16.000   -0.433507    0.138202   -0.039865
-14.000   -0.412004    0.116751   -0.044566
-12.000   -0.394250    0.097941   -0.048222
-10.000   -0.383536    0.081864   -0.050772
 -8.000   -0.388517    0.072185   -0.050077
 -6.000   -0.388529    0.051704   -0.059646
 -4.000   -0.024819    0.022504   -0.103639
 -2.000    0.288100    0.016770   -0.122600
  0.000    0.542200    0.012680   -0.126700
  2.000    0.778700    0.012570   -0.128500
  4.000    0.982700    0.013840   -0.124100
  6.000    1.169000    0.016040   -0.117400
  8.000    1.257372    0.022916   -0.094959
 10.000    1.336804    0.033211   -0.072769
 12.000    1.248309    0.050051   -0.066026
 14.000    1.117936    0.069328   -0.068506
 16.000    1.041606    0.091221   -0.070393
 18.000    0.987808    0.115706   -0.073096
 20.000    0.949154    0.142664   -0.076565
 22.000    0.920891    0.171963   -0.080755
 24.000    0.899808    0.203463   -0.085617
 26.000    0.883644    0.237008   -0.091105
 28.000    0.870758    0.272436   -0.097170
 30.000    0.859923    0.309575   -0.103766
 32.000    0.850203    0.348244   -0.110845
 34.000    0.840869    0.388254   -0.118359
 36.000    0.831348    0.429412   -0.126262
 38.000    0.821186    0.471516   -0.134505
 40.000    0.810019    0.514362   -0.143042
 42.000    0.797558    0.557742   -0.151825
 44.000    0.783575    0.601445   -0.160806
 46.000    0.767892    0.645257   -0.169939
 48.000    0.750375    0.688967   -0.179175
 50.000    0.730927    0.732361   -0.188467
 52.000    0.709484    0.775228   -0.197769
 54.000    0.686012    0.817361   -0.207031
 56.000    0.660503    0.858553   -0.216208
 58.000    0.632974    0.898606   -0.225252
 60.000    0.603464    0.937323   -0.234115
 62.000    0.572033    0.974518   -0.242749
 64.000    0.538757    1.010008   -0.251108
 66.000    0.503733    1.043623   -0.259144
 68.000    0.467072    1.075198   -0.266810
 70.000    0.428900    1.104580   -0.274058
 72.000    0.389357    1.131627   -0.280840
 74.000    0.348595    1.156207   -0.287110
 76.000    0.306776    1.178201   -0.292820
 78.000    0.264074    1.197502   -0.297922
 80.000    0.220672    1.214017   -0.302370
 82.000    0.176758    1.227666   -0.306115
 84.000    0.132530    1.238383   -0.309110
 86.000    0.088190    1.246116   -0.311308
 88.000    0.043943    1.250827   -0.312662
 90.000    0.000000    1.252496   -0.313124
