Viterna extrapolated polar
 alpha from -90.0 to 90.0 deg
 BLEND_WIDTH = 6.000 deg

 alpha        Cl          Cd          Cm
 ------   ---------   ---------   ---------
-90.000   -0.000000    1.252496    0.313124
-88.000   -0.043722    1.253843    0.312556
-86.000   -0.087305    1.252142    0.310889
-84.000   -0.130538    1.247413    0.308178
-82.000   -0.173211    1.239690    0.304479
-80.000   -0.215118    1.229019    0.299847
-78.000   -0.256059    1.215465    0.294338
-76.000   -0.295835    1.199102    0.288007
-74.000   -0.334258    1.180021    0.280910
-72.000   -0.371145    1.158324    0.273102
-70.000   -0.406320    1.134129    0.264639
-68.000   -0.439619    1.107562    0.255576
-66.000   -0.470886    1.078763    0.245969
-64.000   -0.499976    1.047881    0.235872
-62.000   -0.526755    1.015078    0.225343
-60.000   -0.551103    0.980521    0.214435
-58.000   -0.572912    0.944388    0.203205
-56.000   -0.592088    0.906865    0.191708
-54.000   -0.608551    0.868142    0.179999
-52.000   -0.622236    0.828418    0.168135
-50.000   -0.633094    0.787894    0.156169
-48.000   -0.641093    0.746776    0.144159
-46.000   -0.646215    0.705272    0.132159
-44.000   -0.648461    0.663592    0.120225
-42.000   -0.647853    0.621946    0.108413
-40.000   -0.644426    0.580544    0.096777
-38.000   -0.638240    0.539596    0.085373
-36.000   -0.629373    0.499307    0.074258
-34.000   -0.617929    0.459879    0.063485
-32.000   -0.604035    0.421511    0.053112
-30.000   -0.587846    0.384395    0.043192
-28.000   -0.569553    0.348719    0.033782
-26.000   -0.549388    0.314659    0.024938
-24.000   -0.527632    0.282388    0.016714
-22.000   -0.504638    0.252067    0.009166
-20.000   -0.480858    0.223848    0.002350
-18.000   -0.456885    0.197872   -0.003679
-16.000   -0.433547    0.174269   -0.008866
-14.000   -0.412051    0.153156   -0.013154
-12.000   -0.394305    0.134641   -0.016489
-10.000   -0.383603    0.118814   -0.018815
 -8.000   -0.376079    0.107866   -0.020082
 -6.000   -0.387197    0.078194   -0.044089
 -4.000   -0.068398    0.030076   -0.115615
 -2.000    0.252200    0.027820   -0.131600
  0.000    0.557100    0.022560   -0.143500
  2.000    0.830800    0.018470   -0.145900
  4.000    1.063500    0.019790   -0.145900
  6.000    1.257700    0.022800   -0.140000
  8.000    1.427300    0.026600   -0.130600
 10.000    1.467900    0.031020   -0.101400
 12.000    1.544841    0.040193   -0.081963
 14.000    1.507718    0.058256   -0.073467
 16.000    1.369333    0.079257   -0.074912
 18.000    1.271961    0.103692   -0.076583
 20.000    1.199789    0.130794   -0.079082
 22.000    1.143672    0.160252   -0.082394
 24.000    1.098998    0.191923   -0.086468
 26.000    1.062540    0.225655   -0.091253
 28.000    1.031964    0.261284   -0.096697
 30.000    1.005541    0.298636   -0.102750
 32.000    0.981954    0.337532   -0.109360
 34.000    0.960188    0.377782   -0.116476
 36.000    0.939447    0.419193   -0.124047
 38.000    0.919100    0.461562   -0.132021
 40.000    0.898645    0.504686   -0.140347
 42.000    0.877681    0.548355   -0.148975
 44.000    0.855888    0.592358   -0.157852
 46.000    0.833014    0.636483   -0.166927
 48.000    0.808863    0.680515   -0.176150
 50.000    0.783287    0.724242   -0.185469
 52.000    0.756179    0.767452   -0.194833
 54.000    0.727469    0.809936   -0.204191
 56.000    0.697119    0.851490   -0.213490
 58.000    0.665120    0.891912   -0.222681
 60.000    0.631488    0.931007   -0.231712
 62.000    0.596266    0.968588   -0.240532
 64.000    0.559513    1.004471   -0.249089
 66.000    0.521313    1.038485   -0.257332
 68.000    0.481765    1.070466   -0.265210
 70.000    0.440985    1.100260   -0.272672
 72.000    0.399104    1.127724   -0.279666
 74.000    0.356267    1.152725   -0.286141
 76.000    0.312632    1.175145   -0.292047
 78.000    0.268365    1.194876   -0.297332
 80.000    0.223644    1.211824   -0.301944
 82.000    0.178657    1.225908   -0.305832
 84.000    0.133597    1.237062   -0.308945
 86.000    0.088663    1.245234   -0.311233
 88.000    0.044061    1.250387   -0.312643
 90.000    0.000000    1.252496   -0.313124
