Viterna extrapolated polar
 alpha from -90.0 to 90.0 deg
 BLEND_WIDTH = 6.000 deg

 alpha        Cl          Cd          Cm
 ------   ---------   ---------   ---------
-90.000   -0.000000    1.252496    0.313124
-88.000   -0.043719    1.252964    0.312548
-86.000   -0.087293    1.250386    0.310859
-84.000   -0.130510    1.244781    0.308111
-82.000   -0.173162    1.236185    0.304360
-80.000   -0.215041    1.224647    0.299662
-78.000   -0.255948    1.210229    0.294073
-76.000   -0.295684    1.193010    0.287648
-74.000   -0.334060    1.173080    0.280444
-72.000   -0.370893    1.150544    0.272515
-70.000   -0.406008    1.125517    0.263918
-68.000   -0.439240    1.098130    0.254708
-66.000   -0.470432    1.068522    0.244941
-64.000   -0.499440    1.036844    0.234672
-62.000   -0.526129    1.003257    0.223959
-60.000   -0.550379    0.967931    0.212855
-58.000   -0.572082    0.931045    0.201416
-56.000   -0.591142    0.892785    0.189700
-54.000   -0.607480    0.853342    0.177760
-52.000   -0.621030    0.812916    0.165654
-50.000   -0.631742    0.771709    0.153436
-48.000   -0.639582    0.729928    0.141162
-46.000   -0.644533    0.687781    0.128888
-44.000   -0.646594    0.645479    0.116670
-42.000   -0.645783    0.603234    0.104564
-40.000   -0.642137    0.561256    0.092624
-38.000   -0.635711    0.519754    0.080908
-36.000   -0.626582    0.478936    0.069469
-34.000   -0.614848    0.439004    0.058365
-32.000   -0.600632    0.400158    0.047652
-30.000   -0.584086    0.362590    0.037383
-28.000   -0.565390    0.326487    0.027616
-26.000   -0.544768    0.292028    0.018406
-24.000   -0.522488    0.259386    0.009809
-22.000   -0.498885    0.228722    0.001880
-20.000   -0.474385    0.200187   -0.005324
-18.000   -0.449547    0.173925   -0.011749
-16.000   -0.425142    0.150065   -0.017338
-14.000   -0.402294    0.128725   -0.022036
-12.000   -0.382768    0.110012   -0.025787
-10.000   -0.369601    0.094018   -0.028535
 -8.000   -0.365476    0.081568   -0.030297
 -6.000   -0.393500    0.070490   -0.030800
 -4.000   -0.220583    0.026931   -0.058670
 -2.000    0.128300    0.020860   -0.087800
  0.000    0.430600    0.017450   -0.103200
  2.000    0.674500    0.016780   -0.106800
  4.000    0.889100    0.016920   -0.102700
  6.000    1.100167    0.018261   -0.093661
  8.000    1.224348    0.026766   -0.073305
 10.000    1.076972    0.047907   -0.067231
 12.000    0.953561    0.063048   -0.069798
 14.000    0.884999    0.082139   -0.071763
 16.000    0.840951    0.103912   -0.074484
 18.000    0.812607    0.128262   -0.077917
 20.000    0.794620    0.155070   -0.082019
 22.000    0.783531    0.184205   -0.086748
 24.000    0.776992    0.215524   -0.092061
 26.000    0.773342    0.248875   -0.097913
 28.000    0.771363    0.284094   -0.104264
 30.000    0.770140    0.321009   -0.111068
 32.000    0.768969    0.359441   -0.118284
 34.000    0.767301    0.399200   -0.125869
 36.000    0.764698    0.440093   -0.133778
 38.000    0.760815    0.481920   -0.141970
 40.000    0.755374    0.524476   -0.150402
 42.000    0.748156    0.567554   -0.159029
 44.000    0.738988    0.610942   -0.167810
 46.000    0.727739    0.654429   -0.176701
 48.000    0.714312    0.697801   -0.185660
 50.000    0.698643    0.740848   -0.194642
 52.000    0.680693    0.783357   -0.203606
 54.000    0.660450    0.825121   -0.212508
 56.000    0.637926    0.865936   -0.221305
 58.000    0.613154    0.905602   -0.229954
 60.000    0.586185    0.943925   -0.238412
 62.000    0.557091    0.980716   -0.246636
 64.000    0.525959    1.015796   -0.254583
 66.000    0.492894    1.048993   -0.262211
 68.000    0.458013    1.080144   -0.269475
 70.000    0.421449    1.109096   -0.276334
 72.000    0.383347    1.135707   -0.282743
 74.000    0.343864    1.159846   -0.288660
 76.000    0.303166    1.181395   -0.294043
 78.000    0.261429    1.200247   -0.298847
 80.000    0.218839    1.216310   -0.303030
 82.000    0.175588    1.229503   -0.306549
 84.000    0.131873    1.239763   -0.309361
 86.000    0.087898    1.247037   -0.311423
 88.000    0.043870    1.251288   -0.312692
 90.000    0.000000    1.252496   -0.313124
