Viterna extrapolated polar
 alpha from -90.0 to 90.0 deg
 BLEND_WIDTH = 6.000 deg

 alpha        Cl          Cd          Cm
 ------   ---------   ---------   ---------
-90.000   -0.000000    1.252496    0.313124
-88.000   -0.043718    1.253046    0.312524
-86.000   -0.087289    1.250550    0.310762
-84.000   -0.130502    1.245027    0.307898
-82.000   -0.173148    1.236513    0.303991
-80.000   -0.215020    1.225055    0.299101
-78.000   -0.255916    1.210718    0.293285
-76.000   -0.295641    1.193579    0.286605
-74.000   -0.334004    1.173729    0.279118
-72.000   -0.370822    1.151270    0.270884
-70.000   -0.405920    1.126322    0.261962
-68.000   -0.439133    1.099011    0.252411
-66.000   -0.470304    1.069478    0.242291
-64.000   -0.499288    1.037875    0.231660
-62.000   -0.525952    1.004361    0.220579
-60.000   -0.550175    0.969107    0.209105
-58.000   -0.571847    0.932291    0.197298
-56.000   -0.590875    0.894100    0.185218
-54.000   -0.607178    0.854725    0.172923
-52.000   -0.620689    0.814364    0.160472
-50.000   -0.631360    0.773221    0.147926
-48.000   -0.639155    0.731502    0.135343
-46.000   -0.644058    0.689415    0.122781
-44.000   -0.646066    0.647171    0.110302
-42.000   -0.645199    0.604982    0.097962
-40.000   -0.641490    0.563058    0.085823
-38.000   -0.634997    0.521608    0.073942
-36.000   -0.625793    0.480839    0.062379
-34.000   -0.613977    0.440954    0.051194
-32.000   -0.599671    0.402152    0.040445
-30.000   -0.583023    0.364626    0.030192
-28.000   -0.564214    0.328563    0.020493
-26.000   -0.543462    0.294142    0.011408
-24.000   -0.521034    0.261535    0.002997
-22.000   -0.497259    0.230902   -0.004682
-20.000   -0.472556    0.202398   -0.011570
-18.000   -0.447473    0.176162   -0.017607
-16.000   -0.422767    0.152326   -0.022735
-14.000   -0.399537    0.131007   -0.026893
-12.000   -0.379508    0.112312   -0.030023
-10.000   -0.365656    0.096018   -0.032084
 -8.000   -0.364672    0.082079   -0.032976
 -6.000   -0.298881    0.044944   -0.063122
 -4.000    0.030400    0.013700   -0.100500
 -2.000    0.267100    0.010755   -0.105250
  0.000    0.472900    0.008297   -0.103733
  2.000    0.687500    0.009050   -0.101400
  4.000    0.884400    0.010740   -0.097800
  6.000    1.087348    0.013931   -0.089841
  8.000    1.172500    0.014560   -0.076600
 10.000    1.019026    0.027117   -0.076984
 12.000    0.907741    0.044561   -0.078234
 14.000    0.846251    0.063800   -0.080214
 16.000    0.807573    0.085744   -0.082915
 18.000    0.783464    0.110287   -0.086295
 20.000    0.768913    0.137310   -0.090314
 22.000    0.760681    0.166681   -0.094929
 24.000    0.756562    0.198258   -0.100101
 26.000    0.754993    0.231887   -0.105788
 28.000    0.754829    0.267406   -0.111948
 30.000    0.755205    0.304641   -0.118540
 32.000    0.755456    0.343412   -0.125524
 34.000    0.755063    0.383531   -0.132858
 36.000    0.753611    0.424802   -0.140500
 38.000    0.750773    0.467026   -0.148411
 40.000    0.746284    0.509998   -0.156548
 42.000    0.739938    0.553508   -0.164870
 44.000    0.731572    0.597346   -0.173336
 46.000    0.721060    0.641299   -0.181905
 48.000    0.708314    0.685155   -0.190536
 50.000    0.693272    0.728699   -0.199188
 52.000    0.675903    0.771721   -0.207819
 54.000    0.656198    0.814012   -0.216388
 56.000    0.634171    0.855367   -0.224854
 58.000    0.609857    0.895586   -0.233176
 60.000    0.583311    0.934474   -0.241313
 62.000    0.554606    0.971843   -0.249224
 64.000    0.523831    1.007511   -0.256866
 66.000    0.491091    1.041306   -0.264200
 68.000    0.456506    1.073064   -0.271184
 70.000    0.420210    1.102632   -0.277776
 72.000    0.382347    1.129866   -0.283936
 74.000    0.343077    1.154637   -0.289623
 76.000    0.302565    1.176823   -0.294795
 78.000    0.260989    1.196317   -0.299410
 80.000    0.218534    1.213028   -0.303429
 82.000    0.175393    1.226873   -0.306809
 84.000    0.131763    1.237787   -0.309510
 86.000    0.087849    1.245718   -0.311490
 88.000    0.043858    1.250629   -0.312709
 90.000    0.000000    1.252496   -0.313124
