Viterna extrapolated polar
 alpha from -90.0 to 90.0 deg
 BLEND_WIDTH = 6.000 deg

 alpha        Cl          Cd          Cm
 ------   ---------   ---------   ---------
-90.000   -0.000000    1.252496    0.313124
-88.000   -0.043713    1.252789    0.312547
-86.000   -0.087269    1.250036    0.310853
-84.000   -0.130458    1.244257    0.308096
-82.000   -0.173069    1.235487    0.304334
-80.000   -0.214896    1.223776    0.299620
-78.000   -0.255737    1.209187    0.294010
-76.000   -0.295397    1.191797    0.287559
-74.000   -0.333684    1.171698    0.280324
-72.000   -0.370415    1.148994    0.272358
-70.000   -0.405416    1.123802    0.263719
-68.000   -0.438520    1.096251    0.254460
-66.000   -0.469570    1.066481    0.244637
-64.000   -0.498422    1.034645    0.234305
-62.000   -0.524941    1.000902    0.223521
-60.000   -0.549005    0.965423    0.212339
-58.000   -0.570506    0.928387    0.200814
-56.000   -0.589347    0.889980    0.189002
-54.000   -0.605448    0.850394    0.176959
-52.000   -0.618741    0.809828    0.164739
-50.000   -0.629175    0.768485    0.152398
-48.000   -0.636714    0.726572    0.139991
-46.000   -0.641340    0.684297    0.127574
-44.000   -0.643049    0.641871    0.115202
-42.000   -0.641855    0.599507    0.102930
-40.000   -0.637792    0.557414    0.090814
-38.000   -0.630911    0.515802    0.078909
-36.000   -0.621282    0.474878    0.067270
-34.000   -0.608998    0.434846    0.055953
-32.000   -0.594173    0.395904    0.045013
-30.000   -0.576946    0.358246    0.034505
-28.000   -0.557487    0.322058    0.024485
-26.000   -0.535997    0.287520    0.015008
-24.000   -0.512722    0.254804    0.006129
-22.000   -0.487962    0.224071   -0.002095
-20.000   -0.462097    0.195474   -0.009611
-18.000   -0.435615    0.169155   -0.016362
-16.000   -0.409186    0.145243   -0.022294
-14.000   -0.383771    0.123858   -0.027350
-12.000   -0.360865    0.105105   -0.031476
-10.000   -0.343017    0.089078   -0.034617
 -8.000   -0.335085    0.076001   -0.036670
 -6.000   -0.357840    0.068146   -0.035149
 -4.000   -0.301013    0.045192   -0.046618
 -2.000   -0.058200    0.029470   -0.057400
  0.000    0.173400    0.028350   -0.067800
  2.000    0.474500    0.035520   -0.092700
  4.000    0.699500    0.042230   -0.099600
  6.000    0.897500    0.048550   -0.097400
  8.000    1.233642    0.030663   -0.078525
 10.000    1.234526    0.050657   -0.047865
 12.000    1.102600    0.064907   -0.052866
 14.000    1.013599    0.081071   -0.053921
 16.000    0.951729    0.102854   -0.056308
 18.000    0.909332    0.127216   -0.059518
 20.000    0.879935    0.154036   -0.063501
 22.000    0.859365    0.183185   -0.068209
 24.000    0.844796    0.214519   -0.073593
 26.000    0.834238    0.247886   -0.079606
 28.000    0.826237    0.283123   -0.086198
 30.000    0.819708    0.320057   -0.093321
 32.000    0.813817    0.358508   -0.100926
 34.000    0.807916    0.398288   -0.108965
 36.000    0.801495    0.439203   -0.117390
 38.000    0.794145    0.481053   -0.126151
 40.000    0.785542    0.523633   -0.135201
 42.000    0.775430    0.566736   -0.144490
 44.000    0.763604    0.610151   -0.153970
 46.000    0.749907    0.653664   -0.163593
 48.000    0.734222    0.697065   -0.173310
 50.000    0.716466    0.740140   -0.183073
 52.000    0.696588    0.782679   -0.192832
 54.000    0.674562    0.824474   -0.202540
 56.000    0.650390    0.865321   -0.212148
 58.000    0.624096    0.905019   -0.221607
 60.000    0.595725    0.943374   -0.230868
 62.000    0.565340    0.980200   -0.239885
 64.000    0.533025    1.015314   -0.248606
 66.000    0.498878    1.048546   -0.256985
 68.000    0.463014    1.079732   -0.264973
 70.000    0.425563    1.108720   -0.272521
 72.000    0.386665    1.135367   -0.279580
 74.000    0.346476    1.159543   -0.286102
 76.000    0.305159    1.181129   -0.292039
 78.000    0.262890    1.200018   -0.297342
 80.000    0.219851    1.216119   -0.301962
 82.000    0.176234    1.229350   -0.305851
 84.000    0.132236    1.239648   -0.308960
 86.000    0.088059    1.246960   -0.311241
 88.000    0.043910    1.251250   -0.312645
 90.000    0.000000    1.252496   -0.313124
