Viterna extrapolated polar
 alpha from -90.0 to 90.0 deg
 BLEND_WIDTH = 6.000 deg

 alpha        Cl          Cd          Cm
 ------   ---------   ---------   ---------
-90.000   -0.000000    1.252496    0.313124
-88.000   -0.043711    1.252363    0.312535
-86.000   -0.087263    1.249185    0.310807
-84.000   -0.130444    1.242981    0.307994
-82.000   -0.173044    1.233789    0.304154
-80.000   -0.214857    1.221657    0.299344
-78.000   -0.255682    1.206649    0.293618
-76.000   -0.295321    1.188844    0.287034
-74.000   -0.333584    1.168334    0.279647
-72.000   -0.370288    1.145222    0.271515
-70.000   -0.405259    1.119628    0.262693
-68.000   -0.438328    1.091679    0.253238
-66.000   -0.469341    1.061518    0.243206
-64.000   -0.498152    1.029295    0.232653
-62.000   -0.524625    0.995172    0.221636
-60.000   -0.548640    0.959321    0.210210
-58.000   -0.570087    0.921920    0.198433
-56.000   -0.588870    0.883155    0.186360
-54.000   -0.604908    0.843221    0.174048
-52.000   -0.618133    0.802315    0.161553
-50.000   -0.628493    0.760641    0.148931
-48.000   -0.635953    0.718406    0.136239
-46.000   -0.640492    0.675819    0.123533
-44.000   -0.642107    0.633092    0.110869
-42.000   -0.640812    0.590437    0.098304
-40.000   -0.636638    0.548065    0.085893
-38.000   -0.629636    0.506185    0.073694
-36.000   -0.619874    0.465005    0.061762
-34.000   -0.607444    0.424728    0.050153
-32.000   -0.592457    0.385554    0.038925
-30.000   -0.575050    0.347676    0.028133
-28.000   -0.555388    0.311282    0.017833
-26.000   -0.533667    0.276551    0.008082
-24.000   -0.510128    0.243655   -0.001063
-22.000   -0.485062    0.212755   -0.009547
-20.000   -0.458833    0.184006   -0.017313
-18.000   -0.431916    0.157548   -0.024306
-16.000   -0.404949    0.133512   -0.030468
-14.000   -0.378852    0.112016   -0.035743
-12.000   -0.355048    0.093168   -0.040075
-10.000   -0.335958    0.077059   -0.043408
 -8.000   -0.326239    0.063769   -0.045686
 -6.000   -0.349915    0.059406   -0.042552
 -4.000   -0.310937    0.044291   -0.046185
 -2.000   -0.062200    0.029670   -0.057100
  0.000    0.176100    0.028650   -0.068600
  2.000    0.472700    0.035740   -0.092500
  4.000    0.696300    0.042520   -0.099100
  6.000    0.890000    0.049400   -0.097000
  8.000    1.237801    0.030101   -0.079252
 10.000    1.254569    0.045462   -0.046212
 12.000    1.107153    0.061723   -0.047851
 14.000    1.017466    0.077871   -0.049359
 16.000    0.955060    0.099685   -0.051788
 18.000    0.912241    0.124080   -0.055053
 20.000    0.882501    0.150938   -0.059107
 22.000    0.861646    0.180127   -0.063897
 24.000    0.846835    0.211507   -0.069377
 26.000    0.836069    0.244922   -0.075495
 28.000    0.827887    0.280211   -0.082203
 30.000    0.821198    0.317201   -0.089452
 32.000    0.815166    0.355711   -0.097191
 34.000    0.809138    0.395554   -0.105372
 36.000    0.802601    0.436535   -0.113945
 38.000    0.795147    0.478454   -0.122860
 40.000    0.786450    0.521107   -0.132069
 42.000    0.776250    0.564285   -0.141522
 44.000    0.764344    0.607778   -0.151169
 46.000    0.750573    0.651374   -0.160961
 48.000    0.734821    0.694859   -0.170849
 50.000    0.717002    0.738021   -0.180783
 52.000    0.697066    0.780649   -0.190715
 54.000    0.674986    0.822536   -0.200593
 56.000    0.650765    0.863477   -0.210370
 58.000    0.624425    0.903272   -0.219996
 60.000    0.596012    0.941726   -0.229421
 62.000    0.565588    0.978651   -0.238595
 64.000    0.533237    1.013868   -0.247471
 66.000    0.499058    1.047204   -0.255997
 68.000    0.463165    1.078497   -0.264126
 70.000    0.425686    1.107592   -0.271806
 72.000    0.386765    1.134348   -0.278990
 74.000    0.346554    1.158634   -0.285627
 76.000    0.305219    1.180331   -0.291668
 78.000    0.262934    1.199333   -0.297064
 80.000    0.219882    1.215546   -0.301765
 82.000    0.176253    1.228891   -0.305723
 84.000    0.132247    1.239303   -0.308887
 86.000    0.088064    1.246730   -0.311208
 88.000    0.043911    1.251135   -0.312637
 90.000    0.000000    1.252496   -0.313124
