Viterna extrapolated polar
 alpha from -90.0 to 90.0 deg
 BLEND_WIDTH = 6.000 deg

 alpha        Cl          Cd          Cm
 ------   ---------   ---------   ---------
-90.000   -0.000000    1.252496    0.313124
-88.000   -0.043714    1.253799    0.312519
-86.000   -0.087272    1.252056    0.310743
-84.000   -0.130464    1.247284    0.307858
-82.000   -0.173080    1.239517    0.303925
-80.000   -0.214914    1.228804    0.299002
-78.000   -0.255764    1.215207    0.293152
-76.000   -0.295433    1.198802    0.286435
-74.000   -0.333732    1.179679    0.278912
-72.000   -0.370476    1.157942    0.270642
-70.000   -0.405491    1.133706    0.261687
-68.000   -0.438611    1.107098    0.252107
-66.000   -0.469679    1.078259    0.241963
-64.000   -0.498551    1.047339    0.231315
-62.000   -0.525091    1.014496    0.220224
-60.000   -0.549179    0.979901    0.208751
-58.000   -0.570705    0.943732    0.196956
-56.000   -0.589574    0.906172    0.184899
-54.000   -0.605705    0.867414    0.172642
-52.000   -0.619030    0.827656    0.160245
-50.000   -0.629500    0.787098    0.147768
-48.000   -0.637077    0.745948    0.135272
-46.000   -0.641744    0.704412    0.122818
-44.000   -0.643497    0.662701    0.110466
-42.000   -0.642352    0.621026    0.098277
-40.000   -0.638341    0.579596    0.086311
-38.000   -0.631517    0.538620    0.074630
-36.000   -0.621952    0.498305    0.063293
-34.000   -0.609737    0.458852    0.052361
-32.000   -0.594989    0.420461    0.041895
-30.000   -0.577849    0.383323    0.031955
-28.000   -0.558486    0.347625    0.022603
-26.000   -0.537106    0.313546    0.013897
-24.000   -0.513956    0.281257    0.005900
-22.000   -0.489343    0.250919   -0.001328
-20.000   -0.463650    0.222684   -0.007727
-18.000   -0.437377    0.196694   -0.013236
-16.000   -0.411203    0.173078   -0.017795
-14.000   -0.386113    0.151955   -0.021342
-12.000   -0.363634    0.133429   -0.023818
-10.000   -0.345128    0.115848   -0.025211
 -8.000   -0.300314    0.076091   -0.045723
 -6.000   -0.243036    0.040307   -0.070341
 -4.000    0.030400    0.013770   -0.100500
 -2.000    0.267000    0.010740   -0.105100
  0.000    0.473167    0.008317   -0.103733
  2.000    0.687600    0.009080   -0.101400
  4.000    0.893600    0.010870   -0.097600
  6.000    1.114290    0.013375   -0.089640
  8.000    1.083735    0.038052   -0.086638
 10.000    0.926352    0.033093   -0.084797
 12.000    0.840790    0.049145   -0.086178
 14.000    0.789632    0.068347   -0.088325
 16.000    0.758800    0.090249   -0.091144
 18.000    0.740878    0.114744   -0.094596
 20.000    0.731351    0.141714   -0.098642
 22.000    0.727294    0.171027   -0.103244
 24.000    0.726710    0.202540   -0.108363
 26.000    0.728183    0.236100   -0.113960
 28.000    0.730669    0.271544   -0.119996
 30.000    0.733381    0.308700   -0.126432
 32.000    0.735711    0.347387   -0.133229
 34.000    0.737181    0.387416   -0.140350
 36.000    0.737411    0.428594   -0.147754
 38.000    0.736099    0.470719   -0.155403
 40.000    0.733002    0.513588   -0.163259
 42.000    0.727931    0.556991   -0.171282
 44.000    0.720734    0.600718   -0.179433
 46.000    0.711300    0.644555   -0.187674
 48.000    0.699548    0.688291   -0.195966
 50.000    0.685425    0.731711   -0.204271
 52.000    0.668905    0.774606   -0.212548
 54.000    0.649985    0.816767   -0.220760
 56.000    0.628683    0.857988   -0.228868
 58.000    0.605040    0.898070   -0.236833
 60.000    0.579111    0.936818   -0.244616
 62.000    0.550974    0.974043   -0.252177
 64.000    0.520720    1.009565   -0.259480
 66.000    0.488456    1.043212   -0.266484
 68.000    0.454304    1.074819   -0.273150
 70.000    0.418398    1.104235   -0.279441
 72.000    0.380887    1.131315   -0.285317
 74.000    0.341927    1.155928   -0.290739
 76.000    0.301688    1.177956   -0.295668
 78.000    0.260346    1.197292   -0.300066
 80.000    0.218089    1.213842   -0.303895
 82.000    0.175108    1.227525   -0.307114
 84.000    0.131603    1.238277   -0.309685
 86.000    0.087778    1.246045   -0.311570
 88.000    0.043840    1.250792   -0.312729
 90.000    0.000000    1.252496   -0.313124
