Viterna extrapolated polar
 alpha from -90.0 to 90.0 deg
 BLEND_WIDTH = 6.000 deg

 alpha        Cl          Cd          Cm
 ------   ---------   ---------   ---------
-90.000   -0.000000    1.252496    0.313124
-88.000   -0.043730    1.251754    0.312453
-86.000   -0.087338    1.247968    0.310483
-84.000   -0.130613    1.241159    0.307282
-82.000   -0.173344    1.231363    0.302916
-80.000   -0.215328    1.218629    0.297452
-78.000   -0.256361    1.203024    0.290957
-76.000   -0.296248    1.184627    0.283498
-74.000   -0.334799    1.163528    0.275141
-72.000   -0.371832    1.139835    0.265953
-70.000   -0.407172    1.113665    0.256002
-68.000   -0.440655    1.085148    0.245353
-66.000   -0.472125    1.054426    0.234074
-64.000   -0.501438    1.021652    0.222231
-62.000   -0.528463    0.986987    0.209892
-60.000   -0.553078    0.950604    0.197123
-58.000   -0.575178    0.912681    0.183990
-56.000   -0.594669    0.873406    0.170561
-54.000   -0.611473    0.832973    0.156903
-52.000   -0.625527    0.791581    0.143081
-50.000   -0.636785    0.749434    0.129164
-48.000   -0.645215    0.706740    0.115217
-46.000   -0.650804    0.663708    0.101308
-44.000   -0.653558    0.620551    0.087504
-42.000   -0.653499    0.577481    0.073870
-40.000   -0.650672    0.534709    0.060475
-38.000   -0.645140    0.492446    0.047384
-36.000   -0.636992    0.450900    0.034665
-34.000   -0.626338    0.410274    0.022384
-32.000   -0.613320    0.370769    0.010608
-30.000   -0.598109    0.332578   -0.000596
-28.000   -0.580915    0.295889   -0.011161
-26.000   -0.561996    0.260881   -0.021021
-24.000   -0.541670    0.227728   -0.030108
-22.000   -0.520339    0.196591   -0.038357
-20.000   -0.498521    0.167623   -0.045699
-18.000   -0.476911    0.140967   -0.052069
-16.000   -0.456482    0.116753   -0.057399
-14.000   -0.438676    0.095100   -0.061623
-12.000   -0.425789    0.076115   -0.064674
-10.000   -0.416573    0.062828   -0.064151
 -8.000   -0.435621    0.043049   -0.070880
 -6.000   -0.210010    0.022947   -0.104324
 -4.000    0.087800    0.015100   -0.121400
 -2.000    0.351700    0.011250   -0.131500
  0.000    0.574100    0.008760   -0.129600
  2.000    0.784400    0.009590   -0.127500
  4.000    0.980100    0.011340   -0.122800
  6.000    1.160600    0.013880   -0.116000
  8.000    1.262582    0.021455   -0.096449
 10.000    1.372316    0.029338   -0.077244
 12.000    1.257430    0.045165   -0.072822
 14.000    1.126646    0.064931   -0.075350
 16.000    1.049109    0.086864   -0.077275
 18.000    0.994359    0.111395   -0.079983
 20.000    0.954933    0.138405   -0.083428
 22.000    0.926028    0.167762   -0.087563
 24.000    0.904400    0.199323   -0.092344
 26.000    0.887768    0.232935   -0.097725
 28.000    0.874475    0.268435   -0.103659
 30.000    0.863281    0.305651   -0.110102
 32.000    0.853241    0.344401   -0.117008
 34.000    0.843620    0.384497   -0.124330
 36.000    0.833841    0.425745   -0.132023
 38.000    0.823443    0.467945   -0.140042
 40.000    0.812062    0.510890   -0.148341
 42.000    0.799405    0.554374   -0.156874
 44.000    0.785242    0.598185   -0.165596
 46.000    0.769393    0.642109   -0.174460
 48.000    0.751723    0.685934   -0.183421
 50.000    0.732134    0.729448   -0.192434
 52.000    0.710560    0.772438   -0.201453
 54.000    0.686967    0.814697   -0.210431
 56.000    0.661347    0.856019   -0.219324
 58.000    0.633715    0.896204   -0.228085
 60.000    0.604110    0.935057   -0.236670
 62.000    0.572591    0.972390   -0.245031
 64.000    0.539236    1.008022   -0.253125
 66.000    0.504138    1.041780   -0.260904
 68.000    0.467411    1.073500   -0.268323
 70.000    0.429179    1.103030   -0.275337
 72.000    0.389582    1.130227   -0.281900
 74.000    0.348771    1.154958   -0.287966
 76.000    0.306911    1.177104   -0.293489
 78.000    0.264173    1.196560   -0.298424
 80.000    0.220741    1.213230   -0.302725
 82.000    0.176802    1.227035   -0.306347
 84.000    0.132555    1.237909   -0.309243
 86.000    0.088201    1.245799   -0.311369
 88.000    0.043946    1.250669   -0.312678
 90.000    0.000000    1.252496   -0.313124
