Viterna extrapolated polar
 alpha from -90.0 to 90.0 deg
 BLEND_WIDTH = 6.000 deg

 alpha        Cl          Cd          Cm
 ------   ---------   ---------   ---------
-90.000   -0.000000    1.252496    0.313124
-88.000   -0.043717    1.252989    0.312548
-86.000   -0.087287    1.250435    0.310855
-84.000   -0.130498    1.244856    0.308103
-82.000   -0.173141    1.236284    0.304347
-80.000   -0.215009    1.224770    0.299641
-78.000   -0.255900    1.210377    0.294042
-76.000   -0.295619    1.193182    0.287606
-74.000   -0.333975    1.173276    0.280387
-72.000   -0.370785    1.150763    0.272442
-70.000   -0.405875    1.125760    0.263826
-68.000   -0.439077    1.098396    0.254595
-66.000   -0.470238    1.068811    0.244805
-64.000   -0.499210    1.037155    0.234510
-62.000   -0.525861    1.003590    0.223767
-60.000   -0.550070    0.968286    0.212631
-58.000   -0.571727    0.931422    0.201158
-56.000   -0.590738    0.893182    0.189404
-54.000   -0.607022    0.853760    0.177423
-52.000   -0.620514    0.813354    0.165273
-50.000   -0.631163    0.772166    0.153007
-48.000   -0.638936    0.730404    0.140683
-46.000   -0.643813    0.688275    0.128355
-44.000   -0.645795    0.645991    0.116079
-42.000   -0.644898    0.603762    0.103911
-40.000   -0.641158    0.561801    0.091907
-38.000   -0.634629    0.520315    0.080121
-36.000   -0.625387    0.479511    0.068610
-34.000   -0.613529    0.439594    0.057429
-32.000   -0.599176    0.400761    0.046634
-30.000   -0.582476    0.363205    0.036280
-28.000   -0.563608    0.327114    0.026423
-26.000   -0.542790    0.292667    0.017119
-24.000   -0.520286    0.260036    0.008423
-22.000   -0.496423    0.229381    0.000392
-20.000   -0.471615    0.200856   -0.006921
-18.000   -0.446406    0.174601   -0.013458
-16.000   -0.421545    0.150748   -0.019165
-14.000   -0.398118    0.129415   -0.023985
-12.000   -0.377830    0.110707   -0.027863
-10.000   -0.363608    0.094718   -0.030744
 -8.000   -0.359990    0.082221   -0.032479
 -6.000   -0.385514    0.072083   -0.032759
 -4.000   -0.229341    0.028851   -0.058161
 -2.000    0.129900    0.020900   -0.088200
  0.000    0.428700    0.017450   -0.103500
  2.000    0.674300    0.016810   -0.106700
  4.000    0.889600    0.016960   -0.102700
  6.000    1.100794    0.018268   -0.093717
  8.000    1.229904    0.026148   -0.074211
 10.000    1.081999    0.046629   -0.068278
 12.000    0.957404    0.061664   -0.071090
 14.000    0.888249    0.080766   -0.073045
 16.000    0.843751    0.102552   -0.075751
 18.000    0.815052    0.126917   -0.079166
 20.000    0.796776    0.153741   -0.083246
 22.000    0.785447    0.182893   -0.087950
 24.000    0.778706    0.214232   -0.093234
 26.000    0.774881    0.247603   -0.099056
 28.000    0.772750    0.282845   -0.105373
 30.000    0.771393    0.319784   -0.112141
 32.000    0.770103    0.358241   -0.119319
 34.000    0.768327    0.398027   -0.126863
 36.000    0.765628    0.438948   -0.134731
 38.000    0.761657    0.480805   -0.142879
 40.000    0.756137    0.523392   -0.151266
 42.000    0.748845    0.566502   -0.159848
 44.000    0.739610    0.609924   -0.168582
 46.000    0.728299    0.653446   -0.177426
 48.000    0.714816    0.696855   -0.186336
 50.000    0.699093    0.739938   -0.195271
 52.000    0.681094    0.782486   -0.204187
 54.000    0.660807    0.824290   -0.213042
 56.000    0.638241    0.865145   -0.221792
 58.000    0.613431    0.904852   -0.230395
 60.000    0.586427    0.943217   -0.238809
 62.000    0.557300    0.980052   -0.246989
 64.000    0.526138    1.015176   -0.254894
 66.000    0.493045    1.048418   -0.262481
 68.000    0.458139    1.079614   -0.269707
 70.000    0.421553    1.108612   -0.276529
 72.000    0.383431    1.135270   -0.282904
 74.000    0.343930    1.159456   -0.288790
 76.000    0.303216    1.181053   -0.294144
 78.000    0.261466    1.199953   -0.298923
 80.000    0.218865    1.216064   -0.303084
 82.000    0.175604    1.229307   -0.306584
 84.000    0.131882    1.239615   -0.309381
 86.000    0.087902    1.246938   -0.311432
 88.000    0.043871    1.251239   -0.312694
 90.000    0.000000    1.252496   -0.313124
