Viterna extrapolated polar
 alpha from -90.0 to 90.0 deg
 BLEND_WIDTH = 6.000 deg

 alpha        Cl          Cd          Cm
 ------   ---------   ---------   ---------
-90.000   -0.000000    1.252496    0.313124
-88.000   -0.043721    1.253300    0.312539
-86.000   -0.087302    1.251057    0.310822
-84.000   -0.130531    1.245788    0.308029
-82.000   -0.173199    1.237525    0.304220
-80.000   -0.215100    1.226319    0.299450
-78.000   -0.256032    1.212231    0.293777
-76.000   -0.295799    1.195339    0.287259
-74.000   -0.334211    1.175734    0.279953
-72.000   -0.371085    1.153519    0.271916
-70.000   -0.406246    1.128810    0.263205
-68.000   -0.439529    1.101736    0.253878
-66.000   -0.470778    1.072437    0.243992
-64.000   -0.499849    1.041064    0.233605
-62.000   -0.526607    1.007776    0.222773
-60.000   -0.550931    0.972745    0.211554
-58.000   -0.572715    0.936147    0.200006
-56.000   -0.591864    0.898168    0.188186
-54.000   -0.608297    0.859001    0.176150
-52.000   -0.621950    0.818844    0.163957
-50.000   -0.632774    0.777898    0.151663
-48.000   -0.640735    0.736370    0.139327
-46.000   -0.645816    0.694469    0.127005
-44.000   -0.648019    0.652405    0.114754
-42.000   -0.647362    0.610389    0.102633
-40.000   -0.643883    0.568631    0.090698
-38.000   -0.637640    0.527341    0.079006
-36.000   -0.628712    0.486725    0.067616
-34.000   -0.617199    0.446986    0.056583
-32.000   -0.603228    0.408322    0.045966
-30.000   -0.586955    0.370927    0.035823
-28.000   -0.568567    0.334987    0.026209
-26.000   -0.548293    0.300681    0.017183
-24.000   -0.526412    0.268181    0.008802
-22.000   -0.503275    0.237648    0.001123
-20.000   -0.479323    0.209234   -0.005796
-18.000   -0.455146    0.183081   -0.011899
-16.000   -0.431554    0.159319   -0.017127
-14.000   -0.409738    0.138066   -0.021424
-12.000   -0.391570    0.119429   -0.024732
-10.000   -0.380284    0.103499   -0.026994
 -8.000   -0.380081    0.093099   -0.027423
 -6.000   -0.354637    0.054061   -0.049707
 -4.000   -0.006400    0.016030   -0.094400
 -2.000    0.258900    0.012320   -0.105600
  0.000    0.483500    0.009470   -0.105500
  2.000    0.688400    0.009150   -0.102200
  4.000    0.885800    0.011540   -0.098000
  6.000    1.105366    0.013581   -0.090397
  8.000    1.138980    0.017126   -0.077704
 10.000    0.978835    0.030675   -0.078197
 12.000    0.878266    0.047739   -0.079521
 14.000    0.821324    0.066952   -0.081572
 16.000    0.786101    0.088867   -0.084331
 18.000    0.764715    0.113377   -0.087757
 20.000    0.752377    0.140363   -0.091811
 22.000    0.745983    0.169693   -0.096451
 24.000    0.743420    0.201226   -0.101637
 26.000    0.743190    0.234808   -0.107328
 28.000    0.744192    0.270275   -0.113484
 30.000    0.745597    0.307455   -0.120063
 32.000    0.746764    0.346167   -0.127026
 34.000    0.747190    0.386224   -0.134332
 36.000    0.746479    0.427431   -0.141940
 38.000    0.744312    0.469586   -0.149809
 40.000    0.740437    0.512487   -0.157899
 42.000    0.734652    0.555923   -0.166170
 44.000    0.726800    0.599683   -0.174579
 46.000    0.716763    0.643556   -0.183088
 48.000    0.704455    0.687329   -0.191656
 50.000    0.689818    0.730787   -0.200241
 52.000    0.672822    0.773721   -0.208803
 54.000    0.653463    0.815922   -0.217302
 56.000    0.631755    0.857184   -0.225697
 58.000    0.607736    0.897308   -0.233947
 60.000    0.581462    0.936099   -0.242011
 62.000    0.553007    0.973368   -0.249850
 64.000    0.522461    1.008935   -0.257422
 66.000    0.489931    1.042627   -0.264688
 68.000    0.455536    1.074281   -0.271605
 70.000    0.419412    1.103743   -0.278134
 72.000    0.381704    1.130870   -0.284233
 74.000    0.342571    1.155532   -0.289864
 76.000    0.302179    1.177608   -0.294984
 78.000    0.260706    1.196993   -0.299553
 80.000    0.218338    1.213592   -0.303530
 82.000    0.175268    1.227325   -0.306876
 84.000    0.131693    1.238127   -0.309548
 86.000    0.087818    1.245945   -0.311508
 88.000    0.043850    1.250742   -0.312713
 90.000    0.000000    1.252496   -0.313124
