Viterna extrapolated polar
 alpha from -90.0 to 90.0 deg
 BLEND_WIDTH = 6.000 deg

 alpha        Cl          Cd          Cm
 ------   ---------   ---------   ---------
-90.000   -0.000000    1.252496    0.313124
-88.000   -0.043711    1.253084    0.312495
-86.000   -0.087261    1.250625    0.310651
-84.000   -0.130439    1.245140    0.307655
-82.000   -0.173036    1.236663    0.303568
-80.000   -0.214845    1.225243    0.298455
-78.000   -0.255664    1.210943    0.292377
-76.000   -0.295296    1.193841    0.285397
-74.000   -0.333552    1.174027    0.277578
-72.000   -0.370248    1.151605    0.268983
-70.000   -0.405208    1.126691    0.259674
-68.000   -0.438267    1.099416    0.249715
-66.000   -0.469268    1.069918    0.239167
-64.000   -0.498065    1.038349    0.228095
-62.000   -0.524524    1.004868    0.216559
-60.000   -0.548524    0.969648    0.204624
-58.000   -0.569953    0.932864    0.192351
-56.000   -0.588718    0.894704    0.179804
-54.000   -0.604735    0.855360    0.167046
-52.000   -0.617938    0.815030    0.154138
-50.000   -0.628275    0.773916    0.141144
-48.000   -0.635709    0.732225    0.128127
-46.000   -0.640221    0.690166    0.115149
-44.000   -0.641806    0.647949    0.102272
-42.000   -0.640478    0.605785    0.089561
-40.000   -0.636269    0.563886    0.077076
-38.000   -0.629228    0.522460    0.064882
-36.000   -0.619424    0.481714    0.053041
-34.000   -0.606947    0.441850    0.041615
-32.000   -0.591908    0.403069    0.030668
-30.000   -0.574443    0.365563    0.020262
-28.000   -0.554716    0.329518    0.010459
-26.000   -0.532922    0.295114    0.001323
-24.000   -0.509298    0.262522   -0.007084
-22.000   -0.484133    0.231905   -0.014699
-20.000   -0.457789    0.203414   -0.021459
-18.000   -0.430732    0.177190   -0.027302
-16.000   -0.403593    0.153365   -0.032165
-14.000   -0.377278    0.132056   -0.035985
-12.000   -0.353187    0.113370   -0.038699
-10.000   -0.332292    0.095813   -0.040300
 -8.000   -0.317282    0.080535   -0.044405
 -6.000   -0.270449    0.043177   -0.070500
 -4.000    0.030200    0.013680   -0.100400
 -2.000    0.267050    0.010755   -0.105250
  0.000    0.472867    0.008287   -0.103733
  2.000    0.687400    0.009040   -0.101400
  4.000    0.884400    0.010730   -0.097800
  6.000    1.084863    0.013961   -0.090122
  8.000    1.180100    0.015960   -0.077900
 10.000    1.025167    0.028509   -0.078282
 12.000    0.912705    0.045944   -0.079525
 14.000    0.850448    0.065171   -0.081494
 16.000    0.811189    0.087103   -0.084180
 18.000    0.786621    0.111632   -0.087542
 20.000    0.771698    0.138638   -0.091538
 22.000    0.763157    0.167992   -0.096129
 24.000    0.758776    0.199550   -0.101272
 26.000    0.756981    0.233158   -0.106927
 28.000    0.756620    0.268654   -0.113053
 30.000    0.756823    0.305866   -0.119610
 32.000    0.756920    0.344611   -0.126555
 34.000    0.756388    0.384703   -0.133849
 36.000    0.754812    0.425946   -0.141449
 38.000    0.751860    0.468140   -0.149316
 40.000    0.747269    0.511081   -0.157408
 42.000    0.740829    0.554559   -0.165685
 44.000    0.732375    0.598363   -0.174104
 46.000    0.721784    0.642282   -0.182626
 48.000    0.708963    0.686101   -0.191210
 50.000    0.693854    0.729607   -0.199814
 52.000    0.676422    0.772591   -0.208398
 54.000    0.656659    0.814843   -0.216920
 56.000    0.634578    0.856158   -0.225339
 58.000    0.610214    0.896336   -0.233616
 60.000    0.583623    0.935181   -0.241708
 62.000    0.554875    0.972507   -0.249575
 64.000    0.524061    1.008131   -0.257175
 66.000    0.491286    1.041881   -0.264469
 68.000    0.456669    1.073593   -0.271414
 70.000    0.420344    1.103115   -0.277971
 72.000    0.382456    1.130303   -0.284097
 74.000    0.343162    1.155026   -0.289752
 76.000    0.302630    1.177165   -0.294895
 78.000    0.261037    1.196611   -0.299486
 80.000    0.218567    1.213273   -0.303482
 82.000    0.175414    1.227070   -0.306844
 84.000    0.131775    1.237935   -0.309530
 86.000    0.087854    1.245817   -0.311499
 88.000    0.043859    1.250678   -0.312711
 90.000    0.000000    1.252496   -0.313124
