Viterna extrapolated polar
 alpha from -90.0 to 90.0 deg
 BLEND_WIDTH = 6.000 deg

 alpha        Cl          Cd          Cm
 ------   ---------   ---------   ---------
-90.000   -0.000000    1.252496    0.313124
-88.000   -0.043710    1.252457    0.312459
-86.000   -0.087257    1.249374    0.310508
-84.000   -0.130429    1.243265    0.307335
-82.000   -0.173017    1.234166    0.303004
-80.000   -0.214815    1.222127    0.297580
-78.000   -0.255621    1.207213    0.291126
-76.000   -0.295238    1.189500    0.283707
-74.000   -0.333475    1.169081    0.275388
-72.000   -0.370150    1.146060    0.266233
-70.000   -0.405087    1.120555    0.256306
-68.000   -0.438120    1.092694    0.245672
-66.000   -0.469092    1.062620    0.234394
-64.000   -0.497858    1.030483    0.222537
-62.000   -0.524282    0.996445    0.210166
-60.000   -0.548244    0.960676    0.197344
-58.000   -0.569632    0.923356    0.184137
-56.000   -0.588352    0.884671    0.170608
-54.000   -0.604321    0.844814    0.156822
-52.000   -0.617472    0.803983    0.142842
-50.000   -0.627752    0.762383    0.128734
-48.000   -0.635125    0.720219    0.114562
-46.000   -0.639570    0.677702    0.100390
-44.000   -0.641083    0.635042    0.086282
-42.000   -0.639678    0.592451    0.072302
-40.000   -0.635383    0.550141    0.058516
-38.000   -0.628250    0.508321    0.044987
-36.000   -0.618344    0.467198    0.031780
-34.000   -0.605755    0.426975    0.018958
-32.000   -0.590592    0.387853    0.006587
-30.000   -0.572989    0.350024   -0.005270
-28.000   -0.553106    0.313676   -0.016548
-26.000   -0.531135    0.278987   -0.027182
-24.000   -0.507309    0.246131   -0.037109
-22.000   -0.481908    0.215269   -0.046264
-20.000   -0.455285    0.186553   -0.054583
-18.000   -0.427893    0.160126   -0.062002
-16.000   -0.400342    0.136117   -0.068456
-14.000   -0.373505    0.114647   -0.073880
-12.000   -0.348725    0.095819   -0.078211
-10.000   -0.328283    0.079728   -0.081384
 -8.000   -0.315567    0.070374   -0.078703
 -6.000   -0.323500    0.056060   -0.084000
 -4.000   -0.059339    0.034915   -0.118259
 -2.000    0.272700    0.028470   -0.134800
  0.000    0.607000    0.022080   -0.149600
  2.000    0.842600    0.019790   -0.145300
  4.000    1.063500    0.021320   -0.144000
  6.000    1.252900    0.024670   -0.137800
  8.000    1.425000    0.029040   -0.129400
 10.000    1.558700    0.034620   -0.115900
 12.000    1.673905    0.040594   -0.094448
 14.000    1.585487    0.055219   -0.083481
 16.000    1.429404    0.078151   -0.087306
 18.000    1.326410    0.102775   -0.089045
 20.000    1.247816    0.129888   -0.091583
 22.000    1.186361    0.159358   -0.094872
 24.000    1.137167    0.191042   -0.098865
 26.000    1.096820    0.224788   -0.103513
 28.000    1.062855    0.260432   -0.108770
 30.000    1.033444    0.297801   -0.114587
 32.000    1.007200    0.336714   -0.120916
 34.000    0.983052    0.376983   -0.127711
 36.000    0.960160    0.418412   -0.134923
 38.000    0.937862    0.460802   -0.142505
 40.000    0.915628    0.503947   -0.150409
 42.000    0.893034    0.547638   -0.158587
 44.000    0.869745    0.591665   -0.166991
 46.000    0.845493    0.635813   -0.175575
 48.000    0.820071    0.679869   -0.184289
 50.000    0.793320    0.723622   -0.193087
 52.000    0.765127    0.766858   -0.201921
 54.000    0.735413    0.809369   -0.210743
 56.000    0.704135    0.850951   -0.219505
 58.000    0.671279    0.891401   -0.228160
 60.000    0.636858    0.930525   -0.236660
 62.000    0.600909    0.968135   -0.244958
 64.000    0.563490    1.004048   -0.253004
 66.000    0.524682    1.038093   -0.260753
 68.000    0.484580    1.070105   -0.268156
 70.000    0.443301    1.099930   -0.275165
 72.000    0.400972    1.127426   -0.281734
 74.000    0.357738    1.152459   -0.287813
 76.000    0.313754    1.174912   -0.293356
 78.000    0.269187    1.194675   -0.298314
 80.000    0.224214    1.211656   -0.302641
 82.000    0.179021    1.225774   -0.306287
 84.000    0.133801    1.236961   -0.309207
 86.000    0.088754    1.245167   -0.311351
 88.000    0.044084    1.250353   -0.312673
 90.000    0.000000    1.252496   -0.313124
