Viterna extrapolated polar
 alpha from -90.0 to 90.0 deg
 BLEND_WIDTH = 6.000 deg

 alpha        Cl          Cd          Cm
 ------   ---------   ---------   ---------
-90.000   -0.000000    1.252496    0.313124
-88.000   -0.043752    1.251231    0.312427
-86.000   -0.087425    1.246922    0.310382
-84.000   -0.130809    1.239591    0.307060
-82.000   -0.173694    1.229274    0.302528
-80.000   -0.215875    1.216024    0.296858
-78.000   -0.257151    1.199905    0.290118
-76.000   -0.297326    1.180996    0.282379
-74.000   -0.336212    1.159392    0.273709
-72.000   -0.373627    1.135198    0.264179
-70.000   -0.409397    1.108533    0.253857
-68.000   -0.443360    1.079527    0.242813
-66.000   -0.475362    1.048323    0.231118
-64.000   -0.505260    1.015074    0.218840
-62.000   -0.532925    0.979943    0.206049
-60.000   -0.558238    0.943101    0.192814
-58.000   -0.581097    0.904729    0.179206
-56.000   -0.601411    0.865015    0.165294
-54.000   -0.619106    0.824153    0.151146
-52.000   -0.634125    0.782343    0.136834
-50.000   -0.646426    0.739789    0.122426
-48.000   -0.655984    0.696699    0.107991
-46.000   -0.662795    0.653284    0.093600
-44.000   -0.666873    0.609757    0.079323
-42.000   -0.668253    0.566330    0.065228
-40.000   -0.666991    0.523214    0.051385
-38.000   -0.663170    0.480622    0.037863
-36.000   -0.656896    0.438760    0.024733
-34.000   -0.648309    0.397834    0.012064
-32.000   -0.637580    0.358044   -0.000075
-30.000   -0.624922    0.319583   -0.011614
-28.000   -0.610598    0.282639   -0.022484
-26.000   -0.594937    0.247394   -0.032614
-24.000   -0.578348    0.214019   -0.041936
-22.000   -0.561361    0.182678   -0.050380
-20.000   -0.544672    0.153522   -0.057876
-18.000   -0.529234    0.126696   -0.064355
-16.000   -0.516406    0.102329   -0.069747
-14.000   -0.508241    0.080540   -0.073982
-12.000   -0.508049    0.061437   -0.076992
-10.000   -0.512221    0.050666   -0.072580
 -8.000   -0.520826    0.022128   -0.089206
 -6.000   -0.201425    0.019786   -0.110568
 -4.000    0.082300    0.015590   -0.123800
 -2.000    0.367700    0.011310   -0.135500
  0.000    0.586900    0.008940   -0.133900
  2.000    0.799600    0.009680   -0.131500
  4.000    0.995400    0.011450   -0.126800
  6.000    1.175700    0.013940   -0.119800
  8.000    1.263000    0.021730   -0.099600
 10.000    1.396616    0.029178   -0.080380
 12.000    1.345601    0.045183   -0.069883
 14.000    1.203930    0.063680   -0.072627
 16.000    1.114911    0.085711   -0.074328
 18.000    1.051813    0.110255   -0.076815
 20.000    1.005610    0.137278   -0.080076
 22.000    0.971073    0.166649   -0.084063
 24.000    0.944675    0.198227   -0.088729
 26.000    0.923940    0.231857   -0.094027
 28.000    0.907070    0.267376   -0.099909
 30.000    0.892724    0.304612   -0.106327
 32.000    0.879880    0.343383   -0.113235
 34.000    0.867746    0.383503   -0.120584
 36.000    0.855698    0.424775   -0.128328
 38.000    0.843241    0.466999   -0.136418
 40.000    0.829982    0.509972   -0.144808
 42.000    0.815605    0.553483   -0.153450
 44.000    0.799863    0.597322   -0.162297
 46.000    0.782561    0.641276   -0.171300
 48.000    0.763549    0.685132   -0.180414
 50.000    0.742721    0.728677   -0.189589
 52.000    0.720002    0.771700   -0.198780
 54.000    0.695350    0.813992   -0.207938
 56.000    0.668751    0.855348   -0.217016
 58.000    0.640215    0.895568   -0.225966
 60.000    0.609777    0.934457   -0.234741
 62.000    0.577491    0.971827   -0.243294
 64.000    0.543432    1.007496   -0.251578
 66.000    0.507693    1.041292   -0.259544
 68.000    0.470382    1.073051   -0.267145
 70.000    0.431622    1.102620   -0.274334
 72.000    0.391553    1.129856   -0.281064
 74.000    0.350323    1.154627   -0.287286
 76.000    0.308095    1.176814   -0.292955
 78.000    0.265041    1.196310   -0.298021
 80.000    0.221342    1.213022   -0.302438
 82.000    0.177186    1.226868   -0.306159
 84.000    0.132771    1.237784   -0.309135
 86.000    0.088296    1.245716   -0.311319
 88.000    0.043970    1.250627   -0.312665
 90.000    0.000000    1.252496   -0.313124
