Viterna extrapolated polar
 alpha from -90.0 to 90.0 deg
 BLEND_WIDTH = 6.000 deg

 alpha        Cl          Cd          Cm
 ------   ---------   ---------   ---------
-90.000   -0.000000    1.252496    0.313124
-88.000   -0.043643    1.252835    0.312416
-86.000   -0.086989    1.250129    0.310336
-84.000   -0.129827    1.244397    0.306953
-82.000   -0.171945    1.235673    0.302332
-80.000   -0.213137    1.224008    0.296541
-78.000   -0.253199    1.209464    0.289647
-76.000   -0.291933    1.192120    0.281717
-74.000   -0.329145    1.172066    0.272818
-72.000   -0.364649    1.149407    0.263018
-70.000   -0.398267    1.124259    0.252383
-68.000   -0.429827    1.096751    0.240980
-66.000   -0.459170    1.067025    0.228877
-64.000   -0.486143    1.035231    0.216141
-62.000   -0.510605    1.001529    0.202839
-60.000   -0.532426    0.966091    0.189038
-58.000   -0.551489    0.929095    0.174804
-56.000   -0.567685    0.890727    0.160206
-54.000   -0.580922    0.851179    0.145310
-52.000   -0.591116    0.810651    0.130184
-50.000   -0.598199    0.769344    0.114893
-48.000   -0.602113    0.727466    0.099507
-46.000   -0.602814    0.685225    0.084091
-44.000   -0.600268    0.642832    0.068713
-42.000   -0.594454    0.600500    0.053439
-40.000   -0.585361    0.558437    0.038338
-38.000   -0.572985    0.516855    0.023475
-36.000   -0.557331    0.475959    0.008919
-34.000   -0.538409    0.435954   -0.005264
-32.000   -0.516229    0.397037   -0.019007
-30.000   -0.490799    0.359403   -0.032242
-28.000   -0.462117    0.323238   -0.044902
-26.000   -0.430162    0.288721   -0.056921
-24.000   -0.394881    0.256024   -0.068231
-22.000   -0.356166    0.225310   -0.078766
-20.000   -0.313821    0.196730   -0.088457
-18.000   -0.267511    0.170425   -0.097238
-16.000   -0.216658    0.146528   -0.105042
-14.000   -0.160269    0.125155   -0.111802
-12.000   -0.096576    0.106412   -0.117451
-10.000   -0.022257    0.090394   -0.121921
 -8.000    0.069523    0.077178   -0.125145
 -6.000    0.209131    0.069583   -0.124416
 -4.000    0.364714    0.057537   -0.127319
 -2.000    0.323281    0.030172   -0.124250
  0.000    0.493700    0.027210   -0.118000
  2.000    0.658800    0.027300   -0.105700
  4.000    0.794800    0.028710   -0.088700
  6.000    0.916900    0.031260   -0.070600
  8.000    1.125019    0.034727   -0.066216
 10.000    1.129056    0.044358   -0.049729
 12.000    0.999686    0.062560   -0.051923
 14.000    0.935571    0.078807   -0.053425
 16.000    0.884514    0.100611   -0.055817
 18.000    0.850644    0.124996   -0.059032
 20.000    0.828170    0.151843   -0.063023
 22.000    0.813352    0.181021   -0.067740
 24.000    0.803656    0.212387   -0.073135
 26.000    0.797289    0.245789   -0.079159
 28.000    0.792942    0.281062   -0.085764
 30.000    0.789632    0.318035   -0.092900
 32.000    0.786606    0.356528   -0.100520
 34.000    0.783273    0.396353   -0.108575
 36.000    0.779168    0.437315   -0.117016
 38.000    0.773922    0.479214   -0.125794
 40.000    0.767238    0.521846   -0.134860
 42.000    0.758881    0.565002   -0.144167
 44.000    0.748668    0.608472   -0.153666
 46.000    0.736457    0.652043   -0.163307
 48.000    0.722142    0.695504   -0.173043
 50.000    0.705652    0.738640   -0.182824
 52.000    0.686943    0.781243   -0.192602
 54.000    0.666000    0.823103   -0.202328
 56.000    0.642828    0.864016   -0.211954
 58.000    0.617457    0.903782   -0.221432
 60.000    0.589937    0.942208   -0.230711
 62.000    0.560335    0.979104   -0.239744
 64.000    0.528738    1.014291   -0.248483
 66.000    0.495247    1.047596   -0.256878
 68.000    0.459980    1.078858   -0.264881
 70.000    0.423067    1.107921   -0.272443
 72.000    0.384652    1.134646   -0.279516
 74.000    0.344891    1.158900   -0.286051
 76.000    0.303949    1.180564   -0.291999
 78.000    0.262004    1.199533   -0.297312
 80.000    0.219237    1.215713   -0.301941
 82.000    0.175842    1.229025   -0.305837
 84.000    0.132015    1.239404   -0.308952
 86.000    0.087961    1.246797   -0.311237
 88.000    0.043886    1.251168   -0.312644
 90.000    0.000000    1.252496   -0.313124
