Viterna extrapolated polar
 alpha from -90.0 to 90.0 deg
 BLEND_WIDTH = 6.000 deg

 alpha        Cl          Cd          Cm
 ------   ---------   ---------   ---------
-90.000   -0.000000    1.252496    0.313124
-88.000   -0.043715    1.253745    0.312619
-86.000   -0.087279    1.251948    0.311138
-84.000   -0.130479    1.247122    0.308727
-82.000   -0.173107    1.239302    0.305436
-80.000   -0.214956    1.228536    0.301312
-78.000   -0.255825    1.214886    0.296403
-76.000   -0.295516    1.198428    0.290758
-74.000   -0.333840    1.179254    0.284424
-72.000   -0.370614    1.157465    0.277450
-70.000   -0.405662    1.133177    0.269884
-68.000   -0.438819    1.106520    0.261774
-66.000   -0.469928    1.077631    0.253168
-64.000   -0.498844    1.046662    0.244113
-62.000   -0.525434    1.013771    0.234659
-60.000   -0.549576    0.979129    0.224853
-58.000   -0.571160    0.942913    0.214744
-56.000   -0.590092    0.905309    0.204379
-54.000   -0.606292    0.866507    0.193806
-52.000   -0.619691    0.826705    0.183075
-50.000   -0.630241    0.786106    0.172232
-48.000   -0.637905    0.744914    0.161326
-46.000   -0.642665    0.703339    0.150404
-44.000   -0.644520    0.661590    0.139516
-42.000   -0.643486    0.619878    0.128709
-40.000   -0.639596    0.578413    0.118032
-38.000   -0.632904    0.537403    0.107531
-36.000   -0.623482    0.497055    0.097257
-34.000   -0.611426    0.457572    0.087255
-32.000   -0.596854    0.419151    0.077576
-30.000   -0.579910    0.381986    0.068266
-28.000   -0.560768    0.346262    0.059374
-26.000   -0.539638    0.312158    0.050948
-24.000   -0.516776    0.279846    0.043036
-22.000   -0.492497    0.249487    0.035686
-20.000   -0.467198    0.221233    0.028947
-18.000   -0.441399    0.195225    0.022866
-16.000   -0.415811    0.171594    0.017491
-14.000   -0.391461    0.150456    0.012871
-12.000   -0.369958    0.131919    0.009054
-10.000   -0.354054    0.116074    0.006087
 -8.000   -0.349068    0.103000    0.004019
 -6.000   -0.370992    0.094282    0.001645
 -4.000   -0.403249    0.081481   -0.004409
 -2.000   -0.084639    0.038874   -0.076696
  0.000    0.258300    0.038960   -0.103300
  2.000    0.513900    0.043380   -0.116700
  4.000    0.747800    0.048920   -0.121400
  6.000    0.956200    0.053380   -0.117600
  8.000    1.283000    0.043190   -0.115400
 10.000    1.434894    0.039780   -0.089337
 12.000    1.368784    0.054537   -0.075281
 14.000    1.226087    0.073178   -0.078274
 16.000    1.134355    0.094973   -0.079968
 18.000    1.068791    0.119418   -0.082397
 20.000    1.020585    0.146332   -0.085580
 22.000    0.984384    0.175583   -0.089473
 24.000    0.956577    0.207029   -0.094029
 26.000    0.934629    0.240517   -0.099202
 28.000    0.916702    0.275883   -0.104945
 30.000    0.901424    0.312956   -0.111211
 32.000    0.887752    0.351554   -0.117956
 34.000    0.874875    0.391491   -0.125132
 36.000    0.862156    0.432570   -0.132692
 38.000    0.849091    0.474592   -0.140592
 40.000    0.835277    0.517353   -0.148784
 42.000    0.820393    0.560643   -0.157221
 44.000    0.804184    0.604253   -0.165859
 46.000    0.786452    0.647969   -0.174650
 48.000    0.767044    0.691579   -0.183548
 50.000    0.745849    0.734870   -0.192507
 52.000    0.722792    0.777632   -0.201481
 54.000    0.697827    0.819655   -0.210422
 56.000    0.670938    0.860736   -0.219286
 58.000    0.642136    0.900674   -0.228024
 60.000    0.611451    0.939275   -0.236593
 62.000    0.578939    0.976350   -0.244944
 64.000    0.544673    1.011720   -0.253031
 66.000    0.508743    1.045211   -0.260809
 68.000    0.471260    1.076660   -0.268231
 70.000    0.432344    1.105915   -0.275250
 72.000    0.392135    1.132833   -0.281821
 74.000    0.350781    1.157283   -0.287897
 76.000    0.308445    1.179145   -0.293431
 78.000    0.265297    1.198314   -0.298378
 80.000    0.221519    1.214695   -0.302691
 82.000    0.177300    1.228209   -0.306323
 84.000    0.132834    1.238791   -0.309229
 86.000    0.088325    1.246388   -0.311362
 88.000    0.043977    1.250964   -0.312676
 90.000    0.000000    1.252496   -0.313124
