Viterna extrapolated polar
 alpha from -90.0 to 90.0 deg
 BLEND_WIDTH = 6.000 deg

 alpha        Cl          Cd          Cm
 ------   ---------   ---------   ---------
-90.000   -0.000000    1.252496    0.313124
-88.000   -0.043728    1.252021    0.312470
-86.000   -0.087328    1.248500    0.310549
-84.000   -0.130590    1.241956    0.307428
-82.000   -0.173305    1.232424    0.303171
-80.000   -0.215265    1.219953    0.297841
-78.000   -0.256271    1.204610    0.291505
-76.000   -0.296125    1.186471    0.284227
-74.000   -0.334638    1.165630    0.276071
-72.000   -0.371628    1.142191    0.267102
-70.000   -0.406919    1.116273    0.257385
-68.000   -0.440347    1.088004    0.246985
-66.000   -0.471756    1.057528    0.235966
-64.000   -0.501003    1.024995    0.224393
-62.000   -0.527955    0.990567    0.212331
-60.000   -0.552491    0.954416    0.199844
-58.000   -0.574504    0.916722    0.186997
-56.000   -0.593901    0.877670    0.173855
-54.000   -0.610604    0.837455    0.160482
-52.000   -0.624548    0.796275    0.146944
-50.000   -0.635687    0.754335    0.133304
-48.000   -0.643989    0.711842    0.119628
-46.000   -0.649439    0.669005    0.105981
-44.000   -0.652042    0.626036    0.092426
-42.000   -0.651820    0.583147    0.079030
-40.000   -0.648814    0.540550    0.065855
-38.000   -0.643088    0.498455    0.052968
-36.000   -0.634726    0.457069    0.040432
-34.000   -0.623837    0.416596    0.028313
-32.000   -0.610558    0.377235    0.016676
-30.000   -0.595056    0.339181    0.005584
-28.000   -0.577535    0.302621   -0.004897
-26.000   -0.558245    0.267735   -0.014703
-24.000   -0.537494    0.234693   -0.023769
-22.000   -0.515669    0.203660   -0.032030
-20.000   -0.493267    0.174788   -0.039422
-18.000   -0.470955    0.148219   -0.045879
-16.000   -0.449660    0.124082   -0.051338
-14.000   -0.430756    0.102499   -0.055733
-12.000   -0.416424    0.083573   -0.059000
-10.000   -0.410996    0.066762   -0.061109
 -8.000   -0.421522    0.053414   -0.061894
 -6.000   -0.255825    0.018669   -0.093686
 -4.000    0.063400    0.014490   -0.112100
 -2.000    0.312300    0.010940   -0.118800
  0.000    0.526400    0.008470   -0.116600
  2.000    0.736800    0.009350   -0.114600
  4.000    0.929200    0.011030   -0.110300
  6.000    1.113400    0.013830   -0.104100
  8.000    1.229057    0.021305   -0.087583
 10.000    1.325064    0.036119   -0.064090
 12.000    1.300292    0.055850   -0.064646
 14.000    1.160427    0.077150   -0.065720
 16.000    1.078208    0.098970   -0.067629
 18.000    1.019767    0.123372   -0.070362
 20.000    0.977343    0.150239   -0.073871
 22.000    0.945948    0.179438   -0.078108
 24.000    0.922211    0.210827   -0.083026
 26.000    0.903764    0.244254   -0.088576
 28.000    0.888889    0.279554   -0.094710
 30.000    0.876301    0.316557   -0.101381
 32.000    0.865021    0.355080   -0.108541
 34.000    0.854289    0.394937   -0.116141
 36.000    0.843506    0.435933   -0.124133
 38.000    0.832198    0.477868   -0.132471
 40.000    0.819987    0.520538   -0.141105
 42.000    0.806569    0.563733   -0.149988
 44.000    0.791708    0.607244   -0.159071
 46.000    0.775216    0.650857   -0.168308
 48.000    0.756953    0.694361   -0.177649
 50.000    0.736816    0.737543   -0.187047
 52.000    0.714735    0.780191   -0.196455
 54.000    0.690674    0.822099   -0.205823
 56.000    0.664621    0.863061   -0.215104
 58.000    0.636590    0.902877   -0.224251
 60.000    0.606616    0.941354   -0.233215
 62.000    0.574758    0.978302   -0.241948
 64.000    0.541092    1.013542   -0.250402
 66.000    0.505710    1.046902   -0.258529
 68.000    0.468725    1.078218   -0.266282
 70.000    0.430259    1.107337   -0.273613
 72.000    0.390453    1.134118   -0.280472
 74.000    0.349458    1.158429   -0.286814
 76.000    0.307435    1.180151   -0.292589
 78.000    0.264557    1.199178   -0.297749
 80.000    0.221006    1.215417   -0.302247
 82.000    0.176972    1.228788   -0.306035
 84.000    0.132650    1.239225   -0.309064
 86.000    0.088243    1.246678   -0.311288
 88.000    0.043956    1.251109   -0.312657
 90.000    0.000000    1.252496   -0.313124
