Viterna extrapolated polar
 alpha from -90.0 to 90.0 deg
 BLEND_WIDTH = 6.000 deg

 alpha        Cl          Cd          Cm
 ------   ---------   ---------   ---------
-90.000   -0.000000    1.252496    0.313124
-88.000   -0.043719    1.254610    0.312486
-86.000   -0.087293    1.253677    0.310618
-84.000   -0.130512    1.249713    0.307585
-82.000   -0.173165    1.242752    0.303454
-80.000   -0.215046    1.232840    0.298291
-78.000   -0.255955    1.220039    0.292164
-76.000   -0.295694    1.204424    0.285138
-74.000   -0.334073    1.186085    0.277281
-72.000   -0.370909    1.165123    0.268659
-70.000   -0.406028    1.141654    0.259337
-68.000   -0.439264    1.115804    0.249384
-66.000   -0.470461    1.087711    0.238865
-64.000   -0.499474    1.057526    0.227847
-62.000   -0.526169    1.025406    0.216397
-60.000   -0.550425    0.991521    0.204581
-58.000   -0.572135    0.956046    0.192465
-56.000   -0.591202    0.919167    0.180116
-54.000   -0.607548    0.881074    0.167601
-52.000   -0.621107    0.841963    0.154986
-50.000   -0.631828    0.802036    0.142338
-48.000   -0.639678    0.761497    0.129723
-46.000   -0.644640    0.720555    0.117208
-44.000   -0.646712    0.679417    0.104859
-42.000   -0.645915    0.638295    0.092743
-40.000   -0.642282    0.597397    0.080927
-38.000   -0.635872    0.556932    0.069477
-36.000   -0.626759    0.517105    0.058459
-34.000   -0.615043    0.478118    0.047940
-32.000   -0.600848    0.440168    0.037987
-30.000   -0.584324    0.403448    0.028665
-28.000   -0.565655    0.368143    0.020043
-26.000   -0.545061    0.334433    0.012186
-24.000   -0.522814    0.302486    0.005160
-22.000   -0.499250    0.272466   -0.000967
-20.000   -0.474796    0.244521   -0.006130
-18.000   -0.450013    0.218795   -0.010261
-16.000   -0.425675    0.195416   -0.013294
-14.000   -0.401475    0.173144   -0.015210
-12.000   -0.383500    0.156160   -0.015800
-10.000   -0.321624    0.087010   -0.051942
 -8.000   -0.296457    0.066591   -0.063367
 -6.000   -0.275200    0.050450   -0.071900
 -4.000    0.030300    0.013690   -0.100400
 -2.000    0.267000    0.010740   -0.105200
  0.000    0.481250    0.008205   -0.103950
  2.000    0.687400    0.009050   -0.101400
  4.000    0.884400    0.010740   -0.097800
  6.000    1.078251    0.014430   -0.090380
  8.000    1.216821    0.018608   -0.079390
 10.000    1.078064    0.030312   -0.079082
 12.000    0.952482    0.048074   -0.080234
 14.000    0.884087    0.067285   -0.082115
 16.000    0.840165    0.089197   -0.084719
 18.000    0.811921    0.113703   -0.088004
 20.000    0.794014    0.140685   -0.091931
 22.000    0.782993    0.170011   -0.096457
 24.000    0.776511    0.201539   -0.101542
 26.000    0.772910    0.235116   -0.107143
 28.000    0.770973    0.270577   -0.113221
 30.000    0.769788    0.307752   -0.119734
 32.000    0.768651    0.346458   -0.126641
 34.000    0.767012    0.386509   -0.133900
 36.000    0.764437    0.427708   -0.141470
 38.000    0.760579    0.469857   -0.149311
 40.000    0.755160    0.512749   -0.157381
 42.000    0.747963    0.556177   -0.165638
 44.000    0.738814    0.599930   -0.174042
 46.000    0.727582    0.643795   -0.182552
 48.000    0.714171    0.687558   -0.191126
 50.000    0.698516    0.731007   -0.199724
 52.000    0.680580    0.773932   -0.208303
 54.000    0.660350    0.816123   -0.216823
 56.000    0.637838    0.857376   -0.225242
 58.000    0.613076    0.897490   -0.233521
 60.000    0.586118    0.936270   -0.241616
 62.000    0.557033    0.973529   -0.249488
 64.000    0.525909    1.009085   -0.257094
 66.000    0.492851    1.042767   -0.264394
 68.000    0.457977    1.074409   -0.271347
 70.000    0.421420    1.103860   -0.277912
 72.000    0.383324    1.130976   -0.284046
 74.000    0.343845    1.155627   -0.289710
 76.000    0.303151    1.177691   -0.294861
 78.000    0.261419    1.197064   -0.299459
 80.000    0.218832    1.213651   -0.303463
 82.000    0.175583    1.227373   -0.306831
 84.000    0.131870    1.238163   -0.309523
 86.000    0.087896    1.245969   -0.311496
 88.000    0.043870    1.250754   -0.312710
 90.000    0.000000    1.252496   -0.313124
