Viterna extrapolated polar
 alpha from -90.0 to 90.0 deg
 BLEND_WIDTH = 6.000 deg

 alpha        Cl          Cd          Cm
 ------   ---------   ---------   ---------
-90.000   -0.000000    1.252496    0.313124
-88.000   -0.043755    1.251428    0.312450
-86.000   -0.087438    1.247316    0.310473
-84.000   -0.130837    1.240182    0.307260
-82.000   -0.173743    1.230062    0.302878
-80.000   -0.215952    1.217006    0.297394
-78.000   -0.257261    1.201081    0.290875
-76.000   -0.297477    1.182365    0.283389
-74.000   -0.336410    1.160952    0.275001
-72.000   -0.373878    1.136947    0.265780
-70.000   -0.409709    1.110468    0.255791
-68.000   -0.443739    1.081647    0.245103
-66.000   -0.475815    1.050625    0.233783
-64.000   -0.505796    1.017555    0.221897
-62.000   -0.533550    0.982599    0.209512
-60.000   -0.558961    0.945930    0.196695
-58.000   -0.581926    0.907728    0.183515
-56.000   -0.602355    0.868179    0.170036
-54.000   -0.620176    0.827479    0.156327
-52.000   -0.635330    0.785827    0.142455
-50.000   -0.647776    0.743426    0.128486
-48.000   -0.657493    0.700486    0.114488
-46.000   -0.664475    0.657215    0.100528
-44.000   -0.668738    0.613828    0.086673
-42.000   -0.670319    0.570535    0.072989
-40.000   -0.669277    0.527549    0.059544
-38.000   -0.665695    0.485081    0.046405
-36.000   -0.659685    0.443338    0.033639
-34.000   -0.651387    0.402526    0.021313
-32.000   -0.640978    0.362843    0.009494
-30.000   -0.628678    0.324483   -0.001751
-28.000   -0.614756    0.287636   -0.012356
-26.000   -0.599551    0.252480   -0.022252
-24.000   -0.583486    0.219189   -0.031372
-22.000   -0.567107    0.187924   -0.039651
-20.000   -0.551137    0.158840   -0.047020
-18.000   -0.536563    0.132077   -0.053414
-16.000   -0.524801    0.107768   -0.058764
-14.000   -0.517986    0.086031   -0.063003
-12.000   -0.519572    0.066972   -0.066065
-10.000   -0.539568    0.049349   -0.067941
 -8.000   -0.554503    0.032756   -0.073124
 -6.000   -0.221263    0.029170   -0.099216
 -4.000    0.051700    0.018160   -0.117300
 -2.000    0.342300    0.013370   -0.132100
  0.000    0.576000    0.010180   -0.132400
  2.000    0.798700    0.010700   -0.131900
  4.000    0.996400    0.012350   -0.127100
  6.000    1.179300    0.014720   -0.120100
  8.000    1.270100    0.022900   -0.097300
 10.000    1.380565    0.030748   -0.078441
 12.000    1.328706    0.047093   -0.068405
 14.000    1.189605    0.065586   -0.070928
 16.000    1.102605    0.087583   -0.072646
 18.000    1.041069    0.112107   -0.075150
 20.000    0.996132    0.139108   -0.078434
 22.000    0.962648    0.168455   -0.082449
 24.000    0.937143    0.200006   -0.087148
 26.000    0.917175    0.233607   -0.092483
 28.000    0.900974    0.269095   -0.098407
 30.000    0.887217    0.306298   -0.104870
 32.000    0.874898    0.345035   -0.111826
 34.000    0.863234    0.385117   -0.119228
 36.000    0.851610    0.426350   -0.127026
 38.000    0.839539    0.468534   -0.135173
 40.000    0.826631    0.511463   -0.143622
 42.000    0.812576    0.554930   -0.152325
 44.000    0.797129    0.598723   -0.161234
 46.000    0.780098    0.642629   -0.170301
 48.000    0.761338    0.686435   -0.179479
 50.000    0.740741    0.729929   -0.188719
 52.000    0.718236    0.772899   -0.197974
 54.000    0.693782    0.815137   -0.207197
 56.000    0.667366    0.856437   -0.216338
 58.000    0.638999    0.896600   -0.225352
 60.000    0.608717    0.935431   -0.234189
 62.000    0.576575    0.972741   -0.242802
 64.000    0.542648    1.008350   -0.251144
 66.000    0.507028    1.042084   -0.259166
 68.000    0.469826    1.073781   -0.266821
 70.000    0.431165    1.103286   -0.274061
 72.000    0.391184    1.130458   -0.280838
 74.000    0.350033    1.155164   -0.287104
 76.000    0.307874    1.177285   -0.292813
 78.000    0.264879    1.196715   -0.297915
 80.000    0.221229    1.213360   -0.302363
 82.000    0.177114    1.227139   -0.306110
 84.000    0.132730    1.237987   -0.309107
 86.000    0.088278    1.245852   -0.311307
 88.000    0.043965    1.250695   -0.312662
 90.000    0.000000    1.252496   -0.313124
