Viterna extrapolated polar
 alpha from -90.0 to 90.0 deg
 BLEND_WIDTH = 6.000 deg

 alpha        Cl          Cd          Cm
 ------   ---------   ---------   ---------
-90.000   -0.000000    1.252496    0.313124
-88.000   -0.043727    1.252620    0.312512
-86.000   -0.087324    1.249699    0.310715
-84.000   -0.130581    1.243753    0.307794
-82.000   -0.173288    1.234816    0.303809
-80.000   -0.215239    1.222938    0.298821
-78.000   -0.256233    1.208183    0.292890
-76.000   -0.296074    1.190629    0.286076
-74.000   -0.334571    1.170367    0.278440
-72.000   -0.371542    1.147502    0.270042
-70.000   -0.406813    1.122151    0.260942
-68.000   -0.440218    1.094443    0.251201
-66.000   -0.471602    1.064518    0.240879
-64.000   -0.500821    1.032529    0.230036
-62.000   -0.527742    0.998636    0.218734
-60.000   -0.552245    0.963010    0.207031
-58.000   -0.574222    0.925829    0.194989
-56.000   -0.593580    0.887281    0.182668
-54.000   -0.610240    0.847557    0.170128
-52.000   -0.624139    0.806857    0.157429
-50.000   -0.635228    0.765383    0.144633
-48.000   -0.643475    0.723342    0.131799
-46.000   -0.648868    0.680944    0.118987
-44.000   -0.651408    0.638399    0.106258
-42.000   -0.651117    0.595920    0.093673
-40.000   -0.648037    0.553716    0.081291
-38.000   -0.642229    0.511999    0.069174
-36.000   -0.633777    0.470973    0.057381
-34.000   -0.622790    0.430845    0.045972
-32.000   -0.609402    0.391811    0.035009
-30.000   -0.593779    0.354066    0.024551
-28.000   -0.576121    0.317796    0.014659
-26.000   -0.556676    0.283182    0.005394
-24.000   -0.535747    0.250395   -0.003186
-22.000   -0.513715    0.219596   -0.011018
-20.000   -0.491069    0.190939   -0.018043
-18.000   -0.468462    0.164564   -0.024200
-16.000   -0.446805    0.140604   -0.029430
-14.000   -0.427442    0.119175   -0.033671
-12.000   -0.412505    0.100384   -0.036864
-10.000   -0.405980    0.084008   -0.038966
 -8.000   -0.416504    0.069997   -0.039876
 -6.000   -0.300285    0.027085   -0.079556
 -4.000    0.021400    0.017190   -0.105200
 -2.000    0.297000    0.012710   -0.117600
  0.000    0.525100    0.009720   -0.117200
  2.000    0.738100    0.010360   -0.115600
  4.000    0.933800    0.011900   -0.110600
  6.000    1.121200    0.014330   -0.104500
  8.000    1.225300    0.023903   -0.083067
 10.000    1.303362    0.036029   -0.061326
 12.000    1.300543    0.055906   -0.061489
 14.000    1.160953    0.077247   -0.062461
 16.000    1.078662    0.099066   -0.064297
 18.000    1.020163    0.123468   -0.066979
 20.000    0.977692    0.150333   -0.070457
 22.000    0.946258    0.179531   -0.074682
 24.000    0.922488    0.210919   -0.079606
 26.000    0.904014    0.244344   -0.085179
 28.000    0.889114    0.279643   -0.091353
 30.000    0.876504    0.316643   -0.098078
 32.000    0.865205    0.355165   -0.105305
 34.000    0.854455    0.395020   -0.112986
 36.000    0.843657    0.436014   -0.121071
 38.000    0.832335    0.477947   -0.129512
 40.000    0.820110    0.520614   -0.138259
 42.000    0.806681    0.563807   -0.147263
 44.000    0.791809    0.607315   -0.156475
 46.000    0.775307    0.650927   -0.165847
 48.000    0.757034    0.694428   -0.175329
 50.000    0.736889    0.737607   -0.184872
 52.000    0.714800    0.780253   -0.194428
 54.000    0.690732    0.822158   -0.203947
 56.000    0.664672    0.863117   -0.213380
 58.000    0.636634    0.902930   -0.222678
 60.000    0.606655    0.941404   -0.231792
 62.000    0.574792    0.978349   -0.240674
 64.000    0.541120    1.013586   -0.249274
 66.000    0.505735    1.046943   -0.257543
 68.000    0.468745    1.078255   -0.265432
 70.000    0.430276    1.107372   -0.272892
 72.000    0.390467    1.134149   -0.279875
 74.000    0.349468    1.158457   -0.286330
 76.000    0.307443    1.180175   -0.292210
 78.000    0.264563    1.199199   -0.297464
 80.000    0.221010    1.215434   -0.302045
 82.000    0.176975    1.228802   -0.305903
 84.000    0.132652    1.239236   -0.308988
 86.000    0.088244    1.246685   -0.311253
 88.000    0.043956    1.251112   -0.312648
 90.000    0.000000    1.252496   -0.313124
