Viterna extrapolated polar
 alpha from -90.0 to 90.0 deg
 BLEND_WIDTH = 6.000 deg

 alpha        Cl          Cd          Cm
 ------   ---------   ---------   ---------
-90.000   -0.000000    1.252496    0.313124
-88.000   -0.043720    1.253604    0.312608
-86.000   -0.087298    1.251665    0.311091
-84.000   -0.130521    1.246698    0.308625
-82.000   -0.173182    1.238737    0.305258
-80.000   -0.215073    1.227831    0.301041
-78.000   -0.255993    1.214041    0.296022
-76.000   -0.295746    1.197446    0.290252
-74.000   -0.334142    1.178134    0.283781
-72.000   -0.370997    1.156209    0.276657
-70.000   -0.406137    1.131788    0.268931
-68.000   -0.439396    1.104998    0.260652
-66.000   -0.470619    1.075979    0.251871
-64.000   -0.499660    1.044880    0.242636
-62.000   -0.526386    1.011864    0.232997
-60.000   -0.550677    0.977098    0.223004
-58.000   -0.572423    0.940760    0.212707
-56.000   -0.591531    0.903037    0.202156
-54.000   -0.607920    0.864119    0.191400
-52.000   -0.621526    0.824204    0.180488
-50.000   -0.632298    0.783494    0.169471
-48.000   -0.640203    0.742196    0.158398
-46.000   -0.645224    0.700517    0.147318
-44.000   -0.647362    0.658667    0.136282
-42.000   -0.646634    0.616859    0.125340
-40.000   -0.643078    0.575300    0.114540
-38.000   -0.636751    0.534201    0.103932
-36.000   -0.627729    0.493768    0.093567
-34.000   -0.616114    0.454203    0.083494
-32.000   -0.602031    0.415705    0.073762
-30.000   -0.585631    0.378467    0.064422
-28.000   -0.567102    0.342674    0.055522
-26.000   -0.546667    0.308507    0.047113
-24.000   -0.524602    0.276135    0.039244
-22.000   -0.501250    0.245720    0.031965
-20.000   -0.477046    0.217415    0.025326
-18.000   -0.452564    0.191361    0.019376
-16.000   -0.428597    0.167688    0.014165
-14.000   -0.406305    0.146514    0.009742
-12.000   -0.387510    0.127945    0.006158
-10.000   -0.375356    0.112073    0.003462
 -8.000   -0.375197    0.099095    0.001233
 -6.000   -0.405827    0.089993    0.000695
 -4.000   -0.348025    0.061600   -0.028463
 -2.000   -0.053300    0.032880   -0.068700
  0.000    0.200500    0.031900   -0.082100
  2.000    0.491900    0.038820   -0.104100
  4.000    0.723100    0.045100   -0.110500
  6.000    0.920800    0.051290   -0.107800
  8.000    1.217750    0.037565   -0.093150
 10.000    1.167087    0.050550   -0.058318
 12.000    1.283712    0.067332   -0.041047
 14.000    1.179670    0.092386   -0.041598
 16.000    1.112764    0.107620   -0.040925
 18.000    1.049939    0.131931   -0.043242
 20.000    1.003956    0.158695   -0.046497
 22.000    0.969603    0.187782   -0.050635
 24.000    0.943361    0.219048   -0.055598
 26.000    0.922760    0.252342   -0.061332
 28.000    0.906006    0.287500   -0.067778
 30.000    0.891763    0.324350   -0.074880
 32.000    0.879011    0.362712   -0.082583
 34.000    0.866958    0.402398   -0.090829
 36.000    0.854984    0.443214   -0.099562
 38.000    0.842595    0.484960   -0.108726
 40.000    0.829397    0.527431   -0.118264
 42.000    0.815077    0.570420   -0.128120
 44.000    0.799386    0.613717   -0.138237
 46.000    0.782131    0.657108   -0.148558
 48.000    0.763163    0.700382   -0.159028
 50.000    0.742375    0.743327   -0.169590
 52.000    0.719694    0.785732   -0.180186
 54.000    0.695076    0.827389   -0.190762
 56.000    0.668509    0.868093   -0.201260
 58.000    0.640003    0.907646   -0.211624
 60.000    0.609592    0.945853   -0.221797
 62.000    0.577331    0.982527   -0.231723
 64.000    0.543295    1.017487   -0.241346
 66.000    0.507577    1.050562   -0.250609
 68.000    0.470285    1.081589   -0.259455
 70.000    0.431543    1.110415   -0.267828
 72.000    0.391488    1.136899   -0.275672
 74.000    0.350272    1.160909   -0.282930
 76.000    0.308056    1.182328   -0.289546
 78.000    0.265013    1.201049   -0.295462
 80.000    0.221322    1.216980   -0.300624
 82.000    0.177174    1.230040   -0.304973
 84.000    0.132763    1.240166   -0.308454
 86.000    0.088293    1.247306   -0.311011
 88.000    0.043969    1.251423   -0.312586
 90.000    0.000000    1.252496   -0.313124
