Viterna extrapolated polar
 alpha from -90.0 to 90.0 deg
 BLEND_WIDTH = 6.000 deg

 alpha        Cl          Cd          Cm
 ------   ---------   ---------   ---------
-90.000   -0.000000    1.252496    0.313124
-88.000   -0.043737    1.252564    0.312492
-86.000   -0.087367    1.249587    0.310639
-84.000   -0.130678    1.243584    0.307626
-82.000   -0.173461    1.234591    0.303518
-80.000   -0.215511    1.222658    0.298375
-78.000   -0.256625    1.207848    0.292262
-76.000   -0.296609    1.190239    0.285240
-74.000   -0.335272    1.169923    0.277372
-72.000   -0.372432    1.147004    0.268721
-70.000   -0.407917    1.121600    0.259350
-68.000   -0.441560    1.093839    0.249320
-66.000   -0.473208    1.063863    0.238696
-64.000   -0.502717    1.031823    0.227539
-62.000   -0.529956    0.997880    0.215912
-60.000   -0.554805    0.962204    0.203878
-58.000   -0.577158    0.924976    0.191500
-56.000   -0.596925    0.886380    0.178839
-54.000   -0.614027    0.846610    0.165960
-52.000   -0.628404    0.805865    0.152923
-50.000   -0.640011    0.764347    0.139793
-48.000   -0.648818    0.722264    0.126631
-46.000   -0.654817    0.679825    0.113501
-44.000   -0.658013    0.637241    0.100464
-42.000   -0.658436    0.594723    0.087585
-40.000   -0.656133    0.552482    0.074924
-38.000   -0.651173    0.510729    0.062546
-36.000   -0.643652    0.469670    0.050512
-34.000   -0.633690    0.429509    0.038885
-32.000   -0.621438    0.390445    0.027728
-30.000   -0.607081    0.352671    0.017104
-28.000   -0.590847    0.316374    0.007074
-26.000   -0.573018    0.281734   -0.002297
-24.000   -0.553943    0.248923   -0.010948
-22.000   -0.534065    0.218102   -0.018816
-20.000   -0.513964    0.189425   -0.025838
-18.000   -0.494419    0.163032   -0.031951
-16.000   -0.476534    0.139055   -0.037094
-14.000   -0.461953    0.117612   -0.041202
-12.000   -0.453314    0.098809   -0.044215
-10.000   -0.450071    0.083885   -0.045671
 -8.000   -0.476700    0.069480   -0.046700
 -6.000   -0.336251    0.052125   -0.069694
 -4.000    0.003300    0.023190   -0.113500
 -2.000    0.305500    0.017800   -0.130500
  0.000    0.570200    0.013300   -0.135500
  2.000    0.819200    0.012850   -0.139200
  4.000    1.026300    0.014340   -0.135400
  6.000    1.210500    0.016710   -0.128100
  8.000    1.294900    0.022180   -0.104900
 10.000    1.391150    0.033689   -0.082375
 12.000    1.415000    0.046460   -0.070400
 14.000    1.278698    0.066575   -0.070251
 16.000    1.177099    0.087610   -0.072250
 18.000    1.106112    0.112134   -0.074488
 20.000    1.053503    0.139134   -0.077536
 22.000    1.013644    0.168481   -0.081346
 24.000    0.982738    0.200032   -0.085867
 26.000    0.958125    0.233632   -0.091052
 28.000    0.937875    0.269120   -0.096850
 30.000    0.920550    0.306323   -0.103212
 32.000    0.905056    0.345059   -0.110091
 34.000    0.890546    0.385140   -0.117436
 36.000    0.876354    0.426373   -0.125198
 38.000    0.861951    0.468556   -0.133328
 40.000    0.846917    0.511485   -0.141778
 42.000    0.830916    0.554951   -0.150498
 44.000    0.813682    0.598743   -0.159438
 46.000    0.795005    0.642648   -0.168551
 48.000    0.774726    0.686454   -0.177786
 50.000    0.752726    0.729947   -0.187095
 52.000    0.728925    0.772916   -0.196429
 54.000    0.703272    0.815153   -0.205738
 56.000    0.675748    0.856453   -0.214973
 58.000    0.646358    0.896615   -0.224086
 60.000    0.615132    0.935445   -0.233026
 62.000    0.582122    0.972754   -0.241746
 64.000    0.547399    1.008362   -0.250196
 66.000    0.511052    1.042095   -0.258326
 68.000    0.473189    1.073791   -0.266088
 70.000    0.433932    1.103296   -0.273433
 72.000    0.393415    1.130466   -0.280312
 74.000    0.351789    1.155172   -0.286674
 76.000    0.309214    1.177292   -0.292472
 78.000    0.265861    1.196721   -0.297657
 80.000    0.221910    1.213365   -0.302178
 82.000    0.177549    1.227143   -0.305988
 84.000    0.132974    1.237990   -0.309036
 86.000    0.088387    1.245854   -0.311274
 88.000    0.043992    1.250696   -0.312653
 90.000    0.000000    1.252496   -0.313124
