Viterna extrapolated polar
 alpha from -90.0 to 90.0 deg
 BLEND_WIDTH = 6.000 deg

 alpha        Cl          Cd          Cm
 ------   ---------   ---------   ---------
-90.000   -0.000000    1.252496    0.313124
-88.000   -0.043718    1.253704    0.312620
-86.000   -0.087291    1.251864    0.311141
-84.000   -0.130507    1.246997    0.308733
-82.000   -0.173156    1.239135    0.305447
-80.000   -0.215032    1.228328    0.301330
-78.000   -0.255935    1.214636    0.296429
-76.000   -0.295666    1.198138    0.290794
-74.000   -0.334037    1.178923    0.284472
-72.000   -0.370863    1.157094    0.277512
-70.000   -0.405971    1.132767    0.269961
-68.000   -0.439195    1.106070    0.261869
-66.000   -0.470378    1.077143    0.253282
-64.000   -0.499376    1.046135    0.244250
-62.000   -0.526055    1.013208    0.234821
-60.000   -0.550293    0.978529    0.225042
-58.000   -0.571983    0.942277    0.214962
-56.000   -0.591030    0.904637    0.204629
-54.000   -0.607353    0.865801    0.194091
-52.000   -0.620887    0.825966    0.183397
-50.000   -0.631582    0.785334    0.172594
-48.000   -0.639403    0.744111    0.161731
-46.000   -0.644333    0.702505    0.150857
-44.000   -0.646372    0.660727    0.140018
-42.000   -0.645538    0.618986    0.129263
-40.000   -0.641866    0.577493    0.118641
-38.000   -0.635411    0.536457    0.108200
-36.000   -0.626251    0.496084    0.097987
-34.000   -0.614482    0.456577    0.088052
-32.000   -0.600228    0.418133    0.078442
-30.000   -0.583639    0.380946    0.069205
-28.000   -0.564896    0.345202    0.060390
-26.000   -0.544219    0.311079    0.052044
-24.000   -0.521877    0.278750    0.044217
-22.000   -0.498202    0.248374    0.036955
-20.000   -0.473617    0.220105    0.030308
-18.000   -0.448676    0.194084    0.024324
-16.000   -0.424145    0.170440    0.019050
-14.000   -0.401136    0.149291    0.014535
-12.000   -0.381399    0.130745    0.010827
-10.000   -0.367939    0.114892    0.007974
 -8.000   -0.366586    0.101812    0.006025
 -6.000   -0.393112    0.091913    0.002985
 -4.000   -0.376214    0.069829   -0.017594
 -2.000   -0.058100    0.035370   -0.074200
  0.000    0.220500    0.034670   -0.091400
  2.000    0.503300    0.040980   -0.110700
  4.000    0.737000    0.046920   -0.116600
  6.000    0.937500    0.052490   -0.113200
  8.000    1.311029    0.035582   -0.102356
 10.000    1.268914    0.041219   -0.083822
 12.000    1.108396    0.057609   -0.088138
 14.000    1.015448    0.076683   -0.089750
 16.000    0.953322    0.098508   -0.091966
 18.000    0.910723    0.122915   -0.094873
 20.000    0.881162    0.149787   -0.098431
 22.000    0.860455    0.178992   -0.102599
 24.000    0.845771    0.210388   -0.107334
 26.000    0.835113    0.243822   -0.112597
 28.000    0.827026    0.279130   -0.118345
 30.000    0.820420    0.316140   -0.124538
 32.000    0.814462    0.354673   -0.131135
 34.000    0.808500    0.394539   -0.138094
 36.000    0.802024    0.435545   -0.145375
 38.000    0.794624    0.477490   -0.152936
 40.000    0.785976    0.520169   -0.160736
 42.000    0.775822    0.563376   -0.168734
 44.000    0.763957    0.606898   -0.176889
 46.000    0.750225    0.650523   -0.185160
 48.000    0.734508    0.694039   -0.193505
 50.000    0.716722    0.737234   -0.201884
 52.000    0.696816    0.779895   -0.210255
 54.000    0.674765    0.821817   -0.218577
 56.000    0.650570    0.862792   -0.226809
 58.000    0.624254    0.902623   -0.234910
 60.000    0.595862    0.941114   -0.242838
 62.000    0.565459    0.978077   -0.250553
 64.000    0.533126    1.013332   -0.258014
 66.000    0.498964    1.046706   -0.265179
 68.000    0.463086    1.078038   -0.272007
 70.000    0.425622    1.107173   -0.278458
 72.000    0.386713    1.133970   -0.284489
 74.000    0.346513    1.158296   -0.290060
 76.000    0.305188    1.180035   -0.295130
 78.000    0.262911    1.199078   -0.299657
 80.000    0.219866    1.215333   -0.303600
 82.000    0.176243    1.228721   -0.306919
 84.000    0.132241    1.239175   -0.309572
 86.000    0.088061    1.246644   -0.311518
 88.000    0.043911    1.251092   -0.312716
 90.000    0.000000    1.252496   -0.313124
