Viterna extrapolated polar
 alpha from -90.0 to 90.0 deg
 BLEND_WIDTH = 6.000 deg

 alpha        Cl          Cd          Cm
 ------   ---------   ---------   ---------
-90.000   -0.000000    1.252496    0.313124
-88.000   -0.043734    1.252509    0.312501
-86.000   -0.087355    1.249477    0.310672
-84.000   -0.130650    1.243419    0.307699
-82.000   -0.173411    1.234372    0.303643
-80.000   -0.215432    1.222384    0.298565
-78.000   -0.256511    1.207520    0.292527
-76.000   -0.296453    1.189857    0.285589
-74.000   -0.335068    1.169488    0.277813
-72.000   -0.372173    1.146516    0.269260
-70.000   -0.407596    1.121060    0.259992
-68.000   -0.441170    1.093248    0.250069
-66.000   -0.472741    1.063221    0.239553
-64.000   -0.502166    1.031130    0.228505
-62.000   -0.529312    0.997138    0.216986
-60.000   -0.554060    0.961414    0.205058
-58.000   -0.576304    0.924139    0.192781
-56.000   -0.595951    0.885497    0.180218
-54.000   -0.612925    0.845682    0.167428
-52.000   -0.627163    0.804893    0.154474
-50.000   -0.638619    0.763332    0.141417
-48.000   -0.647264    0.721207    0.128318
-46.000   -0.653086    0.678728    0.115237
-44.000   -0.656091    0.636104    0.102238
-42.000   -0.656306    0.593549    0.089379
-40.000   -0.653777    0.551272    0.076724
-38.000   -0.648571    0.509484    0.064333
-36.000   -0.640779    0.468392    0.052266
-34.000   -0.630518    0.428199    0.040587
-32.000   -0.617936    0.389105    0.029355
-30.000   -0.603210    0.351303    0.018632
-28.000   -0.586562    0.314979    0.008480
-26.000   -0.568263    0.280315   -0.001041
-24.000   -0.548648    0.247480   -0.009870
-22.000   -0.528144    0.216638   -0.017944
-20.000   -0.507302    0.187941   -0.025203
-18.000   -0.486866    0.161530   -0.031586
-16.000   -0.467883    0.137537   -0.037031
-14.000   -0.451911    0.116079   -0.041478
-12.000   -0.441440    0.097264   -0.044864
-10.000   -0.440701    0.081306   -0.047099
 -8.000   -0.452146    0.075583   -0.046629
 -6.000   -0.375602    0.051873   -0.064903
 -4.000   -0.014000    0.022660   -0.107200
 -2.000    0.289400    0.017190   -0.124700
  0.000    0.552900    0.012820   -0.129900
  2.000    0.792700    0.012660   -0.132200
  4.000    0.998000    0.014010   -0.128100
  6.000    1.183800    0.016250   -0.121300
  8.000    1.266950    0.022165   -0.100650
 10.000    1.360826    0.033015   -0.075904
 12.000    1.310547    0.049013   -0.066748
 14.000    1.173192    0.068070   -0.068790
 16.000    1.088463    0.089916   -0.070568
 18.000    1.028721    0.114415   -0.073094
 20.000    0.985241    0.141388   -0.076406
 22.000    0.952968    0.170705   -0.080456
 24.000    0.928487    0.202223   -0.085196
 26.000    0.909402    0.235788   -0.090577
 28.000    0.893969    0.271238   -0.096551
 30.000    0.880890    0.308400   -0.103071
 32.000    0.869173    0.347093   -0.110087
 34.000    0.858049    0.387129   -0.117552
 36.000    0.846913    0.428313   -0.125418
 38.000    0.835284    0.470446   -0.133636
 40.000    0.822779    0.513322   -0.142158
 42.000    0.809094    0.556733   -0.150936
 44.000    0.793987    0.600468   -0.159922
 46.000    0.777268    0.644314   -0.169067
 48.000    0.758796    0.688059   -0.178324
 50.000    0.738466    0.731488   -0.187644
 52.000    0.716207    0.774393   -0.196979
 54.000    0.691981    0.816563   -0.206281
 56.000    0.665775    0.857794   -0.215502
 58.000    0.637603    0.897886   -0.224593
 60.000    0.607499    0.936644   -0.233507
 62.000    0.575522    0.973880   -0.242195
 64.000    0.541746    1.009413   -0.250608
 66.000    0.506264    1.043071   -0.258700
 68.000    0.469188    1.074690   -0.266421
 70.000    0.430640    1.104116   -0.273723
 72.000    0.390760    1.131208   -0.280559
 74.000    0.349699    1.155833   -0.286880
 76.000    0.307619    1.177872   -0.292637
 78.000    0.264692    1.197220   -0.297783
 80.000    0.221100    1.213781   -0.302270
 82.000    0.177032    1.227477   -0.306049
 84.000    0.132684    1.238241   -0.309072
 86.000    0.088258    1.246021   -0.311291
 88.000    0.043960    1.250780   -0.312658
 90.000    0.000000    1.252496   -0.313124
