Viterna extrapolated polar
 alpha from -90.0 to 90.0 deg
 BLEND_WIDTH = 6.000 deg

 alpha        Cl          Cd          Cm
 ------   ---------   ---------   ---------
-90.000   -0.000000    1.252496    0.313124
-88.000   -0.043734    1.251235    0.312391
-86.000   -0.087353    1.246931    0.310240
-84.000   -0.130647    1.239604    0.306745
-82.000   -0.173405    1.229292    0.301979
-80.000   -0.215423    1.216047    0.296013
-78.000   -0.256499    1.199932    0.288922
-76.000   -0.296436    1.181028    0.280778
-74.000   -0.335046    1.159428    0.271654
-72.000   -0.372145    1.135239    0.261622
-70.000   -0.407561    1.108578    0.250757
-68.000   -0.441127    1.079576    0.239131
-66.000   -0.472690    1.048377    0.226816
-64.000   -0.502106    1.015132    0.213886
-62.000   -0.529242    0.980004    0.200414
-60.000   -0.553979    0.943167    0.186472
-58.000   -0.576211    0.904799    0.172134
-56.000   -0.595846    0.865089    0.157472
-54.000   -0.612805    0.824230    0.142560
-52.000   -0.627028    0.782424    0.127469
-50.000   -0.638468    0.739873    0.112274
-48.000   -0.647095    0.696787    0.097047
-46.000   -0.652898    0.653376    0.081861
-44.000   -0.655882    0.609852    0.066789
-42.000   -0.656075    0.566427    0.051904
-40.000   -0.653521    0.523315    0.037278
-38.000   -0.648288    0.480725    0.022986
-36.000   -0.640467    0.438867    0.009099
-34.000   -0.630174    0.397943   -0.004310
-32.000   -0.617555    0.358155   -0.017167
-30.000   -0.602790    0.319697   -0.029399
-28.000   -0.586097    0.282756   -0.040935
-26.000   -0.567746    0.247513   -0.051699
-24.000   -0.548073    0.214140   -0.061621
-22.000   -0.527501    0.182800   -0.070627
-20.000   -0.506578    0.153646   -0.078643
-18.000   -0.486046    0.126821   -0.085598
-16.000   -0.466944    0.102455   -0.091417
-14.000   -0.450821    0.080668   -0.096029
-12.000   -0.440150    0.061566   -0.099360
-10.000   -0.468649    0.044321   -0.098867
 -8.000   -0.450361    0.029056   -0.105724
 -6.000   -0.163044    0.021211   -0.124295
 -4.000    0.138800    0.015430   -0.139600
 -2.000    0.432400    0.011840   -0.153800
  0.000    0.674500    0.010220   -0.157100
  2.000    0.864700    0.010390   -0.148200
  4.000    1.059000    0.012340   -0.142700
  6.000    1.236900    0.014750   -0.134700
  8.000    1.336300    0.020230   -0.114700
 10.000    1.404700    0.029850   -0.095300
 12.000    1.503459    0.040392   -0.081959
 14.000    1.498358    0.059061   -0.075085
 16.000    1.366581    0.081348   -0.075969
 18.000    1.267943    0.105406   -0.077434
 20.000    1.196245    0.132487   -0.079832
 22.000    1.140522    0.161923   -0.083050
 24.000    1.096181    0.193570   -0.087037
 26.000    1.060010    0.227275   -0.091743
 28.000    1.029685    0.262875   -0.097114
 30.000    1.003481    0.300197   -0.103100
 32.000    0.980091    0.339060   -0.109650
 34.000    0.958500    0.379276   -0.116712
 36.000    0.937918    0.420651   -0.124233
 38.000    0.917715    0.462982   -0.132164
 40.000    0.897392    0.506066   -0.140451
 42.000    0.876548    0.549694   -0.149045
 44.000    0.854865    0.593655   -0.157893
 46.000    0.832093    0.637735   -0.166943
 48.000    0.808036    0.681721   -0.176145
 50.000    0.782547    0.725400   -0.185447
 52.000    0.755519    0.768561   -0.194797
 54.000    0.726883    0.810995   -0.204144
 56.000    0.696601    0.852498   -0.213436
 58.000    0.664665    0.892867   -0.222621
 60.000    0.631092    0.931908   -0.231649
 62.000    0.595923    0.969434   -0.240468
 64.000    0.559220    1.005261   -0.249026
 66.000    0.521064    1.039218   -0.257272
 68.000    0.481557    1.071141   -0.265154
 70.000    0.440814    1.100876   -0.272621
 72.000    0.398966    1.128281   -0.279622
 74.000    0.356159    1.153222   -0.286104
 76.000    0.312549    1.175581   -0.292016
 78.000    0.268304    1.195251   -0.297307
 80.000    0.223602    1.212137   -0.301925
 82.000    0.178630    1.226159   -0.305820
 84.000    0.133582    1.237251   -0.308938
 86.000    0.088656    1.245360   -0.311229
 88.000    0.044060    1.250450   -0.312642
 90.000    0.000000    1.252496   -0.313124
