Viterna extrapolated polar
 alpha from -90.0 to 90.0 deg
 BLEND_WIDTH = 6.000 deg

 alpha        Cl          Cd          Cm
 ------   ---------   ---------   ---------
-90.000   -0.000000    1.252496    0.313124
-88.000   -0.043711    1.252551    0.312508
-86.000   -0.087263    1.249561    0.310698
-84.000   -0.130443    1.243546    0.307757
-82.000   -0.173042    1.234541    0.303742
-80.000   -0.214854    1.222595    0.298716
-78.000   -0.255678    1.207773    0.292738
-76.000   -0.295315    1.190151    0.285868
-74.000   -0.333577    1.169823    0.278166
-72.000   -0.370280    1.146892    0.269693
-70.000   -0.405248    1.121476    0.260509
-68.000   -0.438315    1.093703    0.250674
-66.000   -0.469326    1.063715    0.240249
-64.000   -0.498133    1.031663    0.229292
-62.000   -0.524604    0.997709    0.217866
-60.000   -0.548616    0.962022    0.206029
-58.000   -0.570059    0.924783    0.193842
-56.000   -0.588838    0.886176    0.181366
-54.000   -0.604871    0.846396    0.168660
-52.000   -0.618091    0.805641    0.155785
-50.000   -0.628447    0.764114    0.142801
-48.000   -0.635901    0.722021    0.129767
-46.000   -0.640434    0.679572    0.116745
-44.000   -0.642043    0.636979    0.103795
-42.000   -0.640741    0.594452    0.090976
-40.000   -0.636559    0.552204    0.078349
-38.000   -0.629549    0.510442    0.065974
-36.000   -0.619778    0.469376    0.053912
-34.000   -0.607338    0.429207    0.042222
-32.000   -0.592340    0.390136    0.030965
-30.000   -0.574921    0.352356    0.020200
-28.000   -0.555244    0.316053    0.009989
-26.000   -0.533508    0.281407    0.000391
-24.000   -0.509951    0.248591   -0.008533
-22.000   -0.484863    0.217765   -0.016724
-20.000   -0.458610    0.189083   -0.024121
-18.000   -0.431663    0.162686   -0.030663
-16.000   -0.404660    0.138705   -0.036292
-14.000   -0.378516    0.117259   -0.040946
-12.000   -0.354651    0.098453   -0.044565
-10.000   -0.335476    0.082380   -0.047089
 -8.000   -0.329153    0.071702   -0.046287
 -6.000   -0.312351    0.051579   -0.055211
 -4.000   -0.005990    0.016069   -0.094069
 -2.000    0.258900    0.012330   -0.105600
  0.000    0.482600    0.009410   -0.105100
  2.000    0.690400    0.010050   -0.102700
  4.000    0.885800    0.011530   -0.098000
  6.000    1.097242    0.013513   -0.090663
  8.000    1.138685    0.017156   -0.077704
 10.000    0.978602    0.030705   -0.078197
 12.000    0.878076    0.047768   -0.079521
 14.000    0.821164    0.066982   -0.081572
 16.000    0.785963    0.088896   -0.084331
 18.000    0.764595    0.113406   -0.087757
 20.000    0.752270    0.140391   -0.091811
 22.000    0.745888    0.169721   -0.096451
 24.000    0.743335    0.201254   -0.101637
 26.000    0.743114    0.234835   -0.107328
 28.000    0.744124    0.270301   -0.113484
 30.000    0.745535    0.307481   -0.120063
 32.000    0.746708    0.346193   -0.127026
 34.000    0.747140    0.386249   -0.134332
 36.000    0.746433    0.427455   -0.141940
 38.000    0.744271    0.469610   -0.149809
 40.000    0.740399    0.512510   -0.157899
 42.000    0.734618    0.555945   -0.166170
 44.000    0.726770    0.599705   -0.174579
 46.000    0.716736    0.643577   -0.183088
 48.000    0.704430    0.687349   -0.191656
 50.000    0.689795    0.730806   -0.200241
 52.000    0.672803    0.773740   -0.208803
 54.000    0.653445    0.815939   -0.217302
 56.000    0.631740    0.857201   -0.225697
 58.000    0.607723    0.897324   -0.233947
 60.000    0.581450    0.936114   -0.242011
 62.000    0.552997    0.973382   -0.249850
 64.000    0.522452    1.008948   -0.257422
 66.000    0.489923    1.042639   -0.264688
 68.000    0.455530    1.074292   -0.271605
 70.000    0.419407    1.103753   -0.278134
 72.000    0.381700    1.130880   -0.284233
 74.000    0.342567    1.155540   -0.289864
 76.000    0.302176    1.177616   -0.294984
 78.000    0.260704    1.196999   -0.299553
 80.000    0.218337    1.213597   -0.303530
 82.000    0.175267    1.227329   -0.306876
 84.000    0.131692    1.238130   -0.309548
 86.000    0.087818    1.245947   -0.311508
 88.000    0.043850    1.250743   -0.312713
 90.000    0.000000    1.252496   -0.313124
