Viterna extrapolated polar
 alpha from -90.0 to 90.0 deg
 BLEND_WIDTH = 6.000 deg

 alpha        Cl          Cd          Cm
 ------   ---------   ---------   ---------
-90.000   -0.000000    1.252496    0.313124
-88.000   -0.043721    1.253777    0.312596
-86.000   -0.087303    1.252012    0.311048
-84.000   -0.130533    1.247218    0.308529
-82.000   -0.173203    1.239429    0.305091
-80.000   -0.215105    1.228694    0.300785
-78.000   -0.256040    1.215075    0.295663
-76.000   -0.295810    1.198649    0.289774
-74.000   -0.334226    1.179505    0.283171
-72.000   -0.371103    1.157746    0.275904
-70.000   -0.406269    1.133489    0.268024
-68.000   -0.439557    1.106861    0.259583
-66.000   -0.470811    1.078002    0.250631
-64.000   -0.499887    1.047061    0.241219
-62.000   -0.526651    1.014199    0.231399
-60.000   -0.550983    0.979585    0.221222
-58.000   -0.572775    0.943396    0.210738
-56.000   -0.591932    0.905818    0.199999
-54.000   -0.608374    0.867042    0.189056
-52.000   -0.622037    0.827266    0.177960
-50.000   -0.632871    0.786691    0.166761
-48.000   -0.640843    0.745524    0.155512
-46.000   -0.645937    0.703972    0.144263
-44.000   -0.648153    0.662246    0.133064
-42.000   -0.647510    0.620555    0.121968
-40.000   -0.644048    0.579111    0.111025
-38.000   -0.637822    0.538121    0.100286
-36.000   -0.628912    0.497792    0.089802
-34.000   -0.617420    0.458327    0.079625
-32.000   -0.603472    0.419924    0.069805
-30.000   -0.587224    0.382775    0.060393
-28.000   -0.568865    0.347066    0.051441
-26.000   -0.548624    0.312977    0.043000
-24.000   -0.526781    0.280679    0.035120
-22.000   -0.503687    0.250332    0.027853
-20.000   -0.479787    0.222090    0.021250
-18.000   -0.455672    0.196092    0.015361
-16.000   -0.432157    0.172470    0.010239
-14.000   -0.410438    0.151340    0.005933
-12.000   -0.392397    0.132810    0.002495
-10.000   -0.381288    0.116971   -0.000024
 -8.000   -0.379195    0.104278   -0.003108
 -6.000   -0.413300    0.093670   -0.002100
 -4.000   -0.324355    0.064090   -0.034468
 -2.000   -0.055800    0.034520   -0.072400
  0.000    0.210400    0.033560   -0.087600
  2.000    0.498200    0.040280   -0.108400
  4.000    0.731000    0.046360   -0.114500
  6.000    0.938902    0.051748   -0.111684
  8.000    1.297583    0.034516   -0.098439
 10.000    1.196743    0.042098   -0.085040
 12.000    1.049519    0.058373   -0.089848
 14.000    0.966149    0.077501   -0.091489
 16.000    0.910855    0.099318   -0.093840
 18.000    0.873643    0.123717   -0.096860
 20.000    0.848456    0.150579   -0.100511
 22.000    0.831384    0.179774   -0.104751
 24.000    0.819778    0.211158   -0.109541
 26.000    0.811768    0.244579   -0.114840
 28.000    0.805990    0.279874   -0.120609
 30.000    0.801418    0.316870   -0.126807
 32.000    0.797269    0.355387   -0.133393
 34.000    0.792930    0.395238   -0.140329
 36.000    0.787918    0.436226   -0.147573
 38.000    0.781847    0.478154   -0.155085
 40.000    0.774411    0.520815   -0.162826
 42.000    0.765366    0.564002   -0.170755
 44.000    0.754521    0.607504   -0.178832
 46.000    0.741727    0.651109   -0.187017
 48.000    0.726876    0.694603   -0.195270
 50.000    0.709890    0.737775   -0.203550
 52.000    0.690723    0.780414   -0.211818
 54.000    0.669355    0.822312   -0.220033
 56.000    0.645792    0.863264   -0.228155
 58.000    0.620059    0.903069   -0.236145
 60.000    0.592205    0.941535   -0.243961
 62.000    0.562297    0.978472   -0.251564
 64.000    0.530418    1.013701   -0.258913
 66.000    0.496670    1.047049   -0.265969
 68.000    0.461169    1.078354   -0.272691
 70.000    0.424045    1.107461   -0.279039
 72.000    0.385441    1.134230   -0.284973
 74.000    0.345512    1.158529   -0.290453
 76.000    0.304423    1.180239   -0.295439
 78.000    0.262351    1.199253   -0.299890
 80.000    0.219478    1.215480   -0.303766
 82.000    0.175996    1.228838   -0.307028
 84.000    0.132102    1.239263   -0.309635
 86.000    0.087999    1.246703   -0.311546
 88.000    0.043895    1.251121   -0.312723
 90.000    0.000000    1.252496   -0.313124
