Viterna extrapolated polar
 alpha from -90.0 to 90.0 deg
 BLEND_WIDTH = 6.000 deg

 alpha        Cl          Cd          Cm
 ------   ---------   ---------   ---------
-90.000   -0.000000    1.252496    0.313124
-88.000   -0.043719    1.252871    0.312537
-86.000   -0.087293    1.250200    0.310816
-84.000   -0.130511    1.244504    0.308016
-82.000   -0.173163    1.235815    0.304196
-80.000   -0.215043    1.224185    0.299412
-78.000   -0.255950    1.209677    0.293722
-76.000   -0.295687    1.192367    0.287182
-74.000   -0.334064    1.172347    0.279849
-72.000   -0.370899    1.149722    0.271782
-70.000   -0.406015    1.124608    0.263036
-68.000   -0.439248    1.097134    0.253669
-66.000   -0.470442    1.067440    0.243738
-64.000   -0.499451    1.035678    0.233301
-62.000   -0.526143    1.002009    0.222413
-60.000   -0.550395    0.966602    0.211133
-58.000   -0.572100    0.929636    0.199518
-56.000   -0.591163    0.891298    0.187624
-54.000   -0.607503    0.851780    0.175509
-52.000   -0.621056    0.811280    0.163229
-50.000   -0.631771    0.770001    0.150843
-48.000   -0.639615    0.728149    0.138407
-46.000   -0.644569    0.685934    0.125977
-44.000   -0.646634    0.643567    0.113612
-42.000   -0.645828    0.601258    0.101369
-40.000   -0.642186    0.559219    0.089304
-38.000   -0.635766    0.517659    0.077474
-36.000   -0.626642    0.476785    0.065937
-34.000   -0.614914    0.436800    0.054750
-32.000   -0.600705    0.397903    0.043970
-30.000   -0.584166    0.360287    0.033653
-28.000   -0.565480    0.324139    0.023858
-26.000   -0.544867    0.289639    0.014641
-24.000   -0.522598    0.256957    0.006060
-22.000   -0.499009    0.226257   -0.001830
-20.000   -0.474524    0.197689   -0.008969
-18.000   -0.449705    0.171397   -0.015302
-16.000   -0.425323    0.147509   -0.020771
-14.000   -0.402504    0.126146   -0.025320
-12.000   -0.383016    0.107411   -0.028890
-10.000   -0.369901    0.091399   -0.031426
 -8.000   -0.365224    0.081486   -0.032014
 -6.000   -0.382625    0.065424   -0.035146
 -4.000   -0.205017    0.024540   -0.060159
 -2.000    0.127800    0.020840   -0.087600
  0.000    0.425300    0.017470   -0.103000
  2.000    0.674200    0.016780   -0.106800
  4.000    0.889000    0.016890   -0.102800
  6.000    1.079000    0.018030   -0.094800
  8.000    1.220716    0.025372   -0.075579
 10.000    1.253299    0.054701   -0.057204
 12.000    1.109755    0.070981   -0.057767
 14.000    1.011156    0.090778   -0.059277
 16.000    0.949625    0.112471   -0.061615
 18.000    0.907495    0.136731   -0.064758
 20.000    0.878315    0.163438   -0.068659
 22.000    0.857925    0.192461   -0.073270
 24.000    0.843508    0.223659   -0.078543
 26.000    0.833081    0.256878   -0.084431
 28.000    0.825195    0.291956   -0.090887
 30.000    0.818766    0.328721   -0.097863
 32.000    0.812965    0.366992   -0.105311
 34.000    0.807145    0.406582   -0.113184
 36.000    0.800796    0.447297   -0.121435
 38.000    0.793512    0.488937   -0.130015
 40.000    0.784969    0.531297   -0.138877
 42.000    0.774912    0.574171   -0.147975
 44.000    0.763136    0.617347   -0.157259
 46.000    0.749486    0.660614   -0.166683
 48.000    0.733844    0.703759   -0.176199
 50.000    0.716127    0.746571   -0.185760
 52.000    0.696286    0.788839   -0.195318
 54.000    0.674294    0.830355   -0.204825
 56.000    0.650154    0.870915   -0.214234
 58.000    0.623889    0.910321   -0.223498
 60.000    0.595544    0.948377   -0.232568
 62.000    0.565183    0.984896   -0.241398
 64.000    0.532891    1.019700   -0.249940
 66.000    0.498764    1.052615   -0.258146
 68.000    0.462919    1.083480   -0.265968
 70.000    0.425485    1.112141   -0.273360
 72.000    0.386602    1.138458   -0.280273
 74.000    0.346426    1.162300   -0.286661
 76.000    0.305121    1.183549   -0.292475
 78.000    0.262862    1.202098   -0.297668
 80.000    0.219832    1.217856   -0.302193
 82.000    0.176222    1.230743   -0.306001
 84.000    0.132229    1.240693   -0.309046
 86.000    0.088056    1.247658   -0.311280
 88.000    0.043909    1.251599   -0.312655
 90.000    0.000000    1.252496   -0.313124
