Viterna extrapolated polar
 alpha from -90.0 to 90.0 deg
 BLEND_WIDTH = 6.000 deg

 alpha        Cl          Cd          Cm
 ------   ---------   ---------   ---------
-90.000   -0.000000    1.252496    0.313124
-88.000   -0.043716    1.252856    0.312541
-86.000   -0.087282    1.250170    0.310831
-84.000   -0.130487    1.244459    0.308049
-82.000   -0.173121    1.235756    0.304253
-80.000   -0.214977    1.224111    0.299498
-78.000   -0.255855    1.209588    0.293840
-76.000   -0.295558    1.192263    0.287337
-74.000   -0.333895    1.172229    0.280045
-72.000   -0.370683    1.149590    0.272019
-70.000   -0.405748    1.124461    0.263317
-68.000   -0.438923    1.096973    0.253994
-66.000   -0.470053    1.067266    0.244108
-64.000   -0.498992    1.035490    0.233714
-62.000   -0.525607    1.001807    0.222870
-60.000   -0.549775    0.966387    0.211630
-58.000   -0.571389    0.929409    0.200052
-56.000   -0.590353    0.891058    0.188193
-54.000   -0.606587    0.851528    0.176107
-52.000   -0.620024    0.811016    0.163853
-50.000   -0.630614    0.769725    0.151486
-48.000   -0.638321    0.727863    0.139062
-46.000   -0.643129    0.685637    0.126638
-44.000   -0.645035    0.643259    0.114271
-42.000   -0.644056    0.600940    0.102017
-40.000   -0.640227    0.558891    0.089931
-38.000   -0.633601    0.517322    0.078072
-36.000   -0.624252    0.476439    0.066494
-34.000   -0.612276    0.436445    0.055254
-32.000   -0.597792    0.397540    0.044410
-30.000   -0.580947    0.359916    0.034016
-28.000   -0.561916    0.323761    0.024130
-26.000   -0.540912    0.289254    0.014807
-24.000   -0.518194    0.256566    0.006105
-22.000   -0.494083    0.225860   -0.001921
-20.000   -0.468983    0.197287   -0.009213
-18.000   -0.443422    0.170989   -0.015716
-16.000   -0.418127    0.147097   -0.021374
-14.000   -0.394151    0.125730   -0.026129
-12.000   -0.373139    0.106992   -0.029925
-10.000   -0.357914    0.090977   -0.032707
 -8.000   -0.352054    0.079623   -0.033983
 -6.000   -0.373700    0.067420   -0.035000
 -4.000   -0.218372    0.026574   -0.058889
 -2.000    0.128000    0.020850   -0.087600
  0.000    0.425700    0.017470   -0.103100
  2.000    0.674300    0.016780   -0.106900
  4.000    0.889100    0.016910   -0.102700
  6.000    1.128929    0.017114   -0.092941
  8.000    1.136016    0.030972   -0.076328
 10.000    0.966427    0.036741   -0.082895
 12.000    0.871296    0.052545   -0.084880
 14.000    0.815430    0.071719   -0.086962
 16.000    0.781023    0.093590   -0.089728
 18.000    0.760282    0.118050   -0.093138
 20.000    0.748466    0.144980   -0.097154
 22.000    0.742507    0.174249   -0.101735
 24.000    0.740312    0.205715   -0.106843
 26.000    0.740399    0.239224   -0.112438
 28.000    0.741677    0.274613   -0.118481
 30.000    0.743325    0.311710   -0.124932
 32.000    0.744708    0.350334   -0.131752
 34.000    0.745329    0.390298   -0.138902
 36.000    0.744792    0.431406   -0.146342
 38.000    0.742785    0.473458   -0.154032
 40.000    0.739054    0.516250   -0.161935
 42.000    0.733402    0.559574   -0.170009
 44.000    0.725672    0.603218   -0.178217
 46.000    0.715747    0.646969   -0.186518
 48.000    0.703542    0.690616   -0.194873
 50.000    0.689001    0.733945   -0.203243
 52.000    0.672094    0.776746   -0.211588
 54.000    0.652816    0.818810   -0.219869
 56.000    0.631184    0.859932   -0.228047
 58.000    0.607235    0.899912   -0.236082
 60.000    0.581025    0.938556   -0.243936
 62.000    0.552629    0.975675   -0.251568
 64.000    0.522137    1.011089   -0.258939
 66.000    0.489657    1.044626   -0.266010
 68.000    0.455307    1.076121   -0.272741
 70.000    0.419224    1.105423   -0.279094
 72.000    0.381552    1.132389   -0.285028
 74.000    0.342451    1.156886   -0.290505
 76.000    0.302087    1.178797   -0.295485
 78.000    0.260639    1.198015   -0.299928
 80.000    0.218292    1.214445   -0.303796
 82.000    0.175238    1.228009   -0.307049
 84.000    0.131676    1.238640   -0.309648
 86.000    0.087810    1.246287   -0.311553
 88.000    0.043848    1.250913   -0.312725
 90.000    0.000000    1.252496   -0.313124
