Viterna extrapolated polar
 alpha from -90.0 to 90.0 deg
 BLEND_WIDTH = 6.000 deg

 alpha        Cl          Cd          Cm
 ------   ---------   ---------   ---------
-90.000   -0.000000    1.252496    0.313124
-88.000   -0.043815    1.250503    0.312393
-86.000   -0.087678    1.245467    0.310251
-84.000   -0.131378    1.237410    0.306772
-82.000   -0.174707    1.226371    0.302031
-80.000   -0.217461    1.212402    0.296103
-78.000   -0.259439    1.195568    0.289062
-76.000   -0.300450    1.175951    0.280983
-74.000   -0.340305    1.153643    0.271942
-72.000   -0.378826    1.128753    0.262013
-70.000   -0.415844    1.101399    0.251270
-68.000   -0.451198    1.071714    0.239789
-66.000   -0.484740    1.039840    0.227644
-64.000   -0.516332    1.005931    0.214910
-62.000   -0.545851    0.970151    0.201662
-60.000   -0.573187    0.932672    0.187975
-58.000   -0.598244    0.893676    0.173923
-56.000   -0.620943    0.853352    0.159582
-54.000   -0.641221    0.811893    0.145025
-52.000   -0.659034    0.769502    0.130328
-50.000   -0.674356    0.726382    0.115566
-48.000   -0.687184    0.682743    0.100813
-46.000   -0.697533    0.638796    0.086144
-44.000   -0.705447    0.594753    0.071634
-42.000   -0.710992    0.550829    0.057358
-40.000   -0.714267    0.507237    0.043390
-38.000   -0.715399    0.464186    0.029805
-36.000   -0.714559    0.421886    0.016679
-34.000   -0.711957    0.380543    0.004085
-32.000   -0.707859    0.340356   -0.007900
-30.000   -0.702598    0.301520   -0.019204
-28.000   -0.696590    0.264224   -0.029750
-26.000   -0.690364    0.228648   -0.039465
-24.000   -0.684601    0.194965   -0.048272
-22.000   -0.680198    0.163339   -0.056098
-20.000   -0.678367    0.133923   -0.062868
-18.000   -0.680808    0.106859   -0.068506
-16.000   -0.690003    0.082279   -0.072939
-14.000   -0.709766    0.060302   -0.076091
-12.000   -0.719784    0.048613   -0.074432
-10.000   -0.762853    0.026873   -0.080234
 -8.000   -0.462393    0.021950   -0.102318
 -6.000   -0.169700    0.019890   -0.119900
 -4.000    0.111600    0.015800   -0.133100
 -2.000    0.405900    0.011640   -0.146700
  0.000    0.638400    0.009580   -0.148000
  2.000    0.842300    0.010020   -0.142700
  4.000    1.037100    0.011880   -0.137500
  6.000    1.217100    0.014300   -0.130100
  8.000    1.293700    0.022000   -0.107100
 10.000    1.393400    0.029520   -0.091300
 12.000    1.487983    0.041129   -0.076549
 14.000    1.417762    0.063413   -0.070818
 16.000    1.299977    0.082937   -0.072974
 18.000    1.212957    0.107509   -0.074755
 20.000    1.147745    0.134565   -0.077365
 22.000    1.097412    0.163973   -0.080784
 24.000    1.057637    0.195590   -0.084961
 26.000    1.025392    0.229262   -0.089845
 28.000    0.998490    0.264827   -0.095384
 30.000    0.975303    0.302112   -0.101529
 32.000    0.954596    0.340935   -0.108226
 34.000    0.935411    0.381110   -0.115426
 36.000    0.917000    0.422440   -0.123077
 38.000    0.898768    0.464725   -0.131127
 40.000    0.880242    0.507760   -0.139527
 42.000    0.861043    0.551338   -0.148224
 44.000    0.840872    0.595245   -0.157167
 46.000    0.819492    0.639271   -0.166305
 48.000    0.796718    0.683200   -0.175587
 50.000    0.772414    0.726821   -0.184962
 52.000    0.746483    0.769923   -0.194378
 54.000    0.718860    0.812295   -0.203785
 56.000    0.689516    0.853734   -0.213131
 58.000    0.658445    0.894039   -0.222366
 60.000    0.625669    0.933014   -0.231437
 62.000    0.591234    0.970472   -0.240293
 64.000    0.555203    1.006231   -0.248885
 66.000    0.517663    1.040118   -0.257159
 68.000    0.478714    1.071970   -0.265066
 70.000    0.438476    1.101633   -0.272554
 72.000    0.397080    1.128964   -0.279571
 74.000    0.354674    1.153832   -0.286067
 76.000    0.311416    1.176116   -0.291991
 78.000    0.267474    1.195710   -0.297290
 80.000    0.223027    1.212521   -0.301915
 82.000    0.178263    1.226467   -0.305814
 84.000    0.133375    1.237482   -0.308935
 86.000    0.088565    1.245514   -0.311228
 88.000    0.044037    1.250527   -0.312642
 90.000    0.000000    1.252496   -0.313124
