Viterna extrapolated polar
 alpha from -90.0 to 90.0 deg
 BLEND_WIDTH = 6.000 deg

 alpha        Cl          Cd          Cm
 ------   ---------   ---------   ---------
-90.000   -0.000000    1.252496    0.313124
-88.000   -0.043717    1.253148    0.312535
-86.000   -0.087287    1.250754    0.310807
-84.000   -0.130497    1.245333    0.307997
-82.000   -0.173139    1.236920    0.304162
-80.000   -0.215006    1.225563    0.299362
-78.000   -0.255897    1.211326    0.293653
-76.000   -0.295614    1.194286    0.287093
-74.000   -0.333969    1.174534    0.279739
-72.000   -0.370777    1.152174    0.271650
-70.000   -0.405865    1.127321    0.262883
-68.000   -0.439065    1.100106    0.253496
-66.000   -0.470223    1.070667    0.243547
-64.000   -0.499193    1.039156    0.233092
-62.000   -0.525841    1.005733    0.222191
-60.000   -0.550046    0.970568    0.210900
-58.000   -0.571699    0.933840    0.199277
-56.000   -0.590707    0.895734    0.187380
-54.000   -0.606987    0.856443    0.175267
-52.000   -0.620475    0.816164    0.162996
-50.000   -0.631119    0.775100    0.150623
-48.000   -0.638886    0.733458    0.138207
-46.000   -0.643758    0.691445    0.125806
-44.000   -0.645734    0.649274    0.113476
-42.000   -0.644830    0.607154    0.101277
-40.000   -0.641083    0.565297    0.089265
-38.000   -0.634546    0.523911    0.077498
-36.000   -0.625296    0.483204    0.066034
-34.000   -0.613428    0.443377    0.054930
-32.000   -0.599064    0.404631    0.044245
-30.000   -0.582353    0.367158    0.034036
-28.000   -0.563472    0.331144    0.024360
-26.000   -0.542639    0.296770    0.015276
-24.000   -0.520118    0.264205    0.006841
-22.000   -0.496234    0.233613   -0.000887
-20.000   -0.471403    0.205144   -0.007851
-18.000   -0.446166    0.178942   -0.013993
-16.000   -0.421270    0.155135   -0.019255
-14.000   -0.397799    0.133843   -0.023580
-12.000   -0.377452    0.115171   -0.026909
-10.000   -0.363149    0.099212   -0.029186
 -8.000   -0.357861    0.090612   -0.029612
 -6.000   -0.348829    0.060145   -0.041404
 -4.000   -0.073200    0.019330   -0.083000
 -2.000    0.224700    0.015230   -0.101900
  0.000    0.472300    0.011800   -0.106500
  2.000    0.691000    0.011960   -0.104700
  4.000    0.887800    0.012940   -0.098900
  6.000    1.085736    0.014961   -0.092940
  8.000    1.224678    0.022265   -0.076809
 10.000    1.108425    0.033009   -0.075202
 12.000    0.974722    0.051032   -0.076280
 14.000    0.902894    0.070219   -0.078107
 16.000    0.856366    0.092104   -0.080679
 18.000    0.826067    0.116579   -0.083952
 20.000    0.806492    0.143527   -0.087885
 22.000    0.794084    0.172815   -0.092436
 24.000    0.786428    0.204302   -0.097563
 26.000    0.781816    0.237834   -0.103222
 28.000    0.778999    0.273248   -0.109373
 30.000    0.777038    0.310371   -0.115972
 32.000    0.775210    0.349023   -0.122977
 34.000    0.772953    0.389016   -0.130347
 36.000    0.769819    0.430155   -0.138038
 38.000    0.765453    0.472240   -0.146010
 40.000    0.759572    0.515066   -0.154219
 42.000    0.751951    0.558425   -0.162623
 44.000    0.742414    0.602105   -0.171180
 46.000    0.730824    0.645895   -0.179849
 48.000    0.717083    0.689582   -0.188585
 50.000    0.701123    0.732951   -0.197349
 52.000    0.682904    0.775794   -0.206096
 54.000    0.662414    0.817901   -0.214785
 56.000    0.639661    0.859067   -0.223374
 58.000    0.614677    0.899092   -0.231821
 60.000    0.587513    0.937783   -0.240083
 62.000    0.558239    0.974949   -0.248117
 64.000    0.526943    1.010411   -0.255883
 66.000    0.493727    1.043997   -0.263337
 68.000    0.458709    1.075542   -0.270438
 70.000    0.422021    1.104895   -0.277142
 72.000    0.383809    1.131911   -0.283409
 74.000    0.344227    1.156460   -0.289195
 76.000    0.303443    1.178423   -0.294458
 78.000    0.261632    1.197693   -0.299157
 80.000    0.218980    1.214177   -0.303249
 82.000    0.175678    1.227794   -0.306691
 84.000    0.131923    1.238479   -0.309442
 86.000    0.087920    1.246180   -0.311460
 88.000    0.043876    1.250860   -0.312701
 90.000    0.000000    1.252496   -0.313124
