Viterna extrapolated polar
 alpha from -90.0 to 90.0 deg
 BLEND_WIDTH = 6.000 deg

 alpha        Cl          Cd          Cm
 ------   ---------   ---------   ---------
-90.000   -0.000000    1.252496    0.313124
-88.000   -0.043719    1.253046    0.312505
-86.000   -0.087296    1.250551    0.310687
-84.000   -0.130517    1.245028    0.307731
-82.000   -0.173173    1.236514    0.303698
-80.000   -0.215060    1.225057    0.298649
-78.000   -0.255974    1.210721    0.292644
-76.000   -0.295720    1.193582    0.285744
-74.000   -0.334108    1.173732    0.278010
-72.000   -0.370954    1.151274    0.269502
-70.000   -0.406083    1.126326    0.260281
-68.000   -0.439331    1.099015    0.250407
-66.000   -0.470541    1.069483    0.239943
-64.000   -0.499568    1.037880    0.228947
-62.000   -0.526279    1.004366    0.217480
-60.000   -0.550553    0.969113    0.205605
-58.000   -0.572281    0.932297    0.193380
-56.000   -0.591369    0.894106    0.180867
-54.000   -0.607737    0.854731    0.168126
-52.000   -0.621320    0.814371    0.155219
-50.000   -0.632067    0.773229    0.142205
-48.000   -0.639945    0.731509    0.129146
-46.000   -0.644936    0.689423    0.116102
-44.000   -0.647042    0.647179    0.103134
-42.000   -0.646280    0.604990    0.090303
-40.000   -0.642686    0.563066    0.077668
-38.000   -0.636318    0.521617    0.065292
-36.000   -0.627252    0.480848    0.053234
-34.000   -0.615587    0.440963    0.041556
-32.000   -0.601449    0.402162    0.030317
-30.000   -0.584988    0.364636    0.019579
-28.000   -0.566389    0.328573    0.009402
-26.000   -0.545876    0.294153   -0.000153
-24.000   -0.523722    0.261545   -0.009025
-22.000   -0.500265    0.230913   -0.017153
-20.000   -0.475938    0.202408   -0.024478
-18.000   -0.451308    0.176173   -0.030938
-16.000   -0.427159    0.152336   -0.036473
-14.000   -0.404635    0.131018   -0.041021
-12.000   -0.385536    0.112323   -0.044523
-10.000   -0.372960    0.096345   -0.046918
 -8.000   -0.375689    0.088342   -0.042170
 -6.000   -0.312457    0.055233   -0.075781
 -4.000    0.030600    0.023400   -0.123200
 -2.000    0.338300    0.018420   -0.139900
  0.000    0.619800    0.014040   -0.148400
  2.000    0.854500    0.013280   -0.147600
  4.000    1.060100    0.015020   -0.143600
  6.000    1.251500    0.017770   -0.136200
  8.000    1.342200    0.021340   -0.114400
 10.000    1.437911    0.029233   -0.095584
 12.000    1.485502    0.044933   -0.078918
 14.000    1.359471    0.065588   -0.077209
 16.000    1.237634    0.087982   -0.078992
 18.000    1.158968    0.112502   -0.081077
 20.000    1.100124    0.139498   -0.083959
 22.000    1.055084    0.168840   -0.087591
 24.000    1.019790    0.200385   -0.091924
 26.000    0.991402    0.233980   -0.096910
 28.000    0.967861    0.269462   -0.102500
 30.000    0.947636    0.306658   -0.108648
 32.000    0.929563    0.345387   -0.115303
 34.000    0.912741    0.385461   -0.122420
 36.000    0.896462    0.426686   -0.129948
 38.000    0.880165    0.468861   -0.137841
 40.000    0.863403    0.511781   -0.146050
 42.000    0.845820    0.555239   -0.154526
 44.000    0.827133    0.599021   -0.163222
 46.000    0.807118    0.642917   -0.172090
 48.000    0.785605    0.686713   -0.181081
 50.000    0.762466    0.730195   -0.190147
 52.000    0.737611    0.773154   -0.199241
 54.000    0.710983    0.815381   -0.208313
 56.000    0.682559    0.856669   -0.217316
 58.000    0.652337    0.896820   -0.226202
 60.000    0.620345    0.935639   -0.234922
 62.000    0.586629    0.972936   -0.243428
 64.000    0.551260    1.008532   -0.251673
 66.000    0.514322    1.042253   -0.259608
 68.000    0.475922    1.073936   -0.267185
 70.000    0.436179    1.103428   -0.274355
 72.000    0.395228    1.130586   -0.281071
 74.000    0.353216    1.155278   -0.287285
 76.000    0.310303    1.177386   -0.292948
 78.000    0.266659    1.196802   -0.298012
 80.000    0.222462    1.213432   -0.302429
 82.000    0.177902    1.227197   -0.306151
 84.000    0.133173    1.238030   -0.309129
 86.000    0.088475    1.245881   -0.311316
 88.000    0.044014    1.250710   -0.312664
 90.000    0.000000    1.252496   -0.313124
