Viterna extrapolated polar
 alpha from -90.0 to 90.0 deg
 BLEND_WIDTH = 6.000 deg

 alpha        Cl          Cd          Cm
 ------   ---------   ---------   ---------
-90.000   -0.000000    1.252496    0.313124
-88.000   -0.043719    1.251902    0.312461
-86.000   -0.087293    1.248263    0.310514
-84.000   -0.130512    1.241600    0.307349
-82.000   -0.173165    1.231950    0.303031
-80.000   -0.215046    1.219363    0.297624
-78.000   -0.255955    1.203902    0.291193
-76.000   -0.295693    1.185648    0.283805
-74.000   -0.334073    1.164692    0.275523
-72.000   -0.370909    1.141140    0.266412
-70.000   -0.406028    1.115109    0.256538
-68.000   -0.439264    1.086730    0.245965
-66.000   -0.470460    1.056144    0.234759
-64.000   -0.499473    1.023503    0.222984
-62.000   -0.526168    0.988970    0.210706
-60.000   -0.550424    0.952715    0.197989
-58.000   -0.572134    0.914919    0.184898
-56.000   -0.591201    0.875768    0.171499
-54.000   -0.607547    0.835455    0.157856
-52.000   -0.621105    0.794181    0.144034
-50.000   -0.631826    0.752149    0.130099
-48.000   -0.639676    0.709566    0.116115
-46.000   -0.644638    0.666642    0.102147
-44.000   -0.646710    0.623589    0.088261
-42.000   -0.645912    0.580619    0.074520
-40.000   -0.642280    0.537944    0.060991
-38.000   -0.635869    0.495774    0.047738
-36.000   -0.626756    0.454317    0.034826
-34.000   -0.615040    0.413776    0.022320
-32.000   -0.600844    0.374351    0.010285
-30.000   -0.584320    0.336235   -0.001213
-28.000   -0.565650    0.299617   -0.012111
-26.000   -0.545056    0.264677   -0.022342
-24.000   -0.522808    0.231586   -0.031843
-22.000   -0.499243    0.200506   -0.040547
-20.000   -0.474788    0.171591   -0.048391
-18.000   -0.450004    0.144983   -0.055308
-16.000   -0.425666    0.120812   -0.061235
-14.000   -0.402902    0.099198   -0.066106
-12.000   -0.383486    0.080245   -0.069856
-10.000   -0.370473    0.064049   -0.072420
 -8.000   -0.371835    0.049236   -0.073776
 -6.000   -0.287753    0.025190   -0.084548
 -4.000    0.038600    0.014170   -0.104800
 -2.000    0.286000    0.010790   -0.109700
  0.000    0.498300    0.008320   -0.108400
  2.000    0.704200    0.009240   -0.105700
  4.000    0.900700    0.010920   -0.101700
  6.000    1.079600    0.014010   -0.095600
  8.000    1.230011    0.022412   -0.074926
 10.000    1.153363    0.031860   -0.069082
 12.000    1.010134    0.050111   -0.069980
 14.000    0.932842    0.069305   -0.071676
 16.000    0.882163    0.091198   -0.074155
 18.000    0.848592    0.115683   -0.077372
 20.000    0.826359    0.142641   -0.081284
 22.000    0.811743    0.171941   -0.085846
 24.000    0.802217    0.203441   -0.091015
 26.000    0.795997    0.236987   -0.096746
 28.000    0.791777    0.272415   -0.102995
 30.000    0.788580    0.309555   -0.109718
 32.000    0.785654    0.348224   -0.116872
 34.000    0.782411    0.388234   -0.124411
 36.000    0.778387    0.429392   -0.132291
 38.000    0.773215    0.471497   -0.140470
 40.000    0.766598    0.514344   -0.148902
 42.000    0.758303    0.557724   -0.157543
 44.000    0.748146    0.601427   -0.166350
 46.000    0.735986    0.645241   -0.175279
 48.000    0.721719    0.688951   -0.184284
 50.000    0.705273    0.732346   -0.193322
 52.000    0.686606    0.775214   -0.202350
 54.000    0.665700    0.817347   -0.211322
 56.000    0.642563    0.858540   -0.220195
 58.000    0.617225    0.898593   -0.228925
 60.000    0.589734    0.937311   -0.237467
 62.000    0.560160    0.974507   -0.245778
 64.000    0.528588    1.009998   -0.253813
 66.000    0.495120    1.043613   -0.261528
 68.000    0.459874    1.075189   -0.268880
 70.000    0.422979    1.104572   -0.275824
 72.000    0.384582    1.131620   -0.282315
 74.000    0.344835    1.156200   -0.288311
 76.000    0.303907    1.178195   -0.293766
 78.000    0.261973    1.197497   -0.298638
 80.000    0.219216    1.214013   -0.302880
 82.000    0.175828    1.227663   -0.306450
 84.000    0.132008    1.238380   -0.309304
 86.000    0.087958    1.246114   -0.311397
 88.000    0.043885    1.250827   -0.312685
 90.000    0.000000    1.252496   -0.313124
