Viterna extrapolated polar
 alpha from -90.0 to 90.0 deg
 BLEND_WIDTH = 6.000 deg

 alpha        Cl          Cd          Cm
 ------   ---------   ---------   ---------
-90.000   -0.000000    1.252496    0.313124
-88.000   -0.043715    1.253843    0.312494
-86.000   -0.087277    1.252143    0.310645
-84.000   -0.130474    1.247415    0.307643
-82.000   -0.173098    1.239692    0.303550
-80.000   -0.214941    1.229022    0.298432
-78.000   -0.255803    1.215468    0.292352
-76.000   -0.295486    1.199106    0.285375
-74.000   -0.333801    1.180025    0.277564
-72.000   -0.370564    1.158329    0.268984
-70.000   -0.405600    1.134135    0.259698
-68.000   -0.438744    1.107568    0.249772
-66.000   -0.469839    1.078769    0.239268
-64.000   -0.498739    1.047888    0.228252
-62.000   -0.525311    1.015085    0.216787
-60.000   -0.549433    0.980529    0.204937
-58.000   -0.570997    0.944396    0.192767
-56.000   -0.589907    0.906874    0.180340
-54.000   -0.606081    0.868152    0.167721
-52.000   -0.619454    0.828428    0.154973
-50.000   -0.629975    0.787905    0.142162
-48.000   -0.637608    0.746787    0.129351
-46.000   -0.642335    0.705283    0.116603
-44.000   -0.644153    0.663603    0.103984
-42.000   -0.643079    0.621958    0.091557
-40.000   -0.639146    0.580557    0.079387
-38.000   -0.632406    0.539609    0.067537
-36.000   -0.622933    0.499319    0.056072
-34.000   -0.610820    0.459892    0.045056
-32.000   -0.596185    0.421524    0.034552
-30.000   -0.579171    0.384409    0.024626
-28.000   -0.559949    0.348733    0.015340
-26.000   -0.538730    0.314674    0.006760
-24.000   -0.515765    0.282403   -0.001051
-22.000   -0.491366    0.252082   -0.008028
-20.000   -0.465925    0.223863   -0.014108
-18.000   -0.439956    0.197887   -0.019226
-16.000   -0.414158    0.174284   -0.023319
-14.000   -0.389543    0.153172   -0.026321
-12.000   -0.366475    0.133484   -0.028216
-10.000   -0.351300    0.118830   -0.028800
 -8.000   -0.362400    0.095797   -0.033409
 -6.000   -0.275300    0.036405   -0.069250
 -4.000    0.030700    0.013790   -0.100600
 -2.000    0.267000    0.010740   -0.105100
  0.000    0.481650    0.008230   -0.103950
  2.000    0.687600    0.009090   -0.101300
  4.000    0.884600    0.010770   -0.097700
  6.000    1.101060    0.013974   -0.090024
  8.000    1.164411    0.019116   -0.081504
 10.000    0.998962    0.032653   -0.081989
 12.000    0.894636    0.049703   -0.083291
 14.000    0.835168    0.068901   -0.085309
 16.000    0.798026    0.090798   -0.088024
 18.000    0.775128    0.115287   -0.091395
 20.000    0.761561    0.142250   -0.095383
 22.000    0.754146    0.171556   -0.099948
 24.000    0.750719    0.203061   -0.105051
 26.000    0.749746    0.236613   -0.110650
 28.000    0.750100    0.272048   -0.116706
 30.000    0.750933    0.309194   -0.123180
 32.000    0.751591    0.347871   -0.130030
 34.000    0.751562    0.387889   -0.137218
 36.000    0.750440    0.429056   -0.144703
 38.000    0.747900    0.471169   -0.152445
 40.000    0.743685    0.514025   -0.160405
 42.000    0.737588    0.557415   -0.168542
 44.000    0.729450    0.601128   -0.176816
 46.000    0.719150    0.644952   -0.185187
 48.000    0.706598    0.688672   -0.193616
 50.000    0.691736    0.732078   -0.202063
 52.000    0.674533    0.774957   -0.210487
 54.000    0.654982    0.817102   -0.218849
 56.000    0.633097    0.858307   -0.227108
 58.000    0.608914    0.898372   -0.235225
 60.000    0.582489    0.937103   -0.243159
 62.000    0.553895    0.974311   -0.250872
 64.000    0.523222    1.009816   -0.258322
 66.000    0.490575    1.043444   -0.265469
 68.000    0.456075    1.075033   -0.272275
 70.000    0.419855    1.104430   -0.278698
 72.000    0.382062    1.131491   -0.284700
 74.000    0.342852    1.156086   -0.290239
 76.000    0.302393    1.178094   -0.295276
 78.000    0.260863    1.197411   -0.299772
 80.000    0.218447    1.213941   -0.303685
 82.000    0.175337    1.227605   -0.306977
 84.000    0.131732    1.238337   -0.309606
 86.000    0.087835    1.246085   -0.311534
 88.000    0.043854    1.250812   -0.312720
 90.000    0.000000    1.252496   -0.313124
