Viterna extrapolated polar
 alpha from -90.0 to 90.0 deg
 BLEND_WIDTH = 6.000 deg

 alpha        Cl          Cd          Cm
 ------   ---------   ---------   ---------
-90.000   -0.000000    1.252496    0.313124
-88.000   -0.043749    1.251022    0.312430
-86.000   -0.087414    1.246504    0.310396
-84.000   -0.130783    1.238964    0.307089
-82.000   -0.173647    1.228440    0.302578
-80.000   -0.215802    1.214983    0.296932
-78.000   -0.257045    1.198658    0.290221
-76.000   -0.297181    1.179546    0.282512
-74.000   -0.336022    1.157740    0.273874
-72.000   -0.373386    1.133346    0.264377
-70.000   -0.409099    1.106483    0.254089
-68.000   -0.442997    1.077282    0.243079
-66.000   -0.474927    1.045885    0.231415
-64.000   -0.504747    1.012447    0.219167
-62.000   -0.532326    0.977129    0.206403
-60.000   -0.557546    0.940104    0.193191
-58.000   -0.580302    0.901553    0.179602
-56.000   -0.600506    0.861664    0.165703
-54.000   -0.618082    0.820630    0.151563
-52.000   -0.632971    0.778653    0.137251
-50.000   -0.645132    0.735936    0.122837
-48.000   -0.654539    0.692689    0.108387
-46.000   -0.661186    0.649121    0.093973
-44.000   -0.665086    0.605446    0.079661
-42.000   -0.666272    0.561876    0.065521
-40.000   -0.664801    0.518623    0.051622
-38.000   -0.660750    0.475899    0.038033
-36.000   -0.654225    0.433912    0.024821
-34.000   -0.645360    0.392865    0.012057
-32.000   -0.634323    0.352961   -0.000191
-30.000   -0.621323    0.314392   -0.011855
-28.000   -0.606614    0.277348   -0.022865
-26.000   -0.590515    0.242007   -0.033153
-24.000   -0.573424    0.208544   -0.042650
-22.000   -0.555854    0.177121   -0.051288
-20.000   -0.538477    0.147890   -0.058997
-18.000   -0.522210    0.120996   -0.065708
-16.000   -0.508362    0.096567   -0.071354
-14.000   -0.498903    0.074725   -0.075865
-12.000   -0.497007    0.055574   -0.079172
-10.000   -0.497782    0.043996   -0.077873
 -8.000   -0.543600    0.025710   -0.081900
 -6.000   -0.263307    0.037085   -0.093752
 -4.000    0.059300    0.018360   -0.120200
 -2.000    0.353600    0.013530   -0.135600
  0.000    0.590200    0.010350   -0.136500
  2.000    0.812900    0.010790   -0.135700
  4.000    1.010700    0.012490   -0.130800
  6.000    1.193000    0.014850   -0.123800
  8.000    1.270700    0.022200   -0.101800
 10.000    1.391956    0.030544   -0.081766
 12.000    1.374314    0.044885   -0.071365
 14.000    1.232549    0.064146   -0.072812
 16.000    1.137495    0.086023   -0.074682
 18.000    1.071533    0.110563   -0.077078
 20.000    1.023003    0.137583   -0.080256
 22.000    0.986533    0.166950   -0.084168
 24.000    0.958499    0.198524   -0.088768
 26.000    0.936355    0.232149   -0.094006
 28.000    0.918257    0.267663   -0.099835
 30.000    0.902829    0.304893   -0.106208
 32.000    0.889023    0.343659   -0.113076
 34.000    0.876026    0.383772   -0.120392
 36.000    0.863199    0.425037   -0.128108
 38.000    0.850036    0.467255   -0.136177
 40.000    0.836132    0.510220   -0.144550
 42.000    0.821166    0.553724   -0.153180
 44.000    0.804882    0.597555   -0.162019
 46.000    0.787080    0.641501   -0.171020
 48.000    0.767608    0.685349   -0.180133
 50.000    0.746354    0.728885   -0.189313
 52.000    0.723242    0.771900   -0.198510
 54.000    0.698227    0.814183   -0.207677
 56.000    0.671292    0.855530   -0.216767
 58.000    0.642446    0.895740   -0.225731
 60.000    0.611722    0.934620   -0.234523
 62.000    0.579173    0.971979   -0.243093
 64.000    0.544873    1.007638   -0.251394
 66.000    0.508913    1.041424   -0.259379
 68.000    0.471401    1.073173   -0.267000
 70.000    0.432461    1.102731   -0.274209
 72.000    0.392229    1.129956   -0.280958
 74.000    0.350855    1.154717   -0.287199
 76.000    0.308501    1.176893   -0.292885
 78.000    0.265339    1.196378   -0.297968
 80.000    0.221548    1.213078   -0.302400
 82.000    0.177318    1.226913   -0.306133
 84.000    0.132845    1.237817   -0.309120
 86.000    0.088329    1.245738   -0.311313
 88.000    0.043978    1.250639   -0.312663
 90.000    0.000000    1.252496   -0.313124
