Viterna extrapolated polar
 alpha from -90.0 to 90.0 deg
 BLEND_WIDTH = 6.000 deg

 alpha        Cl          Cd          Cm
 ------   ---------   ---------   ---------
-90.000   -0.000000    1.252496    0.313124
-88.000   -0.043725    1.253618    0.312568
-86.000   -0.087319    1.251694    0.310937
-84.000   -0.130569    1.246741    0.308284
-82.000   -0.173266    1.238795    0.304663
-80.000   -0.215205    1.227903    0.300128
-78.000   -0.256184    1.214128    0.294734
-76.000   -0.296007    1.197546    0.288533
-74.000   -0.334483    1.178248    0.281581
-72.000   -0.371431    1.156337    0.273931
-70.000   -0.406675    1.131930    0.265636
-68.000   -0.440050    1.105153    0.256752
-66.000   -0.471401    1.076147    0.247332
-64.000   -0.500584    1.045062    0.237429
-62.000   -0.527465    1.012059    0.227098
-60.000   -0.551925    0.977305    0.216393
-58.000   -0.573855    0.940980    0.205367
-56.000   -0.593162    0.903269    0.194075
-54.000   -0.609766    0.864362    0.182571
-52.000   -0.623605    0.824459    0.170908
-50.000   -0.634629    0.783761    0.159141
-48.000   -0.642807    0.742473    0.147323
-46.000   -0.648124    0.700805    0.135508
-44.000   -0.650582    0.658966    0.123751
-42.000   -0.650202    0.617167    0.112105
-40.000   -0.647024    0.575618    0.100624
-38.000   -0.641110    0.534528    0.089363
-36.000   -0.632543    0.494104    0.078374
-34.000   -0.621427    0.454547    0.067713
-32.000   -0.607897    0.416057    0.057433
-30.000   -0.592115    0.378826    0.047587
-28.000   -0.574280    0.343041    0.038231
-26.000   -0.554633    0.308879    0.029417
-24.000   -0.533472    0.276514    0.021201
-22.000   -0.511170    0.246105    0.013635
-20.000   -0.488206    0.217805    0.006773
-18.000   -0.465216    0.191756    0.000671
-16.000   -0.443088    0.168087   -0.004619
-14.000   -0.423127    0.146917   -0.009042
-12.000   -0.407402    0.128350   -0.012545
-10.000   -0.399499    0.112481   -0.015074
 -8.000   -0.402178    0.100002   -0.017395
 -6.000   -0.435913    0.086630   -0.020430
 -4.000   -0.153665    0.034225   -0.089447
 -2.000    0.201700    0.025140   -0.116900
  0.000    0.479300    0.020600   -0.124600
  2.000    0.772300    0.018350   -0.135000
  4.000    1.014000    0.018340   -0.135600
  6.000    1.213500    0.020540   -0.131100
  8.000    1.311272    0.023334   -0.106049
 10.000    1.384439    0.033300   -0.082245
 12.000    1.284168    0.050509   -0.074791
 14.000    1.147792    0.069338   -0.077562
 16.000    1.067325    0.091230   -0.079379
 18.000    1.010264    0.115715   -0.081981
 20.000    0.968961    0.142673   -0.085322
 22.000    0.938497    0.171973   -0.089357
 24.000    0.915549    0.203472   -0.094039
 26.000    0.897782    0.237017   -0.099323
 28.000    0.883498    0.272445   -0.105164
 30.000    0.871431    0.309584   -0.111516
 32.000    0.860615    0.348252   -0.118333
 34.000    0.850299    0.388263   -0.125569
 36.000    0.839891    0.429420   -0.133179
 38.000    0.828924    0.471524   -0.141117
 40.000    0.817023    0.514370   -0.149338
 42.000    0.803890    0.557750   -0.157796
 44.000    0.789289    0.601452   -0.166445
 46.000    0.773038    0.645264   -0.175239
 48.000    0.754997    0.688974   -0.184133
 50.000    0.735065    0.732367   -0.193082
 52.000    0.713174    0.775235   -0.202039
 54.000    0.689288    0.817367   -0.210959
 56.000    0.663397    0.858559   -0.219796
 58.000    0.635515    0.898611   -0.228505
 60.000    0.605679    0.937328   -0.237039
 62.000    0.573948    0.974522   -0.245354
 64.000    0.540397    1.010013   -0.253404
 66.000    0.505122    1.043627   -0.261143
 68.000    0.468233    1.075202   -0.268524
 70.000    0.429855    1.104584   -0.275504
 72.000    0.390127    1.131630   -0.282035
 74.000    0.349201    1.156210   -0.288073
 76.000    0.307239    1.178203   -0.293571
 78.000    0.264413    1.197504   -0.298485
 80.000    0.220907    1.214019   -0.302768
 82.000    0.176908    1.227667   -0.306374
 84.000    0.132615    1.238384   -0.309259
 86.000    0.088227    1.246116   -0.311376
 88.000    0.043952    1.250828   -0.312679
 90.000    0.000000    1.252496   -0.313124
