Viterna extrapolated polar
 alpha from -90.0 to 90.0 deg
 BLEND_WIDTH = 6.000 deg

 alpha        Cl          Cd          Cm
 ------   ---------   ---------   ---------
-90.000   -0.000000    1.252496    0.313124
-88.000   -0.043719    1.252786    0.312478
-86.000   -0.087293    1.250030    0.310581
-84.000   -0.130510    1.244248    0.307497
-82.000   -0.173162    1.235476    0.303289
-80.000   -0.215042    1.223762    0.298021
-78.000   -0.255948    1.209169    0.291757
-76.000   -0.295685    1.191777    0.284561
-74.000   -0.334061    1.171675    0.276494
-72.000   -0.370895    1.148968    0.267622
-70.000   -0.406010    1.123773    0.258007
-68.000   -0.439242    1.096220    0.247714
-66.000   -0.470435    1.066447    0.236805
-64.000   -0.499443    1.034608    0.225344
-62.000   -0.526133    1.000863    0.213395
-60.000   -0.550384    0.965381    0.201021
-58.000   -0.572087    0.928343    0.188286
-56.000   -0.591148    0.889933    0.175253
-54.000   -0.607487    0.850345    0.161986
-52.000   -0.621038    0.809777    0.148548
-50.000   -0.631750    0.768432    0.135003
-48.000   -0.639591    0.726516    0.121415
-46.000   -0.644543    0.684239    0.107846
-44.000   -0.646605    0.641811    0.094360
-42.000   -0.645796    0.599444    0.081022
-40.000   -0.642151    0.557350    0.067894
-38.000   -0.635727    0.515736    0.055040
-36.000   -0.626599    0.474811    0.042523
-34.000   -0.614867    0.434777    0.030407
-32.000   -0.600653    0.395833    0.018756
-30.000   -0.584108    0.358173    0.007633
-28.000   -0.565416    0.321984   -0.002899
-26.000   -0.544796    0.287445   -0.012776
-24.000   -0.522519    0.254727   -0.021934
-22.000   -0.498920    0.223994   -0.030310
-20.000   -0.474424    0.195396   -0.037841
-18.000   -0.449592    0.169075   -0.044462
-16.000   -0.425193    0.145163   -0.050110
-14.000   -0.402354    0.123777   -0.054723
-12.000   -0.382838    0.105024   -0.058236
-10.000   -0.369387    0.089194   -0.060431
 -8.000   -0.372242    0.080742   -0.055820
 -6.000   -0.298200    0.036241   -0.100806
 -4.000    0.042600    0.023370   -0.126800
 -2.000    0.349100    0.018560   -0.142500
  0.000    0.642200    0.014390   -0.153600
  2.000    0.863000    0.013520   -0.149200
  4.000    1.067300    0.015400   -0.145000
  6.000    1.253900    0.018190   -0.138300
  8.000    1.359900    0.021780   -0.116000
 10.000    1.452852    0.027921   -0.099697
 12.000    1.537691    0.038163   -0.082986
 14.000    1.439168    0.057919   -0.078699
 16.000    1.305495    0.078084   -0.080706
 18.000    1.218220    0.102708   -0.082590
 20.000    1.152388    0.129822   -0.085287
 22.000    1.101539    0.159293   -0.088747
 24.000    1.061326    0.190978   -0.092921
 26.000    1.028706    0.224725   -0.097762
 28.000    1.001476    0.260370   -0.103219
 30.000    0.978001    0.297740   -0.109245
 32.000    0.957036    0.336654   -0.115791
 34.000    0.937622    0.376925   -0.122809
 36.000    0.919002    0.418356   -0.130249
 38.000    0.900582    0.460747   -0.138063
 40.000    0.881883    0.503893   -0.146202
 42.000    0.862528    0.547586   -0.154619
 44.000    0.842212    0.591614   -0.163263
 46.000    0.820698    0.635764   -0.172086
 48.000    0.797802    0.679822   -0.181041
 50.000    0.773384    0.723576   -0.190077
 52.000    0.747348    0.766815   -0.199147
 54.000    0.719628    0.809328   -0.208202
 56.000    0.690194    0.850911   -0.217193
 58.000    0.659040    0.891364   -0.226071
 60.000    0.626188    0.930490   -0.234788
 62.000    0.591682    0.968102   -0.243295
 64.000    0.555588    1.004018   -0.251544
 66.000    0.517988    1.038065   -0.259486
 68.000    0.478986    1.070079   -0.267072
 70.000    0.438699    1.099906   -0.274254
 72.000    0.397261    1.127404   -0.280982
 74.000    0.354816    1.152440   -0.287209
 76.000    0.311524    1.174895   -0.292886
 78.000    0.267553    1.194661   -0.297963
 80.000    0.223082    1.211644   -0.302393
 82.000    0.178298    1.225764   -0.306126
 84.000    0.133395    1.236954   -0.309115
 86.000    0.088574    1.245162   -0.311310
 88.000    0.044039    1.250351   -0.312662
 90.000    0.000000    1.252496   -0.313124
