Viterna extrapolated polar
 alpha from -90.0 to 90.0 deg
 BLEND_WIDTH = 6.000 deg

 alpha        Cl          Cd          Cm
 ------   ---------   ---------   ---------
-90.000   -0.000000    1.252496    0.313124
-88.000   -0.043718    1.253355    0.312567
-86.000   -0.087289    1.251167    0.310932
-84.000   -0.130501    1.245951    0.308273
-82.000   -0.173145    1.237743    0.304643
-80.000   -0.215016    1.226591    0.300096
-78.000   -0.255911    1.212557    0.294687
-76.000   -0.295634    1.195718    0.288467
-74.000   -0.333995    1.176166    0.281493
-72.000   -0.370810    1.154003    0.273816
-70.000   -0.405905    1.129346    0.265491
-68.000   -0.439114    1.102323    0.256572
-66.000   -0.470282    1.073075    0.247112
-64.000   -0.499262    1.041751    0.237165
-62.000   -0.525922    1.008512    0.226785
-60.000   -0.550140    0.973528    0.216025
-58.000   -0.571807    0.936977    0.204940
-56.000   -0.590829    0.899044    0.193582
-54.000   -0.607126    0.859922    0.182007
-52.000   -0.620631    0.819808    0.170266
-50.000   -0.631294    0.778905    0.158415
-48.000   -0.639082    0.737418    0.146507
-46.000   -0.643976    0.695557    0.134595
-44.000   -0.645976    0.653532    0.122734
-42.000   -0.645098    0.611553    0.110977
-40.000   -0.641379    0.569831    0.099378
-38.000   -0.634874    0.528575    0.087990
-36.000   -0.625657    0.487992    0.076868
-34.000   -0.613827    0.448284    0.066064
-32.000   -0.599506    0.409650    0.055634
-30.000   -0.582840    0.372284    0.045630
-28.000   -0.564012    0.336370    0.036106
-26.000   -0.543238    0.302089    0.027116
-24.000   -0.520784    0.269612    0.018714
-22.000   -0.496980    0.239100    0.010954
-20.000   -0.472242    0.210706    0.003888
-18.000   -0.447117    0.184571   -0.002428
-16.000   -0.422359    0.160825   -0.007942
-14.000   -0.399064    0.139586   -0.012600
-12.000   -0.378948    0.120961   -0.016347
-10.000   -0.364964    0.105041   -0.019131
 -8.000   -0.360778    0.092588   -0.021210
 -6.000   -0.389258    0.083346   -0.019888
 -4.000   -0.275988    0.042578   -0.049657
 -2.000   -0.044600    0.028800   -0.058700
  0.000    0.167300    0.027430   -0.065500
  2.000    0.477900    0.034770   -0.093000
  4.000    0.707900    0.041330   -0.100800
  6.000    1.011193    0.039802   -0.097497
  8.000    1.146522    0.024603   -0.080830
 10.000    0.990536    0.036446   -0.088588
 12.000    0.892989    0.051904   -0.090234
 14.000    0.833775    0.071083   -0.092267
 16.000    0.796826    0.092960   -0.094968
 18.000    0.774080    0.117426   -0.098298
 20.000    0.760637    0.144364   -0.102220
 22.000    0.753325    0.173641   -0.106694
 24.000    0.749985    0.205116   -0.111682
 26.000    0.749086    0.238634   -0.117145
 28.000    0.749505    0.274034   -0.123046
 30.000    0.750396    0.311142   -0.129346
 32.000    0.751106    0.349778   -0.136006
 34.000    0.751123    0.389754   -0.142988
 36.000    0.750042    0.430875   -0.150253
 38.000    0.747539    0.472942   -0.157764
 40.000    0.743358    0.515748   -0.165481
 42.000    0.737293    0.559087   -0.173366
 44.000    0.729184    0.602746   -0.181381
 46.000    0.718910    0.646514   -0.189487
 48.000    0.706382    0.690177   -0.197647
 50.000    0.691543    0.733524   -0.205820
 52.000    0.674361    0.776342   -0.213970
 54.000    0.654829    0.818424   -0.222057
 56.000    0.632962    0.859565   -0.230043
 58.000    0.608796    0.899564   -0.237890
 60.000    0.582386    0.938228   -0.245559
 62.000    0.553806    0.975367   -0.253011
 64.000    0.523145    1.010802   -0.260210
 66.000    0.490510    1.044359   -0.267115
 68.000    0.456021    1.075876   -0.273688
 70.000    0.419810    1.105199   -0.279892
 72.000    0.382026    1.132186   -0.285687
 74.000    0.342823    1.156706   -0.291035
 76.000    0.302372    1.178639   -0.295899
 78.000    0.260848    1.197878   -0.300238
 80.000    0.218436    1.214331   -0.304015
 82.000    0.175330    1.227918   -0.307192
 84.000    0.131728    1.238572   -0.309730
 86.000    0.087833    1.246242   -0.311590
 88.000    0.043854    1.250891   -0.312734
 90.000    0.000000    1.252496   -0.313124
