Viterna extrapolated polar
 alpha from -90.0 to 90.0 deg
 BLEND_WIDTH = 6.000 deg

 alpha        Cl          Cd          Cm
 ------   ---------   ---------   ---------
-90.000   -0.000000    1.252496    0.313124
-88.000   -0.043780    1.250799    0.312341
-86.000   -0.087536    1.246058    0.310046
-84.000   -0.131059    1.238296    0.306318
-82.000   -0.174139    1.227551    0.301237
-80.000   -0.216572    1.213874    0.294883
-78.000   -0.258157    1.197331    0.287334
-76.000   -0.298699    1.178001    0.278671
-74.000   -0.338011    1.155980    0.268974
-72.000   -0.375912    1.131372    0.258321
-70.000   -0.412231    1.104298    0.246792
-68.000   -0.446806    1.074889    0.234468
-66.000   -0.479485    1.043288    0.221427
-64.000   -0.510128    1.009647    0.207749
-62.000   -0.538608    0.974131    0.193514
-60.000   -0.564810    0.936911    0.178802
-58.000   -0.588635    0.898169    0.163692
-56.000   -0.609998    0.858092    0.148263
-54.000   -0.628829    0.816876    0.132595
-52.000   -0.645076    0.774721    0.116768
-50.000   -0.658705    0.731831    0.100862
-48.000   -0.669700    0.688415    0.084956
-46.000   -0.678067    0.644685    0.069129
-44.000   -0.683831    0.600852    0.053461
-42.000   -0.687042    0.557129    0.038032
-40.000   -0.687775    0.513731    0.022922
-38.000   -0.686131    0.470866    0.008210
-36.000   -0.682246    0.428745   -0.006025
-34.000   -0.676290    0.387571   -0.019703
-32.000   -0.668476    0.347545   -0.032744
-30.000   -0.659070    0.308861   -0.045068
-28.000   -0.648403    0.271709   -0.056597
-26.000   -0.636889    0.236267   -0.067250
-24.000   -0.625060    0.202710   -0.076947
-22.000   -0.613605    0.171199   -0.085610
-20.000   -0.603448    0.141889   -0.093159
-18.000   -0.595870    0.114921   -0.099513
-16.000   -0.592724    0.090428   -0.104594
-14.000   -0.596837    0.068528   -0.108322
-12.000   -0.601941    0.053459   -0.107306
-10.000   -0.648800    0.032920   -0.111400
 -8.000   -0.407290    0.024593   -0.125289
 -6.000   -0.094800    0.019010   -0.140000
 -4.000    0.213300    0.014580   -0.155000
 -2.000    0.481600    0.012600   -0.163500
  0.000    0.697200    0.012480   -0.160600
  2.000    0.886800    0.013190   -0.152900
  4.000    1.043500    0.014210   -0.138100
  6.000    1.217800    0.016890   -0.129600
  8.000    1.370000    0.020420   -0.118400
 10.000    1.475500    0.026090   -0.103000
 12.000    1.567900    0.034510   -0.090300
 14.000    1.637523    0.047795   -0.080159
 16.000    1.639100    0.068090   -0.075900
 18.000    1.517971    0.093008   -0.076499
 20.000    1.409313    0.120052   -0.077904
 22.000    1.329911    0.149653   -0.080326
 24.000    1.265516    0.181480   -0.083618
 26.000    1.212092    0.215381   -0.087725
 28.000    1.166729    0.251190   -0.092591
 30.000    1.127273    0.288736   -0.098160
 32.000    1.092094    0.327838   -0.104375
 34.000    1.059935    0.368305   -0.111179
 36.000    1.029814    0.409944   -0.118518
 38.000    1.000953    0.452554   -0.126335
 40.000    0.972734    0.495929   -0.134573
 42.000    0.944662    0.539860   -0.143176
 44.000    0.916340    0.584135   -0.152088
 46.000    0.887455    0.628542   -0.161253
 48.000    0.857758    0.672866   -0.170615
 50.000    0.827059    0.716894   -0.180118
 52.000    0.795215    0.760414   -0.189705
 54.000    0.762126    0.803217   -0.199319
 56.000    0.727729    0.845097   -0.208906
 58.000    0.691993    0.885854   -0.218409
 60.000    0.654916    0.925292   -0.227771
 62.000    0.616524    0.963221   -0.236936
 64.000    0.576865    0.999460   -0.245848
 66.000    0.536009    1.033836   -0.254451
 68.000    0.494048    1.066184   -0.262689
 70.000    0.451088    1.096350   -0.270506
 72.000    0.407253    1.124191   -0.277845
 74.000    0.362682    1.149574   -0.284649
 76.000    0.317527    1.172380   -0.290864
 78.000    0.271951    1.192499   -0.296433
 80.000    0.226129    1.209839   -0.301299
 82.000    0.180245    1.224317   -0.305406
 84.000    0.134488    1.235867   -0.308698
 86.000    0.089059    1.244437   -0.311120
 88.000    0.044160    1.249988   -0.312614
 90.000    0.000000    1.252496   -0.313124
