Viterna extrapolated polar
 alpha from -90.0 to 90.0 deg
 BLEND_WIDTH = 6.000 deg

 alpha        Cl          Cd          Cm
 ------   ---------   ---------   ---------
-90.000   -0.000000    1.252496    0.313124
-88.000   -0.043810    1.250899    0.312337
-86.000   -0.087657    1.246258    0.310030
-84.000   -0.131332    1.238597    0.306284
-82.000   -0.174624    1.227951    0.301181
-80.000   -0.217331    1.214373    0.294800
-78.000   -0.259253    1.197928    0.287224
-76.000   -0.300195    1.178697    0.278534
-74.000   -0.339971    1.156772    0.268810
-72.000   -0.378402    1.132260    0.258133
-70.000   -0.415318    1.105281    0.246585
-68.000   -0.450559    1.075966    0.234247
-66.000   -0.483975    1.044456    0.221199
-64.000   -0.515430    1.010907    0.207523
-62.000   -0.544798    0.975480    0.193300
-60.000   -0.571969    0.938348    0.178610
-58.000   -0.596847    0.899691    0.163536
-56.000   -0.619351    0.859699    0.148158
-54.000   -0.639419    0.818565    0.132557
-52.000   -0.657004    0.776490    0.116814
-50.000   -0.672080    0.733678    0.101010
-48.000   -0.684641    0.690338    0.085226
-46.000   -0.694702    0.646681    0.069544
-44.000   -0.702303    0.602919    0.054044
-42.000   -0.707509    0.559265    0.038808
-40.000   -0.710414    0.515932    0.023916
-38.000   -0.711143    0.473131    0.009449
-36.000   -0.709859    0.431069   -0.004510
-34.000   -0.706770    0.389953   -0.017882
-32.000   -0.702131    0.349982   -0.030585
-30.000   -0.696267    0.311350   -0.042539
-28.000   -0.689582    0.274246   -0.053661
-26.000   -0.682587    0.238850   -0.063872
-24.000   -0.675942    0.205335   -0.073089
-22.000   -0.670513    0.173863   -0.081233
-20.000   -0.667471    0.144589   -0.088221
-18.000   -0.668455    0.117654   -0.093973
-16.000   -0.675855    0.093190   -0.098408
-14.000   -0.693342    0.071316   -0.101444
-12.000   -0.678654    0.064985   -0.093797
-10.000   -0.681893    0.037439   -0.110237
 -8.000   -0.386700    0.028680   -0.127400
 -6.000   -0.093300    0.021870   -0.139800
 -4.000    0.212200    0.017470   -0.155400
 -2.000    0.465200    0.015850   -0.158500
  0.000    0.661100    0.015870   -0.151400
  2.000    0.838600    0.016730   -0.141400
  4.000    1.018000    0.018300   -0.132700
  6.000    1.163600    0.020160   -0.117600
  8.000    1.315700    0.024190   -0.107500
 10.000    1.442500    0.029600   -0.095800
 12.000    1.549100    0.036960   -0.084500
 14.000    1.658291    0.046091   -0.073452
 16.000    1.618432    0.064070   -0.068754
 18.000    1.478242    0.089086   -0.070344
 20.000    1.380931    0.116384   -0.072227
 22.000    1.304683    0.146034   -0.075003
 24.000    1.242960    0.177915   -0.078637
 26.000    1.191834    0.211873   -0.083072
 28.000    1.148474    0.247744   -0.088254
 30.000    1.110783    0.285356   -0.094124
 32.000    1.077174    0.324528   -0.100629
 34.000    1.046423    0.365070   -0.107711
 36.000    1.017573    0.406787   -0.115315
 38.000    0.989865    0.449479   -0.123385
 40.000    0.962698    0.492939   -0.131864
 42.000    0.935589    0.536959   -0.140697
 44.000    0.908151    0.581328   -0.149828
 46.000    0.880080    0.625831   -0.159200
 48.000    0.851135    0.670254   -0.168758
 50.000    0.821130    0.714385   -0.178445
 52.000    0.789927    0.758011   -0.188206
 54.000    0.757431    0.800923   -0.197984
 56.000    0.723582    0.842915   -0.207724
 58.000    0.688352    0.883786   -0.217369
 60.000    0.651742    0.923340   -0.226863
 62.000    0.613779    0.961389   -0.236151
 64.000    0.574514    0.997749   -0.245177
 66.000    0.534019    1.032248   -0.253884
 68.000    0.492384    1.064722   -0.262216
 70.000    0.449719    1.095015   -0.270118
 72.000    0.406149    1.122985   -0.277533
 74.000    0.361813    1.148499   -0.284405
 76.000    0.316864    1.171435   -0.290678
 78.000    0.271465    1.191688   -0.296297
 80.000    0.225793    1.209161   -0.301205
 82.000    0.180030    1.223774   -0.305347
 84.000    0.134368    1.235459   -0.308665
 86.000    0.089005    1.244165   -0.311105
 88.000    0.044147    1.249851   -0.312610
 90.000    0.000000    1.252496   -0.313124
