Viterna extrapolated polar
 alpha from -90.0 to 90.0 deg
 BLEND_WIDTH = 6.000 deg

 alpha        Cl          Cd          Cm
 ------   ---------   ---------   ---------
-90.000   -0.000000    1.252496    0.313124
-88.000   -0.043719    1.252824    0.312509
-86.000   -0.087293    1.250107    0.310706
-84.000   -0.130512    1.244363    0.307774
-82.000   -0.173165    1.235628    0.303775
-80.000   -0.215046    1.223952    0.298768
-78.000   -0.255955    1.209397    0.292815
-76.000   -0.295693    1.192042    0.285977
-74.000   -0.334072    1.171977    0.278312
-72.000   -0.370909    1.149307    0.269883
-70.000   -0.406028    1.124148    0.260750
-68.000   -0.439263    1.096631    0.250973
-66.000   -0.470460    1.066894    0.240613
-64.000   -0.499473    1.035089    0.229731
-62.000   -0.526168    1.001378    0.218386
-60.000   -0.550424    0.965930    0.206640
-58.000   -0.572133    0.928924    0.194554
-56.000   -0.591201    0.890546    0.182187
-54.000   -0.607546    0.850990    0.169601
-52.000   -0.621105    0.810452    0.156856
-50.000   -0.631826    0.769137    0.144012
-48.000   -0.639675    0.727250    0.131131
-46.000   -0.644637    0.685001    0.118272
-44.000   -0.646709    0.642600    0.105497
-42.000   -0.645911    0.600260    0.092865
-40.000   -0.642278    0.558190    0.080438
-38.000   -0.635867    0.516600    0.068276
-36.000   -0.626754    0.475698    0.056439
-34.000   -0.615038    0.435686    0.044989
-32.000   -0.600842    0.396763    0.033985
-30.000   -0.584317    0.359123    0.023489
-28.000   -0.565647    0.322953    0.013560
-26.000   -0.545053    0.288431    0.004261
-24.000   -0.522805    0.255730   -0.004350
-22.000   -0.499240    0.225011   -0.012211
-20.000   -0.474784    0.196426   -0.019262
-18.000   -0.450000    0.170119   -0.025443
-16.000   -0.425661    0.146217   -0.030691
-14.000   -0.402896    0.124842   -0.034948
-12.000   -0.383480    0.106097   -0.038152
-10.000   -0.369276    0.090732   -0.040125
 -8.000   -0.367902    0.079908   -0.040104
 -6.000   -0.360822    0.041915   -0.056050
 -4.000   -0.059600    0.020780   -0.088500
 -2.000    0.232800    0.015550   -0.105700
  0.000    0.489000    0.011980   -0.110000
  2.000    0.704200    0.012140   -0.108600
  4.000    0.906600    0.013210   -0.103000
  6.000    1.092900    0.015270   -0.097400
  8.000    1.184853    0.025279   -0.074028
 10.000    1.311351    0.047986   -0.054252
 12.000    1.220695    0.062810   -0.055729
 14.000    1.095763    0.083838   -0.056954
 16.000    1.022507    0.105596   -0.059029
 18.000    0.971131    0.129928   -0.061946
 20.000    0.934445    0.156716   -0.065657
 22.000    0.907816    0.185829   -0.070113
 24.000    0.888117    0.217124   -0.075263
 26.000    0.873145    0.250449   -0.081060
 28.000    0.861297    0.285640   -0.087454
 30.000    0.851377    0.322526   -0.094395
 32.000    0.842471    0.360926   -0.101835
 34.000    0.833866    0.400652   -0.109724
 36.000    0.825004    0.441510   -0.118012
 38.000    0.815439    0.483300   -0.126652
 40.000    0.804817    0.525818   -0.135593
 42.000    0.792855    0.568855   -0.144786
 44.000    0.779331    0.612202   -0.154182
 46.000    0.764070    0.655645   -0.163732
 48.000    0.746942    0.698973   -0.173387
 50.000    0.727854    0.741973   -0.183097
 52.000    0.706743    0.784435   -0.192813
 54.000    0.683578    0.826151   -0.202486
 56.000    0.658354    0.866916   -0.212067
 58.000    0.631088    0.906530   -0.221506
 60.000    0.601820    0.944800   -0.230755
 62.000    0.570610    0.981538   -0.239763
 64.000    0.537539    1.016564   -0.248483
 66.000    0.502701    1.049706   -0.256864
 68.000    0.466210    1.080800   -0.264857
 70.000    0.428191    1.109695   -0.272414
 72.000    0.388785    1.136248   -0.279484
 74.000    0.348144    1.160329   -0.286019
 76.000    0.306432    1.181819   -0.291970
 78.000    0.263823    1.200611   -0.297287
 80.000    0.220498    1.216614   -0.301921
 82.000    0.176647    1.229747   -0.305823
 84.000    0.132468    1.239946   -0.308943
 86.000    0.088162    1.247159   -0.311233
 88.000    0.043936    1.251349   -0.312643
 90.000    0.000000    1.252496   -0.313124
