Viterna extrapolated polar
 alpha from -90.0 to 90.0 deg
 BLEND_WIDTH = 6.000 deg

 alpha        Cl          Cd          Cm
 ------   ---------   ---------   ---------
-90.000   -0.000000    1.252496    0.313124
-88.000   -0.043723    1.253467    0.312545
-86.000   -0.087308    1.251392    0.310846
-84.000   -0.130545    1.246289    0.308083
-82.000   -0.173224    1.238193    0.304315
-80.000   -0.215140    1.227152    0.299596
-78.000   -0.256090    1.213229    0.293986
-76.000   -0.295878    1.196500    0.287539
-74.000   -0.334314    1.177057    0.280314
-72.000   -0.371215    1.155002    0.272367
-70.000   -0.406408    1.130451    0.263755
-68.000   -0.439725    1.103534    0.254535
-66.000   -0.471013    1.074389    0.244764
-64.000   -0.500126    1.043168    0.234498
-62.000   -0.526930    1.010030    0.223795
-60.000   -0.551306    0.975144    0.212712
-58.000   -0.573144    0.938690    0.201305
-56.000   -0.592353    0.900852    0.189631
-54.000   -0.608851    0.861822    0.177748
-52.000   -0.622574    0.821798    0.165712
-50.000   -0.633473    0.780983    0.153579
-48.000   -0.641515    0.739581    0.141408
-46.000   -0.646685    0.697803    0.129254
-44.000   -0.648984    0.655857    0.117175
-42.000   -0.648431    0.613955    0.105227
-40.000   -0.645066    0.572307    0.093468
-38.000   -0.638947    0.531123    0.081955
-36.000   -0.630155    0.490607    0.070743
-34.000   -0.618791    0.450964    0.059891
-32.000   -0.604987    0.412392    0.049455
-30.000   -0.588898    0.375083    0.039492
-28.000   -0.570718    0.339225    0.030058
-26.000   -0.550680    0.304995    0.021211
-24.000   -0.529071    0.272565    0.013008
-22.000   -0.506248    0.242098    0.005506
-20.000   -0.482669    0.213744   -0.001239
-18.000   -0.458939    0.187646   -0.007170
-16.000   -0.435898    0.163933   -0.012230
-14.000   -0.414781    0.142723   -0.016361
-12.000   -0.397533    0.124123   -0.019507
-10.000   -0.387578    0.108137   -0.021618
 -8.000   -0.393666    0.093783   -0.022644
 -6.000   -0.301711    0.043149   -0.067108
 -4.000    0.030500    0.013720   -0.100500
 -2.000    0.267000    0.010740   -0.105200
  0.000    0.472967    0.008297   -0.103733
  2.000    0.687500    0.009060   -0.101400
  4.000    0.884500    0.010740   -0.097800
  6.000    1.100571    0.014081   -0.089957
  8.000    1.164705    0.019126   -0.081704
 10.000    0.999195    0.032663   -0.082188
 12.000    0.894826    0.049713   -0.083490
 14.000    0.835328    0.068911   -0.085506
 16.000    0.798164    0.090807   -0.088218
 18.000    0.775248    0.115297   -0.091586
 20.000    0.761667    0.142260   -0.095571
 22.000    0.754241    0.171565   -0.100133
 24.000    0.750804    0.203070   -0.105230
 26.000    0.749821    0.236622   -0.110825
 28.000    0.750168    0.272057   -0.116876
 30.000    0.750995    0.309203   -0.123344
 32.000    0.751647    0.347879   -0.130188
 34.000    0.751613    0.387898   -0.137370
 36.000    0.750486    0.429064   -0.144848
 38.000    0.747942    0.471177   -0.152584
 40.000    0.743722    0.514033   -0.160537
 42.000    0.737622    0.557423   -0.168666
 44.000    0.729481    0.601135   -0.176933
 46.000    0.719177    0.644959   -0.185298
 48.000    0.706623    0.688679   -0.193720
 50.000    0.691759    0.732084   -0.202159
 52.000    0.674553    0.774964   -0.210576
 54.000    0.654999    0.817108   -0.218930
 56.000    0.633112    0.858313   -0.227182
 58.000    0.608928    0.898378   -0.235292
 60.000    0.582501    0.937108   -0.243220
 62.000    0.553905    0.974316   -0.250925
 64.000    0.523231    1.009820   -0.258369
 66.000    0.490582    1.043448   -0.265510
 68.000    0.456081    1.075037   -0.272310
 70.000    0.419860    1.104433   -0.278728
 72.000    0.382066    1.131494   -0.284724
 74.000    0.342855    1.156088   -0.290259
 76.000    0.302396    1.178097   -0.295292
 78.000    0.260865    1.197413   -0.299783
 80.000    0.218448    1.213942   -0.303693
 82.000    0.175338    1.227606   -0.306982
 84.000    0.131732    1.238338   -0.309609
 86.000    0.087835    1.246086   -0.311535
 88.000    0.043854    1.250812   -0.312720
 90.000    0.000000    1.252496   -0.313124
