Viterna extrapolated polar
 alpha from -90.0 to 90.0 deg
 BLEND_WIDTH = 6.000 deg

 alpha        Cl          Cd          Cm
 ------   ---------   ---------   ---------
-90.000   -0.000000    1.252496    0.313124
-88.000   -0.043714    1.252493    0.312511
-86.000   -0.087274    1.249444    0.310710
-84.000   -0.130467    1.243370    0.307783
-82.000   -0.173085    1.234306    0.303789
-80.000   -0.214922    1.222302    0.298789
-78.000   -0.255775    1.207422    0.292842
-76.000   -0.295448    1.189743    0.286009
-74.000   -0.333751    1.169358    0.278350
-72.000   -0.370500    1.146370    0.269924
-70.000   -0.405521    1.120898    0.260793
-68.000   -0.438648    1.093071    0.251015
-66.000   -0.469723    1.063029    0.240651
-64.000   -0.498603    1.030923    0.229762
-62.000   -0.525152    0.996916    0.218407
-60.000   -0.549250    0.961178    0.206646
-58.000   -0.570786    0.923888    0.194539
-56.000   -0.589666    0.885233    0.182148
-54.000   -0.605809    0.845404    0.169530
-52.000   -0.619148    0.804602    0.156748
-50.000   -0.629631    0.763029    0.143861
-48.000   -0.637224    0.720891    0.130928
-46.000   -0.641907    0.678400    0.118010
-44.000   -0.643679    0.635765    0.105168
-42.000   -0.642553    0.593198    0.092461
-40.000   -0.638564    0.550911    0.079949
-38.000   -0.631764    0.509112    0.067692
-36.000   -0.622224    0.468010    0.055751
-34.000   -0.610037    0.427808    0.044185
-32.000   -0.595321    0.388705    0.033056
-30.000   -0.578215    0.350894    0.022422
-28.000   -0.558891    0.314562    0.012343
-26.000   -0.537555    0.279890    0.002881
-24.000   -0.514457    0.247049   -0.005905
-22.000   -0.489903    0.216200   -0.013955
-20.000   -0.464280    0.187497   -0.021209
-18.000   -0.438091    0.161081   -0.027606
-16.000   -0.412022    0.137083   -0.033087
-14.000   -0.387063    0.115621   -0.037592
-12.000   -0.364757    0.096802   -0.041060
-10.000   -0.347742    0.080718   -0.043431
 -8.000   -0.344716    0.074605   -0.040140
 -6.000   -0.330565    0.050438   -0.053170
 -4.000   -0.006000    0.015890   -0.094300
 -2.000    0.258800    0.012320   -0.105600
  0.000    0.483400    0.009470   -0.105500
  2.000    0.690400    0.010060   -0.102700
  4.000    0.885800    0.011540   -0.098000
  6.000    1.108917    0.014065   -0.090800
  8.000    1.164705    0.021425   -0.081304
 10.000    0.999195    0.034950   -0.081789
 12.000    0.894826    0.051984   -0.083093
 14.000    0.835328    0.071163   -0.085112
 16.000    0.798164    0.093039   -0.087829
 18.000    0.775248    0.117504   -0.091203
 20.000    0.761667    0.144441   -0.095195
 22.000    0.754241    0.173717   -0.099764
 24.000    0.750804    0.205191   -0.104871
 26.000    0.749821    0.238708   -0.110475
 28.000    0.750168    0.274106   -0.116537
 30.000    0.750995    0.311213   -0.123016
 32.000    0.751647    0.349848   -0.129872
 34.000    0.751613    0.389822   -0.137066
 36.000    0.750486    0.430942   -0.144558
 38.000    0.747942    0.473006   -0.152306
 40.000    0.743722    0.515811   -0.160273
 42.000    0.737622    0.559147   -0.168417
 44.000    0.729481    0.602805   -0.176698
 46.000    0.719177    0.646571   -0.185077
 48.000    0.706623    0.690232   -0.193513
 50.000    0.691759    0.733577   -0.201967
 52.000    0.674553    0.776393   -0.210398
 54.000    0.654999    0.818472   -0.218767
 56.000    0.633112    0.859611   -0.227034
 58.000    0.608928    0.899608   -0.235158
 60.000    0.582501    0.938269   -0.243099
 62.000    0.553905    0.975406   -0.250818
 64.000    0.523231    1.010837   -0.258274
 66.000    0.490582    1.044392   -0.265428
 68.000    0.456081    1.075907   -0.272240
 70.000    0.419860    1.105227   -0.278669
 72.000    0.382066    1.132211   -0.284675
 74.000    0.342855    1.156728   -0.290219
 76.000    0.302396    1.178658   -0.295261
 78.000    0.260865    1.197895   -0.299760
 80.000    0.218448    1.214345   -0.303677
 82.000    0.175338    1.227929   -0.306971
 84.000    0.131732    1.238580   -0.309603
 86.000    0.087835    1.246247   -0.311532
 88.000    0.043854    1.250893   -0.312719
 90.000    0.000000    1.252496   -0.313124
