Viterna extrapolated polar
 alpha from -90.0 to 90.0 deg
 BLEND_WIDTH = 6.000 deg

 alpha        Cl          Cd          Cm
 ------   ---------   ---------   ---------
-90.000   -0.000000    1.252496    0.313124
-88.000   -0.043713    1.252615    0.312529
-86.000   -0.087271    1.249689    0.310783
-84.000   -0.130461    1.243738    0.307943
-82.000   -0.173074    1.234796    0.304067
-80.000   -0.214905    1.222913    0.299212
-78.000   -0.255751    1.208154    0.293436
-76.000   -0.295415    1.190595    0.286796
-74.000   -0.333708    1.170328    0.279351
-72.000   -0.370445    1.147458    0.271157
-70.000   -0.405453    1.122102    0.262272
-68.000   -0.438565    1.094390    0.252754
-66.000   -0.469624    1.064460    0.242661
-64.000   -0.498486    1.032467    0.232049
-62.000   -0.525016    0.998569    0.220977
-60.000   -0.549092    0.962939    0.209502
-58.000   -0.570605    0.925754    0.197681
-56.000   -0.589460    0.887201    0.185573
-54.000   -0.605576    0.847473    0.173234
-52.000   -0.618885    0.806769    0.160723
-50.000   -0.629337    0.765291    0.148096
-48.000   -0.636895    0.723247    0.135412
-46.000   -0.641541    0.680845    0.122728
-44.000   -0.643272    0.638297    0.110101
-42.000   -0.642102    0.595814    0.097590
-40.000   -0.638066    0.553607    0.085251
-38.000   -0.631213    0.511886    0.073143
-36.000   -0.621616    0.470858    0.061322
-34.000   -0.609366    0.430727    0.049847
-32.000   -0.594580    0.391690    0.038775
-30.000   -0.577396    0.353943    0.028163
-28.000   -0.557984    0.317671    0.018070
-26.000   -0.536549    0.283054    0.008552
-24.000   -0.513337    0.250265   -0.000333
-22.000   -0.488650    0.219464   -0.008527
-20.000   -0.462871    0.190805   -0.015972
-18.000   -0.436493    0.164429   -0.022612
-16.000   -0.410191    0.140467   -0.028388
-14.000   -0.384938    0.119037   -0.033243
-12.000   -0.362245    0.100245   -0.037119
-10.000   -0.344692    0.084184   -0.039959
 -8.000   -0.338031    0.072946   -0.040806
 -6.000   -0.351300    0.060560   -0.042300
 -4.000   -0.096333    0.021407   -0.079893
 -2.000    0.223600    0.015240   -0.101600
  0.000    0.476400    0.011800   -0.106600
  2.000    0.691000    0.011940   -0.104700
  4.000    0.887700    0.012920   -0.099000
  6.000    1.085097    0.014969   -0.092848
  8.000    1.223666    0.022247   -0.076839
 10.000    1.106862    0.032929   -0.075501
 12.000    0.973470    0.050953   -0.076578
 14.000    0.901836    0.070141   -0.078403
 16.000    0.855455    0.092026   -0.080971
 18.000    0.825271    0.116502   -0.084241
 20.000    0.805790    0.143451   -0.088169
 22.000    0.793459    0.172740   -0.092714
 24.000    0.785870    0.204228   -0.097834
 26.000    0.781315    0.237761   -0.103487
 28.000    0.778547    0.273176   -0.109629
 30.000    0.776630    0.310301   -0.116220
 32.000    0.774841    0.348954   -0.123217
 34.000    0.772618    0.388949   -0.130577
 36.000    0.769516    0.430089   -0.138259
 38.000    0.765179    0.472176   -0.146220
 40.000    0.759324    0.515004   -0.154419
 42.000    0.751727    0.558365   -0.162813
 44.000    0.742211    0.602047   -0.171359
 46.000    0.730642    0.645839   -0.180016
 48.000    0.716919    0.689527   -0.188742
 50.000    0.700976    0.732899   -0.197494
 52.000    0.682774    0.775744   -0.206231
 54.000    0.662298    0.817853   -0.214909
 56.000    0.639558    0.859022   -0.223487
 58.000    0.614587    0.899050   -0.231923
 60.000    0.587434    0.937742   -0.240175
 62.000    0.558171    0.974911   -0.248199
 64.000    0.526885    1.010376   -0.255955
 66.000    0.493677    1.043964   -0.263400
 68.000    0.458668    1.075512   -0.270491
 70.000    0.421988    1.104867   -0.277187
 72.000    0.383782    1.131886   -0.283446
 74.000    0.344206    1.156438   -0.289225
 76.000    0.303427    1.178404   -0.294482
 78.000    0.261620    1.197676   -0.299175
 80.000    0.218972    1.214163   -0.303261
 82.000    0.175672    1.227783   -0.306699
 84.000    0.131920    1.238470   -0.309447
 86.000    0.087919    1.246174   -0.311462
 88.000    0.043875    1.250857   -0.312701
 90.000    0.000000    1.252496   -0.313124
