Viterna extrapolated polar
 alpha from -90.0 to 90.0 deg
 BLEND_WIDTH = 6.000 deg

 alpha        Cl          Cd          Cm
 ------   ---------   ---------   ---------
-90.000   -0.000000    1.252496    0.313124
-88.000   -0.043721    1.252939    0.312542
-86.000   -0.087300    1.250336    0.310833
-84.000   -0.130526    1.244708    0.308055
-82.000   -0.173191    1.236087    0.304263
-80.000   -0.215087    1.224524    0.299515
-78.000   -0.256014    1.210083    0.293867
-76.000   -0.295774    1.192839    0.287376
-74.000   -0.334179    1.172886    0.280099
-72.000   -0.371044    1.150326    0.272092
-70.000   -0.406195    1.125276    0.263412
-68.000   -0.439467    1.097865    0.254115
-66.000   -0.470703    1.068234    0.244259
-64.000   -0.499760    1.036534    0.233900
-62.000   -0.526503    1.002925    0.223094
-60.000   -0.550812    0.967578    0.211899
-58.000   -0.572578    0.930671    0.200371
-56.000   -0.591708    0.892390    0.188566
-54.000   -0.608120    0.852927    0.176542
-52.000   -0.621751    0.812482    0.164355
-50.000   -0.632551    0.771256    0.152061
-48.000   -0.640485    0.729456    0.139718
-46.000   -0.645538    0.687291    0.127382
-44.000   -0.647710    0.644972    0.115110
-42.000   -0.647020    0.602709    0.102959
-40.000   -0.643505    0.560715    0.090984
-38.000   -0.637223    0.519198    0.079243
-36.000   -0.628251    0.478365    0.067793
-34.000   -0.616690    0.438419    0.056690
-32.000   -0.602666    0.399559    0.045990
-30.000   -0.586334    0.361978    0.035751
-28.000   -0.567879    0.325863    0.026030
-26.000   -0.547530    0.291394    0.016882
-24.000   -0.525563    0.258741    0.008365
-22.000   -0.502324    0.228067    0.000535
-20.000   -0.478254    0.199524   -0.006551
-18.000   -0.453934    0.173254   -0.012837
-16.000   -0.430166    0.149386   -0.018265
-14.000   -0.408127    0.128040   -0.022779
-12.000   -0.389665    0.109321   -0.026323
-10.000   -0.377971    0.093322   -0.028839
 -8.000   -0.374410    0.083718   -0.030093
 -6.000   -0.394998    0.067216   -0.033064
 -4.000   -0.205325    0.025441   -0.060892
 -2.000    0.128900    0.020900   -0.088400
  0.000    0.433700    0.017400   -0.103900
  2.000    0.674300    0.016830   -0.106600
  4.000    0.889800    0.017000   -0.102700
  6.000    1.079600    0.018170   -0.094800
  8.000    1.223161    0.032575   -0.069470
 10.000    1.231082    0.052267   -0.054029
 12.000    1.105278    0.072103   -0.050781
 14.000    1.010918    0.087662   -0.054870
 16.000    0.949420    0.109384   -0.057059
 18.000    0.907316    0.133676   -0.060087
 20.000    0.878157    0.160419   -0.063905
 22.000    0.857784    0.189483   -0.068464
 24.000    0.843383    0.220724   -0.073716
 26.000    0.832968    0.253991   -0.079609
 28.000    0.825093    0.289120   -0.086096
 30.000    0.818674    0.325939   -0.093128
 32.000    0.812882    0.364268   -0.100654
 34.000    0.807070    0.403919   -0.108626
 36.000    0.800728    0.444698   -0.116995
 38.000    0.793450    0.486405   -0.125712
 40.000    0.784914    0.528837   -0.134726
 42.000    0.774861    0.571784   -0.143990
 44.000    0.763091    0.615036   -0.153453
 46.000    0.749445    0.658383   -0.163067
 48.000    0.733807    0.701610   -0.172783
 50.000    0.716095    0.744506   -0.182551
 52.000    0.696256    0.786861   -0.192322
 54.000    0.674268    0.828467   -0.202047
 56.000    0.650131    0.869119   -0.211676
 58.000    0.623868    0.908618   -0.221161
 60.000    0.595526    0.946771   -0.230452
 62.000    0.565168    0.983388   -0.239501
 64.000    0.532878    1.018291   -0.248257
 66.000    0.498753    1.051308   -0.256672
 68.000    0.462910    1.082276   -0.264697
 70.000    0.425477    1.111043   -0.272281
 72.000    0.386596    1.137466   -0.279377
 74.000    0.346421    1.161415   -0.285935
 76.000    0.305117    1.182772   -0.291906
 78.000    0.262859    1.201431   -0.297240
 80.000    0.219830    1.217298   -0.301888
 82.000    0.176221    1.230296   -0.305802
 84.000    0.132228    1.240358   -0.308932
 86.000    0.088055    1.247434   -0.311228
 88.000    0.043909    1.251487   -0.312642
 90.000    0.000000    1.252496   -0.313124
