Viterna extrapolated polar
 alpha from -90.0 to 90.0 deg
 BLEND_WIDTH = 6.000 deg

 alpha        Cl          Cd          Cm
 ------   ---------   ---------   ---------
-90.000   -0.000000    1.252496    0.313124
-88.000   -0.043712    1.252715    0.312501
-86.000   -0.087265    1.249889    0.310672
-84.000   -0.130448    1.244037    0.307699
-82.000   -0.173051    1.235194    0.303643
-80.000   -0.214869    1.223410    0.298565
-78.000   -0.255698    1.208748    0.292527
-76.000   -0.295344    1.191286    0.285589
-74.000   -0.333614    1.171116    0.277813
-72.000   -0.370327    1.148342    0.269260
-70.000   -0.405306    1.123080    0.259992
-68.000   -0.438386    1.095461    0.250069
-66.000   -0.469411    1.065623    0.239553
-64.000   -0.498234    1.033720    0.228505
-62.000   -0.524721    0.999911    0.216986
-60.000   -0.548751    0.964368    0.205058
-58.000   -0.570214    0.927269    0.192781
-56.000   -0.589015    0.888800    0.180218
-54.000   -0.605072    0.849154    0.167428
-52.000   -0.618317    0.808529    0.154474
-50.000   -0.628700    0.767129    0.141417
-48.000   -0.636184    0.725160    0.128318
-46.000   -0.640749    0.682831    0.115237
-44.000   -0.642393    0.640354    0.102238
-42.000   -0.641128    0.597939    0.089379
-40.000   -0.636988    0.555797    0.076724
-38.000   -0.630022    0.514139    0.064333
-36.000   -0.620301    0.473171    0.052266
-34.000   -0.607916    0.433097    0.040587
-32.000   -0.592978    0.394115    0.029355
-30.000   -0.575625    0.356419    0.018632
-28.000   -0.556024    0.320195    0.008480
-26.000   -0.534374    0.285624   -0.001041
-24.000   -0.510915    0.252876   -0.009870
-22.000   -0.485942    0.222115   -0.017944
-20.000   -0.459823    0.193492   -0.025203
-18.000   -0.433038    0.167148   -0.031586
-16.000   -0.406235    0.143215   -0.037031
-14.000   -0.380345    0.121811   -0.041478
-12.000   -0.356813    0.103042   -0.044864
-10.000   -0.337975    0.087153   -0.047044
 -8.000   -0.330230    0.076347   -0.046450
 -6.000   -0.281664    0.043990   -0.064691
 -4.000    0.030600    0.013780   -0.100600
 -2.000    0.267000    0.010740   -0.105200
  0.000    0.470600    0.008230   -0.103800
  2.000    0.687600    0.009080   -0.101300
  4.000    0.898205    0.010711   -0.097441
  6.000    1.124140    0.005931   -0.089423
  8.000    1.019326    0.016577   -0.085993
 10.000    0.885974    0.011564   -0.086812
 12.000    0.808230    0.028116   -0.088398
 14.000    0.762097    0.047486   -0.090672
 16.000    0.735081    0.069583   -0.093596
 18.000    0.720168    0.094297   -0.097132
 20.000    0.713084    0.121511   -0.101242
 22.000    0.711057    0.151093   -0.105890
 24.000    0.712192    0.182899   -0.111036
 26.000    0.715144    0.216776   -0.116643
 28.000    0.718920    0.252561   -0.122673
 30.000    0.722768    0.290081   -0.129088
 32.000    0.726109    0.329154   -0.135851
 34.000    0.728484    0.369593   -0.142924
 36.000    0.729532    0.411201   -0.150268
 38.000    0.728962    0.453778   -0.157847
 40.000    0.726543    0.497118   -0.165621
 42.000    0.722091    0.541014   -0.173555
 44.000    0.715464    0.585252   -0.181608
 46.000    0.706554    0.629620   -0.189745
 48.000    0.695285    0.673905   -0.197926
 50.000    0.681609    0.717892   -0.206115
 52.000    0.665502    0.761370   -0.214272
 54.000    0.646963    0.804130   -0.222361
 56.000    0.626015    0.845966   -0.230344
 58.000    0.602697    0.886677   -0.238183
 60.000    0.577069    0.926068   -0.245839
 62.000    0.549208    0.963950   -0.253276
 64.000    0.519207    1.000141   -0.260455
 66.000    0.487175    1.034467   -0.267338
 68.000    0.453233    1.066766   -0.273889
 70.000    0.417518    1.096881   -0.280068
 72.000    0.380176    1.124671   -0.285838
 74.000    0.341368    1.150002   -0.291161
 76.000    0.301261    1.172755   -0.296000
 78.000    0.260034    1.192822   -0.300316
 80.000    0.217872    1.210108   -0.304072
 82.000    0.174970    1.224533   -0.307230
 84.000    0.131526    1.236030   -0.309752
 86.000    0.087744    1.244545   -0.311600
 88.000    0.043831    1.250042   -0.312737
 90.000    0.000000    1.252496   -0.313124
