Viterna extrapolated polar
 alpha from -90.0 to 90.0 deg
 BLEND_WIDTH = 6.000 deg

 alpha        Cl          Cd          Cm
 ------   ---------   ---------   ---------
-90.000   -0.000000    1.252496    0.313124
-88.000   -0.043712    1.253843    0.312610
-86.000   -0.087266    1.252144    0.311102
-84.000   -0.130451    1.247415    0.308647
-82.000   -0.173057    1.239693    0.305295
-80.000   -0.214877    1.229023    0.301094
-78.000   -0.255710    1.215469    0.296092
-76.000   -0.295360    1.199107    0.290340
-74.000   -0.333636    1.180026    0.283884
-72.000   -0.370354    1.158331    0.276774
-70.000   -0.405340    1.134136    0.269059
-68.000   -0.438427    1.107570    0.260787
-66.000   -0.469459    1.078771    0.252007
-64.000   -0.498291    1.047890    0.242768
-62.000   -0.524788    1.015087    0.233118
-60.000   -0.548829    0.980531    0.223105
-58.000   -0.570303    0.944399    0.212780
-56.000   -0.589117    0.906876    0.202190
-54.000   -0.605187    0.868154    0.191383
-52.000   -0.618447    0.828431    0.180410
-50.000   -0.628845    0.787908    0.169317
-48.000   -0.636346    0.746790    0.158155
-46.000   -0.640930    0.705286    0.146971
-44.000   -0.642593    0.663607    0.135815
-42.000   -0.641350    0.621961    0.124735
-40.000   -0.637234    0.580560    0.113780
-38.000   -0.630294    0.539612    0.102998
-36.000   -0.620601    0.499323    0.092438
-34.000   -0.608246    0.459896    0.082149
-32.000   -0.593343    0.421528    0.072179
-30.000   -0.576029    0.384413    0.062578
-28.000   -0.556471    0.348737    0.053393
-26.000   -0.534870    0.314678    0.044674
-24.000   -0.511467    0.282407    0.036469
-22.000   -0.486559    0.252086    0.028827
-20.000   -0.460518    0.223867    0.021796
-18.000   -0.433826    0.197891    0.015426
-16.000   -0.407136    0.174288    0.009764
-14.000   -0.381392    0.153176    0.004860
-12.000   -0.358051    0.134661    0.000763
-10.000   -0.339602    0.118834   -0.002480
 -8.000   -0.330836    0.105776   -0.004819
 -6.000   -0.341188    0.097521   -0.005645
 -4.000   -0.393579    0.085017   -0.011408
 -2.000   -0.110168    0.047117   -0.081248
  0.000    0.263800    0.045770   -0.113500
  2.000    0.502300    0.046980   -0.117400
  4.000    0.724600    0.053370   -0.120300
  6.000    0.888050    0.060955   -0.114750
  8.000    0.969300    0.081730   -0.106700
 10.000    0.894000    0.121900   -0.107600
 12.000    0.863200    0.162910   -0.120200
 14.000    0.850857    0.179510   -0.121257
 16.000    0.970108    0.206730   -0.129569
 18.000    1.045280    0.211664   -0.135045
 20.000    1.152759    0.232208   -0.146323
 22.000    1.116605    0.262563   -0.148508
 24.000    1.074636    0.293428   -0.149932
 26.000    1.040659    0.325521   -0.151952
 28.000    1.012248    0.359389   -0.154622
 30.000    0.987731    0.394861   -0.157897
 32.000    0.965840    0.431759   -0.161732
 34.000    0.945594    0.469897   -0.166082
 36.000    0.926225    0.509083   -0.170901
 38.000    0.907124    0.549119   -0.176144
 40.000    0.887805    0.589802   -0.181766
 42.000    0.867881    0.630927   -0.187721
 44.000    0.847044    0.672285   -0.193965
 46.000    0.825049    0.713667   -0.200452
 48.000    0.801710    0.754862   -0.207137
 50.000    0.776883    0.795662   -0.213975
 52.000    0.750468    0.835858   -0.220920
 54.000    0.722398    0.875245   -0.227927
 56.000    0.692640    0.913622   -0.234952
 58.000    0.661188    0.950792   -0.241948
 60.000    0.628061    0.986563   -0.248870
 62.000    0.593302    1.020751   -0.255674
 64.000    0.556975    1.053179   -0.262314
 66.000    0.519163    1.083678   -0.268744
 68.000    0.479968    1.112089   -0.274921
 70.000    0.439507    1.138262   -0.280797
 72.000    0.397912    1.162059   -0.286328
 74.000    0.355329    1.183352   -0.291470
 76.000    0.311915    1.202025   -0.296175
 78.000    0.267840    1.217977   -0.300400
 80.000    0.223281    1.231118   -0.304100
 82.000    0.178425    1.241372   -0.307228
 84.000    0.133466    1.248677   -0.309740
 86.000    0.088605    1.252985   -0.311590
 88.000    0.044047    1.254264   -0.312733
 90.000    0.000000    1.252496   -0.313124
