Viterna extrapolated polar
 alpha from -90.0 to 90.0 deg
 BLEND_WIDTH = 6.000 deg

 alpha        Cl          Cd          Cm
 ------   ---------   ---------   ---------
-90.000   -0.000000    1.252496    0.313124
-88.000   -0.043719    1.252951    0.312534
-86.000   -0.087295    1.250359    0.310801
-84.000   -0.130516    1.244742    0.307984
-82.000   -0.173173    1.236133    0.304139
-80.000   -0.215059    1.224581    0.299325
-78.000   -0.255973    1.210151    0.293600
-76.000   -0.295719    1.192919    0.287020
-74.000   -0.334106    1.172976    0.279645
-72.000   -0.370951    1.150427    0.271530
-70.000   -0.406080    1.125388    0.262734
-68.000   -0.439327    1.097988    0.253315
-66.000   -0.470536    1.068368    0.243330
-64.000   -0.499563    1.036678    0.232837
-62.000   -0.526273    1.003079    0.221894
-60.000   -0.550546    0.967742    0.210558
-58.000   -0.572273    0.930845    0.198886
-56.000   -0.591360    0.892573    0.186938
-54.000   -0.607726    0.853120    0.174769
-52.000   -0.621307    0.812684    0.162438
-50.000   -0.632053    0.771467    0.150003
-48.000   -0.639929    0.729675    0.137521
-46.000   -0.644919    0.687519    0.125049
-44.000   -0.647023    0.645208    0.112647
-42.000   -0.646259    0.602953    0.100370
-40.000   -0.642663    0.560967    0.088277
-38.000   -0.636292    0.519457    0.076425
-36.000   -0.627224    0.478630    0.064873
-34.000   -0.615556    0.438691    0.053677
-32.000   -0.601414    0.399837    0.042896
-30.000   -0.584950    0.362262    0.032587
-28.000   -0.566347    0.326153    0.022807
-26.000   -0.545830    0.291689    0.013615
-24.000   -0.523670    0.259041    0.005068
-22.000   -0.500207    0.228371   -0.002776
-20.000   -0.475873    0.199832   -0.009860
-18.000   -0.451234    0.173566   -0.016126
-16.000   -0.427074    0.149702   -0.021516
-14.000   -0.404537    0.128358   -0.025973
-12.000   -0.385420    0.109642   -0.029439
-10.000   -0.372819    0.093645   -0.031857
 -8.000   -0.365415    0.083263   -0.033401
 -6.000   -0.382059    0.065887   -0.036394
 -4.000   -0.198197    0.024892   -0.061855
 -2.000    0.132200    0.020960   -0.088800
  0.000    0.431500    0.017440   -0.103900
  2.000    0.673700    0.016870   -0.106400
  4.000    0.889900    0.017050   -0.102600
  6.000    1.079700    0.018230   -0.094700
  8.000    1.231155    0.028426   -0.073159
 10.000    1.249850    0.052222   -0.056604
 12.000    1.106917    0.068519   -0.057168
 14.000    1.008782    0.088337   -0.058682
 16.000    0.947579    0.110053   -0.061026
 18.000    0.905709    0.134338   -0.064176
 20.000    0.876739    0.161073   -0.068086
 22.000    0.856524    0.190128   -0.072707
 24.000    0.842256    0.221360   -0.077993
 26.000    0.831956    0.254616   -0.083895
 28.000    0.824181    0.289734   -0.090366
 30.000    0.817851    0.326541   -0.097358
 32.000    0.812137    0.364858   -0.104824
 34.000    0.806395    0.404496   -0.112715
 36.000    0.800116    0.445261   -0.120985
 38.000    0.792896    0.486954   -0.129586
 40.000    0.784412    0.529370   -0.138469
 42.000    0.774408    0.572301   -0.147587
 44.000    0.762682    0.615537   -0.156894
 46.000    0.749076    0.658866   -0.166340
 48.000    0.733476    0.702076   -0.175878
 50.000    0.715798    0.744954   -0.185461
 52.000    0.695992    0.787290   -0.195042
 54.000    0.674033    0.828876   -0.204571
 56.000    0.649924    0.869508   -0.214002
 58.000    0.623686    0.908987   -0.223288
 60.000    0.595367    0.947119   -0.232379
 62.000    0.565031    0.983715   -0.241230
 64.000    0.532760    1.018597   -0.249792
 66.000    0.498654    1.051591   -0.258017
 68.000    0.462827    1.082537   -0.265858
 70.000    0.425409    1.111281   -0.273267
 72.000    0.386541    1.137681   -0.280196
 74.000    0.346378    1.161607   -0.286599
 76.000    0.305084    1.182940   -0.292426
 78.000    0.262835    1.201575   -0.297632
 80.000    0.219813    1.217419   -0.302167
 82.000    0.176210    1.230392   -0.305984
 84.000    0.132222    1.240430   -0.309037
 86.000    0.088053    1.247482   -0.311276
 88.000    0.043909    1.251511   -0.312654
 90.000    0.000000    1.252496   -0.313124
