Viterna extrapolated polar
 alpha from -90.0 to 90.0 deg
 BLEND_WIDTH = 6.000 deg

 alpha        Cl          Cd          Cm
 ------   ---------   ---------   ---------
-90.000   -0.000000    1.252496    0.313124
-88.000   -0.043717    1.252599    0.312521
-86.000   -0.087286    1.249657    0.310751
-84.000   -0.130495    1.243689    0.307873
-82.000   -0.173136    1.234731    0.303946
-80.000   -0.215001    1.222832    0.299029
-78.000   -0.255889    1.208056    0.293182
-76.000   -0.295604    1.190482    0.286464
-74.000   -0.333955    1.170199    0.278933
-72.000   -0.370760    1.147314    0.270648
-70.000   -0.405843    1.121942    0.261670
-68.000   -0.439039    1.094214    0.252056
-66.000   -0.470191    1.064270    0.241866
-64.000   -0.499156    1.032262    0.231159
-62.000   -0.525798    0.998350    0.219994
-60.000   -0.549996    0.962705    0.208431
-58.000   -0.571642    0.925506    0.196527
-56.000   -0.590641    0.886940    0.184343
-54.000   -0.606913    0.847199    0.171938
-52.000   -0.620391    0.806481    0.159369
-50.000   -0.631026    0.764991    0.146698
-48.000   -0.638782    0.722934    0.133982
-46.000   -0.643642    0.680520    0.121281
-44.000   -0.645605    0.637961    0.108654
-42.000   -0.644687    0.595467    0.096160
-40.000   -0.640924    0.553249    0.083857
-38.000   -0.634371    0.511518    0.071806
-36.000   -0.625103    0.470480    0.060065
-34.000   -0.613215    0.430339    0.048694
-32.000   -0.598829    0.391294    0.037750
-30.000   -0.582093    0.353538    0.027295
-28.000   -0.563185    0.317258    0.017385
-26.000   -0.542320    0.282634    0.008082
-24.000   -0.519762    0.249837   -0.000557
-22.000   -0.495837    0.219030   -0.008472
-20.000   -0.470955    0.190366   -0.015604
-18.000   -0.445659    0.163984   -0.021895
-16.000   -0.420689    0.140017   -0.027284
-14.000   -0.397125    0.118583   -0.031713
-12.000   -0.376655    0.099788   -0.035123
-10.000   -0.362182    0.083724   -0.037454
 -8.000   -0.354261    0.077974   -0.035369
 -6.000   -0.357323    0.053476   -0.045437
 -4.000   -0.070700    0.019870   -0.084200
 -2.000    0.226500    0.015240   -0.102300
  0.000    0.476600    0.011840   -0.106400
  2.000    0.691500    0.012020   -0.104500
  4.000    0.888200    0.013030   -0.098900
  6.000    1.076700    0.015100   -0.093300
  8.000    1.242276    0.029274   -0.071341
 10.000    1.228631    0.044359   -0.061318
 12.000    1.080206    0.061655   -0.062000
 14.000    0.989105    0.081146   -0.063573
 16.000    0.930630    0.102928   -0.065960
 18.000    0.890910    0.127289   -0.069130
 20.000    0.863686    0.154109   -0.073035
 22.000    0.844921    0.183256   -0.077630
 24.000    0.831882    0.214590   -0.082868
 26.000    0.822639    0.247955   -0.088702
 28.000    0.815785    0.283191   -0.095087
 30.000    0.810267    0.320123   -0.101975
 32.000    0.805275    0.358573   -0.109322
 34.000    0.800181    0.398352   -0.117079
 36.000    0.794486    0.439265   -0.125202
 38.000    0.787797    0.481114   -0.133643
 40.000    0.779797    0.523692   -0.142356
 42.000    0.770235    0.566793   -0.151296
 44.000    0.758915    0.610206   -0.160414
 46.000    0.745685    0.653718   -0.169667
 48.000    0.730430    0.697117   -0.179006
 50.000    0.713071    0.740190   -0.188385
 52.000    0.693560    0.782727   -0.197759
 54.000    0.671874    0.824520   -0.207080
 56.000    0.648017    0.865364   -0.216304
 58.000    0.622012    0.905060   -0.225382
 60.000    0.593908    0.943413   -0.234269
 62.000    0.563769    0.980236   -0.242919
 64.000    0.531679    1.015348   -0.251285
 66.000    0.497738    1.048577   -0.259320
 68.000    0.462062    1.079761   -0.266979
 70.000    0.424779    1.108746   -0.274215
 72.000    0.386033    1.135391   -0.280982
 74.000    0.345978    1.159564   -0.287234
 76.000    0.304779    1.181147   -0.292923
 78.000    0.262611    1.200034   -0.298005
 80.000    0.219658    1.216132   -0.302431
 82.000    0.176111    1.229361   -0.306157
 84.000    0.132167    1.239656   -0.309136
 86.000    0.088028    1.246965   -0.311320
 88.000    0.043903    1.251253   -0.312665
 90.000    0.000000    1.252496   -0.313124
