Viterna extrapolated polar
 alpha from -90.0 to 90.0 deg
 BLEND_WIDTH = 6.000 deg

 alpha        Cl          Cd          Cm
 ------   ---------   ---------   ---------
-90.000   -0.000000    1.252496    0.313124
-88.000   -0.043717    1.253324    0.312559
-86.000   -0.087287    1.251106    0.310902
-84.000   -0.130497    1.245861    0.308206
-82.000   -0.173139    1.237623    0.304527
-80.000   -0.215006    1.226441    0.299920
-78.000   -0.255897    1.212377    0.294438
-76.000   -0.295614    1.195509    0.288139
-74.000   -0.333969    1.175927    0.281075
-72.000   -0.370777    1.153735    0.273302
-70.000   -0.405864    1.129050    0.264874
-68.000   -0.439065    1.101999    0.255847
-66.000   -0.470222    1.072723    0.246275
-64.000   -0.499192    1.041371    0.236214
-62.000   -0.525840    1.008106    0.225717
-60.000   -0.550045    0.973095    0.214840
-58.000   -0.571699    0.936518    0.203637
-56.000   -0.590706    0.898560    0.192164
-54.000   -0.606986    0.859413    0.180475
-52.000   -0.620473    0.819275    0.168625
-50.000   -0.631118    0.778348    0.156669
-48.000   -0.638884    0.736839    0.144661
-46.000   -0.643756    0.694956    0.132657
-44.000   -0.645731    0.652909    0.120711
-42.000   -0.644828    0.610910    0.108878
-40.000   -0.641080    0.569168    0.097213
-38.000   -0.634543    0.527893    0.085770
-36.000   -0.625292    0.487292    0.074606
-34.000   -0.613424    0.447567    0.063773
-32.000   -0.599061    0.408917    0.053328
-30.000   -0.582348    0.371534    0.043324
-28.000   -0.563467    0.335606    0.033818
-26.000   -0.542634    0.301312    0.024863
-24.000   -0.520112    0.268822    0.016514
-22.000   -0.496227    0.238298    0.008826
-20.000   -0.471395    0.209893    0.001855
-18.000   -0.446158    0.183748   -0.004345
-16.000   -0.421260    0.159993   -0.009720
-14.000   -0.397787    0.138747   -0.014215
-12.000   -0.377439    0.120114   -0.017774
-10.000   -0.363133    0.104189   -0.020343
 -8.000   -0.356349    0.092636   -0.022397
 -6.000   -0.378132    0.079830   -0.023368
 -4.000   -0.264039    0.040640   -0.051202
 -2.000   -0.046800    0.028910   -0.058500
  0.000    0.167800    0.027570   -0.065800
  2.000    0.477100    0.034890   -0.093000
  4.000    0.706200    0.041490   -0.100600
  6.000    0.992519    0.040938   -0.097274
  8.000    1.207245    0.020013   -0.082215
 10.000    1.035031    0.030683   -0.084296
 12.000    0.931422    0.044323   -0.086169
 14.000    0.866277    0.063564   -0.088161
 16.000    0.824823    0.085510   -0.090842
 18.000    0.798526    0.110056   -0.094171
 20.000    0.782199    0.137082   -0.098109
 22.000    0.772490    0.166456   -0.102617
 24.000    0.767121    0.198036   -0.107656
 26.000    0.764476    0.231669   -0.113185
 28.000    0.763374    0.267191   -0.119165
 30.000    0.762924    0.304431   -0.125558
 32.000    0.762440    0.343206   -0.132323
 34.000    0.761388    0.383329   -0.139420
 36.000    0.759341    0.424606   -0.146812
 38.000    0.755963    0.466835   -0.154457
 40.000    0.750982    0.509812   -0.162317
 42.000    0.744185    0.553328   -0.170352
 44.000    0.735405    0.597171   -0.178522
 46.000    0.724512    0.641131   -0.186789
 48.000    0.711414    0.684992   -0.195113
 50.000    0.696048    0.728542   -0.203453
 52.000    0.678378    0.771571   -0.211772
 54.000    0.658396    0.813869   -0.220029
 56.000    0.636112    0.855231   -0.228185
 58.000    0.611561    0.895458   -0.236200
 60.000    0.584797    0.934353   -0.244035
 62.000    0.555890    0.971729   -0.251651
 64.000    0.524931    1.007404   -0.259008
 66.000    0.492023    1.041207   -0.266066
 68.000    0.457285    1.072973   -0.272786
 70.000    0.420850    1.102549   -0.279129
 72.000    0.382864    1.129791   -0.285056
 74.000    0.343483    1.154570   -0.290526
 76.000    0.302875    1.176764   -0.295500
 78.000    0.261217    1.196267   -0.299939
 80.000    0.218692    1.212986   -0.303803
 82.000    0.175494    1.226839   -0.307053
 84.000    0.131820    1.237762   -0.309650
 86.000    0.087874    1.245701   -0.311554
 88.000    0.043864    1.250620   -0.312725
 90.000    0.000000    1.252496   -0.313124
