Viterna extrapolated polar
 alpha from -90.0 to 90.0 deg
 BLEND_WIDTH = 6.000 deg

 alpha        Cl          Cd          Cm
 ------   ---------   ---------   ---------
-90.000   -0.000000    1.252496    0.313124
-88.000   -0.043721    1.253274    0.312559
-86.000   -0.087300    1.251006    0.310900
-84.000   -0.130526    1.245711    0.308202
-82.000   -0.173190    1.237423    0.304520
-80.000   -0.215085    1.226191    0.299909
-78.000   -0.256011    1.212078    0.294422
-76.000   -0.295771    1.195161    0.288115
-74.000   -0.334174    1.175530    0.281042
-72.000   -0.371038    1.153290    0.273259
-70.000   -0.406187    1.128557    0.264819
-68.000   -0.439457    1.101460    0.255778
-66.000   -0.470692    1.072137    0.246190
-64.000   -0.499747    1.040740    0.236110
-62.000   -0.526488    1.007430    0.225592
-60.000   -0.550794    0.972375    0.214691
-58.000   -0.572558    0.935755    0.203463
-56.000   -0.591685    0.897755    0.191961
-54.000   -0.608094    0.858567    0.180240
-52.000   -0.621722    0.818389    0.168355
-50.000   -0.632517    0.777423    0.156361
-48.000   -0.640448    0.735876    0.144312
-46.000   -0.645497    0.693956    0.132263
-44.000   -0.647665    0.651873    0.120269
-42.000   -0.646970    0.609840    0.108384
-40.000   -0.643449    0.568065    0.096663
-38.000   -0.637161    0.526759    0.085161
-36.000   -0.628182    0.486127    0.073933
-34.000   -0.616614    0.446373    0.063032
-32.000   -0.602583    0.407696    0.052514
-30.000   -0.586242    0.370287    0.042434
-28.000   -0.567777    0.334335    0.032846
-26.000   -0.547416    0.300018    0.023805
-24.000   -0.525437    0.267506    0.015365
-22.000   -0.502183    0.236963    0.007582
-20.000   -0.478096    0.208540    0.000509
-18.000   -0.453754    0.182379   -0.005798
-16.000   -0.429960    0.158609   -0.011285
-14.000   -0.407888    0.137350   -0.015896
-12.000   -0.389382    0.118706   -0.019578
-10.000   -0.377628    0.102771   -0.022276
 -8.000   -0.374750    0.090696   -0.024151
 -6.000   -0.407100    0.079330   -0.024500
 -4.000   -0.296824    0.044459   -0.049222
 -2.000   -0.059200    0.030260   -0.059500
  0.000    0.177100    0.029080   -0.070900
  2.000    0.480300    0.036350   -0.095100
  4.000    0.702300    0.042940   -0.101500
  6.000    0.895400    0.049840   -0.099300
  8.000    1.218354    0.038199   -0.077737
 10.000    1.263306    0.053660   -0.050606
 12.000    1.145107    0.076091   -0.043693
 14.000    1.047789    0.090351   -0.046215
 16.000    0.981181    0.112048   -0.048376
 18.000    0.935048    0.136312   -0.051416
 20.000    0.902617    0.163024   -0.055283
 22.000    0.879526    0.192053   -0.059925
 24.000    0.862823    0.223256   -0.065292
 26.000    0.850427    0.256482   -0.071332
 28.000    0.840826    0.291567   -0.077994
 30.000    0.832886    0.328339   -0.085226
 32.000    0.825740    0.366618   -0.092977
 34.000    0.818715    0.406217   -0.101197
 36.000    0.811277    0.446940   -0.109833
 38.000    0.803006    0.488590   -0.118835
 40.000    0.793563    0.530960   -0.128150
 42.000    0.782681    0.573844   -0.137729
 44.000    0.770148    0.617030   -0.147519
 46.000    0.755800    0.660308   -0.157469
 48.000    0.739515    0.703465   -0.167529
 50.000    0.721205    0.746288   -0.177646
 52.000    0.700813    0.788568   -0.187769
 54.000    0.678314    0.830096   -0.197848
 56.000    0.653704    0.870669   -0.207830
 58.000    0.627006    0.910087   -0.217665
 60.000    0.598261    0.948157   -0.227302
 62.000    0.567533    0.984690   -0.236688
 64.000    0.534903    1.019507   -0.245773
 66.000    0.500469    1.052436   -0.254505
 68.000    0.464344    1.083315   -0.262834
 70.000    0.426656    1.111991   -0.270707
 72.000    0.387547    1.138322   -0.278074
 74.000    0.347170    1.162179   -0.284883
 76.000    0.305689    1.183442   -0.291083
 78.000    0.263278    1.202007   -0.296623
 80.000    0.220120    1.217779   -0.301451
 82.000    0.176406    1.230681   -0.305517
 84.000    0.132332    1.240647   -0.308768
 86.000    0.088102    1.247627   -0.311154
 88.000    0.043921    1.251584   -0.312623
 90.000    0.000000    1.252496   -0.313124
