Viterna extrapolated polar
 alpha from -90.0 to 90.0 deg
 BLEND_WIDTH = 6.000 deg

 alpha        Cl          Cd          Cm
 ------   ---------   ---------   ---------
-90.000   -0.000000    1.252496    0.313124
-88.000   -0.043787    1.250578    0.312406
-86.000   -0.087565    1.245616    0.310299
-84.000   -0.131123    1.237635    0.306876
-82.000   -0.174253    1.226670    0.302209
-80.000   -0.216750    1.212775    0.296372
-78.000   -0.258414    1.196014    0.289437
-76.000   -0.299050    1.176470    0.281476
-74.000   -0.338471    1.154235    0.272563
-72.000   -0.376497    1.129416    0.262769
-70.000   -0.412955    1.102133    0.252167
-68.000   -0.447686    1.072518    0.240831
-66.000   -0.480538    1.040713    0.228831
-64.000   -0.511371    1.006872    0.216242
-62.000   -0.540060    0.971158    0.203136
-60.000   -0.566489    0.933745    0.189585
-58.000   -0.590561    0.894814    0.175662
-56.000   -0.612192    0.854552    0.161439
-54.000   -0.631313    0.813155    0.146989
-52.000   -0.647874    0.770823    0.132385
-50.000   -0.661842    0.727761    0.117700
-48.000   -0.673205    0.684179    0.103005
-46.000   -0.681969    0.640287    0.088374
-44.000   -0.688164    0.596297    0.073879
-42.000   -0.691843    0.552424    0.059593
-40.000   -0.693085    0.508881    0.045588
-38.000   -0.691998    0.465877    0.031937
-36.000   -0.688723    0.423623    0.018713
-34.000   -0.683440    0.382322    0.005987
-32.000   -0.676371    0.342176   -0.006166
-30.000   -0.667795    0.303378   -0.017675
-28.000   -0.658062    0.266119   -0.028467
-26.000   -0.647608    0.230577   -0.038470
-24.000   -0.636995    0.196926   -0.047611
-22.000   -0.626953    0.165329   -0.055816
-20.000   -0.618465    0.135940   -0.063015
-18.000   -0.612896    0.108900   -0.069133
-16.000   -0.612223    0.084342   -0.074099
-14.000   -0.619473    0.062385   -0.077839
-12.000   -0.635582    0.044701   -0.079549
-10.000   -0.639802    0.041639   -0.073961
 -8.000   -0.516369    0.020987   -0.095195
 -6.000   -0.178100    0.020330   -0.116300
 -4.000    0.111700    0.015530   -0.130400
 -2.000    0.393200    0.011530   -0.143100
  0.000    0.620400    0.009330   -0.143200
  2.000    0.828600    0.009890   -0.139200
  4.000    1.024000    0.011710   -0.134100
  6.000    1.203400    0.014160   -0.126800
  8.000    1.279700    0.022270   -0.103800
 10.000    1.405614    0.029115   -0.087641
 12.000    1.445600    0.041890   -0.074400
 14.000    1.310289    0.060906   -0.074340
 16.000    1.199390    0.083119   -0.076219
 18.000    1.125576    0.107690   -0.078420
 20.000    1.070671    0.134744   -0.081419
 22.000    1.028904    0.164149   -0.085165
 24.000    0.996382    0.195763   -0.089612
 26.000    0.970379    0.229433   -0.094711
 28.000    0.948917    0.264995   -0.100414
 30.000    0.930524    0.302276   -0.106672
 32.000    0.914081    0.341097   -0.113437
 34.000    0.898719    0.381267   -0.120661
 36.000    0.883758    0.422593   -0.128295
 38.000    0.868658    0.464875   -0.136291
 40.000    0.852988    0.507906   -0.144602
 42.000    0.836404    0.551479   -0.153178
 44.000    0.818635    0.595382   -0.161971
 46.000    0.799466    0.639403   -0.170934
 48.000    0.778732    0.683327   -0.180017
 50.000    0.756313    0.726943   -0.189172
 52.000    0.732123    0.770040   -0.198352
 54.000    0.706112    0.812407   -0.207507
 56.000    0.678256    0.853840   -0.216590
 58.000    0.648559    0.894139   -0.225553
 60.000    0.617051    0.933109   -0.234346
 62.000    0.583782    0.970561   -0.242922
 64.000    0.548820    1.006314   -0.251233
 66.000    0.512257    1.040195   -0.259229
 68.000    0.474196    1.072041   -0.266863
 70.000    0.434759    1.101698   -0.274087
 72.000    0.394083    1.129023   -0.280852
 74.000    0.352315    1.153884   -0.287110
 76.000    0.309615    1.176162   -0.292813
 78.000    0.266154    1.195750   -0.297912
 80.000    0.222113    1.212554   -0.302359
 82.000    0.177679    1.226493   -0.306105
 84.000    0.133047    1.237502   -0.309104
 86.000    0.088419    1.245528   -0.311305
 88.000    0.044000    1.250533   -0.312661
 90.000    0.000000    1.252496   -0.313124
