Viterna extrapolated polar
 alpha from -90.0 to 90.0 deg
 BLEND_WIDTH = 6.000 deg

 alpha        Cl          Cd          Cm
 ------   ---------   ---------   ---------
-90.000   -0.000000    1.252496    0.313124
-88.000   -0.043727    1.251411    0.312382
-86.000   -0.087324    1.247282    0.310205
-84.000   -0.130582    1.240130    0.306666
-82.000   -0.173289    1.229992    0.301838
-80.000   -0.215241    1.216920    0.295795
-78.000   -0.256236    1.200978    0.288608
-76.000   -0.296077    1.182245    0.280353
-74.000   -0.334575    1.160815    0.271101
-72.000   -0.371547    1.136793    0.260926
-70.000   -0.406819    1.110298    0.249900
-68.000   -0.440226    1.081460    0.238098
-66.000   -0.471612    1.050422    0.225592
-64.000   -0.500833    1.017337    0.212455
-62.000   -0.527755    0.982366    0.198761
-60.000   -0.552260    0.945682    0.184582
-58.000   -0.574239    0.907464    0.169992
-56.000   -0.593600    0.867901    0.155063
-54.000   -0.610263    0.827187    0.139870
-52.000   -0.624164    0.785520    0.124484
-50.000   -0.635256    0.743106    0.108980
-48.000   -0.643507    0.700153    0.093430
-46.000   -0.648903    0.656870    0.077907
-44.000   -0.651447    0.613470    0.062485
-42.000   -0.651161    0.570165    0.047237
-40.000   -0.648085    0.527168    0.032236
-38.000   -0.642282    0.484689    0.017554
-36.000   -0.633837    0.442936    0.003265
-34.000   -0.622856    0.402113   -0.010557
-32.000   -0.609474    0.362421   -0.023840
-30.000   -0.593858    0.324052   -0.036511
-28.000   -0.576209    0.287197   -0.048496
-26.000   -0.556774    0.252033   -0.059722
-24.000   -0.535856    0.218734   -0.070117
-22.000   -0.513836    0.187463   -0.079606
-20.000   -0.491206    0.158372   -0.088118
-18.000   -0.468618    0.131604   -0.095578
-16.000   -0.446983    0.107290   -0.101914
-14.000   -0.427649    0.085548   -0.107053
-12.000   -0.412750    0.066485   -0.110921
-10.000   -0.403317    0.051850   -0.111749
 -8.000   -0.401917    0.044649   -0.106333
 -6.000   -0.236745    0.028720   -0.123713
 -4.000    0.101500    0.023000   -0.139000
 -2.000    0.438500    0.017980   -0.156300
  0.000    0.683100    0.016780   -0.158400
  2.000    0.881000    0.017280   -0.151600
  4.000    1.039300    0.018150   -0.136300
  6.000    1.222800    0.021210   -0.129900
  8.000    1.378800    0.025070   -0.119100
 10.000    1.502500    0.030050   -0.105100
 12.000    1.637206    0.035926   -0.089444
 14.000    1.626051    0.048976   -0.078751
 16.000    1.469614    0.071269   -0.080957
 18.000    1.358756    0.096044   -0.082820
 20.000    1.276346    0.123237   -0.085253
 22.000    1.211721    0.152795   -0.088478
 24.000    1.159841    0.184577   -0.092444
 26.000    1.117184    0.218427   -0.097103
 28.000    1.081205    0.254183   -0.102404
 30.000    1.050020    0.291671   -0.108297
 32.000    1.022197    0.330712   -0.114733
 34.000    0.996634    0.371115   -0.121661
 36.000    0.972465    0.412686   -0.129032
 38.000    0.949008    0.455225   -0.136796
 40.000    0.925716    0.498525   -0.144903
 42.000    0.902155    0.542379   -0.153303
 44.000    0.877976    0.586573   -0.161946
 46.000    0.852906    0.630896   -0.170782
 48.000    0.826729    0.675133   -0.179762
 50.000    0.799281    0.719072   -0.188835
 52.000    0.770442    0.762500   -0.197952
 54.000    0.740132    0.805209   -0.207063
 56.000    0.708303    0.846993   -0.216118
 58.000    0.674939    0.887650   -0.225066
 60.000    0.640048    0.926986   -0.233859
 62.000    0.603668    0.964812   -0.242446
 64.000    0.565853    1.000946   -0.250777
 66.000    0.526683    1.035214   -0.258803
 68.000    0.486253    1.067454   -0.266473
 70.000    0.444676    1.097509   -0.273738
 72.000    0.402082    1.125238   -0.280548
 74.000    0.358611    1.150508   -0.286853
 76.000    0.314420    1.173199   -0.292603
 78.000    0.269675    1.193204   -0.297748
 80.000    0.224552    1.210427   -0.302238
 82.000    0.179237    1.224789   -0.306024
 84.000    0.133923    1.236222   -0.309056
 86.000    0.088808    1.244673   -0.311283
 88.000    0.044097    1.250106   -0.312655
 90.000    0.000000    1.252496   -0.313124
