Smoothened XFOIL polar
 10-point moving average applied

   alpha    CL        CD       CDp       CM
  ------ -------- --------- --------- --------
 -13.250  -0.3580   0.15485   0.15059  -0.0261
 -10.750  -0.3831   0.15337   0.14920  -0.0189
 -10.500  -0.3888   0.14502   0.14107  -0.0163
 -10.250  -0.3669   0.13083   0.12710  -0.0193
  -8.500  -0.3094   0.11187   0.10819  -0.0292
  -7.500  -0.1818   0.08816   0.08394  -0.0519
  -3.500  -0.0142   0.06129   0.05627  -0.0811
  -2.000   0.1638   0.03779   0.03185  -0.1115
  -1.500   0.3149   0.02158   0.01474  -0.1379
  -1.250   0.4308   0.01283   0.00530  -0.1534
  -1.000   0.4725   0.01516   0.00734  -0.1518
  -0.750   0.4881   0.01699   0.00949  -0.1497
  -0.500   0.5142   0.01660   0.00924  -0.1515
  -0.250   0.5608   0.01562   0.00865  -0.1539
   0.000   0.6179   0.01439   0.00798  -0.1564
   0.250   0.6819   0.01307   0.00726  -0.1591
   1.250   0.7488   0.01184   0.00655  -0.1620
   1.500   0.8154   0.01085   0.00585  -0.1652
   1.750   0.8742   0.01026   0.00531  -0.1681
   2.000   0.9217   0.01004   0.00497  -0.1707
   2.250   0.9506   0.01029   0.00493  -0.1725
   2.500   0.9851   0.01041   0.00485  -0.1737
   2.750   1.0152   0.01062   0.00487  -0.1739
   3.000   1.0409   0.01090   0.00495  -0.1733
   3.250   1.0649   0.01122   0.00507  -0.1724
   3.500   1.0877   0.01156   0.00523  -0.1713
   3.750   1.1093   0.01192   0.00542  -0.1699
   4.000   1.1294   0.01232   0.00563  -0.1683
   4.250   1.1470   0.01279   0.00586  -0.1662
   4.500   1.1627   0.01331   0.00611  -0.1638
   4.750   1.1773   0.01388   0.00639  -0.1612
   5.000   1.1917   0.01446   0.00668  -0.1586
   5.250   1.2067   0.01502   0.00699  -0.1562
   5.500   1.2233   0.01555   0.00731  -0.1541
   5.750   1.2410   0.01606   0.00763  -0.1523
   6.000   1.2587   0.01660   0.00796  -0.1506
   6.250   1.2754   0.01722   0.00832  -0.1487
   6.500   1.2854   0.01786   0.00849  -0.1472
   6.750   1.3003   0.01920   0.00946  -0.1442
   7.000   1.3187   0.02102   0.01107  -0.1401
   7.250   1.3391   0.02296   0.01294  -0.1358
   8.250   1.3648   0.02519   0.01529  -0.1311
   8.500   1.3822   0.02722   0.01765  -0.1252
   8.750   1.3969   0.02918   0.01999  -0.1197
   9.250   1.4263   0.01111   0.00180  -0.1066
   9.500   1.4341   0.00637  -0.00297  -0.1000
   9.750   1.4189   0.03089   0.02209  -0.1064
  10.000   1.3718   0.10044   0.09312  -0.1325
  19.750   1.2842   0.23079   0.22626  -0.1850
