Smoothened XFOIL polar
 10-point moving average applied

   alpha    CL        CD       CDp       CM
  ------ -------- --------- --------- --------
 -17.250  -0.4042   0.20415   0.19983  -0.0034
 -17.000  -0.3792   0.20103   0.19675  -0.0075
 -16.000  -0.3745   0.19823   0.19392  -0.0091
 -15.750  -0.3826   0.19509   0.19074  -0.0091
 -15.250  -0.3961   0.19100   0.18659  -0.0085
 -15.000  -0.3984   0.18365   0.17921  -0.0094
 -14.250  -0.3966   0.17566   0.17123  -0.0105
 -12.750  -0.3859   0.16774   0.16333  -0.0124
 -12.500  -0.3885   0.16483   0.16041  -0.0104
 -12.250  -0.3905   0.15331   0.14932  -0.0134
 -11.750  -0.3376   0.13032   0.12620  -0.0249
 -10.500  -0.2689   0.10133   0.09660  -0.0388
  -4.750  -0.1640   0.06789   0.06234  -0.0570
  -3.250  -0.0472   0.03723   0.03081  -0.0753
  -3.000   0.0645   0.01489   0.00768  -0.0904
  -2.750   0.1544   0.00532  -0.00241  -0.0997
  -2.500   0.1946   0.00976   0.00189  -0.0995
  -2.250   0.2094   0.01272   0.00534  -0.0998
  -2.000   0.2430   0.01240   0.00529  -0.1018
  -1.750   0.2763   0.01177   0.00511  -0.1035
  -1.500   0.3076   0.01106   0.00493  -0.1046
  -1.250   0.3378   0.01039   0.00477  -0.1053
  -1.000   0.3669   0.00983   0.00460  -0.1057
  -0.750   0.3957   0.00942   0.00443  -0.1059
  -0.500   0.4243   0.00921   0.00425  -0.1060
  -0.250   0.4525   0.00921   0.00408  -0.1062
   0.000   0.4799   0.00920   0.00394  -0.1063
   0.250   0.5069   0.00918   0.00384  -0.1063
   0.500   0.5334   0.00917   0.00377  -0.1062
   0.750   0.5595   0.00919   0.00372  -0.1060
   1.000   0.5854   0.00921   0.00368  -0.1057
   1.250   0.6113   0.00925   0.00365  -0.1055
   1.500   0.6371   0.00929   0.00360  -0.1052
   1.750   0.6624   0.00933   0.00354  -0.1048
   2.000   0.6872   0.00939   0.00347  -0.1041
   2.250   0.7115   0.00948   0.00340  -0.1034
   2.500   0.7289   0.00954   0.00332  -0.1027
   2.750   0.7571   0.00974   0.00333  -0.1019
   3.000   0.7903   0.00992   0.00339  -0.1013
   3.250   0.8351   0.01027   0.00356  -0.1005
   4.250   0.8840   0.01096   0.00387  -0.0992
   4.500   0.9313   0.01199   0.00436  -0.0975
   5.250   0.9704   0.01322   0.00493  -0.0956
   5.500   0.9994   0.01441   0.00537  -0.0940
   5.750   1.0212   0.01522   0.00547  -0.0933
   6.000   1.0471   0.01648   0.00621  -0.0920
   6.500   1.0788   0.01876   0.00831  -0.0885
   7.250   1.1202   0.02254   0.01242  -0.0818
   8.250   1.1748   0.02832   0.01916  -0.0708
