Smoothened XFOIL polar
 10-point moving average applied

   alpha    CL        CD       CDp       CM
  ------ -------- --------- --------- --------
 -20.000  -0.6203   0.24796   0.23817   0.0151
 -19.750  -0.6046   0.24306   0.23333   0.0118
 -19.250  -0.5818   0.23569   0.22604   0.0076
 -17.500  -0.5540   0.22643   0.21687   0.0028
 -17.250  -0.5231   0.21587   0.20642  -0.0024
 -16.750  -0.4907   0.20424   0.19491  -0.0079
 -15.000  -0.4602   0.19307   0.18386  -0.0130
 -14.000  -0.4351   0.18280   0.17371  -0.0164
 -13.250  -0.4109   0.17298   0.16401  -0.0202
 -12.500  -0.3983   0.16546   0.15657  -0.0229
 -12.250  -0.3859   0.15924   0.15051  -0.0243
 -11.750  -0.3672   0.15243   0.14393  -0.0258
 -10.750  -0.3518   0.14537   0.13706  -0.0269
  -9.750  -0.3398   0.13833   0.13020  -0.0277
  -9.500  -0.3304   0.13088   0.12290  -0.0279
  -9.250  -0.3259   0.12488   0.11700  -0.0276
  -8.750  -0.3334   0.12122   0.11337  -0.0270
  -8.500  -0.3399   0.11843   0.11065  -0.0264
  -8.250  -0.3383   0.11459   0.10694  -0.0253
  -7.750  -0.3396   0.11177   0.10427  -0.0245
  -7.500  -0.3433   0.10961   0.10225  -0.0233
  -7.250  -0.3425   0.10714   0.09996  -0.0215
  -7.000  -0.3439   0.10467   0.09762  -0.0196
  -6.750  -0.3492   0.10230   0.09532  -0.0189
  -6.500  -0.3548   0.10009   0.09322  -0.0184
  -6.250  -0.3536   0.09752   0.09077  -0.0181
  -6.000  -0.3548   0.09437   0.08768  -0.0181
  -5.750  -0.3595   0.09132   0.08465  -0.0187
  -5.500  -0.3588   0.08826   0.08165  -0.0191
  -5.250  -0.3530   0.08498   0.07843  -0.0195
  -5.000  -0.3743   0.08411   0.07787  -0.0144
  -4.750  -0.3524   0.07846   0.07209  -0.0196
  -4.500  -0.2913   0.06971   0.06291  -0.0316
  -4.250  -0.2046   0.05871   0.05114  -0.0481
  -2.750  -0.1048   0.04739   0.03886  -0.0663
  -2.500  -0.0062   0.03735   0.02785  -0.0833
  -2.250   0.0769   0.03000   0.01968  -0.0960
  -2.000   0.1294   0.02669   0.01588  -0.1019
  -1.750   0.1346   0.02873   0.01785  -0.0976
  -1.500   0.1679   0.02792   0.01704  -0.0994
  -1.250   0.1983   0.02688   0.01636  -0.1002
  -1.000   0.2268   0.02574   0.01570  -0.1006
  -0.750   0.2525   0.02482   0.01526  -0.1005
  -0.500   0.2752   0.02428   0.01511  -0.1001
  -0.250   0.2957   0.02419   0.01520  -0.0995
   0.000   0.3143   0.02462   0.01555  -0.0990
   0.250   0.3326   0.02556   0.01613  -0.0989
   0.500   0.3555   0.02657   0.01687  -0.0999
   0.750   0.3728   0.02750   0.01769  -0.0999
   1.000   0.3906   0.02854   0.01860  -0.1001
   1.250   0.4133   0.02969   0.01969  -0.1014
   1.500   0.4415   0.03091   0.02088  -0.1038
   1.750   0.4761   0.03216   0.02212  -0.1073
   2.000   0.5167   0.03337   0.02333  -0.1118
   2.250   0.5605   0.03449   0.02446  -0.1167
   2.500   0.6042   0.03550   0.02546  -0.1214
   2.750   0.6443   0.03635   0.02629  -0.1250
   3.000   0.6836   0.03707   0.02699  -0.1283
   3.250   0.7228   0.03770   0.02762  -0.1313
   3.500   0.7560   0.03831   0.02824  -0.1336
   3.750   0.7961   0.03871   0.02868  -0.1358
   4.000   0.8408   0.03893   0.02896  -0.1379
   4.250   0.8883   0.03886   0.02899  -0.1396
   4.750   0.9381   0.03838   0.02863  -0.1410
   5.000   0.9894   0.03780   0.02823  -0.1424
   5.250   1.0433   0.03621   0.02680  -0.1431
   5.500   1.0923   0.03389   0.02453  -0.1423
   5.750   1.1311   0.03137   0.02198  -0.1401
   6.000   1.1686   0.02890   0.01943  -0.1369
   6.250   1.1957   0.02691   0.01731  -0.1325
   6.500   1.2100   0.02584   0.01590  -0.1268
   6.750   1.2112   0.02635   0.01579  -0.1205
   7.000   1.2033   0.02861   0.01728  -0.1145
   7.250   1.1933   0.03134   0.01919  -0.1085
   7.500   1.1792   0.03437   0.02147  -0.1024
   7.750   1.1753   0.03755   0.02411  -0.0977
   8.000   1.1892   0.04098   0.02737  -0.0949
   8.250   1.2204   0.04336   0.02978  -0.0947
   8.500   1.2630   0.04855   0.03546  -0.0943
   8.750   1.2945   0.05629   0.04389  -0.0914
   9.000   1.3178   0.06508   0.05355  -0.0878
  10.000   1.3491   0.06377   0.05303  -0.0781
  10.250   1.2729   0.07625   0.06656  -0.0689
  10.500   1.2267   0.10474   0.09584  -0.0780
  10.750   1.1465   0.14029   0.13205  -0.0906
  15.500   1.0573   0.18433   0.17648  -0.1121
  17.000   0.9690   0.22222   0.21470  -0.1286
  17.750   0.8904   0.24534   0.23814  -0.1328
  18.250   0.8306   0.24506   0.23824  -0.1173
