Smoothened XFOIL polar
 10-point moving average applied

   alpha    CL        CD       CDp       CM
  ------ -------- --------- --------- --------
 -15.750  -0.4598   0.19830   0.19347  -0.0126
 -15.500  -0.3821   0.19168   0.18715  -0.0194
 -15.000  -0.3517   0.18564   0.18123  -0.0221
 -14.500  -0.3540   0.18027   0.17585  -0.0221
 -14.250  -0.3742   0.17562   0.17112  -0.0205
 -14.000  -0.3859   0.17193   0.16738  -0.0195
 -13.750  -0.3900   0.17048   0.16590  -0.0190
 -13.500  -0.3921   0.16881   0.16419  -0.0195
 -13.250  -0.3748   0.16601   0.16141  -0.0225
 -13.000  -0.3734   0.15560   0.15111  -0.0236
 -11.500  -0.3619   0.13996   0.13573  -0.0249
  -9.500  -0.3662   0.12113   0.11716  -0.0245
  -6.250  -0.3702   0.10219   0.09849  -0.0234
  -5.750  -0.3606   0.08689   0.08372  -0.0257
  -5.500  -0.3231   0.07093   0.06759  -0.0354
  -5.250  -0.2567   0.05703   0.05300  -0.0518
  -4.750  -0.1623   0.04574   0.04076  -0.0721
  -4.000  -0.0687   0.03329   0.02733  -0.0904
  -3.750   0.0146   0.02311   0.01624  -0.1049
  -3.500   0.0786   0.01715   0.00960  -0.1134
  -3.250   0.1239   0.01590   0.00809  -0.1159
  -3.000   0.1502   0.01791   0.01033  -0.1163
  -2.750   0.1894   0.01707   0.00943  -0.1192
  -2.500   0.2293   0.01624   0.00859  -0.1222
  -2.250   0.2676   0.01563   0.00809  -0.1249
  -2.000   0.3060   0.01517   0.00777  -0.1278
  -1.750   0.3454   0.01465   0.00752  -0.1311
  -1.500   0.3824   0.01397   0.00732  -0.1337
  -1.250   0.4134   0.01327   0.00719  -0.1353
  -1.000   0.4492   0.01255   0.00699  -0.1369
  -0.750   0.4867   0.01193   0.00674  -0.1381
  -0.500   0.5263   0.01141   0.00644  -0.1393
   0.000   0.5667   0.01104   0.00610  -0.1404
   0.250   0.6082   0.01079   0.00576  -0.1420
   0.500   0.6423   0.01098   0.00585  -0.1442
   0.750   0.6818   0.01013   0.00497  -0.1452
   1.000   0.7242   0.00951   0.00428  -0.1457
   1.250   0.7738   0.00940   0.00407  -0.1466
   2.250   0.8245   0.00862   0.00313  -0.1463
   2.500   0.8750   0.00828   0.00261  -0.1458
   2.750   0.9179   0.00830   0.00248  -0.1456
   3.250   0.9581   0.00886   0.00284  -0.1449
   3.500   0.9883   0.00997   0.00366  -0.1439
   3.750   1.0234   0.01045   0.00374  -0.1418
   4.500   1.0566   0.01153   0.00439  -0.1399
   4.750   1.0846   0.01284   0.00524  -0.1381
   5.000   1.1072   0.01336   0.00521  -0.1355
   5.250   1.1250   0.01439   0.00562  -0.1334
   5.500   1.1344   0.01538   0.00604  -0.1320
   5.750   1.1508   0.01668   0.00681  -0.1300
   6.000   1.1666   0.01818   0.00783  -0.1277
   6.250   1.1847   0.01978   0.00919  -0.1249
   6.750   1.2064   0.02145   0.01095  -0.1218
   7.000   1.2329   0.02313   0.01316  -0.1182
