Smoothened XFOIL polar
 10-point moving average applied

   alpha    CL        CD       CDp       CM
  ------ -------- --------- --------- --------
 -20.000  -0.4173   0.22724   0.22111  -0.0088
 -18.500  -0.4939   0.22916   0.22257  -0.0032
 -18.250  -0.5306   0.22819   0.22137  -0.0015
 -18.000  -0.5352   0.22421   0.21735  -0.0029
 -17.250  -0.5155   0.21713   0.21038  -0.0063
 -16.750  -0.4724   0.20509   0.19855  -0.0110
 -14.500  -0.4368   0.19202   0.18566  -0.0152
 -14.000  -0.3967   0.17637   0.17020  -0.0186
 -12.250  -0.3617   0.16173   0.15577  -0.0213
 -12.000  -0.3450   0.14983   0.14400  -0.0235
 -10.750  -0.3405   0.14389   0.13815  -0.0248
 -10.250  -0.3440   0.13754   0.13188  -0.0257
 -10.000  -0.3535   0.13463   0.12896  -0.0260
  -9.500  -0.3563   0.12894   0.12333  -0.0253
  -9.250  -0.3598   0.12348   0.11796  -0.0232
  -9.000  -0.3583   0.11550   0.11012  -0.0195
  -6.750  -0.3583   0.10839   0.10318  -0.0153
  -6.250  -0.3647   0.10127   0.09622  -0.0123
  -6.000  -0.3676   0.09589   0.09101  -0.0095
  -5.750  -0.3717   0.09156   0.08682  -0.0088
  -5.000  -0.3619   0.08838   0.08365  -0.0128
  -4.750  -0.3481   0.08335   0.07868  -0.0172
  -4.000  -0.3274   0.07777   0.07315  -0.0225
  -3.750  -0.3032   0.07262   0.06801  -0.0283
  -3.250  -0.2992   0.07011   0.06579  -0.0304
  -3.000  -0.2412   0.06408   0.05950  -0.0413
  -2.750  -0.1508   0.05682   0.05161  -0.0562
  -2.250  -0.0281   0.04805   0.04193  -0.0747
  -1.000   0.1107   0.03951   0.03232  -0.0956
  -0.750   0.2429   0.03212   0.02392  -0.1129
  -0.250   0.3526   0.02696   0.01804  -0.1258
   0.000   0.4236   0.02514   0.01574  -0.1325
   0.250   0.4451   0.02648   0.01760  -0.1311
   0.500   0.4896   0.02569   0.01732  -0.1339
   0.750   0.5273   0.02493   0.01723  -0.1362
   1.000   0.5693   0.02406   0.01696  -0.1388
   1.250   0.6077   0.02331   0.01668  -0.1411
   1.500   0.6481   0.02268   0.01627  -0.1433
   1.750   0.6990   0.02203   0.01560  -0.1459
   2.000   0.7600   0.02138   0.01460  -0.1492
   2.500   0.8257   0.02030   0.01345  -0.1526
   3.000   0.8933   0.01910   0.01220  -0.1563
   3.250   0.9581   0.01794   0.01101  -0.1599
   3.500   1.0156   0.01700   0.01003  -0.1632
   3.750   1.0611   0.01644   0.00943  -0.1659
   4.000   1.0990   0.01619   0.00911  -0.1676
   4.250   1.1327   0.01615   0.00886  -0.1680
   4.500   1.1598   0.01633   0.00872  -0.1671
   4.750   1.1810   0.01669   0.00870  -0.1651
   5.000   1.1978   0.01719   0.00878  -0.1624
   5.250   1.2120   0.01779   0.00895  -0.1594
   5.500   1.2257   0.01846   0.00924  -0.1565
   5.750   1.2402   0.01922   0.00968  -0.1540
   6.000   1.2552   0.01999   0.01017  -0.1516
   6.250   1.2676   0.02108   0.01082  -0.1489
   6.500   1.2784   0.02246   0.01171  -0.1460
   6.750   1.2888   0.02405   0.01282  -0.1430
   7.000   1.2993   0.02574   0.01412  -0.1400
   7.250   1.3102   0.02744   0.01559  -0.1371
   7.500   1.3213   0.02907   0.01719  -0.1340
   7.750   1.3220   0.02965   0.01780  -0.1301
   8.000   1.3367   0.03139   0.01981  -0.1273
   8.250   1.3940   0.02053   0.00908  -0.1205
   8.500   1.4370   0.02040   0.00937  -0.1173
   9.000   1.4412   0.04228   0.03224  -0.1213
   9.250   1.3809   0.09736   0.08913  -0.1360
  15.500   1.2310   0.19684   0.19145  -0.1650
