Smoothened XFOIL polar
 10-point moving average applied

   alpha    CL        CD       CDp       CM
  ------ -------- --------- --------- --------
 -11.500  -0.3279   0.14546   0.14149  -0.0264
 -11.250  -0.3538   0.13356   0.13011  -0.0203
  -9.500  -0.3019   0.10912   0.10530  -0.0300
  -7.500  -0.1986   0.07789   0.07316  -0.0498
  -3.750  -0.0703   0.04564   0.03975  -0.0740
  -3.500   0.0373   0.02206   0.01532  -0.0930
  -3.250   0.1276   0.00887   0.00149  -0.1074
  -3.000   0.1888   0.00554  -0.00206  -0.1148
  -2.750   0.1950   0.01245   0.00529  -0.1103
  -2.500   0.2299   0.01220   0.00516  -0.1125
  -2.250   0.2644   0.01180   0.00487  -0.1145
  -2.000   0.3000   0.01137   0.00459  -0.1168
  -1.750   0.3326   0.01081   0.00436  -0.1184
  -1.500   0.3608   0.01019   0.00423  -0.1195
  -1.250   0.3910   0.00954   0.00409  -0.1199
  -1.000   0.4237   0.00894   0.00392  -0.1202
  -0.750   0.4576   0.00844   0.00374  -0.1202
  -0.250   0.4922   0.00812   0.00354  -0.1202
   0.000   0.5265   0.00800   0.00337  -0.1203
   0.250   0.5602   0.00803   0.00322  -0.1208
   0.500   0.5894   0.00805   0.00316  -0.1209
   0.750   0.6136   0.00808   0.00314  -0.1209
   1.000   0.6401   0.00811   0.00310  -0.1208
   1.250   0.6663   0.00815   0.00306  -0.1206
   1.500   0.6920   0.00821   0.00302  -0.1203
   1.750   0.7171   0.00829   0.00296  -0.1198
   2.000   0.7418   0.00841   0.00291  -0.1192
   2.250   0.7660   0.00857   0.00289  -0.1185
   2.500   0.7902   0.00875   0.00291  -0.1179
   2.750   0.8098   0.00891   0.00292  -0.1173
   3.000   0.8371   0.00916   0.00301  -0.1168
   3.250   0.8702   0.00946   0.00317  -0.1163
   3.500   0.9061   0.00981   0.00336  -0.1157
   4.250   0.9416   0.01025   0.00358  -0.1148
   4.500   0.9741   0.01086   0.00384  -0.1137
   4.750   1.0012   0.01167   0.00419  -0.1123
   5.000   1.0214   0.01264   0.00462  -0.1108
   5.250   1.0334   0.01365   0.00507  -0.1094
   5.500   1.0504   0.01472   0.00558  -0.1081
   5.750   1.0673   0.01561   0.00600  -0.1071
   6.000   1.0889   0.01647   0.00658  -0.1061
   6.250   1.1133   0.01735   0.00737  -0.1047
   6.500   1.1371   0.01845   0.00854  -0.1028
   7.000   1.1608   0.01985   0.01012  -0.1003
   7.250   1.1808   0.02156   0.01204  -0.0973
   7.500   1.1948   0.02360   0.01428  -0.0940
   7.750   1.2005   0.02603   0.01683  -0.0903
