Smoothened XFOIL polar
 10-point moving average applied

   alpha    CL        CD       CDp       CM
  ------ -------- --------- --------- --------
 -18.750  -0.5990   0.22939   0.22257   0.0187
 -18.000  -0.5828   0.22566   0.21885   0.0149
 -17.750  -0.5654   0.22100   0.21420   0.0109
 -17.500  -0.5477   0.21567   0.20889   0.0069
 -16.500  -0.5302   0.20997   0.20322   0.0033
 -16.250  -0.5151   0.20456   0.19785   0.0006
 -15.750  -0.4998   0.19863   0.19195  -0.0018
 -15.500  -0.4946   0.19259   0.18591  -0.0021
 -15.250  -0.4740   0.19025   0.18366  -0.0049
 -15.000  -0.4555   0.18739   0.18087  -0.0076
 -14.750  -0.4435   0.18618   0.17969  -0.0102
 -14.500  -0.4447   0.18544   0.17894  -0.0123
 -14.250  -0.4356   0.18366   0.17720  -0.0146
 -14.000  -0.4143   0.18116   0.17479  -0.0174
 -13.750  -0.4025   0.17748   0.17116  -0.0183
 -13.500  -0.3985   0.17211   0.16579  -0.0176
 -13.250  -0.3803   0.16785   0.16160  -0.0195
 -13.000  -0.3799   0.16421   0.15797  -0.0205
 -12.500  -0.3862   0.16050   0.15423  -0.0209
 -12.250  -0.4011   0.15758   0.15125  -0.0207
 -12.000  -0.3971   0.15357   0.14726  -0.0213
 -11.750  -0.3838   0.15098   0.14473  -0.0225
 -11.500  -0.3781   0.14745   0.14124  -0.0233
 -11.250  -0.3680   0.14186   0.13571  -0.0242
 -11.000  -0.3578   0.13549   0.12942  -0.0257
  -9.750  -0.3497   0.12875   0.12280  -0.0280
  -9.250  -0.3432   0.12102   0.11523  -0.0273
  -8.500  -0.3395   0.11105   0.10546  -0.0280
  -7.750  -0.3415   0.10102   0.09567  -0.0275
  -7.000  -0.3462   0.09226   0.08713  -0.0274
  -5.500  -0.3479   0.08396   0.07900  -0.0300
  -5.250  -0.3379   0.07551   0.07062  -0.0339
  -4.750  -0.3241   0.06875   0.06393  -0.0378
  -4.500  -0.3058   0.06315   0.05851  -0.0423
  -4.000  -0.2604   0.05597   0.05088  -0.0483
  -3.750  -0.1981   0.04644   0.04057  -0.0576
  -3.500  -0.1319   0.03759   0.03076  -0.0653
  -3.000  -0.0653   0.02962   0.02182  -0.0725
  -2.750  -0.0068   0.02399   0.01531  -0.0783
  -2.500   0.0412   0.02044   0.01116  -0.0820
  -2.250   0.0717   0.02013   0.01073  -0.0827
  -2.000   0.0938   0.02145   0.01225  -0.0835
  -1.750   0.1340   0.02072   0.01175  -0.0868
  -1.500   0.1764   0.01987   0.01141  -0.0904
  -1.250   0.2196   0.01913   0.01128  -0.0942
  -1.000   0.2625   0.01849   0.01122  -0.0979
  -0.750   0.3026   0.01805   0.01120  -0.1010
  -0.500   0.3416   0.01785   0.01117  -0.1038
  -0.250   0.3806   0.01791   0.01116  -0.1067
   0.000   0.4200   0.01820   0.01113  -0.1097
   0.250   0.4593   0.01831   0.01113  -0.1127
   0.500   0.4975   0.01834   0.01109  -0.1153
   0.750   0.5356   0.01831   0.01103  -0.1178
   1.000   0.5735   0.01823   0.01092  -0.1201
   1.250   0.6116   0.01807   0.01076  -0.1223
   1.500   0.6484   0.01790   0.01058  -0.1241
   1.750   0.6837   0.01772   0.01038  -0.1256
   2.000   0.7176   0.01752   0.01017  -0.1266
   2.250   0.7471   0.01736   0.00999  -0.1273
   2.500   0.7779   0.01719   0.00981  -0.1278
   2.750   0.8157   0.01693   0.00953  -0.1280
   3.000   0.8485   0.01653   0.00919  -0.1286
   3.500   0.8965   0.01616   0.00873  -0.1276
   4.000   0.9554   0.01605   0.00833  -0.1247
   4.250   1.0172   0.01625   0.00802  -0.1205
   5.750   1.0725   0.01703   0.00804  -0.1156
   6.250   1.1127   0.01857   0.00863  -0.1104
   6.500   1.1405   0.02064   0.00980  -0.1054
   6.750   1.1550   0.02266   0.01114  -0.1015
   7.000   1.1508   0.02492   0.01309  -0.0982
   7.250   1.1560   0.02741   0.01548  -0.0944
   7.500   1.1683   0.03045   0.01859  -0.0909
   8.000   1.1927   0.03421   0.02256  -0.0877
   8.250   1.2341   0.03888   0.02756  -0.0852
