Smoothened XFOIL polar
 10-point moving average applied

   alpha    CL        CD       CDp       CM
  ------ -------- --------- --------- --------
 -20.000  -0.6120   0.24608   0.23613   0.0088
 -19.500  -0.4860   0.23886   0.22977  -0.0043
 -19.250  -0.4229   0.23241   0.22374  -0.0112
 -19.000  -0.4069   0.22673   0.21813  -0.0136
 -18.250  -0.4221   0.22180   0.21305  -0.0129
 -17.500  -0.4480   0.21787   0.20888  -0.0113
 -17.000  -0.4672   0.21411   0.20495  -0.0096
 -16.750  -0.4786   0.21283   0.20358  -0.0095
 -16.500  -0.4597   0.20992   0.20081  -0.0118
 -16.000  -0.4238   0.20385   0.19498  -0.0154
 -15.750  -0.4049   0.19584   0.18709  -0.0178
 -14.000  -0.3948   0.18582   0.17710  -0.0196
 -13.500  -0.3833   0.17673   0.16808  -0.0210
 -12.750  -0.3831   0.16815   0.15947  -0.0211
 -12.500  -0.3670   0.16126   0.15272  -0.0226
 -12.250  -0.3758   0.15865   0.15006  -0.0224
 -11.750  -0.3612   0.15520   0.14676  -0.0232
 -11.500  -0.3589   0.15163   0.14329  -0.0236
 -11.250  -0.3561   0.14662   0.13836  -0.0235
 -10.250  -0.3613   0.14150   0.13330  -0.0233
 -10.000  -0.3490   0.13768   0.12965  -0.0232
  -9.750  -0.3434   0.13340   0.12549  -0.0228
  -9.250  -0.3399   0.12925   0.12143  -0.0223
  -9.000  -0.3385   0.12531   0.11754  -0.0214
  -8.500  -0.3338   0.12169   0.11405  -0.0206
  -8.000  -0.3338   0.11819   0.11065  -0.0197
  -7.750  -0.3333   0.11471   0.10723  -0.0185
  -7.500  -0.3409   0.11232   0.10491  -0.0175
  -7.250  -0.3388   0.11044   0.10313  -0.0163
  -7.000  -0.3427   0.10901   0.10179  -0.0150
  -6.750  -0.3457   0.10714   0.10000  -0.0135
  -6.500  -0.3493   0.10557   0.09852  -0.0121
  -6.250  -0.3528   0.10365   0.09670  -0.0104
  -6.000  -0.3541   0.10120   0.09434  -0.0092
  -5.750  -0.3560   0.09852   0.09174  -0.0085
  -5.250  -0.3553   0.09617   0.08953  -0.0073
  -5.000  -0.3525   0.09368   0.08716  -0.0065
  -4.750  -0.3509   0.09151   0.08509  -0.0066
  -4.500  -0.3447   0.08841   0.08208  -0.0076
  -4.250  -0.3649   0.08728   0.08123  -0.0020
  -3.750  -0.3352   0.08150   0.07546  -0.0072
  -3.000  -0.2643   0.07247   0.06613  -0.0217
  -2.750  -0.1633   0.06166   0.05468  -0.0421
  -1.250  -0.0454   0.05109   0.04332  -0.0639
  -1.000   0.0673   0.04208   0.03341  -0.0847
  -0.750   0.1600   0.03576   0.02621  -0.1010
  -0.500   0.2185   0.03241   0.02224  -0.1087
  -0.250   0.2218   0.03382   0.02343  -0.1036
   0.000   0.2468   0.03342   0.02279  -0.1039
   0.250   0.2703   0.03323   0.02242  -0.1039
   0.500   0.2935   0.03345   0.02226  -0.1041
   0.750   0.3158   0.03340   0.02227  -0.1040
   1.000   0.3350   0.03319   0.02250  -0.1034
   1.250   0.3568   0.03313   0.02304  -0.1035
   1.500   0.3845   0.03332   0.02386  -0.1048
   1.750   0.4190   0.03382   0.02489  -0.1075
   2.000   0.4602   0.03465   0.02601  -0.1114
   2.250   0.5067   0.03578   0.02711  -0.1164
   2.500   0.5565   0.03716   0.02806  -0.1218
   2.750   0.6065   0.03797   0.02867  -0.1267
   3.000   0.6427   0.03868   0.02928  -0.1301
   3.250   0.6940   0.03900   0.02953  -0.1339
   3.500   0.7566   0.03881   0.02931  -0.1378
   3.750   0.8315   0.03784   0.02837  -0.1420
   4.500   0.9158   0.03607   0.02669  -0.1466
   4.750   1.0037   0.03396   0.02471  -0.1516
   5.000   1.0864   0.03155   0.02240  -0.1558
   5.250   1.1509   0.02929   0.02009  -0.1578
   5.500   1.1881   0.02774   0.01836  -0.1571
   5.750   1.2198   0.02677   0.01711  -0.1550
   6.000   1.2398   0.02650   0.01651  -0.1514
   6.250   1.2524   0.02667   0.01635  -0.1472
   6.500   1.2634   0.02698   0.01647  -0.1435
   6.750   1.2724   0.02785   0.01722  -0.1395
   7.000   1.2782   0.02924   0.01830  -0.1348
   7.250   1.2797   0.03123   0.01981  -0.1293
   7.750   1.2787   0.03381   0.02185  -0.1237
   8.000   1.2771   0.03680   0.02433  -0.1185
   8.250   1.2678   0.03924   0.02630  -0.1133
   8.500   1.2748   0.04245   0.02942  -0.1100
   8.750   1.3036   0.04656   0.03385  -0.1097
   9.000   1.3423   0.05146   0.03936  -0.1096
   9.250   1.3819   0.05711   0.04572  -0.1096
   9.500   1.4555   0.05059   0.03977  -0.1036
   9.750   1.4473   0.06481   0.05493  -0.1050
  10.000   1.3726   0.09329   0.08448  -0.1117
  10.250   1.2230   0.12711   0.11938  -0.1180
  14.500   1.0615   0.17388   0.16731  -0.1327
  14.750   0.9647   0.21661   0.21074  -0.1507
  15.000   0.9901   0.24678   0.24087  -0.1708
  18.250   1.1956   0.25590   0.24887  -0.1919
