Smoothened XFOIL polar
 10-point moving average applied

   alpha    CL        CD       CDp       CM
  ------ -------- --------- --------- --------
 -20.000  -0.4708   0.23106   0.22273   0.0101
 -19.750  -0.6026   0.24117   0.23217   0.0267
 -19.500  -0.6417   0.24206   0.23283   0.0312
 -18.750  -0.6175   0.23678   0.22764   0.0273
 -18.500  -0.5591   0.22842   0.21952   0.0189
 -18.250  -0.5211   0.22282   0.21407   0.0126
 -18.000  -0.4907   0.21933   0.21072   0.0076
 -17.750  -0.4960   0.21827   0.20961   0.0079
 -17.500  -0.4719   0.21466   0.20609   0.0036
 -17.250  -0.4915   0.21330   0.20460   0.0057
 -16.750  -0.5375   0.21430   0.20534   0.0110
 -16.500  -0.5501   0.21217   0.20311   0.0120
 -16.250  -0.5536   0.20822   0.19911   0.0121
 -16.000  -0.5510   0.20630   0.19719   0.0114
 -15.750  -0.5115   0.20243   0.19350   0.0058
 -15.500  -0.4944   0.19942   0.19057   0.0030
 -15.250  -0.4825   0.19602   0.18722   0.0012
 -15.000  -0.4760   0.19251   0.18372   0.0003
 -14.750  -0.4782   0.19073   0.18192  -0.0004
 -14.500  -0.4857   0.18850   0.17965  -0.0002
 -14.250  -0.4980   0.18576   0.17683   0.0011
 -14.000  -0.4771   0.18218   0.17334  -0.0017
 -13.750  -0.4695   0.17928   0.17048  -0.0031
 -13.500  -0.4691   0.17664   0.16783  -0.0038
 -13.250  -0.4499   0.17329   0.16459  -0.0061
 -13.000  -0.4329   0.16938   0.16077  -0.0081
 -12.750  -0.4192   0.16568   0.15714  -0.0101
 -12.250  -0.4096   0.16213   0.15365  -0.0117
 -12.000  -0.4012   0.15787   0.14943  -0.0127
 -11.750  -0.4015   0.15403   0.14559  -0.0136
 -11.500  -0.3958   0.14995   0.14158  -0.0152
 -11.000  -0.4001   0.14611   0.13775  -0.0162
 -10.500  -0.3807   0.14200   0.13378  -0.0191
 -10.000  -0.3662   0.13640   0.12835  -0.0216
  -9.750  -0.3467   0.12970   0.12187  -0.0236
  -9.250  -0.3325   0.12287   0.11521  -0.0246
  -8.250  -0.3272   0.11627   0.10874  -0.0248
  -8.000  -0.3311   0.11048   0.10301  -0.0244
  -7.750  -0.3292   0.10600   0.09869  -0.0241
  -7.500  -0.3404   0.10276   0.09554  -0.0229
  -7.250  -0.3475   0.10137   0.09421  -0.0218
  -6.750  -0.3540   0.09784   0.09084  -0.0210
  -6.500  -0.3535   0.09274   0.08595  -0.0203
  -6.250  -0.3686   0.08901   0.08261  -0.0157
  -5.000  -0.3632   0.08181   0.07551  -0.0174
  -4.750  -0.3333   0.07150   0.06490  -0.0238
  -4.500  -0.2812   0.05986   0.05261  -0.0335
  -3.500  -0.2170   0.04802   0.03970  -0.0448
  -3.250  -0.1490   0.03855   0.02906  -0.0558
  -3.000  -0.0872   0.03030   0.01989  -0.0642
  -2.750  -0.0415   0.02569   0.01472  -0.0681
  -2.500  -0.0231   0.02611   0.01513  -0.0652
  -2.250   0.0033   0.02533   0.01437  -0.0653
  -2.000   0.0280   0.02491   0.01406  -0.0660
  -1.750   0.0542   0.02423   0.01365  -0.0661
  -1.500   0.0827   0.02322   0.01291  -0.0659
  -1.250   0.1109   0.02238   0.01241  -0.0655
  -0.750   0.1374   0.02189   0.01223  -0.0650
  -0.500   0.1620   0.02177   0.01228  -0.0645
  -0.250   0.1841   0.02208   0.01258  -0.0641
   0.000   0.2008   0.02281   0.01312  -0.0636
   0.250   0.2184   0.02379   0.01383  -0.0642
   0.500   0.2429   0.02470   0.01462  -0.0658
   0.750   0.2736   0.02570   0.01551  -0.0686
   1.000   0.3119   0.02675   0.01647  -0.0727
   1.250   0.3546   0.02781   0.01746  -0.0777
   1.500   0.4008   0.02884   0.01843  -0.0831
   1.750   0.4447   0.02980   0.01937  -0.0879
   2.000   0.4837   0.03066   0.02021  -0.0916
   2.250   0.5195   0.03150   0.02105  -0.0945
   2.500   0.5551   0.03232   0.02188  -0.0973
   2.750   0.5878   0.03313   0.02271  -0.0995
   3.000   0.6217   0.03389   0.02349  -0.1016
   3.250   0.6529   0.03466   0.02429  -0.1032
   3.500   0.6851   0.03539   0.02506  -0.1048
   3.750   0.7125   0.03608   0.02579  -0.1059
   4.000   0.7289   0.03786   0.02760  -0.1081
   4.250   0.7747   0.03817   0.02806  -0.1087
   4.500   0.8429   0.03692   0.02701  -0.1077
   5.000   0.9194   0.03441   0.02464  -0.1044
   6.250   0.9958   0.03110   0.02140  -0.0993
   6.500   1.0580   0.02795   0.01807  -0.0927
   6.750   1.0980   0.02590   0.01554  -0.0857
   7.000   1.1066   0.02587   0.01478  -0.0794
   7.250   1.0849   0.02867   0.01673  -0.0749
   7.500   1.0771   0.03146   0.01877  -0.0704
   7.750   1.0796   0.03381   0.02046  -0.0676
   8.000   1.0930   0.03777   0.02411  -0.0646
   8.250   1.1214   0.04321   0.02983  -0.0619
   8.500   1.1842   0.04123   0.02831  -0.0542
   9.250   1.1815   0.05764   0.04571  -0.0522
   9.750   1.1292   0.08665   0.07599  -0.0546
  10.250   1.0390   0.12237   0.11298  -0.0601
  15.250   0.9045   0.16493   0.15665  -0.0699
  15.500   0.7917   0.19961   0.19209  -0.0792
  16.000   0.7369   0.21757   0.21027  -0.0854
  16.250   0.7763   0.20997   0.20220  -0.0862
