Smoothened XFOIL polar
 10-point moving average applied

   alpha    CL        CD       CDp       CM
  ------ -------- --------- --------- --------
 -13.750  -0.3806   0.17789   0.17406  -0.0204
 -12.250  -0.3626   0.14654   0.14282  -0.0215
 -10.000  -0.3554   0.12566   0.12207  -0.0200
  -8.000  -0.3551   0.11287   0.10942  -0.0172
  -7.500  -0.3580   0.10577   0.10244  -0.0147
  -7.250  -0.3545   0.10067   0.09745  -0.0160
  -6.750  -0.3545   0.09697   0.09376  -0.0187
  -6.500  -0.3488   0.09334   0.09011  -0.0250
  -6.000  -0.3258   0.08800   0.08477  -0.0313
  -5.750  -0.2970   0.08330   0.08010  -0.0363
  -5.250  -0.2562   0.07732   0.07409  -0.0442
  -5.000  -0.2167   0.07148   0.06823  -0.0521
  -4.750  -0.1802   0.06668   0.06341  -0.0606
  -4.250  -0.1338   0.06075   0.05743  -0.0716
  -4.000  -0.1073   0.05623   0.05306  -0.0814
  -3.750  -0.0283   0.04869   0.04519  -0.0959
  -3.250   0.0792   0.04033   0.03618  -0.1111
  -3.000   0.1955   0.03261   0.02763  -0.1245
  -1.250   0.3272   0.02438   0.01856  -0.1395
  -1.000   0.4403   0.01809   0.01148  -0.1505
  -0.750   0.5385   0.01429   0.00726  -0.1573
  -0.250   0.6168   0.01230   0.00533  -0.1618
   0.000   0.6546   0.01280   0.00651  -0.1624
   0.750   0.7190   0.01149   0.00571  -0.1657
   1.000   0.7765   0.01038   0.00513  -0.1684
   1.250   0.8247   0.00956   0.00471  -0.1709
   1.500   0.8691   0.00901   0.00439  -0.1734
   1.750   0.9010   0.00893   0.00425  -0.1750
   2.000   0.9392   0.00890   0.00407  -0.1770
   2.250   0.9749   0.00904   0.00398  -0.1786
   2.500   1.0057   0.00928   0.00401  -0.1792
   2.750   1.0328   0.00953   0.00409  -0.1790
   3.000   1.0570   0.00981   0.00420  -0.1782
   3.250   1.0786   0.01015   0.00434  -0.1768
   3.500   1.0971   0.01061   0.00452  -0.1748
   3.750   1.1133   0.01115   0.00474  -0.1724
   4.000   1.1281   0.01176   0.00499  -0.1698
   4.250   1.1413   0.01232   0.00523  -0.1674
   4.500   1.1581   0.01295   0.00552  -0.1650
   4.750   1.1781   0.01366   0.00586  -0.1627
   5.000   1.1997   0.01450   0.00628  -0.1606
   5.500   1.2199   0.01562   0.00688  -0.1582
   5.750   1.2382   0.01691   0.00763  -0.1556
   6.000   1.2554   0.01820   0.00846  -0.1530
   6.250   1.2715   0.01935   0.00931  -0.1506
   6.500   1.2869   0.02023   0.01011  -0.1487
   6.750   1.3067   0.02133   0.01127  -0.1470
   7.000   1.3224   0.02154   0.01170  -0.1444
   7.250   1.3378   0.02190   0.01229  -0.1419
   7.500   1.3521   0.02242   0.01304  -0.1391
   7.750   1.3655   0.02328   0.01407  -0.1363
   8.000   1.3777   0.02466   0.01549  -0.1335
