Smoothened XFOIL polar
 10-point moving average applied

   alpha    CL        CD       CDp       CM
  ------ -------- --------- --------- --------
 -15.000  -0.4147   0.18759   0.18247  -0.0132
 -14.500  -0.4012   0.17988   0.17486  -0.0177
 -13.500  -0.3945   0.17306   0.16807  -0.0202
 -13.000  -0.3920   0.16658   0.16157  -0.0212
 -12.750  -0.3910   0.15986   0.15481  -0.0211
 -12.250  -0.3897   0.15037   0.14533  -0.0208
 -12.000  -0.3768   0.14237   0.13745  -0.0216
 -10.000  -0.3678   0.13302   0.12824  -0.0217
  -9.250  -0.3597   0.12421   0.11955  -0.0217
  -9.000  -0.3565   0.11822   0.11364  -0.0219
  -8.500  -0.3504   0.11306   0.10857  -0.0211
  -8.250  -0.3436   0.11095   0.10656  -0.0194
  -8.000  -0.3372   0.10743   0.10313  -0.0160
  -7.000  -0.3391   0.10391   0.09971  -0.0143
  -6.750  -0.3506   0.10130   0.09719  -0.0147
  -6.500  -0.3626   0.09806   0.09402  -0.0155
  -6.000  -0.3746   0.09500   0.09102  -0.0164
  -5.750  -0.3845   0.09243   0.08846  -0.0172
  -5.500  -0.3883   0.08965   0.08572  -0.0165
  -5.250  -0.3869   0.08753   0.08367  -0.0137
  -5.000  -0.3738   0.08473   0.08089  -0.0137
  -4.750  -0.3538   0.08142   0.07757  -0.0181
  -4.500  -0.3310   0.07814   0.07428  -0.0239
  -4.250  -0.2980   0.07410   0.07024  -0.0315
  -4.000  -0.2782   0.07114   0.06748  -0.0395
  -3.750  -0.2001   0.06405   0.06009  -0.0554
  -3.250  -0.0897   0.05477   0.05014  -0.0744
  -3.000   0.0456   0.04477   0.03922  -0.0937
  -1.250   0.1958   0.03452   0.02796  -0.1151
  -1.000   0.3333   0.02612   0.01865  -0.1323
  -0.500   0.4373   0.02103   0.01296  -0.1422
  -0.250   0.5036   0.01903   0.01069  -0.1461
   0.000   0.5234   0.02056   0.01251  -0.1454
   0.250   0.5664   0.01976   0.01209  -0.1480
   0.500   0.6025   0.01888   0.01176  -0.1500
   0.750   0.6375   0.01791   0.01139  -0.1516
   1.000   0.6747   0.01687   0.01091  -0.1532
   1.250   0.7215   0.01578   0.01020  -0.1550
   1.500   0.7762   0.01477   0.00936  -0.1572
   2.000   0.8374   0.01394   0.00839  -0.1602
   2.500   0.9019   0.01325   0.00749  -0.1641
   2.750   0.9622   0.01267   0.00679  -0.1677
   3.000   1.0147   0.01231   0.00630  -0.1708
   3.250   1.0536   0.01225   0.00613  -0.1729
   3.500   1.0851   0.01238   0.00611  -0.1739
   3.750   1.1133   0.01264   0.00613  -0.1737
   4.000   1.1355   0.01305   0.00622  -0.1723
   4.250   1.1533   0.01358   0.00638  -0.1700
   4.500   1.1687   0.01418   0.00658  -0.1673
   4.750   1.1829   0.01483   0.00682  -0.1645
   5.000   1.1970   0.01549   0.00710  -0.1618
   5.250   1.2123   0.01615   0.00743  -0.1595
   5.500   1.2277   0.01691   0.00784  -0.1573
   5.750   1.2421   0.01781   0.00833  -0.1549
   6.000   1.2544   0.01901   0.00902  -0.1523
   6.250   1.2661   0.02036   0.00990  -0.1496
   6.500   1.2783   0.02176   0.01091  -0.1469
   6.750   1.2918   0.02309   0.01201  -0.1443
   7.000   1.3067   0.02429   0.01315  -0.1418
   7.250   1.3224   0.02536   0.01435  -0.1394
   7.500   1.3378   0.02639   0.01562  -0.1369
   7.750   1.3509   0.02758   0.01706  -0.1340
   8.000   1.3600   0.02905   0.01874  -0.1306
   8.250   1.3639   0.03092   0.02071  -0.1264
