Smoothened XFOIL polar
 10-point moving average applied

   alpha    CL        CD       CDp       CM
  ------ -------- --------- --------- --------
 -18.250  -0.3876   0.21058   0.20552  -0.0150
 -17.250  -0.4770   0.21888   0.21343  -0.0090
 -17.000  -0.5156   0.21981   0.21417  -0.0070
 -16.750  -0.5163   0.21493   0.20928  -0.0081
 -16.500  -0.4918   0.20583   0.20026  -0.0113
 -16.250  -0.4578   0.19548   0.19005  -0.0159
 -13.000  -0.4364   0.18234   0.17699  -0.0193
 -12.750  -0.4057   0.16940   0.16417  -0.0225
 -12.500  -0.3801   0.15930   0.15416  -0.0246
 -11.750  -0.3602   0.15007   0.14501  -0.0259
 -11.500  -0.3606   0.14457   0.13961  -0.0256
 -11.000  -0.3556   0.13311   0.12829  -0.0255
  -8.750  -0.3568   0.12109   0.11644  -0.0241
  -7.750  -0.3678   0.11214   0.10765  -0.0209
  -7.500  -0.3828   0.10261   0.09827  -0.0179
  -6.750  -0.3833   0.09422   0.09006  -0.0169
  -6.500  -0.3813   0.08758   0.08352  -0.0181
  -5.500  -0.3582   0.07881   0.07480  -0.0243
  -4.750  -0.3449   0.07170   0.06798  -0.0316
  -4.500  -0.2756   0.06183   0.05784  -0.0478
  -4.000  -0.1713   0.05096   0.04633  -0.0677
  -3.750  -0.0510   0.04189   0.03636  -0.0874
  -2.500   0.0692   0.03358   0.02707  -0.1058
  -2.250   0.1782   0.02636   0.01894  -0.1208
  -2.000   0.2614   0.02175   0.01367  -0.1305
  -1.750   0.3183   0.01974   0.01137  -0.1356
  -1.500   0.3372   0.02111   0.01287  -0.1351
  -1.250   0.3799   0.02053   0.01222  -0.1385
  -1.000   0.4253   0.01998   0.01177  -0.1427
  -0.750   0.4678   0.01925   0.01144  -0.1462
  -0.500   0.5076   0.01845   0.01118  -0.1490
  -0.250   0.5418   0.01768   0.01103  -0.1511
   0.000   0.5796   0.01695   0.01089  -0.1530
   0.250   0.6191   0.01637   0.01071  -0.1545
   0.500   0.6603   0.01597   0.01042  -0.1558
   1.000   0.7018   0.01562   0.01001  -0.1575
   1.250   0.7424   0.01527   0.00954  -0.1599
   1.500   0.7979   0.01460   0.00881  -0.1621
   1.750   0.8618   0.01388   0.00797  -0.1642
   2.250   0.9271   0.01322   0.00721  -0.1661
   3.250   0.9949   0.01269   0.00658  -0.1679
   3.500   1.0553   0.01236   0.00613  -0.1689
   3.750   1.1005   0.01232   0.00590  -0.1686
   4.000   1.1265   0.01258   0.00588  -0.1673
   4.250   1.1371   0.01303   0.00601  -0.1650
   4.500   1.1547   0.01349   0.00608  -0.1626
   4.750   1.1707   0.01404   0.00619  -0.1600
   5.000   1.1860   0.01468   0.00639  -0.1575
   5.250   1.2004   0.01555   0.00677  -0.1551
   5.500   1.2126   0.01678   0.00740  -0.1525
   5.750   1.2228   0.01829   0.00826  -0.1495
   6.000   1.2332   0.01990   0.00930  -0.1465
   6.250   1.2451   0.02150   0.01051  -0.1436
   6.500   1.2584   0.02299   0.01184  -0.1408
   6.750   1.2718   0.02432   0.01324  -0.1379
   7.000   1.2826   0.02554   0.01470  -0.1346
   7.250   1.2928   0.02701   0.01642  -0.1310
   7.500   1.3045   0.02891   0.01851  -0.1278
   7.750   1.3192   0.03143   0.02109  -0.1250
   8.000   1.3386   0.03476   0.02426  -0.1229
