Smoothened XFOIL polar
 10-point moving average applied

   alpha    CL        CD       CDp       CM
  ------ -------- --------- --------- --------
  -8.500  -0.3309   0.11662   0.11305  -0.0166
  -7.500  -0.3216   0.10413   0.10027  -0.0157
  -6.750  -0.3129   0.09322   0.08946  -0.0206
  -5.000  -0.2932   0.08318   0.07968  -0.0307
  -4.500  -0.2506   0.07329   0.07001  -0.0456
  -4.000  -0.1450   0.06060   0.05697  -0.0680
  -3.750   0.0002   0.04784   0.04350  -0.0927
  -2.500   0.1461   0.03748   0.03222  -0.1132
  -1.250   0.2904   0.02739   0.02116  -0.1322
  -1.000   0.4109   0.02022   0.01320  -0.1449
  -0.750   0.5012   0.01560   0.00809  -0.1535
  -0.500   0.5358   0.01569   0.00805  -0.1532
  -0.250   0.5547   0.01655   0.00924  -0.1531
   0.000   0.5943   0.01584   0.00874  -0.1553
   0.250   0.6351   0.01501   0.00828  -0.1579
   0.500   0.6725   0.01408   0.00785  -0.1595
   0.750   0.7083   0.01312   0.00742  -0.1608
   1.000   0.7442   0.01222   0.00700  -0.1620
   1.250   0.7809   0.01146   0.00656  -0.1633
   1.500   0.8192   0.01093   0.00607  -0.1649
   1.750   0.8602   0.01055   0.00561  -0.1671
   2.000   0.9031   0.01033   0.00523  -0.1700
   2.250   0.9455   0.01026   0.00498  -0.1728
   2.500   0.9834   0.01028   0.00484  -0.1747
   2.750   1.0166   0.01042   0.00480  -0.1756
   3.000   1.0471   0.01063   0.00483  -0.1760
   3.250   1.0730   0.01091   0.00493  -0.1755
   3.500   1.0967   0.01124   0.00507  -0.1746
   3.750   1.1169   0.01166   0.00524  -0.1729
   4.000   1.1338   0.01218   0.00545  -0.1706
   4.250   1.1488   0.01276   0.00569  -0.1680
   4.500   1.1631   0.01338   0.00596  -0.1653
   4.750   1.1776   0.01400   0.00625  -0.1626
   5.000   1.1932   0.01460   0.00655  -0.1604
   5.250   1.2102   0.01517   0.00686  -0.1584
   5.500   1.2279   0.01573   0.00716  -0.1567
   5.750   1.2427   0.01660   0.00763  -0.1545
   6.000   1.2538   0.01767   0.00820  -0.1522
   6.250   1.2671   0.01898   0.00903  -0.1495
   6.500   1.2828   0.02040   0.01009  -0.1466
   6.750   1.3005   0.02161   0.01105  -0.1441
   7.250   1.3204   0.02268   0.01216  -0.1413
   7.500   1.3783   0.00707  -0.00371  -0.1334
   7.750   1.4112   0.00305  -0.00746  -0.1279
   8.250   1.3876   0.02445   0.01500  -0.1275
   8.750   1.2764   0.08487   0.07760  -0.1351
  15.000   1.0471   0.19791   0.19423  -0.1539
