Smoothened XFOIL polar
 10-point moving average applied

   alpha    CL        CD       CDp       CM
  ------ -------- --------- --------- --------
 -17.750  -0.4815   0.21442   0.20777  -0.0064
 -17.000  -0.4679   0.21072   0.20414  -0.0083
 -16.750  -0.4618   0.20676   0.20020  -0.0098
 -16.500  -0.4590   0.20255   0.19598  -0.0112
 -16.250  -0.4552   0.19812   0.19153  -0.0127
 -15.250  -0.4458   0.19438   0.18782  -0.0141
 -14.750  -0.4082   0.18829   0.18188  -0.0182
 -14.500  -0.3923   0.18304   0.17667  -0.0194
 -14.250  -0.3886   0.17940   0.17305  -0.0208
 -14.000  -0.3988   0.17633   0.16994  -0.0207
 -13.750  -0.4030   0.17249   0.16608  -0.0211
 -12.750  -0.3906   0.16669   0.16035  -0.0232
 -12.500  -0.3842   0.15845   0.15217  -0.0244
 -11.500  -0.3529   0.15052   0.14444  -0.0266
 -10.750  -0.3324   0.14098   0.13504  -0.0275
 -10.000  -0.3264   0.13216   0.12633  -0.0276
  -9.750  -0.3265   0.12497   0.11927  -0.0281
  -8.750  -0.3298   0.11856   0.11296  -0.0273
  -8.250  -0.3225   0.11347   0.10803  -0.0265
  -8.000  -0.3274   0.10922   0.10384  -0.0255
  -7.750  -0.3274   0.10575   0.10049  -0.0237
  -7.500  -0.3294   0.10371   0.09855  -0.0214
  -7.250  -0.3382   0.10102   0.09592  -0.0214
  -6.750  -0.3563   0.09887   0.09381  -0.0219
  -6.500  -0.3752   0.09748   0.09250  -0.0200
  -6.250  -0.3809   0.09306   0.08816  -0.0207
  -6.000  -0.3761   0.08699   0.08232  -0.0232
  -5.500  -0.3338   0.07646   0.07164  -0.0328
  -4.250  -0.2600   0.06368   0.05846  -0.0466
  -3.750  -0.1704   0.05030   0.04444  -0.0627
  -3.000  -0.0752   0.03850   0.03180  -0.0803
  -2.750   0.0099   0.03014   0.02253  -0.0936
  -2.500   0.0695   0.02649   0.01811  -0.0998
  -2.250   0.1106   0.02420   0.01532  -0.1027
  -2.000   0.1311   0.02454   0.01549  -0.1019
  -1.750   0.1652   0.02392   0.01465  -0.1038
  -1.500   0.2047   0.02345   0.01415  -0.1070
  -1.250   0.2460   0.02281   0.01394  -0.1105
  -1.000   0.2897   0.02208   0.01383  -0.1144
  -0.750   0.3309   0.02141   0.01382  -0.1182
  -0.500   0.3772   0.02090   0.01388  -0.1222
  -0.250   0.4250   0.02063   0.01393  -0.1260
   0.000   0.4738   0.02060   0.01397  -0.1295
   0.500   0.5127   0.02090   0.01409  -0.1326
   0.750   0.5665   0.02115   0.01410  -0.1368
   1.000   0.6293   0.02104   0.01394  -0.1407
   1.250   0.7048   0.02056   0.01343  -0.1447
   2.250   0.7828   0.01980   0.01265  -0.1481
   2.750   0.8647   0.01889   0.01171  -0.1514
   3.250   0.9383   0.01796   0.01072  -0.1538
   3.500   0.9954   0.01715   0.00988  -0.1552
   3.750   1.0272   0.01670   0.00942  -0.1552
   4.000   1.0588   0.01645   0.00916  -0.1555
   4.250   1.0846   0.01634   0.00898  -0.1548
   4.500   1.1105   0.01625   0.00873  -0.1536
   4.750   1.1326   0.01628   0.00852  -0.1516
   5.000   1.1517   0.01640   0.00835  -0.1490
   5.250   1.1690   0.01661   0.00822  -0.1462
   5.500   1.1845   0.01697   0.00820  -0.1432
   5.750   1.1970   0.01781   0.00850  -0.1402
   6.000   1.2067   0.01923   0.00923  -0.1370
   6.250   1.2139   0.02106   0.01032  -0.1334
   6.500   1.2199   0.02314   0.01176  -0.1297
   6.750   1.2260   0.02533   0.01350  -0.1259
   7.000   1.2319   0.02742   0.01540  -0.1221
   7.250   1.2407   0.02927   0.01739  -0.1185
   7.500   1.2504   0.03117   0.01950  -0.1151
   7.750   1.2605   0.03322   0.02173  -0.1117
   8.000   1.2709   0.03552   0.02406  -0.1083
