Smoothened XFOIL polar
 10-point moving average applied

   alpha    CL        CD       CDp       CM
  ------ -------- --------- --------- --------
 -19.250  -0.6184   0.24309   0.23841   0.0329
 -18.750  -0.4838   0.21303   0.20853   0.0082
 -15.750  -0.4047   0.19008   0.18568  -0.0069
 -13.250  -0.3675   0.17327   0.16891  -0.0145
 -12.750  -0.3585   0.16161   0.15726  -0.0170
 -12.500  -0.3666   0.15387   0.14948  -0.0165
 -12.250  -0.3518   0.14994   0.14562  -0.0179
 -12.000  -0.3405   0.14832   0.14404  -0.0190
 -11.750  -0.3570   0.14597   0.14164  -0.0172
 -11.500  -0.3613   0.14503   0.14065  -0.0172
 -11.250  -0.3696   0.14184   0.13752  -0.0145
 -11.000  -0.3603   0.12942   0.12521  -0.0179
 -10.250  -0.3384   0.11146   0.10743  -0.0256
  -7.250  -0.2948   0.09037   0.08663  -0.0383
  -4.750  -0.2283   0.06712   0.06321  -0.0539
  -4.500  -0.1603   0.04523   0.04073  -0.0685
  -4.000  -0.0961   0.02917   0.02373  -0.0799
  -3.750  -0.0311   0.02162   0.01514  -0.0876
  -3.500   0.0171   0.01810   0.01078  -0.0885
  -3.250   0.0645   0.01382   0.00595  -0.0913
  -3.000   0.1008   0.01263   0.00464  -0.0926
  -2.750   0.1368   0.01307   0.00538  -0.0950
  -2.500   0.1738   0.01290   0.00538  -0.0974
  -2.250   0.2094   0.01273   0.00536  -0.0998
  -2.000   0.2430   0.01240   0.00529  -0.1018
  -1.750   0.2736   0.01178   0.00513  -0.1035
  -1.500   0.3068   0.01107   0.00493  -0.1046
  -1.250   0.3417   0.01039   0.00474  -0.1053
  -1.000   0.3775   0.00980   0.00453  -0.1058
  -0.500   0.4134   0.00938   0.00432  -0.1060
  -0.250   0.4485   0.00915   0.00411  -0.1062
   0.000   0.4812   0.00914   0.00393  -0.1063
   0.250   0.5095   0.00917   0.00382  -0.1063
   0.500   0.5334   0.00917   0.00376  -0.1062
   0.750   0.5595   0.00919   0.00372  -0.1060
   1.000   0.5854   0.00921   0.00368  -0.1057
   1.250   0.6113   0.00925   0.00365  -0.1055
   1.500   0.6370   0.00929   0.00361  -0.1052
   1.750   0.6624   0.00934   0.00355  -0.1048
   2.000   0.6872   0.00940   0.00347  -0.1041
   2.250   0.7114   0.00949   0.00340  -0.1034
   2.500   0.7333   0.00959   0.00335  -0.1026
   2.750   0.7564   0.00973   0.00333  -0.1019
   3.000   0.7861   0.00997   0.00339  -0.1012
   3.250   0.8183   0.01024   0.00351  -0.1006
   3.750   0.8559   0.01041   0.00364  -0.1002
   4.250   0.8964   0.01092   0.00390  -0.0993
   4.500   0.9355   0.01181   0.00431  -0.0978
   5.000   0.9695   0.01301   0.00488  -0.0960
   5.500   0.9956   0.01433   0.00554  -0.0941
   5.750   1.0147   0.01545   0.00596  -0.0927
   6.000   1.0338   0.01667   0.00657  -0.0912
   6.250   1.0569   0.01791   0.00744  -0.0896
   6.500   1.0880   0.01921   0.00870  -0.0877
   7.250   1.1311   0.02055   0.01047  -0.0855
