Smoothened XFOIL polar
 10-point moving average applied

   alpha    CL        CD       CDp       CM
  ------ -------- --------- --------- --------
 -19.500  -0.3752   0.22220   0.21721  -0.0201
 -19.000  -0.3859   0.21798   0.21290  -0.0181
 -17.500  -0.3745   0.21278   0.20773  -0.0186
 -17.250  -0.3492   0.20697   0.20202  -0.0207
 -17.000  -0.3180   0.20090   0.19610  -0.0235
 -16.000  -0.2802   0.19518   0.19054  -0.0259
 -15.250  -0.2803   0.19096   0.18632  -0.0262
 -14.750  -0.2988   0.18399   0.17924  -0.0250
 -14.500  -0.2923   0.17872   0.17398  -0.0242
 -13.750  -0.2922   0.17470   0.16997  -0.0242
 -13.500  -0.3018   0.17152   0.16680  -0.0256
 -13.250  -0.2967   0.16792   0.16328  -0.0268
 -12.500  -0.2981   0.16303   0.15841  -0.0269
 -12.250  -0.2810   0.15908   0.15456  -0.0265
 -11.250  -0.2682   0.15362   0.14917  -0.0252
 -10.750  -0.2624   0.14821   0.14380  -0.0238
 -10.250  -0.2494   0.14809   0.14379  -0.0215
 -10.000  -0.2439   0.14796   0.14386  -0.0169
  -9.750  -0.2775   0.13575   0.13162  -0.0229
  -9.500  -0.3185   0.11499   0.11066  -0.0360
  -7.250  -0.3601   0.08988   0.08514  -0.0536
  -7.000  -0.3898   0.06438   0.05918  -0.0726
  -6.750  -0.4030   0.04280   0.03709  -0.0899
  -6.500  -0.3970   0.02924   0.02297  -0.1032
  -6.250  -0.3671   0.02769   0.02100  -0.1087
  -6.000  -0.3149   0.03195   0.02509  -0.1061
  -5.750  -0.2789   0.03097   0.02387  -0.1083
  -5.500  -0.2424   0.03001   0.02268  -0.1104
  -5.250  -0.2059   0.02920   0.02169  -0.1124
  -5.000  -0.1677   0.02859   0.02105  -0.1146
  -4.750  -0.1312   0.02808   0.02050  -0.1163
  -4.500  -0.0926   0.02751   0.01987  -0.1184
  -4.250  -0.0556   0.02697   0.01931  -0.1200
  -4.000  -0.0172   0.02631   0.01860  -0.1219
  -3.750   0.0224   0.02555   0.01780  -0.1239
  -3.500   0.0602   0.02477   0.01695  -0.1255
  -3.250   0.0985   0.02399   0.01615  -0.1272
  -3.000   0.1357   0.02326   0.01544  -0.1286
  -2.750   0.1731   0.02255   0.01473  -0.1300
  -2.500   0.2105   0.02186   0.01407  -0.1314
  -2.250   0.2495   0.02110   0.01335  -0.1329
  -2.000   0.2921   0.02025   0.01252  -0.1351
  -1.750   0.3342   0.01939   0.01169  -0.1371
  -1.500   0.3751   0.01859   0.01096  -0.1389
  -1.250   0.4176   0.01781   0.01029  -0.1411
  -1.000   0.4596   0.01711   0.00972  -0.1432
  -0.750   0.5019   0.01649   0.00920  -0.1455
  -0.500   0.5434   0.01597   0.00878  -0.1476
  -0.250   0.5856   0.01552   0.00840  -0.1500
   0.000   0.6270   0.01517   0.00808  -0.1522
   0.250   0.6652   0.01492   0.00783  -0.1539
   0.500   0.7009   0.01475   0.00767  -0.1551
   0.750   0.7340   0.01465   0.00757  -0.1557
   1.000   0.7645   0.01460   0.00752  -0.1558
   1.250   0.7919   0.01460   0.00752  -0.1553
   1.500   0.8168   0.01463   0.00756  -0.1544
   1.750   0.8391   0.01470   0.00764  -0.1529
   2.000   0.8597   0.01470   0.00772  -0.1510
   2.250   0.8789   0.01469   0.00780  -0.1487
   2.500   0.8985   0.01470   0.00786  -0.1465
   2.750   0.9181   0.01476   0.00792  -0.1445
   3.000   0.9385   0.01490   0.00798  -0.1427
   3.250   0.9597   0.01513   0.00807  -0.1412
   3.500   0.9807   0.01545   0.00819  -0.1398
   3.750   1.0015   0.01583   0.00836  -0.1384
   4.000   1.0214   0.01617   0.00855  -0.1368
   4.250   1.0408   0.01652   0.00876  -0.1350
   4.500   1.0603   0.01688   0.00899  -0.1334
   4.750   1.0796   0.01726   0.00924  -0.1317
   5.000   1.0986   0.01764   0.00951  -0.1300
   5.250   1.1180   0.01804   0.00980  -0.1283
   5.500   1.1376   0.01847   0.01011  -0.1268
   5.750   1.1568   0.01889   0.01044  -0.1252
   6.000   1.1761   0.01933   0.01078  -0.1236
   6.250   1.1953   0.01978   0.01114  -0.1220
   6.500   1.2143   0.02024   0.01152  -0.1205
   6.750   1.2330   0.02071   0.01193  -0.1189
   7.000   1.2513   0.02121   0.01235  -0.1172
   7.250   1.2694   0.02171   0.01282  -0.1156
   7.500   1.2876   0.02222   0.01332  -0.1139
   7.750   1.3053   0.02272   0.01384  -0.1122
   8.000   1.3234   0.02325   0.01438  -0.1107
   8.250   1.3416   0.02381   0.01494  -0.1091
   8.500   1.3591   0.02438   0.01550  -0.1075
   8.750   1.3749   0.02496   0.01606  -0.1056
   9.000   1.3884   0.02555   0.01661  -0.1034
   9.250   1.3998   0.02613   0.01719  -0.1009
   9.500   1.4097   0.02674   0.01776  -0.0983
   9.750   1.4180   0.02738   0.01839  -0.0954
  10.000   1.4257   0.02809   0.01909  -0.0927
  10.250   1.4334   0.02884   0.01984  -0.0900
  10.500   1.4411   0.02965   0.02065  -0.0875
  10.750   1.4485   0.03049   0.02149  -0.0850
  11.000   1.4583   0.03136   0.02237  -0.0829
  11.250   1.4701   0.03226   0.02330  -0.0811
  11.500   1.4838   0.03319   0.02425  -0.0796
  11.750   1.4973   0.03417   0.02529  -0.0781
  12.000   1.5100   0.03520   0.02639  -0.0767
  12.250   1.5210   0.03628   0.02756  -0.0751
  12.500   1.5296   0.03744   0.02880  -0.0734
  12.750   1.5367   0.03863   0.03002  -0.0715
  13.000   1.5435   0.03990   0.03134  -0.0698
  13.250   1.5502   0.04122   0.03272  -0.0682
  13.500   1.5570   0.04261   0.03413  -0.0667
  13.750   1.5626   0.04412   0.03570  -0.0653
  14.000   1.5682   0.04569   0.03730  -0.0639
  14.250   1.5724   0.04742   0.03911  -0.0626
  14.500   1.5747   0.04910   0.04087  -0.0615
  14.750   1.5766   0.05047   0.04231  -0.0603
  15.000   1.5769   0.05330   0.04527  -0.0592
  15.250   1.5762   0.05760   0.04971  -0.0583
  15.750   1.5744   0.06301   0.05532  -0.0577
  16.750   1.5679   0.07102   0.06357  -0.0581
  17.250   1.5582   0.08046   0.07324  -0.0596
  17.750   1.5454   0.09020   0.08321  -0.0620
  18.500   1.5309   0.09897   0.09217  -0.0649
  18.750   1.5172   0.10606   0.09939  -0.0680
  19.000   1.5043   0.11263   0.10610  -0.0709
  19.250   1.4934   0.11777   0.11136  -0.0735
  19.500   1.4810   0.12297   0.11670  -0.0763
  19.750   1.4659   0.12893   0.12283  -0.0797
  20.000   1.4466   0.13630   0.13045  -0.0838
