Smoothened XFOIL polar
 10-point moving average applied

   alpha    CL        CD       CDp       CM
  ------ -------- --------- --------- --------
 -20.000  -0.5341   0.23532   0.22971   0.0014
 -18.250  -0.4838   0.21261   0.20717  -0.0087
 -16.250  -0.4336   0.19801   0.19278  -0.0156
 -15.500  -0.3882   0.18960   0.18457  -0.0198
 -15.250  -0.3523   0.18544   0.18058  -0.0220
 -15.000  -0.3414   0.18331   0.17851  -0.0224
 -14.750  -0.3417   0.18112   0.17633  -0.0222
 -14.500  -0.3484   0.17550   0.17066  -0.0212
 -14.250  -0.3649   0.17320   0.16831  -0.0217
 -13.000  -0.3563   0.16681   0.16197  -0.0220
 -12.750  -0.3393   0.15843   0.15373  -0.0227
 -12.500  -0.3236   0.15008   0.14552  -0.0249
  -9.250  -0.3137   0.13970   0.13529  -0.0246
  -8.750  -0.3125   0.12994   0.12566  -0.0218
  -8.500  -0.3180   0.11863   0.11448  -0.0194
  -6.750  -0.3454   0.11329   0.10941  -0.0102
  -6.500  -0.3374   0.10525   0.10129  -0.0154
  -5.750  -0.2946   0.09016   0.08597  -0.0293
  -5.500  -0.2396   0.07595   0.07175  -0.0485
  -4.000  -0.1668   0.05960   0.05464  -0.0744
  -3.750  -0.0909   0.04722   0.04205  -0.0948
  -3.500  -0.0193   0.03741   0.03173  -0.1103
  -3.250   0.0369   0.03147   0.02525  -0.1195
  -3.000   0.0672   0.03240   0.02572  -0.1172
  -2.750   0.1185   0.02799   0.02066  -0.1228
  -2.500   0.1676   0.02462   0.01689  -0.1273
  -2.250   0.2072   0.02322   0.01544  -0.1298
  -2.000   0.2582   0.01987   0.01173  -0.1344
  -1.750   0.2985   0.02073   0.01298  -0.1354
  -1.500   0.3465   0.02013   0.01249  -0.1378
  -1.000   0.3956   0.01955   0.01207  -0.1402
  -0.750   0.4422   0.01901   0.01172  -0.1422
  -0.500   0.4891   0.01832   0.01127  -0.1445
  -0.250   0.5325   0.01758   0.01079  -0.1467
   0.000   0.5701   0.01687   0.01034  -0.1486
   0.250   0.6114   0.01613   0.00984  -0.1507
   0.500   0.6502   0.01529   0.00930  -0.1520
   0.750   0.6895   0.01444   0.00871  -0.1534
   1.000   0.7288   0.01368   0.00819  -0.1548
   1.250   0.7681   0.01308   0.00771  -0.1563
   1.500   0.8085   0.01263   0.00726  -0.1581
   1.750   0.8483   0.01239   0.00690  -0.1600
   2.000   0.8871   0.01236   0.00664  -0.1618
   2.250   0.9228   0.01251   0.00653  -0.1632
   2.500   0.9532   0.01268   0.00649  -0.1633
   2.750   0.9807   0.01291   0.00651  -0.1630
   3.000   1.0060   0.01319   0.00657  -0.1622
   3.250   1.0295   0.01350   0.00669  -0.1611
   3.500   1.0518   0.01385   0.00683  -0.1598
   3.750   1.0730   0.01421   0.00701  -0.1584
   4.000   1.0939   0.01459   0.00722  -0.1569
   4.250   1.1143   0.01499   0.00745  -0.1553
   4.500   1.1345   0.01540   0.00771  -0.1538
   4.750   1.1545   0.01582   0.00799  -0.1522
   5.000   1.1742   0.01625   0.00829  -0.1506
   5.250   1.1936   0.01669   0.00861  -0.1489
   5.500   1.2131   0.01716   0.00896  -0.1473
   5.750   1.2323   0.01762   0.00933  -0.1457
   6.000   1.2508   0.01810   0.00971  -0.1439
   6.250   1.2665   0.01853   0.01005  -0.1421
   6.500   1.2828   0.01905   0.01044  -0.1396
   6.750   1.2978   0.01962   0.01090  -0.1365
   7.000   1.3120   0.02022   0.01140  -0.1329
   7.500   1.3255   0.02087   0.01193  -0.1293
   7.750   1.3396   0.02154   0.01248  -0.1259
   8.000   1.3537   0.02223   0.01304  -0.1229
   8.250   1.3677   0.02291   0.01359  -0.1205
   8.500   1.3800   0.02358   0.01413  -0.1186
   8.750   1.3948   0.02433   0.01474  -0.1167
   9.000   1.4081   0.02515   0.01546  -0.1147
   9.250   1.4215   0.02597   0.01620  -0.1126
   9.500   1.4307   0.02714   0.01722  -0.1101
   9.750   1.4369   0.02857   0.01848  -0.1074
  10.000   1.4404   0.03022   0.01995  -0.1045
  10.250   1.4431   0.03197   0.02154  -0.1015
  10.500   1.4459   0.03373   0.02320  -0.0987
  10.750   1.4504   0.03540   0.02486  -0.0961
  11.000   1.4571   0.03692   0.02645  -0.0939
  11.250   1.4665   0.03825   0.02795  -0.0921
  11.500   1.4742   0.03973   0.02961  -0.0903
  11.750   1.4810   0.04134   0.03141  -0.0885
  12.000   1.4865   0.04311   0.03338  -0.0868
  12.250   1.4905   0.04509   0.03557  -0.0851
  12.500   1.4925   0.04734   0.03801  -0.0836
  12.750   1.4923   0.04992   0.04077  -0.0821
  13.000   1.4905   0.05277   0.04383  -0.0809
  13.250   1.4871   0.05595   0.04721  -0.0800
  13.500   1.4821   0.05949   0.05095  -0.0794
  13.750   1.4757   0.06339   0.05506  -0.0792
  14.000   1.4680   0.06768   0.05955  -0.0794
  14.250   1.4602   0.07042   0.06244  -0.0795
  14.500   1.4484   0.07703   0.06928  -0.0811
  14.750   1.4364   0.08589   0.07845  -0.0836
  15.000   1.4277   0.09553   0.08841  -0.0862
  16.500   1.4449   0.10077   0.09382  -0.0859
  16.750   1.4103   0.11494   0.10852  -0.0912
  17.000   1.3863   0.12655   0.12060  -0.0954
  17.250   1.3652   0.13713   0.13162  -0.0997
  18.000   1.3517   0.14573   0.14059  -0.1038
  18.250   1.3509   0.15140   0.14652  -0.1076
