Smoothened XFOIL polar
 10-point moving average applied

   alpha    CL        CD       CDp       CM
  ------ -------- --------- --------- --------
 -15.000  -0.3670   0.18915   0.18426  -0.0176
 -14.000  -0.4046   0.17677   0.17166  -0.0157
 -13.750  -0.4127   0.16660   0.16141  -0.0162
 -13.000  -0.3999   0.15786   0.15272  -0.0180
 -11.250  -0.3752   0.14976   0.14475  -0.0204
 -11.000  -0.3471   0.14070   0.13591  -0.0217
 -10.500  -0.3326   0.12952   0.12491  -0.0214
  -9.750  -0.3272   0.11980   0.11534  -0.0198
  -7.500  -0.3342   0.11220   0.10787  -0.0165
  -7.000  -0.3496   0.10445   0.10022  -0.0144
  -6.750  -0.3652   0.09863   0.09451  -0.0130
  -6.250  -0.3860   0.09489   0.09087  -0.0102
  -6.000  -0.3889   0.09163   0.08767  -0.0115
  -5.000  -0.3604   0.08487   0.08098  -0.0179
  -4.500  -0.3174   0.07677   0.07290  -0.0281
  -3.750  -0.2587   0.06873   0.06502  -0.0417
  -3.250  -0.1531   0.05856   0.05451  -0.0613
  -3.000  -0.0230   0.04871   0.04398  -0.0848
  -2.250   0.1101   0.03911   0.03348  -0.1058
  -1.250   0.2257   0.03182   0.02524  -0.1205
  -1.000   0.3282   0.02591   0.01847  -0.1321
  -0.750   0.4090   0.02193   0.01387  -0.1397
  -0.500   0.4538   0.02075   0.01250  -0.1422
  -0.250   0.4719   0.02161   0.01347  -0.1418
   0.000   0.5161   0.02094   0.01293  -0.1448
   0.250   0.5633   0.01999   0.01242  -0.1476
   0.500   0.6113   0.01887   0.01187  -0.1501
   1.000   0.6610   0.01770   0.01128  -0.1527
   1.250   0.7089   0.01654   0.01064  -0.1548
   1.500   0.7550   0.01548   0.00991  -0.1569
   1.750   0.7972   0.01465   0.00922  -0.1587
   2.000   0.8328   0.01419   0.00856  -0.1601
   2.250   0.8760   0.01366   0.00792  -0.1626
   2.500   0.9190   0.01314   0.00734  -0.1651
   2.750   0.9622   0.01273   0.00687  -0.1678
   3.000   1.0053   0.01244   0.00650  -0.1705
   3.250   1.0464   0.01230   0.00625  -0.1728
   3.500   1.0831   0.01232   0.00610  -0.1743
   3.750   1.1123   0.01257   0.00606  -0.1742
   4.000   1.1343   0.01301   0.00613  -0.1726
   4.250   1.1524   0.01356   0.00626  -0.1704
   4.500   1.1677   0.01420   0.00645  -0.1677
   4.750   1.1816   0.01489   0.00670  -0.1648
   5.000   1.1936   0.01531   0.00679  -0.1627
   5.250   1.2093   0.01636   0.00734  -0.1600
   5.500   1.2275   0.01786   0.00826  -0.1567
   5.750   1.2470   0.01967   0.00947  -0.1529
   6.500   1.2682   0.02157   0.01089  -0.1492
   6.750   1.2897   0.02339   0.01244  -0.1456
   7.000   1.3096   0.02501   0.01400  -0.1422
   7.250   1.3270   0.02640   0.01552  -0.1394
   7.500   1.3379   0.02740   0.01685  -0.1369
   7.750   1.3440   0.02863   0.01840  -0.1336
   8.000   1.3452   0.03037   0.02035  -0.1289
   8.250   1.3410   0.03289   0.02285  -0.1222
