Smoothened XFOIL polar
 10-point moving average applied

   alpha    CL        CD       CDp       CM
  ------ -------- --------- --------- --------
 -19.750  -0.5887   0.24170   0.23193   0.0071
 -19.500  -0.5907   0.24286   0.23308   0.0073
 -19.250  -0.5754   0.23781   0.22809   0.0048
 -19.000  -0.5483   0.22849   0.21887   0.0005
 -16.750  -0.5151   0.21683   0.20734  -0.0047
 -16.500  -0.4926   0.20601   0.19658  -0.0093
 -15.000  -0.4548   0.19676   0.18753  -0.0144
 -14.750  -0.4299   0.18800   0.17889  -0.0176
 -14.250  -0.4069   0.18412   0.17517  -0.0199
 -14.000  -0.3877   0.17940   0.17060  -0.0223
 -13.250  -0.3853   0.17670   0.16795  -0.0233
 -13.000  -0.3736   0.17305   0.16440  -0.0246
 -12.750  -0.3750   0.16952   0.16086  -0.0248
 -12.500  -0.3746   0.16601   0.15736  -0.0249
 -12.250  -0.3631   0.16172   0.15315  -0.0252
 -12.000  -0.3561   0.15658   0.14807  -0.0252
 -11.250  -0.3449   0.15341   0.14504  -0.0262
 -11.000  -0.3457   0.14879   0.14045  -0.0265
 -10.750  -0.3476   0.14515   0.13686  -0.0269
 -10.500  -0.3406   0.14138   0.13320  -0.0273
 -10.000  -0.3464   0.13730   0.12912  -0.0270
  -9.750  -0.3374   0.13316   0.12512  -0.0269
  -9.250  -0.3342   0.12810   0.12013  -0.0263
  -9.000  -0.3300   0.12486   0.11701  -0.0261
  -8.750  -0.3324   0.12196   0.11417  -0.0257
  -8.500  -0.3392   0.11862   0.11085  -0.0250
  -8.250  -0.3366   0.11676   0.10912  -0.0245
  -8.000  -0.3373   0.11398   0.10642  -0.0234
  -7.750  -0.3448   0.11182   0.10434  -0.0225
  -7.500  -0.3472   0.10995   0.10259  -0.0214
  -7.250  -0.3521   0.10786   0.10059  -0.0201
  -7.000  -0.3591   0.10542   0.09824  -0.0186
  -6.750  -0.3651   0.10244   0.09534  -0.0179
  -6.500  -0.3708   0.09882   0.09180  -0.0168
  -6.000  -0.3679   0.09492   0.08806  -0.0154
  -5.750  -0.3647   0.09071   0.08398  -0.0139
  -5.250  -0.3621   0.08713   0.08052  -0.0133
  -5.000  -0.3573   0.08383   0.07732  -0.0130
  -4.750  -0.3505   0.08102   0.07458  -0.0129
  -4.500  -0.3663   0.08028   0.07405  -0.0069
  -4.250  -0.3375   0.07590   0.06954  -0.0134
  -4.000  -0.2989   0.07060   0.06430  -0.0213
  -3.750  -0.2264   0.06278   0.05615  -0.0366
  -2.500  -0.1316   0.05371   0.04643  -0.0563
  -2.250  -0.0283   0.04473   0.03656  -0.0772
  -2.000   0.0677   0.03715   0.02802  -0.0952
  -1.750   0.1399   0.03235   0.02234  -0.1064
  -1.500   0.1709   0.03156   0.02094  -0.1069
  -1.250   0.2191   0.02962   0.01819  -0.1123
  -1.000   0.2397   0.02961   0.01847  -0.1108
  -0.750   0.2699   0.02854   0.01786  -0.1115
  -0.500   0.2991   0.02754   0.01747  -0.1121
  -0.250   0.3266   0.02679   0.01731  -0.1125
   0.000   0.3522   0.02643   0.01740  -0.1128
   0.250   0.3756   0.02657   0.01774  -0.1131
   0.500   0.3973   0.02729   0.01829  -0.1135
   0.750   0.4180   0.02863   0.01907  -0.1142
   1.000   0.4346   0.02967   0.02005  -0.1140
   1.250   0.4527   0.03084   0.02118  -0.1143
   1.500   0.4751   0.03212   0.02246  -0.1155
   1.750   0.5035   0.03345   0.02381  -0.1180
   2.000   0.5397   0.03476   0.02513  -0.1217
   2.250   0.5824   0.03597   0.02632  -0.1265
   2.500   0.6290   0.03701   0.02731  -0.1317
   2.750   0.6760   0.03786   0.02806  -0.1365
   3.000   0.7149   0.03852   0.02868  -0.1401
   3.250   0.7586   0.03902   0.02917  -0.1434
   3.500   0.8006   0.03949   0.02965  -0.1462
   3.750   0.8516   0.03951   0.02973  -0.1486
   4.250   0.9104   0.03899   0.02930  -0.1508
   4.500   0.9739   0.03812   0.02859  -0.1531
   5.000   1.0417   0.03630   0.02694  -0.1549
   5.250   1.1041   0.03376   0.02447  -0.1552
   5.500   1.1539   0.03102   0.02169  -0.1538
   5.750   1.1959   0.02864   0.01919  -0.1514
   6.000   1.2229   0.02705   0.01744  -0.1480
   6.250   1.2443   0.02573   0.01604  -0.1440
   6.500   1.2520   0.02604   0.01592  -0.1384
   6.750   1.2503   0.02804   0.01727  -0.1321
   7.000   1.2463   0.03076   0.01921  -0.1257
   7.500   1.2436   0.03405   0.02166  -0.1195
   7.750   1.2183   0.03674   0.02369  -0.1114
   8.000   1.2064   0.04002   0.02661  -0.1052
   8.250   1.2155   0.04399   0.03059  -0.1011
   8.500   1.2575   0.04893   0.03598  -0.1001
   9.000   1.3438   0.05510   0.04312  -0.1030
