Smoothened XFOIL polar
 10-point moving average applied

   alpha    CL        CD       CDp       CM
  ------ -------- --------- --------- --------
 -19.250  -0.5495   0.23165   0.22483   0.0043
 -18.750  -0.5476   0.23348   0.22662  -0.0004
 -17.000  -0.5241   0.22676   0.21997  -0.0056
 -16.750  -0.4867   0.21398   0.20736  -0.0109
 -16.500  -0.4433   0.19766   0.19124  -0.0157
 -13.250  -0.4066   0.18169   0.17545  -0.0192
 -12.250  -0.3831   0.16747   0.16133  -0.0207
 -12.000  -0.3616   0.15437   0.14834  -0.0226
 -11.750  -0.3467   0.14589   0.13996  -0.0233
 -11.500  -0.3539   0.14403   0.13809  -0.0224
 -10.750  -0.3461   0.14093   0.13509  -0.0232
 -10.500  -0.3490   0.13602   0.13026  -0.0237
 -10.000  -0.3436   0.13116   0.12552  -0.0239
  -9.250  -0.3433   0.12546   0.11989  -0.0232
  -9.000  -0.3462   0.12031   0.11477  -0.0221
  -8.500  -0.3451   0.11571   0.11023  -0.0213
  -8.000  -0.3440   0.11231   0.10692  -0.0200
  -7.750  -0.3532   0.10988   0.10453  -0.0189
  -7.500  -0.3592   0.10847   0.10323  -0.0181
  -7.250  -0.3707   0.10741   0.10222  -0.0172
  -7.000  -0.3734   0.10556   0.10048  -0.0150
  -6.750  -0.3745   0.10322   0.09823  -0.0134
  -6.250  -0.3712   0.09939   0.09450  -0.0122
  -5.750  -0.3668   0.09498   0.09018  -0.0107
  -5.500  -0.3607   0.09039   0.08566  -0.0120
  -4.750  -0.3589   0.08664   0.08197  -0.0143
  -4.500  -0.3508   0.08249   0.07785  -0.0176
  -4.250  -0.3380   0.07785   0.07324  -0.0207
  -4.000  -0.3273   0.07412   0.06968  -0.0227
  -3.250  -0.2716   0.06814   0.06362  -0.0339
  -2.750  -0.1774   0.05942   0.05450  -0.0507
  -2.250  -0.0603   0.05001   0.04438  -0.0697
  -1.250   0.0664   0.04097   0.03443  -0.0908
  -1.000   0.1804   0.03408   0.02657  -0.1079
  -0.750   0.2733   0.02910   0.02077  -0.1201
  -0.500   0.3324   0.02685   0.01796  -0.1252
  -0.250   0.3568   0.02736   0.01840  -0.1248
   0.000   0.3985   0.02714   0.01805  -0.1275
   0.250   0.4426   0.02667   0.01774  -0.1309
   0.500   0.4855   0.02601   0.01752  -0.1339
   0.750   0.5269   0.02523   0.01734  -0.1366
   1.000   0.5635   0.02445   0.01716  -0.1388
   1.250   0.6061   0.02363   0.01682  -0.1410
   1.500   0.6539   0.02283   0.01628  -0.1435
   1.750   0.7050   0.02211   0.01563  -0.1461
   2.250   0.7591   0.02149   0.01476  -0.1489
   2.500   0.8144   0.02075   0.01388  -0.1521
   2.750   0.8669   0.01981   0.01290  -0.1549
   3.000   0.9160   0.01885   0.01193  -0.1575
   3.250   0.9590   0.01801   0.01107  -0.1600
   3.500   1.0065   0.01723   0.01028  -0.1628
   3.750   1.0530   0.01663   0.00966  -0.1655
   4.000   1.0952   0.01625   0.00917  -0.1674
   4.250   1.1310   0.01611   0.00880  -0.1681
   4.500   1.1584   0.01626   0.00861  -0.1671
   4.750   1.1799   0.01661   0.00855  -0.1652
   5.000   1.1964   0.01714   0.00861  -0.1625
   5.250   1.2107   0.01776   0.00882  -0.1595
   5.500   1.2244   0.01850   0.00917  -0.1566
   5.750   1.2392   0.01930   0.00965  -0.1542
   6.000   1.2528   0.02027   0.01023  -0.1516
   6.250   1.2642   0.02160   0.01104  -0.1487
   6.500   1.2749   0.02316   0.01208  -0.1458
   6.750   1.2851   0.02470   0.01317  -0.1432
   7.000   1.2969   0.02651   0.01469  -0.1400
   7.250   1.3097   0.02841   0.01656  -0.1364
   7.500   1.3130   0.02929   0.01745  -0.1314
   8.000   1.3232   0.03095   0.01939  -0.1267
   8.250   1.3445   0.03436   0.02324  -0.1236
   8.500   1.3826   0.04040   0.02986  -0.1230
   8.750   1.4432   0.04999   0.04013  -0.1260
