Smoothened XFOIL polar
 10-point moving average applied

   alpha    CL        CD       CDp       CM
  ------ -------- --------- --------- --------
 -12.750  -0.3978   0.15350   0.14911  -0.0174
 -12.500  -0.3861   0.15805   0.15365  -0.0182
 -12.250  -0.3761   0.15545   0.15109  -0.0188
 -12.000  -0.3674   0.14776   0.14349  -0.0192
 -11.750  -0.3597   0.13705   0.13289  -0.0194
  -9.750  -0.3514   0.12679   0.12276  -0.0191
  -8.250  -0.3421   0.11703   0.11315  -0.0184
  -8.000  -0.3422   0.10856   0.10477  -0.0173
  -7.750  -0.3317   0.10469   0.10101  -0.0166
  -7.500  -0.3424   0.10414   0.10052  -0.0119
  -7.250  -0.3644   0.10350   0.09992  -0.0094
  -7.000  -0.3523   0.09759   0.09404  -0.0152
  -5.750  -0.3309   0.08911   0.08557  -0.0250
  -5.500  -0.3060   0.08018   0.07689  -0.0373
  -4.000  -0.2004   0.06679   0.06321  -0.0594
  -3.750  -0.0475   0.05166   0.04739  -0.0862
  -3.000   0.1305   0.03848   0.03331  -0.1115
  -1.000   0.2886   0.02792   0.02182  -0.1287
  -0.750   0.4157   0.02163   0.01475  -0.1421
  -0.500   0.5249   0.01615   0.00873  -0.1533
  -0.250   0.5778   0.01493   0.00731  -0.1561
   0.000   0.5748   0.01673   0.00938  -0.1541
   0.250   0.6166   0.01588   0.00881  -0.1561
   0.500   0.6768   0.01466   0.00803  -0.1590
   0.750   0.7497   0.01328   0.00713  -0.1626
   1.750   0.8292   0.01193   0.00623  -0.1668
   2.250   0.9066   0.01084   0.00549  -0.1709
   2.500   0.9753   0.01015   0.00493  -0.1746
   2.750   1.0261   0.01002   0.00466  -0.1770
   3.000   1.0539   0.01039   0.00473  -0.1782
   3.250   1.0785   0.01067   0.00482  -0.1779
   3.500   1.1003   0.01108   0.00494  -0.1765
   3.750   1.1186   0.01160   0.00510  -0.1744
   4.000   1.1341   0.01220   0.00531  -0.1718
   4.250   1.1482   0.01286   0.00556  -0.1690
   4.500   1.1624   0.01351   0.00583  -0.1663
   4.750   1.1776   0.01417   0.00613  -0.1639
   5.000   1.1947   0.01478   0.00642  -0.1621
   5.250   1.2099   0.01570   0.00689  -0.1600
   5.500   1.2230   0.01690   0.00753  -0.1576
   5.750   1.2358   0.01820   0.00830  -0.1550
   6.000   1.2494   0.01950   0.00918  -0.1526
   6.250   1.2645   0.02069   0.01012  -0.1502
   6.500   1.2814   0.02170   0.01109  -0.1481
   6.750   1.2999   0.02252   0.01203  -0.1461
   7.000   1.3212   0.02340   0.01312  -0.1445
   7.250   1.3354   0.02404   0.01399  -0.1417
   7.500   1.3470   0.02489   0.01505  -0.1385
   7.750   1.3538   0.02596   0.01635  -0.1345
   8.000   1.3548   0.02736   0.01798  -0.1296
   8.250   1.3492   0.02918   0.02003  -0.1236
