Smoothened XFOIL polar
 10-point moving average applied

   alpha    CL        CD       CDp       CM
  ------ -------- --------- --------- --------
 -16.250  -0.3839   0.19938   0.19503  -0.0084
 -16.000  -0.3861   0.19491   0.19055  -0.0087
 -15.750  -0.3946   0.19075   0.18635  -0.0086
 -14.500  -0.4058   0.18660   0.18213  -0.0083
 -14.250  -0.4161   0.18213   0.17760  -0.0083
 -13.750  -0.4192   0.17609   0.17154  -0.0088
 -13.500  -0.4100   0.16944   0.16491  -0.0106
 -13.250  -0.3845   0.16350   0.15905  -0.0139
 -12.250  -0.3852   0.15674   0.15230  -0.0139
 -12.000  -0.3748   0.15044   0.14604  -0.0154
 -11.750  -0.3610   0.14501   0.14066  -0.0174
 -11.500  -0.3643   0.14045   0.13610  -0.0175
 -11.250  -0.3778   0.13754   0.13315  -0.0164
 -11.000  -0.3951   0.13982   0.13539  -0.0126
 -10.500  -0.3939   0.13339   0.12931  -0.0151
 -10.250  -0.3459   0.11599   0.11183  -0.0260
 -10.000  -0.2742   0.09131   0.08669  -0.0411
  -4.500  -0.1841   0.06395   0.05855  -0.0581
  -3.750  -0.0864   0.03831   0.03202  -0.0746
  -3.500   0.0055   0.01806   0.01092  -0.0880
  -3.250   0.0768   0.00781   0.00003  -0.0956
  -3.000   0.1100   0.01169   0.00364  -0.0945
  -2.750   0.1379   0.01318   0.00548  -0.0956
  -2.500   0.1755   0.01297   0.00544  -0.0982
  -2.250   0.2117   0.01280   0.00542  -0.1007
  -2.000   0.2433   0.01249   0.00538  -0.1029
  -1.750   0.2787   0.01185   0.00519  -0.1048
  -1.500   0.3150   0.01113   0.00497  -0.1060
  -1.250   0.3523   0.01044   0.00477  -0.1069
  -0.750   0.3886   0.00985   0.00456  -0.1073
  -0.500   0.4244   0.00941   0.00434  -0.1076
  -0.250   0.4575   0.00919   0.00414  -0.1077
   0.000   0.4874   0.00918   0.00398  -0.1079
   0.250   0.5120   0.00921   0.00388  -0.1079
   0.500   0.5388   0.00919   0.00380  -0.1078
   0.750   0.5650   0.00921   0.00375  -0.1077
   1.000   0.5911   0.00923   0.00371  -0.1075
   1.250   0.6171   0.00926   0.00368  -0.1073
   1.500   0.6429   0.00930   0.00364  -0.1070
   1.750   0.6682   0.00934   0.00358  -0.1066
   2.000   0.6931   0.00939   0.00351  -0.1059
   2.250   0.7153   0.00946   0.00342  -0.1052
   2.500   0.7342   0.00951   0.00333  -0.1046
   2.750   0.7668   0.00975   0.00336  -0.1037
   3.000   0.8091   0.01010   0.00350  -0.1028
   3.500   0.8573   0.01051   0.00372  -0.1019
   4.500   0.9057   0.01098   0.00397  -0.1010
   4.750   0.9484   0.01165   0.00428  -0.0997
   5.000   0.9808   0.01255   0.00468  -0.0982
   5.250   0.9994   0.01360   0.00515  -0.0966
   5.500   1.0084   0.01468   0.00566  -0.0951
   5.750   1.0245   0.01584   0.00621  -0.0938
   6.000   1.0411   0.01673   0.00663  -0.0929
   6.250   1.0965  -0.00050  -0.01138  -0.0911
   6.500   1.1309  -0.00577  -0.01689  -0.0898
   6.750   1.1173   0.01539   0.00493  -0.0890
   7.250   1.0287   0.07725   0.06877  -0.0889
  17.750   0.8380   0.19410   0.18931  -0.0899
