Smoothened XFOIL polar
 10-point moving average applied

   alpha    CL        CD       CDp       CM
  ------ -------- --------- --------- --------
 -20.000  -0.5676   0.24188   0.23502   0.0058
 -19.750  -0.5362   0.23804   0.23131   0.0028
 -19.500  -0.5120   0.23400   0.22736  -0.0002
 -19.000  -0.4938   0.22962   0.22304  -0.0031
 -18.750  -0.4802   0.22473   0.21820  -0.0059
 -17.500  -0.4751   0.22048   0.21394  -0.0074
 -17.000  -0.4821   0.21424   0.20766  -0.0084
 -16.250  -0.4400   0.20291   0.19652  -0.0131
 -16.000  -0.4114   0.19115   0.18491  -0.0165
 -13.750  -0.4010   0.18124   0.17504  -0.0186
 -13.000  -0.3968   0.17023   0.16408  -0.0208
 -12.000  -0.3614   0.15737   0.15147  -0.0241
 -11.750  -0.3480   0.14513   0.13936  -0.0253
  -9.750  -0.3406   0.13636   0.13070  -0.0244
  -9.250  -0.3381   0.12750   0.12193  -0.0233
  -9.000  -0.3272   0.11977   0.11427  -0.0217
  -8.500  -0.3235   0.11525   0.10984  -0.0208
  -8.250  -0.3300   0.11438   0.10901  -0.0202
  -8.000  -0.3368   0.11248   0.10721  -0.0195
  -7.500  -0.3411   0.11003   0.10486  -0.0183
  -7.250  -0.3506   0.10726   0.10216  -0.0168
  -6.750  -0.3550   0.10435   0.09932  -0.0146
  -6.500  -0.3577   0.10155   0.09659  -0.0114
  -6.250  -0.3607   0.09916   0.09422  -0.0113
  -6.000  -0.3660   0.09696   0.09207  -0.0119
  -5.750  -0.3649   0.09495   0.09019  -0.0114
  -5.500  -0.3616   0.09165   0.08697  -0.0132
  -4.750  -0.3551   0.08774   0.08312  -0.0158
  -4.500  -0.3486   0.08367   0.07907  -0.0176
  -4.250  -0.3403   0.07978   0.07521  -0.0187
  -4.000  -0.3237   0.07692   0.07241  -0.0208
  -3.750  -0.3380   0.07626   0.07191  -0.0203
  -3.500  -0.3008   0.07169   0.06738  -0.0280
  -3.250  -0.2145   0.06427   0.05957  -0.0423
  -2.750  -0.0950   0.05456   0.04909  -0.0635
  -1.250   0.0384   0.04442   0.03795  -0.0857
  -1.000   0.1673   0.03543   0.02789  -0.1053
  -0.750   0.2762   0.02889   0.02046  -0.1201
  -0.500   0.3489   0.02592   0.01688  -0.1284
  -0.250   0.3638   0.02708   0.01793  -0.1259
   0.000   0.4009   0.02708   0.01799  -0.1284
   0.250   0.4420   0.02644   0.01767  -0.1312
   0.500   0.4926   0.02560   0.01737  -0.1344
   0.750   0.5499   0.02464   0.01698  -0.1377
   1.250   0.6109   0.02363   0.01651  -0.1410
   1.750   0.6720   0.02264   0.01591  -0.1442
   2.000   0.7256   0.02182   0.01525  -0.1468
   2.250   0.7803   0.02103   0.01439  -0.1495
   2.500   0.8335   0.02022   0.01337  -0.1526
   2.750   0.8877   0.01916   0.01228  -0.1557
   3.250   0.9477   0.01807   0.01115  -0.1592
   3.500   1.0060   0.01712   0.01015  -0.1626
   3.750   1.0596   0.01645   0.00943  -0.1656
   4.000   1.1042   0.01611   0.00900  -0.1677
   4.250   1.1343   0.01616   0.00886  -0.1680
   4.500   1.1611   0.01635   0.00876  -0.1671
   4.750   1.1820   0.01672   0.00877  -0.1651
   5.000   1.1987   0.01722   0.00886  -0.1624
   5.250   1.2127   0.01781   0.00903  -0.1594
   5.500   1.2265   0.01845   0.00930  -0.1565
   5.750   1.2408   0.01918   0.00970  -0.1539
   6.000   1.2555   0.01972   0.01003  -0.1519
   6.250   1.2691   0.02081   0.01071  -0.1491
   6.500   1.2821   0.02236   0.01175  -0.1457
   6.750   1.2953   0.02422   0.01312  -0.1421
   7.250   1.3086   0.02623   0.01473  -0.1383
   7.500   1.3214   0.02827   0.01652  -0.1346
   7.750   1.3262   0.02940   0.01756  -0.1305
   8.000   1.3381   0.03110   0.01934  -0.1272
   8.250   1.4072   0.01739   0.00564  -0.1210
   8.500   1.4503   0.01604   0.00457  -0.1175
   9.000   1.4325   0.04009   0.02966  -0.1205
   9.250   1.3176   0.10259   0.09435  -0.1332
  15.750   1.0694   0.21665   0.21209  -0.1588
