Smoothened XFOIL polar
 10-point moving average applied

   alpha    CL        CD       CDp       CM
  ------ -------- --------- --------- --------
 -18.750  -0.5095   0.22589   0.22036  -0.0020
 -18.500  -0.4905   0.22054   0.21508  -0.0037
 -18.250  -0.4918   0.21896   0.21349  -0.0039
 -18.000  -0.5041   0.21909   0.21355  -0.0033
 -17.750  -0.5180   0.21884   0.21323  -0.0030
 -17.500  -0.5255   0.21396   0.20829  -0.0039
 -17.250  -0.4868   0.20378   0.19823  -0.0094
 -14.750  -0.4643   0.19252   0.18702  -0.0128
 -14.000  -0.4308   0.18196   0.17658  -0.0171
 -13.750  -0.4024   0.17233   0.16704  -0.0204
 -13.250  -0.3874   0.16678   0.16156  -0.0229
 -12.750  -0.3835   0.16456   0.15938  -0.0233
 -12.500  -0.3790   0.15969   0.15455  -0.0247
 -12.000  -0.3684   0.15150   0.14644  -0.0257
 -11.250  -0.3563   0.14289   0.13793  -0.0261
 -10.000  -0.3488   0.13358   0.12871  -0.0260
  -9.500  -0.3375   0.12767   0.12290  -0.0275
  -9.250  -0.3328   0.12113   0.11646  -0.0273
  -9.000  -0.3362   0.11874   0.11418  -0.0251
  -8.750  -0.3462   0.11303   0.10862  -0.0217
  -7.250  -0.3798   0.10490   0.10082  -0.0171
  -7.000  -0.3537   0.09047   0.08644  -0.0242
  -5.000  -0.2797   0.07282   0.06850  -0.0403
  -4.750  -0.1751   0.05471   0.04970  -0.0623
  -3.000  -0.0550   0.03998   0.03400  -0.0869
  -2.750   0.0686   0.02775   0.02081  -0.1078
  -2.500   0.1731   0.02231   0.01455  -0.1214
  -2.250   0.2364   0.01957   0.01133  -0.1270
  -2.000   0.2521   0.02124   0.01292  -0.1257
  -1.750   0.2941   0.02061   0.01226  -0.1290
  -1.500   0.3370   0.01991   0.01168  -0.1327
  -1.250   0.3791   0.01927   0.01128  -0.1368
  -1.000   0.4243   0.01848   0.01097  -0.1407
  -0.750   0.4700   0.01766   0.01071  -0.1439
  -0.500   0.5148   0.01693   0.01053  -0.1465
   0.000   0.5514   0.01641   0.01047  -0.1481
   0.250   0.5909   0.01652   0.01081  -0.1498
   0.500   0.6456   0.01518   0.00956  -0.1514
   0.750   0.7114   0.01400   0.00830  -0.1538
   1.500   0.7806   0.01301   0.00719  -0.1567
   2.250   0.8492   0.01211   0.00621  -0.1594
   2.500   0.9147   0.01154   0.00552  -0.1615
   2.750   0.9694   0.01143   0.00531  -0.1629
   3.000   1.0065   0.01187   0.00567  -0.1636
   3.500   1.0383   0.01272   0.00643  -0.1640
   3.750   1.0709   0.01234   0.00591  -0.1631
   4.000   1.0992   0.01256   0.00589  -0.1619
   4.250   1.1211   0.01290   0.00590  -0.1599
   4.500   1.1366   0.01332   0.00596  -0.1576
   4.750   1.1530   0.01383   0.00605  -0.1551
   5.000   1.1686   0.01442   0.00620  -0.1526
   5.250   1.1814   0.01516   0.00642  -0.1504
   5.500   1.1951   0.01643   0.00708  -0.1477
   5.750   1.2090   0.01806   0.00808  -0.1445
   6.000   1.2237   0.01992   0.00939  -0.1411
   6.500   1.2392   0.02185   0.01097  -0.1375
   6.750   1.2540   0.02369   0.01270  -0.1338
   7.000   1.2689   0.02538   0.01453  -0.1303
   7.250   1.2814   0.02715   0.01650  -0.1267
   7.500   1.2899   0.02909   0.01863  -0.1231
   7.750   1.2933   0.03131   0.02091  -0.1195
