Smoothened XFOIL polar
 10-point moving average applied

   alpha    CL        CD       CDp       CM
  ------ -------- --------- --------- --------
 -20.000  -0.6252   0.24638   0.23665   0.0178
 -19.750  -0.6132   0.24335   0.23365   0.0149
 -19.000  -0.5919   0.23669   0.22705   0.0109
 -18.250  -0.5649   0.22768   0.21813   0.0062
 -17.250  -0.5354   0.21762   0.20817   0.0012
 -17.000  -0.5076   0.20792   0.19856  -0.0035
 -15.500  -0.4900   0.20254   0.19323  -0.0073
 -15.250  -0.4739   0.19703   0.18777  -0.0107
 -15.000  -0.4583   0.19124   0.18205  -0.0137
 -14.750  -0.4415   0.18458   0.17548  -0.0164
 -13.500  -0.4288   0.17904   0.17002  -0.0179
 -13.000  -0.4122   0.17187   0.16294  -0.0197
 -12.750  -0.4001   0.16617   0.15732  -0.0213
 -12.500  -0.3914   0.16185   0.15306  -0.0225
 -12.250  -0.3884   0.16024   0.15148  -0.0228
 -12.000  -0.3893   0.15877   0.15002  -0.0236
 -11.750  -0.3783   0.15556   0.14692  -0.0246
 -11.500  -0.3665   0.15064   0.14212  -0.0255
 -11.000  -0.3538   0.14384   0.13547  -0.0261
 -10.000  -0.3457   0.13643   0.12820  -0.0266
  -9.500  -0.3354   0.13020   0.12215  -0.0272
  -9.000  -0.3276   0.12403   0.11613  -0.0272
  -8.750  -0.3256   0.11938   0.11158  -0.0267
  -8.500  -0.3304   0.11707   0.10931  -0.0265
  -8.250  -0.3298   0.11505   0.10740  -0.0261
  -8.000  -0.3364   0.11266   0.10510  -0.0251
  -7.750  -0.3445   0.10935   0.10191  -0.0236
  -7.250  -0.3566   0.10581   0.09846  -0.0222
  -6.750  -0.3578   0.10250   0.09535  -0.0205
  -6.500  -0.3568   0.09919   0.09226  -0.0185
  -6.250  -0.3560   0.09618   0.08941  -0.0173
  -6.000  -0.3536   0.09335   0.08669  -0.0169
  -5.750  -0.3527   0.09074   0.08415  -0.0170
  -5.500  -0.3535   0.08804   0.08150  -0.0170
  -5.250  -0.3628   0.08606   0.07968  -0.0149
  -5.000  -0.3610   0.08163   0.07527  -0.0182
  -4.750  -0.3244   0.07384   0.06726  -0.0274
  -4.250  -0.2614   0.06395   0.05694  -0.0409
  -3.750  -0.1819   0.05297   0.04523  -0.0570
  -3.000  -0.0968   0.04266   0.03409  -0.0727
  -2.750  -0.0179   0.03451   0.02508  -0.0854
  -2.500   0.0420   0.02992   0.01981  -0.0924
  -2.250   0.0737   0.02918   0.01873  -0.0924
  -2.000   0.0981   0.02870   0.01802  -0.0928
  -1.750   0.1283   0.02801   0.01704  -0.0941
  -1.500   0.1588   0.02702   0.01627  -0.0951
  -1.250   0.1877   0.02581   0.01550  -0.0955
  -1.000   0.2136   0.02476   0.01499  -0.0954
  -0.750   0.2375   0.02397   0.01467  -0.0950
  -0.500   0.2593   0.02356   0.01456  -0.0945
  -0.250   0.2796   0.02364   0.01470  -0.0941
   0.000   0.2989   0.02426   0.01510  -0.0940
   0.250   0.3192   0.02535   0.01572  -0.0946
   0.500   0.3401   0.02623   0.01646  -0.0951
   0.750   0.3568   0.02716   0.01728  -0.0950
   1.000   0.3763   0.02821   0.01821  -0.0956
   1.250   0.4004   0.02935   0.01929  -0.0972
   1.500   0.4316   0.03056   0.02046  -0.1001
   1.750   0.4691   0.03177   0.02166  -0.1042
   2.000   0.5106   0.03295   0.02283  -0.1088
   2.250   0.5553   0.03403   0.02391  -0.1138
   2.500   0.5987   0.03498   0.02486  -0.1183
   2.750   0.6372   0.03582   0.02569  -0.1217
   3.000   0.6748   0.03658   0.02643  -0.1247
   3.250   0.7090   0.03722   0.02707  -0.1273
   3.500   0.7483   0.03783   0.02770  -0.1298
   3.750   0.7896   0.03838   0.02831  -0.1319
   4.000   0.8338   0.03875   0.02875  -0.1337
   4.500   0.8807   0.03886   0.02896  -0.1354
   4.750   0.9287   0.03857   0.02879  -0.1367
   5.000   0.9759   0.03797   0.02833  -0.1378
   5.250   1.0230   0.03697   0.02752  -0.1387
   5.500   1.0667   0.03494   0.02559  -0.1382
   5.750   1.1101   0.03246   0.02312  -0.1363
   6.000   1.1470   0.02996   0.02053  -0.1330
   6.250   1.1761   0.02768   0.01812  -0.1285
   6.500   1.1929   0.02619   0.01631  -0.1228
   6.750   1.1965   0.02621   0.01569  -0.1163
   7.000   1.1884   0.02772   0.01639  -0.1102
   7.250   1.1704   0.03012   0.01795  -0.1039
   7.500   1.1691   0.03400   0.02112  -0.0980
   7.750   1.1866   0.03946   0.02615  -0.0938
   8.250   1.2260   0.04494   0.03155  -0.0922
   8.750   1.2811   0.04860   0.03562  -0.0892
   9.000   1.2941   0.05279   0.04076  -0.0786
   9.250   1.2677   0.07032   0.05946  -0.0767
  10.000   1.2088   0.09715   0.08747  -0.0824
  12.000   1.1395   0.13279   0.12406  -0.0944
  14.000   1.0810   0.17836   0.17046  -0.1163
  15.500   1.0648   0.22177   0.21429  -0.1412
  17.750   1.1152   0.25644   0.24882  -0.1659
  19.750   1.2565   0.27580   0.26732  -0.1874
