Smoothened XFOIL polar
 10-point moving average applied

   alpha    CL        CD       CDp       CM
  ------ -------- --------- --------- --------
 -17.500  -0.4575   0.20458   0.19929  -0.0094
 -12.250  -0.3754   0.16929   0.16431  -0.0175
 -12.000  -0.3351   0.15002   0.14520  -0.0225
 -11.750  -0.3244   0.14232   0.13758  -0.0249
 -11.500  -0.3312   0.14179   0.13708  -0.0255
 -11.250  -0.3399   0.14382   0.13911  -0.0246
 -10.500  -0.3313   0.13919   0.13454  -0.0246
 -10.000  -0.3158   0.13318   0.12864  -0.0240
  -9.500  -0.3145   0.12601   0.12158  -0.0224
  -8.500  -0.3209   0.11902   0.11471  -0.0203
  -7.500  -0.3359   0.11339   0.10919  -0.0181
  -7.000  -0.3518   0.10873   0.10466  -0.0160
  -6.750  -0.3660   0.10547   0.10152  -0.0124
  -6.250  -0.3642   0.10295   0.09910  -0.0105
  -6.000  -0.3630   0.09998   0.09616  -0.0086
  -5.750  -0.3553   0.09636   0.09256  -0.0088
  -5.250  -0.3316   0.09122   0.08744  -0.0146
  -5.000  -0.3060   0.08618   0.08242  -0.0224
  -4.500  -0.2837   0.08064   0.07709  -0.0316
  -4.000  -0.2182   0.07102   0.06728  -0.0488
  -3.750  -0.1200   0.05946   0.05508  -0.0696
  -3.250   0.0012   0.04712   0.04182  -0.0919
  -2.250   0.1161   0.03647   0.03014  -0.1107
  -1.750   0.2193   0.02791   0.02060  -0.1257
  -1.500   0.3109   0.02163   0.01361  -0.1368
  -1.250   0.3589   0.02008   0.01159  -0.1396
  -1.000   0.3874   0.02132   0.01311  -0.1386
  -0.750   0.4315   0.02057   0.01266  -0.1413
  -0.500   0.4823   0.01967   0.01211  -0.1444
   0.000   0.5338   0.01870   0.01165  -0.1474
   0.250   0.5831   0.01762   0.01119  -0.1499
   0.500   0.6273   0.01656   0.01071  -0.1515
   0.750   0.6652   0.01564   0.01020  -0.1524
   1.000   0.6982   0.01493   0.00957  -0.1531
   1.250   0.7361   0.01419   0.00892  -0.1543
   1.500   0.7763   0.01359   0.00827  -0.1560
   1.750   0.8193   0.01315   0.00768  -0.1585
   2.000   0.8646   0.01280   0.00717  -0.1616
   2.250   0.9081   0.01252   0.00676  -0.1643
   2.500   0.9493   0.01238   0.00647  -0.1666
   2.750   0.9868   0.01237   0.00630  -0.1682
   3.000   1.0209   0.01248   0.00622  -0.1691
   3.250   1.0478   0.01266   0.00622  -0.1692
   3.500   1.0750   0.01297   0.00632  -0.1684
   3.750   1.1025   0.01339   0.00650  -0.1672
   4.000   1.1298   0.01387   0.00677  -0.1656
   4.500   1.1565   0.01439   0.00707  -0.1638
   4.750   1.1807   0.01494   0.00739  -0.1617
   5.000   1.2008   0.01551   0.00771  -0.1591
   5.250   1.2167   0.01607   0.00802  -0.1565
   5.500   1.2283   0.01657   0.00830  -0.1539
   5.750   1.2416   0.01713   0.00862  -0.1511
   6.000   1.2558   0.01768   0.00896  -0.1486
   6.250   1.2715   0.01822   0.00934  -0.1464
   6.500   1.2879   0.01875   0.00972  -0.1444
   6.750   1.3058   0.01896   0.00983  -0.1431
   7.000   1.3201   0.01983   0.01043  -0.1406
   7.250   1.3318   0.02122   0.01147  -0.1372
   7.500   1.3420   0.02295   0.01284  -0.1333
   8.000   1.3516   0.02485   0.01444  -0.1292
   8.250   1.3616   0.02672   0.01613  -0.1253
   8.500   1.3725   0.02838   0.01776  -0.1218
   8.750   1.3848   0.02966   0.01915  -0.1190
   9.000   1.3990   0.03040   0.02015  -0.1173
   9.250   1.4103   0.03156   0.02149  -0.1148
   9.500   1.4195   0.03286   0.02297  -0.1121
   9.750   1.4263   0.03434   0.02464  -0.1092
  10.000   1.4304   0.03605   0.02653  -0.1062
  10.250   1.4229   0.03696   0.02752  -0.1029
  10.500   1.4199   0.03883   0.02952  -0.0998
  10.750   1.4300   0.04248   0.03339  -0.0971
  11.000   1.4615   0.04872   0.04003  -0.0951
  11.750   1.5225   0.05837   0.05030  -0.0940
