Smoothened XFOIL polar
 10-point moving average applied

   alpha    CL        CD       CDp       CM
  ------ -------- --------- --------- --------
 -18.250  -0.5909   0.22724   0.22301   0.0257
 -16.500  -0.4380   0.20035   0.19639   0.0006
 -14.750  -0.3647   0.18323   0.17936  -0.0123
 -13.500  -0.3474   0.17247   0.16857  -0.0166
 -13.250  -0.3627   0.16465   0.16068  -0.0159
 -12.750  -0.3764   0.15521   0.15121  -0.0146
 -11.250  -0.3912   0.14241   0.13878  -0.0137
 -10.250  -0.3609   0.11989   0.11635  -0.0223
  -8.000  -0.2921   0.09082   0.08693  -0.0377
  -5.750  -0.1963   0.06189   0.05734  -0.0564
  -4.000  -0.1046   0.03781   0.03233  -0.0731
  -3.750  -0.0154   0.01975   0.01329  -0.0876
  -3.500   0.0662   0.01045   0.00317  -0.0977
  -3.250   0.1241   0.00830   0.00063  -0.1017
  -3.000   0.1374   0.01145   0.00403  -0.0989
  -2.750   0.1714   0.01142   0.00420  -0.1008
  -2.500   0.2044   0.01123   0.00418  -0.1024
  -2.250   0.2357   0.01100   0.00412  -0.1038
  -2.000   0.2664   0.01075   0.00397  -0.1050
  -1.750   0.2914   0.01028   0.00384  -0.1054
  -1.500   0.3194   0.00969   0.00370  -0.1054
  -1.250   0.3504   0.00907   0.00356  -0.1053
  -1.000   0.3828   0.00850   0.00343  -0.1051
  -0.500   0.4160   0.00807   0.00329  -0.1048
  -0.250   0.4494   0.00781   0.00316  -0.1047
   0.000   0.4814   0.00777   0.00305  -0.1048
   0.250   0.5107   0.00789   0.00297  -0.1051
   0.500   0.5332   0.00794   0.00295  -0.1048
   0.750   0.5591   0.00798   0.00292  -0.1046
   1.000   0.5849   0.00803   0.00289  -0.1044
   1.250   0.6105   0.00809   0.00285  -0.1041
   1.500   0.6356   0.00817   0.00281  -0.1037
   1.750   0.6602   0.00828   0.00276  -0.1031
   2.000   0.6845   0.00843   0.00272  -0.1025
   2.250   0.7086   0.00859   0.00272  -0.1019
   2.500   0.7328   0.00878   0.00274  -0.1014
   2.750   0.7549   0.00896   0.00278  -0.1009
   3.000   0.7810   0.00920   0.00287  -0.1006
   3.250   0.8098   0.00947   0.00301  -0.1002
   3.500   0.8400   0.00977   0.00316  -0.0998
   4.000   0.8704   0.00987   0.00324  -0.0996
   4.250   0.8988   0.01026   0.00342  -0.0990
   4.500   0.9282   0.01114   0.00385  -0.0979
   4.750   0.9544   0.01229   0.00442  -0.0964
   5.250   0.9780   0.01346   0.00488  -0.0951
   5.750   1.0130   0.01493   0.00569  -0.0934
   6.000   1.0525   0.01652   0.00681  -0.0913
   6.500   1.1265  -0.00025  -0.01064  -0.0874
   7.250   1.1757  -0.00488  -0.01521  -0.0844
   7.500   1.1654   0.01738   0.00790  -0.0833
   7.750   1.0631   0.08102   0.07343  -0.0849
  18.500   0.8366   0.20055   0.19613  -0.0906
