Smoothened XFOIL polar
 10-point moving average applied

   alpha    CL        CD       CDp       CM
  ------ -------- --------- --------- --------
 -11.500  -0.3515   0.14619   0.14132  -0.0225
 -11.000  -0.3511   0.14074   0.13606  -0.0241
 -10.500  -0.3443   0.13391   0.12934  -0.0243
  -9.000  -0.3346   0.12644   0.12192  -0.0233
  -8.500  -0.3252   0.11905   0.11455  -0.0215
  -8.250  -0.3252   0.11238   0.10797  -0.0192
  -7.750  -0.3265   0.10828   0.10402  -0.0168
  -7.500  -0.3418   0.10640   0.10228  -0.0145
  -6.250  -0.3623   0.10420   0.10024  -0.0093
  -6.000  -0.3657   0.09936   0.09553  -0.0084
  -5.500  -0.3553   0.09302   0.08927  -0.0118
  -5.250  -0.3322   0.08605   0.08242  -0.0204
  -4.000  -0.2563   0.07598   0.07221  -0.0392
  -3.750  -0.1503   0.06270   0.05837  -0.0639
  -3.250  -0.0188   0.04911   0.04391  -0.0897
  -2.250   0.1102   0.03684   0.03063  -0.1120
  -1.750   0.2237   0.02886   0.02172  -0.1261
  -1.250   0.3242   0.02254   0.01466  -0.1367
  -1.000   0.3899   0.02008   0.01173  -0.1405
  -0.750   0.4242   0.02090   0.01264  -0.1405
  -0.500   0.4630   0.02048   0.01251  -0.1427
  -0.250   0.5009   0.01976   0.01215  -0.1452
   0.000   0.5419   0.01897   0.01182  -0.1477
   0.250   0.5821   0.01803   0.01147  -0.1499
   0.500   0.6198   0.01707   0.01108  -0.1514
   0.750   0.6536   0.01620   0.01063  -0.1524
   1.000   0.6924   0.01540   0.00997  -0.1534
   1.250   0.7360   0.01459   0.00923  -0.1547
   1.500   0.7866   0.01382   0.00842  -0.1570
   2.000   0.8408   0.01320   0.00766  -0.1602
   2.250   0.8951   0.01277   0.00705  -0.1636
   2.500   0.9455   0.01242   0.00657  -0.1667
   2.750   0.9884   0.01228   0.00628  -0.1690
   3.000   1.0208   0.01237   0.00620  -0.1701
   3.250   1.0520   0.01254   0.00618  -0.1705
   3.500   1.0778   0.01276   0.00621  -0.1704
   3.750   1.1050   0.01310   0.00635  -0.1697
   4.000   1.1316   0.01354   0.00657  -0.1683
   4.250   1.1560   0.01409   0.00684  -0.1661
   4.750   1.1778   0.01471   0.00715  -0.1634
   5.000   1.1974   0.01536   0.00748  -0.1604
   5.250   1.2146   0.01601   0.00782  -0.1574
   5.500   1.2294   0.01663   0.00815  -0.1545
   5.750   1.2425   0.01715   0.00846  -0.1523
   6.000   1.2587   0.01770   0.00881  -0.1502
   6.250   1.2754   0.01824   0.00917  -0.1482
   6.500   1.2907   0.01888   0.00959  -0.1461
   6.750   1.3047   0.01945   0.00984  -0.1442
   7.000   1.3176   0.02056   0.01061  -0.1414
   7.250   1.3296   0.02211   0.01187  -0.1380
   7.500   1.3406   0.02379   0.01333  -0.1345
   8.000   1.3538   0.02572   0.01522  -0.1305
   8.250   1.3678   0.02773   0.01734  -0.1262
   8.500   1.3816   0.02967   0.01952  -0.1219
   9.000   1.3932   0.03150   0.02161  -0.1179
   9.250   1.4014   0.03308   0.02343  -0.1143
   9.500   1.4090   0.03513   0.02562  -0.1108
   9.750   1.4124   0.03728   0.02789  -0.1075
  10.000   1.4136   0.03969   0.03043  -0.1042
  10.250   1.4130   0.04241   0.03331  -0.1010
  10.500   1.4112   0.04549   0.03663  -0.0977
