Smoothened XFOIL polar
 10-point moving average applied

   alpha    CL        CD       CDp       CM
  ------ -------- --------- --------- --------
 -19.750  -0.5593   0.23929   0.23364   0.0081
 -18.000  -0.4881   0.21952   0.21409  -0.0026
 -17.250  -0.4389   0.20629   0.20100  -0.0098
 -16.500  -0.4084   0.19798   0.19276  -0.0143
 -16.250  -0.3931   0.19293   0.18774  -0.0167
 -15.000  -0.4056   0.19090   0.18562  -0.0168
 -14.750  -0.3933   0.18370   0.17843  -0.0197
 -14.250  -0.3979   0.17815   0.17286  -0.0201
 -13.750  -0.3813   0.17125   0.16603  -0.0222
 -13.000  -0.3925   0.16586   0.16059  -0.0211
 -12.750  -0.3873   0.15936   0.15410  -0.0213
 -12.500  -0.3667   0.15579   0.15064  -0.0232
 -12.250  -0.3604   0.15284   0.14772  -0.0239
 -12.000  -0.3650   0.15281   0.14769  -0.0255
 -11.750  -0.3732   0.15029   0.14515  -0.0262
 -11.500  -0.3625   0.14949   0.14439  -0.0279
 -11.250  -0.3492   0.14427   0.13926  -0.0287
 -10.750  -0.3389   0.13596   0.13106  -0.0277
 -10.250  -0.3379   0.12388   0.11915  -0.0260
  -8.000  -0.3364   0.11093   0.10644  -0.0250
  -7.250  -0.3439   0.09836   0.09413  -0.0223
  -6.000  -0.3617   0.08907   0.08506  -0.0198
  -5.500  -0.3776   0.08124   0.07738  -0.0188
  -5.250  -0.3681   0.07684   0.07320  -0.0235
  -5.000  -0.3207   0.06725   0.06337  -0.0350
  -4.500  -0.2527   0.05617   0.05164  -0.0501
  -4.000  -0.1784   0.04423   0.03885  -0.0670
  -3.750  -0.0946   0.03289   0.02653  -0.0833
  -3.500  -0.0124   0.02461   0.01736  -0.0952
  -3.250   0.0536   0.02028   0.01234  -0.1023
  -2.750   0.1050   0.01919   0.01091  -0.1060
  -2.500   0.1512   0.02000   0.01179  -0.1090
  -2.250   0.2003   0.01902   0.01076  -0.1131
  -2.000   0.2441   0.01820   0.01000  -0.1167
  -1.750   0.2831   0.01783   0.00992  -0.1204
  -1.500   0.3232   0.01712   0.00973  -0.1237
  -1.250   0.3606   0.01636   0.00958  -0.1262
  -1.000   0.3964   0.01563   0.00942  -0.1283
  -0.750   0.4311   0.01506   0.00927  -0.1299
  -0.500   0.4645   0.01467   0.00909  -0.1312
  -0.250   0.4981   0.01444   0.00885  -0.1325
   0.000   0.5335   0.01435   0.00859  -0.1343
   0.250   0.5715   0.01424   0.00837  -0.1368
   0.500   0.6073   0.01404   0.00814  -0.1386
   0.750   0.6392   0.01383   0.00793  -0.1401
   1.000   0.6642   0.01357   0.00769  -0.1419
   1.250   0.7115   0.01319   0.00727  -0.1435
   1.500   0.7762   0.01279   0.00676  -0.1446
   2.000   0.8550   0.01251   0.00629  -0.1450
   3.500   0.9378   0.01237   0.00589  -0.1447
   4.000   1.0130   0.01245   0.00563  -0.1433
   4.500   1.0716   0.01277   0.00554  -0.1411
   4.750   1.1050   0.01330   0.00565  -0.1386
   5.000   1.1147   0.01388   0.00586  -0.1363
   5.250   1.1299   0.01450   0.00603  -0.1341
   5.500   1.1421   0.01540   0.00637  -0.1319
   5.750   1.1553   0.01666   0.00701  -0.1297
   6.000   1.1674   0.01813   0.00788  -0.1273
   6.250   1.1793   0.01973   0.00898  -0.1246
   6.500   1.1868   0.02054   0.00950  -0.1221
   6.750   1.2150   0.00408  -0.00752  -0.1142
   7.000   1.2596   0.01964   0.00849  -0.1176
   7.250   1.2079   0.05570   0.04582  -0.1148
   8.000   1.1611   0.10715   0.09883  -0.1181
  17.500   1.1169   0.16651   0.15985  -0.1276
  18.750   1.0894   0.22834   0.22317  -0.1456
  19.250   1.0926   0.28717   0.28310  -0.1740
