Smoothened XFOIL polar
 10-point moving average applied

   alpha    CL        CD       CDp       CM
  ------ -------- --------- --------- --------
 -19.500  -0.6080   0.23781   0.23096   0.0198
 -19.000  -0.6241   0.23475   0.22776   0.0196
 -18.750  -0.5985   0.22973   0.22279   0.0148
 -18.000  -0.5482   0.22346   0.21670   0.0072
 -17.500  -0.4899   0.21664   0.21010  -0.0010
 -17.250  -0.4612   0.21075   0.20431  -0.0054
 -17.000  -0.4454   0.20493   0.19852  -0.0081
 -16.750  -0.4457   0.20022   0.19378  -0.0083
 -15.750  -0.4590   0.19574   0.18923  -0.0068
 -15.500  -0.4967   0.19416   0.18744  -0.0035
 -15.250  -0.4781   0.18991   0.18324  -0.0059
 -15.000  -0.4450   0.18670   0.18015  -0.0107
 -14.750  -0.4337   0.18513   0.17863  -0.0128
 -14.500  -0.4233   0.18204   0.17558  -0.0148
 -14.250  -0.4163   0.17840   0.17196  -0.0162
 -13.750  -0.4130   0.17432   0.16789  -0.0169
 -13.500  -0.4135   0.16991   0.16347  -0.0168
 -13.250  -0.4187   0.16580   0.15932  -0.0162
 -13.000  -0.4090   0.16302   0.15659  -0.0183
 -12.750  -0.3978   0.16204   0.15567  -0.0205
 -12.500  -0.3906   0.15938   0.15305  -0.0218
 -12.250  -0.3753   0.15709   0.15085  -0.0236
 -12.000  -0.3647   0.15506   0.14888  -0.0247
 -11.750  -0.3562   0.15057   0.14442  -0.0249
 -11.500  -0.3454   0.14540   0.13933  -0.0257
 -11.250  -0.3468   0.14093   0.13490  -0.0270
 -10.250  -0.3445   0.13620   0.13022  -0.0285
  -9.750  -0.3366   0.13018   0.12435  -0.0300
  -9.500  -0.3409   0.12212   0.11641  -0.0298
  -8.750  -0.3327   0.11585   0.11033  -0.0291
  -7.750  -0.3363   0.10871   0.10335  -0.0271
  -7.250  -0.3438   0.10021   0.09502  -0.0237
  -7.000  -0.3474   0.09245   0.08745  -0.0229
  -5.750  -0.3561   0.08620   0.08132  -0.0231
  -5.500  -0.3485   0.07984   0.07506  -0.0251
  -5.000  -0.3424   0.07411   0.06936  -0.0291
  -4.750  -0.3487   0.07118   0.06675  -0.0308
  -4.500  -0.3118   0.06522   0.06049  -0.0377
  -4.250  -0.2544   0.05577   0.05033  -0.0480
  -4.000  -0.1843   0.04585   0.03948  -0.0587
  -3.250  -0.1073   0.03585   0.02844  -0.0701
  -3.000  -0.0357   0.02762   0.01927  -0.0789
  -2.750   0.0232   0.02196   0.01289  -0.0853
  -2.500   0.0607   0.02000   0.01061  -0.0877
  -2.250   0.0699   0.02243   0.01333  -0.0854
  -2.000   0.1024   0.02188   0.01269  -0.0872
  -1.750   0.1416   0.02127   0.01218  -0.0905
  -1.500   0.1827   0.02055   0.01190  -0.0940
  -1.250   0.2256   0.01980   0.01173  -0.0977
  -1.000   0.2685   0.01915   0.01166  -0.1014
  -0.750   0.3095   0.01868   0.01167  -0.1047
  -0.500   0.3487   0.01842   0.01167  -0.1075
  -0.250   0.3873   0.01839   0.01166  -0.1103
   0.000   0.4261   0.01860   0.01166  -0.1131
   0.250   0.4665   0.01881   0.01165  -0.1164
   0.500   0.5046   0.01886   0.01163  -0.1190
   0.750   0.5388   0.01889   0.01163  -0.1212
   1.000   0.5783   0.01883   0.01155  -0.1236
   1.250   0.6214   0.01870   0.01140  -0.1259
   1.500   0.6668   0.01846   0.01116  -0.1281
   2.000   0.7126   0.01817   0.01085  -0.1302
   2.250   0.7564   0.01785   0.01052  -0.1318
   2.500   0.7966   0.01754   0.01018  -0.1329
   2.750   0.8315   0.01726   0.00989  -0.1336
   3.000   0.8601   0.01700   0.00962  -0.1337
   3.250   0.8819   0.01668   0.00937  -0.1347
   3.500   0.9185   0.01642   0.00902  -0.1338
   3.750   0.9648   0.01628   0.00863  -0.1316
   4.000   1.0153   0.01629   0.00830  -0.1283
   5.500   1.0652   0.01646   0.00805  -0.1244
   5.750   1.1095   0.01686   0.00793  -0.1203
   6.000   1.1419   0.01780   0.00817  -0.1164
   6.250   1.1584   0.01930   0.00893  -0.1129
   6.500   1.1569   0.02117   0.01022  -0.1107
   6.750   1.1575   0.02215   0.01057  -0.1078
   7.000   1.1606   0.02421   0.01219  -0.1043
   7.250   1.1728   0.02791   0.01581  -0.0998
   7.500   1.2001   0.03393   0.02227  -0.0941
   8.500   1.2483   0.04299   0.03243  -0.0868
