Smoothened XFOIL polar
 10-point moving average applied

   alpha    CL        CD       CDp       CM
  ------ -------- --------- --------- --------
 -18.250  -0.3740   0.20862   0.20425  -0.0146
 -16.500  -0.3734   0.20616   0.20172  -0.0166
 -16.250  -0.3754   0.20033   0.19584  -0.0178
 -16.000  -0.3780   0.19204   0.18751  -0.0185
 -14.750  -0.3791   0.18215   0.17761  -0.0189
 -13.500  -0.3724   0.17236   0.16785  -0.0200
 -13.250  -0.3639   0.16124   0.15676  -0.0215
 -12.000  -0.3591   0.15270   0.14823  -0.0229
 -11.750  -0.3447   0.14573   0.14131  -0.0249
 -11.500  -0.3481   0.13985   0.13544  -0.0249
 -11.250  -0.3329   0.13654   0.13213  -0.0276
 -10.000  -0.3245   0.13092   0.12668  -0.0267
  -9.750  -0.3347   0.12060   0.11656  -0.0237
  -9.500  -0.3309   0.10726   0.10346  -0.0246
  -6.000  -0.3267   0.09245   0.08884  -0.0278
  -5.500  -0.3210   0.07989   0.07659  -0.0345
  -5.000  -0.2802   0.06378   0.06030  -0.0471
  -4.750  -0.2134   0.04857   0.04440  -0.0633
  -4.500  -0.1302   0.03854   0.03336  -0.0805
  -4.000  -0.0557   0.02815   0.02197  -0.0917
  -3.750   0.0063   0.02073   0.01365  -0.0989
  -3.500   0.0596   0.01565   0.00792  -0.1045
  -3.250   0.1045   0.01423   0.00626  -0.1073
  -3.000   0.1410   0.01597   0.00826  -0.1091
  -2.750   0.1865   0.01567   0.00805  -0.1123
  -2.250   0.2339   0.01501   0.00751  -0.1157
  -2.000   0.2811   0.01433   0.00698  -0.1193
  -1.750   0.3251   0.01354   0.00659  -0.1224
  -1.500   0.3627   0.01278   0.00638  -0.1247
  -1.250   0.3929   0.01212   0.00627  -0.1261
  -1.000   0.4252   0.01148   0.00610  -0.1273
  -0.750   0.4574   0.01094   0.00588  -0.1283
  -0.500   0.4885   0.01055   0.00564  -0.1290
  -0.250   0.5205   0.01032   0.00536  -0.1299
   0.000   0.5533   0.01023   0.00510  -0.1311
   0.250   0.5856   0.01009   0.00490  -0.1323
   0.500   0.6166   0.00995   0.00472  -0.1330
   0.750   0.6448   0.00983   0.00457  -0.1338
   1.000   0.6767   0.00973   0.00443  -0.1343
   1.250   0.7082   0.00965   0.00430  -0.1347
   1.500   0.7419   0.00960   0.00416  -0.1347
   2.000   0.7816   0.00962   0.00402  -0.1344
   2.250   0.8241   0.00971   0.00392  -0.1336
   2.750   0.8604   0.00976   0.00382  -0.1330
   3.250   0.9028   0.01003   0.00385  -0.1318
   3.500   0.9447   0.01053   0.00399  -0.1302
   3.750   0.9873   0.01118   0.00423  -0.1282
   4.750   1.0223   0.01179   0.00446  -0.1263
   5.000   1.0547   0.01277   0.00485  -0.1241
   5.250   1.0834   0.01396   0.00530  -0.1218
   5.500   1.1083   0.01541   0.00604  -0.1195
   6.000   1.1249   0.01697   0.00700  -0.1174
   6.250   1.1432   0.01866   0.00829  -0.1149
   6.750   1.1678   0.02045   0.00998  -0.1119
   7.000   1.2029   0.02231   0.01214  -0.1081
