Smoothened XFOIL polar
 10-point moving average applied

   alpha    CL        CD       CDp       CM
  ------ -------- --------- --------- --------
 -20.000  -0.6118   0.24987   0.24401   0.0132
 -19.750  -0.5898   0.24203   0.23620   0.0089
 -19.250  -0.5649   0.23246   0.22669   0.0046
 -17.500  -0.5390   0.22214   0.21646   0.0005
 -17.000  -0.5142   0.21206   0.20647  -0.0033
 -16.500  -0.4942   0.20377   0.19824  -0.0062
 -16.250  -0.4784   0.19737   0.19187  -0.0084
 -16.000  -0.4692   0.19448   0.18898  -0.0101
 -15.500  -0.4572   0.19021   0.18472  -0.0122
 -14.750  -0.4478   0.18722   0.18174  -0.0149
 -14.500  -0.4371   0.18325   0.17779  -0.0175
 -14.250  -0.4272   0.17897   0.17356  -0.0194
 -13.750  -0.4240   0.17459   0.16919  -0.0201
 -13.500  -0.4084   0.17090   0.16558  -0.0209
 -13.250  -0.3933   0.16634   0.16108  -0.0214
 -13.000  -0.3806   0.16201   0.15681  -0.0215
 -12.750  -0.3720   0.15861   0.15343  -0.0219
 -12.500  -0.3742   0.15833   0.15314  -0.0233
 -12.250  -0.3707   0.15691   0.15175  -0.0254
 -11.750  -0.3668   0.15010   0.14502  -0.0267
 -11.500  -0.3614   0.14028   0.13529  -0.0276
  -9.750  -0.3499   0.12859   0.12381  -0.0260
  -8.000  -0.3474   0.11511   0.11055  -0.0252
  -7.750  -0.3494   0.10172   0.09734  -0.0253
  -6.500  -0.3555   0.09142   0.08724  -0.0243
  -6.000  -0.3677   0.08627   0.08220  -0.0237
  -5.750  -0.3763   0.08420   0.08026  -0.0226
  -5.500  -0.3724   0.07940   0.07552  -0.0242
  -5.250  -0.3537   0.07495   0.07106  -0.0283
  -5.000  -0.3279   0.06966   0.06585  -0.0335
  -4.500  -0.2820   0.06066   0.05650  -0.0460
  -4.250  -0.2208   0.05118   0.04668  -0.0614
  -4.000  -0.1457   0.04188   0.03681  -0.0760
  -3.750  -0.0687   0.03365   0.02782  -0.0890
  -3.250  -0.0004   0.02809   0.02145  -0.0976
  -3.000   0.0654   0.02361   0.01622  -0.1053
  -2.750   0.1198   0.02142   0.01351  -0.1099
  -2.500   0.1647   0.02083   0.01268  -0.1131
  -2.250   0.2066   0.01917   0.01077  -0.1165
  -2.000   0.2470   0.01899   0.01075  -0.1198
  -1.750   0.2912   0.01844   0.01039  -0.1241
  -1.500   0.3316   0.01774   0.01018  -0.1275
  -1.250   0.3702   0.01700   0.01004  -0.1303
  -1.000   0.4066   0.01627   0.00992  -0.1326
  -0.750   0.4406   0.01566   0.00980  -0.1341
  -0.500   0.4740   0.01523   0.00964  -0.1354
  -0.250   0.5076   0.01495   0.00941  -0.1367
   0.000   0.5399   0.01486   0.00920  -0.1384
   0.250   0.5797   0.01480   0.00897  -0.1408
   0.500   0.6216   0.01454   0.00867  -0.1429
   0.750   0.6610   0.01424   0.00836  -0.1451
   1.250   0.7105   0.01382   0.00791  -0.1473
   1.500   0.7652   0.01333   0.00737  -0.1493
   1.750   0.8155   0.01283   0.00682  -0.1509
   2.500   0.8702   0.01242   0.00631  -0.1520
   2.750   0.9212   0.01219   0.00596  -0.1521
   3.000   0.9729   0.01209   0.00572  -0.1519
   3.750   1.0176   0.01214   0.00562  -0.1514
   4.000   1.0486   0.01238   0.00566  -0.1501
   4.250   1.0791   0.01268   0.00568  -0.1483
   4.500   1.1016   0.01307   0.00574  -0.1463
   4.750   1.1145   0.01351   0.00584  -0.1443
   5.000   1.1314   0.01402   0.00596  -0.1420
   5.250   1.1473   0.01466   0.00615  -0.1398
   5.500   1.1614   0.01566   0.00657  -0.1375
   5.750   1.1739   0.01698   0.00728  -0.1351
   6.000   1.1851   0.01852   0.00821  -0.1324
   6.250   1.1996   0.02052   0.00969  -0.1302
   6.500   1.2055   0.02128   0.01024  -0.1267
   6.750   1.2144   0.02224   0.01121  -0.1232
   7.000   1.2248   0.02367   0.01280  -0.1193
   7.250   1.2381   0.02594   0.01533  -0.1147
   7.750   1.2553   0.02942   0.01912  -0.1095
