Smoothened XFOIL polar
 10-point moving average applied

   alpha    CL        CD       CDp       CM
  ------ -------- --------- --------- --------
 -17.000  -0.4992   0.20819   0.20336  -0.0061
 -16.250  -0.4837   0.20281   0.19804  -0.0085
 -16.000  -0.4710   0.19793   0.19320  -0.0103
 -15.750  -0.4605   0.19357   0.18885  -0.0117
 -15.250  -0.4519   0.18975   0.18503  -0.0129
 -15.000  -0.4484   0.18888   0.18415  -0.0139
 -14.750  -0.4413   0.18621   0.18148  -0.0152
 -14.500  -0.4271   0.17992   0.17523  -0.0168
 -14.250  -0.4098   0.16966   0.16506  -0.0191
 -12.500  -0.3913   0.15632   0.15184  -0.0216
 -10.750  -0.3746   0.14223   0.13790  -0.0239
  -9.500  -0.3624   0.13062   0.12640  -0.0263
  -9.250  -0.3573   0.12106   0.11693  -0.0275
  -9.000  -0.3578   0.11574   0.11171  -0.0267
  -8.750  -0.3588   0.11120   0.10728  -0.0234
  -7.750  -0.3647   0.10577   0.10200  -0.0178
  -7.000  -0.3733   0.09927   0.09564  -0.0144
  -6.500  -0.3793   0.09204   0.08853  -0.0138
  -6.000  -0.3675   0.08362   0.08014  -0.0205
  -5.750  -0.3386   0.07583   0.07232  -0.0329
  -5.250  -0.2832   0.06620   0.06256  -0.0499
  -4.750  -0.2187   0.05765   0.05403  -0.0669
  -4.250  -0.1312   0.04872   0.04482  -0.0843
  -3.750  -0.0319   0.04020   0.03570  -0.0997
  -3.500   0.0707   0.03311   0.02780  -0.1140
  -2.750   0.1651   0.02707   0.02091  -0.1249
  -2.250   0.2535   0.02183   0.01488  -0.1351
  -2.000   0.3243   0.01857   0.01107  -0.1415
  -1.750   0.3808   0.01685   0.00910  -0.1460
  -1.500   0.4101   0.01738   0.00977  -0.1469
  -1.250   0.4438   0.01707   0.00943  -0.1489
  -1.000   0.4828   0.01663   0.00894  -0.1516
  -0.750   0.5245   0.01610   0.00858  -0.1549
  -0.500   0.5624   0.01541   0.00835  -0.1574
  -0.250   0.5993   0.01459   0.00816  -0.1596
   0.000   0.6339   0.01375   0.00798  -0.1611
   0.250   0.6671   0.01298   0.00777  -0.1622
   0.500   0.6986   0.01235   0.00749  -0.1628
   0.750   0.7303   0.01192   0.00708  -0.1632
   1.000   0.7647   0.01156   0.00660  -0.1643
   1.250   0.8015   0.01123   0.00615  -0.1660
   1.500   0.8367   0.01089   0.00574  -0.1673
   1.750   0.8721   0.01057   0.00536  -0.1687
   2.000   0.9039   0.01032   0.00505  -0.1698
   2.250   0.9382   0.01018   0.00482  -0.1706
   2.500   0.9741   0.01015   0.00468  -0.1711
   2.750   1.0104   0.01021   0.00463  -0.1714
   3.250   1.0451   0.01035   0.00463  -0.1712
   3.500   1.0754   0.01063   0.00467  -0.1702
   3.750   1.1008   0.01105   0.00476  -0.1685
   4.000   1.1206   0.01156   0.00488  -0.1664
   4.250   1.1344   0.01214   0.00506  -0.1640
   4.500   1.1501   0.01278   0.00526  -0.1616
   4.750   1.1642   0.01339   0.00542  -0.1595
   5.000   1.1795   0.01447   0.00592  -0.1571
   5.250   1.1960   0.01586   0.00668  -0.1545
   5.500   1.2129   0.01746   0.00768  -0.1515
   6.000   1.2307   0.01912   0.00888  -0.1485
   6.250   1.2532   0.02104   0.01054  -0.1463
   6.500   1.2702   0.02211   0.01161  -0.1431
   6.750   1.2844   0.02274   0.01252  -0.1401
   7.000   1.2911   0.02310   0.01321  -0.1358
   7.250   1.2875   0.02327   0.01367  -0.1297
   7.500   1.2708   0.02333   0.01388  -0.1211
