Smoothened XFOIL polar
 10-point moving average applied

   alpha    CL        CD       CDp       CM
  ------ -------- --------- --------- --------
 -19.750  -0.4946   0.22778   0.22165   0.0136
 -18.500  -0.4737   0.21890   0.21275   0.0081
 -17.750  -0.4740   0.21283   0.20662   0.0066
 -17.250  -0.4884   0.20895   0.20264   0.0077
 -16.750  -0.5098   0.20660   0.20018   0.0101
 -16.500  -0.5110   0.20423   0.19777   0.0091
 -16.250  -0.5624   0.20501   0.19836   0.0150
 -16.000  -0.5537   0.20197   0.19534   0.0130
 -15.500  -0.5048   0.19714   0.19066   0.0056
 -15.250  -0.4577   0.19387   0.18756  -0.0018
 -15.000  -0.4258   0.19027   0.18407  -0.0065
 -14.750  -0.4094   0.18665   0.18050  -0.0088
 -14.500  -0.4110   0.18433   0.17817  -0.0089
 -14.250  -0.4276   0.18233   0.17609  -0.0077
 -14.000  -0.4566   0.17872   0.17236  -0.0044
 -13.750  -0.4624   0.17354   0.16716  -0.0037
 -13.250  -0.4552   0.16808   0.16172  -0.0046
 -12.750  -0.4357   0.16412   0.15783  -0.0084
 -12.500  -0.4260   0.15970   0.15345  -0.0104
 -12.250  -0.4173   0.15570   0.14948  -0.0121
 -12.000  -0.4111   0.15291   0.14673  -0.0134
 -11.750  -0.4041   0.14963   0.14348  -0.0144
 -11.500  -0.3991   0.14690   0.14077  -0.0157
 -11.250  -0.3916   0.14310   0.13702  -0.0166
 -11.000  -0.3832   0.13896   0.13291  -0.0176
 -10.750  -0.3825   0.13605   0.13003  -0.0196
 -10.250  -0.3740   0.13239   0.12643  -0.0215
 -10.000  -0.3606   0.13091   0.12501  -0.0239
  -9.750  -0.3484   0.12823   0.12238  -0.0253
  -9.500  -0.3406   0.12005   0.11443  -0.0255
  -9.250  -0.3357   0.10857   0.10318  -0.0274
  -7.250  -0.3321   0.09421   0.08910  -0.0286
  -4.750  -0.3252   0.07883   0.07392  -0.0307
  -4.500  -0.3229   0.06677   0.06214  -0.0334
  -4.250  -0.3062   0.05528   0.05063  -0.0375
  -3.750  -0.2584   0.04727   0.04197  -0.0442
  -3.500  -0.1948   0.03976   0.03344  -0.0505
  -3.250  -0.1221   0.03083   0.02349  -0.0565
  -2.500  -0.0451   0.02345   0.01512  -0.0635
  -2.250   0.0243   0.01903   0.00994  -0.0690
  -2.000   0.0870   0.01703   0.00770  -0.0744
  -1.750   0.1301   0.01829   0.00951  -0.0780
  -1.500   0.1630   0.01826   0.01019  -0.0813
  -1.250   0.2057   0.01756   0.01005  -0.0849
  -1.000   0.2454   0.01695   0.00987  -0.0878
  -0.750   0.2846   0.01661   0.00980  -0.0905
  -0.500   0.3234   0.01654   0.00976  -0.0933
  -0.250   0.3623   0.01668   0.00970  -0.0960
   0.000   0.4024   0.01683   0.00966  -0.0991
   0.250   0.4406   0.01682   0.00958  -0.1016
   0.500   0.4777   0.01678   0.00950  -0.1039
   0.750   0.5139   0.01670   0.00938  -0.1058
   1.000   0.5484   0.01661   0.00926  -0.1072
   1.250   0.5810   0.01653   0.00915  -0.1082
   1.500   0.6123   0.01646   0.00906  -0.1089
   1.750   0.6427   0.01639   0.00897  -0.1093
   2.000   0.6717   0.01635   0.00890  -0.1095
   2.250   0.7002   0.01630   0.00883  -0.1095
   2.500   0.7285   0.01623   0.00874  -0.1093
   2.750   0.7565   0.01615   0.00861  -0.1090
   3.000   0.7773   0.01602   0.00846  -0.1088
   3.250   0.8024   0.01583   0.00822  -0.1081
   3.500   0.8447   0.01572   0.00801  -0.1062
   3.750   0.8965   0.01575   0.00780  -0.1033
   4.750   0.9516   0.01595   0.00769  -0.0997
   5.750   1.0037   0.01642   0.00769  -0.0959
   6.000   1.0449   0.01689   0.00753  -0.0928
   6.250   1.0744   0.01835   0.00827  -0.0893
   6.500   1.0860   0.02050   0.00978  -0.0860
   6.750   1.0930   0.02306   0.01183  -0.0822
   7.500   1.1058   0.02601   0.01440  -0.0780
   7.750   1.1205   0.02857   0.01667  -0.0743
   8.000   1.1829   0.01997   0.00788  -0.0694
   8.250   1.1843   0.03349   0.02207  -0.0671
   8.500   1.1115   0.06019   0.05002  -0.0641
   9.000   1.0718   0.10111   0.09230  -0.0722
  15.250   0.9756   0.14324   0.13592  -0.0761
  15.500   0.9361   0.18458   0.17837  -0.0892
  16.500   0.9057   0.21741   0.21178  -0.1025
  16.750   0.8864   0.23764   0.23223  -0.1112
  17.250   0.8747   0.24068   0.23516  -0.1111
  18.500   0.8676   0.22195   0.21600  -0.0984
