Smoothened XFOIL polar
 10-point moving average applied

   alpha    CL        CD       CDp       CM
  ------ -------- --------- --------- --------
 -19.250  -0.4199   0.21976   0.21459  -0.0091
 -15.750  -0.4529   0.20086   0.19550  -0.0071
 -15.250  -0.4672   0.18788   0.18242  -0.0070
 -15.000  -0.4663   0.17952   0.17402  -0.0085
 -14.250  -0.4537   0.17448   0.16900  -0.0109
 -13.750  -0.4213   0.17160   0.16623  -0.0146
 -13.500  -0.4107   0.16820   0.16286  -0.0173
 -13.250  -0.3908   0.16572   0.16046  -0.0203
 -13.000  -0.3785   0.16364   0.15844  -0.0219
 -12.750  -0.3688   0.16005   0.15489  -0.0229
 -12.500  -0.3617   0.16060   0.15537  -0.0244
 -12.000  -0.3652   0.15293   0.14777  -0.0236
 -11.500  -0.3692   0.13807   0.13311  -0.0229
 -11.250  -0.3856   0.12260   0.11833  -0.0192
  -5.750  -0.3705   0.10012   0.09590  -0.0241
  -5.000  -0.3055   0.07457   0.06994  -0.0359
  -4.750  -0.2196   0.05027   0.04485  -0.0514
  -3.500  -0.1183   0.03194   0.02549  -0.0688
  -3.250  -0.0169   0.02501   0.01742  -0.0856
  -3.000   0.0667   0.01775   0.00939  -0.0973
  -2.750   0.1276   0.01487   0.00624  -0.1038
  -2.500   0.1443   0.01857   0.01032  -0.1025
  -2.250   0.1844   0.01803   0.00983  -0.1058
  -2.000   0.2271   0.01735   0.00925  -0.1096
  -1.750   0.2630   0.01659   0.00893  -0.1125
  -1.500   0.3031   0.01578   0.00869  -0.1153
  -1.250   0.3453   0.01500   0.00850  -0.1178
  -1.000   0.3883   0.01434   0.00831  -0.1201
  -0.500   0.4310   0.01383   0.00810  -0.1220
  -0.250   0.4739   0.01347   0.00783  -0.1240
   0.000   0.5151   0.01330   0.00756  -0.1260
   0.250   0.5516   0.01325   0.00732  -0.1283
   0.500   0.5846   0.01305   0.00710  -0.1296
   0.750   0.6245   0.01280   0.00683  -0.1312
   1.000   0.6652   0.01255   0.00654  -0.1325
   1.500   0.7052   0.01233   0.00628  -0.1334
   1.750   0.7430   0.01215   0.00604  -0.1341
   2.000   0.7780   0.01200   0.00583  -0.1344
   2.250   0.8064   0.01187   0.00566  -0.1345
   2.500   0.8243   0.01173   0.00549  -0.1345
   2.750   0.8619   0.01173   0.00537  -0.1339
   3.000   0.9095   0.01190   0.00532  -0.1324
   3.500   0.9612   0.01228   0.00533  -0.1302
   4.750   1.0119   0.01283   0.00543  -0.1275
   5.000   1.0573   0.01347   0.00560  -0.1248
   5.250   1.0919   0.01420   0.00583  -0.1222
   5.500   1.1112   0.01504   0.00612  -0.1201
   5.750   1.1168   0.01606   0.00657  -0.1184
   6.000   1.1307   0.01739   0.00732  -0.1164
   6.250   1.1441   0.01886   0.00829  -0.1142
   6.500   1.1563   0.02053   0.00954  -0.1117
   6.750   1.1689   0.02217   0.01098  -0.1091
   7.000   1.1829   0.02364   0.01256  -0.1064
   7.250   1.1989   0.02483   0.01425  -0.1037
