Smoothened XFOIL polar
 10-point moving average applied

   alpha    CL        CD       CDp       CM
  ------ -------- --------- --------- --------
 -19.750  -0.6316   0.24029   0.23349   0.0276
 -18.250  -0.6157   0.23069   0.22387   0.0217
 -17.750  -0.5920   0.22264   0.21584   0.0164
 -17.250  -0.5638   0.21602   0.20928   0.0115
 -17.000  -0.5343   0.21070   0.20404   0.0072
 -16.500  -0.5113   0.20831   0.20171   0.0031
 -16.250  -0.4913   0.20438   0.19783  -0.0003
 -16.000  -0.4775   0.19999   0.19347  -0.0024
 -15.750  -0.4690   0.19538   0.18888  -0.0036
 -15.250  -0.4779   0.19246   0.18592  -0.0031
 -15.000  -0.4674   0.18843   0.18192  -0.0043
 -14.750  -0.4682   0.18526   0.17873  -0.0044
 -14.500  -0.4391   0.18105   0.17462  -0.0082
 -14.250  -0.4348   0.18138   0.17498  -0.0113
 -14.000  -0.4319   0.17981   0.17342  -0.0132
 -13.750  -0.4318   0.17731   0.17091  -0.0141
 -13.500  -0.4345   0.17386   0.16744  -0.0138
 -13.250  -0.4396   0.16949   0.16304  -0.0126
 -13.000  -0.4199   0.16459   0.15821  -0.0140
 -12.750  -0.4173   0.16106   0.15468  -0.0148
 -12.500  -0.4027   0.15838   0.15207  -0.0169
 -12.250  -0.3929   0.15676   0.15050  -0.0193
 -12.000  -0.3827   0.15363   0.14743  -0.0206
 -11.750  -0.3738   0.14998   0.14382  -0.0214
 -11.500  -0.3721   0.14689   0.14073  -0.0218
 -11.250  -0.3659   0.14461   0.13849  -0.0229
 -11.000  -0.3604   0.13984   0.13378  -0.0242
 -10.750  -0.3632   0.13499   0.12901  -0.0263
 -10.000  -0.3510   0.12891   0.12306  -0.0290
  -8.750  -0.3415   0.12093   0.11521  -0.0300
  -8.500  -0.3385   0.11430   0.10870  -0.0299
  -8.250  -0.3419   0.10591   0.10049  -0.0278
  -7.500  -0.3514   0.09848   0.09319  -0.0273
  -7.000  -0.3643   0.09307   0.08823  -0.0249
  -5.250  -0.3506   0.08151   0.07680  -0.0278
  -5.000  -0.3157   0.06779   0.06275  -0.0359
  -4.250  -0.2490   0.05273   0.04687  -0.0470
  -3.500  -0.1653   0.03870   0.03178  -0.0586
  -3.250  -0.0851   0.02927   0.02125  -0.0687
  -2.750  -0.0167   0.02158   0.01268  -0.0751
  -2.500   0.0329   0.01866   0.00923  -0.0792
  -2.250   0.0571   0.02024   0.01091  -0.0779
  -2.000   0.0929   0.02044   0.01115  -0.0804
  -1.750   0.1236   0.02019   0.01133  -0.0831
  -1.500   0.1690   0.01931   0.01097  -0.0870
  -1.250   0.2188   0.01858   0.01082  -0.0912
  -1.000   0.2698   0.01801   0.01075  -0.0954
  -0.500   0.3193   0.01764   0.01071  -0.0991
  -0.250   0.3674   0.01749   0.01068  -0.1026
   0.000   0.4125   0.01760   0.01066  -0.1059
   0.250   0.4549   0.01787   0.01063  -0.1092
   0.500   0.4890   0.01786   0.01059  -0.1114
   0.750   0.5265   0.01782   0.01052  -0.1137
   1.000   0.5634   0.01775   0.01042  -0.1158
   1.250   0.5997   0.01763   0.01029  -0.1176
   1.500   0.6355   0.01747   0.01012  -0.1192
   1.750   0.6674   0.01731   0.00996  -0.1205
   2.000   0.7027   0.01712   0.00975  -0.1214
   2.250   0.7397   0.01694   0.00954  -0.1220
   2.500   0.7774   0.01676   0.00933  -0.1224
   3.000   0.8147   0.01656   0.00911  -0.1223
   3.250   0.8503   0.01635   0.00884  -0.1219
   3.500   0.8751   0.01608   0.00857  -0.1218
   3.750   0.9080   0.01585   0.00828  -0.1207
   4.000   0.9454   0.01569   0.00799  -0.1185
   4.250   0.9930   0.01585   0.00777  -0.1150
   5.500   1.0411   0.01658   0.00784  -0.1107
   6.000   1.0841   0.01797   0.00836  -0.1060
   6.500   1.1152   0.01948   0.00895  -0.1016
   6.750   1.1335   0.02194   0.01063  -0.0967
   7.000   1.1355   0.02487   0.01306  -0.0928
   7.250   1.1427   0.02851   0.01649  -0.0888
   8.000   1.1659   0.03293   0.02105  -0.0844
   8.250   1.2158   0.03821   0.02691  -0.0793
