Smoothened XFOIL polar
 10-point moving average applied

   alpha    CL        CD       CDp       CM
  ------ -------- --------- --------- --------
 -15.000  -0.3759   0.18795   0.18293  -0.0168
 -14.250  -0.4005   0.18117   0.17602  -0.0166
 -14.000  -0.4005   0.17041   0.16528  -0.0179
 -12.500  -0.3843   0.15717   0.15218  -0.0198
 -10.750  -0.3605   0.14298   0.13817  -0.0217
  -9.500  -0.3390   0.13035   0.12574  -0.0227
  -9.250  -0.3334   0.11846   0.11397  -0.0218
  -8.750  -0.3385   0.11058   0.10617  -0.0195
  -7.500  -0.3466   0.10791   0.10356  -0.0171
  -7.250  -0.3629   0.10476   0.10052  -0.0122
  -7.000  -0.3724   0.09808   0.09393  -0.0122
  -6.500  -0.3654   0.09091   0.08686  -0.0149
  -5.000  -0.3647   0.08537   0.08165  -0.0184
  -4.000  -0.2930   0.07397   0.07013  -0.0339
  -3.750  -0.1694   0.06028   0.05591  -0.0571
  -3.250  -0.0209   0.04711   0.04190  -0.0831
  -1.500   0.1328   0.03692   0.03071  -0.1067
  -1.250   0.2655   0.02883   0.02168  -0.1239
  -1.000   0.3813   0.02233   0.01443  -0.1380
  -0.500   0.4506   0.01995   0.01173  -0.1433
  -0.250   0.4682   0.02147   0.01341  -0.1410
   0.000   0.5133   0.02089   0.01277  -0.1440
   0.250   0.5574   0.02011   0.01229  -0.1465
   0.500   0.5999   0.01918   0.01185  -0.1488
   0.750   0.6488   0.01804   0.01128  -0.1514
   1.250   0.6895   0.01697   0.01075  -0.1531
   1.500   0.7427   0.01577   0.00996  -0.1555
   1.750   0.8034   0.01464   0.00908  -0.1585
   2.000   0.8666   0.01376   0.00818  -0.1618
   2.750   0.9287   0.01320   0.00735  -0.1656
   3.000   0.9899   0.01263   0.00669  -0.1691
   3.250   1.0452   0.01226   0.00622  -0.1722
   3.500   1.0868   0.01220   0.00599  -0.1739
   3.750   1.1084   0.01253   0.00605  -0.1734
   4.000   1.1310   0.01293   0.00608  -0.1719
   4.250   1.1497   0.01346   0.00619  -0.1698
   4.500   1.1654   0.01407   0.00636  -0.1671
   4.750   1.1795   0.01474   0.00659  -0.1643
   5.000   1.1934   0.01547   0.00690  -0.1616
   5.250   1.2067   0.01615   0.00720  -0.1595
   5.500   1.2206   0.01732   0.00783  -0.1568
   5.750   1.2351   0.01881   0.00875  -0.1537
   6.000   1.2513   0.02047   0.00990  -0.1505
   6.500   1.2691   0.02212   0.01123  -0.1474
   6.750   1.2876   0.02367   0.01264  -0.1443
   7.000   1.3049   0.02506   0.01409  -0.1413
   7.250   1.3198   0.02620   0.01549  -0.1385
   7.500   1.3316   0.02752   0.01707  -0.1354
   7.750   1.3394   0.02919   0.01892  -0.1318
   8.000   1.3424   0.03143   0.02115  -0.1276
