Smoothened XFOIL polar
 10-point moving average applied

   alpha    CL        CD       CDp       CM
  ------ -------- --------- --------- --------
 -19.500  -0.4480   0.23122   0.22596  -0.0062
 -18.500  -0.4587   0.22243   0.21711  -0.0058
 -18.250  -0.4554   0.21157   0.20623  -0.0071
 -15.750  -0.4432   0.19989   0.19455  -0.0096
 -15.250  -0.4273   0.18863   0.18328  -0.0126
 -14.750  -0.4115   0.17907   0.17373  -0.0163
 -14.000  -0.4183   0.17549   0.17010  -0.0167
 -13.750  -0.4010   0.17166   0.16634  -0.0191
 -13.500  -0.4033   0.16723   0.16191  -0.0194
 -13.000  -0.3837   0.16313   0.15788  -0.0216
 -12.750  -0.3783   0.15958   0.15437  -0.0216
 -12.500  -0.3790   0.15567   0.15045  -0.0222
 -12.250  -0.3750   0.15174   0.14654  -0.0227
 -12.000  -0.3731   0.14851   0.14334  -0.0242
 -11.250  -0.3484   0.14300   0.13799  -0.0265
 -10.750  -0.3322   0.13448   0.12962  -0.0279
  -9.750  -0.3184   0.12604   0.12129  -0.0291
  -8.750  -0.3170   0.11572   0.11113  -0.0283
  -8.000  -0.3307   0.10636   0.10195  -0.0240
  -7.750  -0.3521   0.09722   0.09295  -0.0222
  -6.000  -0.3618   0.08831   0.08419  -0.0220
  -5.750  -0.3665   0.08175   0.07799  -0.0248
  -5.000  -0.3317   0.07047   0.06657  -0.0344
  -4.500  -0.2703   0.05673   0.05219  -0.0485
  -4.250  -0.1886   0.04446   0.03897  -0.0649
  -3.750  -0.1063   0.03268   0.02618  -0.0792
  -3.500  -0.0325   0.02466   0.01722  -0.0891
  -3.250   0.0314   0.01937   0.01122  -0.0974
  -3.000   0.0790   0.01772   0.00926  -0.1013
  -2.750   0.1108   0.01969   0.01144  -0.1028
  -2.500   0.1511   0.01920   0.01095  -0.1061
  -2.250   0.1926   0.01849   0.01026  -0.1095
  -2.000   0.2343   0.01788   0.00974  -0.1131
  -1.750   0.2761   0.01722   0.00944  -0.1169
  -1.500   0.3154   0.01643   0.00920  -0.1199
  -1.250   0.3527   0.01564   0.00902  -0.1224
  -1.000   0.3870   0.01498   0.00890  -0.1241
  -0.750   0.4204   0.01447   0.00877  -0.1255
  -0.500   0.4535   0.01412   0.00857  -0.1267
  -0.250   0.4880   0.01393   0.00831  -0.1282
   0.000   0.5235   0.01388   0.00806  -0.1301
   0.250   0.5602   0.01375   0.00785  -0.1322
   0.500   0.5934   0.01355   0.00763  -0.1340
   0.750   0.6309   0.01330   0.00736  -0.1357
   1.000   0.6707   0.01303   0.00706  -0.1372
   1.250   0.7118   0.01274   0.00674  -0.1385
   1.750   0.7503   0.01248   0.00643  -0.1396
   2.000   0.7907   0.01223   0.00612  -0.1403
   2.250   0.8238   0.01199   0.00584  -0.1408
   2.500   0.8650   0.01189   0.00562  -0.1404
   3.000   0.9095   0.01195   0.00551  -0.1396
   3.250   0.9597   0.01208   0.00545  -0.1385
   4.250   1.0065   0.01237   0.00545  -0.1367
   4.500   1.0465   0.01277   0.00551  -0.1346
   4.750   1.0750   0.01328   0.00565  -0.1323
   5.000   1.0972   0.01379   0.00578  -0.1302
   5.250   1.1067   0.01437   0.00593  -0.1282
   5.500   1.1218   0.01521   0.00622  -0.1261
   5.750   1.1359   0.01637   0.00678  -0.1241
   6.000   1.1493   0.01775   0.00759  -0.1219
   6.250   1.1619   0.01928   0.00862  -0.1195
   6.500   1.1740   0.02096   0.00994  -0.1169
   6.750   1.1865   0.02260   0.01142  -0.1141
   7.000   1.2001   0.02407   0.01303  -0.1113
   7.250   1.2154   0.02528   0.01471  -0.1085
