Smoothened XFOIL polar
 10-point moving average applied

   alpha    CL        CD       CDp       CM
  ------ -------- --------- --------- --------
 -19.750  -0.6647   0.24540   0.23594   0.0338
 -19.500  -0.6637   0.24589   0.23642   0.0318
 -19.250  -0.6377   0.24229   0.23293   0.0271
 -19.000  -0.5944   0.23591   0.22675   0.0207
 -18.500  -0.5416   0.22807   0.21915   0.0133
 -18.250  -0.4717   0.21957   0.21097   0.0039
 -18.000  -0.4369   0.21397   0.20551  -0.0011
 -17.750  -0.4537   0.21319   0.20463   0.0004
 -17.500  -0.4646   0.21271   0.20409   0.0014
 -17.250  -0.4565   0.21017   0.20157  -0.0003
 -17.000  -0.4997   0.21112   0.20228   0.0050
 -16.750  -0.5192   0.21059   0.20161   0.0069
 -16.500  -0.5260   0.20928   0.20023   0.0068
 -16.250  -0.5119   0.20630   0.19728   0.0042
 -16.000  -0.5221   0.20469   0.19560   0.0049
 -15.750  -0.5390   0.20304   0.19384   0.0068
 -15.500  -0.5159   0.19979   0.19070   0.0030
 -15.250  -0.5078   0.19688   0.18782   0.0016
 -15.000  -0.4988   0.19347   0.18444   0.0003
 -14.750  -0.4905   0.19068   0.18167  -0.0012
 -14.500  -0.4839   0.18843   0.17946  -0.0029
 -14.250  -0.4758   0.18534   0.17641  -0.0043
 -14.000  -0.4665   0.18160   0.17271  -0.0053
 -13.750  -0.4594   0.17877   0.16991  -0.0067
 -13.500  -0.4590   0.17622   0.16736  -0.0075
 -13.250  -0.4424   0.17381   0.16505  -0.0100
 -13.000  -0.4271   0.17064   0.16195  -0.0118
 -12.750  -0.4168   0.16819   0.15956  -0.0136
 -12.500  -0.4097   0.16564   0.15707  -0.0151
 -12.250  -0.4031   0.16201   0.15348  -0.0159
 -12.000  -0.3984   0.15793   0.14941  -0.0161
 -11.750  -0.4038   0.15703   0.14848  -0.0163
 -11.500  -0.4079   0.15307   0.14447  -0.0163
 -11.250  -0.3863   0.14656   0.13816  -0.0189
 -11.000  -0.3703   0.13756   0.12937  -0.0210
  -9.250  -0.3589   0.12841   0.12046  -0.0232
  -8.000  -0.3504   0.11891   0.11119  -0.0245
  -7.750  -0.3441   0.10797   0.10061  -0.0236
  -7.250  -0.3433   0.09773   0.09072  -0.0217
  -6.500  -0.3651   0.09347   0.08690  -0.0163
  -5.000  -0.3614   0.08480   0.07843  -0.0169
  -4.750  -0.3265   0.07288   0.06638  -0.0236
  -4.500  -0.2747   0.06039   0.05328  -0.0346
  -3.500  -0.2083   0.04871   0.04056  -0.0477
  -3.250  -0.1386   0.03920   0.02996  -0.0602
  -3.000  -0.0734   0.03093   0.02083  -0.0690
  -2.750  -0.0258   0.02625   0.01557  -0.0733
  -2.500  -0.0062   0.02666   0.01587  -0.0710
  -2.250   0.0197   0.02605   0.01526  -0.0711
  -2.000   0.0448   0.02564   0.01479  -0.0718
  -1.750   0.0717   0.02485   0.01419  -0.0720
  -1.500   0.1014   0.02366   0.01326  -0.0719
  -1.250   0.1296   0.02279   0.01278  -0.0715
  -0.750   0.1569   0.02220   0.01251  -0.0709
  -0.500   0.1822   0.02199   0.01252  -0.0705
  -0.250   0.2051   0.02222   0.01277  -0.0702
   0.000   0.2245   0.02291   0.01329  -0.0701
   0.250   0.2405   0.02391   0.01399  -0.0703
   0.500   0.2610   0.02479   0.01475  -0.0711
   0.750   0.2867   0.02577   0.01563  -0.0729
   1.000   0.3197   0.02683   0.01659  -0.0761
   1.250   0.3582   0.02791   0.01760  -0.0803
   1.500   0.4021   0.02899   0.01862  -0.0854
   1.750   0.4466   0.03002   0.01962  -0.0905
   2.000   0.4896   0.03095   0.02054  -0.0950
   2.250   0.5267   0.03182   0.02141  -0.0983
   2.500   0.5639   0.03265   0.02225  -0.1015
   2.750   0.5987   0.03346   0.02307  -0.1041
   3.000   0.6331   0.03423   0.02385  -0.1064
   3.250   0.6658   0.03497   0.02462  -0.1083
   3.500   0.6981   0.03571   0.02539  -0.1099
   3.750   0.7257   0.03640   0.02613  -0.1111
   4.000   0.7504   0.03763   0.02740  -0.1128
   4.250   0.7895   0.03825   0.02813  -0.1140
   4.500   0.8507   0.03767   0.02777  -0.1146
   5.000   0.9226   0.03571   0.02600  -0.1132
   5.750   0.9950   0.03280   0.02317  -0.1098
   6.250   1.0591   0.02949   0.01987  -0.1047
   6.500   1.1040   0.02666   0.01681  -0.0984
   6.750   1.1213   0.02540   0.01499  -0.0917
   7.000   1.1138   0.02660   0.01539  -0.0859
   7.250   1.0929   0.02755   0.01540  -0.0809
   7.500   1.0952   0.03160   0.01880  -0.0764
   7.750   1.1164   0.03790   0.02473  -0.0725
   8.000   1.1474   0.04506   0.03193  -0.0689
   9.000   1.1906   0.05332   0.04072  -0.0660
   9.250   1.2493   0.05372   0.04181  -0.0578
   9.500   1.2748   0.05997   0.04893  -0.0522
  10.000   1.2324   0.07816   0.06812  -0.0516
  10.500   1.0908   0.11446   0.10551  -0.0589
  14.250   0.8183   0.17504   0.16722  -0.0772
