Smoothened XFOIL polar
 10-point moving average applied

   alpha    CL        CD       CDp       CM
  ------ -------- --------- --------- --------
 -18.000  -0.4297   0.21319   0.20922  -0.0068
 -17.000  -0.4016   0.19536   0.19121  -0.0142
 -13.250  -0.3792   0.17468   0.17054  -0.0187
 -11.500  -0.3605   0.15237   0.14838  -0.0216
 -11.000  -0.3435   0.12966   0.12590  -0.0242
  -9.250  -0.3185   0.10716   0.10368  -0.0295
  -6.250  -0.3156   0.09040   0.08704  -0.0351
  -5.750  -0.2870   0.07470   0.07162  -0.0467
  -5.250  -0.2293   0.05687   0.05350  -0.0623
  -4.750  -0.1508   0.04283   0.03874  -0.0791
  -4.500  -0.0703   0.03254   0.02746  -0.0945
  -4.000   0.0028   0.02307   0.01705  -0.1032
  -3.750   0.0629   0.01646   0.00963  -0.1098
  -3.500   0.1078   0.01357   0.00623  -0.1121
  -3.250   0.1486   0.01239   0.00488  -0.1147
  -3.000   0.1766   0.01410   0.00689  -0.1159
  -2.750   0.2122   0.01369   0.00652  -0.1182
  -2.500   0.2487   0.01315   0.00608  -0.1207
  -2.250   0.2848   0.01259   0.00564  -0.1229
  -2.000   0.3223   0.01207   0.00527  -0.1256
  -1.750   0.3593   0.01154   0.00503  -0.1283
  -1.500   0.3904   0.01092   0.00488  -0.1300
  -1.250   0.4245   0.01024   0.00471  -0.1314
  -1.000   0.4593   0.00959   0.00451  -0.1321
  -0.750   0.4952   0.00902   0.00428  -0.1326
  -0.250   0.5310   0.00859   0.00403  -0.1328
   0.000   0.5664   0.00836   0.00380  -0.1330
   0.250   0.6016   0.00828   0.00359  -0.1337
   0.500   0.6314   0.00826   0.00347  -0.1346
   0.750   0.6586   0.00825   0.00342  -0.1348
   1.000   0.6910   0.00825   0.00334  -0.1349
   1.250   0.7242   0.00828   0.00326  -0.1348
   1.750   0.7571   0.00834   0.00319  -0.1344
   2.000   0.7887   0.00844   0.00312  -0.1339
   2.250   0.8159   0.00855   0.00307  -0.1333
   2.500   0.8433   0.00874   0.00308  -0.1326
   2.750   0.8692   0.00898   0.00314  -0.1319
   3.000   0.8971   0.00922   0.00322  -0.1313
   3.500   0.9271   0.00946   0.00333  -0.1306
   3.750   0.9608   0.00992   0.00353  -0.1295
   4.000   0.9949   0.01058   0.00381  -0.1281
   4.500   1.0261   0.01146   0.00418  -0.1263
   5.000   1.0517   0.01253   0.00464  -0.1243
   5.250   1.0764   0.01377   0.00518  -0.1223
   5.500   1.0970   0.01502   0.00578  -0.1205
   5.750   1.1136   0.01612   0.00640  -0.1191
   6.000   1.1307   0.01702   0.00705  -0.1179
   6.250   1.1507   0.01789   0.00783  -0.1165
   6.500   1.1708   0.01875   0.00877  -0.1149
   6.750   1.1889   0.01980   0.00999  -0.1129
   7.000   1.2039   0.02117   0.01158  -0.1102
   7.250   1.2142   0.02297   0.01362  -0.1068
