Smoothened XFOIL polar
 10-point moving average applied

   alpha    CL        CD       CDp       CM
  ------ -------- --------- --------- --------
 -19.750  -0.6664   0.24987   0.24307   0.0346
 -17.000  -0.6039   0.22341   0.21672   0.0238
 -16.500  -0.5535   0.20709   0.20052   0.0153
 -16.250  -0.5154   0.19845   0.19197   0.0089
 -15.750  -0.4893   0.19501   0.18860   0.0045
 -15.500  -0.4930   0.19419   0.18775   0.0047
 -15.250  -0.4711   0.19145   0.18509   0.0010
 -15.000  -0.4602   0.18866   0.18234  -0.0008
 -14.750  -0.4697   0.18673   0.18037  -0.0005
 -14.500  -0.4659   0.18452   0.17815  -0.0017
 -14.250  -0.4425   0.18029   0.17401  -0.0052
 -13.750  -0.4216   0.17669   0.17048  -0.0085
 -13.500  -0.4124   0.17256   0.16637  -0.0099
 -13.250  -0.4152   0.16804   0.16183  -0.0092
 -13.000  -0.4008   0.16447   0.15831  -0.0113
 -12.750  -0.4048   0.16117   0.15499  -0.0109
 -12.500  -0.4208   0.15982   0.15359  -0.0112
 -12.250  -0.4164   0.15751   0.15130  -0.0131
 -12.000  -0.4255   0.15401   0.14777  -0.0126
 -11.750  -0.4096   0.15333   0.14716  -0.0155
 -11.500  -0.3977   0.15022   0.14410  -0.0172
 -11.250  -0.3795   0.14395   0.13789  -0.0194
 -11.000  -0.3693   0.13610   0.13020  -0.0202
  -9.500  -0.3745   0.12485   0.11955  -0.0211
  -8.250  -0.3502   0.10573   0.10044  -0.0273
  -6.750  -0.2989   0.08124   0.07545  -0.0354
  -4.250  -0.2298   0.05641   0.04977  -0.0442
  -3.000  -0.1484   0.03779   0.03015  -0.0540
  -2.750  -0.0663   0.02342   0.01480  -0.0622
  -2.500   0.0083   0.01587   0.00651  -0.0689
  -2.250   0.0545   0.01607   0.00645  -0.0715
  -2.000   0.0786   0.01893   0.00984  -0.0732
  -1.750   0.1204   0.01867   0.01005  -0.0772
  -1.500   0.1626   0.01825   0.01018  -0.0812
  -1.250   0.2053   0.01756   0.01004  -0.0848
  -1.000   0.2450   0.01694   0.00986  -0.0877
  -0.750   0.2842   0.01661   0.00979  -0.0905
  -0.500   0.3230   0.01653   0.00975  -0.0932
  -0.250   0.3619   0.01668   0.00970  -0.0960
   0.000   0.4020   0.01682   0.00965  -0.0991
   0.250   0.4402   0.01682   0.00958  -0.1017
   0.500   0.4773   0.01678   0.00949  -0.1039
   0.750   0.5137   0.01670   0.00938  -0.1058
   1.000   0.5483   0.01661   0.00926  -0.1072
   1.250   0.5812   0.01652   0.00915  -0.1083
   1.500   0.6124   0.01645   0.00905  -0.1090
   1.750   0.6429   0.01638   0.00895  -0.1094
   2.000   0.6719   0.01634   0.00889  -0.1095
   2.250   0.7004   0.01629   0.00882  -0.1095
   2.500   0.7286   0.01623   0.00873  -0.1094
   2.750   0.7545   0.01614   0.00861  -0.1092
   3.000   0.7831   0.01603   0.00845  -0.1085
   3.250   0.8113   0.01588   0.00823  -0.1075
   3.500   0.8396   0.01570   0.00795  -0.1062
   4.000   0.8771   0.01556   0.00774  -0.1048
   4.250   0.9207   0.01563   0.00762  -0.1023
   4.750   0.9656   0.01567   0.00746  -0.0996
   5.500   1.0072   0.01611   0.00741  -0.0965
   6.000   1.0431   0.01739   0.00797  -0.0929
   6.250   1.0739   0.01940   0.00917  -0.0887
   6.750   1.0931   0.02186   0.01090  -0.0844
   7.250   1.1025   0.02451   0.01300  -0.0802
   7.500   1.1127   0.02724   0.01543  -0.0764
   7.750   1.1294   0.03009   0.01814  -0.0734
   8.000   1.1606   0.01821   0.00618  -0.0657
   8.250   1.1896   0.03168   0.02015  -0.0692
   8.500   1.1356   0.06084   0.05045  -0.0698
   8.750   1.0785   0.10219   0.09327  -0.0760
  15.750   1.0219   0.15052   0.14306  -0.0874
  16.750   0.9806   0.20205   0.19580  -0.1047
  17.500   0.9695   0.25300   0.24743  -0.1291
