Smoothened XFOIL polar
 10-point moving average applied

   alpha    CL        CD       CDp       CM
  ------ -------- --------- --------- --------
 -20.000  -0.6909   0.25591   0.24905   0.0399
 -19.000  -0.5903   0.23474   0.22823   0.0252
 -18.500  -0.5423   0.22160   0.21524   0.0176
 -17.500  -0.5319   0.21451   0.20813   0.0151
 -17.250  -0.5442   0.21144   0.20498   0.0157
 -16.750  -0.5531   0.20950   0.20295   0.0160
 -16.500  -0.5731   0.20809   0.20143   0.0181
 -16.250  -0.5459   0.20443   0.19784   0.0134
 -16.000  -0.5372   0.20209   0.19551   0.0110
 -15.750  -0.5297   0.19985   0.19328   0.0090
 -15.500  -0.5307   0.19664   0.19006   0.0086
 -15.250  -0.5145   0.19337   0.18684   0.0061
 -15.000  -0.4805   0.19093   0.18453   0.0008
 -14.750  -0.4543   0.18784   0.18153  -0.0029
 -14.500  -0.4367   0.18472   0.17847  -0.0055
 -14.250  -0.4387   0.18323   0.17696  -0.0069
 -14.000  -0.4280   0.18106   0.17482  -0.0093
 -13.750  -0.4288   0.17774   0.17149  -0.0094
 -13.500  -0.4410   0.17343   0.16713  -0.0073
 -13.250  -0.4388   0.16848   0.16218  -0.0067
 -13.000  -0.4159   0.16567   0.15946  -0.0100
 -12.750  -0.4094   0.16317   0.15699  -0.0116
 -12.500  -0.4080   0.16011   0.15394  -0.0126
 -12.250  -0.4132   0.15720   0.15102  -0.0132
 -12.000  -0.3974   0.15310   0.14697  -0.0154
 -11.500  -0.3964   0.14918   0.14305  -0.0159
 -11.250  -0.3882   0.14473   0.13865  -0.0170
 -11.000  -0.3872   0.14068   0.13463  -0.0186
 -10.750  -0.3764   0.14008   0.13409  -0.0210
 -10.000  -0.3658   0.13137   0.12551  -0.0248
  -9.500  -0.3625   0.11792   0.11255  -0.0271
  -8.500  -0.3389   0.09769   0.09249  -0.0322
  -4.250  -0.2899   0.07376   0.06815  -0.0392
  -4.000  -0.2247   0.05089   0.04449  -0.0470
  -3.250  -0.1441   0.03219   0.02484  -0.0552
  -2.750  -0.0753   0.02178   0.01339  -0.0623
  -2.500  -0.0063   0.01948   0.01022  -0.0669
  -2.250   0.0579   0.01661   0.00710  -0.0724
  -2.000   0.0987   0.01807   0.00922  -0.0748
  -1.500   0.1460   0.01807   0.00992  -0.0792
  -1.250   0.1970   0.01761   0.01005  -0.0838
  -1.000   0.2462   0.01701   0.00992  -0.0878
  -0.750   0.2878   0.01657   0.00976  -0.0907
  -0.500   0.3226   0.01653   0.00974  -0.0931
  -0.250   0.3615   0.01667   0.00969  -0.0959
   0.000   0.4016   0.01682   0.00965  -0.0990
   0.250   0.4399   0.01682   0.00958  -0.1016
   0.500   0.4770   0.01679   0.00950  -0.1037
   0.750   0.5133   0.01671   0.00938  -0.1057
   1.000   0.5480   0.01661   0.00926  -0.1071
   1.250   0.5809   0.01653   0.00915  -0.1082
   1.500   0.6123   0.01646   0.00906  -0.1089
   1.750   0.6428   0.01638   0.00896  -0.1094
   2.000   0.6719   0.01633   0.00889  -0.1095
   2.250   0.7004   0.01629   0.00882  -0.1095
   2.500   0.7285   0.01623   0.00873  -0.1094
   2.750   0.7565   0.01614   0.00860  -0.1091
   3.000   0.7697   0.01593   0.00843  -0.1094
   3.250   0.8065   0.01581   0.00823  -0.1081
   3.500   0.8581   0.01582   0.00802  -0.1053
   3.750   0.9173   0.01579   0.00773  -0.1018
   5.750   0.9768   0.01618   0.00755  -0.0977
   6.000   1.0329   0.01742   0.00798  -0.0930
   6.250   1.0772   0.01942   0.00913  -0.0881
   6.750   1.1023   0.02190   0.01088  -0.0837
   7.250   1.1009   0.02452   0.01304  -0.0804
   7.500   1.1125   0.02727   0.01547  -0.0764
   7.750   1.1481   0.01898   0.00664  -0.0705
   8.000   1.1676   0.02870   0.01689  -0.0714
   8.250   1.1405   0.05306   0.04232  -0.0729
   8.500   1.0792   0.08719   0.07786  -0.0750
  13.250   0.9753   0.12406   0.11631  -0.0745
  14.000   0.8953   0.15844   0.15207  -0.0775
  14.500   0.8730   0.18774   0.18223  -0.0877
  14.750   0.8357   0.20099   0.19578  -0.0887
  15.000   0.8904   0.19728   0.19150  -0.0940
  16.000   0.9537   0.19754   0.19122  -0.1014
  16.500   1.0013   0.21171   0.20529  -0.1117
  18.000   1.0087   0.24975   0.24405  -0.1257
