Smoothened XFOIL polar
 10-point moving average applied

   alpha    CL        CD       CDp       CM
  ------ -------- --------- --------- --------
 -19.500  -0.4714   0.22304   0.21697   0.0087
 -17.250  -0.5252   0.21464   0.20828   0.0145
 -16.750  -0.5431   0.20854   0.20204   0.0154
 -16.500  -0.5364   0.20423   0.19770   0.0128
 -16.000  -0.5166   0.20119   0.19470   0.0086
 -15.750  -0.4948   0.19857   0.19213   0.0045
 -15.500  -0.4968   0.19651   0.19006   0.0038
 -15.250  -0.5041   0.19385   0.18736   0.0043
 -15.000  -0.5181   0.19113   0.18458   0.0061
 -14.750  -0.4925   0.18587   0.17940   0.0027
 -14.250  -0.4811   0.18143   0.17499   0.0011
 -14.000  -0.4734   0.17894   0.17253  -0.0016
 -13.750  -0.4669   0.17712   0.17073  -0.0043
 -13.500  -0.4596   0.17430   0.16793  -0.0062
 -13.250  -0.4524   0.17111   0.16476  -0.0072
 -13.000  -0.4428   0.16685   0.16054  -0.0079
 -12.750  -0.4345   0.16317   0.15689  -0.0087
 -12.500  -0.4250   0.15888   0.15263  -0.0097
 -12.250  -0.4156   0.15470   0.14848  -0.0110
 -12.000  -0.4081   0.15135   0.14517  -0.0128
 -11.500  -0.4005   0.14762   0.14148  -0.0146
 -11.250  -0.3968   0.14353   0.13741  -0.0159
 -11.000  -0.3862   0.13953   0.13347  -0.0173
 -10.750  -0.3734   0.13825   0.13225  -0.0195
 -10.500  -0.3594   0.13537   0.12943  -0.0217
 -10.250  -0.3514   0.13039   0.12456  -0.0244
 -10.000  -0.3478   0.12581   0.12010  -0.0253
  -8.500  -0.3431   0.11498   0.10946  -0.0265
  -7.750  -0.3554   0.10329   0.09833  -0.0267
  -7.250  -0.3387   0.08538   0.08037  -0.0305
  -4.250  -0.2886   0.06578   0.06021  -0.0375
  -4.000  -0.2166   0.04868   0.04219  -0.0465
  -3.000  -0.1350   0.03231   0.02472  -0.0549
  -2.750  -0.0608   0.02194   0.01334  -0.0629
  -2.500   0.0034   0.01862   0.00927  -0.0677
  -2.250   0.0497   0.01647   0.00677  -0.0712
  -2.000   0.0756   0.01875   0.00972  -0.0725
  -1.750   0.1227   0.01842   0.00993  -0.0766
  -1.500   0.1735   0.01800   0.01008  -0.0811
  -1.000   0.2266   0.01736   0.00997  -0.0856
  -0.750   0.2759   0.01678   0.00977  -0.0893
  -0.500   0.3221   0.01653   0.00970  -0.0928
  -0.250   0.3639   0.01655   0.00967  -0.0959
   0.000   0.4000   0.01681   0.00964  -0.0987
   0.250   0.4384   0.01682   0.00958  -0.1013
   0.500   0.4757   0.01679   0.00950  -0.1036
   0.750   0.5120   0.01672   0.00939  -0.1055
   1.000   0.5470   0.01662   0.00926  -0.1070
   1.250   0.5804   0.01653   0.00915  -0.1082
   1.500   0.6120   0.01645   0.00905  -0.1089
   1.750   0.6427   0.01637   0.00895  -0.1094
   2.000   0.6718   0.01633   0.00888  -0.1096
   2.250   0.7003   0.01628   0.00881  -0.1096
   2.500   0.7283   0.01623   0.00873  -0.1094
   2.750   0.7561   0.01614   0.00861  -0.1091
   3.000   0.7813   0.01603   0.00846  -0.1086
   3.250   0.8092   0.01589   0.00825  -0.1077
   3.500   0.8301   0.01559   0.00796  -0.1072
   3.750   0.8665   0.01533   0.00762  -0.1054
   4.250   0.9119   0.01522   0.00717  -0.1026
   4.500   0.9656   0.01622   0.00746  -0.0983
   6.000   1.0195   0.01824   0.00860  -0.0928
   6.500   1.0663   0.02098   0.01044  -0.0868
   7.250   1.0952   0.02363   0.01230  -0.0809
   7.500   1.1398   0.01441   0.00216  -0.0727
   7.750   1.1618   0.02493   0.01296  -0.0730
   8.000   1.1087   0.05222   0.04146  -0.0707
   8.500   1.0551   0.09096   0.08173  -0.0744
  14.250   1.0046   0.13903   0.13138  -0.0842
  16.750   0.9727   0.19431   0.18800  -0.1019
  17.500   0.9750   0.25469   0.24918  -0.1290
