Smoothened XFOIL polar
 10-point moving average applied

   alpha    CL        CD       CDp       CM
  ------ -------- --------- --------- --------
 -17.250  -0.4896   0.21635   0.20974  -0.0102
 -17.000  -0.4871   0.21063   0.20400  -0.0093
 -16.750  -0.4812   0.20754   0.20092  -0.0092
 -16.500  -0.4713   0.20512   0.19853  -0.0100
 -16.250  -0.4565   0.20140   0.19488  -0.0115
 -16.000  -0.4327   0.19076   0.18434  -0.0139
 -14.750  -0.4056   0.17712   0.17089  -0.0173
 -12.250  -0.3729   0.16184   0.15584  -0.0205
 -10.750  -0.3454   0.14648   0.14068  -0.0230
 -10.000  -0.3286   0.13297   0.12732  -0.0241
  -9.500  -0.3182   0.12498   0.11945  -0.0236
  -9.000  -0.3247   0.12205   0.11655  -0.0226
  -8.500  -0.3218   0.11864   0.11323  -0.0216
  -8.250  -0.3202   0.11427   0.10895  -0.0199
  -7.750  -0.3240   0.11084   0.10563  -0.0185
  -7.000  -0.3210   0.10799   0.10292  -0.0168
  -6.750  -0.3251   0.10497   0.10000  -0.0145
  -6.500  -0.3353   0.10190   0.09697  -0.0123
  -6.250  -0.3404   0.10034   0.09550  -0.0108
  -6.000  -0.3547   0.09925   0.09443  -0.0108
  -5.750  -0.3632   0.09727   0.09252  -0.0105
  -5.500  -0.3668   0.09500   0.09032  -0.0099
  -5.250  -0.3690   0.09180   0.08715  -0.0111
  -4.750  -0.3622   0.08852   0.08392  -0.0129
  -4.500  -0.3569   0.08518   0.08061  -0.0136
  -4.250  -0.3484   0.08171   0.07715  -0.0161
  -4.000  -0.3370   0.07896   0.07444  -0.0184
  -3.750  -0.3579   0.07892   0.07466  -0.0157
  -3.500  -0.3204   0.07406   0.06970  -0.0235
  -3.250  -0.2367   0.06590   0.06104  -0.0391
  -3.000  -0.1194   0.05560   0.04992  -0.0610
  -1.500   0.0126   0.04498   0.03829  -0.0840
  -1.250   0.1409   0.03565   0.02794  -0.1043
  -1.000   0.2503   0.02862   0.02006  -0.1206
  -0.750   0.3184   0.02564   0.01660  -0.1276
  -0.500   0.3302   0.02765   0.01851  -0.1243
  -0.250   0.3738   0.02711   0.01799  -0.1274
   0.000   0.4175   0.02644   0.01769  -0.1306
   0.250   0.4595   0.02564   0.01751  -0.1333
   0.500   0.5002   0.02477   0.01734  -0.1357
   0.750   0.5399   0.02391   0.01714  -0.1377
   1.000   0.5787   0.02315   0.01685  -0.1394
   1.250   0.6180   0.02256   0.01644  -0.1411
   1.500   0.6586   0.02216   0.01582  -0.1428
   1.750   0.7019   0.02169   0.01516  -0.1452
   2.000   0.7463   0.02112   0.01446  -0.1477
   2.250   0.7900   0.02039   0.01365  -0.1498
   2.500   0.8363   0.01953   0.01274  -0.1524
   2.750   0.8839   0.01864   0.01180  -0.1551
   3.000   0.9320   0.01781   0.01092  -0.1580
   3.250   0.9794   0.01711   0.01017  -0.1608
   3.500   1.0247   0.01659   0.00957  -0.1633
   3.750   1.0665   0.01630   0.00916  -0.1653
   4.000   1.1036   0.01623   0.00896  -0.1665
   4.250   1.1359   0.01637   0.00894  -0.1668
   4.500   1.1644   0.01663   0.00900  -0.1664
   4.750   1.1867   0.01701   0.00913  -0.1649
   5.000   1.2042   0.01748   0.00931  -0.1625
   5.250   1.2187   0.01802   0.00951  -0.1595
   5.500   1.2317   0.01859   0.00976  -0.1564
   5.750   1.2446   0.01919   0.01004  -0.1535
   6.000   1.2584   0.01981   0.01038  -0.1508
   6.250   1.2735   0.02045   0.01080  -0.1485
   6.500   1.2883   0.02115   0.01129  -0.1462
   6.750   1.3023   0.02187   0.01182  -0.1437
   7.000   1.3151   0.02275   0.01245  -0.1410
   7.250   1.3264   0.02387   0.01315  -0.1383
   7.500   1.3357   0.02535   0.01429  -0.1352
   7.750   1.3430   0.02717   0.01590  -0.1318
   8.000   1.3486   0.02923   0.01790  -0.1281
   8.250   1.3556   0.03138   0.02012  -0.1245
   8.500   1.3536   0.03353   0.02257  -0.1198
   8.750   1.3533   0.03550   0.02493  -0.1155
   9.000   1.3532   0.03734   0.02707  -0.1114
   9.250   1.3649   0.03477   0.02423  -0.1098
   9.500   1.3820   0.03858   0.02835  -0.1052
   9.750   1.3978   0.04503   0.03522  -0.1017
  10.000   1.3959   0.05919   0.05032  -0.0985
  12.000   1.3648   0.08387   0.07668  -0.0957
  13.000   1.2933   0.12192   0.11735  -0.0935
