Smoothened XFOIL polar
 10-point moving average applied

   alpha    CL        CD       CDp       CM
  ------ -------- --------- --------- --------
 -14.250  -0.3637   0.17751   0.17260  -0.0192
 -14.000  -0.4010   0.17795   0.17282  -0.0162
 -13.750  -0.4131   0.17347   0.16829  -0.0158
 -13.500  -0.4073   0.16554   0.16040  -0.0171
 -13.250  -0.3909   0.15558   0.15055  -0.0194
 -10.750  -0.3743   0.14595   0.14102  -0.0211
 -10.500  -0.3665   0.13697   0.13216  -0.0225
 -10.250  -0.3554   0.12923   0.12456  -0.0232
  -9.750  -0.3494   0.12368   0.11910  -0.0231
  -9.000  -0.3526   0.12105   0.11650  -0.0220
  -8.750  -0.3423   0.11595   0.11150  -0.0206
  -8.250  -0.3316   0.11105   0.10671  -0.0189
  -7.500  -0.3320   0.10726   0.10299  -0.0172
  -7.250  -0.3376   0.10395   0.09973  -0.0140
  -7.000  -0.3493   0.10114   0.09701  -0.0130
  -6.500  -0.3587   0.09846   0.09441  -0.0127
  -6.250  -0.3829   0.09631   0.09233  -0.0099
  -5.500  -0.4317   0.09462   0.09101  -0.0047
  -5.250  -0.3829   0.08578   0.08203  -0.0157
  -4.750  -0.2506   0.07229   0.06791  -0.0386
  -3.750  -0.0715   0.05643   0.05111  -0.0676
  -1.250   0.1266   0.04140   0.03502  -0.0977
  -0.750   0.3125   0.02818   0.02079  -0.1255
  -0.500   0.4560   0.01969   0.01160  -0.1449
  -0.250   0.5245   0.01772   0.00933  -0.1499
   0.000   0.5235   0.02062   0.01256  -0.1452
   0.250   0.5619   0.01997   0.01224  -0.1478
   0.500   0.6029   0.01904   0.01182  -0.1503
   0.750   0.6421   0.01804   0.01140  -0.1522
   1.000   0.6803   0.01702   0.01093  -0.1539
   1.250   0.7168   0.01608   0.01041  -0.1551
   1.500   0.7541   0.01526   0.00983  -0.1563
   1.750   0.7926   0.01464   0.00916  -0.1577
   2.000   0.8300   0.01452   0.00888  -0.1597
   2.250   0.8771   0.01326   0.00754  -0.1625
   2.500   0.9285   0.01223   0.00642  -0.1655
   2.750   0.9817   0.01154   0.00562  -0.1687
   3.250   1.0330   0.01122   0.00518  -0.1716
   3.500   1.0785   0.01131   0.00509  -0.1734
   3.750   1.1141   0.01183   0.00533  -0.1737
   4.000   1.1391   0.01274   0.00588  -0.1726
   4.250   1.1532   0.01399   0.00674  -0.1703
   4.500   1.1684   0.01419   0.00653  -0.1674
   4.750   1.1826   0.01484   0.00677  -0.1646
   5.000   1.1970   0.01550   0.00705  -0.1620
   5.250   1.2118   0.01622   0.00742  -0.1596
   5.500   1.2271   0.01702   0.00783  -0.1575
   5.750   1.2397   0.01814   0.00844  -0.1549
   6.000   1.2513   0.01948   0.00923  -0.1521
   6.250   1.2631   0.02089   0.01018  -0.1494
   6.500   1.2763   0.02226   0.01123  -0.1468
   6.750   1.2911   0.02350   0.01234  -0.1444
   7.000   1.3072   0.02459   0.01348  -0.1420
   7.250   1.3230   0.02562   0.01469  -0.1395
   7.500   1.3380   0.02666   0.01600  -0.1369
   7.750   1.3502   0.02793   0.01752  -0.1338
   8.000   1.3578   0.02958   0.01935  -0.1302
   8.250   1.3596   0.03174   0.02154  -0.1258
