Smoothened XFOIL polar
 10-point moving average applied

   alpha    CL        CD       CDp       CM
  ------ -------- --------- --------- --------
 -19.750  -0.4281   0.23169   0.22728  -0.0095
 -19.250  -0.4358   0.22654   0.22203  -0.0106
 -16.500  -0.4228   0.21161   0.20714  -0.0131
 -15.500  -0.3965   0.19029   0.18592  -0.0163
 -14.500  -0.3643   0.16591   0.16172  -0.0192
 -10.500  -0.3249   0.14250   0.13856  -0.0211
  -8.750  -0.3291   0.12606   0.12223  -0.0184
  -7.500  -0.3333   0.11221   0.10853  -0.0150
  -7.000  -0.3282   0.10385   0.10033  -0.0132
  -6.750  -0.3414   0.10154   0.09806  -0.0112
  -6.500  -0.3294   0.09615   0.09269  -0.0169
  -5.750  -0.2964   0.08851   0.08507  -0.0278
  -5.000  -0.2418   0.07895   0.07569  -0.0435
  -4.000  -0.1434   0.06556   0.06201  -0.0663
  -3.750  -0.0268   0.05096   0.04673  -0.0907
  -3.000   0.0842   0.03866   0.03352  -0.1116
  -2.250   0.1940   0.02863   0.02254  -0.1287
  -2.000   0.2792   0.02221   0.01529  -0.1388
  -1.750   0.3480   0.01787   0.01036  -0.1449
  -1.500   0.3888   0.01685   0.00914  -0.1467
  -1.250   0.4139   0.01787   0.01028  -0.1463
  -1.000   0.4529   0.01720   0.00966  -0.1483
  -0.750   0.4913   0.01647   0.00912  -0.1502
  -0.500   0.5322   0.01566   0.00860  -0.1526
  -0.250   0.5723   0.01487   0.00817  -0.1549
   0.000   0.6137   0.01412   0.00779  -0.1575
   0.250   0.6507   0.01332   0.00747  -0.1590
   0.500   0.6876   0.01254   0.00709  -0.1604
   0.750   0.7215   0.01188   0.00667  -0.1610
   1.000   0.7583   0.01123   0.00626  -0.1622
   1.250   0.7958   0.01072   0.00588  -0.1637
   1.500   0.8363   0.01036   0.00551  -0.1658
   1.750   0.8773   0.01022   0.00521  -0.1682
   2.000   0.9176   0.01028   0.00502  -0.1706
   2.250   0.9525   0.01038   0.00492  -0.1719
   2.500   0.9841   0.01055   0.00490  -0.1724
   2.750   1.0107   0.01080   0.00495  -0.1720
   3.000   1.0359   0.01110   0.00504  -0.1713
   3.250   1.0587   0.01142   0.00518  -0.1702
   3.500   1.0804   0.01177   0.00535  -0.1688
   3.750   1.1016   0.01214   0.00554  -0.1674
   4.000   1.1225   0.01251   0.00576  -0.1659
   4.250   1.1423   0.01291   0.00599  -0.1643
   4.500   1.1603   0.01336   0.00624  -0.1623
   4.750   1.1761   0.01386   0.00650  -0.1599
   5.000   1.1909   0.01438   0.00678  -0.1574
   5.250   1.2051   0.01493   0.00708  -0.1548
   5.500   1.2200   0.01547   0.00739  -0.1524
   5.750   1.2362   0.01600   0.00773  -0.1503
   6.000   1.2538   0.01649   0.00807  -0.1485
   6.250   1.2720   0.01698   0.00842  -0.1468
   6.500   1.2894   0.01754   0.00878  -0.1451
   6.750   1.3063   0.01814   0.00915  -0.1433
   7.000   1.3203   0.01901   0.00964  -0.1411
   7.250   1.3313   0.02021   0.01047  -0.1384
   7.500   1.3409   0.02158   0.01156  -0.1354
   7.750   1.3502   0.02302   0.01284  -0.1323
   8.000   1.3605   0.02439   0.01420  -0.1293
   8.250   1.3721   0.02562   0.01557  -0.1264
   8.500   1.3834   0.02628   0.01641  -0.1246
   8.750   1.3990   0.02744   0.01783  -0.1217
   9.000   1.4136   0.02926   0.01987  -0.1177
   9.250   1.4269   0.03165   0.02252  -0.1128
  10.250   1.4383   0.03453   0.02565  -0.1077
  10.500   1.4467   0.03788   0.02923  -0.1024
  10.750   1.4512   0.04166   0.03321  -0.0973
