Smoothened XFOIL polar
 10-point moving average applied

   alpha    CL        CD       CDp       CM
  ------ -------- --------- --------- --------
 -20.000  -0.6683   0.24695   0.23764   0.0378
 -19.750  -0.7015   0.24929   0.23979   0.0411
 -19.500  -0.6851   0.24614   0.23669   0.0376
 -19.250  -0.6371   0.23940   0.23015   0.0300
 -18.500  -0.5758   0.23097   0.22199   0.0206
 -18.250  -0.5506   0.22497   0.21607   0.0162
 -17.750  -0.5023   0.21895   0.21028   0.0085
 -17.500  -0.4814   0.21507   0.20647   0.0050
 -17.250  -0.4876   0.21385   0.20518   0.0051
 -17.000  -0.5172   0.21368   0.20481   0.0084
 -16.750  -0.5267   0.21144   0.20250   0.0086
 -16.250  -0.5473   0.21037   0.20129   0.0106
 -16.000  -0.5007   0.20498   0.19611   0.0044
 -15.750  -0.4915   0.20143   0.19259   0.0033
 -15.500  -0.4557   0.19809   0.18942  -0.0024
 -15.250  -0.4484   0.19540   0.18676  -0.0037
 -15.000  -0.4516   0.19231   0.18363  -0.0034
 -14.750  -0.4691   0.19071   0.18192  -0.0018
 -14.500  -0.4976   0.18895   0.18001   0.0011
 -14.250  -0.4949   0.18507   0.17612   0.0006
 -14.000  -0.4734   0.18122   0.17238  -0.0027
 -13.500  -0.4701   0.17720   0.16838  -0.0037
 -13.250  -0.4578   0.17439   0.16563  -0.0061
 -13.000  -0.4309   0.17114   0.16253  -0.0095
 -12.750  -0.4107   0.16785   0.15936  -0.0120
 -12.500  -0.3977   0.16493   0.15651  -0.0136
 -12.250  -0.3885   0.16095   0.15256  -0.0144
 -12.000  -0.3880   0.15768   0.14930  -0.0149
 -11.750  -0.4017   0.15771   0.14922  -0.0143
 -11.500  -0.4065   0.15265   0.14417  -0.0141
 -11.250  -0.3981   0.14472   0.13638  -0.0162
 -11.000  -0.3736   0.13514   0.12707  -0.0196
  -8.250  -0.3540   0.12468   0.11689  -0.0223
  -8.000  -0.3340   0.11402   0.10656  -0.0235
  -7.750  -0.3270   0.10534   0.09813  -0.0243
  -7.250  -0.3272   0.10014   0.09317  -0.0232
  -6.750  -0.3401   0.09917   0.09229  -0.0212
  -6.500  -0.3449   0.09417   0.08748  -0.0200
  -6.000  -0.3646   0.08925   0.08288  -0.0158
  -5.500  -0.3581   0.08148   0.07524  -0.0175
  -4.500  -0.3265   0.07097   0.06448  -0.0242
  -4.000  -0.2743   0.05893   0.05178  -0.0340
  -3.500  -0.2137   0.04730   0.03907  -0.0459
  -3.250  -0.1443   0.03735   0.02805  -0.0563
  -3.000  -0.0851   0.03077   0.02051  -0.0650
  -2.750  -0.0403   0.02664   0.01578  -0.0689
  -2.500  -0.0184   0.02616   0.01522  -0.0667
  -2.250   0.0077   0.02544   0.01454  -0.0667
  -2.000   0.0351   0.02500   0.01411  -0.0674
  -1.750   0.0602   0.02424   0.01366  -0.0675
  -1.500   0.0848   0.02313   0.01291  -0.0672
  -1.250   0.1078   0.02215   0.01237  -0.0667
  -1.000   0.1292   0.02149   0.01208  -0.0661
  -0.750   0.1493   0.02119   0.01199  -0.0655
  -0.500   0.1686   0.02134   0.01214  -0.0651
  -0.250   0.1879   0.02199   0.01253  -0.0652
   0.000   0.2068   0.02292   0.01308  -0.0655
   0.250   0.2249   0.02371   0.01375  -0.0657
   0.500   0.2476   0.02461   0.01452  -0.0668
   0.750   0.2769   0.02560   0.01541  -0.0693
   1.000   0.3127   0.02664   0.01636  -0.0731
   1.250   0.3543   0.02771   0.01736  -0.0778
   1.500   0.3990   0.02875   0.01835  -0.0830
   1.750   0.4435   0.02972   0.01929  -0.0880
   2.000   0.4826   0.03062   0.02018  -0.0918
   2.250   0.5204   0.03146   0.02101  -0.0951
   2.500   0.5558   0.03229   0.02185  -0.0979
   2.750   0.5906   0.03309   0.02267  -0.1005
   3.000   0.6239   0.03387   0.02346  -0.1026
   3.250   0.6569   0.03461   0.02424  -0.1045
   3.500   0.6876   0.03539   0.02506  -0.1059
   3.750   0.7198   0.03605   0.02577  -0.1073
   4.000   0.7495   0.03677   0.02655  -0.1083
   4.250   0.7721   0.03804   0.02787  -0.1099
   4.500   0.8093   0.03830   0.02824  -0.1105
   4.750   0.8591   0.03743   0.02751  -0.1102
   5.000   0.9167   0.03577   0.02604  -0.1091
   5.750   0.9770   0.03322   0.02366  -0.1067
   6.000   1.0300   0.03027   0.02075  -0.1026
   6.250   1.0728   0.02736   0.01780  -0.0976
   6.500   1.0940   0.02563   0.01575  -0.0918
   6.750   1.0923   0.02589   0.01538  -0.0864
   7.000   1.0915   0.02689   0.01561  -0.0809
   7.250   1.0846   0.02895   0.01688  -0.0756
   7.500   1.0787   0.03196   0.01915  -0.0713
   7.750   1.0835   0.03542   0.02206  -0.0680
   8.000   1.1030   0.03935   0.02570  -0.0659
   8.250   1.1253   0.04197   0.02833  -0.0643
   8.500   1.1916   0.03801   0.02458  -0.0590
   8.750   1.1923   0.05209   0.03952  -0.0580
   9.000   1.1408   0.07730   0.06597  -0.0601
  10.000   1.0488   0.11127   0.10144  -0.0636
  14.250   0.9396   0.14873   0.14023  -0.0695
  14.500   0.8279   0.18605   0.17845  -0.0780
  16.000   0.7283   0.21960   0.21218  -0.0892
