Smoothened XFOIL polar
 10-point moving average applied

   alpha    CL        CD       CDp       CM
  ------ -------- --------- --------- --------
 -18.500  -0.5831   0.23154   0.22604   0.0196
 -18.250  -0.5095   0.22520   0.21990   0.0085
 -18.000  -0.4644   0.21699   0.21179   0.0011
 -17.000  -0.4415   0.20779   0.20262  -0.0033
 -15.750  -0.4342   0.19848   0.19330  -0.0054
 -15.250  -0.4494   0.19119   0.18594  -0.0042
 -14.750  -0.4166   0.18288   0.17770  -0.0090
 -14.500  -0.4329   0.18009   0.17486  -0.0068
 -14.250  -0.4278   0.17736   0.17214  -0.0077
 -14.000  -0.4116   0.17341   0.16822  -0.0096
 -13.750  -0.4185   0.17102   0.16581  -0.0093
 -13.500  -0.4339   0.16821   0.16294  -0.0078
 -13.250  -0.4258   0.16468   0.15942  -0.0091
 -13.000  -0.4316   0.16107   0.15578  -0.0092
 -12.750  -0.4165   0.15852   0.15327  -0.0128
 -12.250  -0.4091   0.15520   0.14998  -0.0150
 -12.000  -0.3991   0.15556   0.15028  -0.0173
 -11.750  -0.3896   0.14754   0.14237  -0.0192
 -11.250  -0.3903   0.13536   0.13045  -0.0182
 -10.750  -0.3971   0.12022   0.11591  -0.0179
  -5.750  -0.3652   0.09735   0.09314  -0.0247
  -5.500  -0.3036   0.07191   0.06727  -0.0363
  -4.500  -0.2215   0.04884   0.04337  -0.0511
  -3.500  -0.1257   0.03087   0.02434  -0.0657
  -3.250  -0.0286   0.02292   0.01526  -0.0792
  -3.000   0.0516   0.01491   0.00650  -0.0883
  -2.750   0.0992   0.01361   0.00495  -0.0907
  -2.500   0.1245   0.01602   0.00772  -0.0916
  -2.250   0.1635   0.01601   0.00783  -0.0948
  -2.000   0.2019   0.01574   0.00786  -0.0981
  -1.750   0.2390   0.01504   0.00766  -0.1008
  -1.500   0.2746   0.01422   0.00743  -0.1029
  -1.250   0.3103   0.01352   0.00727  -0.1049
  -1.000   0.3456   0.01293   0.00709  -0.1067
  -0.750   0.3804   0.01250   0.00688  -0.1083
  -0.500   0.4152   0.01228   0.00666  -0.1099
  -0.250   0.4495   0.01223   0.00643  -0.1114
   0.000   0.4834   0.01214   0.00622  -0.1129
   0.250   0.5151   0.01200   0.00603  -0.1138
   0.500   0.5456   0.01188   0.00585  -0.1145
   0.750   0.5760   0.01175   0.00569  -0.1150
   1.000   0.6055   0.01166   0.00555  -0.1154
   1.250   0.6341   0.01159   0.00544  -0.1156
   1.500   0.6617   0.01156   0.00536  -0.1156
   1.750   0.6888   0.01154   0.00529  -0.1154
   2.000   0.7132   0.01152   0.00521  -0.1152
   2.250   0.7363   0.01146   0.00510  -0.1148
   2.500   0.7688   0.01149   0.00498  -0.1139
   2.750   0.8054   0.01156   0.00487  -0.1127
   3.250   0.8487   0.01176   0.00484  -0.1112
   4.000   0.8953   0.01204   0.00490  -0.1098
   4.250   0.9402   0.01238   0.00505  -0.1083
   4.750   0.9780   0.01282   0.00523  -0.1068
   5.000   1.0027   0.01302   0.00528  -0.1058
   5.250   1.0229   0.01374   0.00554  -0.1041
   5.500   1.0449   0.01485   0.00593  -0.1021
   5.750   1.0664   0.01649   0.00684  -0.0994
   6.500   1.0922   0.01865   0.00820  -0.0963
   6.750   1.1174   0.02098   0.01000  -0.0929
   7.250   1.1405   0.02331   0.01225  -0.0892
   7.500   1.1599   0.02546   0.01495  -0.0854
