Smoothened XFOIL polar
 10-point moving average applied

   alpha    CL        CD       CDp       CM
  ------ -------- --------- --------- --------
 -20.000  -0.4649   0.23728   0.22795  -0.0109
 -19.750  -0.4765   0.23379   0.22429  -0.0092
 -19.500  -0.4675   0.23086   0.22138  -0.0097
 -19.250  -0.4454   0.22825   0.21893  -0.0117
 -19.000  -0.4176   0.22577   0.21667  -0.0145
 -18.750  -0.4007   0.22306   0.21398  -0.0166
 -18.500  -0.3887   0.22014   0.21133  -0.0183
 -17.750  -0.3804   0.21671   0.20807  -0.0195
 -17.500  -0.3781   0.21360   0.20502  -0.0200
 -17.250  -0.3803   0.21009   0.20148  -0.0202
 -16.750  -0.3955   0.20619   0.19736  -0.0195
 -16.500  -0.3602   0.20288   0.19425  -0.0218
 -15.750  -0.3396   0.19955   0.19094  -0.0231
 -15.500  -0.3251   0.19658   0.18791  -0.0244
 -15.250  -0.3222   0.19338   0.18486  -0.0253
 -15.000  -0.3063   0.19115   0.18277  -0.0262
 -14.500  -0.2982   0.18913   0.18083  -0.0264
 -14.250  -0.2956   0.18614   0.17785  -0.0267
 -14.000  -0.3014   0.18306   0.17474  -0.0267
 -13.750  -0.2877   0.18011   0.17195  -0.0273
 -13.250  -0.2833   0.17622   0.16806  -0.0271
 -13.000  -0.2837   0.17243   0.16423  -0.0271
 -12.500  -0.2900   0.16891   0.16063  -0.0272
 -12.250  -0.2804   0.16559   0.15733  -0.0274
 -12.000  -0.2693   0.16316   0.15496  -0.0271
 -11.750  -0.2636   0.16112   0.15300  -0.0270
 -11.250  -0.2610   0.15930   0.15128  -0.0270
 -11.000  -0.2562   0.15657   0.14866  -0.0266
 -10.750  -0.2517   0.15353   0.14568  -0.0260
 -10.500  -0.2540   0.15039   0.14256  -0.0257
 -10.250  -0.2547   0.14812   0.14033  -0.0253
 -10.000  -0.2486   0.14586   0.13817  -0.0243
  -9.750  -0.2412   0.14501   0.13748  -0.0234
  -9.500  -0.2416   0.14362   0.13620  -0.0228
  -9.250  -0.2420   0.14095   0.13358  -0.0222
  -9.000  -0.2423   0.13910   0.13183  -0.0213
  -8.750  -0.2454   0.13663   0.12942  -0.0204
  -8.500  -0.2539   0.13331   0.12608  -0.0198
  -8.250  -0.2552   0.13121   0.12407  -0.0186
  -8.000  -0.2488   0.13033   0.12337  -0.0169
  -7.750  -0.2544   0.12870   0.12184  -0.0158
  -7.500  -0.2554   0.12719   0.12044  -0.0143
  -7.250  -0.2608   0.12504   0.11836  -0.0129
  -7.000  -0.2652   0.12353   0.11697  -0.0114
  -6.750  -0.2772   0.12080   0.11426  -0.0100
  -6.500  -0.2882   0.11855   0.11206  -0.0086
  -6.250  -0.2961   0.11666   0.11026  -0.0069
  -6.000  -0.3022   0.11517   0.10887  -0.0052
  -5.750  -0.3168   0.11308   0.10684  -0.0031
  -5.500  -0.3311   0.11127   0.10515  -0.0003
  -5.250  -0.3455   0.11002   0.10404   0.0027
  -4.750  -0.3575   0.10817   0.10231   0.0058
  -4.500  -0.3719   0.10639   0.10062   0.0088
  -4.250  -0.3802   0.10516   0.09952   0.0117
  -4.000  -0.3866   0.10263   0.09709   0.0139
  -3.750  -0.3983   0.09984   0.09439   0.0165
  -3.250  -0.4167   0.09887   0.09366   0.0246
  -2.750  -0.4016   0.09197   0.08657   0.0168
  -2.500  -0.3832   0.08776   0.08240   0.0110
  -2.250  -0.3380   0.08068   0.07505  -0.0040
  -2.000  -0.2705   0.07256   0.06642  -0.0247
  -1.750  -0.1921   0.06437   0.05758  -0.0473
  -1.500  -0.1151   0.05716   0.04972  -0.0674
  -1.250  -0.0522   0.05254   0.04457  -0.0806
  -1.000  -0.0028   0.05157   0.04331  -0.0847
  -0.750   0.0586   0.04784   0.03912  -0.0956
  -0.500   0.0892   0.04902   0.04033  -0.0944
  -0.250   0.1304   0.04852   0.03972  -0.0972
   0.000   0.1692   0.04815   0.03926  -0.0995
   0.250   0.2079   0.04782   0.03893  -0.1015
   0.500   0.2442   0.04757   0.03876  -0.1030
   0.750   0.2781   0.04735   0.03863  -0.1044
   1.000   0.3151   0.04717   0.03857  -0.1055
   1.250   0.3561   0.04698   0.03850  -0.1065
   1.500   0.3975   0.04662   0.03831  -0.1067
   2.000   0.4370   0.04609   0.03803  -0.1062
   2.250   0.4792   0.04526   0.03739  -0.1062
   2.500   0.5222   0.04442   0.03669  -0.1066
   2.750   0.5611   0.04381   0.03609  -0.1074
   3.000   0.5977   0.04335   0.03550  -0.1086
   3.250   0.6433   0.04278   0.03469  -0.1106
   3.500   0.6913   0.04226   0.03385  -0.1128
   3.750   0.7360   0.04175   0.03307  -0.1140
   4.000   0.7880   0.04077   0.03191  -0.1159
   4.250   0.8439   0.03964   0.03060  -0.1184
   4.500   0.8993   0.03868   0.02947  -0.1210
   4.750   0.9461   0.03824   0.02888  -0.1227
   5.000   0.9920   0.03795   0.02843  -0.1245
   5.250   1.0335   0.03786   0.02820  -0.1257
   5.500   1.0646   0.03826   0.02849  -0.1257
   5.750   1.0913   0.03888   0.02901  -0.1251
   6.000   1.1221   0.03937   0.02939  -0.1251
   6.250   1.1453   0.04021   0.03016  -0.1241
   6.500   1.1658   0.04118   0.03109  -0.1228
   6.750   1.1800   0.04243   0.03231  -0.1207
   7.000   1.1957   0.04363   0.03349  -0.1189
   7.250   1.2047   0.04510   0.03498  -0.1162
   7.500   1.2334   0.04466   0.03452  -0.1140
   7.750   1.2324   0.04645   0.03635  -0.1100
   8.000   1.1885   0.05215   0.04217  -0.1052
   8.250   1.1106   0.06226   0.05245  -0.1007
   8.500   1.0153   0.07505   0.06544  -0.0969
   8.750   0.9211   0.08850   0.07907  -0.0946
   9.250   0.8303   0.10328   0.09403  -0.0955
   9.500   0.7691   0.11733   0.10822  -0.0992
   9.750   0.7599   0.12755   0.11850  -0.1047
  10.500   0.7626   0.13661   0.12753  -0.1091
  11.250   0.7461   0.14758   0.13872  -0.1119
  11.750   0.7548   0.15611   0.14727  -0.1143
  12.250   0.7508   0.16506   0.15650  -0.1151
  12.500   0.7633   0.17136   0.16297  -0.1154
  13.250   0.7877   0.17623   0.16777  -0.1171
  14.000   0.7870   0.18192   0.17365  -0.1181
  14.250   0.8005   0.18582   0.17759  -0.1197
  14.500   0.8275   0.18780   0.17944  -0.1218
  14.750   0.8404   0.19118   0.18285  -0.1227
  15.250   0.8713   0.19208   0.18356  -0.1244
  15.500   0.8785   0.19521   0.18675  -0.1253
  15.750   0.9045   0.19743   0.18883  -0.1269
  16.000   0.9350   0.19901   0.19019  -0.1287
  16.250   0.9327   0.20291   0.19422  -0.1296
  16.750   0.9419   0.20581   0.19713  -0.1310
  17.000   0.9653   0.20699   0.19812  -0.1326
  17.250   0.9510   0.21283   0.20429  -0.1337
  17.500   0.9595   0.21630   0.20780  -0.1356
  18.000   0.9333   0.22378   0.21576  -0.1370
  18.750   0.9239   0.23037   0.22265  -0.1390
  19.000   0.9158   0.23701   0.22959  -0.1412
  19.500   0.9290   0.24108   0.23367  -0.1436
  19.750   0.9745   0.24101   0.23322  -0.1460
  20.000   1.0632   0.23526   0.22654  -0.1483
