Smoothened XFOIL polar
 10-point moving average applied

   alpha    CL        CD       CDp       CM
  ------ -------- --------- --------- --------
 -12.500  -0.3663   0.15653   0.15275  -0.0193
 -12.000  -0.3401   0.14399   0.14031  -0.0232
 -10.250  -0.3331   0.13275   0.12916  -0.0225
  -9.250  -0.3388   0.12270   0.11922  -0.0193
  -8.750  -0.3506   0.11376   0.11038  -0.0156
  -7.500  -0.3617   0.10548   0.10217  -0.0157
  -6.750  -0.3571   0.09898   0.09571  -0.0184
  -6.500  -0.3430   0.09263   0.08941  -0.0239
  -6.000  -0.3126   0.08605   0.08287  -0.0309
  -5.500  -0.2779   0.08186   0.07874  -0.0362
  -5.250  -0.2369   0.07633   0.07326  -0.0430
  -5.000  -0.2049   0.07054   0.06761  -0.0514
  -4.750  -0.1282   0.06176   0.05851  -0.0683
  -3.750  -0.0132   0.05022   0.04628  -0.0910
  -3.250   0.1299   0.03779   0.03296  -0.1148
  -1.750   0.2738   0.02672   0.02097  -0.1356
  -1.250   0.4009   0.01858   0.01202  -0.1506
  -1.000   0.4868   0.01496   0.00794  -0.1562
  -0.750   0.5350   0.01389   0.00679  -0.1575
  -0.500   0.5546   0.01476   0.00785  -0.1569
  -0.250   0.5964   0.01411   0.00727  -0.1591
   0.000   0.6455   0.01320   0.00653  -0.1619
   0.500   0.6935   0.01229   0.00598  -0.1645
   0.750   0.7399   0.01133   0.00549  -0.1667
   1.000   0.7838   0.01039   0.00504  -0.1689
   1.250   0.8242   0.00965   0.00474  -0.1709
   1.500   0.8606   0.00917   0.00453  -0.1730
   1.750   0.8988   0.00894   0.00429  -0.1749
   2.000   0.9370   0.00889   0.00409  -0.1769
   2.250   0.9738   0.00900   0.00398  -0.1787
   2.500   1.0058   0.00922   0.00400  -0.1795
   2.750   1.0342   0.00945   0.00406  -0.1796
   3.000   1.0585   0.00974   0.00417  -0.1788
   3.250   1.0800   0.01011   0.00431  -0.1774
   3.500   1.0980   0.01059   0.00449  -0.1753
   3.750   1.1136   0.01117   0.00471  -0.1728
   4.000   1.1282   0.01179   0.00496  -0.1701
   4.250   1.1429   0.01244   0.00524  -0.1675
   4.500   1.1586   0.01306   0.00553  -0.1652
   4.750   1.1763   0.01363   0.00582  -0.1634
   5.000   1.1931   0.01416   0.00604  -0.1621
   5.250   1.2103   0.01510   0.00654  -0.1601
   5.500   1.2281   0.01632   0.00725  -0.1576
   5.750   1.2468   0.01765   0.00813  -0.1549
   6.250   1.2668   0.01896   0.00911  -0.1522
   6.500   1.2860   0.02009   0.01007  -0.1498
   6.750   1.3077   0.02116   0.01118  -0.1473
   7.000   1.3279   0.02199   0.01222  -0.1450
   7.250   1.3475   0.02298   0.01347  -0.1422
   7.750   1.3663   0.02433   0.01506  -0.1386
   8.000   1.3838   0.02625   0.01710  -0.1337
