Smoothened XFOIL polar
 10-point moving average applied

   alpha    CL        CD       CDp       CM
  ------ -------- --------- --------- --------
 -18.500  -0.3755   0.21322   0.20895  -0.0138
 -13.750  -0.3872   0.18250   0.17814  -0.0164
 -13.250  -0.3940   0.16428   0.15987  -0.0177
 -13.000  -0.3968   0.15537   0.15094  -0.0182
 -12.750  -0.3960   0.15260   0.14818  -0.0180
 -12.500  -0.3949   0.15248   0.14807  -0.0176
 -12.000  -0.3859   0.14900   0.14462  -0.0179
 -11.750  -0.3790   0.14570   0.14137  -0.0185
 -11.500  -0.3728   0.14397   0.13968  -0.0198
 -11.250  -0.3641   0.14204   0.13783  -0.0212
 -11.000  -0.3574   0.13879   0.13464  -0.0220
 -10.750  -0.3514   0.13357   0.12948  -0.0221
 -10.000  -0.3472   0.12751   0.12349  -0.0218
  -9.250  -0.3545   0.12195   0.11796  -0.0217
  -8.750  -0.3672   0.11776   0.11383  -0.0173
  -8.500  -0.3686   0.11134   0.10750  -0.0164
  -8.000  -0.3572   0.10386   0.10014  -0.0186
  -7.000  -0.3619   0.09629   0.09292  -0.0213
  -4.750  -0.2866   0.08203   0.07859  -0.0372
  -4.250  -0.1550   0.06446   0.06052  -0.0616
  -4.000   0.0131   0.04718   0.04242  -0.0900
  -1.500   0.1839   0.03363   0.02789  -0.1176
  -1.250   0.3387   0.02503   0.01838  -0.1365
  -0.750   0.4642   0.01787   0.01057  -0.1506
  -0.500   0.5347   0.01522   0.00764  -0.1553
  -0.250   0.5383   0.01738   0.00988  -0.1521
   0.000   0.5906   0.01644   0.00923  -0.1550
   0.250   0.6466   0.01533   0.00857  -0.1575
   0.750   0.7112   0.01395   0.00772  -0.1603
   1.500   0.7769   0.01255   0.00686  -0.1632
   1.750   0.8398   0.01135   0.00608  -0.1662
   2.000   0.8966   0.01048   0.00548  -0.1695
   2.250   0.9398   0.01016   0.00514  -0.1722
   2.500   0.9753   0.01028   0.00495  -0.1747
   2.750   1.0152   0.01025   0.00480  -0.1771
   3.000   1.0501   0.01035   0.00476  -0.1784
   3.250   1.0788   0.01062   0.00479  -0.1784
   3.500   1.1004   0.01105   0.00490  -0.1770
   3.750   1.1185   0.01160   0.00505  -0.1748
   4.000   1.1338   0.01222   0.00526  -0.1721
   4.250   1.1479   0.01288   0.00551  -0.1693
   4.500   1.1621   0.01356   0.00578  -0.1666
   4.750   1.1777   0.01423   0.00608  -0.1644
   5.000   1.1938   0.01501   0.00646  -0.1624
   5.250   1.2078   0.01611   0.00701  -0.1602
   5.500   1.2209   0.01739   0.00772  -0.1577
   5.750   1.2345   0.01871   0.00856  -0.1552
   6.000   1.2494   0.01996   0.00948  -0.1529
   6.250   1.2660   0.02105   0.01045  -0.1507
   6.500   1.2842   0.02194   0.01140  -0.1488
   6.750   1.3033   0.02268   0.01234  -0.1468
   7.000   1.3212   0.02349   0.01338  -0.1446
   7.250   1.3366   0.02451   0.01463  -0.1420
   7.500   1.3483   0.02585   0.01614  -0.1387
   7.750   1.3548   0.02763   0.01800  -0.1345
