Smoothened XFOIL polar
 10-point moving average applied

   alpha    CL        CD       CDp       CM
  ------ -------- --------- --------- --------
 -19.000  -0.5441   0.23751   0.23063  -0.0014
 -18.000  -0.5009   0.21828   0.21162  -0.0061
 -17.000  -0.4788   0.20908   0.20250  -0.0090
 -16.750  -0.4693   0.20582   0.19924  -0.0107
 -16.250  -0.4642   0.20441   0.19783  -0.0118
 -15.750  -0.4420   0.19557   0.18912  -0.0136
 -15.250  -0.4163   0.18271   0.17644  -0.0163
 -14.500  -0.3863   0.16545   0.15937  -0.0190
  -9.500  -0.3555   0.14775   0.14192  -0.0211
  -9.250  -0.3365   0.13143   0.12581  -0.0224
  -9.000  -0.3214   0.11904   0.11364  -0.0225
  -8.000  -0.3195   0.11298   0.10769  -0.0220
  -7.750  -0.3328   0.11418   0.10892  -0.0204
  -7.500  -0.3341   0.11035   0.10522  -0.0178
  -7.250  -0.3437   0.10638   0.10133  -0.0158
  -6.250  -0.3510   0.10320   0.09823  -0.0135
  -6.000  -0.3570   0.10037   0.09552  -0.0119
  -5.750  -0.3682   0.09739   0.09261  -0.0098
  -5.500  -0.3675   0.09503   0.09038  -0.0097
  -5.250  -0.3652   0.09269   0.08810  -0.0119
  -4.750  -0.3620   0.08970   0.08516  -0.0127
  -4.500  -0.3556   0.08605   0.08154  -0.0138
  -4.250  -0.3498   0.08239   0.07789  -0.0170
  -4.000  -0.3305   0.07843   0.07394  -0.0218
  -3.500  -0.3210   0.07590   0.07159  -0.0247
  -3.250  -0.2662   0.06901   0.06437  -0.0354
  -2.750  -0.1875   0.06200   0.05716  -0.0512
  -2.500  -0.0890   0.05349   0.04810  -0.0702
  -1.750   0.0141   0.04523   0.03905  -0.0878
  -1.500   0.1138   0.03759   0.03050  -0.1035
  -1.250   0.1927   0.03203   0.02409  -0.1151
  -1.000   0.2573   0.02866   0.02010  -0.1218
  -0.750   0.2944   0.02865   0.01969  -0.1220
  -0.500   0.3552   0.02658   0.01734  -0.1270
   0.000   0.4065   0.02645   0.01774  -0.1302
   0.250   0.4503   0.02559   0.01757  -0.1330
   0.500   0.5018   0.02462   0.01731  -0.1358
   0.750   0.5585   0.02362   0.01691  -0.1388
   1.000   0.6147   0.02265   0.01635  -0.1414
   1.750   0.6776   0.02168   0.01546  -0.1444
   2.000   0.7382   0.02088   0.01436  -0.1470
   2.250   0.7980   0.01999   0.01329  -0.1503
   2.500   0.8504   0.01913   0.01233  -0.1533
   2.750   0.8895   0.01836   0.01153  -0.1555
   3.000   0.9364   0.01760   0.01072  -0.1582
   3.250   0.9834   0.01697   0.01001  -0.1609
   3.500   1.0282   0.01651   0.00946  -0.1634
   3.750   1.0697   0.01626   0.00908  -0.1653
   4.000   1.1047   0.01626   0.00893  -0.1661
   4.250   1.1363   0.01643   0.00893  -0.1663
   4.500   1.1637   0.01674   0.00906  -0.1658
   4.750   1.1869   0.01713   0.00924  -0.1645
   5.000   1.2056   0.01760   0.00943  -0.1624
   5.250   1.2209   0.01812   0.00965  -0.1596
   5.500   1.2340   0.01867   0.00990  -0.1565
   5.750   1.2465   0.01925   0.01018  -0.1535
   6.000   1.2592   0.01985   0.01050  -0.1506
   6.250   1.2737   0.02046   0.01089  -0.1481
   6.500   1.2890   0.02109   0.01134  -0.1459
   6.750   1.3036   0.02177   0.01184  -0.1435
   7.000   1.3172   0.02249   0.01239  -0.1410
   7.250   1.3308   0.02324   0.01286  -0.1385
   7.500   1.3408   0.02449   0.01382  -0.1355
   7.750   1.3480   0.02619   0.01527  -0.1321
   8.000   1.3530   0.02821   0.01711  -0.1284
   8.250   1.3566   0.03039   0.01927  -0.1244
   8.500   1.3592   0.03263   0.02160  -0.1204
   8.750   1.3616   0.03477   0.02393  -0.1165
   9.000   1.3654   0.03665   0.02607  -0.1130
   9.250   1.3700   0.03831   0.02790  -0.1099
   9.500   1.3663   0.03981   0.02956  -0.1060
   9.750   1.3835   0.03962   0.02919  -0.1055
  10.000   1.4015   0.04135   0.03094  -0.1044
  10.250   1.4234   0.04735   0.03737  -0.1023
  10.500   1.4480   0.05974   0.05084  -0.0979
  12.000   1.4743   0.08065   0.07372  -0.0905
