Smoothened XFOIL polar
 10-point moving average applied

   alpha    CL        CD       CDp       CM
  ------ -------- --------- --------- --------
 -20.000  -0.5892   0.24599   0.23621   0.0068
 -19.500  -0.5123   0.23648   0.22717  -0.0017
 -18.750  -0.4695   0.22766   0.21859  -0.0072
 -17.500  -0.4509   0.21967   0.21068  -0.0104
 -17.250  -0.4464   0.21267   0.20367  -0.0121
 -16.250  -0.4297   0.20733   0.19843  -0.0143
 -15.750  -0.4332   0.20421   0.19532  -0.0148
 -15.500  -0.4148   0.19829   0.18953  -0.0171
 -15.250  -0.4042   0.19342   0.18473  -0.0187
 -14.500  -0.4084   0.18937   0.18062  -0.0187
 -14.000  -0.3908   0.18401   0.17535  -0.0204
 -13.750  -0.3893   0.17843   0.16974  -0.0208
 -13.500  -0.3997   0.17288   0.16407  -0.0206
 -13.000  -0.3842   0.16996   0.16127  -0.0218
 -12.750  -0.3800   0.16623   0.15761  -0.0223
 -12.250  -0.3792   0.16068   0.15209  -0.0226
 -12.000  -0.3691   0.15549   0.14703  -0.0235
 -11.250  -0.3585   0.15019   0.14188  -0.0237
 -10.750  -0.3500   0.14443   0.13624  -0.0237
 -10.250  -0.3444   0.13898   0.13087  -0.0231
 -10.000  -0.3492   0.13490   0.12683  -0.0227
  -9.750  -0.3386   0.13311   0.12516  -0.0226
  -9.500  -0.3380   0.13091   0.12301  -0.0224
  -9.250  -0.3339   0.12858   0.12078  -0.0221
  -9.000  -0.3368   0.12555   0.11781  -0.0216
  -8.500  -0.3262   0.12285   0.11528  -0.0209
  -8.000  -0.3211   0.11924   0.11179  -0.0198
  -7.750  -0.3218   0.11583   0.10847  -0.0186
  -7.500  -0.3330   0.11263   0.10533  -0.0171
  -7.000  -0.3340   0.10978   0.10261  -0.0150
  -6.750  -0.3399   0.10767   0.10062  -0.0131
  -6.250  -0.3408   0.10513   0.09825  -0.0108
  -6.000  -0.3471   0.10232   0.09556  -0.0092
  -5.750  -0.3457   0.09968   0.09304  -0.0080
  -5.250  -0.3477   0.09688   0.09033  -0.0069
  -5.000  -0.3500   0.09402   0.08752  -0.0071
  -4.750  -0.3536   0.09065   0.08416  -0.0075
  -4.500  -0.3482   0.08783   0.08144  -0.0078
  -4.000  -0.3384   0.08522   0.07895  -0.0087
  -3.750  -0.3576   0.08435   0.07838  -0.0027
  -3.500  -0.3294   0.07947   0.07352  -0.0077
  -3.000  -0.2602   0.07154   0.06530  -0.0213
  -2.750  -0.1618   0.06194   0.05505  -0.0408
  -1.250  -0.0483   0.05166   0.04393  -0.0634
  -1.000   0.0629   0.04236   0.03368  -0.0845
  -0.750   0.1568   0.03587   0.02634  -0.1005
  -0.500   0.2153   0.03250   0.02233  -0.1082
  -0.250   0.2190   0.03390   0.02352  -0.1033
   0.000   0.2439   0.03351   0.02289  -0.1035
   0.250   0.2673   0.03333   0.02252  -0.1035
   0.500   0.2905   0.03356   0.02238  -0.1037
   0.750   0.3122   0.03350   0.02238  -0.1036
   1.000   0.3318   0.03333   0.02264  -0.1031
   1.250   0.3548   0.03330   0.02321  -0.1034
   1.500   0.3839   0.03352   0.02407  -0.1049
   1.750   0.4199   0.03405   0.02512  -0.1079
   2.000   0.4625   0.03488   0.02624  -0.1120
   2.250   0.5099   0.03598   0.02731  -0.1170
   2.500   0.5602   0.03731   0.02821  -0.1224
   2.750   0.6094   0.03805   0.02876  -0.1272
   3.000   0.6554   0.03853   0.02915  -0.1310
   3.250   0.6969   0.03894   0.02949  -0.1343
   3.500   0.7464   0.03899   0.02949  -0.1376
   3.750   0.8038   0.03848   0.02899  -0.1410
   4.000   0.8672   0.03743   0.02797  -0.1443
   4.500   0.9367   0.03577   0.02640  -0.1477
   4.750   1.0111   0.03378   0.02453  -0.1517
   5.000   1.0841   0.03159   0.02243  -0.1553
   5.250   1.1449   0.02951   0.02032  -0.1572
   5.500   1.1868   0.02800   0.01863  -0.1569
   5.750   1.2200   0.02702   0.01736  -0.1551
   6.000   1.2425   0.02661   0.01663  -0.1519
   6.250   1.2556   0.02677   0.01646  -0.1477
   6.500   1.2655   0.02713   0.01660  -0.1440
   6.750   1.2750   0.02762   0.01700  -0.1403
   7.000   1.2820   0.02908   0.01818  -0.1355
   7.250   1.2846   0.03138   0.02002  -0.1295
   7.750   1.2845   0.03441   0.02253  -0.1231
   8.250   1.2796   0.03769   0.02524  -0.1168
   8.500   1.2758   0.04088   0.02811  -0.1110
   8.750   1.2900   0.04497   0.03223  -0.1076
   9.000   1.3226   0.04963   0.03730  -0.1073
   9.250   1.3627   0.05455   0.04294  -0.1077
   9.500   1.4001   0.06034   0.04944  -0.1075
   9.750   1.4664   0.05402   0.04364  -0.1009
  10.000   1.4496   0.06775   0.05820  -0.1019
  10.250   1.3652   0.09519   0.08651  -0.1084
  10.500   1.2233   0.13175   0.12416  -0.1179
  14.500   1.1305   0.16856   0.16165  -0.1328
  14.750   1.0459   0.20309   0.19670  -0.1481
  15.000   0.9996   0.22941   0.22328  -0.1614
  15.250   0.9781   0.24509   0.23909  -0.1690
  15.500   0.9802   0.24701   0.24105  -0.1678
  15.750   1.0046   0.23204   0.22609  -0.1547
