Smoothened XFOIL polar
 10-point moving average applied

   alpha    CL        CD       CDp       CM
  ------ -------- --------- --------- --------
 -20.000  -0.3982   0.22382   0.21988  -0.0107
 -18.500  -0.3803   0.21512   0.21121  -0.0145
 -17.750  -0.3693   0.21054   0.20663  -0.0169
 -17.250  -0.3640   0.20781   0.20389  -0.0183
 -17.000  -0.3633   0.20469   0.20075  -0.0191
 -16.750  -0.3709   0.19541   0.19142  -0.0193
 -15.500  -0.3723   0.18540   0.18136  -0.0205
 -13.000  -0.3649   0.17173   0.16767  -0.0229
 -12.000  -0.3616   0.15353   0.14960  -0.0220
 -11.500  -0.3633   0.13351   0.12981  -0.0193
  -8.750  -0.3473   0.11342   0.10993  -0.0227
  -6.500  -0.3253   0.09686   0.09374  -0.0304
  -5.750  -0.2838   0.07530   0.07204  -0.0452
  -5.250  -0.2146   0.05448   0.05067  -0.0652
  -5.000  -0.1222   0.04042   0.03576  -0.0873
  -4.250  -0.0223   0.02934   0.02374  -0.1073
  -3.750   0.0604   0.02122   0.01480  -0.1185
  -3.500   0.1234   0.01700   0.00999  -0.1235
  -3.250   0.1767   0.01513   0.00782  -0.1276
  -3.000   0.2062   0.01621   0.00904  -0.1284
  -2.750   0.2410   0.01527   0.00807  -0.1307
  -2.500   0.2790   0.01453   0.00735  -0.1333
  -2.250   0.3164   0.01395   0.00687  -0.1358
  -2.000   0.3525   0.01346   0.00650  -0.1381
  -1.750   0.3889   0.01301   0.00622  -0.1405
  -1.500   0.4260   0.01255   0.00595  -0.1430
  -1.250   0.4603   0.01212   0.00579  -0.1456
  -1.000   0.4979   0.01154   0.00560  -0.1477
  -0.750   0.5365   0.01090   0.00536  -0.1493
  -0.500   0.5751   0.01026   0.00511  -0.1503
   0.000   0.6144   0.01000   0.00517  -0.1513
   0.250   0.6502   0.00897   0.00436  -0.1514
   0.500   0.6849   0.00825   0.00371  -0.1517
   0.750   0.7172   0.00785   0.00324  -0.1522
   1.000   0.7465   0.00772   0.00301  -0.1531
   1.250   0.7773   0.00771   0.00291  -0.1538
   1.500   0.8073   0.00789   0.00300  -0.1543
   1.750   0.8365   0.00828   0.00329  -0.1547
   2.000   0.8649   0.00889   0.00377  -0.1550
   2.250   0.8908   0.00866   0.00342  -0.1545
   2.500   0.9164   0.00880   0.00342  -0.1540
   2.750   0.9415   0.00898   0.00345  -0.1535
   3.000   0.9662   0.00919   0.00351  -0.1529
   3.250   0.9906   0.00941   0.00360  -0.1522
   3.500   1.0136   0.00969   0.00371  -0.1513
   3.750   1.0347   0.01008   0.00385  -0.1501
   4.000   1.0541   0.01058   0.00402  -0.1485
   4.250   1.0723   0.01115   0.00422  -0.1467
   4.500   1.0897   0.01180   0.00447  -0.1449
   4.750   1.1062   0.01261   0.00477  -0.1431
   5.000   1.1222   0.01359   0.00519  -0.1413
   5.250   1.1381   0.01471   0.00575  -0.1397
   5.500   1.1539   0.01590   0.00641  -0.1379
   5.750   1.1705   0.01705   0.00716  -0.1361
   6.000   1.1877   0.01818   0.00805  -0.1342
   6.250   1.2057   0.01923   0.00906  -0.1322
   6.500   1.2247   0.02016   0.01018  -0.1303
   6.750   1.2449   0.02094   0.01142  -0.1283
