Smoothened XFOIL polar
 10-point moving average applied

   alpha    CL        CD       CDp       CM
  ------ -------- --------- --------- --------
 -18.750  -0.6445   0.23001   0.22568   0.0333
 -15.250  -0.4843   0.20144   0.19735   0.0068
 -14.500  -0.3964   0.18181   0.17783  -0.0084
 -13.750  -0.3625   0.16896   0.16502  -0.0151
 -13.250  -0.3645   0.16079   0.15683  -0.0162
 -12.000  -0.3781   0.15599   0.15199  -0.0154
 -11.750  -0.4211   0.15683   0.15311  -0.0088
 -11.500  -0.3947   0.14196   0.13809  -0.0148
 -10.750  -0.3247   0.11679   0.11240  -0.0286
 -10.000  -0.2129   0.08694   0.08179  -0.0480
  -3.750  -0.0895   0.05476   0.04876  -0.0683
  -3.500   0.0325   0.02683   0.02004  -0.0871
  -3.000   0.1326   0.00829   0.00095  -0.1006
  -2.750   0.1934   0.00217  -0.00533  -0.1065
  -2.500   0.2052   0.01108   0.00401  -0.1023
  -2.250   0.2390   0.01090   0.00400  -0.1038
  -2.000   0.2663   0.01075   0.00397  -0.1049
  -1.750   0.2938   0.01028   0.00383  -0.1053
  -1.500   0.3202   0.00968   0.00370  -0.1054
  -1.250   0.3443   0.00907   0.00359  -0.1053
  -1.000   0.3721   0.00850   0.00347  -0.1051
  -0.750   0.4031   0.00807   0.00334  -0.1049
  -0.500   0.4364   0.00781   0.00321  -0.1048
   0.000   0.4707   0.00778   0.00309  -0.1048
   0.250   0.5045   0.00789   0.00299  -0.1051
   0.500   0.5341   0.00794   0.00294  -0.1048
   0.750   0.5615   0.00798   0.00291  -0.1046
   1.000   0.5849   0.00803   0.00288  -0.1044
   1.250   0.6105   0.00809   0.00285  -0.1041
   1.500   0.6356   0.00817   0.00280  -0.1037
   1.750   0.6602   0.00828   0.00275  -0.1031
   2.000   0.6845   0.00842   0.00272  -0.1025
   2.250   0.7086   0.00858   0.00272  -0.1020
   2.500   0.7306   0.00874   0.00272  -0.1014
   2.750   0.7542   0.00894   0.00277  -0.1010
   3.000   0.7824   0.00919   0.00286  -0.1006
   3.250   0.8189   0.00949   0.00303  -0.1002
   3.750   0.8600   0.00982   0.00322  -0.0996
   4.250   0.8998   0.01047   0.00352  -0.0987
   4.750   0.9353   0.01143   0.00397  -0.0974
   5.000   0.9639   0.01259   0.00453  -0.0959
   5.250   0.9838   0.01378   0.00512  -0.0945
   5.500   0.9981   0.01484   0.00563  -0.0934
   5.750   1.0163   0.01577   0.00613  -0.0924
   6.000   1.0418   0.01652   0.00665  -0.0917
   6.250   1.0700   0.01687   0.00696  -0.0912
   6.750   1.0990   0.01758   0.00765  -0.0902
   7.000   1.1256   0.01881   0.00898  -0.0882
   7.250   1.1475   0.02084   0.01123  -0.0849
   7.750   1.1624   0.02391   0.01468  -0.0799
