Smoothened XFOIL polar
 10-point moving average applied

   alpha    CL        CD       CDp       CM
  ------ -------- --------- --------- --------
 -19.750  -0.5400   0.23324   0.22654   0.0078
 -19.500  -0.4950   0.23142   0.22486  -0.0003
 -19.000  -0.4772   0.22951   0.22300  -0.0042
 -18.750  -0.4780   0.22722   0.22068  -0.0053
 -18.500  -0.4891   0.22426   0.21765  -0.0046
 -17.750  -0.5134   0.22123   0.21452  -0.0021
 -17.250  -0.5036   0.21444   0.20775  -0.0034
 -16.750  -0.4739   0.20691   0.20033  -0.0073
 -16.500  -0.4710   0.20181   0.19521  -0.0077
 -16.250  -0.4787   0.19931   0.19264  -0.0071
 -16.000  -0.4935   0.19782   0.19105  -0.0063
 -15.750  -0.4797   0.19475   0.18800  -0.0090
 -15.250  -0.4573   0.19190   0.18524  -0.0121
 -15.000  -0.4447   0.18820   0.18158  -0.0141
 -14.750  -0.4238   0.18432   0.17780  -0.0166
 -14.250  -0.3940   0.18112   0.17475  -0.0197
 -14.000  -0.3791   0.17695   0.17065  -0.0208
 -13.750  -0.3625   0.17399   0.16778  -0.0225
 -13.500  -0.3591   0.17117   0.16497  -0.0233
 -13.250  -0.3735   0.17054   0.16429  -0.0238
 -13.000  -0.3736   0.16852   0.16227  -0.0250
 -12.750  -0.3887   0.16514   0.15882  -0.0243
 -12.500  -0.3894   0.16126   0.15494  -0.0242
 -12.250  -0.3805   0.15709   0.15079  -0.0242
 -12.000  -0.3847   0.15371   0.14736  -0.0235
 -11.750  -0.3732   0.15028   0.14403  -0.0251
 -11.500  -0.3603   0.14463   0.13850  -0.0266
 -11.000  -0.3470   0.13728   0.13134  -0.0280
  -9.250  -0.3317   0.12800   0.12229  -0.0286
  -8.750  -0.3240   0.11844   0.11294  -0.0284
  -7.750  -0.3201   0.10967   0.10438  -0.0266
  -7.500  -0.3256   0.10285   0.09771  -0.0242
  -7.250  -0.3424   0.09985   0.09476  -0.0220
  -6.750  -0.3562   0.09689   0.09187  -0.0204
  -6.500  -0.3656   0.09440   0.08943  -0.0187
  -6.250  -0.3684   0.09093   0.08601  -0.0195
  -6.000  -0.3667   0.08773   0.08286  -0.0213
  -5.750  -0.3667   0.08478   0.07992  -0.0228
  -5.500  -0.3583   0.08140   0.07658  -0.0256
  -5.250  -0.3705   0.08072   0.07621  -0.0248
  -5.000  -0.3428   0.07418   0.06941  -0.0314
  -4.750  -0.2923   0.06487   0.05967  -0.0415
  -4.500  -0.2251   0.05415   0.04835  -0.0539
  -3.500  -0.1464   0.04306   0.03647  -0.0687
  -3.250  -0.0686   0.03327   0.02586  -0.0814
  -3.000  -0.0023   0.02626   0.01812  -0.0900
  -2.750   0.0453   0.02287   0.01421  -0.0949
  -2.500   0.0573   0.02472   0.01600  -0.0921
  -2.250   0.0913   0.02323   0.01413  -0.0939
  -2.000   0.1215   0.02270   0.01350  -0.0951
  -1.750   0.1562   0.02243   0.01319  -0.0976
  -1.500   0.1944   0.02186   0.01296  -0.1006
  -1.250   0.2351   0.02116   0.01285  -0.1039
  -1.000   0.2782   0.02044   0.01277  -0.1076
  -0.750   0.3217   0.01982   0.01271  -0.1114
  -0.500   0.3626   0.01947   0.01274  -0.1146
  -0.250   0.4025   0.01937   0.01278  -0.1176
   0.000   0.4322   0.01955   0.01281  -0.1201
   0.250   0.4797   0.01985   0.01279  -0.1239
   0.500   0.5376   0.01988   0.01273  -0.1278
   0.750   0.6017   0.01978   0.01257  -0.1317
   1.750   0.6651   0.01959   0.01234  -0.1354
   2.000   0.7278   0.01928   0.01202  -0.1388
   2.250   0.7914   0.01879   0.01151  -0.1415
   2.500   0.8432   0.01820   0.01092  -0.1434
   3.000   0.8878   0.01760   0.01030  -0.1438
   3.500   0.9470   0.01704   0.00969  -0.1442
   3.750   1.0048   0.01658   0.00917  -0.1441
   4.500   1.0538   0.01626   0.00871  -0.1429
   4.750   1.0890   0.01617   0.00840  -0.1408
   5.000   1.1151   0.01627   0.00820  -0.1381
   5.250   1.1360   0.01645   0.00805  -0.1354
   5.500   1.1478   0.01669   0.00800  -0.1328
   5.750   1.1623   0.01724   0.00810  -0.1300
   6.000   1.1738   0.01840   0.00863  -0.1272
   6.250   1.1831   0.02007   0.00961  -0.1241
   6.500   1.1900   0.02209   0.01096  -0.1206
   6.750   1.1955   0.02432   0.01268  -0.1168
   7.000   1.2041   0.02684   0.01487  -0.1135
   7.250   1.2127   0.02903   0.01707  -0.1100
   7.500   1.2170   0.03084   0.01905  -0.1058
   7.750   1.2145   0.03212   0.02059  -0.1004
   8.000   1.2024   0.03267   0.02146  -0.0934
