Smoothened XFOIL polar
 10-point moving average applied

   alpha    CL        CD       CDp       CM
  ------ -------- --------- --------- --------
 -13.000  -0.4046   0.16733   0.16335  -0.0187
 -12.750  -0.3724   0.15235   0.14852  -0.0199
 -10.500  -0.3549   0.14007   0.13636  -0.0207
 -10.250  -0.3481   0.13011   0.12650  -0.0209
  -9.750  -0.3481   0.12205   0.11852  -0.0206
  -9.250  -0.3482   0.11416   0.11071  -0.0192
  -8.000  -0.3437   0.11125   0.10789  -0.0179
  -7.500  -0.3484   0.10590   0.10261  -0.0148
  -7.250  -0.3563   0.10196   0.09874  -0.0114
  -7.000  -0.3622   0.09943   0.09625  -0.0111
  -6.750  -0.3652   0.09809   0.09492  -0.0153
  -6.500  -0.3685   0.09515   0.09195  -0.0204
  -6.250  -0.3562   0.09105   0.08784  -0.0266
  -6.000  -0.3304   0.08611   0.08290  -0.0333
  -5.750  -0.2822   0.07918   0.07595  -0.0437
  -5.000  -0.2320   0.07188   0.06863  -0.0531
  -4.500  -0.1721   0.06406   0.06077  -0.0641
  -4.000  -0.1228   0.05724   0.05402  -0.0764
  -3.750  -0.0334   0.04862   0.04509  -0.0939
  -3.250   0.0723   0.04022   0.03609  -0.1110
  -3.000   0.1875   0.03220   0.02730  -0.1262
  -1.500   0.2997   0.02552   0.01982  -0.1383
  -1.250   0.4038   0.01960   0.01316  -0.1489
  -1.000   0.4806   0.01628   0.00937  -0.1545
  -0.750   0.5291   0.01467   0.00763  -0.1572
  -0.500   0.5469   0.01526   0.00844  -0.1567
  -0.250   0.5905   0.01457   0.00775  -0.1586
   0.000   0.6369   0.01384   0.00704  -0.1609
   0.500   0.6862   0.01296   0.00635  -0.1637
   0.750   0.7334   0.01197   0.00573  -0.1661
   1.000   0.7769   0.01100   0.00523  -0.1682
   1.250   0.8184   0.01011   0.00484  -0.1705
   1.500   0.8546   0.00946   0.00461  -0.1726
   1.750   0.8943   0.00900   0.00437  -0.1749
   2.000   0.9326   0.00886   0.00415  -0.1769
   2.250   0.9709   0.00890   0.00399  -0.1790
   2.500   1.0073   0.00907   0.00395  -0.1808
   2.750   1.0374   0.00926   0.00399  -0.1812
   3.000   1.0624   0.00957   0.00408  -0.1805
   3.250   1.0825   0.01003   0.00422  -0.1788
   3.500   1.0990   0.01059   0.00441  -0.1764
   3.750   1.1138   0.01123   0.00463  -0.1737
   4.000   1.1280   0.01190   0.00490  -0.1710
   4.250   1.1431   0.01255   0.00517  -0.1685
   4.500   1.1598   0.01319   0.00545  -0.1665
   4.750   1.1772   0.01393   0.00579  -0.1648
   5.000   1.1929   0.01495   0.00630  -0.1629
   5.250   1.2076   0.01615   0.00695  -0.1608
   5.500   1.2226   0.01736   0.00770  -0.1586
   5.750   1.2389   0.01848   0.00849  -0.1565
   6.000   1.2566   0.01946   0.00935  -0.1545
   6.250   1.2756   0.02027   0.01024  -0.1526
   6.500   1.2955   0.02093   0.01108  -0.1508
   6.750   1.3143   0.02168   0.01204  -0.1487
   7.000   1.3313   0.02256   0.01312  -0.1463
   7.250   1.3456   0.02366   0.01437  -0.1434
   7.500   1.3562   0.02505   0.01584  -0.1399
