Smoothened XFOIL polar
 10-point moving average applied

   alpha    CL        CD       CDp       CM
  ------ -------- --------- --------- --------
 -20.000  -0.5938   0.24593   0.23608   0.0067
 -19.750  -0.5506   0.24142   0.23186   0.0021
 -19.500  -0.5128   0.23526   0.22592  -0.0026
 -18.250  -0.4805   0.22822   0.21905  -0.0072
 -17.500  -0.4535   0.22108   0.21206  -0.0113
 -17.000  -0.4200   0.21495   0.20614  -0.0152
 -16.750  -0.4154   0.21021   0.20140  -0.0163
 -16.500  -0.4119   0.20950   0.20071  -0.0165
 -16.250  -0.4298   0.20703   0.19813  -0.0152
 -16.000  -0.4158   0.20232   0.19351  -0.0164
 -15.750  -0.3848   0.19536   0.18678  -0.0193
 -14.250  -0.3671   0.18739   0.17893  -0.0211
 -13.750  -0.3647   0.17825   0.16980  -0.0220
 -12.750  -0.3457   0.16810   0.15977  -0.0236
 -12.250  -0.3546   0.16020   0.15183  -0.0236
 -11.750  -0.3509   0.15542   0.14709  -0.0239
 -11.500  -0.3655   0.15075   0.14235  -0.0233
 -11.250  -0.3627   0.14755   0.13922  -0.0230
 -11.000  -0.3573   0.14428   0.13605  -0.0231
 -10.500  -0.3478   0.14123   0.13314  -0.0234
  -9.750  -0.3406   0.13690   0.12891  -0.0232
  -9.500  -0.3327   0.13225   0.12434  -0.0227
  -9.250  -0.3349   0.12905   0.12119  -0.0225
  -9.000  -0.3323   0.12620   0.11839  -0.0220
  -8.750  -0.3282   0.12444   0.11672  -0.0214
  -8.500  -0.3198   0.12287   0.11528  -0.0209
  -8.250  -0.3202   0.12099   0.11347  -0.0204
  -8.000  -0.3164   0.11920   0.11180  -0.0197
  -7.750  -0.3153   0.11705   0.10972  -0.0188
  -7.500  -0.3187   0.11474   0.10746  -0.0178
  -7.250  -0.3266   0.11245   0.10520  -0.0168
  -7.000  -0.3301   0.11034   0.10316  -0.0154
  -6.750  -0.3326   0.10859   0.10150  -0.0140
  -6.500  -0.3386   0.10664   0.09962  -0.0122
  -6.250  -0.3473   0.10471   0.09775  -0.0109
  -6.000  -0.3494   0.10303   0.09615  -0.0095
  -5.750  -0.3505   0.10132   0.09457  -0.0081
  -5.500  -0.3516   0.09920   0.09258  -0.0069
  -5.250  -0.3497   0.09659   0.09008  -0.0067
  -4.750  -0.3487   0.09396   0.08755  -0.0065
  -4.500  -0.3468   0.09117   0.08484  -0.0064
  -4.250  -0.3432   0.08829   0.08203  -0.0064
  -4.000  -0.3405   0.08569   0.07947  -0.0069
  -3.750  -0.3365   0.08320   0.07699  -0.0070
  -3.500  -0.3273   0.08092   0.07479  -0.0076
  -3.250  -0.3555   0.08140   0.07565  -0.0006
  -3.000  -0.3218   0.07695   0.07107  -0.0072
  -2.750  -0.2411   0.06903   0.06258  -0.0228
  -2.500  -0.1296   0.05920   0.05185  -0.0439
  -0.750  -0.0050   0.04901   0.04059  -0.0669
  -0.500   0.1143   0.03997   0.03048  -0.0879
  -0.250   0.2092   0.03354   0.02316  -0.1029
   0.000   0.2611   0.03109   0.02020  -0.1088
   0.250   0.2496   0.03417   0.02313  -0.1015
   0.500   0.2721   0.03396   0.02302  -0.1014
   0.750   0.2923   0.03362   0.02305  -0.1008
   1.000   0.3157   0.03342   0.02345  -0.1010
   1.250   0.3450   0.03349   0.02418  -0.1024
   1.500   0.3811   0.03389   0.02515  -0.1052
   1.750   0.4236   0.03464   0.02622  -0.1092
   2.000   0.4708   0.03573   0.02730  -0.1141
   2.250   0.5204   0.03712   0.02825  -0.1195
   2.500   0.5685   0.03821   0.02915  -0.1242
   2.750   0.6147   0.03830   0.02912  -0.1278
   3.000   0.6604   0.03837   0.02914  -0.1311
   3.250   0.7063   0.03837   0.02909  -0.1342
   3.500   0.7519   0.03830   0.02899  -0.1370
   3.750   0.7982   0.03809   0.02875  -0.1395
   4.000   0.8455   0.03766   0.02830  -0.1417
   4.250   0.8981   0.03682   0.02744  -0.1443
   4.500   0.9564   0.03558   0.02620  -0.1473
   4.750   1.0206   0.03330   0.02402  -0.1505
   5.000   1.0854   0.03139   0.02216  -0.1539
   5.250   1.1468   0.02976   0.02054  -0.1569
   5.500   1.1971   0.02857   0.01925  -0.1581
   5.750   1.2330   0.02789   0.01835  -0.1573
   6.000   1.2552   0.02769   0.01785  -0.1544
   6.250   1.2695   0.02776   0.01758  -0.1505
   6.500   1.2805   0.02804   0.01755  -0.1464
   6.750   1.2900   0.02852   0.01779  -0.1423
   7.000   1.2998   0.02927   0.01839  -0.1388
   7.250   1.3110   0.02986   0.01901  -0.1360
   7.500   1.3177   0.03072   0.01984  -0.1319
   7.750   1.3189   0.03218   0.02108  -0.1268
   8.000   1.3172   0.03382   0.02228  -0.1217
   8.500   1.3102   0.03684   0.02498  -0.1157
   8.750   1.3008   0.04086   0.02880  -0.1097
   9.000   1.2975   0.04527   0.03315  -0.1044
   9.500   1.3085   0.04988   0.03791  -0.1006
   9.750   1.3331   0.05435   0.04284  -0.0988
  10.000   1.3680   0.05868   0.04768  -0.0977
  10.250   1.3965   0.06296   0.05242  -0.0967
  10.500   1.4109   0.06861   0.05851  -0.0953
  10.750   1.4446   0.06614   0.05646  -0.0880
  11.000   1.4087   0.07488   0.06583  -0.0861
  11.500   1.3239   0.10022   0.09193  -0.0935
  11.750   1.2165   0.13597   0.12849  -0.1081
  14.250   1.0866   0.18132   0.17470  -0.1297
  16.000   0.9805   0.22222   0.21628  -0.1499
  16.250   0.9272   0.25020   0.24461  -0.1637
  16.500   0.9555   0.25676   0.25106  -0.1662
