Smoothened XFOIL polar
 10-point moving average applied

   alpha    CL        CD       CDp       CM
  ------ -------- --------- --------- --------
 -20.000  -0.6126   0.25191   0.24477   0.0117
 -19.750  -0.5361   0.22327   0.21638  -0.0015
 -15.250  -0.4827   0.20299   0.19627  -0.0100
 -14.750  -0.4480   0.18954   0.18293  -0.0149
 -14.500  -0.4279   0.18138   0.17483  -0.0172
 -14.250  -0.4183   0.17541   0.16889  -0.0194
 -14.000  -0.4160   0.17740   0.17092  -0.0192
 -13.750  -0.4011   0.17317   0.16676  -0.0208
 -13.000  -0.3859   0.16527   0.15895  -0.0224
 -12.250  -0.3698   0.15755   0.15138  -0.0248
 -11.250  -0.3585   0.14815   0.14211  -0.0266
 -10.250  -0.3440   0.13953   0.13363  -0.0276
 -10.000  -0.3362   0.13146   0.12566  -0.0275
  -9.500  -0.3393   0.12622   0.12047  -0.0276
  -9.250  -0.3328   0.12183   0.11618  -0.0269
  -8.500  -0.3370   0.11599   0.11044  -0.0252
  -8.250  -0.3475   0.10893   0.10349  -0.0241
  -7.500  -0.3597   0.10398   0.09871  -0.0228
  -6.500  -0.3738   0.09806   0.09293  -0.0208
  -6.250  -0.3755   0.09241   0.08743  -0.0199
  -6.000  -0.3717   0.08596   0.08109  -0.0212
  -5.500  -0.3753   0.08233   0.07755  -0.0219
  -5.000  -0.3660   0.07810   0.07353  -0.0241
  -4.750  -0.3131   0.06984   0.06515  -0.0348
  -4.500  -0.2254   0.05945   0.05428  -0.0513
  -3.000  -0.1183   0.04894   0.04301  -0.0692
  -2.250  -0.0079   0.03909   0.03222  -0.0862
  -2.000   0.0951   0.03062   0.02279  -0.1011
  -1.750   0.1761   0.02519   0.01654  -0.1117
  -1.500   0.2173   0.02451   0.01539  -0.1147
  -1.250   0.2447   0.02545   0.01616  -0.1153
  -1.000   0.2933   0.02500   0.01572  -0.1201
  -0.750   0.3424   0.02433   0.01542  -0.1249
  -0.500   0.3900   0.02359   0.01527  -0.1294
  -0.250   0.4342   0.02290   0.01518  -0.1331
   0.000   0.4759   0.02233   0.01518  -0.1364
   0.250   0.5120   0.02199   0.01526  -0.1390
   0.500   0.5515   0.02190   0.01534  -0.1414
   0.750   0.5948   0.02210   0.01535  -0.1440
   1.000   0.6407   0.02224   0.01536  -0.1474
   1.500   0.6913   0.02209   0.01516  -0.1504
   1.750   0.7454   0.02172   0.01472  -0.1532
   2.000   0.8011   0.02111   0.01403  -0.1561
   2.500   0.8532   0.02038   0.01327  -0.1584
   2.750   0.8988   0.01957   0.01245  -0.1602
   3.000   0.9450   0.01873   0.01160  -0.1619
   3.250   0.9858   0.01796   0.01083  -0.1631
   3.500   1.0195   0.01738   0.01023  -0.1638
   3.750   1.0556   0.01692   0.00978  -0.1646
   4.000   1.0893   0.01657   0.00940  -0.1649
   4.250   1.1197   0.01632   0.00902  -0.1644
   4.500   1.1451   0.01627   0.00875  -0.1630
   4.750   1.1669   0.01636   0.00854  -0.1609
   5.000   1.1854   0.01660   0.00840  -0.1582
   5.250   1.2021   0.01694   0.00838  -0.1554
   5.500   1.2172   0.01747   0.00853  -0.1524
   5.750   1.2295   0.01851   0.00904  -0.1495
   6.000   1.2386   0.02000   0.00986  -0.1462
   6.250   1.2454   0.02185   0.01099  -0.1425
   6.500   1.2521   0.02389   0.01242  -0.1388
   6.750   1.2593   0.02597   0.01408  -0.1351
   7.000   1.2669   0.02792   0.01587  -0.1315
   7.250   1.2733   0.02952   0.01759  -0.1276
   7.500   1.3021   0.01516   0.00296  -0.1200
   7.750   1.3181   0.01179  -0.00039  -0.1151
   8.000   1.3122   0.03207   0.02064  -0.1170
   8.250   1.2724   0.08866   0.07908  -0.1291
  15.500   1.1867   0.19422   0.18798  -0.1551
