Smoothened XFOIL polar
 10-point moving average applied

   alpha    CL        CD       CDp       CM
  ------ -------- --------- --------- --------
 -16.000  -0.4807   0.20010   0.19464  -0.0113
 -15.750  -0.4625   0.19576   0.19035  -0.0112
 -15.500  -0.4401   0.19079   0.18545  -0.0133
 -14.750  -0.4166   0.18513   0.17988  -0.0168
 -13.750  -0.3948   0.17870   0.17354  -0.0207
 -13.250  -0.3810   0.17092   0.16582  -0.0236
 -12.250  -0.3728   0.16275   0.15769  -0.0254
 -12.000  -0.3723   0.15510   0.15003  -0.0260
 -11.250  -0.3716   0.14486   0.13983  -0.0254
 -10.750  -0.3619   0.13261   0.12771  -0.0243
  -9.750  -0.3485   0.12258   0.11788  -0.0223
  -8.000  -0.3502   0.11137   0.10690  -0.0186
  -7.250  -0.3566   0.10155   0.09727  -0.0189
  -7.000  -0.3632   0.09206   0.08795  -0.0194
  -5.750  -0.3669   0.08475   0.08075  -0.0215
  -5.500  -0.3754   0.08045   0.07651  -0.0223
  -5.000  -0.3621   0.07493   0.07104  -0.0270
  -4.750  -0.3302   0.06874   0.06493  -0.0351
  -4.500  -0.2468   0.06201   0.05792  -0.0505
  -3.750  -0.1451   0.05375   0.04942  -0.0686
  -3.000  -0.0145   0.04398   0.03899  -0.0922
  -2.250   0.1205   0.03480   0.02894  -0.1131
  -2.000   0.2400   0.02747   0.02071  -0.1295
  -1.500   0.3231   0.02367   0.01617  -0.1376
  -1.250   0.3835   0.02146   0.01345  -0.1425
  -1.000   0.4258   0.02081   0.01252  -0.1446
  -0.750   0.4758   0.01991   0.01137  -0.1489
  -0.500   0.5107   0.01992   0.01185  -0.1515
  -0.250   0.5511   0.01913   0.01161  -0.1544
   0.000   0.5892   0.01830   0.01144  -0.1567
   0.250   0.6252   0.01751   0.01130  -0.1585
   0.500   0.6574   0.01738   0.01169  -0.1601
   0.750   0.6930   0.01590   0.01051  -0.1609
   1.000   0.7341   0.01480   0.00934  -0.1620
   1.250   0.7804   0.01398   0.00828  -0.1640
   1.750   0.8276   0.01319   0.00744  -0.1659
   2.000   0.8739   0.01265   0.00684  -0.1677
   2.250   0.9173   0.01242   0.00656  -0.1695
   2.500   0.9561   0.01258   0.00666  -0.1710
   2.750   0.9883   0.01319   0.00720  -0.1723
   3.000   1.0216   0.01245   0.00639  -0.1729
   3.250   1.0547   0.01233   0.00622  -0.1736
   3.500   1.0854   0.01233   0.00611  -0.1738
   3.750   1.1119   0.01249   0.00605  -0.1732
   4.000   1.1344   0.01279   0.00604  -0.1717
   4.250   1.1538   0.01321   0.00609  -0.1696
   4.500   1.1709   0.01373   0.00619  -0.1671
   4.750   1.1864   0.01434   0.00636  -0.1645
   5.000   1.2010   0.01508   0.00663  -0.1619
   5.250   1.2153   0.01599   0.00706  -0.1594
   5.500   1.2271   0.01725   0.00772  -0.1567
   5.750   1.2375   0.01875   0.00859  -0.1537
   6.000   1.2484   0.02033   0.00964  -0.1507
   6.250   1.2611   0.02186   0.01083  -0.1480
   6.500   1.2752   0.02326   0.01211  -0.1453
   6.750   1.2870   0.02422   0.01316  -0.1426
   7.000   1.3005   0.02530   0.01450  -0.1398
   7.250   1.3149   0.02704   0.01650  -0.1364
   7.500   1.3302   0.02984   0.01945  -0.1321
   8.000   1.3468   0.03413   0.02368  -0.1268
