Smoothened XFOIL polar
 10-point moving average applied

   alpha    CL        CD       CDp       CM
  ------ -------- --------- --------- --------
 -19.500  -0.3759   0.21839   0.21458  -0.0145
 -18.000  -0.3730   0.22112   0.21729  -0.0172
 -17.250  -0.3645   0.21223   0.20841  -0.0190
 -16.250  -0.3527   0.19536   0.19157  -0.0200
 -16.000  -0.3403   0.17412   0.17040  -0.0205
 -10.750  -0.3302   0.15510   0.15147  -0.0207
 -10.000  -0.3245   0.13701   0.13348  -0.0210
  -8.750  -0.3338   0.12316   0.11972  -0.0207
  -8.500  -0.3409   0.11440   0.11104  -0.0206
  -8.250  -0.3401   0.11429   0.11097  -0.0215
  -7.750  -0.3406   0.11291   0.10964  -0.0190
  -7.500  -0.3281   0.10789   0.10461  -0.0217
  -7.250  -0.2976   0.09980   0.09654  -0.0285
  -7.000  -0.2574   0.09108   0.08786  -0.0374
  -5.250  -0.2266   0.08256   0.07946  -0.0472
  -4.750  -0.1681   0.07095   0.06787  -0.0643
  -4.500  -0.0727   0.05679   0.05328  -0.0858
  -4.000   0.0399   0.04329   0.03904  -0.1072
  -2.750   0.1392   0.03347   0.02832  -0.1228
  -2.500   0.2379   0.02337   0.01732  -0.1385
  -2.250   0.3164   0.01637   0.00956  -0.1486
  -2.000   0.3706   0.01376   0.00650  -0.1519
  -1.750   0.3980   0.01464   0.00740  -0.1506
  -1.500   0.4429   0.01440   0.00742  -0.1525
  -1.000   0.4904   0.01355   0.00677  -0.1547
  -0.750   0.5364   0.01276   0.00624  -0.1568
  -0.500   0.5800   0.01206   0.00582  -0.1588
  -0.250   0.6207   0.01149   0.00552  -0.1609
   0.000   0.6567   0.01109   0.00533  -0.1630
   0.250   0.6975   0.01064   0.00510  -0.1654
   0.500   0.7363   0.01014   0.00486  -0.1674
   0.750   0.7750   0.00968   0.00468  -0.1693
   1.000   0.8117   0.00933   0.00452  -0.1708
   1.250   0.8451   0.00914   0.00441  -0.1716
   1.500   0.8754   0.00913   0.00432  -0.1717
   1.750   0.9049   0.00925   0.00425  -0.1718
   2.000   0.9298   0.00947   0.00424  -0.1716
   2.250   0.9568   0.00978   0.00432  -0.1710
   2.500   0.9831   0.01013   0.00444  -0.1696
   2.750   1.0101   0.01051   0.00460  -0.1680
   3.250   1.0367   0.01092   0.00479  -0.1662
   3.500   1.0605   0.01129   0.00498  -0.1645
   3.750   1.0857   0.01171   0.00521  -0.1626
   4.000   1.1102   0.01214   0.00547  -0.1607
   4.250   1.1321   0.01256   0.00573  -0.1587
   4.750   1.1549   0.01307   0.00604  -0.1563
   5.000   1.1761   0.01361   0.00636  -0.1538
   5.250   1.1955   0.01417   0.00670  -0.1513
   5.500   1.2130   0.01469   0.00702  -0.1491
   5.750   1.2279   0.01516   0.00731  -0.1472
   6.000   1.2459   0.01564   0.00764  -0.1455
   6.250   1.2645   0.01612   0.00799  -0.1439
   6.500   1.2837   0.01657   0.00834  -0.1424
   6.750   1.3038   0.01673   0.00844  -0.1415
   7.000   1.3203   0.01751   0.00899  -0.1395
   7.250   1.3340   0.01876   0.00992  -0.1365
   7.500   1.3463   0.02027   0.01111  -0.1330
   8.000   1.3577   0.02190   0.01246  -0.1292
   8.250   1.3697   0.02345   0.01383  -0.1256
   8.500   1.3826   0.02478   0.01508  -0.1225
   8.750   1.3977   0.02569   0.01608  -0.1201
   9.000   1.4150   0.02610   0.01668  -0.1188
   9.250   1.4295   0.02692   0.01762  -0.1167
   9.500   1.4428   0.02784   0.01866  -0.1145
   9.750   1.4536   0.02877   0.01971  -0.1123
  10.000   1.4623   0.03016   0.02126  -0.1094
  10.250   1.4695   0.03191   0.02318  -0.1061
  10.500   1.4753   0.03368   0.02510  -0.1029
  11.000   1.4802   0.03597   0.02758  -0.0994
  11.250   1.4822   0.03862   0.03044  -0.0959
  11.500   1.4852   0.04156   0.03360  -0.0926
  12.000   1.4898   0.04485   0.03709  -0.0897
  12.250   1.4972   0.04850   0.04095  -0.0873
  12.500   1.5086   0.05254   0.04516  -0.0856
