Smoothened XFOIL polar
 10-point moving average applied

   alpha    CL        CD       CDp       CM
  ------ -------- --------- --------- --------
 -18.500  -0.4214   0.21163   0.20704  -0.0126
 -18.000  -0.3313   0.20953   0.20536  -0.0202
 -17.500  -0.2887   0.20669   0.20270  -0.0243
 -17.000  -0.2797   0.20262   0.19866  -0.0259
 -16.250  -0.2908   0.19686   0.19282  -0.0257
 -15.500  -0.3014   0.18823   0.18415  -0.0246
 -14.500  -0.2969   0.17570   0.17164  -0.0240
 -13.000  -0.2917   0.16261   0.15858  -0.0234
 -11.000  -0.2856   0.15297   0.14896  -0.0230
 -10.750  -0.2664   0.14941   0.14546  -0.0191
 -10.500  -0.2953   0.13519   0.13135  -0.0239
 -10.250  -0.3286   0.12192   0.11810  -0.0289
  -9.000  -0.3414   0.11412   0.11053  -0.0304
  -8.250  -0.3608   0.09829   0.09460  -0.0402
  -8.000  -0.3845   0.07861   0.07458  -0.0557
  -7.750  -0.3989   0.05996   0.05534  -0.0730
  -7.500  -0.3937   0.04662   0.04133  -0.0886
  -7.250  -0.3768   0.03994   0.03410  -0.0994
  -7.000  -0.3917   0.02611   0.01976  -0.1134
  -6.750  -0.3643   0.02247   0.01580  -0.1186
  -6.500  -0.3129   0.02687   0.02021  -0.1152
  -6.250  -0.2768   0.02605   0.01918  -0.1171
  -6.000  -0.2406   0.02524   0.01821  -0.1190
  -5.750  -0.2029   0.02446   0.01726  -0.1209
  -5.500  -0.1659   0.02372   0.01645  -0.1227
  -5.250  -0.1280   0.02310   0.01582  -0.1245
  -5.000  -0.0919   0.02248   0.01517  -0.1260
  -4.750  -0.0539   0.02184   0.01449  -0.1278
  -4.500  -0.0184   0.02130   0.01394  -0.1291
  -4.250   0.0194   0.02077   0.01340  -0.1308
  -4.000   0.0552   0.02026   0.01289  -0.1321
  -3.750   0.0933   0.01968   0.01235  -0.1337
  -3.500   0.1292   0.01910   0.01177  -0.1349
  -3.250   0.1673   0.01846   0.01113  -0.1364
  -3.000   0.2039   0.01781   0.01049  -0.1377
  -2.750   0.2409   0.01716   0.00985  -0.1390
  -2.500   0.2796   0.01651   0.00922  -0.1406
  -2.250   0.3201   0.01586   0.00863  -0.1426
  -2.000   0.3586   0.01529   0.00809  -0.1443
  -1.750   0.3981   0.01473   0.00761  -0.1461
  -1.500   0.4383   0.01425   0.00721  -0.1482
  -1.250   0.4790   0.01383   0.00687  -0.1504
  -1.000   0.5190   0.01348   0.00659  -0.1525
  -0.750   0.5573   0.01322   0.00638  -0.1542
  -0.500   0.5961   0.01299   0.00617  -0.1561
  -0.250   0.6321   0.01283   0.00601  -0.1574
   0.000   0.6639   0.01277   0.00588  -0.1579
   0.250   0.6927   0.01275   0.00582  -0.1578
   0.500   0.7205   0.01276   0.00579  -0.1575
   0.750   0.7453   0.01281   0.00581  -0.1566
   1.000   0.7687   0.01287   0.00585  -0.1555
   1.250   0.7904   0.01296   0.00592  -0.1540
   1.500   0.8110   0.01306   0.00600  -0.1523
   1.750   0.8308   0.01317   0.00611  -0.1504
   2.000   0.8502   0.01329   0.00623  -0.1485
   2.250   0.8667   0.01337   0.00639  -0.1459
   2.500   0.8836   0.01342   0.00654  -0.1433
   2.750   0.9008   0.01347   0.00667  -0.1408
   3.000   0.9189   0.01355   0.00680  -0.1386
   3.250   0.9382   0.01369   0.00692  -0.1366
   3.500   0.9584   0.01390   0.00705  -0.1350
   3.750   0.9795   0.01419   0.00720  -0.1336
   4.000   1.0007   0.01454   0.00738  -0.1323
   4.250   1.0203   0.01488   0.00759  -0.1307
   4.500   1.0402   0.01522   0.00782  -0.1291
   4.750   1.0601   0.01557   0.00806  -0.1276
   5.000   1.0799   0.01593   0.00832  -0.1261
   5.250   1.0995   0.01629   0.00859  -0.1245
   5.500   1.1187   0.01666   0.00888  -0.1229
   5.750   1.1379   0.01704   0.00918  -0.1213
   6.000   1.1568   0.01744   0.00950  -0.1197
   6.250   1.1756   0.01786   0.00985  -0.1181
   6.500   1.1940   0.01829   0.01020  -0.1164
   6.750   1.2123   0.01872   0.01058  -0.1148
   7.000   1.2302   0.01917   0.01096  -0.1131
   7.250   1.2482   0.01962   0.01138  -0.1114
   7.500   1.2662   0.02011   0.01184  -0.1098
   7.750   1.2838   0.02060   0.01233  -0.1082
   8.000   1.3004   0.02109   0.01284  -0.1063
   8.250   1.3154   0.02159   0.01335  -0.1043
   8.500   1.3288   0.02212   0.01387  -0.1021
   8.750   1.3410   0.02268   0.01441  -0.0998
   9.000   1.3525   0.02327   0.01495  -0.0974
   9.250   1.3638   0.02390   0.01555  -0.0950
   9.500   1.3756   0.02457   0.01619  -0.0929
   9.750   1.3875   0.02528   0.01687  -0.0908
  10.000   1.3998   0.02600   0.01759  -0.0888
  10.250   1.4117   0.02679   0.01834  -0.0869
  10.500   1.4240   0.02761   0.01915  -0.0850
  10.750   1.4362   0.02845   0.01999  -0.0832
  11.000   1.4487   0.02930   0.02088  -0.0815
  11.250   1.4612   0.03018   0.02181  -0.0799
  11.500   1.4734   0.03109   0.02279  -0.0783
  11.750   1.4850   0.03206   0.02382  -0.0767
  12.000   1.4962   0.03307   0.02490  -0.0751
  12.250   1.5060   0.03421   0.02606  -0.0735
  12.500   1.5153   0.03540   0.02728  -0.0719
  12.750   1.5234   0.03666   0.02856  -0.0704
  13.000   1.5311   0.03801   0.02993  -0.0688
  13.250   1.5386   0.03940   0.03138  -0.0674
  13.500   1.5455   0.04088   0.03291  -0.0661
  13.750   1.5520   0.04242   0.03452  -0.0648
  14.000   1.5583   0.04381   0.03597  -0.0637
  14.250   1.5638   0.04568   0.03790  -0.0626
  14.500   1.5685   0.04795   0.04024  -0.0615
  14.750   1.5718   0.05061   0.04296  -0.0606
  15.250   1.5747   0.05317   0.04557  -0.0597
  15.500   1.5786   0.05582   0.04831  -0.0590
  15.750   1.5800   0.05946   0.05204  -0.0586
  16.000   1.5805   0.06361   0.05628  -0.0586
  16.500   1.5783   0.06811   0.06087  -0.0590
  17.000   1.5757   0.07301   0.06586  -0.0595
  17.250   1.5721   0.07788   0.07082  -0.0603
  17.500   1.5666   0.08227   0.07526  -0.0612
  17.750   1.5603   0.08633   0.07939  -0.0622
  18.000   1.5484   0.09213   0.08527  -0.0643
  18.250   1.5298   0.09992   0.09316  -0.0673
  18.750   1.5062   0.10910   0.10245  -0.0712
  19.250   1.4813   0.11850   0.11196  -0.0755
  19.500   1.4573   0.12739   0.12096  -0.0799
  19.750   1.4363   0.13506   0.12874  -0.0842
