Smoothened XFOIL polar
 10-point moving average applied

   alpha    CL        CD       CDp       CM
  ------ -------- --------- --------- --------
 -15.500  -0.3790   0.19644   0.19201  -0.0192
 -15.250  -0.4288   0.19532   0.19078  -0.0174
 -15.000  -0.4541   0.19366   0.18904  -0.0165
 -14.750  -0.4592   0.19075   0.18607  -0.0164
 -14.500  -0.4488   0.18584   0.18116  -0.0171
 -14.250  -0.4203   0.17645   0.17186  -0.0188
 -12.750  -0.3984   0.16414   0.15965  -0.0203
 -12.500  -0.3782   0.15044   0.14606  -0.0220
 -10.000  -0.3629   0.13854   0.13428  -0.0241
  -9.750  -0.3570   0.12729   0.12312  -0.0254
  -9.250  -0.3526   0.11991   0.11584  -0.0258
  -9.000  -0.3634   0.11396   0.11000  -0.0208
  -8.000  -0.3779   0.10846   0.10459  -0.0177
  -7.500  -0.3763   0.09907   0.09539  -0.0183
  -6.750  -0.3545   0.08717   0.08368  -0.0261
  -5.250  -0.2715   0.07213   0.06861  -0.0452
  -4.500  -0.1398   0.05662   0.05258  -0.0723
  -3.500   0.0148   0.04094   0.03607  -0.1011
  -2.250   0.1752   0.02892   0.02312  -0.1262
  -2.000   0.2977   0.02244   0.01576  -0.1409
  -1.750   0.3846   0.01803   0.01068  -0.1502
  -1.500   0.4295   0.01708   0.00942  -0.1524
  -1.250   0.4517   0.01747   0.00985  -0.1526
  -1.000   0.4872   0.01737   0.00974  -0.1546
  -0.750   0.5264   0.01695   0.00929  -0.1572
  -0.500   0.5639   0.01642   0.00904  -0.1601
  -0.250   0.6052   0.01565   0.00877  -0.1628
   0.000   0.6477   0.01471   0.00846  -0.1650
   0.250   0.6912   0.01370   0.00808  -0.1668
   0.750   0.7350   0.01272   0.00760  -0.1684
   1.000   0.7766   0.01191   0.00707  -0.1695
   1.250   0.8152   0.01139   0.00647  -0.1703
   1.500   0.8493   0.01102   0.00595  -0.1714
   1.750   0.8855   0.01073   0.00558  -0.1731
   2.000   0.9258   0.01047   0.00523  -0.1744
   2.250   0.9663   0.01031   0.00496  -0.1755
   2.750   1.0059   0.01026   0.00480  -0.1762
   3.000   1.0437   0.01029   0.00471  -0.1768
   3.250   1.0758   0.01046   0.00470  -0.1765
   3.500   1.1008   0.01078   0.00475  -0.1754
   3.750   1.1180   0.01122   0.00487  -0.1735
   4.000   1.1357   0.01176   0.00502  -0.1712
   4.250   1.1519   0.01237   0.00521  -0.1688
   4.500   1.1671   0.01306   0.00544  -0.1663
   4.750   1.1793   0.01363   0.00556  -0.1644
   5.000   1.1958   0.01476   0.00613  -0.1619
   5.250   1.2152   0.01632   0.00708  -0.1589
   5.500   1.2399   0.01850   0.00870  -0.1560
   6.250   1.2575   0.01974   0.00959  -0.1514
   6.500   1.2766   0.02103   0.01074  -0.1471
   6.750   1.2930   0.02198   0.01181  -0.1427
   7.000   1.3076   0.02319   0.01321  -0.1389
   7.250   1.3203   0.02494   0.01516  -0.1361
   7.500   1.3311   0.02753   0.01788  -0.1347
