Smoothened XFOIL polar
 10-point moving average applied

   alpha    CL        CD       CDp       CM
  ------ -------- --------- --------- --------
 -20.000  -0.6487   0.24538   0.23582   0.0280
 -19.750  -0.6500   0.24706   0.23746   0.0260
 -19.500  -0.6426   0.24590   0.23632   0.0237
 -19.250  -0.6266   0.24253   0.23301   0.0209
 -19.000  -0.6020   0.23754   0.22813   0.0175
 -18.750  -0.5674   0.23199   0.22275   0.0129
 -18.500  -0.5200   0.22483   0.21582   0.0069
 -18.250  -0.4553   0.21746   0.20876  -0.0017
 -18.000  -0.4238   0.21382   0.20527  -0.0067
 -17.500  -0.4238   0.21150   0.20292  -0.0074
 -17.250  -0.4700   0.21197   0.20310  -0.0023
 -17.000  -0.4540   0.20832   0.19952  -0.0046
 -16.750  -0.5006   0.20924   0.20016   0.0006
 -16.500  -0.5043   0.20838   0.19925   0.0003
 -16.250  -0.4685   0.20548   0.19653  -0.0046
 -16.000  -0.4251   0.20170   0.19297  -0.0105
 -15.750  -0.4147   0.19882   0.19013  -0.0121
 -15.500  -0.4243   0.19738   0.18863  -0.0118
 -15.250  -0.4511   0.19585   0.18693  -0.0092
 -15.000  -0.4513   0.19208   0.18314  -0.0092
 -14.750  -0.4774   0.18975   0.18064  -0.0065
 -14.500  -0.4796   0.18821   0.17908  -0.0073
 -14.250  -0.4607   0.18527   0.17625  -0.0101
 -14.000  -0.4596   0.18228   0.17325  -0.0104
 -13.750  -0.4404   0.17870   0.16978  -0.0124
 -13.500  -0.4240   0.17521   0.16638  -0.0147
 -13.250  -0.4078   0.17023   0.16149  -0.0164
 -12.500  -0.3941   0.16488   0.15621  -0.0178
 -12.250  -0.3861   0.16036   0.15175  -0.0192
 -12.000  -0.3848   0.15769   0.14910  -0.0203
 -11.750  -0.3890   0.15458   0.14596  -0.0207
 -11.500  -0.3911   0.15088   0.14228  -0.0210
 -11.250  -0.3696   0.14571   0.13730  -0.0232
 -10.500  -0.3486   0.13851   0.13033  -0.0247
  -9.500  -0.3301   0.13050   0.12253  -0.0260
  -9.000  -0.3209   0.12267   0.11491  -0.0266
  -8.250  -0.3249   0.11564   0.10807  -0.0267
  -8.000  -0.3328   0.11005   0.10266  -0.0252
  -7.250  -0.3450   0.10545   0.09825  -0.0230
  -6.750  -0.3528   0.10094   0.09395  -0.0211
  -6.500  -0.3565   0.09678   0.08998  -0.0194
  -6.000  -0.3550   0.09263   0.08600  -0.0188
  -5.750  -0.3540   0.08906   0.08250  -0.0191
  -5.500  -0.3548   0.08567   0.07914  -0.0199
  -5.250  -0.3738   0.08487   0.07857  -0.0166
  -5.000  -0.3610   0.08031   0.07398  -0.0197
  -4.750  -0.3200   0.07193   0.06520  -0.0283
  -4.500  -0.2608   0.06117   0.05376  -0.0401
  -3.500  -0.1909   0.04995   0.04174  -0.0534
  -3.250  -0.1188   0.03972   0.03069  -0.0662
  -3.000  -0.0537   0.03186   0.02209  -0.0764
  -2.750  -0.0066   0.02778   0.01750  -0.0814
  -2.500   0.0100   0.02882   0.01848  -0.0786
  -2.250   0.0386   0.02789   0.01736  -0.0793
  -2.000   0.0679   0.02686   0.01598  -0.0802
  -1.750   0.0994   0.02585   0.01500  -0.0815
  -1.500   0.1273   0.02477   0.01428  -0.0820
  -1.250   0.1525   0.02372   0.01374  -0.0818
  -1.000   0.1757   0.02284   0.01331  -0.0814
  -0.750   0.1969   0.02230   0.01309  -0.0807
  -0.500   0.2162   0.02222   0.01315  -0.0801
  -0.250   0.2346   0.02264   0.01342  -0.0796
   0.000   0.2531   0.02354   0.01394  -0.0796
   0.250   0.2741   0.02442   0.01459  -0.0803
   0.500   0.2913   0.02528   0.01533  -0.0803
   0.750   0.3120   0.02624   0.01618  -0.0811
   1.000   0.3384   0.02730   0.01715  -0.0831
   1.250   0.3711   0.02842   0.01818  -0.0863
   1.500   0.4100   0.02955   0.01926  -0.0906
   1.750   0.4527   0.03066   0.02034  -0.0955
   2.000   0.4973   0.03169   0.02136  -0.1005
   2.250   0.5381   0.03264   0.02232  -0.1046
   2.500   0.5763   0.03350   0.02319  -0.1080
   2.750   0.6135   0.03432   0.02402  -0.1111
   3.000   0.6489   0.03510   0.02480  -0.1136
   3.250   0.6636   0.03611   0.02576  -0.1159
   3.500   0.7102   0.03690   0.02663  -0.1182
   3.750   0.7826   0.03716   0.02709  -0.1204
   4.000   0.8737   0.03619   0.02638  -0.1216
   5.750   0.9684   0.03406   0.02442  -0.1206
   6.000   1.0567   0.03128   0.02170  -0.1181
   6.250   1.1231   0.02705   0.01762  -0.1152
   6.500   1.1491   0.02508   0.01511  -0.1082
   6.750   1.1517   0.00731  -0.00384  -0.0911
   7.000   1.1647   0.00570  -0.00643  -0.0794
   8.250   1.1784   0.03554   0.02309  -0.0808
   8.750   1.1956   0.11218   0.10056  -0.1026
  19.750   1.2193   0.25099   0.24180  -0.1526
