Smoothened XFOIL polar
 10-point moving average applied

   alpha    CL        CD       CDp       CM
  ------ -------- --------- --------- --------
 -18.000  -0.2730   0.20279   0.19917  -0.0217
 -17.750  -0.2647   0.20597   0.20242  -0.0236
 -17.500  -0.2743   0.20534   0.20177  -0.0248
 -16.750  -0.2933   0.20191   0.19827  -0.0253
 -16.500  -0.3133   0.19671   0.19299  -0.0253
 -16.250  -0.3096   0.19231   0.18860  -0.0252
 -14.750  -0.3048   0.18666   0.18297  -0.0246
 -14.500  -0.3003   0.17996   0.17627  -0.0239
 -14.250  -0.2809   0.17525   0.17163  -0.0230
 -13.750  -0.2664   0.17048   0.16693  -0.0233
 -13.250  -0.2712   0.16779   0.16428  -0.0238
 -12.750  -0.2437   0.17169   0.16828  -0.0186
 -12.250  -0.2825   0.16080   0.15737  -0.0233
 -12.000  -0.3623   0.13952   0.13594  -0.0355
 -11.750  -0.4711   0.11102   0.10716  -0.0528
 -10.750  -0.5830   0.08043   0.07622  -0.0717
 -10.250  -0.6820   0.05015   0.04540  -0.0934
 -10.000  -0.7052   0.03628   0.03148  -0.1009
  -9.750  -0.6729   0.03346   0.02864  -0.1032
  -9.500  -0.5815   0.04412   0.03936  -0.0973
  -9.250  -0.5429   0.04365   0.03875  -0.0985
  -8.750  -0.5108   0.04118   0.03607  -0.1016
  -8.500  -0.4882   0.03721   0.03181  -0.1064
  -8.250  -0.4725   0.03136   0.02560  -0.1129
  -8.000  -0.4625   0.02369   0.01746  -0.1216
  -7.750  -0.4057   0.02661   0.02044  -0.1194
  -7.250  -0.3629   0.02544   0.01909  -0.1214
  -7.000  -0.3214   0.02431   0.01782  -0.1231
  -6.750  -0.2798   0.02328   0.01667  -0.1249
  -6.500  -0.2428   0.02241   0.01568  -0.1263
  -6.250  -0.2108   0.02175   0.01491  -0.1275
  -6.000  -0.1755   0.02102   0.01410  -0.1288
  -5.750  -0.1395   0.02038   0.01344  -0.1302
  -5.500  -0.1045   0.01982   0.01288  -0.1313
  -5.250  -0.0666   0.01911   0.01215  -0.1330
  -5.000  -0.0291   0.01839   0.01143  -0.1345
  -4.750   0.0077   0.01772   0.01076  -0.1358
  -4.500   0.0440   0.01707   0.01009  -0.1371
  -4.250   0.0785   0.01649   0.00952  -0.1380
  -4.000   0.1134   0.01594   0.00896  -0.1390
  -3.750   0.1489   0.01541   0.00844  -0.1401
  -3.500   0.1871   0.01490   0.00793  -0.1418
  -3.250   0.2260   0.01440   0.00745  -0.1437
  -3.000   0.2648   0.01396   0.00702  -0.1455
  -2.750   0.3044   0.01358   0.00664  -0.1475
  -2.500   0.3435   0.01325   0.00630  -0.1494
  -2.250   0.3808   0.01298   0.00601  -0.1510
  -2.000   0.4158   0.01276   0.00579  -0.1522
  -1.750   0.4504   0.01258   0.00561  -0.1533
  -1.500   0.4830   0.01246   0.00547  -0.1539
  -1.250   0.5112   0.01240   0.00539  -0.1537
  -1.000   0.5377   0.01236   0.00534  -0.1531
  -0.750   0.5637   0.01236   0.00528  -0.1525
  -0.500   0.5876   0.01238   0.00524  -0.1514
  -0.250   0.6105   0.01241   0.00519  -0.1501
   0.000   0.6318   0.01245   0.00518  -0.1485
   0.250   0.6530   0.01253   0.00519  -0.1469
   0.500   0.6733   0.01262   0.00523  -0.1452
   0.750   0.6933   0.01272   0.00529  -0.1434
   1.000   0.7130   0.01284   0.00537  -0.1416
   1.250   0.7324   0.01298   0.00546  -0.1397
   1.500   0.7518   0.01312   0.00558  -0.1378
   1.750   0.7708   0.01327   0.00571  -0.1359
   2.000   0.7901   0.01343   0.00585  -0.1340
   2.250   0.8098   0.01359   0.00600  -0.1323
   2.500   0.8293   0.01374   0.00617  -0.1305
   2.750   0.8486   0.01389   0.00636  -0.1287
   3.000   0.8652   0.01405   0.00655  -0.1269
   3.250   0.8852   0.01416   0.00677  -0.1249
   3.500   0.9079   0.01426   0.00701  -0.1227
   3.750   0.9324   0.01439   0.00725  -0.1206
   4.250   0.9580   0.01455   0.00750  -0.1187
   4.500   0.9837   0.01476   0.00774  -0.1169
   4.750   1.0078   0.01503   0.00798  -0.1152
   5.000   1.0294   0.01536   0.00821  -0.1138
   5.250   1.0468   0.01572   0.00845  -0.1124
   5.500   1.0662   0.01607   0.00871  -0.1108
   5.750   1.0855   0.01644   0.00900  -0.1093
   6.000   1.1047   0.01681   0.00931  -0.1078
   6.250   1.1236   0.01718   0.00963  -0.1062
   6.500   1.1422   0.01756   0.00996  -0.1047
   6.750   1.1602   0.01797   0.01031  -0.1030
   7.000   1.1779   0.01840   0.01068  -0.1013
   7.250   1.1954   0.01886   0.01107  -0.0997
   7.500   1.2128   0.01933   0.01150  -0.0980
   7.750   1.2302   0.01979   0.01197  -0.0964
   8.000   1.2472   0.02025   0.01245  -0.0947
   8.250   1.2638   0.02072   0.01294  -0.0930
   8.500   1.2799   0.02124   0.01345  -0.0913
   8.750   1.2955   0.02179   0.01399  -0.0895
   9.000   1.3106   0.02240   0.01456  -0.0877
   9.250   1.3251   0.02305   0.01516  -0.0859
   9.500   1.3392   0.02369   0.01579  -0.0842
   9.750   1.3527   0.02436   0.01646  -0.0823
  10.000   1.3650   0.02505   0.01714  -0.0804
  10.250   1.3766   0.02579   0.01787  -0.0784
  10.500   1.3874   0.02660   0.01866  -0.0765
  10.750   1.3979   0.02747   0.01951  -0.0745
  11.000   1.4084   0.02838   0.02040  -0.0727
  11.250   1.4188   0.02932   0.02134  -0.0709
  11.500   1.4302   0.03027   0.02231  -0.0694
  11.750   1.4422   0.03121   0.02331  -0.0679
  12.000   1.4544   0.03217   0.02433  -0.0664
  12.250   1.4660   0.03320   0.02540  -0.0651
  12.500   1.4767   0.03430   0.02654  -0.0637
  12.750   1.4865   0.03549   0.02776  -0.0622
  13.000   1.4952   0.03676   0.02905  -0.0609
  13.250   1.5028   0.03813   0.03042  -0.0595
  13.500   1.5104   0.03956   0.03187  -0.0582
  13.750   1.5180   0.04103   0.03338  -0.0570
  14.000   1.5253   0.04256   0.03497  -0.0559
  14.250   1.5320   0.04418   0.03663  -0.0549
  14.500   1.5387   0.04583   0.03834  -0.0540
  14.750   1.5444   0.04762   0.04020  -0.0531
  15.000   1.5491   0.04955   0.04218  -0.0524
  15.250   1.5531   0.05160   0.04430  -0.0517
  15.500   1.5562   0.05378   0.04654  -0.0512
  15.750   1.5586   0.05610   0.04890  -0.0507
  16.000   1.5606   0.05825   0.05108  -0.0504
  16.250   1.5626   0.06090   0.05378  -0.0501
  16.500   1.5645   0.06392   0.05685  -0.0500
  16.750   1.5661   0.06721   0.06022  -0.0500
  17.250   1.5677   0.07065   0.06376  -0.0502
  17.500   1.5691   0.07413   0.06736  -0.0504
  17.750   1.5696   0.07759   0.07094  -0.0509
  18.000   1.5692   0.08063   0.07406  -0.0514
  18.250   1.5685   0.08380   0.07734  -0.0521
  18.500   1.5671   0.08768   0.08134  -0.0530
  18.750   1.5648   0.09189   0.08565  -0.0541
  19.250   1.5623   0.09639   0.09025  -0.0554
  19.500   1.5596   0.10077   0.09470  -0.0568
  19.750   1.5566   0.10477   0.09874  -0.0582
  20.000   1.5535   0.10815   0.10209  -0.0595
