Smoothened XFOIL polar
 10-point moving average applied

   alpha    CL        CD       CDp       CM
  ------ -------- --------- --------- --------
 -19.750  -0.4084   0.22539   0.21925  -0.0099
 -18.500  -0.4899   0.22847   0.22189  -0.0050
 -18.250  -0.5275   0.22822   0.22143  -0.0035
 -17.750  -0.5322   0.22526   0.21842  -0.0045
 -17.500  -0.5152   0.22017   0.21342  -0.0069
 -17.250  -0.4876   0.21365   0.20702  -0.0097
 -16.000  -0.4718   0.20644   0.19987  -0.0110
 -15.750  -0.4599   0.19809   0.19156  -0.0115
 -15.500  -0.4421   0.19202   0.18560  -0.0135
 -15.000  -0.4212   0.18743   0.18114  -0.0158
 -14.500  -0.3995   0.18703   0.18086  -0.0182
 -14.000  -0.3797   0.18130   0.17520  -0.0201
 -13.750  -0.3615   0.17318   0.16720  -0.0221
 -13.250  -0.3538   0.16230   0.15642  -0.0236
 -11.500  -0.3480   0.15043   0.14463  -0.0241
 -10.000  -0.3458   0.13785   0.13212  -0.0235
  -9.500  -0.3347   0.12894   0.12337  -0.0234
  -9.250  -0.3238   0.12219   0.11673  -0.0229
  -8.500  -0.3179   0.11870   0.11335  -0.0217
  -8.250  -0.3227   0.11421   0.10891  -0.0198
  -7.750  -0.3297   0.11044   0.10523  -0.0184
  -7.000  -0.3431   0.10653   0.10136  -0.0166
  -6.750  -0.3534   0.10396   0.09886  -0.0143
  -6.500  -0.3607   0.10085   0.09584  -0.0123
  -6.250  -0.3626   0.09777   0.09288  -0.0101
  -5.750  -0.3617   0.09402   0.08921  -0.0108
  -5.000  -0.3658   0.09012   0.08540  -0.0112
  -4.500  -0.3557   0.08525   0.08063  -0.0148
  -4.250  -0.3350   0.07981   0.07524  -0.0206
  -4.000  -0.3179   0.07533   0.07080  -0.0245
  -3.250  -0.2883   0.07093   0.06639  -0.0304
  -3.000  -0.2685   0.06796   0.06367  -0.0351
  -2.750  -0.2015   0.06185   0.05731  -0.0466
  -2.250  -0.1006   0.05396   0.04873  -0.0640
  -2.000   0.0134   0.04611   0.03991  -0.0818
  -1.000   0.1390   0.03810   0.03084  -0.1008
  -0.750   0.2515   0.03133   0.02308  -0.1165
  -0.500   0.3307   0.02726   0.01828  -0.1250
  -0.250   0.3878   0.02547   0.01605  -0.1298
   0.000   0.4099   0.02685   0.01782  -0.1294
   0.250   0.4525   0.02612   0.01757  -0.1324
   0.500   0.4945   0.02527   0.01738  -0.1350
   0.750   0.5359   0.02439   0.01716  -0.1375
   1.000   0.5766   0.02355   0.01689  -0.1396
   1.250   0.6167   0.02283   0.01652  -0.1415
   1.500   0.6567   0.02229   0.01601  -0.1434
   1.750   0.6986   0.02193   0.01539  -0.1455
   2.000   0.7439   0.02142   0.01471  -0.1483
   2.250   0.7870   0.02074   0.01397  -0.1504
   2.500   0.8318   0.01992   0.01310  -0.1527
   2.750   0.8778   0.01905   0.01219  -0.1551
   3.000   0.9250   0.01817   0.01128  -0.1578
   3.250   0.9725   0.01739   0.01047  -0.1606
   3.500   1.0187   0.01678   0.00979  -0.1633
   3.750   1.0622   0.01637   0.00930  -0.1655
   4.000   1.1028   0.01618   0.00900  -0.1673
   4.250   1.1363   0.01624   0.00890  -0.1678
   4.500   1.1637   0.01645   0.00887  -0.1671
   4.750   1.1844   0.01683   0.00893  -0.1651
   5.000   1.2010   0.01732   0.00906  -0.1624
   5.250   1.2153   0.01788   0.00924  -0.1594
   5.500   1.2284   0.01849   0.00948  -0.1564
   5.750   1.2424   0.01913   0.00980  -0.1537
   6.000   1.2573   0.01983   0.01023  -0.1513
   6.250   1.2723   0.02056   0.01073  -0.1490
   6.500   1.2852   0.02123   0.01114  -0.1467
   6.750   1.2975   0.02246   0.01197  -0.1437
   7.000   1.3099   0.02411   0.01320  -0.1403
   7.250   1.3232   0.02595   0.01459  -0.1368
   7.750   1.3350   0.02805   0.01647  -0.1328
   8.000   1.3443   0.03030   0.01876  -0.1286
   8.250   1.3516   0.03253   0.02119  -0.1243
   8.500   1.3462   0.03462   0.02374  -0.1186
   8.750   1.3487   0.03655   0.02606  -0.1149
   9.000   1.3803   0.03792   0.02747  -0.1153
   9.250   1.4319   0.03046   0.02035  -0.1065
   9.500   1.4789   0.03285   0.02312  -0.1040
   9.750   1.4777   0.05653   0.04769  -0.1095
  10.750   1.3969   0.11205   0.10485  -0.1268
  16.250   1.2052   0.20994   0.20540  -0.1595
