Smoothened XFOIL polar
 10-point moving average applied

   alpha    CL        CD       CDp       CM
  ------ -------- --------- --------- --------
 -18.000  -0.3681   0.20349   0.19861  -0.0166
 -10.500  -0.3389   0.15442   0.14978  -0.0211
  -9.250  -0.3218   0.12499   0.12050  -0.0226
  -9.000  -0.3150   0.11047   0.10609  -0.0218
  -8.000  -0.3169   0.10616   0.10184  -0.0196
  -7.750  -0.3271   0.10734   0.10308  -0.0160
  -7.000  -0.3447   0.10485   0.10062  -0.0153
  -6.750  -0.3609   0.10231   0.09817  -0.0144
  -6.500  -0.3886   0.10300   0.09899  -0.0086
  -6.250  -0.3891   0.09883   0.09492  -0.0095
  -5.750  -0.3632   0.09268   0.08883  -0.0161
  -5.250  -0.2944   0.08203   0.07815  -0.0309
  -3.500  -0.1996   0.07030   0.06650  -0.0499
  -3.250  -0.0812   0.05705   0.05292  -0.0731
  -2.250   0.0361   0.04474   0.03992  -0.0974
  -2.000   0.1459   0.03521   0.02952  -0.1160
  -1.750   0.2255   0.03041   0.02382  -0.1244
  -1.500   0.2986   0.02541   0.01799  -0.1323
  -1.000   0.3541   0.02281   0.01478  -0.1364
  -0.750   0.4152   0.02091   0.01262  -0.1403
  -0.500   0.4665   0.02083   0.01288  -0.1424
   0.000   0.5215   0.01985   0.01228  -0.1460
   0.250   0.5673   0.01884   0.01187  -0.1485
   0.500   0.6132   0.01773   0.01137  -0.1508
   0.750   0.6542   0.01669   0.01087  -0.1525
   1.000   0.6874   0.01584   0.01037  -0.1535
   1.250   0.7254   0.01509   0.00974  -0.1547
   1.500   0.7634   0.01446   0.00907  -0.1560
   1.750   0.8047   0.01389   0.00839  -0.1580
   2.000   0.8482   0.01342   0.00779  -0.1607
   2.250   0.8912   0.01298   0.00726  -0.1632
   2.500   0.9351   0.01262   0.00680  -0.1659
   2.750   0.9774   0.01240   0.00646  -0.1684
   3.000   1.0165   0.01234   0.00625  -0.1704
   3.250   1.0524   0.01241   0.00614  -0.1717
   3.500   1.0829   0.01261   0.00616  -0.1720
   3.750   1.1102   0.01289   0.00626  -0.1716
   4.000   1.1336   0.01324   0.00642  -0.1705
   4.250   1.1533   0.01369   0.00661  -0.1687
   4.500   1.1699   0.01422   0.00682  -0.1663
   4.750   1.1847   0.01480   0.00707  -0.1636
   5.000   1.1986   0.01541   0.00735  -0.1608
   5.250   1.2127   0.01603   0.00765  -0.1581
   5.500   1.2278   0.01664   0.00797  -0.1558
   5.750   1.2442   0.01721   0.00831  -0.1537
   6.000   1.2600   0.01787   0.00870  -0.1516
   6.250   1.2749   0.01861   0.00914  -0.1494
   6.500   1.2872   0.01967   0.00978  -0.1468
   6.750   1.2982   0.02094   0.01062  -0.1440
   7.000   1.3089   0.02233   0.01162  -0.1411
   7.250   1.3210   0.02364   0.01258  -0.1385
   7.500   1.3336   0.02495   0.01380  -0.1359
   7.750   1.3464   0.02623   0.01524  -0.1330
   8.000   1.3581   0.02753   0.01688  -0.1299
   8.250   1.3680   0.02888   0.01866  -0.1266
   8.500   1.3732   0.03064   0.02078  -0.1227
   8.750   1.3767   0.03262   0.02304  -0.1187
   9.000   1.3819   0.03471   0.02531  -0.1151
   9.250   1.3910   0.03685   0.02749  -0.1123
   9.500   1.4063   0.03897   0.02947  -0.1106
