Smoothened XFOIL polar
 10-point moving average applied

   alpha    CL        CD       CDp       CM
  ------ -------- --------- --------- --------
 -19.000  -0.5794   0.23229   0.22749   0.0190
 -17.500  -0.4532   0.21296   0.20842  -0.0006
 -17.000  -0.3786   0.20164   0.19725  -0.0123
 -16.750  -0.3449   0.19599   0.19166  -0.0179
 -15.750  -0.3412   0.19369   0.18935  -0.0191
 -15.500  -0.3716   0.19258   0.18813  -0.0162
 -15.250  -0.3768   0.18674   0.18225  -0.0166
 -14.250  -0.3775   0.17951   0.17501  -0.0173
 -13.750  -0.3699   0.17271   0.16823  -0.0184
 -13.000  -0.3708   0.16475   0.16027  -0.0187
 -12.750  -0.3614   0.15783   0.15339  -0.0199
 -12.500  -0.3545   0.15262   0.14821  -0.0206
 -12.000  -0.3508   0.14837   0.14397  -0.0211
 -11.750  -0.3628   0.14567   0.14123  -0.0209
 -11.500  -0.3593   0.14469   0.14022  -0.0204
 -11.250  -0.3454   0.13640   0.13203  -0.0239
 -10.500  -0.3379   0.12468   0.12051  -0.0271
  -9.750  -0.3446   0.11022   0.10655  -0.0306
  -5.750  -0.3052   0.08930   0.08562  -0.0411
  -5.500  -0.2482   0.06565   0.06143  -0.0542
  -4.750  -0.1704   0.04391   0.03881  -0.0681
  -3.750  -0.0738   0.02811   0.02197  -0.0824
  -3.500   0.0258   0.02040   0.01326  -0.0929
  -3.000   0.1143   0.01290   0.00510  -0.1025
  -2.750   0.1658   0.01149   0.00349  -0.1055
  -2.500   0.1946   0.01398   0.00640  -0.1062
  -2.250   0.2334   0.01374   0.00629  -0.1089
  -2.000   0.2676   0.01332   0.00609  -0.1116
  -1.750   0.3033   0.01260   0.00581  -0.1139
  -1.500   0.3372   0.01188   0.00564  -0.1157
  -1.250   0.3694   0.01118   0.00548  -0.1169
  -1.000   0.4010   0.01056   0.00530  -0.1178
  -0.750   0.4310   0.01008   0.00509  -0.1183
  -0.500   0.4614   0.00978   0.00486  -0.1188
  -0.250   0.4916   0.00968   0.00463  -0.1194
   0.000   0.5230   0.00963   0.00443  -0.1204
   0.250   0.5524   0.00953   0.00427  -0.1208
   0.500   0.5807   0.00947   0.00415  -0.1211
   0.750   0.6091   0.00942   0.00405  -0.1213
   1.000   0.6365   0.00941   0.00399  -0.1214
   1.250   0.6635   0.00941   0.00394  -0.1213
   1.500   0.6900   0.00943   0.00389  -0.1212
   1.750   0.7161   0.00945   0.00383  -0.1209
   2.000   0.7418   0.00949   0.00375  -0.1204
   2.250   0.7581   0.00945   0.00363  -0.1200
   2.500   0.7885   0.00960   0.00359  -0.1191
   2.750   0.8263   0.00975   0.00359  -0.1183
   3.000   0.8738   0.01010   0.00369  -0.1170
   4.250   0.9268   0.01084   0.00397  -0.1151
   4.500   0.9828   0.01213   0.00452  -0.1126
   5.250   1.0346   0.01380   0.00530  -0.1098
   5.750   1.0756   0.01557   0.00621  -0.1069
   6.250   1.0993   0.01721   0.00718  -0.1045
   6.500   1.1256   0.01882   0.00833  -0.1022
   6.750   1.1467   0.02027   0.00960  -0.1001
   7.000   1.1621   0.02145   0.01097  -0.0980
   7.250   1.1711   0.02229   0.01245  -0.0960
