Smoothened XFOIL polar
 10-point moving average applied

   alpha    CL        CD       CDp       CM
  ------ -------- --------- --------- --------
 -20.000  -0.6887   0.25636   0.24950   0.0396
 -19.250  -0.6502   0.23961   0.23288   0.0334
 -18.000  -0.6208   0.22791   0.22125   0.0284
 -17.750  -0.5988   0.22011   0.21350   0.0244
 -17.250  -0.5824   0.21509   0.20850   0.0211
 -17.000  -0.5822   0.21194   0.20531   0.0199
 -16.500  -0.5542   0.20941   0.20285   0.0160
 -16.250  -0.5227   0.20364   0.19716   0.0110
 -16.000  -0.4945   0.19701   0.19059   0.0061
 -15.750  -0.4712   0.19031   0.18393   0.0012
 -14.000  -0.4637   0.18435   0.17799  -0.0024
 -13.750  -0.4431   0.17846   0.17216  -0.0069
 -13.500  -0.4349   0.17328   0.16700  -0.0090
 -13.250  -0.4411   0.16965   0.16334  -0.0081
 -13.000  -0.4206   0.16645   0.16023  -0.0101
 -12.750  -0.4147   0.16283   0.15662  -0.0116
 -12.500  -0.4111   0.15873   0.15255  -0.0126
 -12.000  -0.4115   0.15490   0.14872  -0.0133
 -11.750  -0.4155   0.15102   0.14482  -0.0136
 -11.500  -0.4069   0.14969   0.14351  -0.0152
 -11.250  -0.3901   0.14683   0.14066  -0.0174
 -11.000  -0.3772   0.13837   0.13237  -0.0184
 -10.750  -0.3649   0.12423   0.11852  -0.0205
  -8.500  -0.3536   0.10767   0.10227  -0.0248
  -5.750  -0.3411   0.08959   0.08449  -0.0286
  -4.750  -0.3410   0.07519   0.07060  -0.0302
  -4.500  -0.3217   0.06161   0.05703  -0.0344
  -4.250  -0.2877   0.05278   0.04759  -0.0404
  -4.000  -0.2250   0.04497   0.03877  -0.0483
  -3.250  -0.1606   0.03588   0.02858  -0.0549
  -3.000  -0.0955   0.02687   0.01852  -0.0606
  -2.750  -0.0349   0.02026   0.01109  -0.0659
  -2.500   0.0116   0.01732   0.00778  -0.0687
  -2.250   0.0379   0.01887   0.00953  -0.0693
  -2.000   0.0779   0.01887   0.00976  -0.0729
  -1.750   0.1194   0.01862   0.00998  -0.0769
  -1.500   0.1613   0.01822   0.01014  -0.0808
  -1.250   0.2042   0.01756   0.01002  -0.0845
  -1.000   0.2439   0.01693   0.00984  -0.0874
  -0.750   0.2829   0.01660   0.00977  -0.0902
  -0.500   0.3217   0.01652   0.00973  -0.0929
  -0.250   0.3607   0.01666   0.00969  -0.0957
   0.000   0.4008   0.01682   0.00965  -0.0988
   0.250   0.4391   0.01682   0.00958  -0.1014
   0.500   0.4763   0.01679   0.00950  -0.1036
   0.750   0.5127   0.01671   0.00939  -0.1056
   1.000   0.5475   0.01662   0.00926  -0.1071
   1.250   0.5806   0.01652   0.00915  -0.1082
   1.500   0.6098   0.01645   0.00905  -0.1090
   1.750   0.6416   0.01639   0.00897  -0.1094
   2.000   0.6755   0.01634   0.00889  -0.1095
   2.250   0.7104   0.01627   0.00879  -0.1094
   2.750   0.7453   0.01618   0.00866  -0.1090
   3.000   0.7773   0.01605   0.00849  -0.1086
   3.250   0.8038   0.01584   0.00822  -0.1080
   3.500   0.8382   0.01568   0.00798  -0.1067
   3.750   0.8776   0.01538   0.00768  -0.1050
   4.250   0.9256   0.01503   0.00703  -0.1026
   5.250   0.9804   0.01613   0.00747  -0.0981
   5.750   1.0337   0.01841   0.00891  -0.0922
   6.500   1.0769   0.02154   0.01116  -0.0854
   7.500   1.1051   0.02518   0.01400  -0.0791
   7.750   1.1456   0.01805   0.00590  -0.0715
   8.000   1.1528   0.02925   0.01730  -0.0694
   8.250   1.1385   0.05393   0.04313  -0.0711
   8.500   1.1024   0.08436   0.07501  -0.0755
  13.250   1.0879   0.12416   0.11618  -0.0875
  13.750   1.0457   0.16911   0.16270  -0.0994
  14.000   0.9911   0.20338   0.19804  -0.1064
  16.000   0.9240   0.21725   0.21212  -0.1042
  16.250   0.8442   0.20103   0.19487  -0.0885
