Smoothened XFOIL polar
 10-point moving average applied

   alpha    CL        CD       CDp       CM
  ------ -------- --------- --------- --------
 -16.000  -0.3615   0.20087   0.19692  -0.0204
 -13.750  -0.3584   0.17702   0.17308  -0.0216
 -13.500  -0.3499   0.15670   0.15282  -0.0226
 -10.750  -0.3392   0.13991   0.13614  -0.0235
  -9.250  -0.3296   0.12666   0.12302  -0.0240
  -9.000  -0.3270   0.11787   0.11431  -0.0244
  -8.750  -0.3317   0.11064   0.10717  -0.0238
  -8.250  -0.3463   0.10941   0.10599  -0.0220
  -8.000  -0.3671   0.10786   0.10447  -0.0192
  -7.250  -0.3778   0.10295   0.09962  -0.0187
  -7.000  -0.3787   0.09650   0.09323  -0.0204
  -6.750  -0.3674   0.08941   0.08618  -0.0247
  -6.000  -0.3736   0.08437   0.08145  -0.0271
  -5.750  -0.3172   0.07393   0.07080  -0.0414
  -5.500  -0.2195   0.06018   0.05647  -0.0620
  -5.250  -0.0976   0.04618   0.04164  -0.0852
  -3.250   0.0347   0.03449   0.02902  -0.1069
  -3.000   0.1598   0.02352   0.01717  -0.1265
  -2.750   0.2614   0.01604   0.00901  -0.1403
  -2.500   0.3221   0.01327   0.00594  -0.1460
  -2.250   0.3285   0.01577   0.00865  -0.1429
  -2.000   0.3654   0.01525   0.00807  -0.1451
  -1.750   0.4019   0.01476   0.00757  -0.1472
  -1.500   0.4401   0.01423   0.00711  -0.1498
  -1.250   0.4771   0.01374   0.00672  -0.1521
  -1.000   0.5148   0.01321   0.00639  -0.1547
  -0.750   0.5536   0.01261   0.00614  -0.1575
  -0.500   0.5896   0.01192   0.00595  -0.1596
  -0.250   0.6236   0.01122   0.00578  -0.1611
   0.000   0.6549   0.01061   0.00561  -0.1618
   0.250   0.6851   0.01005   0.00538  -0.1621
   0.500   0.7165   0.00956   0.00508  -0.1627
   0.750   0.7476   0.00924   0.00475  -0.1632
   1.000   0.7806   0.00902   0.00443  -0.1642
   1.250   0.8143   0.00888   0.00416  -0.1654
   1.500   0.8466   0.00875   0.00395  -0.1663
   1.750   0.8774   0.00869   0.00380  -0.1669
   2.000   0.9068   0.00870   0.00372  -0.1672
   2.250   0.9351   0.00877   0.00368  -0.1673
   2.500   0.9626   0.00888   0.00367  -0.1672
   2.750   0.9887   0.00904   0.00369  -0.1669
   3.000   1.0144   0.00923   0.00374  -0.1664
   3.250   1.0381   0.00949   0.00382  -0.1655
   3.500   1.0590   0.00987   0.00393  -0.1640
   3.750   1.0780   0.01035   0.00408  -0.1623
   4.000   1.0945   0.01080   0.00422  -0.1605
   4.250   1.1128   0.01145   0.00445  -0.1584
   4.500   1.1296   0.01233   0.00473  -0.1561
   4.750   1.1494   0.01364   0.00533  -0.1535
   5.250   1.1724   0.01514   0.00617  -0.1509
   5.500   1.1963   0.01691   0.00725  -0.1478
   6.000   1.2202   0.01856   0.00846  -0.1449
   6.250   1.2431   0.01988   0.00972  -0.1424
   6.500   1.2641   0.02066   0.01096  -0.1403
