Smoothened XFOIL polar
 10-point moving average applied

   alpha    CL        CD       CDp       CM
  ------ -------- --------- --------- --------
 -20.000  -0.5708   0.24549   0.23584   0.0052
 -19.500  -0.5641   0.23941   0.22972   0.0026
 -18.750  -0.5467   0.23285   0.22323  -0.0007
 -17.750  -0.5217   0.22572   0.21623  -0.0044
 -17.500  -0.4920   0.21791   0.20859  -0.0081
 -16.500  -0.4658   0.20815   0.19897  -0.0116
 -15.750  -0.4319   0.19986   0.19089  -0.0151
 -14.500  -0.4052   0.19169   0.18287  -0.0181
 -14.000  -0.3810   0.18031   0.17165  -0.0208
 -13.500  -0.3693   0.17021   0.16166  -0.0225
 -12.250  -0.3642   0.15825   0.14981  -0.0231
 -10.750  -0.3617   0.14729   0.13901  -0.0227
 -10.250  -0.3450   0.13651   0.12851  -0.0229
  -8.750  -0.3407   0.12714   0.11929  -0.0218
  -8.500  -0.3322   0.12210   0.11443  -0.0211
  -8.250  -0.3278   0.11885   0.11128  -0.0201
  -8.000  -0.3201   0.11616   0.10872  -0.0192
  -7.750  -0.3202   0.11544   0.10807  -0.0186
  -7.500  -0.3239   0.11345   0.10615  -0.0175
  -7.250  -0.3234   0.11177   0.10457  -0.0165
  -7.000  -0.3289   0.10991   0.10278  -0.0151
  -6.750  -0.3368   0.10785   0.10077  -0.0137
  -6.500  -0.3473   0.10576   0.09871  -0.0120
  -6.250  -0.3525   0.10387   0.09689  -0.0107
  -6.000  -0.3542   0.10195   0.09506  -0.0096
  -5.750  -0.3532   0.10013   0.09336  -0.0083
  -5.500  -0.3548   0.09896   0.09229  -0.0072
  -5.250  -0.3516   0.09632   0.08976  -0.0066
  -5.000  -0.3476   0.09296   0.08651  -0.0063
  -4.750  -0.3418   0.08901   0.08267  -0.0064
  -3.750  -0.3352   0.08513   0.07887  -0.0071
  -3.500  -0.3277   0.08111   0.07491  -0.0088
  -3.250  -0.3373   0.07788   0.07200  -0.0035
  -3.000  -0.3030   0.07255   0.06674  -0.0087
  -2.250  -0.2092   0.06413   0.05754  -0.0277
  -1.500  -0.1160   0.05581   0.04866  -0.0459
  -1.250  -0.0656   0.05051   0.04347  -0.0536
  -0.750   0.0009   0.04537   0.03802  -0.0646
  -0.500   0.0662   0.04173   0.03379  -0.0754
  -0.250   0.1183   0.03958   0.03103  -0.0821
   0.000   0.1447   0.03924   0.03025  -0.0809
   0.250   0.2052   0.03683   0.02700  -0.0898
   0.500   0.2909   0.03330   0.02205  -0.1041
   0.750   0.3318   0.03227   0.02075  -0.1085
   1.000   0.3280   0.03348   0.02280  -0.1026
   1.250   0.3524   0.03351   0.02342  -0.1032
   1.500   0.3833   0.03378   0.02432  -0.1050
   1.750   0.4211   0.03432   0.02539  -0.1083
   2.000   0.4651   0.03515   0.02651  -0.1126
   2.250   0.5136   0.03623   0.02756  -0.1177
   2.500   0.5645   0.03749   0.02839  -0.1232
   2.750   0.6041   0.03825   0.02897  -0.1272
   3.000   0.6550   0.03871   0.02934  -0.1312
   3.250   0.7163   0.03882   0.02938  -0.1353
   3.500   0.7847   0.03845   0.02899  -0.1393
   4.250   0.8597   0.03744   0.02800  -0.1432
   4.500   0.9385   0.03578   0.02642  -0.1472
   4.750   1.0178   0.03375   0.02449  -0.1514
   5.000   1.0901   0.03159   0.02242  -0.1552
   5.250   1.1417   0.02966   0.02047  -0.1570
   5.500   1.1896   0.02810   0.01875  -0.1573
   5.750   1.2237   0.02715   0.01753  -0.1557
   6.000   1.2449   0.02682   0.01687  -0.1524
   6.250   1.2589   0.02695   0.01668  -0.1484
   6.500   1.2680   0.02743   0.01688  -0.1441
   6.750   1.2780   0.02818   0.01746  -0.1404
   7.000   1.2878   0.02900   0.01822  -0.1369
   7.250   1.2932   0.02985   0.01898  -0.1327
   7.500   1.2938   0.03116   0.02001  -0.1281
   7.750   1.2914   0.03278   0.02120  -0.1238
   8.000   1.2884   0.03531   0.02328  -0.1192
   8.250   1.2780   0.03790   0.02537  -0.1141
   8.500   1.2831   0.04167   0.02895  -0.1101
   9.000   1.3055   0.04648   0.03394  -0.1077
   9.250   1.3452   0.05174   0.03964  -0.1072
   9.500   1.3944   0.05587   0.04441  -0.1066
   9.750   1.4303   0.05451   0.04394  -0.0984
  10.000   1.4383   0.06971   0.06003  -0.1007
  10.500   1.3763   0.09806   0.08940  -0.1083
  11.750   1.2651   0.13547   0.12771  -0.1193
  14.750   1.1313   0.18286   0.17611  -0.1371
  15.000   1.0151   0.22356   0.21757  -0.1532
  15.750   0.9459   0.24804   0.24242  -0.1636
  16.000   0.9530   0.24676   0.24095  -0.1640
