Smoothened XFOIL polar
 10-point moving average applied

   alpha    CL        CD       CDp       CM
  ------ -------- --------- --------- --------
 -13.750  -0.3386   0.16837   0.16432  -0.0191
 -11.750  -0.3584   0.15318   0.14897  -0.0214
 -11.250  -0.3613   0.14086   0.13666  -0.0222
 -10.750  -0.3532   0.13089   0.12679  -0.0218
 -10.000  -0.3399   0.12272   0.11880  -0.0204
  -8.250  -0.3353   0.11626   0.11247  -0.0183
  -7.250  -0.3264   0.10914   0.10551  -0.0162
  -7.000  -0.3346   0.10329   0.09975  -0.0111
  -6.750  -0.3444   0.09945   0.09594  -0.0097
  -6.500  -0.3490   0.09804   0.09456  -0.0129
  -6.250  -0.3369   0.09494   0.09148  -0.0179
  -6.000  -0.3208   0.09075   0.08731  -0.0237
  -5.500  -0.2985   0.08634   0.08292  -0.0300
  -5.250  -0.2809   0.08208   0.07864  -0.0346
  -5.000  -0.2541   0.07754   0.07409  -0.0409
  -4.750  -0.2434   0.07416   0.07068  -0.0437
  -4.500  -0.2470   0.07217   0.06894  -0.0487
  -4.250  -0.1756   0.06448   0.06095  -0.0635
  -4.000  -0.0517   0.05362   0.04942  -0.0836
  -3.250   0.0920   0.04178   0.03665  -0.1051
  -1.250   0.2487   0.03061   0.02454  -0.1254
  -1.000   0.3925   0.02187   0.01493  -0.1408
  -0.750   0.5109   0.01560   0.00810  -0.1531
  -0.250   0.5750   0.01395   0.00641  -0.1567
   0.000   0.5910   0.01561   0.00867  -0.1553
   0.250   0.6389   0.01463   0.00812  -0.1582
   0.500   0.6795   0.01365   0.00766  -0.1601
   0.750   0.7126   0.01277   0.00728  -0.1613
   1.000   0.7486   0.01194   0.00685  -0.1625
   1.250   0.7843   0.01131   0.00640  -0.1635
   1.500   0.8227   0.01080   0.00593  -0.1652
   1.750   0.8630   0.01047   0.00552  -0.1673
   2.000   0.9058   0.01030   0.00517  -0.1701
   2.250   0.9473   0.01026   0.00496  -0.1728
   2.500   0.9845   0.01031   0.00484  -0.1745
   2.750   1.0172   0.01047   0.00481  -0.1754
   3.000   1.0456   0.01071   0.00486  -0.1753
   3.250   1.0711   0.01100   0.00497  -0.1747
   3.500   1.0945   0.01133   0.00511  -0.1737
   3.750   1.1154   0.01172   0.00529  -0.1722
   4.000   1.1332   0.01220   0.00550  -0.1701
   4.250   1.1488   0.01275   0.00574  -0.1676
   4.500   1.1618   0.01330   0.00597  -0.1650
   4.750   1.1773   0.01393   0.00628  -0.1623
   5.000   1.1953   0.01461   0.00662  -0.1596
   5.250   1.2158   0.01532   0.00700  -0.1571
   5.750   1.2373   0.01608   0.00742  -0.1548
   6.000   1.2526   0.01700   0.00786  -0.1526
   6.250   1.2700   0.01835   0.00870  -0.1495
   6.500   1.2884   0.01977   0.00964  -0.1464
   6.750   1.3083   0.02145   0.01112  -0.1428
   7.500   1.3319   0.02332   0.01304  -0.1385
   7.750   1.3578   0.02527   0.01529  -0.1337
   8.250   1.3789   0.02722   0.01764  -0.1290
   8.500   1.3908   0.02910   0.01993  -0.1245
   8.750   1.3895   0.03085   0.02200  -0.1205
