Smoothened XFOIL polar
 10-point moving average applied

   alpha    CL        CD       CDp       CM
  ------ -------- --------- --------- --------
 -19.500  -0.6693   0.24571   0.23635   0.0362
 -19.250  -0.6003   0.23778   0.22875   0.0251
 -19.000  -0.5362   0.22998   0.22124   0.0155
 -18.500  -0.4820   0.22286   0.21436   0.0077
 -18.250  -0.4432   0.21702   0.20867   0.0023
 -18.000  -0.4323   0.21357   0.20525   0.0005
 -17.750  -0.4678   0.21457   0.20607   0.0047
 -17.500  -0.4852   0.21405   0.20544   0.0064
 -17.250  -0.5111   0.21348   0.20472   0.0091
 -17.000  -0.5417   0.21374   0.20482   0.0131
 -16.750  -0.5478   0.21260   0.20361   0.0133
 -16.500  -0.5533   0.21079   0.20173   0.0131
 -16.250  -0.5017   0.20605   0.19722   0.0058
 -16.000  -0.4808   0.20294   0.19418   0.0025
 -15.750  -0.4728   0.19999   0.19126   0.0012
 -15.500  -0.4804   0.19868   0.18990   0.0012
 -15.250  -0.5109   0.19746   0.18851   0.0044
 -15.000  -0.4789   0.19336   0.18456   0.0003
 -14.750  -0.4751   0.19149   0.18270  -0.0008
 -14.500  -0.4823   0.18951   0.18068  -0.0006
 -14.250  -0.4576   0.18555   0.17683  -0.0038
 -14.000  -0.4511   0.18197   0.17328  -0.0047
 -13.750  -0.4576   0.17910   0.17036  -0.0042
 -13.500  -0.4520   0.17665   0.16794  -0.0056
 -13.250  -0.4515   0.17273   0.16402  -0.0060
 -13.000  -0.4247   0.16768   0.15911  -0.0092
 -12.250  -0.4135   0.16361   0.15511  -0.0112
 -12.000  -0.4083   0.15927   0.15079  -0.0122
 -11.750  -0.4006   0.15473   0.14630  -0.0138
 -11.500  -0.3907   0.14968   0.14132  -0.0156
 -11.000  -0.3835   0.14322   0.13499  -0.0175
 -10.000  -0.3525   0.13468   0.12674  -0.0213
  -9.250  -0.3363   0.12526   0.11754  -0.0236
  -8.250  -0.3224   0.11663   0.10910  -0.0251
  -8.000  -0.3153   0.10960   0.10224  -0.0252
  -7.750  -0.3171   0.10530   0.09805  -0.0239
  -7.500  -0.3221   0.10216   0.09505  -0.0226
  -7.000  -0.3311   0.09951   0.09252  -0.0213
  -6.750  -0.3548   0.09676   0.09015  -0.0168
  -6.000  -0.3535   0.08915   0.08275  -0.0177
  -5.500  -0.3340   0.07765   0.07102  -0.0235
  -4.500  -0.2880   0.06425   0.05699  -0.0332
  -3.500  -0.2234   0.05017   0.04192  -0.0445
  -3.250  -0.1519   0.03862   0.02931  -0.0555
  -3.000  -0.0880   0.02986   0.01961  -0.0638
  -2.750  -0.0423   0.02589   0.01503  -0.0680
  -2.500  -0.0222   0.02603   0.01508  -0.0654
  -2.250   0.0038   0.02530   0.01438  -0.0654
  -2.000   0.0311   0.02488   0.01398  -0.0661
  -1.750   0.0560   0.02415   0.01356  -0.0662
  -1.500   0.0803   0.02310   0.01289  -0.0660
  -1.250   0.1034   0.02212   0.01233  -0.0655
  -1.000   0.1246   0.02147   0.01206  -0.0649
  -0.750   0.1446   0.02118   0.01198  -0.0643
  -0.500   0.1638   0.02136   0.01213  -0.0639
  -0.250   0.1830   0.02201   0.01254  -0.0639
   0.000   0.2012   0.02294   0.01310  -0.0641
   0.250   0.2193   0.02373   0.01376  -0.0643
   0.500   0.2434   0.02463   0.01455  -0.0658
   0.750   0.2737   0.02562   0.01543  -0.0685
   1.000   0.3114   0.02667   0.01639  -0.0725
   1.250   0.3538   0.02773   0.01738  -0.0774
   1.500   0.3996   0.02876   0.01836  -0.0828
   1.750   0.4437   0.02973   0.01929  -0.0876
   2.000   0.4826   0.03059   0.02015  -0.0913
   2.250   0.5187   0.03144   0.02099  -0.0944
   2.500   0.5542   0.03226   0.02182  -0.0971
   2.750   0.5873   0.03308   0.02265  -0.0994
   3.000   0.6211   0.03384   0.02344  -0.1015
   3.250   0.6527   0.03461   0.02424  -0.1032
   3.500   0.6846   0.03535   0.02502  -0.1048
   3.750   0.7149   0.03609   0.02580  -0.1060
   4.000   0.7254   0.03799   0.02775  -0.1087
   4.250   0.7713   0.03795   0.02785  -0.1091
   4.500   0.8395   0.03623   0.02625  -0.1067
   4.750   0.9176   0.03335   0.02344  -0.1018
   6.500   0.9941   0.03014   0.02009  -0.0952
   6.750   1.0562   0.02766   0.01716  -0.0874
   7.000   1.0960   0.02667   0.01548  -0.0798
   7.250   1.1039   0.02786   0.01590  -0.0736
   7.500   1.0761   0.03129   0.01846  -0.0707
   7.750   1.0753   0.03420   0.02089  -0.0668
   8.000   1.0941   0.03819   0.02462  -0.0640
   8.250   1.1349   0.04457   0.03126  -0.0619
   8.750   1.1649   0.05402   0.04142  -0.0578
   9.250   1.2037   0.05632   0.04455  -0.0484
  10.000   1.1773   0.07398   0.06333  -0.0458
  10.750   1.1029   0.10173   0.09221  -0.0483
  11.000   0.9863   0.13322   0.12462  -0.0543
  15.250   0.8714   0.16507   0.15717  -0.0636
  15.500   0.7836   0.19379   0.18623  -0.0760
  15.750   0.7485   0.21585   0.20822  -0.0910
