Smoothened XFOIL polar
 10-point moving average applied

   alpha    CL        CD       CDp       CM
  ------ -------- --------- --------- --------
 -15.500  -0.3674   0.19091   0.18602  -0.0183
 -14.250  -0.3909   0.18390   0.17885  -0.0176
 -14.000  -0.3982   0.17511   0.17001  -0.0182
 -13.250  -0.3933   0.16515   0.16010  -0.0194
 -12.750  -0.3799   0.15464   0.14969  -0.0209
 -12.000  -0.3589   0.14528   0.14048  -0.0223
  -9.750  -0.3428   0.13459   0.12994  -0.0225
  -9.500  -0.3355   0.12556   0.12104  -0.0219
  -9.000  -0.3219   0.11796   0.11358  -0.0211
  -8.000  -0.3202   0.11239   0.10807  -0.0194
  -7.750  -0.3265   0.10896   0.10464  -0.0175
  -7.500  -0.3327   0.10538   0.10109  -0.0163
  -7.250  -0.3419   0.10306   0.09879  -0.0145
  -7.000  -0.3506   0.10257   0.09835  -0.0136
  -6.750  -0.3588   0.10194   0.09781  -0.0144
  -6.500  -0.3696   0.10048   0.09642  -0.0151
  -6.250  -0.3885   0.09962   0.09565  -0.0127
  -6.000  -0.4099   0.09806   0.09417  -0.0101
  -5.500  -0.4134   0.09358   0.09004  -0.0129
  -5.250  -0.3236   0.08191   0.07807  -0.0294
  -4.250  -0.1718   0.06622   0.06163  -0.0539
  -2.750   0.0165   0.05000   0.04445  -0.0837
  -1.000   0.2078   0.03512   0.02848  -0.1136
  -0.750   0.3718   0.02373   0.01618  -0.1363
  -0.500   0.4772   0.01869   0.01045  -0.1466
  -0.250   0.5203   0.01844   0.01010  -0.1478
   0.000   0.5301   0.02001   0.01230  -0.1463
   0.250   0.5709   0.01910   0.01190  -0.1487
   0.500   0.6097   0.01809   0.01150  -0.1506
   0.750   0.6482   0.01705   0.01103  -0.1522
   1.000   0.6852   0.01609   0.01051  -0.1535
   1.250   0.7212   0.01530   0.00996  -0.1545
   1.500   0.7598   0.01467   0.00928  -0.1558
   1.750   0.7999   0.01411   0.00860  -0.1576
   2.000   0.8435   0.01362   0.00798  -0.1603
   2.250   0.8883   0.01310   0.00738  -0.1631
   2.500   0.9332   0.01268   0.00688  -0.1660
   2.750   0.9764   0.01242   0.00649  -0.1687
   3.000   1.0162   0.01232   0.00626  -0.1708
   3.250   1.0520   0.01237   0.00615  -0.1721
   3.500   1.0842   0.01254   0.00614  -0.1727
   3.750   1.1114   0.01280   0.00623  -0.1723
   4.000   1.1348   0.01317   0.00636  -0.1712
   4.250   1.1537   0.01365   0.00654  -0.1692
   4.500   1.1697   0.01420   0.00675  -0.1666
   4.750   1.1841   0.01480   0.00699  -0.1638
   5.000   1.1981   0.01542   0.00727  -0.1611
   5.250   1.2126   0.01605   0.00757  -0.1585
   5.500   1.2284   0.01665   0.00790  -0.1563
   5.750   1.2446   0.01728   0.00827  -0.1542
   6.000   1.2586   0.01790   0.00858  -0.1523
   6.250   1.2720   0.01900   0.00924  -0.1496
   6.500   1.2857   0.02043   0.01020  -0.1464
   6.750   1.3001   0.02184   0.01111  -0.1435
   7.250   1.3170   0.02353   0.01258  -0.1400
   7.500   1.3339   0.02540   0.01450  -0.1359
   7.750   1.3486   0.02731   0.01669  -0.1314
   8.250   1.3591   0.02948   0.01926  -0.1268
   8.500   1.3669   0.03168   0.02195  -0.1222
   8.750   1.3752   0.03390   0.02452  -0.1182
   9.000   1.3861   0.03606   0.02678  -0.1153
   9.250   1.4016   0.03813   0.02854  -0.1137
