Smoothened XFOIL polar
 10-point moving average applied

   alpha    CL        CD       CDp       CM
  ------ -------- --------- --------- --------
 -17.750  -0.3547   0.20701   0.20104  -0.0179
 -17.500  -0.4475   0.21389   0.20742  -0.0115
 -17.250  -0.4811   0.21222   0.20557  -0.0100
 -16.750  -0.4709   0.20436   0.19776  -0.0119
 -16.250  -0.4324   0.19266   0.18625  -0.0159
 -14.500  -0.3804   0.18095   0.17481  -0.0201
 -12.500  -0.3491   0.16909   0.16310  -0.0224
 -12.250  -0.3231   0.15917   0.15331  -0.0239
 -12.000  -0.3073   0.15331   0.14754  -0.0249
 -11.750  -0.3155   0.15167   0.14589  -0.0256
 -11.250  -0.3238   0.14993   0.14417  -0.0257
 -11.000  -0.3223   0.14570   0.13998  -0.0258
 -10.500  -0.3184   0.14013   0.13445  -0.0253
  -9.750  -0.3075   0.13528   0.12970  -0.0245
  -9.500  -0.3072   0.13004   0.12449  -0.0235
  -9.000  -0.3084   0.12624   0.12077  -0.0230
  -8.750  -0.3127   0.12438   0.11897  -0.0231
  -8.500  -0.3238   0.12189   0.11649  -0.0231
  -8.250  -0.3180   0.11939   0.11407  -0.0222
  -8.000  -0.3125   0.11706   0.11182  -0.0209
  -7.500  -0.3155   0.11413   0.10898  -0.0192
  -7.250  -0.3184   0.11158   0.10657  -0.0170
  -6.750  -0.3298   0.10854   0.10363  -0.0139
  -6.250  -0.3458   0.10545   0.10067  -0.0116
  -5.750  -0.3632   0.10207   0.09743  -0.0080
  -5.250  -0.3674   0.09752   0.09301  -0.0071
  -4.750  -0.3713   0.09382   0.08942  -0.0059
  -4.250  -0.3656   0.09168   0.08761  -0.0057
  -4.000  -0.3306   0.08472   0.08063  -0.0167
  -3.750  -0.2547   0.07359   0.06899  -0.0359
  -3.000  -0.1537   0.06042   0.05492  -0.0592
  -2.500  -0.0426   0.04749   0.04092  -0.0833
  -2.000   0.0620   0.03656   0.02892  -0.1026
  -1.750   0.1529   0.02892   0.02037  -0.1174
  -1.500   0.2043   0.02622   0.01715  -0.1224
  -1.250   0.2390   0.02753   0.01860  -0.1211
  -1.000   0.2778   0.02708   0.01833  -0.1235
  -0.750   0.3205   0.02644   0.01785  -0.1264
  -0.500   0.3629   0.02593   0.01760  -0.1292
  -0.250   0.4045   0.02552   0.01754  -0.1319
   0.000   0.4455   0.02518   0.01759  -0.1344
   0.250   0.4828   0.02471   0.01758  -0.1358
   0.500   0.5192   0.02400   0.01736  -0.1368
   0.750   0.5581   0.02313   0.01689  -0.1380
   1.000   0.5975   0.02223   0.01620  -0.1392
   1.250   0.6376   0.02136   0.01533  -0.1404
   1.500   0.6796   0.02058   0.01445  -0.1421
   1.750   0.7252   0.01984   0.01353  -0.1446
   2.000   0.7731   0.01914   0.01264  -0.1475
   2.250   0.8204   0.01837   0.01177  -0.1502
   2.500   0.8683   0.01768   0.01098  -0.1531
   2.750   0.9176   0.01706   0.01024  -0.1564
   3.000   0.9635   0.01664   0.00968  -0.1590
   3.250   1.0046   0.01643   0.00933  -0.1609
   3.500   1.0410   0.01642   0.00914  -0.1620
   3.750   1.0733   0.01654   0.00909  -0.1623
   4.000   1.1013   0.01680   0.00915  -0.1619
   4.250   1.1268   0.01714   0.00930  -0.1611
   4.500   1.1509   0.01754   0.00950  -0.1601
   4.750   1.1734   0.01799   0.00975  -0.1588
   5.000   1.1951   0.01848   0.01006  -0.1574
   5.250   1.2164   0.01901   0.01043  -0.1560
   5.500   1.2376   0.01957   0.01085  -0.1546
   5.750   1.2578   0.02014   0.01126  -0.1531
   6.000   1.2758   0.02070   0.01167  -0.1511
   6.250   1.2902   0.02122   0.01204  -0.1485
   6.500   1.3019   0.02173   0.01238  -0.1455
   6.750   1.3136   0.02224   0.01272  -0.1425
   7.000   1.3227   0.02272   0.01308  -0.1390
   7.250   1.3311   0.02323   0.01351  -0.1356
   7.500   1.3399   0.02380   0.01403  -0.1323
   7.750   1.3485   0.02448   0.01464  -0.1290
   8.000   1.3567   0.02528   0.01534  -0.1258
   8.250   1.3655   0.02615   0.01608  -0.1228
   8.500   1.3765   0.02685   0.01669  -0.1204
   8.750   1.3880   0.02796   0.01758  -0.1182
   9.000   1.3980   0.02971   0.01911  -0.1150
   9.250   1.4073   0.03192   0.02115  -0.1111
   9.750   1.4156   0.03444   0.02356  -0.1070
  10.250   1.4222   0.03711   0.02618  -0.1028
  10.500   1.4274   0.03974   0.02886  -0.0989
  10.750   1.4319   0.04209   0.03139  -0.0958
  11.000   1.4349   0.04405   0.03361  -0.0936
  11.250   1.4339   0.04628   0.03604  -0.0916
  11.500   1.4314   0.04895   0.03892  -0.0895
  11.750   1.4267   0.05198   0.04213  -0.0876
  12.000   1.4207   0.05528   0.04565  -0.0861
  12.250   1.4140   0.05884   0.04944  -0.0850
  12.500   1.4070   0.06264   0.05348  -0.0844
  12.750   1.4002   0.06662   0.05768  -0.0840
  13.000   1.3952   0.07057   0.06184  -0.0838
  13.250   1.3929   0.07433   0.06576  -0.0837
  13.500   1.3942   0.07768   0.06924  -0.0834
  13.750   1.4111   0.07848   0.07006  -0.0823
  14.000   1.4172   0.08217   0.07397  -0.0816
  14.250   1.4106   0.08866   0.08085  -0.0815
  14.500   1.3898   0.09766   0.09036  -0.0826
  15.000   1.3708   0.10390   0.09715  -0.0821
  15.250   1.3127   0.11959   0.11352  -0.0888
  15.500   1.2447   0.13695   0.13153  -0.0977
  15.750   1.1665   0.15846   0.15360  -0.1105
  16.500   1.0813   0.18460   0.18018  -0.1276
  16.750   0.9926   0.21584   0.21170  -0.1493
