Smoothened XFOIL polar
 10-point moving average applied

   alpha    CL        CD       CDp       CM
  ------ -------- --------- --------- --------
 -20.000  -0.7233   0.25105   0.24149   0.0458
 -19.750  -0.5929   0.24046   0.23151   0.0264
 -19.500  -0.5262   0.23325   0.22460   0.0160
 -19.250  -0.5053   0.22859   0.22002   0.0120
 -18.500  -0.5122   0.22565   0.21701   0.0121
 -18.250  -0.5119   0.22257   0.21390   0.0113
 -18.000  -0.5058   0.22044   0.21176   0.0098
 -17.750  -0.4794   0.21636   0.20780   0.0056
 -17.500  -0.5109   0.21755   0.20880   0.0094
 -17.250  -0.5125   0.21499   0.20621   0.0090
 -17.000  -0.4999   0.21173   0.20299   0.0062
 -16.500  -0.5220   0.21048   0.20159   0.0084
 -16.250  -0.5729   0.21056   0.20137   0.0144
 -16.000  -0.5512   0.20653   0.19742   0.0114
 -15.750  -0.5107   0.20241   0.19347   0.0055
 -15.500  -0.4941   0.19944   0.19059   0.0029
 -15.250  -0.4818   0.19582   0.18702   0.0012
 -15.000  -0.4751   0.19219   0.18340   0.0003
 -14.750  -0.4775   0.19056   0.18175  -0.0005
 -14.500  -0.4851   0.18833   0.17947  -0.0002
 -14.250  -0.4974   0.18561   0.17668   0.0011
 -14.000  -0.4768   0.18220   0.17337  -0.0018
 -13.750  -0.4698   0.17970   0.17090  -0.0029
 -13.500  -0.4632   0.17704   0.16828  -0.0047
 -13.250  -0.4538   0.17304   0.16433  -0.0065
 -13.000  -0.4423   0.16814   0.15949  -0.0081
 -12.250  -0.4375   0.16385   0.15523  -0.0097
 -12.000  -0.4188   0.15935   0.15084  -0.0121
 -11.750  -0.4023   0.15472   0.14630  -0.0139
 -11.500  -0.3915   0.15148   0.14312  -0.0153
 -11.250  -0.3843   0.14870   0.14038  -0.0159
 -11.000  -0.3788   0.14518   0.13691  -0.0171
 -10.750  -0.3765   0.14001   0.13178  -0.0180
 -10.250  -0.3668   0.13366   0.12554  -0.0193
  -9.500  -0.3604   0.12678   0.11877  -0.0203
  -9.000  -0.3483   0.12062   0.11276  -0.0223
  -8.500  -0.3380   0.11536   0.10769  -0.0237
  -8.250  -0.3366   0.11208   0.10455  -0.0246
  -8.000  -0.3411   0.10958   0.10213  -0.0247
  -7.750  -0.3404   0.10707   0.09973  -0.0243
  -7.500  -0.3433   0.10447   0.09722  -0.0233
  -7.250  -0.3399   0.10156   0.09443  -0.0224
  -7.000  -0.3425   0.09970   0.09263  -0.0213
  -6.750  -0.3494   0.09609   0.08911  -0.0204
  -6.500  -0.3496   0.09111   0.08431  -0.0196
  -6.250  -0.3678   0.08744   0.08104  -0.0156
  -4.750  -0.3624   0.07974   0.07342  -0.0173
  -4.500  -0.3276   0.06936   0.06281  -0.0238
  -4.250  -0.2770   0.05769   0.05046  -0.0336
  -3.500  -0.2137   0.04642   0.03812  -0.0450
  -3.250  -0.1481   0.03801   0.02856  -0.0560
  -3.000  -0.0879   0.03032   0.01997  -0.0642
  -2.750  -0.0431   0.02596   0.01505  -0.0679
  -2.500  -0.0240   0.02613   0.01522  -0.0651
  -2.250   0.0022   0.02539   0.01449  -0.0652
  -2.000   0.0291   0.02504   0.01416  -0.0659
  -1.750   0.0539   0.02430   0.01373  -0.0661
  -1.500   0.0787   0.02317   0.01295  -0.0658
  -1.250   0.1016   0.02221   0.01244  -0.0653
  -1.000   0.1228   0.02156   0.01217  -0.0647
  -0.750   0.1428   0.02127   0.01209  -0.0641
  -0.500   0.1620   0.02144   0.01225  -0.0637
  -0.250   0.1810   0.02209   0.01265  -0.0637
   0.000   0.1992   0.02303   0.01321  -0.0639
   0.250   0.2179   0.02383   0.01388  -0.0643
   0.500   0.2425   0.02475   0.01467  -0.0658
   0.750   0.2736   0.02574   0.01556  -0.0687
   1.000   0.3118   0.02679   0.01652  -0.0728
   1.250   0.3546   0.02785   0.01751  -0.0777
   1.500   0.4005   0.02888   0.01848  -0.0831
   1.750   0.4441   0.02984   0.01941  -0.0878
   2.000   0.4831   0.03069   0.02025  -0.0915
   2.250   0.5192   0.03154   0.02110  -0.0945
   2.500   0.5550   0.03235   0.02192  -0.0973
   2.750   0.5880   0.03317   0.02275  -0.0995
   3.000   0.6219   0.03392   0.02352  -0.1017
   3.250   0.6533   0.03469   0.02432  -0.1033
   3.500   0.6854   0.03541   0.02508  -0.1049
   3.750   0.7126   0.03610   0.02581  -0.1060
   4.000   0.7315   0.03777   0.02752  -0.1078
   4.250   0.7744   0.03809   0.02794  -0.1083
   4.500   0.8364   0.03725   0.02729  -0.1078
   5.000   0.9087   0.03527   0.02552  -0.1060
   6.000   0.9824   0.03234   0.02272  -0.1026
   6.250   1.0452   0.02912   0.01954  -0.0975
   6.500   1.0891   0.02638   0.01659  -0.0915
   6.750   1.1038   0.02526   0.01494  -0.0853
   7.000   1.0914   0.02674   0.01565  -0.0803
   7.250   1.0780   0.02766   0.01570  -0.0751
   7.500   1.0786   0.03097   0.01828  -0.0707
   7.750   1.0948   0.03555   0.02237  -0.0674
   8.000   1.1297   0.04062   0.02727  -0.0651
   8.750   1.1618   0.04912   0.03625  -0.0611
   9.000   1.1847   0.05848   0.04639  -0.0545
   9.500   1.1903   0.07010   0.05899  -0.0498
  10.500   1.1838   0.07576   0.06556  -0.0422
  10.750   1.1171   0.09094   0.08158  -0.0412
  11.500   1.0321   0.11405   0.10538  -0.0460
  11.750   0.9408   0.13969   0.13147  -0.0557
  14.500   0.8491   0.16928   0.16137  -0.0699
  15.250   0.7795   0.19432   0.18661  -0.0818
  15.750   0.7486   0.20988   0.20227  -0.0877
  16.250   0.7728   0.21100   0.20343  -0.0836
