Smoothened XFOIL polar
 10-point moving average applied

   alpha    CL        CD       CDp       CM
  ------ -------- --------- --------- --------
 -16.000  -0.3682   0.19645   0.19209  -0.0130
 -15.500  -0.3759   0.19132   0.18690  -0.0139
 -14.500  -0.3798   0.18461   0.18015  -0.0147
 -14.250  -0.3799   0.17689   0.17242  -0.0155
 -13.250  -0.3763   0.16874   0.16427  -0.0164
 -12.750  -0.3650   0.16126   0.15683  -0.0180
 -12.500  -0.3573   0.15437   0.14998  -0.0190
 -12.000  -0.3536   0.15214   0.14772  -0.0180
 -11.500  -0.3552   0.14448   0.14017  -0.0187
 -11.000  -0.3751   0.13052   0.12659  -0.0220
 -10.500  -0.3309   0.10617   0.10210  -0.0337
  -5.500  -0.2437   0.07766   0.07304  -0.0501
  -4.500  -0.1271   0.04961   0.04420  -0.0687
  -3.000   0.0027   0.02651   0.02024  -0.0863
  -2.750   0.1165   0.01219   0.00510  -0.0991
  -2.500   0.1966   0.01080   0.00303  -0.1045
  -2.250   0.2407   0.01048   0.00273  -0.1065
  -2.000   0.2599   0.01268   0.00571  -0.1072
  -1.750   0.3022   0.01184   0.00544  -0.1094
  -1.250   0.3433   0.01101   0.00519  -0.1111
  -1.000   0.3821   0.01030   0.00498  -0.1124
  -0.750   0.4173   0.00976   0.00476  -0.1131
  -0.500   0.4485   0.00946   0.00455  -0.1135
  -0.250   0.4747   0.00944   0.00437  -0.1137
   0.000   0.5037   0.00942   0.00420  -0.1141
   0.250   0.5323   0.00935   0.00406  -0.1144
   0.500   0.5602   0.00931   0.00396  -0.1146
   0.750   0.5875   0.00930   0.00388  -0.1146
   1.000   0.6142   0.00931   0.00384  -0.1145
   1.250   0.6405   0.00933   0.00380  -0.1144
   1.500   0.6666   0.00935   0.00376  -0.1141
   1.750   0.6924   0.00939   0.00370  -0.1137
   2.000   0.7154   0.00941   0.00361  -0.1132
   2.250   0.7278   0.00922   0.00341  -0.1131
   2.500   0.7647   0.00934   0.00335  -0.1121
   2.750   0.8210   0.01013   0.00360  -0.1100
   3.250   0.8878   0.01146   0.00417  -0.1073
   5.250   0.9536   0.01295   0.00472  -0.1046
   5.750   1.0201   0.01482   0.00565  -0.1017
   6.000   1.0740   0.01682   0.00679  -0.0988
   6.250   1.1154   0.01876   0.00820  -0.0960
   7.000   1.1409   0.02047   0.00990  -0.0934
   7.250   1.1474   0.02181   0.01193  -0.0911
