Smoothened XFOIL polar
 10-point moving average applied

   alpha    CL        CD       CDp       CM
  ------ -------- --------- --------- --------
 -16.500  -0.3787   0.20183   0.19683  -0.0175
 -15.500  -0.4315   0.19572   0.19050  -0.0128
 -15.250  -0.4561   0.19127   0.18593  -0.0113
 -15.000  -0.4590   0.18734   0.18195  -0.0121
 -14.750  -0.4464   0.18277   0.17740  -0.0146
 -14.500  -0.4226   0.17477   0.16950  -0.0178
 -12.500  -0.4036   0.16484   0.15963  -0.0201
 -12.000  -0.3866   0.15385   0.14872  -0.0230
 -10.750  -0.3719   0.14087   0.13587  -0.0250
 -10.500  -0.3624   0.12751   0.12270  -0.0245
  -9.000  -0.3618   0.11774   0.11312  -0.0212
  -7.750  -0.3649   0.10776   0.10340  -0.0163
  -6.750  -0.3743   0.09946   0.09535  -0.0127
  -6.500  -0.3649   0.08907   0.08514  -0.0144
  -5.250  -0.3410   0.08067   0.07678  -0.0217
  -4.500  -0.3110   0.07352   0.06978  -0.0332
  -4.000  -0.2304   0.06295   0.05896  -0.0533
  -3.750  -0.1108   0.05127   0.04667  -0.0772
  -3.000   0.0335   0.04142   0.03591  -0.1009
  -2.000   0.1780   0.03310   0.02663  -0.1202
  -1.500   0.3025   0.02635   0.01898  -0.1352
  -1.000   0.4118   0.02152   0.01340  -0.1467
  -0.750   0.4897   0.01981   0.01137  -0.1537
  -0.500   0.5341   0.02033   0.01239  -0.1556
   0.000   0.5844   0.01954   0.01224  -0.1592
   0.250   0.6267   0.01921   0.01258  -0.1623
   0.500   0.6722   0.01731   0.01129  -0.1642
   0.750   0.7165   0.01572   0.01015  -0.1657
   1.000   0.7560   0.01455   0.00916  -0.1666
   1.500   0.7966   0.01381   0.00831  -0.1676
   1.750   0.8455   0.01331   0.00762  -0.1696
   2.000   0.8964   0.01299   0.00723  -0.1718
   2.250   0.9447   0.01301   0.00718  -0.1738
   2.750   0.9881   0.01348   0.00756  -0.1758
   3.000   1.0319   0.01254   0.00657  -0.1770
   3.250   1.0724   0.01233   0.00627  -0.1781
   3.500   1.1050   0.01234   0.00611  -0.1783
   3.750   1.1278   0.01259   0.00608  -0.1774
   4.000   1.1495   0.01297   0.00610  -0.1757
   4.250   1.1681   0.01346   0.00618  -0.1734
   4.500   1.1841   0.01406   0.00634  -0.1708
   4.750   1.1994   0.01472   0.00656  -0.1682
   5.000   1.2139   0.01554   0.00692  -0.1657
   5.250   1.2281   0.01650   0.00740  -0.1633
   5.500   1.2398   0.01780   0.00809  -0.1605
   5.750   1.2508   0.01929   0.00898  -0.1576
   6.000   1.2626   0.02082   0.01002  -0.1548
   6.250   1.2763   0.02227   0.01118  -0.1521
   6.500   1.2913   0.02358   0.01241  -0.1496
   6.750   1.3066   0.02475   0.01371  -0.1470
   7.000   1.3190   0.02589   0.01508  -0.1438
   7.250   1.3300   0.02721   0.01665  -0.1404
   7.500   1.3401   0.02893   0.01856  -0.1368
   7.750   1.3493   0.03121   0.02092  -0.1332
   8.000   1.3580   0.03423   0.02384  -0.1297
