Smoothened XFOIL polar
 10-point moving average applied

   alpha    CL        CD       CDp       CM
  ------ -------- --------- --------- --------
 -18.000  -0.4139   0.20159   0.19811  -0.0020
 -14.750  -0.3629   0.19470   0.19047  -0.0106
 -14.250  -0.3536   0.18390   0.17962  -0.0134
 -13.750  -0.3645   0.16867   0.16474  -0.0140
 -12.500  -0.3743   0.14851   0.14503  -0.0156
 -10.500  -0.3335   0.11976   0.11619  -0.0270
  -6.750  -0.2571   0.08491   0.08081  -0.0441
  -4.750  -0.1600   0.05192   0.04697  -0.0629
  -3.750  -0.0554   0.02678   0.02087  -0.0806
  -3.500   0.0422   0.01256   0.00571  -0.0945
  -3.250   0.1221   0.00813   0.00060  -0.1028
  -3.000   0.1507   0.00926   0.00161  -0.1006
  -2.750   0.1720   0.01144   0.00421  -0.1009
  -2.500   0.2049   0.01123   0.00418  -0.1026
  -2.250   0.2360   0.01101   0.00412  -0.1039
  -2.000   0.2667   0.01075   0.00396  -0.1051
  -1.750   0.2916   0.01028   0.00383  -0.1054
  -1.500   0.3195   0.00970   0.00369  -0.1054
  -1.250   0.3505   0.00908   0.00356  -0.1053
  -1.000   0.3829   0.00852   0.00342  -0.1051
  -0.500   0.4161   0.00808   0.00329  -0.1048
  -0.250   0.4494   0.00782   0.00316  -0.1047
   0.000   0.4815   0.00778   0.00305  -0.1048
   0.250   0.5107   0.00789   0.00297  -0.1051
   0.500   0.5333   0.00795   0.00295  -0.1047
   0.750   0.5591   0.00799   0.00292  -0.1046
   1.000   0.5850   0.00804   0.00289  -0.1044
   1.250   0.6105   0.00810   0.00285  -0.1041
   1.500   0.6356   0.00818   0.00281  -0.1037
   1.750   0.6602   0.00829   0.00276  -0.1031
   2.000   0.6845   0.00844   0.00273  -0.1025
   2.250   0.7087   0.00860   0.00273  -0.1019
   2.500   0.7328   0.00879   0.00275  -0.1013
   2.750   0.7549   0.00897   0.00278  -0.1009
   3.000   0.7811   0.00921   0.00288  -0.1005
   3.250   0.8099   0.00948   0.00301  -0.1002
   3.500   0.8386   0.00969   0.00313  -0.0999
   4.000   0.8715   0.00994   0.00327  -0.0995
   4.250   0.9037   0.01048   0.00353  -0.0987
   4.500   0.9332   0.01134   0.00393  -0.0975
   5.000   0.9582   0.01245   0.00446  -0.0961
   5.250   0.9781   0.01364   0.00505  -0.0946
   5.500   0.9971   0.01476   0.00561  -0.0933
   5.750   1.0158   0.01552   0.00586  -0.0927
   6.000   1.0366   0.01609   0.00623  -0.0922
   6.250   1.0649   0.01702   0.00712  -0.0909
   6.750   1.1043   0.01862   0.00884  -0.0884
   7.500   1.1588   0.02120   0.01169  -0.0839
