Smoothened XFOIL polar
 10-point moving average applied

   alpha    CL        CD       CDp       CM
  ------ -------- --------- --------- --------
 -20.000  -0.6435   0.24566   0.24018   0.0360
 -19.500  -0.5674   0.23728   0.23199   0.0240
 -19.250  -0.5061   0.23069   0.22555   0.0141
 -19.000  -0.4602   0.22491   0.21988   0.0063
 -18.500  -0.4307   0.21898   0.21400   0.0009
 -18.000  -0.4371   0.21119   0.20615   0.0003
 -17.250  -0.4168   0.19885   0.19382  -0.0044
 -14.500  -0.4517   0.19040   0.18522  -0.0009
 -14.250  -0.4703   0.18064   0.17537   0.0003
 -14.000  -0.4636   0.17281   0.16753  -0.0012
 -13.500  -0.4567   0.16758   0.16231  -0.0024
 -13.250  -0.4233   0.16624   0.16107  -0.0069
 -13.000  -0.4055   0.16289   0.15777  -0.0094
 -12.750  -0.3997   0.15960   0.15449  -0.0113
 -12.500  -0.3924   0.15637   0.15128  -0.0130
 -12.250  -0.3845   0.15252   0.14746  -0.0145
 -11.750  -0.3762   0.14875   0.14373  -0.0161
 -11.500  -0.3583   0.14481   0.13985  -0.0184
 -11.250  -0.3594   0.14180   0.13684  -0.0187
 -11.000  -0.3569   0.14310   0.13815  -0.0181
 -10.750  -0.3602   0.13518   0.13030  -0.0190
 -10.500  -0.3594   0.12071   0.11615  -0.0237
  -9.500  -0.3219   0.09858   0.09399  -0.0336
  -4.500  -0.2573   0.07273   0.06770  -0.0465
  -4.000  -0.1731   0.04769   0.04189  -0.0605
  -3.500  -0.0897   0.02720   0.02046  -0.0722
  -3.250  -0.0166   0.01623   0.00856  -0.0801
  -3.000   0.0384   0.01590   0.00752  -0.0827
  -2.750   0.0820   0.01425   0.00564  -0.0852
  -2.500   0.1150   0.01536   0.00707  -0.0872
  -2.250   0.1544   0.01532   0.00718  -0.0905
  -2.000   0.1916   0.01497   0.00723  -0.0933
  -1.750   0.2248   0.01439   0.00720  -0.0957
  -1.500   0.2634   0.01361   0.00699  -0.0980
  -1.250   0.3045   0.01287   0.00675  -0.1001
  -1.000   0.3474   0.01228   0.00651  -0.1022
  -0.500   0.3898   0.01189   0.00627  -0.1039
  -0.250   0.4301   0.01172   0.00603  -0.1053
   0.000   0.4680   0.01174   0.00579  -0.1067
   0.250   0.4998   0.01162   0.00561  -0.1073
   0.500   0.5261   0.01152   0.00547  -0.1075
   0.750   0.5547   0.01144   0.00534  -0.1077
   1.000   0.5824   0.01140   0.00524  -0.1077
   1.250   0.6093   0.01138   0.00518  -0.1075
   1.500   0.6357   0.01138   0.00512  -0.1073
   1.750   0.6619   0.01139   0.00507  -0.1070
   2.000   0.6877   0.01139   0.00500  -0.1066
   2.250   0.7132   0.01140   0.00491  -0.1060
   2.500   0.7361   0.01137   0.00478  -0.1053
   2.750   0.7620   0.01140   0.00467  -0.1043
   3.000   0.7880   0.01147   0.00459  -0.1033
   3.250   0.8167   0.01161   0.00456  -0.1023
   3.750   0.8524   0.01187   0.00465  -0.1012
   4.000   0.8924   0.01219   0.00483  -0.1002
   4.500   0.9258   0.01213   0.00477  -0.0996
   5.000   0.9633   0.01278   0.00498  -0.0982
   5.250   1.0024   0.01426   0.00580  -0.0956
   5.500   1.0436   0.01641   0.00716  -0.0921
   6.750   1.0785   0.01893   0.00897  -0.0881
   7.250   1.1104   0.02186   0.01131  -0.0841
   7.500   1.1503   0.01057  -0.00070  -0.0760
   7.750   1.1756   0.01877   0.00787  -0.0755
   8.000   1.1681   0.03323   0.02319  -0.0761
   8.250   1.1136   0.07002   0.06140  -0.0794
  14.500   0.9974   0.13768   0.13105  -0.0856
  18.000   0.8047   0.24474   0.24069  -0.0949
