Smoothened XFOIL polar
 10-point moving average applied

   alpha    CL        CD       CDp       CM
  ------ -------- --------- --------- --------
 -19.500  -0.6118   0.24370   0.23418   0.0173
 -19.000  -0.6219   0.23777   0.22816   0.0189
 -18.750  -0.6149   0.23339   0.22378   0.0177
 -18.500  -0.5958   0.23007   0.22053   0.0145
 -18.250  -0.5696   0.22734   0.21791   0.0102
 -18.000  -0.5585   0.22543   0.21605   0.0080
 -17.750  -0.5139   0.22064   0.21149   0.0019
 -17.500  -0.4825   0.21592   0.20693  -0.0023
 -17.250  -0.4679   0.21265   0.20372  -0.0042
 -16.750  -0.4640   0.20920   0.20026  -0.0057
 -16.500  -0.4699   0.20482   0.19580  -0.0062
 -16.250  -0.4888   0.20120   0.19202  -0.0053
 -14.750  -0.4711   0.19440   0.18526  -0.0084
 -14.500  -0.4796   0.19013   0.18093  -0.0084
 -14.250  -0.4512   0.18417   0.17512  -0.0126
 -14.000  -0.4408   0.17988   0.17088  -0.0140
 -13.750  -0.4418   0.17735   0.16833  -0.0138
 -13.500  -0.4249   0.17496   0.16605  -0.0158
 -13.250  -0.4113   0.17242   0.16360  -0.0176
 -13.000  -0.4004   0.16951   0.16076  -0.0190
 -12.750  -0.3918   0.16630   0.15760  -0.0200
 -12.500  -0.3868   0.16340   0.15473  -0.0208
 -12.250  -0.3855   0.16059   0.15193  -0.0215
 -12.000  -0.3907   0.15720   0.14852  -0.0215
 -11.750  -0.3923   0.15612   0.14737  -0.0214
 -11.500  -0.3738   0.15217   0.14361  -0.0233
 -11.250  -0.3559   0.14590   0.13759  -0.0248
 -11.000  -0.3423   0.13720   0.12913  -0.0260
  -8.500  -0.3281   0.12758   0.11976  -0.0265
  -8.250  -0.3154   0.11817   0.11059  -0.0265
  -8.000  -0.3118   0.11142   0.10403  -0.0261
  -7.750  -0.3163   0.10716   0.09992  -0.0245
  -7.500  -0.3238   0.10758   0.10041  -0.0233
  -7.250  -0.3344   0.10508   0.09804  -0.0224
  -6.750  -0.3424   0.10138   0.09449  -0.0212
  -6.500  -0.3545   0.09665   0.08985  -0.0201
  -5.750  -0.3601   0.09165   0.08494  -0.0193
  -5.500  -0.3610   0.08699   0.08036  -0.0189
  -5.250  -0.3739   0.08518   0.07885  -0.0150
  -5.000  -0.3564   0.07961   0.07331  -0.0179
  -4.750  -0.3148   0.07134   0.06463  -0.0275
  -4.250  -0.2554   0.06089   0.05358  -0.0408
  -3.500  -0.1846   0.04993   0.04187  -0.0553
  -3.250  -0.1116   0.04005   0.03120  -0.0690
  -3.000  -0.0464   0.03264   0.02305  -0.0797
  -2.750  -0.0000   0.02908   0.01896  -0.0847
  -2.500   0.0187   0.02972   0.01946  -0.0824
  -2.250   0.0487   0.02853   0.01804  -0.0835
  -2.000   0.0792   0.02732   0.01653  -0.0846
  -1.750   0.1105   0.02653   0.01561  -0.0859
  -1.500   0.1388   0.02547   0.01483  -0.0865
  -1.250   0.1644   0.02443   0.01426  -0.0864
  -1.000   0.1881   0.02352   0.01381  -0.0860
  -0.750   0.2099   0.02288   0.01356  -0.0854
  -0.500   0.2301   0.02268   0.01355  -0.0848
  -0.250   0.2491   0.02297   0.01380  -0.0844
   0.000   0.2682   0.02373   0.01429  -0.0844
   0.250   0.2905   0.02472   0.01495  -0.0853
   0.500   0.3073   0.02557   0.01567  -0.0852
   0.750   0.3254   0.02651   0.01651  -0.0854
   1.000   0.3493   0.02757   0.01747  -0.0869
   1.250   0.3791   0.02870   0.01852  -0.0896
   1.500   0.4155   0.02987   0.01963  -0.0934
   1.750   0.4573   0.03101   0.02074  -0.0982
   2.000   0.5013   0.03210   0.02182  -0.1032
   2.250   0.5452   0.03309   0.02281  -0.1079
   2.500   0.5836   0.03398   0.02371  -0.1114
   2.750   0.6201   0.03482   0.02455  -0.1144
   3.000   0.6575   0.03557   0.02531  -0.1173
   3.250   0.6713   0.03666   0.02634  -0.1196
   3.500   0.7206   0.03722   0.02698  -0.1220
   3.750   0.7954   0.03752   0.02750  -0.1248
   4.000   0.8877   0.03641   0.02663  -0.1261
   5.750   0.9852   0.03415   0.02453  -0.1255
   6.000   1.0741   0.03130   0.02174  -0.1231
   6.250   1.1425   0.02838   0.01879  -0.1190
   6.500   1.1776   0.02611   0.01628  -0.1134
   6.750   1.1633   0.02560   0.01512  -0.1071
   7.000   1.1512   0.02558   0.01418  -0.1011
   7.250   1.1592   0.01275   0.00037  -0.0870
   7.500   1.1629   0.01260  -0.00059  -0.0777
   8.000   1.1672   0.03951   0.02638  -0.0800
   9.000   1.1722   0.10698   0.09528  -0.1003
  18.000   1.1777   0.22853   0.22008  -0.1452
