Smoothened XFOIL polar
 10-point moving average applied

   alpha    CL        CD       CDp       CM
  ------ -------- --------- --------- --------
 -16.500  -0.4272   0.20140   0.19697  -0.0016
 -15.750  -0.4298   0.19651   0.19203  -0.0032
 -15.000  -0.4151   0.18689   0.18241  -0.0066
 -14.000  -0.3908   0.17444   0.17001  -0.0110
 -12.250  -0.3649   0.16109   0.15673  -0.0154
 -12.000  -0.3497   0.15162   0.14729  -0.0181
 -11.500  -0.3912   0.15062   0.14661  -0.0119
 -11.250  -0.3699   0.13625   0.13209  -0.0168
 -11.000  -0.3081   0.11378   0.10902  -0.0289
  -9.000  -0.2129   0.08358   0.07800  -0.0458
  -3.500  -0.0995   0.05308   0.04660  -0.0645
  -3.250   0.0185   0.02661   0.01934  -0.0824
  -3.000   0.1106   0.00894   0.00111  -0.0952
  -2.750   0.1624   0.00493  -0.00306  -0.1002
  -2.500   0.1738   0.01290   0.00538  -0.0974
  -2.250   0.2094   0.01273   0.00536  -0.0998
  -2.000   0.2432   0.01241   0.00530  -0.1019
  -1.750   0.2763   0.01178   0.00512  -0.1036
  -1.500   0.3077   0.01107   0.00493  -0.1047
  -1.250   0.3377   0.01041   0.00477  -0.1053
  -1.000   0.3670   0.00984   0.00460  -0.1057
  -0.750   0.3958   0.00943   0.00443  -0.1059
  -0.500   0.4244   0.00921   0.00424  -0.1061
  -0.250   0.4529   0.00920   0.00406  -0.1063
   0.000   0.4801   0.00920   0.00393  -0.1063
   0.250   0.5070   0.00918   0.00383  -0.1063
   0.500   0.5335   0.00917   0.00376  -0.1062
   0.750   0.5595   0.00919   0.00372  -0.1059
   1.000   0.5854   0.00922   0.00368  -0.1057
   1.250   0.6113   0.00926   0.00365  -0.1055
   1.500   0.6370   0.00930   0.00361  -0.1052
   1.750   0.6624   0.00934   0.00355  -0.1047
   2.000   0.6872   0.00940   0.00348  -0.1041
   2.250   0.7115   0.00949   0.00341  -0.1034
   2.500   0.7355   0.00962   0.00337  -0.1026
   2.750   0.7550   0.00972   0.00333  -0.1019
   3.000   0.7780   0.00987   0.00335  -0.1014
   3.250   0.8132   0.00999   0.00342  -0.1010
   3.500   0.8575   0.01053   0.00368  -0.1000
   4.250   0.9030   0.01144   0.00410  -0.0984
   5.000   0.9505   0.01278   0.00476  -0.0964
   5.500   0.9950   0.01434   0.00552  -0.0942
   5.750   1.0302   0.01580   0.00620  -0.0923
   6.250   1.0554   0.01697   0.00679  -0.0909
   6.500   1.0795   0.01834   0.00790  -0.0890
   6.750   1.1074   0.01959   0.00923  -0.0871
   7.250   1.1327   0.02135   0.01120  -0.0844
   7.750   1.1539   0.02393   0.01402  -0.0803
   8.000   1.1693   0.02764   0.01792  -0.0745
