Smoothened XFOIL polar
 10-point moving average applied

   alpha    CL        CD       CDp       CM
  ------ -------- --------- --------- --------
 -19.250  -0.4955   0.22006   0.21456  -0.0062
 -19.000  -0.4872   0.22245   0.21697  -0.0064
 -18.750  -0.4605   0.21972   0.21435  -0.0092
 -18.500  -0.4237   0.21320   0.20800  -0.0137
 -17.000  -0.3853   0.20422   0.19920  -0.0188
 -16.250  -0.3682   0.19450   0.18958  -0.0230
 -14.250  -0.3473   0.18589   0.18110  -0.0262
 -13.750  -0.3379   0.17726   0.17253  -0.0273
 -13.500  -0.3451   0.17050   0.16574  -0.0261
 -13.250  -0.3324   0.16434   0.15964  -0.0256
 -12.500  -0.3213   0.16110   0.15643  -0.0254
 -12.250  -0.3083   0.15692   0.15223  -0.0244
 -12.000  -0.2972   0.15361   0.14892  -0.0237
 -11.750  -0.2982   0.15104   0.14635  -0.0241
 -11.500  -0.2893   0.15101   0.14640  -0.0253
 -10.750  -0.2877   0.14688   0.14233  -0.0256
 -10.250  -0.2848   0.14231   0.13784  -0.0247
 -10.000  -0.2871   0.13551   0.13118  -0.0229
  -8.500  -0.2906   0.12728   0.12306  -0.0211
  -8.250  -0.2830   0.11995   0.11586  -0.0196
  -7.000  -0.2650   0.11281   0.10884  -0.0201
  -6.750  -0.2584   0.11189   0.10812  -0.0168
  -6.500  -0.2576   0.10623   0.10260  -0.0228
  -6.250  -0.2587   0.09288   0.08896  -0.0366
  -6.000  -0.2457   0.07689   0.07229  -0.0556
  -5.250  -0.2254   0.05853   0.05307  -0.0765
  -5.000  -0.1912   0.04139   0.03498  -0.0964
  -4.500  -0.1447   0.02819   0.02095  -0.1121
  -4.250  -0.0873   0.02153   0.01371  -0.1216
  -4.000  -0.0379   0.02418   0.01619  -0.1198
  -3.750   0.0021   0.02418   0.01628  -0.1211
  -3.500   0.0387   0.02390   0.01601  -0.1231
  -3.250   0.0781   0.02342   0.01550  -0.1252
  -3.000   0.1157   0.02302   0.01510  -0.1270
  -2.750   0.1541   0.02257   0.01467  -0.1288
  -2.500   0.1909   0.02214   0.01427  -0.1304
  -2.250   0.2305   0.02169   0.01386  -0.1324
  -2.000   0.2655   0.02133   0.01353  -0.1340
  -1.750   0.3063   0.02078   0.01305  -0.1359
  -1.500   0.3528   0.02006   0.01244  -0.1380
  -1.250   0.4025   0.01918   0.01172  -0.1403
  -0.750   0.4531   0.01822   0.01096  -0.1425
  -0.500   0.5029   0.01728   0.01022  -0.1448
  -0.250   0.5497   0.01643   0.00957  -0.1468
   0.000   0.5954   0.01567   0.00898  -0.1494
   0.250   0.6345   0.01513   0.00857  -0.1516
   0.500   0.6782   0.01457   0.00812  -0.1543
   0.750   0.7214   0.01411   0.00779  -0.1568
   1.000   0.7611   0.01371   0.00754  -0.1586
   1.250   0.7964   0.01336   0.00734  -0.1594
   1.500   0.8269   0.01313   0.00720  -0.1592
   1.750   0.8549   0.01299   0.00708  -0.1585
   2.000   0.8821   0.01296   0.00698  -0.1579
   2.250   0.9075   0.01306   0.00693  -0.1570
   2.500   0.9333   0.01328   0.00692  -0.1563
   2.750   0.9585   0.01358   0.00698  -0.1556
   3.000   0.9813   0.01391   0.00709  -0.1545
   3.250   1.0032   0.01424   0.00722  -0.1531
   3.500   1.0244   0.01458   0.00738  -0.1517
   3.750   1.0453   0.01493   0.00756  -0.1502
   4.000   1.0656   0.01530   0.00777  -0.1486
   4.250   1.0853   0.01567   0.00799  -0.1469
   4.500   1.1050   0.01605   0.00823  -0.1452
   4.750   1.1242   0.01644   0.00849  -0.1435
   5.000   1.1434   0.01684   0.00877  -0.1418
   5.250   1.1626   0.01726   0.00907  -0.1401
   5.500   1.1818   0.01770   0.00940  -0.1384
   5.750   1.2008   0.01814   0.00976  -0.1368
   6.000   1.2197   0.01860   0.01012  -0.1351
   6.250   1.2370   0.01903   0.01046  -0.1336
   6.500   1.2590   0.01958   0.01091  -0.1323
   6.750   1.2802   0.02017   0.01143  -0.1302
   7.000   1.2987   0.02075   0.01198  -0.1274
   7.500   1.3139   0.02132   0.01253  -0.1240
   7.750   1.3265   0.02189   0.01308  -0.1203
   8.000   1.3369   0.02245   0.01361  -0.1166
   8.250   1.3466   0.02299   0.01411  -0.1133
   8.500   1.3565   0.02350   0.01458  -0.1109
   8.750   1.3723   0.02413   0.01516  -0.1092
   9.000   1.3875   0.02477   0.01577  -0.1074
   9.250   1.4018   0.02543   0.01642  -0.1055
   9.500   1.4155   0.02612   0.01709  -0.1036
   9.750   1.4290   0.02683   0.01779  -0.1017
  10.000   1.4418   0.02758   0.01853  -0.0997
  10.250   1.4539   0.02838   0.01932  -0.0977
  10.500   1.4653   0.02922   0.02011  -0.0958
  10.750   1.4742   0.02978   0.02066  -0.0943
  11.000   1.4870   0.03092   0.02184  -0.0921
  11.250   1.5017   0.03256   0.02354  -0.0893
  11.500   1.5182   0.03449   0.02559  -0.0864
  12.500   1.5349   0.03658   0.02781  -0.0835
  12.750   1.5483   0.03886   0.03018  -0.0806
  13.000   1.5580   0.04112   0.03250  -0.0782
  13.250   1.5614   0.04335   0.03471  -0.0763
  13.500   1.5595   0.04527   0.03662  -0.0753
  13.750   1.5610   0.04683   0.03818  -0.0738
  14.000   1.5546   0.05041   0.04175  -0.0726
  14.250   1.5429   0.05553   0.04690  -0.0718
  14.500   1.5276   0.06177   0.05319  -0.0716
  15.250   1.5090   0.06888   0.06037  -0.0719
  15.500   1.4900   0.07625   0.06786  -0.0728
  15.750   1.4717   0.08344   0.07520  -0.0743
  16.000   1.4574   0.08974   0.08167  -0.0761
  16.250   1.4479   0.09467   0.08678  -0.0782
  16.500   1.4348   0.10078   0.09308  -0.0807
  16.750   1.4238   0.10587   0.09833  -0.0827
  17.000   1.4102   0.11173   0.10436  -0.0854
  17.250   1.3899   0.12166   0.11456  -0.0908
  17.500   1.3667   0.13401   0.12723  -0.0979
  18.250   1.3441   0.14722   0.14075  -0.1058
  19.250   1.3218   0.16158   0.15546  -0.1145
  19.500   1.3071   0.17295   0.16709  -0.1215
  19.750   1.3046   0.17888   0.17316  -0.1253
  20.000   1.3186   0.17695   0.17118  -0.1242
