Smoothened XFOIL polar
 10-point moving average applied

   alpha    CL        CD       CDp       CM
  ------ -------- --------- --------- --------
 -14.500  -0.3746   0.18310   0.17913  -0.0191
 -14.250  -0.3985   0.18030   0.17625  -0.0190
 -13.750  -0.4050   0.17637   0.17230  -0.0195
 -13.500  -0.3993   0.17131   0.16726  -0.0204
 -13.000  -0.3865   0.16511   0.16112  -0.0214
 -12.250  -0.3739   0.15722   0.15329  -0.0224
 -11.750  -0.3677   0.14847   0.14457  -0.0223
 -11.500  -0.3629   0.13946   0.13560  -0.0220
 -10.250  -0.3457   0.13238   0.12863  -0.0221
 -10.000  -0.3415   0.12673   0.12303  -0.0221
  -9.500  -0.3300   0.12108   0.11747  -0.0223
  -9.000  -0.3387   0.11681   0.11325  -0.0202
  -8.750  -0.3556   0.11179   0.10830  -0.0172
  -8.000  -0.3665   0.10267   0.09925  -0.0197
  -7.250  -0.3656   0.09339   0.09004  -0.0240
  -6.000  -0.3403   0.08280   0.07950  -0.0335
  -5.750  -0.2995   0.07280   0.06956  -0.0449
  -5.250  -0.2425   0.06351   0.06024  -0.0597
  -4.750  -0.1674   0.05502   0.05162  -0.0762
  -4.500  -0.1129   0.05014   0.04673  -0.0886
  -4.000  -0.0285   0.04289   0.03908  -0.1025
  -3.500   0.0810   0.03475   0.03023  -0.1192
  -3.250   0.1972   0.02783   0.02251  -0.1328
  -2.000   0.3145   0.02158   0.01548  -0.1453
  -1.500   0.4115   0.01765   0.01093  -0.1533
  -1.250   0.4825   0.01516   0.00788  -0.1586
  -1.000   0.5434   0.01382   0.00644  -0.1626
  -0.750   0.5775   0.01419   0.00735  -0.1640
  -0.500   0.6287   0.01316   0.00686  -0.1669
   0.250   0.6825   0.01203   0.00636  -0.1694
   0.500   0.7343   0.01091   0.00585  -0.1716
   0.750   0.7796   0.00998   0.00539  -0.1732
   1.000   0.8170   0.00935   0.00497  -0.1742
   1.250   0.8395   0.00918   0.00467  -0.1743
   1.500   0.8756   0.00902   0.00435  -0.1756
   1.750   0.9152   0.00893   0.00414  -0.1770
   2.000   0.9542   0.00892   0.00398  -0.1779
   2.500   0.9919   0.00899   0.00391  -0.1784
   2.750   1.0273   0.00912   0.00390  -0.1786
   3.000   1.0581   0.00934   0.00394  -0.1781
   3.250   1.0821   0.00970   0.00403  -0.1769
   3.500   1.0986   0.01018   0.00418  -0.1750
   3.750   1.1156   0.01077   0.00437  -0.1727
   4.000   1.1316   0.01143   0.00460  -0.1704
   4.250   1.1475   0.01212   0.00486  -0.1681
   4.500   1.1619   0.01280   0.00508  -0.1662
   4.750   1.1785   0.01385   0.00557  -0.1641
   5.000   1.1966   0.01515   0.00628  -0.1618
   5.250   1.2157   0.01658   0.00715  -0.1592
   5.750   1.2362   0.01799   0.00816  -0.1566
   6.000   1.2571   0.01936   0.00932  -0.1540
   6.250   1.2783   0.02050   0.01049  -0.1516
   6.500   1.2976   0.02137   0.01161  -0.1495
   6.750   1.3142   0.02232   0.01282  -0.1470
   7.000   1.3272   0.02351   0.01420  -0.1440
   7.250   1.3357   0.02511   0.01580  -0.1401
