Smoothened XFOIL polar
 10-point moving average applied

   alpha    CL        CD       CDp       CM
  ------ -------- --------- --------- --------
  -8.500  -0.3124   0.11351   0.11011  -0.0176
  -8.250  -0.3549   0.11072   0.10733  -0.0157
  -7.750  -0.3616   0.10490   0.10156  -0.0185
  -6.500  -0.3406   0.09695   0.09366  -0.0250
  -6.250  -0.2999   0.08774   0.08451  -0.0345
  -5.500  -0.2615   0.07939   0.07619  -0.0448
  -4.750  -0.2024   0.07008   0.06685  -0.0585
  -4.500  -0.1482   0.06254   0.05941  -0.0710
  -4.250  -0.0589   0.05259   0.04915  -0.0892
  -3.250   0.0461   0.04265   0.03857  -0.1081
  -3.000   0.1663   0.03338   0.02849  -0.1241
  -1.750   0.2819   0.02535   0.01961  -0.1370
  -1.500   0.3835   0.01883   0.01233  -0.1483
  -1.250   0.4495   0.01593   0.00892  -0.1530
  -1.000   0.5004   0.01431   0.00713  -0.1559
  -0.750   0.5186   0.01513   0.00821  -0.1554
  -0.500   0.5529   0.01458   0.00763  -0.1569
  -0.250   0.5941   0.01381   0.00694  -0.1591
   0.000   0.6396   0.01303   0.00639  -0.1615
   0.250   0.6858   0.01212   0.00591  -0.1638
   0.750   0.7334   0.01113   0.00544  -0.1661
   1.000   0.7805   0.01019   0.00501  -0.1685
   1.250   0.8264   0.00943   0.00466  -0.1711
   1.500   0.8677   0.00898   0.00441  -0.1733
   1.750   0.9030   0.00890   0.00420  -0.1751
   2.000   0.9403   0.00892   0.00405  -0.1769
   2.250   0.9749   0.00910   0.00400  -0.1783
   2.500   1.0044   0.00934   0.00404  -0.1786
   2.750   1.0304   0.00960   0.00412  -0.1781
   3.000   1.0546   0.00989   0.00423  -0.1773
   3.250   1.0765   0.01022   0.00438  -0.1760
   3.500   1.0940   0.01060   0.00453  -0.1743
   3.750   1.1119   0.01114   0.00476  -0.1719
   4.000   1.1304   0.01180   0.00505  -0.1691
   4.250   1.1497   0.01253   0.00539  -0.1662
   4.750   1.1697   0.01327   0.00575  -0.1634
   5.000   1.1905   0.01397   0.00610  -0.1609
   5.250   1.2099   0.01457   0.00637  -0.1591
   5.500   1.2283   0.01551   0.00688  -0.1570
   5.750   1.2441   0.01665   0.00758  -0.1547
   6.000   1.2622   0.01799   0.00847  -0.1519
   6.500   1.2828   0.01965   0.00976  -0.1494
   6.750   1.2986   0.02002   0.00994  -0.1469
   7.000   1.3068   0.01989   0.00989  -0.1421
   7.250   1.3208   0.02005   0.01036  -0.1384
   7.500   1.3520   0.02227   0.01301  -0.1361
   8.250   1.4097   0.02780   0.01903  -0.1360
   8.500   1.5035   0.03788   0.02962  -0.1389
