Smoothened XFOIL polar
 10-point moving average applied

   alpha    CL        CD       CDp       CM
  ------ -------- --------- --------- --------
 -20.000  -0.6070   0.24878   0.23895   0.0098
 -19.250  -0.5817   0.23910   0.22937   0.0063
 -19.000  -0.5544   0.22974   0.22011   0.0017
 -17.000  -0.5255   0.22020   0.21069  -0.0036
 -16.250  -0.4954   0.20999   0.20062  -0.0091
 -16.000  -0.4657   0.19709   0.18785  -0.0143
 -14.500  -0.4263   0.18316   0.17415  -0.0191
 -12.250  -0.3967   0.17111   0.16229  -0.0217
 -12.000  -0.3740   0.15886   0.15020  -0.0243
 -11.250  -0.3529   0.14906   0.14057  -0.0263
 -11.000  -0.3404   0.14527   0.13697  -0.0271
 -10.500  -0.3377   0.14365   0.13544  -0.0274
 -10.250  -0.3359   0.14018   0.13203  -0.0277
 -10.000  -0.3394   0.13686   0.12873  -0.0275
  -9.750  -0.3365   0.13354   0.12551  -0.0277
  -9.500  -0.3381   0.12943   0.12143  -0.0272
  -9.000  -0.3480   0.12557   0.11757  -0.0268
  -8.750  -0.3445   0.12225   0.11432  -0.0265
  -8.500  -0.3346   0.11929   0.11155  -0.0259
  -8.250  -0.3327   0.11612   0.10855  -0.0247
  -8.000  -0.3342   0.11286   0.10545  -0.0230
  -7.250  -0.3395   0.10938   0.10212  -0.0213
  -7.000  -0.3474   0.10590   0.09876  -0.0194
  -6.750  -0.3558   0.10236   0.09532  -0.0180
  -6.500  -0.3694   0.10100   0.09396  -0.0182
  -6.250  -0.3695   0.09758   0.09062  -0.0183
  -6.000  -0.3830   0.09383   0.08720  -0.0119
  -5.750  -0.3661   0.08629   0.07988  -0.0133
  -4.000  -0.3097   0.07518   0.06863  -0.0236
  -3.750  -0.2257   0.06260   0.05562  -0.0401
  -2.750  -0.1240   0.05015   0.04242  -0.0598
  -2.500  -0.0220   0.04020   0.03154  -0.0803
  -2.250   0.0646   0.03464   0.02499  -0.0980
  -2.000   0.1281   0.03036   0.01993  -0.1073
  -1.750   0.1485   0.03031   0.01952  -0.1050
  -1.500   0.1753   0.02994   0.01878  -0.1055
  -1.250   0.2100   0.02900   0.01792  -0.1073
  -1.000   0.2414   0.02794   0.01735  -0.1083
  -0.750   0.2712   0.02688   0.01687  -0.1090
  -0.500   0.2983   0.02602   0.01661  -0.1092
  -0.250   0.3229   0.02552   0.01652  -0.1092
   0.000   0.3449   0.02547   0.01664  -0.1090
   0.250   0.3639   0.02606   0.01709  -0.1087
   0.500   0.3818   0.02724   0.01779  -0.1087
   0.750   0.4038   0.02825   0.01862  -0.1095
   1.000   0.4202   0.02928   0.01951  -0.1094
   1.250   0.4396   0.03043   0.02061  -0.1100
   1.500   0.4640   0.03169   0.02185  -0.1116
   1.750   0.4943   0.03300   0.02315  -0.1144
   2.000   0.5307   0.03429   0.02445  -0.1182
   2.250   0.5734   0.03548   0.02565  -0.1230
   2.500   0.6193   0.03652   0.02667  -0.1280
   2.750   0.6646   0.03737   0.02749  -0.1326
   3.000   0.7055   0.03805   0.02812  -0.1361
   3.250   0.7426   0.03864   0.02870  -0.1392
   3.500   0.7840   0.03909   0.02917  -0.1419
   3.750   0.8276   0.03943   0.02955  -0.1441
   4.000   0.8755   0.03938   0.02957  -0.1461
   4.500   0.9290   0.03879   0.02908  -0.1481
   4.750   0.9830   0.03787   0.02828  -0.1497
   5.000   1.0382   0.03670   0.02730  -0.1516
   5.250   1.0897   0.03463   0.02534  -0.1519
   5.500   1.1321   0.03219   0.02288  -0.1505
   5.750   1.1718   0.02985   0.02044  -0.1481
   6.000   1.2037   0.02795   0.01843  -0.1447
   6.250   1.2267   0.02656   0.01686  -0.1401
   6.500   1.2393   0.02595   0.01594  -0.1347
   6.750   1.2392   0.02691   0.01632  -0.1288
   7.000   1.2337   0.02918   0.01790  -0.1233
   7.250   1.2245   0.03179   0.01971  -0.1172
   7.500   1.2139   0.03486   0.02203  -0.1115
   7.750   1.2044   0.03779   0.02445  -0.1062
   8.000   1.2123   0.04081   0.02731  -0.1030
   8.250   1.2369   0.04370   0.03026  -0.1017
   8.500   1.2776   0.04676   0.03365  -0.1019
   8.750   1.3125   0.05322   0.04067  -0.0999
   9.000   1.3586   0.05201   0.04011  -0.0906
   9.500   1.3794   0.05854   0.04755  -0.0838
  10.250   1.3569   0.07809   0.06816  -0.0853
  10.500   1.2723   0.11670   0.10793  -0.1002
  13.750   1.1072   0.18040   0.17286  -0.1336
