Smoothened XFOIL polar
 10-point moving average applied

   alpha    CL        CD       CDp       CM
  ------ -------- --------- --------- --------
 -19.250  -0.6787   0.24191   0.23512   0.0387
 -19.000  -0.6257   0.23222   0.22556   0.0301
 -18.000  -0.5860   0.22475   0.21819   0.0236
 -17.750  -0.5587   0.21917   0.21268   0.0189
 -17.500  -0.5427   0.21516   0.20872   0.0160
 -17.250  -0.5359   0.21201   0.20557   0.0144
 -17.000  -0.5417   0.21073   0.20425   0.0148
 -16.750  -0.5533   0.20921   0.20267   0.0159
 -16.500  -0.5731   0.20824   0.20159   0.0182
 -16.250  -0.5461   0.20397   0.19737   0.0139
 -16.000  -0.5503   0.20259   0.19595   0.0129
 -15.750  -0.5230   0.20023   0.19368   0.0080
 -15.500  -0.5106   0.19718   0.19066   0.0057
 -15.250  -0.4778   0.19439   0.18799   0.0006
 -15.000  -0.4545   0.19102   0.18471  -0.0027
 -14.750  -0.4407   0.18714   0.18087  -0.0043
 -14.500  -0.4368   0.18323   0.17697  -0.0046
 -14.250  -0.4441   0.18019   0.17389  -0.0040
 -14.000  -0.4667   0.17988   0.17349  -0.0034
 -13.750  -0.4609   0.17756   0.17119  -0.0054
 -13.500  -0.4702   0.17447   0.16806  -0.0047
 -13.250  -0.4525   0.17122   0.16488  -0.0073
 -13.000  -0.4428   0.16691   0.16060  -0.0079
 -12.750  -0.4345   0.16323   0.15694  -0.0088
 -12.500  -0.4249   0.15892   0.15267  -0.0098
 -12.250  -0.4155   0.15473   0.14851  -0.0111
 -12.000  -0.4080   0.15140   0.14522  -0.0129
 -11.500  -0.4006   0.14772   0.14158  -0.0148
 -11.250  -0.3952   0.14496   0.13885  -0.0161
 -11.000  -0.3871   0.14073   0.13466  -0.0174
 -10.750  -0.3759   0.13444   0.12845  -0.0191
 -10.500  -0.3686   0.12816   0.12224  -0.0214
  -9.250  -0.3522   0.12012   0.11434  -0.0238
  -8.500  -0.3373   0.11223   0.10657  -0.0258
  -8.250  -0.3324   0.10711   0.10164  -0.0257
  -7.750  -0.3309   0.09978   0.09452  -0.0265
  -7.500  -0.3299   0.09150   0.08642  -0.0276
  -6.500  -0.3329   0.08273   0.07803  -0.0287
  -4.250  -0.3137   0.06997   0.06524  -0.0333
  -4.000  -0.2754   0.05594   0.05066  -0.0406
  -3.750  -0.2150   0.04238   0.03617  -0.0491
  -3.250  -0.1489   0.03195   0.02461  -0.0570
  -3.000  -0.0906   0.02628   0.01789  -0.0616
  -2.750  -0.0355   0.02042   0.01126  -0.0657
  -2.500   0.0091   0.01771   0.00818  -0.0683
  -2.250   0.0378   0.01886   0.00952  -0.0693
  -2.000   0.0777   0.01885   0.00974  -0.0729
  -1.750   0.1191   0.01861   0.00996  -0.0768
  -1.500   0.1610   0.01821   0.01012  -0.0807
  -1.250   0.2038   0.01755   0.01002  -0.0844
  -1.000   0.2436   0.01692   0.00983  -0.0873
  -0.750   0.2826   0.01659   0.00976  -0.0901
  -0.500   0.3212   0.01651   0.00972  -0.0928
  -0.250   0.3602   0.01666   0.00968  -0.0956
   0.000   0.4004   0.01682   0.00964  -0.0988
   0.250   0.4387   0.01682   0.00958  -0.1013
   0.500   0.4760   0.01679   0.00950  -0.1036
   0.750   0.5123   0.01671   0.00939  -0.1055
   1.000   0.5473   0.01662   0.00927  -0.1070
   1.250   0.5805   0.01653   0.00915  -0.1082
   1.500   0.6120   0.01645   0.00905  -0.1089
   1.750   0.6427   0.01638   0.00895  -0.1094
   2.000   0.6718   0.01633   0.00888  -0.1096
   2.250   0.7003   0.01629   0.00881  -0.1095
   2.500   0.7283   0.01623   0.00873  -0.1094
   2.750   0.7541   0.01615   0.00862  -0.1092
   3.000   0.7806   0.01602   0.00845  -0.1086
   3.250   0.8125   0.01587   0.00821  -0.1075
   3.500   0.8395   0.01553   0.00789  -0.1067
   4.000   0.8829   0.01541   0.00762  -0.1044
   4.500   0.9334   0.01577   0.00755  -0.1009
   4.750   0.9842   0.01643   0.00755  -0.0970
   6.250   1.0314   0.01789   0.00816  -0.0926
   6.500   1.0681   0.02003   0.00944  -0.0880
   6.750   1.0945   0.02252   0.01123  -0.0835
   7.250   1.1098   0.02508   0.01334  -0.0792
   7.500   1.1483   0.01327   0.00092  -0.0752
   7.750   1.1149   0.02274   0.01087  -0.0683
   8.000   1.0800   0.05381   0.04300  -0.0700
   8.250   1.0760   0.09951   0.08999  -0.0835
  15.500   1.0422   0.15993   0.15213  -0.0994
  17.000   0.9948   0.21214   0.20582  -0.1117
  17.500   0.9316   0.24276   0.23728  -0.1153
  18.500   0.8505   0.23839   0.23274  -0.1052
