Smoothened XFOIL polar
 10-point moving average applied

   alpha    CL        CD       CDp       CM
  ------ -------- --------- --------- --------
 -19.750  -0.3936   0.22128   0.21695  -0.0071
 -16.250  -0.4127   0.19924   0.19468  -0.0114
 -14.250  -0.4119   0.18282   0.17818  -0.0150
 -13.750  -0.3981   0.17098   0.16635  -0.0179
 -13.500  -0.3780   0.16265   0.15810  -0.0201
 -12.500  -0.3717   0.15659   0.15208  -0.0205
 -12.250  -0.3479   0.15206   0.14764  -0.0227
 -12.000  -0.3459   0.14852   0.14411  -0.0230
 -11.750  -0.3558   0.14437   0.13991  -0.0226
 -11.500  -0.3492   0.13971   0.13530  -0.0238
 -11.250  -0.3395   0.13284   0.12849  -0.0255
 -10.000  -0.3379   0.12548   0.12120  -0.0269
  -9.250  -0.3266   0.11991   0.11575  -0.0295
  -9.000  -0.3409   0.11858   0.11452  -0.0261
  -8.750  -0.3366   0.11310   0.10938  -0.0278
  -8.500  -0.3093   0.10049   0.09669  -0.0356
  -8.000  -0.2554   0.08083   0.07653  -0.0486
  -4.500  -0.1760   0.05820   0.05311  -0.0647
  -4.000  -0.0906   0.03612   0.03007  -0.0808
  -3.750  -0.0056   0.01938   0.01242  -0.0949
  -3.500   0.0632   0.01146   0.00382  -0.1040
  -3.250   0.0976   0.01353   0.00557  -0.1037
  -3.000   0.1279   0.01512   0.00736  -0.1048
  -2.750   0.1640   0.01511   0.00745  -0.1073
  -2.500   0.2006   0.01484   0.00727  -0.1099
  -2.250   0.2375   0.01432   0.00686  -0.1124
  -2.000   0.2762   0.01375   0.00646  -0.1155
  -1.750   0.3095   0.01308   0.00623  -0.1178
  -1.500   0.3465   0.01234   0.00602  -0.1199
  -1.250   0.3850   0.01160   0.00582  -0.1215
  -1.000   0.4244   0.01093   0.00559  -0.1228
  -0.500   0.4636   0.01039   0.00532  -0.1238
  -0.250   0.5022   0.01000   0.00503  -0.1248
   0.000   0.5390   0.00981   0.00474  -0.1257
   0.250   0.5733   0.00976   0.00452  -0.1270
   0.500   0.6005   0.00966   0.00439  -0.1275
   0.750   0.6300   0.00958   0.00426  -0.1279
   1.000   0.6584   0.00953   0.00417  -0.1281
   1.250   0.6812   0.00950   0.00412  -0.1283
   1.500   0.7114   0.00951   0.00404  -0.1281
   1.750   0.7462   0.00955   0.00393  -0.1276
   2.000   0.7838   0.00963   0.00384  -0.1268
   2.750   0.8122   0.00956   0.00368  -0.1264
   3.000   0.8551   0.00984   0.00368  -0.1252
   3.250   0.9017   0.01041   0.00395  -0.1243
   3.500   0.9529   0.01079   0.00372  -0.1211
   5.000   1.0056   0.01206   0.00416  -0.1173
   5.250   1.0650   0.01397   0.00515  -0.1131
   6.500   1.1179   0.01629   0.00667  -0.1089
   6.750   1.1561   0.01891   0.00869  -0.1051
   7.000   1.1825   0.02144   0.01094  -0.1019
   7.250   1.1957   0.02359   0.01325  -0.0995
   7.500   1.1942   0.02509   0.01546  -0.0983
