Smoothened XFOIL polar
 10-point moving average applied

   alpha    CL        CD       CDp       CM
  ------ -------- --------- --------- --------
 -18.500  -0.4589   0.21676   0.21262  -0.0154
 -18.250  -0.4451   0.21468   0.21056  -0.0160
 -18.000  -0.4161   0.21102   0.20699  -0.0175
 -17.750  -0.3789   0.20585   0.20195  -0.0195
 -17.250  -0.3405   0.19924   0.19550  -0.0216
 -15.750  -0.3169   0.18972   0.18606  -0.0235
 -14.250  -0.2971   0.18119   0.17762  -0.0247
 -13.500  -0.2970   0.17324   0.16969  -0.0251
 -13.000  -0.2845   0.16477   0.16128  -0.0259
 -12.750  -0.2943   0.15923   0.15569  -0.0245
 -12.250  -0.2815   0.15572   0.15220  -0.0227
 -11.750  -0.2655   0.15676   0.15327  -0.0197
 -11.250  -0.2638   0.15181   0.14850  -0.0172
 -10.500  -0.3102   0.13432   0.13098  -0.0249
 -10.000  -0.3890   0.10604   0.10227  -0.0452
  -9.250  -0.4364   0.08611   0.08227  -0.0571
  -9.000  -0.4856   0.06457   0.06044  -0.0724
  -8.750  -0.5127   0.04725   0.04270  -0.0872
  -8.500  -0.5069   0.03711   0.03215  -0.0984
  -8.250  -0.4732   0.03661   0.03127  -0.1028
  -8.000  -0.4394   0.03492   0.02938  -0.1048
  -7.750  -0.4246   0.02869   0.02283  -0.1125
  -7.500  -0.4184   0.02028   0.01397  -0.1224
  -7.250  -0.3664   0.02448   0.01831  -0.1193
  -7.000  -0.3327   0.02396   0.01769  -0.1207
  -6.750  -0.2982   0.02341   0.01700  -0.1222
  -6.500  -0.2627   0.02275   0.01619  -0.1238
  -6.250  -0.2307   0.02205   0.01533  -0.1252
  -6.000  -0.1953   0.02134   0.01451  -0.1269
  -5.750  -0.1515   0.02054   0.01364  -0.1286
  -5.500  -0.1009   0.01968   0.01272  -0.1306
  -5.000  -0.0465   0.01881   0.01185  -0.1328
  -4.500   0.0064   0.01795   0.01100  -0.1346
  -4.250   0.0588   0.01717   0.01021  -0.1368
  -4.000   0.1037   0.01651   0.00953  -0.1385
  -3.750   0.1380   0.01602   0.00906  -0.1401
  -3.500   0.1743   0.01551   0.00858  -0.1415
  -3.250   0.2162   0.01494   0.00803  -0.1429
  -3.000   0.2637   0.01432   0.00744  -0.1451
  -2.500   0.3097   0.01374   0.00691  -0.1469
  -2.250   0.3553   0.01320   0.00639  -0.1487
  -2.000   0.4016   0.01272   0.00594  -0.1511
  -1.750   0.4424   0.01237   0.00564  -0.1530
  -1.500   0.4792   0.01212   0.00544  -0.1551
  -1.250   0.5160   0.01191   0.00527  -0.1566
  -1.000   0.5510   0.01177   0.00514  -0.1578
  -0.750   0.5856   0.01165   0.00502  -0.1589
  -0.500   0.6155   0.01161   0.00494  -0.1591
  -0.250   0.6432   0.01161   0.00486  -0.1588
   0.000   0.6697   0.01163   0.00483  -0.1583
   0.250   0.6932   0.01168   0.00483  -0.1571
   0.500   0.7160   0.01175   0.00485  -0.1559
   0.750   0.7371   0.01185   0.00489  -0.1543
   1.000   0.7577   0.01196   0.00495  -0.1526
   1.250   0.7776   0.01208   0.00504  -0.1508
   1.500   0.7975   0.01222   0.00514  -0.1490
   1.750   0.8169   0.01236   0.00527  -0.1471
   2.000   0.8365   0.01250   0.00542  -0.1453
   2.250   0.8560   0.01265   0.00560  -0.1435
   2.500   0.8735   0.01277   0.00579  -0.1412
   2.750   0.8912   0.01284   0.00598  -0.1389
   3.000   0.9092   0.01289   0.00615  -0.1367
   3.250   0.9281   0.01296   0.00630  -0.1347
   3.500   0.9480   0.01309   0.00645  -0.1329
   3.750   0.9687   0.01328   0.00659  -0.1314
   4.000   0.9902   0.01355   0.00675  -0.1301
   4.250   1.0116   0.01388   0.00694  -0.1289
   4.500   1.0316   0.01422   0.00716  -0.1274
   4.750   1.0518   0.01454   0.00739  -0.1259
   5.000   1.0717   0.01487   0.00763  -0.1244
   5.250   1.0914   0.01521   0.00789  -0.1229
   5.500   1.1110   0.01556   0.00817  -0.1214
   5.750   1.1304   0.01593   0.00846  -0.1198
   6.000   1.1495   0.01631   0.00877  -0.1183
   6.250   1.1685   0.01670   0.00909  -0.1167
   6.500   1.1872   0.01709   0.00942  -0.1151
   6.750   1.2057   0.01749   0.00977  -0.1135
   7.000   1.2239   0.01793   0.01014  -0.1119
   7.250   1.2421   0.01837   0.01055  -0.1102
   7.500   1.2597   0.01881   0.01099  -0.1085
   7.750   1.2762   0.01928   0.01145  -0.1067
   8.000   1.2915   0.01977   0.01193  -0.1047
   8.250   1.3060   0.02027   0.01241  -0.1027
   8.500   1.3197   0.02079   0.01291  -0.1006
   8.750   1.3332   0.02136   0.01343  -0.0985
   9.000   1.3467   0.02197   0.01397  -0.0964
   9.250   1.3608   0.02260   0.01457  -0.0946
   9.500   1.3747   0.02326   0.01520  -0.0927
   9.750   1.3887   0.02393   0.01586  -0.0909
  10.000   1.4029   0.02462   0.01654  -0.0892
  10.250   1.4172   0.02530   0.01725  -0.0875
  10.500   1.4307   0.02604   0.01798  -0.0858
  10.750   1.4435   0.02682   0.01875  -0.0840
  11.000   1.4558   0.02764   0.01959  -0.0823
  11.250   1.4672   0.02855   0.02052  -0.0805
  11.500   1.4780   0.02954   0.02153  -0.0788
  11.750   1.4890   0.03054   0.02258  -0.0771
  12.000   1.4995   0.03160   0.02371  -0.0755
  12.250   1.5099   0.03269   0.02487  -0.0739
  12.500   1.5198   0.03384   0.02606  -0.0724
  12.750   1.5292   0.03502   0.02727  -0.0709
  13.000   1.5386   0.03624   0.02854  -0.0695
  13.250   1.5466   0.03761   0.02994  -0.0681
  13.500   1.5534   0.03890   0.03125  -0.0669
  13.750   1.5598   0.04062   0.03300  -0.0655
  14.000   1.5664   0.04262   0.03505  -0.0642
  14.250   1.5740   0.04476   0.03725  -0.0630
  14.750   1.5813   0.04703   0.03958  -0.0619
  15.000   1.5876   0.04944   0.04205  -0.0609
  15.250   1.5923   0.05193   0.04459  -0.0602
  15.500   1.5950   0.05444   0.04713  -0.0597
  15.750   1.5944   0.05702   0.04972  -0.0595
  16.000   1.5945   0.05977   0.05251  -0.0592
  16.250   1.5942   0.06269   0.05546  -0.0591
  16.500   1.5932   0.06577   0.05858  -0.0592
  16.750   1.5898   0.06927   0.06211  -0.0596
  17.000   1.5920   0.07023   0.06305  -0.0588
  17.250   1.5743   0.07714   0.06998  -0.0607
  17.500   1.5427   0.08835   0.08126  -0.0647
  17.750   1.5023   0.10225   0.09529  -0.0702
  19.250   1.4550   0.11891   0.11214  -0.0774
  19.500   1.4147   0.13362   0.12703  -0.0841
  19.750   1.3903   0.14358   0.13716  -0.0892
  20.000   1.3905   0.14602   0.13970  -0.0913
