Smoothened XFOIL polar
 10-point moving average applied

   alpha    CL        CD       CDp       CM
  ------ -------- --------- --------- --------
 -18.500  -0.3889   0.21297   0.20905  -0.0145
 -15.750  -0.3525   0.20071   0.19672  -0.0212
 -14.500  -0.3414   0.18431   0.18033  -0.0238
 -13.750  -0.3469   0.16523   0.16133  -0.0238
 -12.250  -0.3603   0.14491   0.14115  -0.0225
  -8.000  -0.3786   0.12822   0.12471  -0.0173
  -7.750  -0.3725   0.10935   0.10607  -0.0201
  -7.000  -0.3396   0.08751   0.08423  -0.0320
  -6.000  -0.2827   0.06830   0.06481  -0.0500
  -5.000  -0.1887   0.05344   0.04937  -0.0731
  -4.750  -0.0816   0.03611   0.03130  -0.0966
  -4.250   0.0224   0.02382   0.01818  -0.1161
  -3.500   0.1018   0.01830   0.01192  -0.1272
  -3.250   0.1597   0.01764   0.01081  -0.1290
  -3.000   0.2122   0.01727   0.01023  -0.1319
  -2.750   0.2541   0.01607   0.00889  -0.1350
  -2.500   0.2853   0.01548   0.00830  -0.1370
  -2.250   0.3233   0.01487   0.00769  -0.1395
  -2.000   0.3606   0.01428   0.00717  -0.1419
  -1.750   0.3972   0.01374   0.00676  -0.1442
  -1.500   0.4354   0.01320   0.00641  -0.1469
  -1.250   0.4721   0.01272   0.00614  -0.1493
  -1.000   0.5071   0.01224   0.00597  -0.1519
  -0.750   0.5448   0.01166   0.00578  -0.1540
  -0.500   0.5827   0.01104   0.00558  -0.1554
  -0.250   0.6219   0.01038   0.00533  -0.1565
   0.250   0.6605   0.00979   0.00505  -0.1572
   0.500   0.6950   0.00931   0.00476  -0.1576
   0.750   0.7334   0.00895   0.00442  -0.1584
   1.000   0.7719   0.00877   0.00412  -0.1592
   1.250   0.8088   0.00869   0.00389  -0.1603
   1.750   0.8465   0.00862   0.00371  -0.1609
   2.000   0.8801   0.00860   0.00358  -0.1612
   2.250   0.9121   0.00866   0.00351  -0.1613
   2.500   0.9450   0.00875   0.00350  -0.1612
   2.750   0.9776   0.00909   0.00360  -0.1600
   3.250   1.0148   0.00962   0.00376  -0.1583
   3.750   1.0509   0.01032   0.00400  -0.1559
   4.250   1.0837   0.01109   0.00428  -0.1534
   4.500   1.1109   0.01192   0.00459  -0.1510
   4.750   1.1279   0.01273   0.00485  -0.1489
   5.000   1.1431   0.01384   0.00535  -0.1469
   5.250   1.1606   0.01507   0.00605  -0.1450
   5.500   1.1807   0.01647   0.00694  -0.1427
   6.000   1.2022   0.01802   0.00808  -0.1400
   6.250   1.2234   0.01946   0.00934  -0.1374
   6.500   1.2435   0.02064   0.01065  -0.1350
   6.750   1.2616   0.02141   0.01194  -0.1330
