Smoothened XFOIL polar
 10-point moving average applied

   alpha    CL        CD       CDp       CM
  ------ -------- --------- --------- --------
 -20.000  -0.5273   0.22894   0.22408   0.0001
 -19.750  -0.4830   0.22640   0.22170  -0.0055
 -19.500  -0.4614   0.22294   0.21832  -0.0088
 -19.250  -0.4537   0.21898   0.21438  -0.0104
 -18.750  -0.4512   0.21495   0.21035  -0.0113
 -18.250  -0.4294   0.21139   0.20687  -0.0137
 -18.000  -0.4082   0.20886   0.20444  -0.0158
 -17.750  -0.3887   0.20916   0.20484  -0.0177
 -17.500  -0.3516   0.20673   0.20256  -0.0213
 -17.250  -0.3473   0.20517   0.20101  -0.0223
 -17.000  -0.3612   0.20029   0.19607  -0.0224
 -16.000  -0.3797   0.19404   0.18974  -0.0214
 -15.750  -0.3727   0.18658   0.18231  -0.0216
 -14.000  -0.3530   0.17689   0.17270  -0.0219
 -13.500  -0.3225   0.16806   0.16397  -0.0225
 -12.500  -0.2895   0.16046   0.15653  -0.0240
 -11.000  -0.2770   0.14984   0.14598  -0.0240
 -10.750  -0.2740   0.14126   0.13745  -0.0225
  -9.500  -0.2878   0.13275   0.12897  -0.0193
  -8.750  -0.2983   0.12639   0.12266  -0.0188
  -8.500  -0.2907   0.11999   0.11635  -0.0215
  -8.000  -0.2789   0.11322   0.10963  -0.0251
  -7.500  -0.2557   0.10967   0.10613  -0.0273
  -6.750  -0.2364   0.10062   0.09709  -0.0369
  -6.500  -0.2251   0.09077   0.08748  -0.0466
  -5.750  -0.2039   0.07433   0.07048  -0.0643
  -5.500  -0.1947   0.06374   0.05978  -0.0747
  -5.250  -0.1776   0.05221   0.04777  -0.0892
  -5.000  -0.1402   0.04074   0.03560  -0.1036
  -4.750  -0.1015   0.03272   0.02682  -0.1137
  -4.500  -0.0532   0.02893   0.02237  -0.1186
  -4.250  -0.0092   0.02390   0.01686  -0.1251
  -4.000   0.0314   0.02232   0.01518  -0.1278
  -3.750   0.0751   0.01683   0.00917  -0.1347
  -3.500   0.1098   0.01926   0.01193  -0.1335
  -3.250   0.1466   0.01885   0.01154  -0.1351
  -3.000   0.1834   0.01841   0.01111  -0.1365
  -2.750   0.2216   0.01788   0.01061  -0.1383
  -2.500   0.2566   0.01739   0.01015  -0.1399
  -2.250   0.2939   0.01687   0.00964  -0.1415
  -2.000   0.3412   0.01620   0.00906  -0.1436
  -1.750   0.3959   0.01543   0.00842  -0.1461
  -1.250   0.4528   0.01465   0.00781  -0.1485
  -0.750   0.5104   0.01388   0.00723  -0.1512
  -0.500   0.5662   0.01319   0.00671  -0.1540
  -0.250   0.6170   0.01262   0.00628  -0.1569
   0.000   0.6577   0.01227   0.00600  -0.1594
   0.250   0.6953   0.01204   0.00579  -0.1616
   0.500   0.7321   0.01184   0.00563  -0.1637
   0.750   0.7697   0.01174   0.00555  -0.1651
   1.000   0.8027   0.01170   0.00558  -0.1648
   1.250   0.8334   0.01165   0.00562  -0.1634
   1.750   0.8613   0.01163   0.00566  -0.1614
   2.000   0.8865   0.01167   0.00571  -0.1590
   2.250   0.9099   0.01176   0.00576  -0.1567
   2.500   0.9313   0.01193   0.00581  -0.1547
   2.750   0.9501   0.01218   0.00588  -0.1533
   3.000   0.9716   0.01250   0.00599  -0.1519
   3.250   0.9918   0.01283   0.00614  -0.1504
   3.500   1.0116   0.01315   0.00630  -0.1487
   3.750   1.0314   0.01347   0.00648  -0.1470
   4.000   1.0513   0.01381   0.00668  -0.1454
   4.250   1.0709   0.01415   0.00690  -0.1437
   4.500   1.0906   0.01451   0.00714  -0.1421
   4.750   1.1102   0.01487   0.00739  -0.1405
   5.000   1.1296   0.01525   0.00767  -0.1388
   5.250   1.1490   0.01563   0.00795  -0.1372
   5.500   1.1682   0.01603   0.00826  -0.1356
   5.750   1.1872   0.01643   0.00857  -0.1339
   6.000   1.2062   0.01685   0.00891  -0.1323
   6.250   1.2252   0.01728   0.00927  -0.1307
   6.500   1.2438   0.01767   0.00960  -0.1295
   6.750   1.2624   0.01814   0.01002  -0.1275
   7.000   1.2801   0.01870   0.01051  -0.1250
   7.250   1.2974   0.01928   0.01104  -0.1221
   7.750   1.3140   0.01990   0.01159  -0.1191
   8.000   1.3300   0.02054   0.01215  -0.1161
   8.250   1.3456   0.02117   0.01272  -0.1135
   8.500   1.3610   0.02177   0.01326  -0.1113
   8.750   1.3765   0.02230   0.01375  -0.1099
   9.000   1.3920   0.02289   0.01431  -0.1082
   9.250   1.4067   0.02353   0.01491  -0.1063
   9.500   1.4212   0.02419   0.01553  -0.1045
   9.750   1.4354   0.02487   0.01618  -0.1027
  10.000   1.4491   0.02559   0.01686  -0.1008
  10.250   1.4617   0.02639   0.01761  -0.0990
  10.500   1.4734   0.02726   0.01838  -0.0970
  10.750   1.4855   0.02814   0.01923  -0.0952
  11.000   1.4969   0.02906   0.02017  -0.0933
  11.250   1.5091   0.02995   0.02112  -0.0916
  11.500   1.5205   0.03092   0.02216  -0.0898
  11.750   1.5317   0.03193   0.02324  -0.0881
  12.000   1.5416   0.03306   0.02442  -0.0864
  12.250   1.5498   0.03409   0.02544  -0.0847
  12.500   1.5516   0.03559   0.02680  -0.0826
  12.750   1.5479   0.03878   0.02991  -0.0800
  13.000   1.5403   0.04323   0.03433  -0.0773
  13.500   1.5318   0.04840   0.03953  -0.0748
  14.250   1.5228   0.05389   0.04509  -0.0728
  14.500   1.5162   0.05913   0.05047  -0.0715
  14.750   1.5124   0.06370   0.05523  -0.0709
  15.000   1.5108   0.06731   0.05903  -0.0712
  15.250   1.5066   0.07073   0.06262  -0.0718
  15.500   1.5005   0.07504   0.06711  -0.0725
  15.750   1.4931   0.07970   0.07195  -0.0736
  16.000   1.4845   0.08471   0.07714  -0.0750
  16.250   1.4747   0.09004   0.08266  -0.0767
  16.500   1.4641   0.09565   0.08845  -0.0787
  16.750   1.4527   0.10150   0.09449  -0.0811
  17.000   1.4406   0.10757   0.10073  -0.0838
  17.250   1.4283   0.11377   0.10711  -0.0867
  17.500   1.4159   0.12003   0.11354  -0.0899
  17.750   1.4038   0.12625   0.11993  -0.0931
  18.000   1.3925   0.13237   0.12619  -0.0965
  18.250   1.3822   0.13827   0.13223  -0.0999
  18.500   1.3731   0.14360   0.13769  -0.1030
  18.750   1.3669   0.14884   0.14305  -0.1061
  19.000   1.3634   0.15355   0.14787  -0.1088
  19.250   1.3638   0.15779   0.15220  -0.1112
  19.750   1.3685   0.16150   0.15599  -0.1131
  20.000   1.3783   0.16464   0.15921  -0.1144
