Smoothened XFOIL polar
 10-point moving average applied

   alpha    CL        CD       CDp       CM
  ------ -------- --------- --------- --------
 -20.000  -0.4190   0.22684   0.22151  -0.0114
 -19.750  -0.3435   0.22043   0.21544  -0.0163
 -19.500  -0.3132   0.21726   0.21242  -0.0195
 -19.250  -0.3131   0.21620   0.21137  -0.0214
 -18.500  -0.3287   0.21613   0.21124  -0.0224
 -18.250  -0.3420   0.21575   0.21080  -0.0227
 -18.000  -0.3256   0.21284   0.20797  -0.0242
 -17.750  -0.2854   0.20862   0.20394  -0.0262
 -17.500  -0.2942   0.20510   0.20033  -0.0246
 -16.750  -0.2805   0.20050   0.19577  -0.0245
 -16.250  -0.2599   0.19655   0.19190  -0.0250
 -16.000  -0.2660   0.19422   0.18954  -0.0241
 -15.500  -0.2565   0.19243   0.18781  -0.0244
 -15.250  -0.2582   0.19048   0.18588  -0.0253
 -15.000  -0.2656   0.18804   0.18344  -0.0267
 -14.500  -0.2771   0.18435   0.17973  -0.0282
 -14.250  -0.3006   0.18053   0.17580  -0.0285
 -14.000  -0.3035   0.17731   0.17258  -0.0286
 -13.750  -0.2898   0.17537   0.17072  -0.0279
 -13.500  -0.2750   0.17280   0.16820  -0.0269
 -13.250  -0.2524   0.17121   0.16673  -0.0259
 -13.000  -0.2371   0.16976   0.16535  -0.0249
 -12.750  -0.2330   0.16727   0.16286  -0.0242
 -12.250  -0.2467   0.16293   0.15848  -0.0246
 -12.000  -0.2606   0.15825   0.15379  -0.0255
 -11.750  -0.2688   0.15405   0.14961  -0.0260
 -11.250  -0.2695   0.15097   0.14659  -0.0260
 -11.000  -0.2748   0.14702   0.14267  -0.0255
 -10.500  -0.2670   0.14489   0.14064  -0.0238
 -10.250  -0.2553   0.14355   0.13938  -0.0204
  -9.750  -0.2544   0.14004   0.13590  -0.0194
  -9.500  -0.2519   0.13662   0.13253  -0.0198
  -9.250  -0.2596   0.13042   0.12632  -0.0234
  -8.750  -0.2626   0.12310   0.11900  -0.0279
  -8.500  -0.2474   0.11897   0.11498  -0.0296
  -7.750  -0.2587   0.10724   0.10311  -0.0387
  -7.500  -0.2850   0.09242   0.08807  -0.0512
  -7.250  -0.3279   0.07318   0.06843  -0.0681
  -7.000  -0.3492   0.06294   0.05817  -0.0771
  -6.750  -0.3598   0.05122   0.04603  -0.0892
  -6.500  -0.3439   0.04998   0.04489  -0.0915
  -6.250  -0.3098   0.05056   0.04540  -0.0915
  -6.000  -0.2534   0.05419   0.04887  -0.0887
  -5.750  -0.2229   0.04997   0.04417  -0.0937
  -5.500  -0.1996   0.04315   0.03676  -0.1012
  -5.250  -0.1853   0.03390   0.02691  -0.1114
  -5.000  -0.1466   0.03178   0.02454  -0.1141
  -4.750  -0.1164   0.02455   0.01680  -0.1221
  -4.500  -0.0622   0.02701   0.01940  -0.1205
  -4.000  -0.0158   0.02593   0.01823  -0.1224
  -3.750   0.0311   0.02488   0.01712  -0.1243
  -3.500   0.0748   0.02397   0.01620  -0.1259
  -3.250   0.1122   0.02316   0.01536  -0.1274
  -3.000   0.1500   0.02238   0.01459  -0.1288
  -2.750   0.1963   0.02142   0.01365  -0.1307
  -2.500   0.2450   0.02042   0.01268  -0.1326
  -2.000   0.2975   0.01940   0.01166  -0.1351
  -1.750   0.3486   0.01850   0.01079  -0.1376
  -1.500   0.3979   0.01771   0.01006  -0.1401
  -1.250   0.4438   0.01708   0.00950  -0.1427
  -1.000   0.4829   0.01666   0.00914  -0.1450
  -0.750   0.5238   0.01628   0.00880  -0.1471
  -0.500   0.5624   0.01601   0.00854  -0.1488
  -0.250   0.5991   0.01581   0.00833  -0.1501
   0.000   0.6335   0.01567   0.00814  -0.1511
   0.250   0.6641   0.01559   0.00802  -0.1512
   0.500   0.6925   0.01556   0.00796  -0.1510
   0.750   0.7189   0.01557   0.00793  -0.1503
   1.000   0.7422   0.01561   0.00793  -0.1491
   1.250   0.7653   0.01567   0.00796  -0.1478
   1.500   0.7875   0.01575   0.00802  -0.1464
   1.750   0.8087   0.01584   0.00810  -0.1448
   2.000   0.8293   0.01595   0.00821  -0.1430
   2.250   0.8466   0.01607   0.00832  -0.1412
   2.500   0.8661   0.01614   0.00847  -0.1388
   2.750   0.8874   0.01619   0.00863  -0.1361
   3.000   0.9103   0.01626   0.00878  -0.1334
   3.500   0.9347   0.01638   0.00894  -0.1310
   3.750   0.9593   0.01657   0.00912  -0.1287
   4.000   0.9827   0.01684   0.00930  -0.1268
   4.250   1.0047   0.01718   0.00948  -0.1253
   4.500   1.0230   0.01758   0.00970  -0.1241
   4.750   1.0423   0.01794   0.00994  -0.1224
   5.000   1.0616   0.01831   0.01020  -0.1208
   5.250   1.0810   0.01870   0.01048  -0.1192
   5.500   1.1002   0.01910   0.01078  -0.1176
   5.750   1.1190   0.01951   0.01110  -0.1160
   6.000   1.1381   0.01993   0.01143  -0.1144
   6.250   1.1574   0.02036   0.01176  -0.1128
   6.500   1.1764   0.02080   0.01212  -0.1113
   6.750   1.1953   0.02126   0.01251  -0.1098
   7.000   1.2142   0.02175   0.01293  -0.1083
   7.250   1.2326   0.02225   0.01335  -0.1067
   7.500   1.2499   0.02276   0.01384  -0.1050
   7.750   1.2673   0.02325   0.01433  -0.1033
   8.000   1.2852   0.02376   0.01482  -0.1017
   8.250   1.3029   0.02429   0.01535  -0.1001
   8.500   1.3212   0.02485   0.01589  -0.0986
   8.750   1.3385   0.02545   0.01649  -0.0971
   9.000   1.3558   0.02607   0.01708  -0.0956
   9.250   1.3710   0.02671   0.01771  -0.0937
   9.500   1.3867   0.02733   0.01832  -0.0920
   9.750   1.4021   0.02797   0.01895  -0.0902
  10.000   1.4191   0.02861   0.01955  -0.0888
  10.250   1.4357   0.02931   0.02023  -0.0873
  10.500   1.4543   0.03001   0.02088  -0.0862
  10.750   1.4691   0.03077   0.02162  -0.0846
  11.000   1.4831   0.03160   0.02246  -0.0829
  11.250   1.4976   0.03245   0.02335  -0.0813
  11.500   1.5122   0.03334   0.02430  -0.0798
  11.750   1.5257   0.03423   0.02528  -0.0781
  12.000   1.5407   0.03512   0.02622  -0.0767
  12.250   1.5526   0.03606   0.02723  -0.0750
  12.500   1.5653   0.03694   0.02811  -0.0734
  12.750   1.5713   0.03795   0.02915  -0.0711
  13.000   1.5775   0.03894   0.03015  -0.0689
  13.250   1.5822   0.04006   0.03129  -0.0667
  13.500   1.5832   0.04135   0.03264  -0.0643
  13.750   1.5836   0.04272   0.03406  -0.0620
  14.000   1.5822   0.04429   0.03572  -0.0598
  14.250   1.5809   0.04588   0.03739  -0.0577
  14.500   1.5812   0.04750   0.03908  -0.0560
  14.750   1.5794   0.04935   0.04102  -0.0543
  15.000   1.5810   0.05110   0.04281  -0.0531
  15.250   1.5829   0.05291   0.04465  -0.0519
  15.500   1.5843   0.05487   0.04668  -0.0509
  15.750   1.5843   0.05711   0.04900  -0.0501
  16.000   1.5857   0.05927   0.05123  -0.0493
  16.250   1.5879   0.06145   0.05347  -0.0488
  16.500   1.5870   0.06400   0.05612  -0.0483
  16.750   1.5827   0.06700   0.05924  -0.0481
  17.000   1.5806   0.06979   0.06214  -0.0479
  17.250   1.5789   0.07263   0.06506  -0.0479
  17.500   1.5773   0.07436   0.06686  -0.0477
  17.750   1.5738   0.07715   0.06974  -0.0479
  18.000   1.5657   0.08231   0.07506  -0.0490
  18.250   1.5507   0.09102   0.08404  -0.0515
  19.500   1.5264   0.10449   0.09792  -0.0558
