Smoothened XFOIL polar
 10-point moving average applied

   alpha    CL        CD       CDp       CM
  ------ -------- --------- --------- --------
 -13.500  -0.4128   0.16772   0.16322  -0.0168
 -13.250  -0.4066   0.16216   0.15771  -0.0169
 -13.000  -0.4015   0.15938   0.15496  -0.0172
 -12.750  -0.3967   0.15788   0.15346  -0.0176
 -12.500  -0.3917   0.15611   0.15170  -0.0181
 -12.250  -0.3828   0.15046   0.14609  -0.0185
 -11.750  -0.3756   0.14162   0.13732  -0.0188
 -11.000  -0.3714   0.13264   0.12846  -0.0198
  -9.000  -0.3642   0.12267   0.11865  -0.0200
  -8.250  -0.3579   0.11299   0.10914  -0.0190
  -8.000  -0.3596   0.10646   0.10280  -0.0136
  -7.000  -0.3608   0.10129   0.09775  -0.0127
  -6.500  -0.3859   0.09991   0.09649  -0.0092
  -6.250  -0.3535   0.09125   0.08783  -0.0178
  -5.500  -0.2990   0.07998   0.07668  -0.0340
  -5.000  -0.1808   0.06626   0.06256  -0.0601
  -2.750  -0.0176   0.05034   0.04591  -0.0896
  -2.500   0.1555   0.03567   0.03034  -0.1161
  -1.250   0.3087   0.02537   0.01914  -0.1342
  -1.000   0.4218   0.01882   0.01179  -0.1474
  -0.750   0.4710   0.01816   0.01070  -0.1484
  -0.500   0.5222   0.01655   0.00897  -0.1515
  -0.250   0.5411   0.01722   0.00991  -0.1514
   0.000   0.5773   0.01682   0.00942  -0.1535
   0.250   0.6195   0.01603   0.00887  -0.1559
   0.500   0.6637   0.01502   0.00830  -0.1580
   0.750   0.7105   0.01387   0.00768  -0.1601
   1.250   0.7563   0.01274   0.00707  -0.1619
   1.500   0.7988   0.01171   0.00652  -0.1637
   1.750   0.8457   0.01092   0.00601  -0.1659
   2.000   0.8934   0.01045   0.00552  -0.1688
   2.250   0.9430   0.01041   0.00518  -0.1719
   2.750   0.9974   0.01033   0.00493  -0.1747
   3.000   1.0471   0.01047   0.00481  -0.1763
   3.500   1.0877   0.01086   0.00481  -0.1763
   3.750   1.1164   0.01143   0.00495  -0.1746
   4.000   1.1328   0.01210   0.00518  -0.1717
   4.250   1.1483   0.01278   0.00543  -0.1688
   4.500   1.1597   0.01344   0.00569  -0.1661
   4.750   1.1750   0.01411   0.00599  -0.1638
   5.000   1.1907   0.01493   0.00637  -0.1617
   5.250   1.2045   0.01605   0.00695  -0.1594
   5.500   1.2174   0.01735   0.00767  -0.1569
   5.750   1.2310   0.01869   0.00852  -0.1545
   6.000   1.2459   0.01995   0.00947  -0.1521
   6.250   1.2627   0.02105   0.01046  -0.1500
   6.500   1.2810   0.02194   0.01142  -0.1479
   6.750   1.2998   0.02268   0.01238  -0.1459
   7.000   1.3171   0.02354   0.01347  -0.1436
   7.250   1.3317   0.02463   0.01478  -0.1408
   7.500   1.3425   0.02609   0.01641  -0.1374
   7.750   1.3482   0.02805   0.01843  -0.1331
