Smoothened XFOIL polar
 10-point moving average applied

   alpha    CL        CD       CDp       CM
  ------ -------- --------- --------- --------
 -19.500  -0.6224   0.23982   0.23561   0.0329
 -17.500  -0.4777   0.21244   0.20844   0.0085
 -16.500  -0.4137   0.19699   0.19306  -0.0031
 -15.500  -0.4052   0.18971   0.18574  -0.0059
 -15.000  -0.4269   0.18684   0.18280  -0.0039
 -14.750  -0.4406   0.18299   0.17890  -0.0027
 -13.750  -0.4263   0.17453   0.17045  -0.0062
 -13.500  -0.3919   0.16265   0.15864  -0.0123
 -11.500  -0.3769   0.15323   0.14922  -0.0144
 -11.000  -0.3471   0.13785   0.13403  -0.0188
 -10.000  -0.3477   0.12156   0.11816  -0.0237
  -9.500  -0.3173   0.09798   0.09444  -0.0343
  -5.750  -0.2478   0.07388   0.06981  -0.0496
  -5.250  -0.1535   0.04872   0.04378  -0.0670
  -3.750  -0.0600   0.02821   0.02226  -0.0825
  -3.500   0.0348   0.01392   0.00705  -0.0947
  -3.250   0.1129   0.01012   0.00259  -0.1005
  -3.000   0.1549   0.00867   0.00104  -0.1009
  -2.750   0.1716   0.01143   0.00421  -0.1008
  -2.500   0.2046   0.01123   0.00418  -0.1025
  -2.250   0.2358   0.01100   0.00412  -0.1038
  -2.000   0.2665   0.01075   0.00396  -0.1050
  -1.750   0.2915   0.01028   0.00383  -0.1054
  -1.500   0.3195   0.00969   0.00369  -0.1054
  -1.250   0.3505   0.00908   0.00356  -0.1053
  -1.000   0.3829   0.00851   0.00342  -0.1051
  -0.500   0.4161   0.00807   0.00328  -0.1048
  -0.250   0.4494   0.00782   0.00316  -0.1047
   0.000   0.4814   0.00777   0.00305  -0.1048
   0.250   0.5107   0.00789   0.00297  -0.1051
   0.500   0.5332   0.00795   0.00295  -0.1047
   0.750   0.5591   0.00799   0.00292  -0.1046
   1.000   0.5849   0.00804   0.00289  -0.1044
   1.250   0.6105   0.00810   0.00285  -0.1041
   1.500   0.6356   0.00818   0.00281  -0.1037
   1.750   0.6603   0.00829   0.00276  -0.1031
   2.000   0.6846   0.00843   0.00272  -0.1025
   2.250   0.7087   0.00860   0.00272  -0.1019
   2.500   0.7329   0.00878   0.00274  -0.1014
   2.750   0.7528   0.00894   0.00277  -0.1010
   3.000   0.7804   0.00919   0.00287  -0.1006
   3.250   0.8133   0.00951   0.00302  -0.1001
   3.500   0.8497   0.00983   0.00321  -0.0997
   4.250   0.8871   0.01014   0.00339  -0.0992
   4.500   0.9209   0.01072   0.00366  -0.0983
   4.750   0.9487   0.01157   0.00406  -0.0972
   5.000   0.9671   0.01258   0.00453  -0.0959
   5.250   0.9786   0.01364   0.00502  -0.0947
   5.500   0.9994   0.01475   0.00551  -0.0935
   5.750   1.0289   0.01593   0.00624  -0.0922
   6.250   1.0648   0.01698   0.00709  -0.0910
   6.750   1.1014   0.01821   0.00831  -0.0892
   7.250   1.1355   0.01976   0.01003  -0.0867
   7.500   1.1638   0.02176   0.01240  -0.0830
