Smoothened XFOIL polar
 10-point moving average applied

   alpha    CL        CD       CDp       CM
  ------ -------- --------- --------- --------
 -14.750  -0.3631   0.18049   0.17630  -0.0183
 -13.000  -0.3960   0.16860   0.16419  -0.0175
 -12.750  -0.4042   0.15890   0.15443  -0.0173
 -12.500  -0.3953   0.15074   0.14631  -0.0177
 -12.000  -0.3772   0.14347   0.13916  -0.0184
 -11.500  -0.3631   0.13737   0.13321  -0.0198
  -9.250  -0.3574   0.12755   0.12351  -0.0203
  -8.750  -0.3512   0.11804   0.11414  -0.0199
  -8.500  -0.3466   0.11036   0.10658  -0.0188
  -7.500  -0.3413   0.10534   0.10166  -0.0172
  -7.250  -0.3457   0.10341   0.09977  -0.0147
  -7.000  -0.3538   0.10047   0.09692  -0.0090
  -6.750  -0.3633   0.09840   0.09491  -0.0080
  -6.250  -0.3628   0.09487   0.09139  -0.0122
  -5.750  -0.3668   0.09040   0.08698  -0.0155
  -5.500  -0.3201   0.08186   0.07837  -0.0289
  -4.500  -0.2621   0.07247   0.06901  -0.0455
  -4.250  -0.1449   0.06088   0.05727  -0.0691
  -3.000  -0.0002   0.04829   0.04413  -0.0934
  -2.750   0.1465   0.03697   0.03203  -0.1134
  -1.250   0.2834   0.02807   0.02224  -0.1323
  -1.000   0.3997   0.02120   0.01455  -0.1451
  -0.750   0.4680   0.01876   0.01158  -0.1484
  -0.500   0.5279   0.01640   0.00890  -0.1529
  -0.250   0.5446   0.01692   0.00950  -0.1520
   0.000   0.5765   0.01680   0.00944  -0.1540
   0.250   0.6204   0.01597   0.00886  -0.1564
   0.500   0.6707   0.01487   0.00820  -0.1586
   0.750   0.7262   0.01362   0.00746  -0.1611
   1.500   0.7832   0.01237   0.00671  -0.1635
   1.750   0.8403   0.01128   0.00605  -0.1663
   2.000   0.8948   0.01048   0.00549  -0.1694
   2.250   0.9412   0.01015   0.00510  -0.1722
   2.500   0.9768   0.01026   0.00492  -0.1748
   2.750   1.0156   0.01026   0.00479  -0.1770
   3.000   1.0495   0.01039   0.00477  -0.1781
   3.250   1.0785   0.01064   0.00481  -0.1782
   3.500   1.1004   0.01106   0.00492  -0.1768
   3.750   1.1186   0.01159   0.00508  -0.1746
   4.000   1.1340   0.01222   0.00528  -0.1720
   4.250   1.1480   0.01288   0.00553  -0.1691
   4.500   1.1622   0.01354   0.00581  -0.1664
   4.750   1.1778   0.01419   0.00610  -0.1642
   5.000   1.1943   0.01490   0.00643  -0.1622
   5.250   1.2088   0.01593   0.00696  -0.1601
   5.500   1.2218   0.01718   0.00764  -0.1576
   5.750   1.2350   0.01850   0.00844  -0.1552
   6.000   1.2492   0.01978   0.00935  -0.1528
   6.250   1.2651   0.02091   0.01031  -0.1505
   6.500   1.2829   0.02185   0.01127  -0.1484
   6.750   1.3020   0.02259   0.01219  -0.1465
   7.000   1.3204   0.02335   0.01319  -0.1444
   7.250   1.3367   0.02428   0.01435  -0.1419
   7.500   1.3495   0.02548   0.01574  -0.1389
   7.750   1.3573   0.02710   0.01742  -0.1351
