Smoothened XFOIL polar
 10-point moving average applied

   alpha    CL        CD       CDp       CM
  ------ -------- --------- --------- --------
 -12.250  -0.3652   0.15602   0.15219  -0.0229
 -11.750  -0.3754   0.14757   0.14368  -0.0234
 -11.500  -0.3767   0.13966   0.13575  -0.0232
 -10.500  -0.3726   0.13195   0.12809  -0.0224
  -9.750  -0.3666   0.12416   0.12039  -0.0212
  -9.250  -0.3713   0.11544   0.11183  -0.0164
  -9.000  -0.3733   0.10560   0.10213  -0.0173
  -6.500  -0.3803   0.09803   0.09469  -0.0170
  -6.250  -0.3594   0.08816   0.08490  -0.0247
  -6.000  -0.3211   0.07798   0.07474  -0.0368
  -5.500  -0.2619   0.06862   0.06535  -0.0523
  -4.750  -0.2106   0.06308   0.05986  -0.0676
  -4.500  -0.1216   0.05392   0.05052  -0.0853
  -4.000  -0.0130   0.04443   0.04049  -0.1024
  -3.750   0.1240   0.03489   0.03018  -0.1230
  -2.000   0.2577   0.02766   0.02213  -0.1373
  -1.750   0.3969   0.02031   0.01398  -0.1531
  -1.000   0.5079   0.01560   0.00870  -0.1635
  -0.750   0.5795   0.01362   0.00640  -0.1681
  -0.500   0.6074   0.01434   0.00726  -0.1678
  -0.250   0.6566   0.01376   0.00702  -0.1710
   0.000   0.6961   0.01291   0.00664  -0.1731
   0.500   0.7415   0.01186   0.00616  -0.1752
   0.750   0.7847   0.01083   0.00568  -0.1769
   1.000   0.8252   0.00994   0.00522  -0.1783
   1.250   0.8608   0.00933   0.00486  -0.1793
   1.500   0.8901   0.00910   0.00457  -0.1798
   1.750   0.9217   0.00896   0.00427  -0.1809
   2.000   0.9587   0.00894   0.00410  -0.1824
   2.250   0.9954   0.00898   0.00401  -0.1832
   2.500   1.0319   0.00912   0.00398  -0.1836
   3.000   1.0645   0.00942   0.00402  -0.1830
   3.250   1.0924   0.00987   0.00414  -0.1815
   3.500   1.1152   0.01045   0.00432  -0.1794
   3.750   1.1334   0.01109   0.00454  -0.1770
   4.000   1.1468   0.01175   0.00479  -0.1746
   4.250   1.1629   0.01244   0.00507  -0.1724
   4.500   1.1777   0.01314   0.00532  -0.1706
   4.750   1.1945   0.01420   0.00583  -0.1686
   5.000   1.2124   0.01553   0.00657  -0.1661
   5.250   1.2316   0.01696   0.00746  -0.1635
   5.750   1.2523   0.01838   0.00850  -0.1609
   6.000   1.2737   0.01969   0.00966  -0.1583
   6.250   1.2957   0.02076   0.01079  -0.1561
   6.500   1.3152   0.02159   0.01185  -0.1540
   6.750   1.3319   0.02249   0.01301  -0.1516
   7.000   1.3450   0.02365   0.01435  -0.1485
   7.250   1.3535   0.02521   0.01592  -0.1445
