Smoothened XFOIL polar
 10-point moving average applied

   alpha    CL        CD       CDp       CM
  ------ -------- --------- --------- --------
 -19.250  -0.5946   0.23428   0.22961   0.0277
 -18.500  -0.5679   0.22892   0.22430   0.0229
 -18.000  -0.5382   0.22235   0.21777   0.0174
 -17.750  -0.5084   0.21490   0.21034   0.0118
 -17.250  -0.4817   0.20690   0.20236   0.0064
 -15.750  -0.4823   0.20045   0.19585   0.0050
 -15.000  -0.4513   0.19077   0.18621  -0.0014
 -14.250  -0.4421   0.18211   0.17754  -0.0043
 -14.000  -0.4451   0.17538   0.17078  -0.0048
 -13.500  -0.4121   0.16711   0.16260  -0.0096
 -12.500  -0.3959   0.15995   0.15550  -0.0118
 -12.250  -0.3774   0.16028   0.15589  -0.0119
 -11.750  -0.3718   0.15104   0.14703  -0.0149
 -11.500  -0.3411   0.13057   0.12649  -0.0243
 -11.250  -0.2848   0.10306   0.09841  -0.0377
  -4.750  -0.1922   0.07091   0.06547  -0.0553
  -3.750  -0.0860   0.04083   0.03449  -0.0728
  -3.250   0.0203   0.01731   0.01015  -0.0878
  -3.000   0.1101   0.00570  -0.00205  -0.0973
  -2.750   0.1516   0.01048   0.00250  -0.0968
  -2.500   0.1775   0.01257   0.00501  -0.0976
  -2.250   0.2094   0.01272   0.00535  -0.0998
  -2.000   0.2429   0.01240   0.00529  -0.1018
  -1.750   0.2763   0.01177   0.00511  -0.1035
  -1.500   0.3076   0.01106   0.00492  -0.1046
  -1.250   0.3377   0.01040   0.00477  -0.1053
  -1.000   0.3669   0.00983   0.00460  -0.1057
  -0.750   0.3957   0.00942   0.00443  -0.1059
  -0.500   0.4243   0.00921   0.00425  -0.1061
  -0.250   0.4527   0.00920   0.00407  -0.1062
   0.000   0.4800   0.00920   0.00394  -0.1063
   0.250   0.5069   0.00918   0.00384  -0.1063
   0.500   0.5334   0.00917   0.00376  -0.1062
   0.750   0.5595   0.00919   0.00372  -0.1060
   1.000   0.5854   0.00922   0.00368  -0.1057
   1.250   0.6113   0.00925   0.00365  -0.1055
   1.500   0.6371   0.00929   0.00361  -0.1052
   1.750   0.6624   0.00933   0.00354  -0.1048
   2.000   0.6872   0.00939   0.00347  -0.1041
   2.250   0.7115   0.00948   0.00340  -0.1034
   2.500   0.7289   0.00954   0.00332  -0.1027
   2.750   0.7572   0.00974   0.00333  -0.1019
   3.000   0.7894   0.00976   0.00332  -0.1015
   3.250   0.8326   0.01018   0.00349  -0.1006
   4.250   0.8843   0.01125   0.00399  -0.0989
   4.500   0.9387   0.01273   0.00474  -0.0967
   5.500   0.9861   0.01421   0.00535  -0.0946
   6.000   1.0307   0.01592   0.00626  -0.0923
   6.250   1.0761   0.00141  -0.00928  -0.0866
   6.500   1.1243   0.01338   0.00274  -0.0885
   7.250   1.0800   0.04204   0.03260  -0.0853
   7.500   1.0394   0.08519   0.07729  -0.0865
  15.500   1.0032   0.13912   0.13287  -0.0941
  17.000   0.9875   0.20125   0.19645  -0.1107
  18.750   1.0084   0.26900   0.26518  -0.1388
