Smoothened XFOIL polar
 10-point moving average applied

   alpha    CL        CD       CDp       CM
  ------ -------- --------- --------- --------
 -16.000  -0.3624   0.19300   0.18917  -0.0202
 -10.250  -0.3320   0.14516   0.14163  -0.0179
  -8.500  -0.3268   0.11683   0.11349  -0.0167
  -7.500  -0.3359   0.10297   0.09973  -0.0168
  -7.250  -0.3484   0.09854   0.09533  -0.0184
  -7.000  -0.3445   0.09761   0.09442  -0.0218
  -6.250  -0.3189   0.09214   0.08896  -0.0275
  -5.750  -0.2869   0.08676   0.08359  -0.0319
  -5.500  -0.2510   0.08043   0.07724  -0.0403
  -5.250  -0.2177   0.07546   0.07230  -0.0476
  -5.000  -0.1835   0.07039   0.06717  -0.0572
  -4.750  -0.1559   0.06495   0.06170  -0.0676
  -4.500  -0.1093   0.05834   0.05514  -0.0810
  -3.750  -0.0251   0.04941   0.04587  -0.0975
  -3.500   0.0818   0.03969   0.03551  -0.1143
  -2.500   0.1856   0.03142   0.02644  -0.1274
  -2.000   0.2827   0.02396   0.01811  -0.1404
  -1.750   0.3606   0.01920   0.01267  -0.1470
  -1.500   0.4244   0.01562   0.00857  -0.1527
  -1.250   0.4554   0.01518   0.00802  -0.1531
  -1.000   0.4856   0.01537   0.00843  -0.1539
  -0.750   0.5235   0.01469   0.00777  -0.1557
  -0.500   0.5621   0.01396   0.00709  -0.1576
  -0.250   0.6002   0.01330   0.00658  -0.1594
   0.000   0.6378   0.01261   0.00614  -0.1613
   0.250   0.6773   0.01190   0.00574  -0.1636
   0.500   0.7154   0.01113   0.00539  -0.1656
   0.750   0.7530   0.01037   0.00511  -0.1675
   1.000   0.7911   0.00974   0.00486  -0.1693
   1.250   0.8303   0.00929   0.00458  -0.1713
   1.500   0.8690   0.00901   0.00434  -0.1732
   1.750   0.9065   0.00890   0.00416  -0.1750
   2.000   0.9415   0.00899   0.00406  -0.1764
   2.250   0.9738   0.00923   0.00405  -0.1773
   2.500   1.0014   0.00947   0.00410  -0.1771
   2.750   1.0251   0.00977   0.00420  -0.1761
   3.000   1.0483   0.01007   0.00433  -0.1751
   3.250   1.0706   0.01040   0.00448  -0.1739
   3.500   1.0914   0.01076   0.00465  -0.1724
   3.750   1.1099   0.01119   0.00486  -0.1705
   4.000   1.1265   0.01170   0.00509  -0.1682
   4.250   1.1419   0.01226   0.00534  -0.1658
   4.500   1.1569   0.01285   0.00562  -0.1633
   4.750   1.1724   0.01343   0.00591  -0.1610
   5.000   1.1894   0.01396   0.00621  -0.1590
   5.250   1.2079   0.01446   0.00650  -0.1574
   5.500   1.2265   0.01499   0.00680  -0.1558
   5.750   1.2441   0.01564   0.00714  -0.1541
   6.000   1.2590   0.01659   0.00768  -0.1520
   6.250   1.2724   0.01773   0.00837  -0.1497
   6.500   1.2855   0.01891   0.00918  -0.1472
   6.750   1.2994   0.02004   0.01005  -0.1448
   7.000   1.3141   0.02087   0.01071  -0.1429
   7.250   1.3317   0.02178   0.01172  -0.1406
   7.500   1.3508   0.02259   0.01274  -0.1383
   7.750   1.3696   0.02364   0.01412  -0.1354
   8.250   1.3871   0.02513   0.01601  -0.1314
   8.500   1.4021   0.02723   0.01857  -0.1262
