Smoothened XFOIL polar
 10-point moving average applied

   alpha    CL        CD       CDp       CM
  ------ -------- --------- --------- --------
 -14.500  -0.3691   0.18600   0.18224  -0.0197
 -13.000  -0.3759   0.17268   0.16884  -0.0207
 -12.500  -0.3790   0.16173   0.15785  -0.0210
 -12.250  -0.3791   0.15266   0.14878  -0.0209
 -12.000  -0.3772   0.14496   0.14110  -0.0204
 -10.750  -0.3745   0.13830   0.13448  -0.0199
 -10.500  -0.3700   0.13154   0.12777  -0.0198
 -10.250  -0.3665   0.12404   0.12033  -0.0192
  -9.500  -0.3576   0.11798   0.11438  -0.0188
  -9.250  -0.3561   0.11395   0.11042  -0.0182
  -8.000  -0.3555   0.10840   0.10496  -0.0171
  -7.750  -0.3636   0.10475   0.10139  -0.0129
  -7.500  -0.3697   0.10143   0.09813  -0.0122
  -7.000  -0.3704   0.09695   0.09370  -0.0143
  -6.750  -0.3578   0.09217   0.08892  -0.0202
  -6.000  -0.3340   0.08673   0.08354  -0.0261
  -5.500  -0.2959   0.07940   0.07619  -0.0372
  -5.000  -0.2422   0.07156   0.06833  -0.0505
  -4.750  -0.1890   0.06397   0.06069  -0.0637
  -4.250  -0.1449   0.05789   0.05468  -0.0751
  -3.750  -0.0419   0.04881   0.04520  -0.0937
  -3.500   0.0942   0.03894   0.03463  -0.1129
  -2.500   0.2468   0.02949   0.02438  -0.1308
  -0.750   0.3838   0.02251   0.01665  -0.1431
  -0.500   0.5107   0.01658   0.01008  -0.1542
  -0.250   0.6075   0.01329   0.00633  -0.1601
   0.000   0.6600   0.01246   0.00540  -0.1623
   0.500   0.6789   0.01297   0.00637  -0.1625
   0.750   0.7297   0.01193   0.00573  -0.1654
   1.000   0.7808   0.01091   0.00517  -0.1680
   1.250   0.8322   0.00999   0.00474  -0.1711
   1.750   0.8785   0.00935   0.00447  -0.1738
   2.000   0.9259   0.00892   0.00420  -0.1764
   2.250   0.9682   0.00884   0.00400  -0.1782
   2.500   1.0051   0.00897   0.00390  -0.1797
   2.750   1.0331   0.00921   0.00396  -0.1803
   3.000   1.0592   0.00949   0.00403  -0.1799
   3.250   1.0794   0.00993   0.00417  -0.1782
   3.500   1.0966   0.01048   0.00434  -0.1759
   3.750   1.1117   0.01110   0.00456  -0.1732
   4.000   1.1260   0.01176   0.00481  -0.1704
   4.250   1.1409   0.01241   0.00508  -0.1679
   4.500   1.1559   0.01294   0.00527  -0.1661
   4.750   1.1731   0.01388   0.00572  -0.1641
   5.000   1.1914   0.01511   0.00638  -0.1618
   5.250   1.2104   0.01649   0.00721  -0.1592
   5.750   1.2307   0.01788   0.00814  -0.1566
   6.000   1.2503   0.01909   0.00908  -0.1543
   6.250   1.2728   0.02019   0.01015  -0.1519
   6.500   1.2943   0.02099   0.01117  -0.1498
   6.750   1.3149   0.02199   0.01245  -0.1470
   7.250   1.3343   0.02341   0.01413  -0.1433
   7.500   1.3519   0.02550   0.01633  -0.1381
