Smoothened XFOIL polar
 10-point moving average applied

   alpha    CL        CD       CDp       CM
  ------ -------- --------- --------- --------
 -19.750  -0.5692   0.23936   0.23249   0.0069
 -19.500  -0.5293   0.23812   0.23138  -0.0000
 -18.750  -0.4878   0.22852   0.22195  -0.0065
 -16.750  -0.4476   0.21331   0.20690  -0.0122
 -16.000  -0.4114   0.19521   0.18897  -0.0170
 -13.250  -0.3855   0.17906   0.17294  -0.0210
 -12.000  -0.3805   0.16491   0.15884  -0.0222
 -11.750  -0.3517   0.15206   0.14614  -0.0244
 -11.500  -0.3512   0.14395   0.13807  -0.0251
 -10.750  -0.3627   0.13951   0.13360  -0.0238
 -10.500  -0.3662   0.13580   0.12991  -0.0238
 -10.000  -0.3589   0.12942   0.12361  -0.0231
  -9.750  -0.3485   0.12355   0.11787  -0.0225
  -9.000  -0.3482   0.11886   0.11330  -0.0214
  -8.000  -0.3539   0.11441   0.10899  -0.0203
  -7.500  -0.3594   0.11025   0.10496  -0.0186
  -7.250  -0.3671   0.10726   0.10209  -0.0172
  -7.000  -0.3720   0.10511   0.10002  -0.0156
  -6.750  -0.3738   0.10338   0.09833  -0.0140
  -6.500  -0.3707   0.10135   0.09634  -0.0118
  -6.250  -0.3698   0.09901   0.09406  -0.0095
  -6.000  -0.3673   0.09577   0.09088  -0.0104
  -5.750  -0.3745   0.09268   0.08790  -0.0103
  -5.000  -0.3568   0.08652   0.08180  -0.0154
  -4.250  -0.3513   0.08068   0.07631  -0.0186
  -3.750  -0.2867   0.07090   0.06636  -0.0317
  -2.500  -0.1707   0.05926   0.05407  -0.0515
  -2.250  -0.0267   0.04818   0.04204  -0.0738
  -1.000   0.1218   0.03849   0.03128  -0.0952
  -0.500   0.2584   0.03085   0.02260  -0.1145
  -0.250   0.3576   0.02699   0.01804  -0.1256
   0.000   0.4307   0.02495   0.01554  -0.1330
   0.250   0.4479   0.02650   0.01758  -0.1314
   0.500   0.4865   0.02591   0.01750  -0.1340
   0.750   0.5234   0.02572   0.01790  -0.1365
   1.000   0.5690   0.02390   0.01672  -0.1390
   1.250   0.6180   0.02235   0.01565  -0.1416
   1.500   0.6691   0.02111   0.01467  -0.1441
   2.000   0.7227   0.02024   0.01382  -0.1470
   2.250   0.7666   0.01995   0.01323  -0.1492
   2.500   0.8241   0.01947   0.01264  -0.1525
   2.750   0.8869   0.01902   0.01213  -0.1561
   3.000   0.9491   0.01885   0.01189  -0.1597
   3.750   1.0198   0.01724   0.01026  -0.1636
   4.000   1.0836   0.01646   0.00938  -0.1667
   4.250   1.1344   0.01607   0.00876  -0.1681
   4.500   1.1681   0.01612   0.00849  -0.1677
   4.750   1.1801   0.01665   0.00862  -0.1651
   5.000   1.1968   0.01716   0.00869  -0.1624
   5.250   1.2114   0.01776   0.00887  -0.1595
   5.500   1.2248   0.01850   0.00920  -0.1566
   5.750   1.2393   0.01928   0.00966  -0.1541
   6.000   1.2539   0.02013   0.01019  -0.1516
   6.250   1.2656   0.02135   0.01093  -0.1488
   6.500   1.2763   0.02284   0.01190  -0.1458
   6.750   1.2870   0.02449   0.01309  -0.1429
   7.000   1.2980   0.02619   0.01447  -0.1400
   7.250   1.3096   0.02786   0.01599  -0.1371
   7.500   1.3230   0.02954   0.01765  -0.1343
   7.750   1.3226   0.03043   0.01874  -0.1297
   8.000   1.3288   0.03179   0.02039  -0.1259
   8.250   1.3365   0.03386   0.02274  -0.1223
   8.500   1.3607   0.03741   0.02668  -0.1207
   8.750   1.4099   0.04306   0.03284  -0.1221
   9.000   1.4930   0.05141   0.04185  -0.1276
