#  r/R     chord/R  Twist [deg] Sweep/R   airfoil
0.160000  0.140500  33.964200  0.067967  Airfoil_rR0.160000.txt
0.176550  0.151883  35.082200  0.070383  Airfoil_rR0.176550.txt
0.202683  0.167833  34.733200  0.073783  Airfoil_rR0.202683.txt
0.229383  0.181650  32.457600  0.076733  Airfoil_rR0.229383.txt
0.256067  0.192933  29.671800  0.079167  Airfoil_rR0.256067.txt
0.282767  0.201733  27.291900  0.081133  Airfoil_rR0.282767.txt
0.309450  0.208067  25.241900  0.082617  Airfoil_rR0.309450.txt
0.336133  0.211950  23.462000  0.083633  Airfoil_rR0.336133.txt
0.362833  0.213383  21.904900  0.084217  Airfoil_rR0.362833.txt
0.389517  0.212417  20.533200  0.084367  Airfoil_rR0.389517.txt
0.416200  0.210250  19.317000  0.084100  Airfoil_rR0.416200.txt
0.442900  0.207533  18.232100  0.083417  Airfoil_rR0.442900.txt
0.469583  0.204283  17.259100  0.082367  Airfoil_rR0.469583.txt
0.496283  0.200533  16.381900  0.080933  Airfoil_rR0.496283.txt
0.522967  0.196300  15.587500  0.079150  Airfoil_rR0.522967.txt
0.549650  0.191583  14.865000  0.077033  Airfoil_rR0.549650.txt
0.576350  0.186433  14.205100  0.074567  Airfoil_rR0.576350.txt
0.603033  0.180833  13.600200  0.071800  Airfoil_rR0.603033.txt
0.629717  0.174833  13.043900  0.068750  Airfoil_rR0.629717.txt
0.656417  0.168433  12.530700  0.065400  Airfoil_rR0.656417.txt
0.683100  0.161650  12.055700  0.061783  Airfoil_rR0.683100.txt
0.709800  0.154517  11.614900  0.057917  Airfoil_rR0.709800.txt
0.736483  0.147033  11.204800  0.053800  Airfoil_rR0.736483.txt
0.763167  0.139250  10.822400  0.049467  Airfoil_rR0.763167.txt
0.789867  0.131150  10.464900  0.044917  Airfoil_rR0.789867.txt
0.816550  0.122767  10.130100  0.040183  Airfoil_rR0.816550.txt
0.843233  0.114117  9.815800  0.035267  Airfoil_rR0.843233.txt
0.869933  0.105217  9.520200  0.030183  Airfoil_rR0.869933.txt
0.896617  0.096100  9.241800  0.024950  Airfoil_rR0.896617.txt
0.923317  0.086767  8.979100  0.019583  Airfoil_rR0.923317.txt
0.948867  0.077633  8.741000  0.014300  Airfoil_rR0.948867.txt
0.955050  0.074900  8.685300  0.012517  Airfoil_rR0.955050.txt
0.960100  0.072117  8.640300  0.010517  Airfoil_rR0.960100.txt
0.965150  0.068767  8.595700  0.007950  Airfoil_rR0.965150.txt
0.970200  0.064767  8.551700  0.004750  Airfoil_rR0.970200.txt
0.975250  0.059983  8.508000  0.000783  Airfoil_rR0.975250.txt
0.980300  0.054183  8.464800  -0.004200  Airfoil_rR0.980300.txt
0.985350  0.046933  8.422100  -0.010600  Airfoil_rR0.985350.txt
0.990400  0.037167  8.379700  -0.019500  Airfoil_rR0.990400.txt
0.995450  0.020783  8.337800  -0.034933  Airfoil_rR0.995450.txt
1.000000  0.002950  8.304600  -0.051900  Airfoil_rR1.000000.txt